StringID	Type	x	y	demand	ReadyTime	DueDate	ServiceTime	altitude
D0	d	0.50000000	0.50000000	0.00000000	0.00000000	10.00000000	0.00000000	0.00000000
S0	f	0.67704345	0.56820932	0.00000000	0.00000000	10.00000000	0.00000000	0.00000000
S1	f	0.27546941	0.25811590	0.00000000	0.00000000	10.00000000	0.00000000	0.00000000
S2	f	0.04813970	0.09753096	0.00000000	0.00000000	10.00000000	0.00000000	0.00000000
S3	f	0.81653321	0.83006907	0.00000000	0.00000000	10.00000000	0.00000000	0.00000000
S4	f	0.14754678	0.04462740	0.00000000	0.00000000	10.00000000	0.00000000	0.00000000
S5	f	0.38591926	0.01420268	0.00000000	0.00000000	10.00000000	0.00000000	0.00000000
C1	c	0.34686381	0.52603867	0.18815500	0.00000000	8.00000000	0.01550059	0.00000000
C2	c	0.31350936	0.42111676	0.03612040	0.10000000	8.10000000	0.02010453	0.00000000
C3	c	0.36543208	0.54547612	0.26440525	0.20000000	8.20000000	0.01101732	0.00000000
C4	c	0.37143256	0.49741516	0.20275452	0.30000000	8.30000000	0.01325489	0.00000000
C5	c	0.37593104	0.54905686	0.21707543	0.40000000	8.40000000	0.01221057	0.00000000
C6	c	0.33881260	0.52358354	0.02973712	0.50000000	8.50000000	0.01138196	0.00000000
C7	c	0.27379647	0.54153692	0.20689419	0.60000000	8.60000000	0.01994211	0.00000000
C8	c	0.03201533	0.05791740	0.20906093	0.70000000	8.70000000	0.02806084	0.00000000
C9	c	0.03954400	0.03961772	0.18208294	0.80000000	8.80000000	0.01003429	0.00000000
C10	c	0.04249891	0.20444019	0.21043914	0.90000000	8.90000000	0.02971189	0.00000000
C11	c	0.04407934	0.18544907	0.13726309	1.00000000	9.00000000	0.01800742	0.00000000
C12	c	0.00000000	0.21941641	0.14001586	1.10000000	9.10000000	0.01310996	0.00000000
C13	c	0.00000000	0.10287826	0.14054217	1.20000000	9.20000000	0.02437534	0.00000000
C14	c	0.85758514	0.52109668	0.16801952	1.30000000	9.30000000	0.02297725	0.00000000
C15	c	0.80688149	0.49123061	0.17859531	1.40000000	9.40000000	0.01887459	0.00000000
C16	c	0.78835641	0.45480727	0.08012082	1.50000000	9.50000000	0.02575102	0.00000000
C17	c	0.84681169	0.46840975	0.14061966	1.60000000	9.60000000	0.01042102	0.00000000
C18	c	0.15992312	0.53840434	0.18076341	1.70000000	9.70000000	0.02571962	0.00000000
C19	c	0.21724529	0.58856156	0.26544066	1.80000000	9.80000000	0.02263214	0.00000000
C20	c	0.18076330	0.55349840	0.10232525	1.90000000	9.90000000	0.02258202	0.00000000
C21	c	0.16455779	0.57501896	0.11164977	2.00000000	10.00000000	0.02636877	0.00000000
C22	c	0.30171549	0.52800463	0.02035926	2.00000000	10.00000000	0.02909976	0.00000000
C23	c	0.35777709	0.92707137	0.21473657	2.00000000	10.00000000	0.02473339	0.00000000
C24	c	0.43664029	0.82782148	0.23504421	2.00000000	10.00000000	0.02453917	0.00000000
C25	c	0.41683932	0.93084299	0.05652144	2.00000000	10.00000000	0.01420773	0.00000000
C26	c	0.38967273	0.94154238	0.06394642	2.00000000	10.00000000	0.02800681	0.00000000
C27	c	0.34381976	0.99296204	0.17226362	2.00000000	10.00000000	0.01214383	0.00000000
C28	c	0.43063713	0.98540049	0.10888685	2.00000000	10.00000000	0.01152443	0.00000000
C29	c	0.42850926	0.95591875	0.09394117	2.00000000	10.00000000	0.01041277	0.00000000
C30	c	0.40719637	0.91575830	0.14222001	2.00000000	10.00000000	0.01650823	0.00000000

Q Vehicle fuel tank capacity /0.40000000/
C Vehicle load capacity /1.50000000/
r fuel consumption rate /0.25000000/
g inverse refueling rate /1.00000000/
v average Velocity /1.00000000/
