StringID	Type	x	y	demand	ReadyTime	DueDate	ServiceTime	altitude
D0	d	0.50000000	0.50000000	0.00000000	0.00000000	10.00000000	0.00000000	0.00000000
S0	f	0.33993761	0.76756201	0.00000000	0.00000000	10.00000000	0.00000000	0.00000000
S1	f	0.18576168	0.21711631	0.00000000	0.00000000	10.00000000	0.00000000	0.00000000
S2	f	0.12503173	0.26971862	0.00000000	0.00000000	10.00000000	0.00000000	0.00000000
S3	f	0.52188012	0.27465954	0.00000000	0.00000000	10.00000000	0.00000000	0.00000000
S4	f	0.58954269	0.13425982	0.00000000	0.00000000	10.00000000	0.00000000	0.00000000
S5	f	0.37405958	0.25919233	0.00000000	0.00000000	10.00000000	0.00000000	0.00000000
S6	f	0.60732169	0.39232969	0.00000000	0.00000000	10.00000000	0.00000000	0.00000000
S7	f	0.45491778	0.17698919	0.00000000	0.00000000	10.00000000	0.00000000	0.00000000
S8	f	0.60209703	0.85321144	0.00000000	0.00000000	10.00000000	0.00000000	0.00000000
S9	f	0.30769337	0.27615706	0.00000000	0.00000000	10.00000000	0.00000000	0.00000000
C1	c	0.40068541	0.41172614	0.08740634	0.00000000	8.00000000	0.01398537	0.00000000
C2	c	0.50522413	0.33713814	0.02300953	0.06000000	8.06000000	0.01545917	0.00000000
C3	c	0.30537762	0.46964676	0.10846327	0.12000000	8.12000000	0.02630343	0.00000000
C4	c	0.43101033	0.36642571	0.13114253	0.18000000	8.18000000	0.02653886	0.00000000
C5	c	0.39143697	0.50056817	0.16148374	0.24000000	8.24000000	0.01706643	0.00000000
C6	c	0.41204312	0.72495989	0.12991510	0.30000000	8.30000000	0.01977809	0.00000000
C7	c	0.33222246	0.69865464	0.03751205	0.36000000	8.36000000	0.02961735	0.00000000
C8	c	0.26975660	0.75072885	0.05818422	0.42000000	8.42000000	0.01293275	0.00000000
C9	c	0.27531438	0.77923038	0.06960167	0.48000000	8.48000000	0.02023709	0.00000000
C10	c	0.40841371	0.79021848	0.10865251	0.54000000	8.54000000	0.01458413	0.00000000
C11	c	0.35905056	0.71033140	0.14355038	0.60000000	8.60000000	0.01123264	0.00000000
C12	c	0.40201977	0.59287737	0.02724673	0.66000000	8.66000000	0.02528863	0.00000000
C13	c	0.27426112	0.64673262	0.07573936	0.72000000	8.72000000	0.01364715	0.00000000
C14	c	0.33938897	0.62653885	0.10009325	0.78000000	8.78000000	0.01870820	0.00000000
C15	c	0.24587746	0.67125753	0.14165885	0.84000000	8.84000000	0.01673075	0.00000000
C16	c	0.32346590	0.65660531	0.04893243	0.90000000	8.90000000	0.01600034	0.00000000
C17	c	0.85697497	0.47919693	0.17792360	0.96000000	8.96000000	0.02475838	0.00000000
C18	c	0.77418098	0.43630435	0.06180895	1.02000000	9.02000000	0.01372847	0.00000000
C19	c	0.80004844	0.43931971	0.08250425	1.08000000	9.08000000	0.02438421	0.00000000
C20	c	0.83630260	0.45462103	0.05448037	1.14000000	9.14000000	0.02446528	0.00000000
C21	c	0.84154604	0.38708309	0.08689067	1.20000000	9.20000000	0.01592555	0.00000000
C22	c	0.91014517	0.38414734	0.17818705	1.26000000	9.26000000	0.01148353	0.00000000
C23	c	0.90521714	0.44965006	0.16004557	1.32000000	9.32000000	0.01588882	0.00000000
C24	c	0.84155877	0.42016968	0.09149394	1.38000000	9.38000000	0.02516053	0.00000000
C25	c	0.81375203	0.45209067	0.05660994	1.44000000	9.44000000	0.02603284	0.00000000
C26	c	0.81740985	0.31146398	0.02058443	1.50000000	9.50000000	0.02671648	0.00000000
C27	c	0.75360028	0.44242415	0.06466258	1.56000000	9.56000000	0.01712065	0.00000000
C28	c	0.80482365	0.44126481	0.10444908	1.62000000	9.62000000	0.01337153	0.00000000
C29	c	0.81740552	0.38763441	0.13167391	1.68000000	9.68000000	0.01734176	0.00000000
C30	c	0.83845685	0.37015247	0.02810523	1.74000000	9.74000000	0.02626532	0.00000000
C31	c	0.77780271	0.38068336	0.02272681	1.80000000	9.80000000	0.02688929	0.00000000
C32	c	0.86139665	0.42995852	0.02571805	1.86000000	9.86000000	0.02771591	0.00000000
C33	c	0.62710796	0.03112042	0.08409482	1.92000000	9.92000000	0.01864630	0.00000000
C34	c	0.75616708	0.14827638	0.01682408	1.98000000	9.98000000	0.01782560	0.00000000
C35	c	0.61198382	0.00308785	0.10220385	2.00000000	10.00000000	0.01911872	0.00000000
C36	c	0.62422775	0.09171196	0.07517193	2.00000000	10.00000000	0.02359058	0.00000000
C37	c	0.68904053	0.16177459	0.06558857	2.00000000	10.00000000	0.02868799	0.00000000
C38	c	0.66186524	0.03401994	0.13810713	2.00000000	10.00000000	0.02458791	0.00000000
C39	c	0.67365831	0.14403412	0.16909567	2.00000000	10.00000000	0.01687365	0.00000000
C40	c	0.64329066	0.03413366	0.15707619	2.00000000	10.00000000	0.01088135	0.00000000
C41	c	0.66488475	0.45724318	0.12761241	2.00000000	10.00000000	0.01196677	0.00000000
C42	c	0.69726132	0.51618323	0.03839165	2.00000000	10.00000000	0.02174927	0.00000000
C43	c	0.59597250	0.50441616	0.09018881	2.00000000	10.00000000	0.02887331	0.00000000
C44	c	0.61921563	0.48883089	0.01231940	2.00000000	10.00000000	0.01939837	0.00000000
C45	c	0.59015662	0.42861077	0.15923411	2.00000000	10.00000000	0.01472855	0.00000000
C46	c	0.59331374	0.47060190	0.16796369	2.00000000	10.00000000	0.02559420	0.00000000
C47	c	0.66090624	0.43794630	0.10139425	2.00000000	10.00000000	0.01103370	0.00000000
C48	c	0.63095474	0.58511773	0.02327905	2.00000000	10.00000000	0.01777631	0.00000000
C49	c	0.62931952	0.45426385	0.03598231	2.00000000	10.00000000	0.02448220	0.00000000
C50	c	0.65873816	0.57877934	0.13501569	2.00000000	10.00000000	0.01192586	0.00000000

Q Vehicle fuel tank capacity /0.40000000/
C Vehicle load capacity /1.50000000/
r fuel consumption rate /0.25000000/
g inverse refueling rate /1.00000000/
v average Velocity /1.00000000/
