StringID	Type	x	y	demand	ReadyTime	DueDate	ServiceTime	altitude
D0	d	0.50000000	0.50000000	0.00000000	0.00000000	10.00000000	0.00000000	0.00000000
S0	f	0.25325179	0.77708675	0.00000000	0.00000000	10.00000000	0.00000000	0.00000000
S1	f	0.00775360	0.13633153	0.00000000	0.00000000	10.00000000	0.00000000	0.00000000
S2	f	0.40848202	0.28458507	0.00000000	0.00000000	10.00000000	0.00000000	0.00000000
S3	f	0.44746763	0.38607451	0.00000000	0.00000000	10.00000000	0.00000000	0.00000000
S4	f	0.77045945	0.31705438	0.00000000	0.00000000	10.00000000	0.00000000	0.00000000
S5	f	0.11200298	0.97774831	0.00000000	0.00000000	10.00000000	0.00000000	0.00000000
S6	f	0.35720059	0.91676430	0.00000000	0.00000000	10.00000000	0.00000000	0.00000000
S7	f	0.45780567	0.68284583	0.00000000	0.00000000	10.00000000	0.00000000	0.00000000
S8	f	0.56345340	0.97320365	0.00000000	0.00000000	10.00000000	0.00000000	0.00000000
S9	f	0.01596927	0.18403301	0.00000000	0.00000000	10.00000000	0.00000000	0.00000000
C1	c	0.57682418	0.23253807	0.09663189	0.00000000	8.00000000	0.02031523	0.00000000
C2	c	0.51284602	0.24734444	0.11598683	0.06000000	8.06000000	0.01184029	0.00000000
C3	c	0.48294329	0.16930528	0.03283311	0.12000000	8.12000000	0.02394414	0.00000000
C4	c	0.45416993	0.20944008	0.01919282	0.18000000	8.18000000	0.02075014	0.00000000
C5	c	0.48094558	0.25615313	0.05828244	0.24000000	8.24000000	0.01343680	0.00000000
C6	c	0.00000000	1.00000000	0.11168024	0.30000000	8.30000000	0.01053961	0.00000000
C7	c	0.00000000	0.92453921	0.10887373	0.36000000	8.36000000	0.02247547	0.00000000
C8	c	0.01530384	0.95192109	0.09285888	0.42000000	8.42000000	0.02746012	0.00000000
C9	c	0.00000000	0.92464075	0.04355093	0.48000000	8.48000000	0.01542675	0.00000000
C10	c	0.04552052	1.00000000	0.04735191	0.54000000	8.54000000	0.01648625	0.00000000
C11	c	0.05018776	0.96135037	0.03048092	0.60000000	8.60000000	0.02083494	0.00000000
C12	c	0.04097855	0.87304817	0.08870453	0.66000000	8.66000000	0.02041350	0.00000000
C13	c	0.00000000	0.93701273	0.17235842	0.72000000	8.72000000	0.01204639	0.00000000
C14	c	0.04011033	0.98765035	0.14103178	0.78000000	8.78000000	0.02051598	0.00000000
C15	c	0.77855606	0.87094480	0.13204285	0.84000000	8.84000000	0.02433584	0.00000000
C16	c	0.69966393	0.88130092	0.11373598	0.90000000	8.90000000	0.02385264	0.00000000
C17	c	0.56018250	0.20606791	0.01808319	0.96000000	8.96000000	0.02766214	0.00000000
C18	c	0.61367371	0.17933581	0.11614598	1.02000000	9.02000000	0.02273297	0.00000000
C19	c	0.63911938	0.24156321	0.02917206	1.08000000	9.08000000	0.01859570	0.00000000
C20	c	0.57608379	0.15305264	0.13903644	1.14000000	9.14000000	0.01665762	0.00000000
C21	c	0.66480412	0.21289855	0.13639617	1.20000000	9.20000000	0.02560744	0.00000000
C22	c	0.60729167	0.29070365	0.16685338	1.26000000	9.26000000	0.01350162	0.00000000
C23	c	0.34699621	0.58760616	0.07539463	1.32000000	9.32000000	0.01229519	0.00000000
C24	c	0.31898451	0.64423480	0.03258850	1.38000000	9.38000000	0.02103082	0.00000000
C25	c	0.32590221	0.61409709	0.17194271	1.44000000	9.44000000	0.02994096	0.00000000
C26	c	0.35941503	0.54958030	0.05167905	1.50000000	9.50000000	0.01468781	0.00000000
C27	c	0.39088374	0.65587266	0.08708942	1.56000000	9.56000000	0.01893848	0.00000000
C28	c	0.39235151	0.58550634	0.06170806	1.62000000	9.62000000	0.02644383	0.00000000
C29	c	0.34213676	0.58063991	0.05769069	1.68000000	9.68000000	0.02820715	0.00000000
C30	c	0.22785313	0.59296295	0.08324793	1.74000000	9.74000000	0.01387806	0.00000000
C31	c	0.22866379	0.60672663	0.06814979	1.80000000	9.80000000	0.02006628	0.00000000
C32	c	0.16457128	0.86815532	0.16495379	1.86000000	9.86000000	0.01644593	0.00000000
C33	c	0.14290470	0.94860068	0.15652888	1.92000000	9.92000000	0.01226836	0.00000000
C34	c	0.13639452	0.83469214	0.05408854	1.98000000	9.98000000	0.01533018	0.00000000
C35	c	0.19632985	0.88120621	0.05760801	2.00000000	10.00000000	0.02737741	0.00000000
C36	c	0.22695531	0.93591505	0.13043208	2.00000000	10.00000000	0.02570164	0.00000000
C37	c	0.16361710	0.89656720	0.12701219	2.00000000	10.00000000	0.01652982	0.00000000
C38	c	0.11327379	0.85122444	0.02441321	2.00000000	10.00000000	0.02780993	0.00000000
C39	c	0.21863640	0.85193404	0.09243396	2.00000000	10.00000000	0.02055870	0.00000000
C40	c	0.67781682	0.86156822	0.01346028	2.00000000	10.00000000	0.02391757	0.00000000
C41	c	0.62077163	0.84596805	0.09013037	2.00000000	10.00000000	0.02304405	0.00000000
C42	c	0.64773317	0.77320569	0.12471964	2.00000000	10.00000000	0.01793564	0.00000000
C43	c	0.62198825	0.86615981	0.12724393	2.00000000	10.00000000	0.01944702	0.00000000
C44	c	0.54990778	0.85359953	0.16543568	2.00000000	10.00000000	0.01508496	0.00000000
C45	c	0.49617492	0.93710946	0.04415391	2.00000000	10.00000000	0.01781642	0.00000000
C46	c	0.62614258	0.79117910	0.14670776	2.00000000	10.00000000	0.01356168	0.00000000
C47	c	0.63139615	0.88990709	0.06532635	2.00000000	10.00000000	0.01247868	0.00000000
C48	c	0.61997171	0.84853878	0.12250779	2.00000000	10.00000000	0.02854591	0.00000000
C49	c	0.50042747	0.84398809	0.03829232	2.00000000	10.00000000	0.02958865	0.00000000
C50	c	0.67143062	0.84867312	0.05377607	2.00000000	10.00000000	0.02047116	0.00000000

Q Vehicle fuel tank capacity /0.40000000/
C Vehicle load capacity /1.50000000/
r fuel consumption rate /0.25000000/
g inverse refueling rate /1.00000000/
v average Velocity /1.00000000/
