StringID	Type	x	y	demand	ReadyTime	DueDate	ServiceTime	altitude
D0	d	0.50000000	0.50000000	0.00000000	0.00000000	10.00000000	0.00000000	0.00000000
S0	f	0.54964020	0.45157764	0.00000000	0.00000000	10.00000000	0.00000000	0.00000000
S1	f	0.10120406	0.53334728	0.00000000	0.00000000	10.00000000	0.00000000	0.00000000
S2	f	0.63459288	0.49669464	0.00000000	0.00000000	10.00000000	0.00000000	0.00000000
S3	f	0.52368919	0.38853984	0.00000000	0.00000000	10.00000000	0.00000000	0.00000000
S4	f	0.66257739	0.06250883	0.00000000	0.00000000	10.00000000	0.00000000	0.00000000
S5	f	0.76276589	0.38159385	0.00000000	0.00000000	10.00000000	0.00000000	0.00000000
C1	c	0.40489869	0.11693061	0.03884505	0.00000000	8.00000000	0.02495899	0.00000000
C2	c	0.38754881	0.04750579	0.27738574	0.10000000	8.10000000	0.01951674	0.00000000
C3	c	0.38299948	0.00828153	0.27815262	0.20000000	8.20000000	0.01231591	0.00000000
C4	c	0.40376186	0.03559426	0.06330673	0.30000000	8.30000000	0.02341003	0.00000000
C5	c	0.36840061	0.01403246	0.24854225	0.40000000	8.40000000	0.01596879	0.00000000
C6	c	0.32772671	0.00479811	0.21101027	0.50000000	8.50000000	0.02882200	0.00000000
C7	c	0.34808182	0.29393722	0.04989614	0.60000000	8.60000000	0.02886893	0.00000000
C8	c	0.34180345	0.27404255	0.14903362	0.70000000	8.70000000	0.02769562	0.00000000
C9	c	0.29722977	0.22180222	0.07324395	0.80000000	8.80000000	0.02738093	0.00000000
C10	c	0.29409181	0.27986077	0.22906602	0.90000000	8.90000000	0.01411200	0.00000000
C11	c	0.27294525	0.25506306	0.09662865	1.00000000	9.00000000	0.01675727	0.00000000
C12	c	0.29459888	0.16973300	0.20643729	1.10000000	9.10000000	0.01570085	0.00000000
C13	c	0.36492179	0.96574961	0.02053610	1.20000000	9.20000000	0.01240491	0.00000000
C14	c	0.31208431	0.99373430	0.09553774	1.30000000	9.30000000	0.01359045	0.00000000
C15	c	0.28508988	0.91215833	0.26575653	1.40000000	9.40000000	0.02180956	0.00000000
C16	c	0.86403303	0.87272608	0.14765488	1.50000000	9.50000000	0.01512912	0.00000000
C17	c	0.95136323	0.95326299	0.28826693	1.60000000	9.60000000	0.02309478	0.00000000
C18	c	0.85173007	0.91944098	0.05597035	1.70000000	9.70000000	0.01233881	0.00000000
C19	c	0.88660458	0.87148008	0.26258272	1.80000000	9.80000000	0.01885647	0.00000000
C20	c	0.99139330	0.78257361	0.20577507	1.90000000	9.90000000	0.01293713	0.00000000
C21	c	0.97641710	0.93394109	0.02384260	2.00000000	10.00000000	0.02514025	0.00000000
C22	c	0.90765116	0.92714014	0.11700833	2.00000000	10.00000000	0.01981838	0.00000000
C23	c	0.82930109	0.87888142	0.25964692	2.00000000	10.00000000	0.01183816	0.00000000
C24	c	0.22950105	0.86958387	0.22262998	2.00000000	10.00000000	0.02670903	0.00000000
C25	c	0.17503374	0.92095714	0.14454062	2.00000000	10.00000000	0.02972283	0.00000000
C26	c	0.07628027	0.95729050	0.08549191	2.00000000	10.00000000	0.01329710	0.00000000
C27	c	0.11569561	0.94129019	0.09144986	2.00000000	10.00000000	0.01181626	0.00000000
C28	c	0.14306451	0.90216198	0.03987211	2.00000000	10.00000000	0.01004551	0.00000000
C29	c	0.19147009	0.95126079	0.06280796	2.00000000	10.00000000	0.02487805	0.00000000
C30	c	0.14925034	0.98889570	0.18908108	2.00000000	10.00000000	0.02208777	0.00000000

Q Vehicle fuel tank capacity /0.40000000/
C Vehicle load capacity /1.50000000/
r fuel consumption rate /0.25000000/
g inverse refueling rate /1.00000000/
v average Velocity /1.00000000/
