StringID	Type	x	y	demand	ReadyTime	DueDate	ServiceTime	altitude
D0	d	0.50000000	0.50000000	0.00000000	0.00000000	10.00000000	0.00000000	0.00000000
S0	f	0.13098031	0.84622823	0.00000000	0.00000000	10.00000000	0.00000000	0.00000000
S1	f	0.63734702	0.58168618	0.00000000	0.00000000	10.00000000	0.00000000	0.00000000
S2	f	0.46299490	0.76425046	0.00000000	0.00000000	10.00000000	0.00000000	0.00000000
S3	f	0.30329719	0.83680401	0.00000000	0.00000000	10.00000000	0.00000000	0.00000000
S4	f	0.18893599	0.78373271	0.00000000	0.00000000	10.00000000	0.00000000	0.00000000
S5	f	0.70351016	0.76385953	0.00000000	0.00000000	10.00000000	0.00000000	0.00000000
S6	f	0.12930175	0.65115757	0.00000000	0.00000000	10.00000000	0.00000000	0.00000000
S7	f	0.97306214	0.40604555	0.00000000	0.00000000	10.00000000	0.00000000	0.00000000
S8	f	0.98559614	0.78521264	0.00000000	0.00000000	10.00000000	0.00000000	0.00000000
S9	f	0.96450632	0.96251566	0.00000000	0.00000000	10.00000000	0.00000000	0.00000000
C1	c	0.82393613	0.08527038	0.06425497	0.00000000	8.00000000	0.01403353	0.00000000
C2	c	0.84344635	0.07620936	0.09930188	0.06000000	8.06000000	0.01207681	0.00000000
C3	c	0.90611346	0.07157162	0.14739069	0.12000000	8.12000000	0.02450658	0.00000000
C4	c	0.81856505	0.06649969	0.07161691	0.18000000	8.18000000	0.01498457	0.00000000
C5	c	0.76864288	0.29205836	0.03255274	0.24000000	8.24000000	0.02073064	0.00000000
C6	c	0.82404313	0.32035880	0.02556784	0.30000000	8.30000000	0.01628039	0.00000000
C7	c	0.86361806	0.28099359	0.05731390	0.36000000	8.36000000	0.02235835	0.00000000
C8	c	0.86339740	0.28892903	0.04274290	0.42000000	8.42000000	0.02038598	0.00000000
C9	c	0.78500467	0.21234931	0.17932495	0.48000000	8.48000000	0.02592259	0.00000000
C10	c	0.85484220	0.31168180	0.08428717	0.54000000	8.54000000	0.02937474	0.00000000
C11	c	0.80886074	0.25368041	0.07726115	0.60000000	8.60000000	0.01502087	0.00000000
C12	c	0.90714412	0.25608119	0.12740360	0.66000000	8.66000000	0.02884574	0.00000000
C13	c	0.83133622	0.35029751	0.09797129	0.72000000	8.72000000	0.01750452	0.00000000
C14	c	0.78090933	0.34959366	0.07273102	0.78000000	8.78000000	0.02814102	0.00000000
C15	c	0.52134807	0.82574383	0.11131376	0.84000000	8.84000000	0.01670874	0.00000000
C16	c	0.51417961	0.93386421	0.15623832	0.90000000	8.90000000	0.01824802	0.00000000
C17	c	0.46463941	0.90851940	0.09161296	0.96000000	8.96000000	0.01394839	0.00000000
C18	c	0.60845666	0.90291093	0.02513046	1.02000000	9.02000000	0.02807418	0.00000000
C19	c	0.46108443	0.96434107	0.04777949	1.08000000	9.08000000	0.01584883	0.00000000
C20	c	0.56068949	0.78191581	0.16078268	1.14000000	9.14000000	0.01808015	0.00000000
C21	c	0.48007623	0.86355967	0.07166168	1.20000000	9.20000000	0.01516871	0.00000000
C22	c	0.46734649	1.00000000	0.08669261	1.26000000	9.26000000	0.01922364	0.00000000
C23	c	0.48638061	0.50754632	0.09121252	1.32000000	9.32000000	0.01008990	0.00000000
C24	c	0.42688114	0.47268696	0.04419587	1.38000000	9.38000000	0.02789480	0.00000000
C25	c	0.45112209	0.54458422	0.11212017	1.44000000	9.44000000	0.01379364	0.00000000
C26	c	0.48354021	0.56747027	0.15686881	1.50000000	9.50000000	0.01437592	0.00000000
C27	c	0.50082945	0.45978160	0.03218494	1.56000000	9.56000000	0.02123147	0.00000000
C28	c	0.46258051	0.61941937	0.12452452	1.62000000	9.62000000	0.01131725	0.00000000
C29	c	0.37846722	0.54196787	0.08322098	1.68000000	9.68000000	0.01657834	0.00000000
C30	c	0.70565659	0.49284078	0.02008443	1.74000000	9.74000000	0.01974090	0.00000000
C31	c	0.73530541	0.39617125	0.15103052	1.80000000	9.80000000	0.01552861	0.00000000
C32	c	0.67139444	0.50119244	0.12208897	1.86000000	9.86000000	0.01992092	0.00000000
C33	c	0.67812767	0.46323882	0.12179741	1.92000000	9.92000000	0.02155978	0.00000000
C34	c	0.72713486	0.37841943	0.06081134	1.98000000	9.98000000	0.01603239	0.00000000
C35	c	0.65116546	0.52363893	0.12891220	2.00000000	10.00000000	0.02144053	0.00000000
C36	c	0.61841634	0.43939165	0.04638301	2.00000000	10.00000000	0.01255203	0.00000000
C37	c	0.76560000	0.04609594	0.04274721	2.00000000	10.00000000	0.02219155	0.00000000
C38	c	0.70694822	0.00480536	0.05539340	2.00000000	10.00000000	0.01692615	0.00000000
C39	c	0.77861380	0.01724971	0.02962531	2.00000000	10.00000000	0.02422127	0.00000000
C40	c	0.70510869	0.01691493	0.17782119	2.00000000	10.00000000	0.02324302	0.00000000
C41	c	0.74786915	0.00000000	0.07731926	2.00000000	10.00000000	0.02721943	0.00000000
C42	c	0.70677571	0.00000000	0.06231125	2.00000000	10.00000000	0.02855298	0.00000000
C43	c	0.73998977	0.03684241	0.11115213	2.00000000	10.00000000	0.02242332	0.00000000
C44	c	0.75050643	0.01060603	0.10182131	2.00000000	10.00000000	0.02133534	0.00000000
C45	c	0.57219877	0.43823804	0.09639329	2.00000000	10.00000000	0.02861522	0.00000000
C46	c	0.50221407	0.46000394	0.12392487	2.00000000	10.00000000	0.02558009	0.00000000
C47	c	0.57955878	0.38367922	0.15938218	2.00000000	10.00000000	0.02706220	0.00000000
C48	c	0.56280731	0.38436943	0.04148313	2.00000000	10.00000000	0.02113871	0.00000000
C49	c	0.64724728	0.45118541	0.03036816	2.00000000	10.00000000	0.01640318	0.00000000
C50	c	0.40776934	0.41755842	0.16388861	2.00000000	10.00000000	0.02656435	0.00000000

Q Vehicle fuel tank capacity /0.40000000/
C Vehicle load capacity /1.50000000/
r fuel consumption rate /0.25000000/
g inverse refueling rate /1.00000000/
v average Velocity /1.00000000/
