StringID	Type	x	y	demand	ReadyTime	DueDate	ServiceTime	altitude
D0	d	0.50000000	0.50000000	0.00000000	0.00000000	10.00000000	0.00000000	0.00000000
S0	f	0.90054647	0.08425930	0.00000000	0.00000000	10.00000000	0.00000000	0.00000000
S1	f	0.29486003	0.85567331	0.00000000	0.00000000	10.00000000	0.00000000	0.00000000
S2	f	0.15674821	0.61488194	0.00000000	0.00000000	10.00000000	0.00000000	0.00000000
S3	f	0.98998310	0.82306014	0.00000000	0.00000000	10.00000000	0.00000000	0.00000000
S4	f	0.46394029	0.98589006	0.00000000	0.00000000	10.00000000	0.00000000	0.00000000
S5	f	0.30357817	0.01599308	0.00000000	0.00000000	10.00000000	0.00000000	0.00000000
C1	c	1.00000000	0.52894952	0.22224512	0.00000000	8.00000000	0.01302843	0.00000000
C2	c	0.97363467	0.58924644	0.06549931	0.10000000	8.10000000	0.02977909	0.00000000
C3	c	0.87168386	0.56731959	0.13385000	0.20000000	8.20000000	0.01748417	0.00000000
C4	c	0.16472964	0.35400088	0.26142465	0.30000000	8.30000000	0.01694007	0.00000000
C5	c	0.22573125	0.34368569	0.18859203	0.40000000	8.40000000	0.01756043	0.00000000
C6	c	0.17386982	0.26309613	0.12371599	0.50000000	8.50000000	0.01342823	0.00000000
C7	c	0.24379537	0.39694148	0.06975054	0.60000000	8.60000000	0.01419694	0.00000000
C8	c	0.16794144	0.37563793	0.22775405	0.70000000	8.70000000	0.02398488	0.00000000
C9	c	0.33876679	0.25294597	0.13658425	0.80000000	8.80000000	0.02811953	0.00000000
C10	c	0.32340671	0.28647473	0.05929734	0.90000000	8.90000000	0.02023421	0.00000000
C11	c	0.26554096	0.40812548	0.13396794	1.00000000	9.00000000	0.02121691	0.00000000
C12	c	0.25735820	0.45951836	0.04202218	1.10000000	9.10000000	0.02196770	0.00000000
C13	c	0.18481810	0.29863268	0.10320759	1.20000000	9.20000000	0.02448203	0.00000000
C14	c	0.12555117	0.91742028	0.07478662	1.30000000	9.30000000	0.02256791	0.00000000
C15	c	0.00658150	0.86751035	0.21969887	1.40000000	9.40000000	0.02715632	0.00000000
C16	c	0.00000000	0.88003202	0.06870392	1.50000000	9.50000000	0.01022724	0.00000000
C17	c	0.00819871	0.88724497	0.23200839	1.60000000	9.60000000	0.01431459	0.00000000
C18	c	0.02843380	0.82102710	0.22068890	1.70000000	9.70000000	0.02586101	0.00000000
C19	c	0.00000000	0.76511375	0.20638702	1.80000000	9.80000000	0.02955525	0.00000000
C20	c	0.00000000	0.78469867	0.20932293	1.90000000	9.90000000	0.01139250	0.00000000
C21	c	0.00000000	0.91392624	0.17506634	2.00000000	10.00000000	0.01435252	0.00000000
C22	c	0.09199163	0.03023790	0.21772568	2.00000000	10.00000000	0.01098851	0.00000000
C23	c	0.02563262	0.08360409	0.08150284	2.00000000	10.00000000	0.02223449	0.00000000
C24	c	0.28999233	0.13072750	0.12846252	2.00000000	10.00000000	0.02547140	0.00000000
C25	c	0.38093522	0.16218087	0.22184871	2.00000000	10.00000000	0.01145701	0.00000000
C26	c	0.39070048	0.24098493	0.17984800	2.00000000	10.00000000	0.01677707	0.00000000
C27	c	0.45316240	0.17156909	0.09324277	2.00000000	10.00000000	0.02176423	0.00000000
C28	c	0.49506051	0.15886660	0.09691514	2.00000000	10.00000000	0.01885474	0.00000000
C29	c	0.31050333	0.14501490	0.05892305	2.00000000	10.00000000	0.01958964	0.00000000
C30	c	0.30228870	0.24790640	0.24695729	2.00000000	10.00000000	0.02174655	0.00000000

Q Vehicle fuel tank capacity /0.40000000/
C Vehicle load capacity /1.50000000/
r fuel consumption rate /0.25000000/
g inverse refueling rate /1.00000000/
v average Velocity /1.00000000/
