StringID	Type	x	y	demand	ReadyTime	DueDate	ServiceTime	altitude
D0	d	0.50000000	0.50000000	0.00000000	0.00000000	10.00000000	0.00000000	0.00000000
S0	f	0.43015942	0.37573273	0.00000000	0.00000000	10.00000000	0.00000000	0.00000000
S1	f	0.61628530	0.92754068	0.00000000	0.00000000	10.00000000	0.00000000	0.00000000
S2	f	0.61085207	0.07038209	0.00000000	0.00000000	10.00000000	0.00000000	0.00000000
S3	f	0.87802045	0.00423522	0.00000000	0.00000000	10.00000000	0.00000000	0.00000000
S4	f	0.65272420	0.94518488	0.00000000	0.00000000	10.00000000	0.00000000	0.00000000
S5	f	0.21820761	0.46264152	0.00000000	0.00000000	10.00000000	0.00000000	0.00000000
S6	f	0.66197588	0.36822748	0.00000000	0.00000000	10.00000000	0.00000000	0.00000000
S7	f	0.68202269	0.85377039	0.00000000	0.00000000	10.00000000	0.00000000	0.00000000
S8	f	0.31495968	0.69427772	0.00000000	0.00000000	10.00000000	0.00000000	0.00000000
S9	f	0.70800935	0.25828242	0.00000000	0.00000000	10.00000000	0.00000000	0.00000000
C1	c	0.38294573	0.32544357	0.10784281	0.00000000	8.00000000	0.02322066	0.00000000
C2	c	0.45088211	0.32460576	0.03166041	0.06000000	8.06000000	0.02408247	0.00000000
C3	c	0.41045704	0.27810691	0.01758572	0.12000000	8.12000000	0.02119303	0.00000000
C4	c	0.43471837	0.43221353	0.13221811	0.18000000	8.18000000	0.02309655	0.00000000
C5	c	0.45745797	0.42036731	0.09175254	0.24000000	8.24000000	0.02499714	0.00000000
C6	c	0.48068898	0.37271797	0.13035265	0.30000000	8.30000000	0.01947556	0.00000000
C7	c	0.40625837	0.43537105	0.07088676	0.36000000	8.36000000	0.02701204	0.00000000
C8	c	0.45216766	0.43583123	0.11707726	0.42000000	8.42000000	0.02034545	0.00000000
C9	c	0.87126030	0.32969069	0.04247017	0.48000000	8.48000000	0.02237283	0.00000000
C10	c	0.89428197	0.28624432	0.13147430	0.54000000	8.54000000	0.01251660	0.00000000
C11	c	0.75824365	0.33544398	0.13346643	0.60000000	8.60000000	0.02032111	0.00000000
C12	c	0.73706570	0.30265187	0.04060324	0.66000000	8.66000000	0.01908427	0.00000000
C13	c	0.81746503	0.36392749	0.16051343	0.72000000	8.72000000	0.02696132	0.00000000
C14	c	0.80350476	0.31815692	0.09115643	0.78000000	8.78000000	0.02406553	0.00000000
C15	c	0.80970731	0.21520976	0.13302602	0.84000000	8.84000000	0.01448560	0.00000000
C16	c	0.86800531	0.29975339	0.02313985	0.90000000	8.90000000	0.02883254	0.00000000
C17	c	0.85282496	0.23223094	0.16439230	0.96000000	8.96000000	0.02389779	0.00000000
C18	c	0.84358915	0.20860471	0.02676360	1.02000000	9.02000000	0.02595680	0.00000000
C19	c	0.89361974	0.29963997	0.09287543	1.08000000	9.08000000	0.02427026	0.00000000
C20	c	0.85006270	0.25706709	0.05935080	1.14000000	9.14000000	0.01524622	0.00000000
C21	c	0.80665527	0.27884628	0.02191725	1.20000000	9.20000000	0.01540178	0.00000000
C22	c	0.84419232	0.24362170	0.15259621	1.26000000	9.26000000	0.02720072	0.00000000
C23	c	0.62493605	0.66445585	0.05966103	1.32000000	9.32000000	0.01519351	0.00000000
C24	c	0.47736315	0.62315599	0.09060261	1.38000000	9.38000000	0.01131743	0.00000000
C25	c	0.53688327	0.76789786	0.13680059	1.44000000	9.44000000	0.02973429	0.00000000
C26	c	0.47320899	0.80554677	0.02059672	1.50000000	9.50000000	0.01743351	0.00000000
C27	c	0.55366615	0.70260412	0.04729605	1.56000000	9.56000000	0.01748354	0.00000000
C28	c	0.59278622	0.75961607	0.14903123	1.62000000	9.62000000	0.01615648	0.00000000
C29	c	0.56126492	0.72834888	0.07759551	1.68000000	9.68000000	0.01818372	0.00000000
C30	c	0.51552938	0.78588629	0.05607730	1.74000000	9.74000000	0.01529280	0.00000000
C31	c	0.62990895	0.98610623	0.09190265	1.80000000	9.80000000	0.01219356	0.00000000
C32	c	0.07647629	0.69007971	0.09031299	1.86000000	9.86000000	0.01269073	0.00000000
C33	c	0.04052676	0.75693708	0.13728545	1.92000000	9.92000000	0.02034551	0.00000000
C34	c	0.03799251	0.72258107	0.15616483	1.98000000	9.98000000	0.01365426	0.00000000
C35	c	0.17091870	0.74130800	0.12767243	2.00000000	10.00000000	0.02198036	0.00000000
C36	c	0.08164610	0.70636427	0.17338558	2.00000000	10.00000000	0.02911231	0.00000000
C37	c	0.04416189	0.76512384	0.13242912	2.00000000	10.00000000	0.01764192	0.00000000
C38	c	0.18891556	0.72204930	0.02145184	2.00000000	10.00000000	0.01698117	0.00000000
C39	c	0.50338204	0.83976908	0.06307879	2.00000000	10.00000000	0.02457847	0.00000000
C40	c	0.43845505	0.93561354	0.06902130	2.00000000	10.00000000	0.02098705	0.00000000
C41	c	0.43020877	0.88317680	0.06492487	2.00000000	10.00000000	0.01911768	0.00000000
C42	c	0.51560263	0.78224429	0.08449269	2.00000000	10.00000000	0.02342876	0.00000000
C43	c	0.46201381	0.81698272	0.06586713	2.00000000	10.00000000	0.02608640	0.00000000
C44	c	0.41472673	0.75550665	0.10498579	2.00000000	10.00000000	0.02474049	0.00000000
C45	c	0.41617775	0.83885346	0.08395606	2.00000000	10.00000000	0.01032564	0.00000000
C46	c	0.45005652	0.78785659	0.06913266	2.00000000	10.00000000	0.02845320	0.00000000
C47	c	0.45471492	0.84141655	0.09881366	2.00000000	10.00000000	0.02616562	0.00000000
C48	c	0.50824440	0.04291205	0.06219635	2.00000000	10.00000000	0.01497959	0.00000000
C49	c	0.64251238	0.12362418	0.16355061	2.00000000	10.00000000	0.02171634	0.00000000
C50	c	0.63360793	0.02467777	0.02859243	2.00000000	10.00000000	0.02025447	0.00000000

Q Vehicle fuel tank capacity /0.40000000/
C Vehicle load capacity /1.50000000/
r fuel consumption rate /0.25000000/
g inverse refueling rate /1.00000000/
v average Velocity /1.00000000/
