StringID	Type	x	y	demand	ReadyTime	DueDate	ServiceTime	altitude
D0	d	0.50000000	0.50000000	0.00000000	0.00000000	10.00000000	0.00000000	0.00000000
S0	f	0.84260264	0.78680860	0.00000000	0.00000000	10.00000000	0.00000000	0.00000000
S1	f	0.09274816	0.96105598	0.00000000	0.00000000	10.00000000	0.00000000	0.00000000
S2	f	0.42086777	0.94532662	0.00000000	0.00000000	10.00000000	0.00000000	0.00000000
S3	f	0.25096888	0.06077062	0.00000000	0.00000000	10.00000000	0.00000000	0.00000000
S4	f	0.98359938	0.84978280	0.00000000	0.00000000	10.00000000	0.00000000	0.00000000
S5	f	0.35035647	0.53271529	0.00000000	0.00000000	10.00000000	0.00000000	0.00000000
C1	c	0.91634846	0.76555159	0.04221007	0.00000000	8.00000000	0.01630276	0.00000000
C2	c	0.77472562	0.72140672	0.02135892	0.10000000	8.10000000	0.02809362	0.00000000
C3	c	0.94416641	0.78042986	0.20265762	0.20000000	8.20000000	0.01692394	0.00000000
C4	c	0.75492332	0.80220594	0.22239343	0.30000000	8.30000000	0.02043121	0.00000000
C5	c	0.91320759	0.84058882	0.17925118	0.40000000	8.40000000	0.01841638	0.00000000
C6	c	0.03873780	0.52307960	0.02938910	0.50000000	8.50000000	0.02899917	0.00000000
C7	c	0.08465611	0.50082811	0.25059444	0.60000000	8.60000000	0.01069580	0.00000000
C8	c	0.06514111	0.68192038	0.20576241	0.70000000	8.70000000	0.01690492	0.00000000
C9	c	0.08694776	0.54779186	0.18477316	0.80000000	8.80000000	0.01232553	0.00000000
C10	c	0.00000000	0.53548640	0.23787436	0.90000000	8.90000000	0.02573772	0.00000000
C11	c	0.14169636	0.53861572	0.14404398	1.00000000	9.00000000	0.02745658	0.00000000
C12	c	0.07894165	0.64045966	0.18987462	1.10000000	9.10000000	0.02668987	0.00000000
C13	c	0.02353969	0.61536036	0.10648942	1.20000000	9.20000000	0.01296669	0.00000000
C14	c	0.10160434	0.65318324	0.15650568	1.30000000	9.30000000	0.02149875	0.00000000
C15	c	0.03873228	0.59067751	0.11251574	1.40000000	9.40000000	0.01287443	0.00000000
C16	c	0.10434203	0.92078218	0.12872540	1.50000000	9.50000000	0.01669741	0.00000000
C17	c	0.10762324	1.00000000	0.22754709	1.60000000	9.60000000	0.01339884	0.00000000
C18	c	0.01792656	0.98842950	0.10804966	1.70000000	9.70000000	0.01038211	0.00000000
C19	c	0.07763246	1.00000000	0.12021880	1.80000000	9.80000000	0.01771905	0.00000000
C20	c	0.75336113	0.91764443	0.10984503	1.90000000	9.90000000	0.01999979	0.00000000
C21	c	0.71545678	0.94618074	0.07614699	2.00000000	10.00000000	0.02171648	0.00000000
C22	c	0.78443905	0.90503774	0.07484838	2.00000000	10.00000000	0.02893671	0.00000000
C23	c	0.05360929	0.24914841	0.05864930	2.00000000	10.00000000	0.02923001	0.00000000
C24	c	0.00000000	0.27220932	0.26804480	2.00000000	10.00000000	0.01289187	0.00000000
C25	c	0.12674295	0.27699023	0.23422535	2.00000000	10.00000000	0.01540297	0.00000000
C26	c	0.09659808	0.31112946	0.10691286	2.00000000	10.00000000	0.01846539	0.00000000
C27	c	0.05183370	0.30153567	0.10135053	2.00000000	10.00000000	0.02052933	0.00000000
C28	c	0.05437048	0.35655097	0.17021893	2.00000000	10.00000000	0.02523473	0.00000000
C29	c	0.05676273	0.30422446	0.19517583	2.00000000	10.00000000	0.01933140	0.00000000
C30	c	0.09653714	0.30806197	0.23434692	2.00000000	10.00000000	0.02779772	0.00000000

Q Vehicle fuel tank capacity /0.40000000/
C Vehicle load capacity /1.50000000/
r fuel consumption rate /0.25000000/
g inverse refueling rate /1.00000000/
v average Velocity /1.00000000/
