StringID	Type	x	y	demand	ReadyTime	DueDate	ServiceTime	altitude
D0	d	0.50000000	0.50000000	0.00000000	0.00000000	10.00000000	0.00000000	0.00000000
S0	f	0.09248683	0.72366872	0.00000000	0.00000000	10.00000000	0.00000000	0.00000000
S1	f	0.23358398	0.18856162	0.00000000	0.00000000	10.00000000	0.00000000	0.00000000
S2	f	0.42800021	0.53444415	0.00000000	0.00000000	10.00000000	0.00000000	0.00000000
S3	f	0.25586354	0.62042647	0.00000000	0.00000000	10.00000000	0.00000000	0.00000000
S4	f	0.64030907	0.09756854	0.00000000	0.00000000	10.00000000	0.00000000	0.00000000
S5	f	0.46216352	0.40618284	0.00000000	0.00000000	10.00000000	0.00000000	0.00000000
C1	c	0.09973150	0.78872080	0.27138175	0.00000000	8.00000000	0.02541836	0.00000000
C2	c	0.15084954	0.72635346	0.11041973	0.10000000	8.10000000	0.02021188	0.00000000
C3	c	0.06268819	0.67157264	0.10725798	0.20000000	8.20000000	0.01850323	0.00000000
C4	c	0.14191618	0.69297752	0.27301918	0.30000000	8.30000000	0.01828357	0.00000000
C5	c	0.04722980	0.79840459	0.07975826	0.40000000	8.40000000	0.02622856	0.00000000
C6	c	0.05764298	0.86388745	0.17729144	0.50000000	8.50000000	0.01064460	0.00000000
C7	c	0.09458802	0.66967294	0.04258495	0.60000000	8.60000000	0.02487782	0.00000000
C8	c	0.07729648	0.60959923	0.12737392	0.70000000	8.70000000	0.01137990	0.00000000
C9	c	0.06931514	0.66733040	0.08507995	0.80000000	8.80000000	0.01670105	0.00000000
C10	c	0.07148372	0.60891941	0.22904138	0.90000000	8.90000000	0.02752276	0.00000000
C11	c	0.09003819	0.65158632	0.01939355	1.00000000	9.00000000	0.02449511	0.00000000
C12	c	0.11217181	0.77136998	0.19751606	1.10000000	9.10000000	0.02496601	0.00000000
C13	c	0.11232023	0.57019122	0.25350811	1.20000000	9.20000000	0.02762400	0.00000000
C14	c	0.13417685	0.60257349	0.13127733	1.30000000	9.30000000	0.02165775	0.00000000
C15	c	0.03773657	0.62813892	0.25740103	1.40000000	9.40000000	0.02111398	0.00000000
C16	c	0.09593486	0.63207791	0.06465445	1.50000000	9.50000000	0.02188114	0.00000000
C17	c	0.20034476	0.62523584	0.10778210	1.60000000	9.60000000	0.01184830	0.00000000
C18	c	0.22933249	0.13572906	0.16102621	1.70000000	9.70000000	0.01138547	0.00000000
C19	c	0.27416643	0.21832117	0.19460355	1.80000000	9.80000000	0.01049796	0.00000000
C20	c	0.26165921	0.14361802	0.19255529	1.90000000	9.90000000	0.02872902	0.00000000
C21	c	0.31578730	0.11996034	0.05011799	2.00000000	10.00000000	0.02799447	0.00000000
C22	c	0.23384221	0.23405682	0.23043445	2.00000000	10.00000000	0.01720385	0.00000000
C23	c	0.18655204	0.19154801	0.10797656	2.00000000	10.00000000	0.01291193	0.00000000
C24	c	0.29478992	0.14898257	0.07076231	2.00000000	10.00000000	0.01189542	0.00000000
C25	c	0.88751221	0.34129291	0.12468915	2.00000000	10.00000000	0.02452187	0.00000000
C26	c	0.73525372	0.41392652	0.21435104	2.00000000	10.00000000	0.01903387	0.00000000
C27	c	0.83398900	0.39820647	0.18442786	2.00000000	10.00000000	0.01277733	0.00000000
C28	c	0.72829353	0.39869210	0.08925460	2.00000000	10.00000000	0.02288174	0.00000000
C29	c	0.75550133	0.47115979	0.20263636	2.00000000	10.00000000	0.01936667	0.00000000
C30	c	0.78732820	0.37880487	0.14242347	2.00000000	10.00000000	0.01396301	0.00000000

Q Vehicle fuel tank capacity /0.40000000/
C Vehicle load capacity /1.50000000/
r fuel consumption rate /0.25000000/
g inverse refueling rate /1.00000000/
v average Velocity /1.00000000/
