StringID	Type	x	y	demand	ReadyTime	DueDate	ServiceTime	altitude
D0	d	0.50000000	0.50000000	0.00000000	0.00000000	10.00000000	0.00000000	0.00000000
S0	f	0.43434699	0.10800328	0.00000000	0.00000000	10.00000000	0.00000000	0.00000000
S1	f	0.04218926	0.63889750	0.00000000	0.00000000	10.00000000	0.00000000	0.00000000
S2	f	0.98994485	0.32612880	0.00000000	0.00000000	10.00000000	0.00000000	0.00000000
S3	f	0.52654377	0.40771836	0.00000000	0.00000000	10.00000000	0.00000000	0.00000000
S4	f	0.69530065	0.26372629	0.00000000	0.00000000	10.00000000	0.00000000	0.00000000
S5	f	0.60716764	0.40496520	0.00000000	0.00000000	10.00000000	0.00000000	0.00000000
C1	c	0.70883634	0.22506107	0.26272272	0.00000000	8.00000000	0.01488533	0.00000000
C2	c	0.74905282	0.23538917	0.13176801	0.10000000	8.10000000	0.02792434	0.00000000
C3	c	0.36410429	0.42966290	0.16853279	0.20000000	8.20000000	0.01065511	0.00000000
C4	c	0.29554736	0.44006362	0.02145339	0.30000000	8.30000000	0.01700678	0.00000000
C5	c	0.25083796	0.42325234	0.16898633	0.40000000	8.40000000	0.01728465	0.00000000
C6	c	0.35998279	0.36728751	0.13938797	0.50000000	8.50000000	0.01480464	0.00000000
C7	c	0.37388030	0.48348893	0.13303729	0.60000000	8.60000000	0.02874762	0.00000000
C8	c	0.35826616	0.50306112	0.11542809	0.70000000	8.70000000	0.02271137	0.00000000
C9	c	0.27032943	0.40120877	0.23235775	0.80000000	8.80000000	0.01623354	0.00000000
C10	c	0.31826135	0.43164944	0.11420666	0.90000000	8.90000000	0.01514628	0.00000000
C11	c	0.73064974	0.45824286	0.13739498	1.00000000	9.00000000	0.02299955	0.00000000
C12	c	0.80333623	0.33365866	0.12535438	1.10000000	9.10000000	0.01147628	0.00000000
C13	c	0.84742544	0.37626524	0.22332483	1.20000000	9.20000000	0.01639823	0.00000000
C14	c	0.77160485	0.42283967	0.02737537	1.30000000	9.30000000	0.02917896	0.00000000
C15	c	0.83320937	0.43829730	0.27561593	1.40000000	9.40000000	0.01335836	0.00000000
C16	c	0.77982350	0.29524828	0.11283199	1.50000000	9.50000000	0.01468928	0.00000000
C17	c	0.85144640	0.40515600	0.06664943	1.60000000	9.60000000	0.02807772	0.00000000
C18	c	0.77972262	0.32000732	0.13217966	1.70000000	9.70000000	0.02694910	0.00000000
C19	c	0.88498852	0.35814593	0.24308527	1.80000000	9.80000000	0.01356414	0.00000000
C20	c	0.75266811	0.43327794	0.10963416	1.90000000	9.90000000	0.02679927	0.00000000
C21	c	0.64379846	0.50565465	0.12028393	2.00000000	10.00000000	0.02839682	0.00000000
C22	c	0.79720669	0.37335250	0.07532777	2.00000000	10.00000000	0.02149601	0.00000000
C23	c	0.46127748	0.14538402	0.28226730	2.00000000	10.00000000	0.02641006	0.00000000
C24	c	0.46517073	0.15320955	0.03842991	2.00000000	10.00000000	0.02377191	0.00000000
C25	c	0.50798873	0.10053265	0.16912398	2.00000000	10.00000000	0.02993961	0.00000000
C26	c	0.47401854	0.07732437	0.13694652	2.00000000	10.00000000	0.01707709	0.00000000
C27	c	0.45200874	0.17725341	0.10740160	2.00000000	10.00000000	0.01011215	0.00000000
C28	c	0.47120449	0.08233800	0.20324104	2.00000000	10.00000000	0.01318893	0.00000000
C29	c	0.44949328	0.05530071	0.15811836	2.00000000	10.00000000	0.02735906	0.00000000
C30	c	0.47310509	0.06242702	0.26753259	2.00000000	10.00000000	0.01726788	0.00000000

Q Vehicle fuel tank capacity /0.40000000/
C Vehicle load capacity /1.50000000/
r fuel consumption rate /0.25000000/
g inverse refueling rate /1.00000000/
v average Velocity /1.00000000/
