StringID	Type	x	y	demand	ReadyTime	DueDate	ServiceTime	altitude
D0	d	0.50000000	0.50000000	0.00000000	0.00000000	10.00000000	0.00000000	0.00000000
S0	f	0.04083769	0.91664414	0.00000000	0.00000000	10.00000000	0.00000000	0.00000000
S1	f	0.84800916	0.44723481	0.00000000	0.00000000	10.00000000	0.00000000	0.00000000
S2	f	0.84705038	0.61571212	0.00000000	0.00000000	10.00000000	0.00000000	0.00000000
S3	f	0.64728861	0.13221671	0.00000000	0.00000000	10.00000000	0.00000000	0.00000000
S4	f	0.49138096	0.22758963	0.00000000	0.00000000	10.00000000	0.00000000	0.00000000
S5	f	0.92750762	0.02887083	0.00000000	0.00000000	10.00000000	0.00000000	0.00000000
S6	f	0.31937771	0.68054047	0.00000000	0.00000000	10.00000000	0.00000000	0.00000000
S7	f	0.06390030	0.19271082	0.00000000	0.00000000	10.00000000	0.00000000	0.00000000
S8	f	0.20471047	0.05693234	0.00000000	0.00000000	10.00000000	0.00000000	0.00000000
S9	f	0.91363938	0.69253214	0.00000000	0.00000000	10.00000000	0.00000000	0.00000000
C1	c	0.67792600	0.33426423	0.06343012	0.00000000	8.00000000	0.02840179	0.00000000
C2	c	0.76273003	0.37598302	0.02744473	0.06000000	8.06000000	0.01937131	0.00000000
C3	c	0.83742540	0.30914411	0.07746119	0.12000000	8.12000000	0.02834923	0.00000000
C4	c	0.53076153	0.39360281	0.15950994	0.18000000	8.18000000	0.01488559	0.00000000
C5	c	0.52301104	0.43224182	0.09495556	0.24000000	8.24000000	0.01498396	0.00000000
C6	c	0.53405416	0.43435321	0.03436115	0.30000000	8.30000000	0.01330436	0.00000000
C7	c	0.38896065	0.36577303	0.07666270	0.36000000	8.36000000	0.01437146	0.00000000
C8	c	0.48412541	0.36230045	0.17451579	0.42000000	8.42000000	0.01771721	0.00000000
C9	c	0.54368121	0.48837441	0.15920075	0.48000000	8.48000000	0.02863005	0.00000000
C10	c	0.49784883	0.42459558	0.06015988	0.54000000	8.54000000	0.01250574	0.00000000
C11	c	0.56688037	0.41883742	0.04808334	0.60000000	8.60000000	0.01389845	0.00000000
C12	c	0.51390608	0.32746685	0.08695769	0.66000000	8.66000000	0.01297506	0.00000000
C13	c	0.49660485	0.37636372	0.02198805	0.72000000	8.72000000	0.02422040	0.00000000
C14	c	0.56095816	0.35786443	0.06055495	0.78000000	8.78000000	0.01334217	0.00000000
C15	c	0.05547084	0.57005814	0.17532219	0.84000000	8.84000000	0.01573394	0.00000000
C16	c	0.00000000	0.57835806	0.02788903	0.90000000	8.90000000	0.02715400	0.00000000
C17	c	0.05515180	0.58664493	0.04395539	0.96000000	8.96000000	0.01562809	0.00000000
C18	c	0.00000000	0.46902882	0.01785114	1.02000000	9.02000000	0.01243271	0.00000000
C19	c	0.04440840	0.41648671	0.08118412	1.08000000	9.08000000	0.01035711	0.00000000
C20	c	0.69325746	0.40881152	0.15429696	1.14000000	9.14000000	0.02690283	0.00000000
C21	c	0.73999500	0.35345465	0.10046185	1.20000000	9.20000000	0.01715421	0.00000000
C22	c	0.61571281	0.34431093	0.03076849	1.26000000	9.26000000	0.02530761	0.00000000
C23	c	0.63562665	0.29962054	0.15822800	1.32000000	9.32000000	0.01474552	0.00000000
C24	c	0.68796119	0.39989201	0.13658456	1.38000000	9.38000000	0.02950246	0.00000000
C25	c	0.68859556	0.41584833	0.10809509	1.44000000	9.44000000	0.02357763	0.00000000
C26	c	0.63611599	0.48651279	0.13685580	1.50000000	9.50000000	0.01144967	0.00000000
C27	c	0.60634417	0.39084851	0.06993608	1.56000000	9.56000000	0.01926946	0.00000000
C28	c	0.27737651	0.59171703	0.10048824	1.62000000	9.62000000	0.02781203	0.00000000
C29	c	0.24102515	0.55737483	0.16597687	1.68000000	9.68000000	0.02173579	0.00000000
C30	c	0.22127102	0.54670657	0.02034987	1.74000000	9.74000000	0.01467265	0.00000000
C31	c	0.26929498	0.58478595	0.11815928	1.80000000	9.80000000	0.02296048	0.00000000
C32	c	0.24157265	0.56633456	0.12509602	1.86000000	9.86000000	0.02557543	0.00000000
C33	c	0.27723652	0.49402956	0.07682670	1.92000000	9.92000000	0.02492455	0.00000000
C34	c	0.22160901	0.46411602	0.04644780	1.98000000	9.98000000	0.01490820	0.00000000
C35	c	0.22047589	0.44222946	0.12490129	2.00000000	10.00000000	0.02318326	0.00000000
C36	c	0.14477035	0.56418314	0.09384917	2.00000000	10.00000000	0.02276315	0.00000000
C37	c	0.30369906	0.54459716	0.13313110	2.00000000	10.00000000	0.01036852	0.00000000
C38	c	0.01072985	0.54735901	0.10899872	2.00000000	10.00000000	0.01818620	0.00000000
C39	c	0.11633533	0.53500657	0.04146986	2.00000000	10.00000000	0.02686371	0.00000000
C40	c	0.09767204	0.50751709	0.06302722	2.00000000	10.00000000	0.02536267	0.00000000
C41	c	0.02918090	0.63254118	0.12241144	2.00000000	10.00000000	0.01640386	0.00000000
C42	c	0.02187436	0.60094834	0.03337217	2.00000000	10.00000000	0.02812499	0.00000000
C43	c	0.05492175	0.64185224	0.06543561	2.00000000	10.00000000	0.02163320	0.00000000
C44	c	0.58178228	0.64400960	0.07618400	2.00000000	10.00000000	0.01269893	0.00000000
C45	c	0.66102476	0.75119772	0.08721877	2.00000000	10.00000000	0.02906780	0.00000000
C46	c	0.75107758	0.57625085	0.12336656	2.00000000	10.00000000	0.02981275	0.00000000
C47	c	0.67537650	0.66173348	0.06048178	2.00000000	10.00000000	0.02384125	0.00000000
C48	c	0.74976752	0.56489899	0.14057777	2.00000000	10.00000000	0.02194570	0.00000000
C49	c	0.72092603	0.62971610	0.12064027	2.00000000	10.00000000	0.02978053	0.00000000
C50	c	0.81602425	0.70303815	0.06487497	2.00000000	10.00000000	0.01564596	0.00000000

Q Vehicle fuel tank capacity /0.40000000/
C Vehicle load capacity /1.50000000/
r fuel consumption rate /0.25000000/
g inverse refueling rate /1.00000000/
v average Velocity /1.00000000/
