StringID	Type	x	y	demand	ReadyTime	DueDate	ServiceTime	altitude
D0	d	0.50000000	0.50000000	0.00000000	0.00000000	10.00000000	0.00000000	0.00000000
S0	f	0.64650613	0.73948929	0.00000000	0.00000000	10.00000000	0.00000000	0.00000000
S1	f	0.64227259	0.93231026	0.00000000	0.00000000	10.00000000	0.00000000	0.00000000
S2	f	0.98916949	0.61074170	0.00000000	0.00000000	10.00000000	0.00000000	0.00000000
S3	f	0.70104006	0.80983264	0.00000000	0.00000000	10.00000000	0.00000000	0.00000000
S4	f	0.55007395	0.85868056	0.00000000	0.00000000	10.00000000	0.00000000	0.00000000
S5	f	0.19198078	0.35840187	0.00000000	0.00000000	10.00000000	0.00000000	0.00000000
C1	c	0.74031271	0.78463942	0.17629882	0.00000000	8.00000000	0.02023498	0.00000000
C2	c	0.56955130	0.77704959	0.22450107	0.10000000	8.10000000	0.02454654	0.00000000
C3	c	0.61225775	0.81011516	0.10641609	0.20000000	8.20000000	0.01542150	0.00000000
C4	c	0.61815192	0.67203150	0.15731462	0.30000000	8.30000000	0.02803663	0.00000000
C5	c	0.69604548	0.75634893	0.24252051	0.40000000	8.40000000	0.02945297	0.00000000
C6	c	0.69041385	0.76375332	0.05842208	0.50000000	8.50000000	0.01985788	0.00000000
C7	c	0.56995650	0.75474823	0.05927003	0.60000000	8.60000000	0.02292589	0.00000000
C8	c	0.44545929	0.00215953	0.16214430	0.70000000	8.70000000	0.02340003	0.00000000
C9	c	0.44407751	0.08297280	0.02173646	0.80000000	8.80000000	0.01339722	0.00000000
C10	c	0.39201011	0.00000000	0.21132915	0.90000000	8.90000000	0.01961301	0.00000000
C11	c	0.53413159	0.09783948	0.26978329	1.00000000	9.00000000	0.01922497	0.00000000
C12	c	0.50628161	0.09639332	0.23869414	1.10000000	9.10000000	0.02004313	0.00000000
C13	c	0.52970054	0.02772305	0.17536242	1.20000000	9.20000000	0.01595153	0.00000000
C14	c	0.42100397	0.07348491	0.04879311	1.30000000	9.30000000	0.02615740	0.00000000
C15	c	0.47794333	0.00522643	0.10244419	1.40000000	9.40000000	0.02874102	0.00000000
C16	c	0.45351589	0.00000000	0.23536108	1.50000000	9.50000000	0.02206589	0.00000000
C17	c	0.70935187	0.17963494	0.08041217	1.60000000	9.60000000	0.01590806	0.00000000
C18	c	0.80038315	0.14591326	0.18175063	1.70000000	9.70000000	0.01535605	0.00000000
C19	c	0.00000000	0.66982177	0.09688177	1.80000000	9.80000000	0.02496251	0.00000000
C20	c	0.06236168	0.85555108	0.06798240	1.90000000	9.90000000	0.02899796	0.00000000
C21	c	0.07687543	0.74537228	0.06581650	2.00000000	10.00000000	0.02326371	0.00000000
C22	c	0.12420368	0.81041653	0.25710768	2.00000000	10.00000000	0.02037826	0.00000000
C23	c	0.07476961	0.78812452	0.08446661	2.00000000	10.00000000	0.01425901	0.00000000
C24	c	0.01861332	0.77352148	0.27036047	2.00000000	10.00000000	0.01616382	0.00000000
C25	c	0.16297079	0.75309154	0.24603041	2.00000000	10.00000000	0.02001956	0.00000000
C26	c	0.43920769	0.58238351	0.05167772	2.00000000	10.00000000	0.02152002	0.00000000
C27	c	0.45255937	0.64266616	0.21621853	2.00000000	10.00000000	0.02051170	0.00000000
C28	c	0.47005574	0.60859367	0.07238281	2.00000000	10.00000000	0.02166769	0.00000000
C29	c	0.58638589	0.55802835	0.17309651	2.00000000	10.00000000	0.02479485	0.00000000
C30	c	0.52236062	0.57840609	0.14542444	2.00000000	10.00000000	0.02240723	0.00000000

Q Vehicle fuel tank capacity /0.40000000/
C Vehicle load capacity /1.50000000/
r fuel consumption rate /0.25000000/
g inverse refueling rate /1.00000000/
v average Velocity /1.00000000/
