StringID	Type	x	y	demand	ReadyTime	DueDate	ServiceTime	altitude
D0	d	0.50000000	0.50000000	0.00000000	0.00000000	10.00000000	0.00000000	0.00000000
S0	f	0.59599023	0.57533459	0.00000000	0.00000000	10.00000000	0.00000000	0.00000000
S1	f	0.59925666	0.94457862	0.00000000	0.00000000	10.00000000	0.00000000	0.00000000
S2	f	0.24987324	0.61750978	0.00000000	0.00000000	10.00000000	0.00000000	0.00000000
S3	f	0.92040284	0.07242232	0.00000000	0.00000000	10.00000000	0.00000000	0.00000000
S4	f	0.35697082	0.08421336	0.00000000	0.00000000	10.00000000	0.00000000	0.00000000
S5	f	0.58325274	0.76487567	0.00000000	0.00000000	10.00000000	0.00000000	0.00000000
S6	f	0.35144234	0.98410895	0.00000000	0.00000000	10.00000000	0.00000000	0.00000000
S7	f	0.23839849	0.36892408	0.00000000	0.00000000	10.00000000	0.00000000	0.00000000
S8	f	0.23485655	0.11740819	0.00000000	0.00000000	10.00000000	0.00000000	0.00000000
S9	f	0.86227361	0.09447195	0.00000000	0.00000000	10.00000000	0.00000000	0.00000000
C1	c	0.14916906	0.11026964	0.10226806	0.00000000	8.00000000	0.02148784	0.00000000
C2	c	0.13625365	0.18028122	0.08239209	0.06000000	8.06000000	0.01726256	0.00000000
C3	c	0.01371665	0.18538284	0.09010675	0.12000000	8.12000000	0.02694110	0.00000000
C4	c	0.08668463	0.17391814	0.03249481	0.18000000	8.18000000	0.02119561	0.00000000
C5	c	0.17748810	0.15802257	0.07755892	0.24000000	8.24000000	0.01176368	0.00000000
C6	c	0.01372775	0.16790131	0.10951545	0.30000000	8.30000000	0.01616640	0.00000000
C7	c	0.20584028	0.26362726	0.05029335	0.36000000	8.36000000	0.02351415	0.00000000
C8	c	0.00000000	0.22849544	0.09504605	0.42000000	8.42000000	0.01538562	0.00000000
C9	c	0.28976255	0.56955057	0.13367507	0.48000000	8.48000000	0.02412583	0.00000000
C10	c	0.31263603	0.48515408	0.04698512	0.54000000	8.54000000	0.01834614	0.00000000
C11	c	0.34511253	0.54108915	0.10125792	0.60000000	8.60000000	0.01396677	0.00000000
C12	c	0.27208860	0.43269000	0.13156628	0.66000000	8.66000000	0.02408031	0.00000000
C13	c	0.33733939	0.50385038	0.07799041	0.72000000	8.72000000	0.02103996	0.00000000
C14	c	0.28671221	0.55800800	0.13357025	0.78000000	8.78000000	0.02059154	0.00000000
C15	c	0.38829328	0.57458231	0.14216106	0.84000000	8.84000000	0.01901372	0.00000000
C16	c	0.25068676	0.54563616	0.06169698	0.90000000	8.90000000	0.02316943	0.00000000
C17	c	0.32573105	0.60318812	0.14841169	0.96000000	8.96000000	0.02994100	0.00000000
C18	c	0.26131399	0.52819777	0.15460716	1.02000000	9.02000000	0.02181663	0.00000000
C19	c	0.37086843	0.43357628	0.03712496	1.08000000	9.08000000	0.01675834	0.00000000
C20	c	0.78821462	0.23672781	0.01635486	1.14000000	9.14000000	0.02687266	0.00000000
C21	c	0.86535626	0.18402180	0.08071959	1.20000000	9.20000000	0.01998743	0.00000000
C22	c	0.71940787	0.17623291	0.04613380	1.26000000	9.26000000	0.01178251	0.00000000
C23	c	0.83521394	0.16282083	0.05508182	1.32000000	9.32000000	0.02905194	0.00000000
C24	c	0.84748906	0.24700034	0.08777383	1.38000000	9.38000000	0.02892413	0.00000000
C25	c	1.00000000	0.51430719	0.15511714	1.44000000	9.44000000	0.01159424	0.00000000
C26	c	0.95223062	0.53375395	0.11361813	1.50000000	9.50000000	0.02595808	0.00000000
C27	c	0.99866306	0.35052450	0.07800648	1.56000000	9.56000000	0.02153147	0.00000000
C28	c	0.93322035	0.51884563	0.11874790	1.62000000	9.62000000	0.01487755	0.00000000
C29	c	0.96449800	0.53214711	0.09329533	1.68000000	9.68000000	0.01724840	0.00000000
C30	c	0.89057694	0.49188434	0.10038838	1.74000000	9.74000000	0.02112100	0.00000000
C31	c	0.97901145	0.38671930	0.15038114	1.80000000	9.80000000	0.02434841	0.00000000
C32	c	0.10454044	0.53625081	0.02896217	1.86000000	9.86000000	0.01839757	0.00000000
C33	c	0.12602776	0.57368000	0.13485305	1.92000000	9.92000000	0.02652399	0.00000000
C34	c	0.15588359	0.61429840	0.12221886	1.98000000	9.98000000	0.02010844	0.00000000
C35	c	0.13625171	0.46946499	0.08823612	2.00000000	10.00000000	0.02208198	0.00000000
C36	c	0.06428299	0.56069460	0.01421886	2.00000000	10.00000000	0.01359043	0.00000000
C37	c	0.07344969	0.53686998	0.06096557	2.00000000	10.00000000	0.02045625	0.00000000
C38	c	0.17068955	0.49869593	0.15184030	2.00000000	10.00000000	0.02479287	0.00000000
C39	c	0.09184107	0.56308852	0.14456229	2.00000000	10.00000000	0.02205206	0.00000000
C40	c	0.11581589	0.50653148	0.05456376	2.00000000	10.00000000	0.02559498	0.00000000
C41	c	0.00572795	0.48882270	0.08306507	2.00000000	10.00000000	0.02805630	0.00000000
C42	c	0.00000000	0.57341213	0.05371032	2.00000000	10.00000000	0.01617553	0.00000000
C43	c	0.12171336	0.56304766	0.11458632	2.00000000	10.00000000	0.01900595	0.00000000
C44	c	0.63989944	0.60301663	0.12395019	2.00000000	10.00000000	0.02636253	0.00000000
C45	c	0.53802582	0.62385697	0.03129943	2.00000000	10.00000000	0.01123422	0.00000000
C46	c	0.64601960	0.59374606	0.02631709	2.00000000	10.00000000	0.02195205	0.00000000
C47	c	0.62990422	0.51534275	0.08357704	2.00000000	10.00000000	0.02046450	0.00000000
C48	c	0.55749165	0.63908478	0.14066696	2.00000000	10.00000000	0.02660766	0.00000000
C49	c	0.65034403	0.51808788	0.02003833	2.00000000	10.00000000	0.02680044	0.00000000
C50	c	0.60091804	0.64154086	0.11802749	2.00000000	10.00000000	0.02156569	0.00000000

Q Vehicle fuel tank capacity /0.40000000/
C Vehicle load capacity /1.50000000/
r fuel consumption rate /0.25000000/
g inverse refueling rate /1.00000000/
v average Velocity /1.00000000/
