StringID	Type	x	y	demand	ReadyTime	DueDate	ServiceTime	altitude
D0	d	0.50000000	0.50000000	0.00000000	0.00000000	10.00000000	0.00000000	0.00000000
S0	f	0.85056169	0.40341727	0.00000000	0.00000000	10.00000000	0.00000000	0.00000000
S1	f	0.85218244	0.27146178	0.00000000	0.00000000	10.00000000	0.00000000	0.00000000
S2	f	0.19195325	0.46574019	0.00000000	0.00000000	10.00000000	0.00000000	0.00000000
S3	f	0.36795306	0.84633177	0.00000000	0.00000000	10.00000000	0.00000000	0.00000000
S4	f	0.25693825	0.63613760	0.00000000	0.00000000	10.00000000	0.00000000	0.00000000
S5	f	0.21976477	0.17328670	0.00000000	0.00000000	10.00000000	0.00000000	0.00000000
S6	f	0.55579579	0.66051914	0.00000000	0.00000000	10.00000000	0.00000000	0.00000000
S7	f	0.79141452	0.55378480	0.00000000	0.00000000	10.00000000	0.00000000	0.00000000
S8	f	0.84251470	0.87927703	0.00000000	0.00000000	10.00000000	0.00000000	0.00000000
S9	f	0.72630510	0.59288735	0.00000000	0.00000000	10.00000000	0.00000000	0.00000000
C1	c	0.63703856	1.00000000	0.15495677	0.00000000	8.00000000	0.02158087	0.00000000
C2	c	0.76409947	0.93798772	0.07860004	0.06000000	8.06000000	0.02590988	0.00000000
C3	c	0.66284758	0.96976759	0.13016380	0.12000000	8.12000000	0.01814043	0.00000000
C4	c	0.63593026	1.00000000	0.04606450	0.18000000	8.18000000	0.02134296	0.00000000
C5	c	0.65021165	0.94461471	0.11902662	0.24000000	8.24000000	0.01423603	0.00000000
C6	c	0.54448867	1.00000000	0.10616707	0.30000000	8.30000000	0.01595727	0.00000000
C7	c	0.64723614	1.00000000	0.15970114	0.36000000	8.36000000	0.01950681	0.00000000
C8	c	0.60444320	0.97749402	0.07372190	0.42000000	8.42000000	0.01848603	0.00000000
C9	c	0.60331173	0.90300315	0.01179555	0.48000000	8.48000000	0.02546267	0.00000000
C10	c	0.63809046	0.90145554	0.06879337	0.54000000	8.54000000	0.01630617	0.00000000
C11	c	0.02387153	0.83753734	0.12862101	0.60000000	8.60000000	0.01490290	0.00000000
C12	c	0.05716762	0.76653456	0.03640242	0.66000000	8.66000000	0.02369714	0.00000000
C13	c	0.00000000	0.89694226	0.05172219	0.72000000	8.72000000	0.02884835	0.00000000
C14	c	0.03758568	0.81638446	0.10287500	0.78000000	8.78000000	0.02816888	0.00000000
C15	c	0.02920695	0.87614587	0.12666486	0.84000000	8.84000000	0.01611790	0.00000000
C16	c	0.03089026	0.79094162	0.15080772	0.90000000	8.90000000	0.02969204	0.00000000
C17	c	0.83727189	0.96412715	0.04369240	0.96000000	8.96000000	0.01434852	0.00000000
C18	c	0.93902921	1.00000000	0.15840831	1.02000000	9.02000000	0.01387487	0.00000000
C19	c	0.80063710	1.00000000	0.08801679	1.08000000	9.08000000	0.01076094	0.00000000
C20	c	0.91440319	1.00000000	0.10427595	1.14000000	9.14000000	0.01935494	0.00000000
C21	c	0.87197682	0.97669979	0.06663773	1.20000000	9.20000000	0.01455085	0.00000000
C22	c	0.88499911	1.00000000	0.08601645	1.26000000	9.26000000	0.02919356	0.00000000
C23	c	0.91261503	0.97071138	0.13592873	1.32000000	9.32000000	0.01408449	0.00000000
C24	c	0.78345653	0.93114003	0.05683357	1.38000000	9.38000000	0.02401065	0.00000000
C25	c	0.94247490	0.98135238	0.14957568	1.44000000	9.44000000	0.02102831	0.00000000
C26	c	0.29682836	0.41308508	0.13466619	1.50000000	9.50000000	0.02107501	0.00000000
C27	c	0.26192579	0.31468694	0.09401738	1.56000000	9.56000000	0.02132173	0.00000000
C28	c	0.26884797	0.34050190	0.01417516	1.62000000	9.62000000	0.02218628	0.00000000
C29	c	0.32345211	0.39491584	0.07304686	1.68000000	9.68000000	0.02562186	0.00000000
C30	c	0.29653997	0.39962505	0.14321282	1.74000000	9.74000000	0.02670516	0.00000000
C31	c	0.26922828	0.39987256	0.04688723	1.80000000	9.80000000	0.02959050	0.00000000
C32	c	0.91361153	0.55851559	0.03931907	1.86000000	9.86000000	0.02857381	0.00000000
C33	c	0.89967226	0.54177862	0.15287870	1.92000000	9.92000000	0.02495994	0.00000000
C34	c	0.96361710	0.62332600	0.13754892	1.98000000	9.98000000	0.02563437	0.00000000
C35	c	0.95956744	0.55709197	0.09848017	2.00000000	10.00000000	0.02494166	0.00000000
C36	c	0.99412262	0.52849834	0.03967256	2.00000000	10.00000000	0.01760489	0.00000000
C37	c	0.95548882	0.52076292	0.08268036	2.00000000	10.00000000	0.02089658	0.00000000
C38	c	0.90551622	0.58504228	0.15685967	2.00000000	10.00000000	0.01790140	0.00000000
C39	c	0.84349190	0.54052052	0.04094075	2.00000000	10.00000000	0.02200984	0.00000000
C40	c	0.24462837	0.68293293	0.12398911	2.00000000	10.00000000	0.01478824	0.00000000
C41	c	0.22600778	0.68706336	0.01996231	2.00000000	10.00000000	0.02746524	0.00000000
C42	c	0.10576813	0.76323557	0.02523035	2.00000000	10.00000000	0.02267282	0.00000000
C43	c	0.18832810	0.63875556	0.05492236	2.00000000	10.00000000	0.01252015	0.00000000
C44	c	0.21389390	0.39188665	0.15466641	2.00000000	10.00000000	0.01960940	0.00000000
C45	c	0.31192756	0.28905600	0.07220594	2.00000000	10.00000000	0.02883859	0.00000000
C46	c	0.24499815	0.31960738	0.03754492	2.00000000	10.00000000	0.02495326	0.00000000
C47	c	0.21285784	0.30664922	0.05502338	2.00000000	10.00000000	0.02571210	0.00000000
C48	c	0.14465265	0.34519469	0.15377852	2.00000000	10.00000000	0.02749716	0.00000000
C49	c	0.31270276	0.25660866	0.09546241	2.00000000	10.00000000	0.01135990	0.00000000
C50	c	0.30320593	0.40742682	0.01735889	2.00000000	10.00000000	0.02758727	0.00000000

Q Vehicle fuel tank capacity /0.40000000/
C Vehicle load capacity /1.50000000/
r fuel consumption rate /0.25000000/
g inverse refueling rate /1.00000000/
v average Velocity /1.00000000/
