StringID	Type	x	y	demand	ReadyTime	DueDate	ServiceTime	altitude
D0	d	0.50000000	0.50000000	0.00000000	0.00000000	10.00000000	0.00000000	0.00000000
S0	f	0.00587564	0.08517101	0.00000000	0.00000000	10.00000000	0.00000000	0.00000000
S1	f	0.98674959	0.02943932	0.00000000	0.00000000	10.00000000	0.00000000	0.00000000
S2	f	0.25115441	0.50592884	0.00000000	0.00000000	10.00000000	0.00000000	0.00000000
S3	f	0.08783029	0.38385403	0.00000000	0.00000000	10.00000000	0.00000000	0.00000000
S4	f	0.64576550	0.09507691	0.00000000	0.00000000	10.00000000	0.00000000	0.00000000
S5	f	0.90590887	0.63608303	0.00000000	0.00000000	10.00000000	0.00000000	0.00000000
C1	c	0.43105656	0.88310796	0.12254576	0.00000000	8.00000000	0.01851887	0.00000000
C2	c	0.41197140	0.14449182	0.06216333	0.10000000	8.10000000	0.01350096	0.00000000
C3	c	0.41406892	0.20134717	0.07556214	0.20000000	8.20000000	0.01088897	0.00000000
C4	c	0.44305126	0.13922324	0.17694896	0.30000000	8.30000000	0.01564775	0.00000000
C5	c	0.36638454	0.09246149	0.18948928	0.40000000	8.40000000	0.02873454	0.00000000
C6	c	0.51814837	0.24901243	0.05841587	0.50000000	8.50000000	0.01321945	0.00000000
C7	c	0.51335918	0.35996061	0.18371382	0.60000000	8.60000000	0.01152919	0.00000000
C8	c	0.46973377	0.20514335	0.09760465	0.70000000	8.70000000	0.02462730	0.00000000
C9	c	0.56841979	0.29326713	0.14866449	0.80000000	8.80000000	0.01645543	0.00000000
C10	c	0.57751105	0.27624122	0.14561241	0.90000000	8.90000000	0.01314417	0.00000000
C11	c	0.49031962	0.37193225	0.15573819	1.00000000	9.00000000	0.01156589	0.00000000
C12	c	0.50583253	0.30308210	0.07445752	1.10000000	9.10000000	0.02053403	0.00000000
C13	c	0.51549942	0.19953359	0.05370975	1.20000000	9.20000000	0.02976786	0.00000000
C14	c	0.50724567	0.31434835	0.07153859	1.30000000	9.30000000	0.02350839	0.00000000
C15	c	0.53773925	0.28968753	0.10210902	1.40000000	9.40000000	0.02505427	0.00000000
C16	c	0.39823522	0.28797226	0.22400053	1.50000000	9.50000000	0.02046128	0.00000000
C17	c	0.63196477	0.35601475	0.21864939	1.60000000	9.60000000	0.02522162	0.00000000
C18	c	0.46226186	0.30280963	0.23335815	1.70000000	9.70000000	0.02212495	0.00000000
C19	c	0.56824866	0.20191129	0.07344976	1.80000000	9.80000000	0.02525535	0.00000000
C20	c	0.67394405	0.58697028	0.22342399	1.90000000	9.90000000	0.02413126	0.00000000
C21	c	0.68015032	0.55319632	0.24120973	2.00000000	10.00000000	0.01427190	0.00000000
C22	c	0.21856027	0.29690036	0.07874881	2.00000000	10.00000000	0.02535025	0.00000000
C23	c	0.31825106	0.35605489	0.21479027	2.00000000	10.00000000	0.01457662	0.00000000
C24	c	0.31092797	0.26892809	0.13225318	2.00000000	10.00000000	0.01812385	0.00000000
C25	c	0.20011543	0.28658238	0.23643885	2.00000000	10.00000000	0.02328972	0.00000000
C26	c	0.34047222	0.23191035	0.20502215	2.00000000	10.00000000	0.02953326	0.00000000
C27	c	0.27913156	0.25613567	0.23146516	2.00000000	10.00000000	0.01533527	0.00000000
C28	c	0.27379688	0.36460377	0.19993426	2.00000000	10.00000000	0.02744117	0.00000000
C29	c	0.28280661	0.20825954	0.06082437	2.00000000	10.00000000	0.01917007	0.00000000
C30	c	0.21571046	0.25766802	0.20815765	2.00000000	10.00000000	0.02161709	0.00000000

Q Vehicle fuel tank capacity /0.40000000/
C Vehicle load capacity /1.50000000/
r fuel consumption rate /0.25000000/
g inverse refueling rate /1.00000000/
v average Velocity /1.00000000/
