StringID	Type	x	y	demand	ReadyTime	DueDate	ServiceTime	altitude
D0	d	0.50000000	0.50000000	0.00000000	0.00000000	10.00000000	0.00000000	0.00000000
S0	f	0.82939001	0.21044803	0.00000000	0.00000000	10.00000000	0.00000000	0.00000000
S1	f	0.69501590	0.19092231	0.00000000	0.00000000	10.00000000	0.00000000	0.00000000
S2	f	0.31298056	0.61021434	0.00000000	0.00000000	10.00000000	0.00000000	0.00000000
S3	f	0.84606805	0.25554587	0.00000000	0.00000000	10.00000000	0.00000000	0.00000000
S4	f	0.37421640	0.87059285	0.00000000	0.00000000	10.00000000	0.00000000	0.00000000
S5	f	0.02736389	0.84535560	0.00000000	0.00000000	10.00000000	0.00000000	0.00000000
C1	c	0.91827757	0.84585248	0.25459297	0.00000000	8.00000000	0.02035780	0.00000000
C2	c	0.83510541	0.81268587	0.11043364	0.10000000	8.10000000	0.02506023	0.00000000
C3	c	0.88581780	0.79235137	0.07251891	0.20000000	8.20000000	0.01346332	0.00000000
C4	c	0.86046067	0.80929120	0.20628635	0.30000000	8.30000000	0.02616567	0.00000000
C5	c	0.83417520	0.80203977	0.24904989	0.40000000	8.40000000	0.01364596	0.00000000
C6	c	0.87143588	0.88139088	0.22852113	0.50000000	8.50000000	0.01099418	0.00000000
C7	c	0.88352355	0.81762006	0.05780757	0.60000000	8.60000000	0.02630029	0.00000000
C8	c	0.43938023	0.35020289	0.14013083	0.70000000	8.70000000	0.02630047	0.00000000
C9	c	0.46485563	0.37718068	0.24584244	0.80000000	8.80000000	0.01801994	0.00000000
C10	c	0.48896167	0.34217489	0.17333518	0.90000000	8.90000000	0.02941828	0.00000000
C11	c	0.44141403	0.45958507	0.20247049	1.00000000	9.00000000	0.01626805	0.00000000
C12	c	0.79932601	0.24830728	0.08966125	1.10000000	9.10000000	0.02546697	0.00000000
C13	c	0.83041484	0.32008780	0.20647319	1.20000000	9.20000000	0.01091085	0.00000000
C14	c	0.74931621	0.23422496	0.20145806	1.30000000	9.30000000	0.01866022	0.00000000
C15	c	0.88024020	0.19028193	0.25744823	1.40000000	9.40000000	0.01694840	0.00000000
C16	c	0.77523912	0.29444820	0.07780825	1.50000000	9.50000000	0.01303943	0.00000000
C17	c	0.43619953	0.37914733	0.16914140	1.60000000	9.60000000	0.02207509	0.00000000
C18	c	0.60494872	0.35218859	0.14900309	1.70000000	9.70000000	0.01885752	0.00000000
C19	c	0.55042652	0.33561085	0.09893657	1.80000000	9.80000000	0.01321459	0.00000000
C20	c	0.59347017	0.33504170	0.17015483	1.90000000	9.90000000	0.01618871	0.00000000
C21	c	0.53239338	0.42227697	0.16604292	2.00000000	10.00000000	0.01661805	0.00000000
C22	c	0.58657127	0.35209375	0.04242519	2.00000000	10.00000000	0.01293517	0.00000000
C23	c	0.57022374	0.37786157	0.02961282	2.00000000	10.00000000	0.01297911	0.00000000
C24	c	0.56111592	0.38068692	0.07661308	2.00000000	10.00000000	0.02402952	0.00000000
C25	c	0.18695037	0.76014224	0.02588321	2.00000000	10.00000000	0.01779989	0.00000000
C26	c	0.25677453	0.79858257	0.19315464	2.00000000	10.00000000	0.02093628	0.00000000
C27	c	0.28421112	0.75803506	0.25370596	2.00000000	10.00000000	0.02991952	0.00000000
C28	c	0.26468000	0.80115180	0.04459009	2.00000000	10.00000000	0.01423715	0.00000000
C29	c	0.24901149	0.72393324	0.14577961	2.00000000	10.00000000	0.01812645	0.00000000
C30	c	0.20494070	0.70890081	0.16111820	2.00000000	10.00000000	0.01503817	0.00000000

Q Vehicle fuel tank capacity /0.40000000/
C Vehicle load capacity /1.50000000/
r fuel consumption rate /0.25000000/
g inverse refueling rate /1.00000000/
v average Velocity /1.00000000/
