StringID	Type	x	y	demand	ReadyTime	DueDate	ServiceTime	altitude
D0	d	0.50000000	0.50000000	0.00000000	0.00000000	10.00000000	0.00000000	0.00000000
S0	f	0.20878476	0.92048483	0.00000000	0.00000000	10.00000000	0.00000000	0.00000000
S1	f	0.19428035	0.19755585	0.00000000	0.00000000	10.00000000	0.00000000	0.00000000
S2	f	0.14718526	0.74599105	0.00000000	0.00000000	10.00000000	0.00000000	0.00000000
S3	f	0.66507442	0.62050021	0.00000000	0.00000000	10.00000000	0.00000000	0.00000000
S4	f	0.99384978	0.00798130	0.00000000	0.00000000	10.00000000	0.00000000	0.00000000
S5	f	0.31424527	0.68420526	0.00000000	0.00000000	10.00000000	0.00000000	0.00000000
C1	c	0.04814651	0.11270262	0.18988933	0.00000000	8.00000000	0.02030114	0.00000000
C2	c	0.05226722	0.04073843	0.20448166	0.10000000	8.10000000	0.01158360	0.00000000
C3	c	0.04869383	0.17893052	0.23520555	0.20000000	8.20000000	0.01728231	0.00000000
C4	c	0.00257048	0.05252977	0.21577718	0.30000000	8.30000000	0.02488846	0.00000000
C5	c	0.07117424	0.63931931	0.06808558	0.40000000	8.40000000	0.02127036	0.00000000
C6	c	0.12942570	0.49080740	0.14636942	0.50000000	8.50000000	0.01013601	0.00000000
C7	c	0.04930084	0.50191191	0.19486925	0.60000000	8.60000000	0.02495978	0.00000000
C8	c	0.12332324	0.62379080	0.15345274	0.70000000	8.70000000	0.02174078	0.00000000
C9	c	0.12850828	0.50565766	0.23145976	0.80000000	8.80000000	0.02728481	0.00000000
C10	c	0.07847861	0.48782611	0.20821144	0.90000000	8.90000000	0.01480237	0.00000000
C11	c	0.07175973	0.50024128	0.06353220	1.00000000	9.00000000	0.02833999	0.00000000
C12	c	0.02034227	0.64072888	0.03633546	1.10000000	9.10000000	0.02880827	0.00000000
C13	c	0.03300166	0.48725526	0.15406401	1.20000000	9.20000000	0.01018945	0.00000000
C14	c	0.05480523	0.56923365	0.09711945	1.30000000	9.30000000	0.01153565	0.00000000
C15	c	0.66795537	0.83736748	0.05616387	1.40000000	9.40000000	0.01707902	0.00000000
C16	c	0.75195441	0.77207342	0.17049457	1.50000000	9.50000000	0.02242858	0.00000000
C17	c	0.76937206	0.76224178	0.19135716	1.60000000	9.60000000	0.01288657	0.00000000
C18	c	0.74798815	0.80818438	0.06815037	1.70000000	9.70000000	0.02263373	0.00000000
C19	c	0.82053399	0.94190388	0.15541944	1.80000000	9.80000000	0.02648754	0.00000000
C20	c	0.75718562	1.00000000	0.19573860	1.90000000	9.90000000	0.01318232	0.00000000
C21	c	0.84851647	0.99904023	0.07545423	2.00000000	10.00000000	0.02279545	0.00000000
C22	c	0.79125579	1.00000000	0.07533881	2.00000000	10.00000000	0.02216836	0.00000000
C23	c	0.73340527	1.00000000	0.22723128	2.00000000	10.00000000	0.02375683	0.00000000
C24	c	0.68481041	0.83323963	0.03726143	2.00000000	10.00000000	0.02706791	0.00000000
C25	c	0.73193806	0.87039741	0.11992334	2.00000000	10.00000000	0.01781163	0.00000000
C26	c	0.69873962	0.76004473	0.23744399	2.00000000	10.00000000	0.02777838	0.00000000
C27	c	0.67293330	0.79933378	0.17188738	2.00000000	10.00000000	0.01539809	0.00000000
C28	c	0.65810251	0.85469614	0.21636480	2.00000000	10.00000000	0.02122263	0.00000000
C29	c	0.64043388	0.77675100	0.09520195	2.00000000	10.00000000	0.02649885	0.00000000
C30	c	0.66807029	0.83111291	0.20771576	2.00000000	10.00000000	0.01686599	0.00000000

Q Vehicle fuel tank capacity /0.40000000/
C Vehicle load capacity /1.50000000/
r fuel consumption rate /0.25000000/
g inverse refueling rate /1.00000000/
v average Velocity /1.00000000/
