StringID	Type	x	y	demand	ReadyTime	DueDate	ServiceTime	altitude
D0	d	0.50000000	0.50000000	0.00000000	0.00000000	10.00000000	0.00000000	0.00000000
S0	f	0.84214976	0.35590440	0.00000000	0.00000000	10.00000000	0.00000000	0.00000000
S1	f	0.72102760	0.27444648	0.00000000	0.00000000	10.00000000	0.00000000	0.00000000
S2	f	0.38878500	0.03413212	0.00000000	0.00000000	10.00000000	0.00000000	0.00000000
S3	f	0.02647000	0.16886859	0.00000000	0.00000000	10.00000000	0.00000000	0.00000000
S4	f	0.40723445	0.34920834	0.00000000	0.00000000	10.00000000	0.00000000	0.00000000
S5	f	0.02885562	0.07795392	0.00000000	0.00000000	10.00000000	0.00000000	0.00000000
S6	f	0.92158079	0.35846811	0.00000000	0.00000000	10.00000000	0.00000000	0.00000000
S7	f	0.45236884	0.17357861	0.00000000	0.00000000	10.00000000	0.00000000	0.00000000
S8	f	0.87698970	0.61971975	0.00000000	0.00000000	10.00000000	0.00000000	0.00000000
S9	f	0.74870169	0.60841744	0.00000000	0.00000000	10.00000000	0.00000000	0.00000000
C1	c	0.10461736	0.92643007	0.09148334	0.00000000	8.00000000	0.02401808	0.00000000
C2	c	0.09219861	0.99117689	0.10840134	0.06000000	8.06000000	0.01694627	0.00000000
C3	c	0.10260286	0.86566742	0.04289376	0.12000000	8.12000000	0.02971759	0.00000000
C4	c	0.11957972	0.87568467	0.11109659	0.18000000	8.18000000	0.02536285	0.00000000
C5	c	0.08879574	1.00000000	0.08676669	0.24000000	8.24000000	0.02650009	0.00000000
C6	c	0.07535198	1.00000000	0.06896014	0.30000000	8.30000000	0.02216843	0.00000000
C7	c	0.02897568	0.91455128	0.15622299	0.36000000	8.36000000	0.01063044	0.00000000
C8	c	0.10040649	0.87439246	0.16130918	0.42000000	8.42000000	0.02760339	0.00000000
C9	c	0.52406633	1.00000000	0.10824327	0.48000000	8.48000000	0.02101231	0.00000000
C10	c	0.58013449	0.92575122	0.12858104	0.54000000	8.54000000	0.02931150	0.00000000
C11	c	0.60315116	0.87899671	0.07550244	0.60000000	8.60000000	0.02623230	0.00000000
C12	c	0.40997221	0.97197097	0.08128563	0.66000000	8.66000000	0.02234194	0.00000000
C13	c	0.68866365	0.90922950	0.08134087	0.72000000	8.72000000	0.01117458	0.00000000
C14	c	0.58724289	0.95778469	0.02438867	0.78000000	8.78000000	0.02658914	0.00000000
C15	c	0.62099682	0.94339607	0.03248871	0.84000000	8.84000000	0.01306760	0.00000000
C16	c	0.60901977	0.93769553	0.04686583	0.90000000	8.90000000	0.02964883	0.00000000
C17	c	0.65245740	0.88489532	0.15220288	0.96000000	8.96000000	0.02916505	0.00000000
C18	c	0.57405299	0.94780617	0.14421581	1.02000000	9.02000000	0.01111907	0.00000000
C19	c	0.91853089	0.91996347	0.15328005	1.08000000	9.08000000	0.01767600	0.00000000
C20	c	0.88407412	0.83311547	0.10094831	1.14000000	9.14000000	0.01011970	0.00000000
C21	c	0.87165940	0.89499505	0.15037987	1.20000000	9.20000000	0.02368650	0.00000000
C22	c	0.88763283	0.89980754	0.11661007	1.26000000	9.26000000	0.02491636	0.00000000
C23	c	0.91139523	0.86048426	0.10210042	1.32000000	9.32000000	0.02976269	0.00000000
C24	c	0.84875429	1.00000000	0.01466096	1.38000000	9.38000000	0.01752757	0.00000000
C25	c	0.85715843	0.88453194	0.14446995	1.44000000	9.44000000	0.02769382	0.00000000
C26	c	0.78236192	0.78279667	0.04393571	1.50000000	9.50000000	0.01842547	0.00000000
C27	c	0.83098870	0.80652299	0.04970942	1.56000000	9.56000000	0.02789258	0.00000000
C28	c	0.64075413	0.47853486	0.11714477	1.62000000	9.62000000	0.02562131	0.00000000
C29	c	0.70224175	0.46039367	0.15464717	1.68000000	9.68000000	0.01904362	0.00000000
C30	c	0.79141779	0.53777326	0.06843706	1.74000000	9.74000000	0.02810989	0.00000000
C31	c	0.72912100	0.46423129	0.04805096	1.80000000	9.80000000	0.02113489	0.00000000
C32	c	0.54021818	0.51329850	0.12700850	1.86000000	9.86000000	0.01688360	0.00000000
C33	c	0.84777661	0.03380460	0.01527456	1.92000000	9.92000000	0.02865042	0.00000000
C34	c	0.71736864	0.16579988	0.08679728	1.98000000	9.98000000	0.01469158	0.00000000
C35	c	0.75363094	0.15922568	0.04428951	2.00000000	10.00000000	0.02731392	0.00000000
C36	c	0.80057634	0.14378632	0.01422245	2.00000000	10.00000000	0.02255163	0.00000000
C37	c	0.88661907	0.10648890	0.12076652	2.00000000	10.00000000	0.02692366	0.00000000
C38	c	0.81580559	0.11676838	0.05884480	2.00000000	10.00000000	0.01487970	0.00000000
C39	c	0.84287990	0.04784337	0.09694671	2.00000000	10.00000000	0.02250579	0.00000000
C40	c	1.00000000	0.08031125	0.03474616	2.00000000	10.00000000	0.01514879	0.00000000
C41	c	1.00000000	0.14062442	0.04201063	2.00000000	10.00000000	0.02771182	0.00000000
C42	c	0.97260251	0.13653538	0.10436854	2.00000000	10.00000000	0.01941778	0.00000000
C43	c	0.96367716	0.10331246	0.07912400	2.00000000	10.00000000	0.01603992	0.00000000
C44	c	0.98819575	0.11456103	0.07797976	2.00000000	10.00000000	0.01480834	0.00000000
C45	c	0.32058793	0.67284768	0.02297107	2.00000000	10.00000000	0.01837024	0.00000000
C46	c	0.26028563	0.74357998	0.12202731	2.00000000	10.00000000	0.01594686	0.00000000
C47	c	0.29011066	0.71865028	0.11217442	2.00000000	10.00000000	0.02968741	0.00000000
C48	c	0.24007043	0.75420544	0.15626207	2.00000000	10.00000000	0.01492203	0.00000000
C49	c	0.24270268	0.79442779	0.07425125	2.00000000	10.00000000	0.02462694	0.00000000
C50	c	0.20670293	0.68592627	0.14331060	2.00000000	10.00000000	0.01389076	0.00000000

Q Vehicle fuel tank capacity /0.40000000/
C Vehicle load capacity /1.50000000/
r fuel consumption rate /0.25000000/
g inverse refueling rate /1.00000000/
v average Velocity /1.00000000/
