StringID	Type	x	y	demand	ReadyTime	DueDate	ServiceTime	altitude
D0	d	0.50000000	0.50000000	0.00000000	0.00000000	10.00000000	0.00000000	0.00000000
S0	f	0.98376178	0.85765015	0.00000000	0.00000000	10.00000000	0.00000000	0.00000000
S1	f	0.84753527	0.43764156	0.00000000	0.00000000	10.00000000	0.00000000	0.00000000
S2	f	0.76187767	0.45710630	0.00000000	0.00000000	10.00000000	0.00000000	0.00000000
S3	f	0.06581379	0.49523143	0.00000000	0.00000000	10.00000000	0.00000000	0.00000000
S4	f	0.29839429	0.06470806	0.00000000	0.00000000	10.00000000	0.00000000	0.00000000
S5	f	0.97606883	0.18808505	0.00000000	0.00000000	10.00000000	0.00000000	0.00000000
S6	f	0.31386847	0.94811349	0.00000000	0.00000000	10.00000000	0.00000000	0.00000000
S7	f	0.12686250	0.26198318	0.00000000	0.00000000	10.00000000	0.00000000	0.00000000
S8	f	0.51978648	0.24251506	0.00000000	0.00000000	10.00000000	0.00000000	0.00000000
S9	f	0.35167914	0.25548580	0.00000000	0.00000000	10.00000000	0.00000000	0.00000000
C1	c	0.55004089	1.00000000	0.09342165	0.00000000	8.00000000	0.02724045	0.00000000
C2	c	0.59346404	0.92867165	0.06368297	0.06000000	8.06000000	0.01641068	0.00000000
C3	c	0.46305517	1.00000000	0.13042465	0.12000000	8.12000000	0.01190131	0.00000000
C4	c	0.52627738	0.98147198	0.03571150	0.18000000	8.18000000	0.01752039	0.00000000
C5	c	0.55918877	0.95798499	0.05156881	0.24000000	8.24000000	0.01397365	0.00000000
C6	c	0.57446818	1.00000000	0.07933670	0.30000000	8.30000000	0.01058901	0.00000000
C7	c	0.53058330	0.95624117	0.09870185	0.36000000	8.36000000	0.01555776	0.00000000
C8	c	0.51422069	0.96414328	0.11045286	0.42000000	8.42000000	0.01829300	0.00000000
C9	c	0.53453328	0.89545895	0.09694800	0.48000000	8.48000000	0.01682487	0.00000000
C10	c	0.56613703	0.98838570	0.07412440	0.54000000	8.54000000	0.02960692	0.00000000
C11	c	0.54639019	0.90671650	0.06087495	0.60000000	8.60000000	0.01867633	0.00000000
C12	c	0.56512699	0.95524919	0.14299609	0.66000000	8.66000000	0.01128135	0.00000000
C13	c	0.53079415	0.95821820	0.07108025	0.72000000	8.72000000	0.02527121	0.00000000
C14	c	0.46544018	0.39796467	0.14994830	0.78000000	8.78000000	0.01985324	0.00000000
C15	c	0.56626623	0.51551621	0.04561048	0.84000000	8.84000000	0.01704576	0.00000000
C16	c	0.49412086	0.49716012	0.07379244	0.90000000	8.90000000	0.02942825	0.00000000
C17	c	0.51757905	0.50347595	0.06143127	0.96000000	8.96000000	0.02236542	0.00000000
C18	c	0.66874737	0.55788172	0.15065322	1.02000000	9.02000000	0.01262347	0.00000000
C19	c	0.53982019	0.47147853	0.10480951	1.08000000	9.08000000	0.02144549	0.00000000
C20	c	0.54628607	0.51748880	0.13876851	1.14000000	9.14000000	0.01179375	0.00000000
C21	c	0.53391442	0.52506712	0.01709784	1.20000000	9.20000000	0.01019049	0.00000000
C22	c	0.51982841	0.59318019	0.14507728	1.26000000	9.26000000	0.01360127	0.00000000
C23	c	0.53971055	0.75974508	0.07093948	1.32000000	9.32000000	0.01436375	0.00000000
C24	c	0.50892540	0.76687722	0.15033356	1.38000000	9.38000000	0.01840429	0.00000000
C25	c	0.58790543	0.67105999	0.09912318	1.44000000	9.44000000	0.01229014	0.00000000
C26	c	0.55756947	0.85377281	0.01123602	1.50000000	9.50000000	0.02481534	0.00000000
C27	c	0.59487139	0.72853232	0.15517905	1.56000000	9.56000000	0.01166108	0.00000000
C28	c	0.55052497	0.72992594	0.09976611	1.62000000	9.62000000	0.02286955	0.00000000
C29	c	0.53837321	0.74386596	0.12770897	1.68000000	9.68000000	0.02604312	0.00000000
C30	c	0.54907774	0.76691323	0.07730039	1.74000000	9.74000000	0.02326314	0.00000000
C31	c	0.20021646	0.78788365	0.11794228	1.80000000	9.80000000	0.01486189	0.00000000
C32	c	0.19494875	0.68105559	0.15505059	1.86000000	9.86000000	0.01321855	0.00000000
C33	c	0.16789095	0.80937836	0.16463166	1.92000000	9.92000000	0.02265896	0.00000000
C34	c	0.23221170	0.67967472	0.06245222	1.98000000	9.98000000	0.01488814	0.00000000
C35	c	0.18519742	0.72541786	0.15217680	2.00000000	10.00000000	0.01352416	0.00000000
C36	c	0.32361941	0.68305146	0.03033047	2.00000000	10.00000000	0.01802432	0.00000000
C37	c	0.36182179	0.76032426	0.08044562	2.00000000	10.00000000	0.02641239	0.00000000
C38	c	0.26378195	0.71289959	0.07990482	2.00000000	10.00000000	0.01356824	0.00000000
C39	c	0.32282615	0.69664434	0.15543212	2.00000000	10.00000000	0.02642017	0.00000000
C40	c	0.42306822	0.66212528	0.02062253	2.00000000	10.00000000	0.02619819	0.00000000
C41	c	0.31252660	0.74033187	0.13682798	2.00000000	10.00000000	0.01730154	0.00000000
C42	c	0.05228477	0.89693617	0.03044240	2.00000000	10.00000000	0.01389606	0.00000000
C43	c	0.12501111	0.86647333	0.07285710	2.00000000	10.00000000	0.01150924	0.00000000
C44	c	0.09604092	0.80432120	0.07253451	2.00000000	10.00000000	0.02052186	0.00000000
C45	c	0.03522254	0.76081580	0.11407301	2.00000000	10.00000000	0.02647667	0.00000000
C46	c	0.64120699	0.03849545	0.01783767	2.00000000	10.00000000	0.02745390	0.00000000
C47	c	0.71513734	0.00000000	0.02165831	2.00000000	10.00000000	0.01253427	0.00000000
C48	c	0.75979442	0.15452542	0.05383642	2.00000000	10.00000000	0.01462949	0.00000000
C49	c	0.73810855	0.01067029	0.11878856	2.00000000	10.00000000	0.02561513	0.00000000
C50	c	0.79854272	0.03353164	0.05405464	2.00000000	10.00000000	0.02416860	0.00000000

Q Vehicle fuel tank capacity /0.40000000/
C Vehicle load capacity /1.50000000/
r fuel consumption rate /0.25000000/
g inverse refueling rate /1.00000000/
v average Velocity /1.00000000/
