StringID	Type	x	y	demand	ReadyTime	DueDate	ServiceTime	altitude
D0	d	0.50000000	0.50000000	0.00000000	0.00000000	10.00000000	0.00000000	0.00000000
S0	f	0.22618974	0.65323800	0.00000000	0.00000000	10.00000000	0.00000000	0.00000000
S1	f	0.19658114	0.07289448	0.00000000	0.00000000	10.00000000	0.00000000	0.00000000
S2	f	0.97022755	0.80005882	0.00000000	0.00000000	10.00000000	0.00000000	0.00000000
S3	f	0.06411394	0.85454854	0.00000000	0.00000000	10.00000000	0.00000000	0.00000000
S4	f	0.03740282	0.56303701	0.00000000	0.00000000	10.00000000	0.00000000	0.00000000
S5	f	0.12669072	0.49876470	0.00000000	0.00000000	10.00000000	0.00000000	0.00000000
S6	f	0.64417181	0.52040094	0.00000000	0.00000000	10.00000000	0.00000000	0.00000000
S7	f	0.85862207	0.12974246	0.00000000	0.00000000	10.00000000	0.00000000	0.00000000
S8	f	0.53914839	0.23392431	0.00000000	0.00000000	10.00000000	0.00000000	0.00000000
S9	f	0.46144784	0.24682673	0.00000000	0.00000000	10.00000000	0.00000000	0.00000000
C1	c	0.18152865	0.56993631	0.16040816	0.00000000	8.00000000	0.02403378	0.00000000
C2	c	0.16377793	0.57807105	0.02184590	0.06000000	8.06000000	0.01092830	0.00000000
C3	c	0.19052572	0.54952777	0.04053706	0.12000000	8.12000000	0.01587700	0.00000000
C4	c	0.18646459	0.53971925	0.14690787	0.18000000	8.18000000	0.02062948	0.00000000
C5	c	0.21809869	0.56833390	0.14984567	0.24000000	8.24000000	0.02856144	0.00000000
C6	c	0.57055981	0.10367085	0.03013796	0.30000000	8.30000000	0.02480746	0.00000000
C7	c	0.63034760	0.11888167	0.16044303	0.36000000	8.36000000	0.02859131	0.00000000
C8	c	0.58150124	0.18058156	0.11429526	0.42000000	8.42000000	0.01946081	0.00000000
C9	c	0.46760437	0.16404824	0.07437856	0.48000000	8.48000000	0.01887482	0.00000000
C10	c	0.38626900	0.38287525	0.12855342	0.54000000	8.54000000	0.02646860	0.00000000
C11	c	0.38032551	0.46287936	0.09872887	0.60000000	8.60000000	0.02052873	0.00000000
C12	c	0.47087382	0.34144743	0.10193636	0.66000000	8.66000000	0.01728109	0.00000000
C13	c	0.39088990	0.33046470	0.13329385	0.72000000	8.72000000	0.02685249	0.00000000
C14	c	0.40263256	0.49938897	0.03297778	0.78000000	8.78000000	0.01961341	0.00000000
C15	c	0.38267372	0.43775523	0.02970987	0.84000000	8.84000000	0.02085928	0.00000000
C16	c	0.38486139	0.42059609	0.17230201	0.90000000	8.90000000	0.02408030	0.00000000
C17	c	0.30400501	0.36596468	0.03364958	0.96000000	8.96000000	0.01310384	0.00000000
C18	c	0.40736867	0.40001255	0.09945663	1.02000000	9.02000000	0.01224497	0.00000000
C19	c	0.80192583	0.85838172	0.08065403	1.08000000	9.08000000	0.01774603	0.00000000
C20	c	0.77013747	0.85652573	0.14752351	1.14000000	9.14000000	0.02597794	0.00000000
C21	c	0.82108125	0.78557293	0.10031642	1.20000000	9.20000000	0.02297310	0.00000000
C22	c	0.85221638	0.88140150	0.06700140	1.26000000	9.26000000	0.02080113	0.00000000
C23	c	0.82122252	0.78426727	0.01792569	1.32000000	9.32000000	0.01490329	0.00000000
C24	c	0.81501219	0.86146782	0.07899105	1.38000000	9.38000000	0.01664076	0.00000000
C25	c	0.82005831	0.76967385	0.07007755	1.44000000	9.44000000	0.01869366	0.00000000
C26	c	0.85252279	0.82319619	0.12399364	1.50000000	9.50000000	0.01141691	0.00000000
C27	c	0.78116562	0.84391760	0.02563377	1.56000000	9.56000000	0.02569887	0.00000000
C28	c	0.74349826	0.58830927	0.07407856	1.62000000	9.62000000	0.01665198	0.00000000
C29	c	0.84018201	0.49413028	0.15184188	1.68000000	9.68000000	0.01275889	0.00000000
C30	c	0.79543236	0.53239604	0.05889974	1.74000000	9.74000000	0.02484290	0.00000000
C31	c	0.79296148	0.47214461	0.12838137	1.80000000	9.80000000	0.02309707	0.00000000
C32	c	0.76546158	0.46656222	0.08089117	1.86000000	9.86000000	0.01369406	0.00000000
C33	c	0.86153427	0.55562897	0.10426955	1.92000000	9.92000000	0.02822264	0.00000000
C34	c	0.84016101	0.54950802	0.03563603	1.98000000	9.98000000	0.02471888	0.00000000
C35	c	0.81443989	0.47025223	0.12912197	2.00000000	10.00000000	0.02575622	0.00000000
C36	c	0.86061810	0.54830359	0.04335462	2.00000000	10.00000000	0.02030715	0.00000000
C37	c	0.84263093	0.56532484	0.13926025	2.00000000	10.00000000	0.01164194	0.00000000
C38	c	0.75736718	0.51843206	0.06242062	2.00000000	10.00000000	0.01852690	0.00000000
C39	c	0.70799944	0.60422054	0.05487848	2.00000000	10.00000000	0.01566829	0.00000000
C40	c	0.26649682	0.67593394	0.08787472	2.00000000	10.00000000	0.01002725	0.00000000
C41	c	0.26290793	0.66975482	0.12811179	2.00000000	10.00000000	0.02142866	0.00000000
C42	c	0.09790621	0.65729511	0.17742640	2.00000000	10.00000000	0.01412907	0.00000000
C43	c	0.26138181	0.62272689	0.06146893	2.00000000	10.00000000	0.01042571	0.00000000
C44	c	0.20115368	0.60386574	0.01203538	2.00000000	10.00000000	0.02782615	0.00000000
C45	c	0.16374778	0.62138886	0.07017387	2.00000000	10.00000000	0.02397933	0.00000000
C46	c	0.19555288	0.68431584	0.15776079	2.00000000	10.00000000	0.01686509	0.00000000
C47	c	0.81181070	0.44081040	0.16586277	2.00000000	10.00000000	0.02774116	0.00000000
C48	c	0.80611786	0.39430791	0.08381131	2.00000000	10.00000000	0.02343165	0.00000000
C49	c	0.85877222	0.42071629	0.01979153	2.00000000	10.00000000	0.01170159	0.00000000
C50	c	0.86767111	0.47182562	0.03112341	2.00000000	10.00000000	0.01297487	0.00000000

Q Vehicle fuel tank capacity /0.40000000/
C Vehicle load capacity /1.50000000/
r fuel consumption rate /0.25000000/
g inverse refueling rate /1.00000000/
v average Velocity /1.00000000/
