StringID	Type	x	y	demand	ReadyTime	DueDate	ServiceTime	altitude
D0	d	0.50000000	0.50000000	0.00000000	0.00000000	10.00000000	0.00000000	0.00000000
S0	f	0.45943284	0.99096784	0.00000000	0.00000000	10.00000000	0.00000000	0.00000000
S1	f	0.65998507	0.74071944	0.00000000	0.00000000	10.00000000	0.00000000	0.00000000
S2	f	0.69494230	0.53398910	0.00000000	0.00000000	10.00000000	0.00000000	0.00000000
S3	f	0.03179060	0.11776792	0.00000000	0.00000000	10.00000000	0.00000000	0.00000000
S4	f	0.42070571	0.78248244	0.00000000	0.00000000	10.00000000	0.00000000	0.00000000
S5	f	0.69729088	0.68860178	0.00000000	0.00000000	10.00000000	0.00000000	0.00000000
C1	c	0.73659708	0.31575319	0.12378349	0.00000000	8.00000000	0.01298475	0.00000000
C2	c	0.77679491	0.17189461	0.14240189	0.10000000	8.10000000	0.01683362	0.00000000
C3	c	0.82928720	0.34130591	0.03956276	0.20000000	8.20000000	0.01758526	0.00000000
C4	c	0.72602956	0.26150090	0.22586417	0.30000000	8.30000000	0.02187615	0.00000000
C5	c	0.79770944	0.31934676	0.18933200	0.40000000	8.40000000	0.02258445	0.00000000
C6	c	0.72938918	0.29071285	0.24277219	0.50000000	8.50000000	0.01677574	0.00000000
C7	c	0.75372012	0.38914249	0.07479518	0.60000000	8.60000000	0.02605932	0.00000000
C8	c	0.47651103	0.91631303	0.27600507	0.70000000	8.70000000	0.02111491	0.00000000
C9	c	0.39549600	0.96397339	0.25797135	0.80000000	8.80000000	0.02647133	0.00000000
C10	c	0.39386637	0.96148345	0.21495193	0.90000000	8.90000000	0.02285652	0.00000000
C11	c	0.35822280	1.00000000	0.04773160	1.00000000	9.00000000	0.01892059	0.00000000
C12	c	0.41735340	0.98543091	0.06022671	1.10000000	9.10000000	0.02203855	0.00000000
C13	c	0.88712253	0.95729690	0.05019929	1.20000000	9.20000000	0.02281235	0.00000000
C14	c	0.92768498	0.92901395	0.04681578	1.30000000	9.30000000	0.02645380	0.00000000
C15	c	0.89472925	0.93738775	0.27038674	1.40000000	9.40000000	0.01179934	0.00000000
C16	c	0.98153358	0.97492047	0.06365210	1.50000000	9.50000000	0.01034389	0.00000000
C17	c	0.84788382	0.90154462	0.25035784	1.60000000	9.60000000	0.02008972	0.00000000
C18	c	0.94249353	0.93934697	0.07566551	1.70000000	9.70000000	0.01321475	0.00000000
C19	c	0.92271577	1.00000000	0.26357509	1.80000000	9.80000000	0.01277248	0.00000000
C20	c	0.90637437	0.22759626	0.12703696	1.90000000	9.90000000	0.01848588	0.00000000
C21	c	0.91271566	0.10515597	0.24474998	2.00000000	10.00000000	0.01780662	0.00000000
C22	c	0.93621603	0.15210826	0.18989631	2.00000000	10.00000000	0.01155057	0.00000000
C23	c	0.93363890	0.17229881	0.17672880	2.00000000	10.00000000	0.02162048	0.00000000
C24	c	0.87467363	0.21508263	0.17421736	2.00000000	10.00000000	0.02710727	0.00000000
C25	c	0.90058997	0.14555707	0.03560296	2.00000000	10.00000000	0.01799465	0.00000000
C26	c	0.84437140	0.18977327	0.08208038	2.00000000	10.00000000	0.01495512	0.00000000
C27	c	0.61026253	0.46555339	0.11781901	2.00000000	10.00000000	0.02881693	0.00000000
C28	c	0.62481428	0.46737379	0.10527618	2.00000000	10.00000000	0.01537619	0.00000000
C29	c	0.62234220	0.53346037	0.16005212	2.00000000	10.00000000	0.01720897	0.00000000
C30	c	0.65423832	0.55497711	0.17048926	2.00000000	10.00000000	0.01527840	0.00000000

Q Vehicle fuel tank capacity /0.40000000/
C Vehicle load capacity /1.50000000/
r fuel consumption rate /0.25000000/
g inverse refueling rate /1.00000000/
v average Velocity /1.00000000/
