StringID	Type	x	y	demand	ReadyTime	DueDate	ServiceTime	altitude
D0	d	0.50000000	0.50000000	0.00000000	0.00000000	10.00000000	0.00000000	0.00000000
S0	f	0.72057425	0.29595466	0.00000000	0.00000000	10.00000000	0.00000000	0.00000000
S1	f	0.16354267	0.90724644	0.00000000	0.00000000	10.00000000	0.00000000	0.00000000
S2	f	0.72583822	0.55414011	0.00000000	0.00000000	10.00000000	0.00000000	0.00000000
S3	f	0.76249919	0.14253720	0.00000000	0.00000000	10.00000000	0.00000000	0.00000000
S4	f	0.31614220	0.58232506	0.00000000	0.00000000	10.00000000	0.00000000	0.00000000
S5	f	0.62997761	0.81669320	0.00000000	0.00000000	10.00000000	0.00000000	0.00000000
S6	f	0.59396937	0.57515279	0.00000000	0.00000000	10.00000000	0.00000000	0.00000000
S7	f	0.74390317	0.95125073	0.00000000	0.00000000	10.00000000	0.00000000	0.00000000
S8	f	0.39612663	0.69808419	0.00000000	0.00000000	10.00000000	0.00000000	0.00000000
S9	f	0.70607049	0.35946015	0.00000000	0.00000000	10.00000000	0.00000000	0.00000000
C1	c	0.78279996	0.24981658	0.08759068	0.00000000	8.00000000	0.01781594	0.00000000
C2	c	0.71638614	0.22150048	0.13817828	0.06000000	8.06000000	0.01856840	0.00000000
C3	c	0.77930719	0.25788652	0.10942612	0.12000000	8.12000000	0.01865790	0.00000000
C4	c	0.62287827	0.22587343	0.02972030	0.18000000	8.18000000	0.02385467	0.00000000
C5	c	0.55381301	0.28968764	0.14444619	0.24000000	8.24000000	0.01894905	0.00000000
C6	c	0.90125000	0.62613008	0.11799794	0.30000000	8.30000000	0.02836912	0.00000000
C7	c	0.97256438	0.73146145	0.07085797	0.36000000	8.36000000	0.01808912	0.00000000
C8	c	0.82710329	0.69607785	0.06399856	0.42000000	8.42000000	0.01053142	0.00000000
C9	c	0.94078806	0.68965237	0.03263116	0.48000000	8.48000000	0.02390835	0.00000000
C10	c	0.95414852	0.62453228	0.15807520	0.54000000	8.54000000	0.02740551	0.00000000
C11	c	0.88395178	0.70208118	0.11845190	0.60000000	8.60000000	0.01305189	0.00000000
C12	c	0.88902033	0.60969199	0.07692913	0.66000000	8.66000000	0.02563697	0.00000000
C13	c	0.85478956	0.65256269	0.16603802	0.72000000	8.72000000	0.01244797	0.00000000
C14	c	0.83171602	0.67810730	0.15299324	0.78000000	8.78000000	0.01732527	0.00000000
C15	c	0.94848176	0.60563176	0.02753824	0.84000000	8.84000000	0.02323076	0.00000000
C16	c	0.87995075	0.66222330	0.02806887	0.90000000	8.90000000	0.02860555	0.00000000
C17	c	0.00000000	0.84404058	0.03193961	0.96000000	8.96000000	0.02498852	0.00000000
C18	c	0.03015061	0.71569864	0.11292481	1.02000000	9.02000000	0.01357194	0.00000000
C19	c	0.02487857	0.72167989	0.04885257	1.08000000	9.08000000	0.02344663	0.00000000
C20	c	0.00000000	0.77921748	0.10737979	1.14000000	9.14000000	0.02007568	0.00000000
C21	c	0.00000000	0.77121440	0.11384262	1.20000000	9.20000000	0.01081125	0.00000000
C22	c	0.00000000	0.74402034	0.06247856	1.26000000	9.26000000	0.01082419	0.00000000
C23	c	0.03456744	0.83971926	0.01255167	1.32000000	9.32000000	0.02075558	0.00000000
C24	c	0.06822410	0.69555486	0.14087139	1.38000000	9.38000000	0.01070091	0.00000000
C25	c	0.62856687	0.10458973	0.06591225	1.44000000	9.44000000	0.02344618	0.00000000
C26	c	0.65451667	0.18364456	0.03261639	1.50000000	9.50000000	0.01429258	0.00000000
C27	c	0.67319350	0.13674708	0.16101316	1.56000000	9.56000000	0.01137329	0.00000000
C28	c	0.59616118	0.13261830	0.15091702	1.62000000	9.62000000	0.02758929	0.00000000
C29	c	0.68539658	0.11128549	0.12265078	1.68000000	9.68000000	0.02372771	0.00000000
C30	c	0.67173879	0.18184938	0.04121815	1.74000000	9.74000000	0.01649189	0.00000000
C31	c	0.70200470	0.14004399	0.11422645	1.80000000	9.80000000	0.02370821	0.00000000
C32	c	0.97867952	0.48561700	0.16686386	1.86000000	9.86000000	0.01268595	0.00000000
C33	c	0.87868894	0.41837031	0.04001910	1.92000000	9.92000000	0.02178976	0.00000000
C34	c	0.90858918	0.39728713	0.16426619	1.98000000	9.98000000	0.01551467	0.00000000
C35	c	0.84111720	0.45690292	0.15384422	2.00000000	10.00000000	0.01192109	0.00000000
C36	c	0.91215084	0.48142576	0.03817054	2.00000000	10.00000000	0.02698406	0.00000000
C37	c	0.84781153	0.41625309	0.03279117	2.00000000	10.00000000	0.01605190	0.00000000
C38	c	0.85747651	0.49491867	0.08443028	2.00000000	10.00000000	0.02231397	0.00000000
C39	c	1.00000000	0.37736068	0.08421382	2.00000000	10.00000000	0.02385650	0.00000000
C40	c	0.94058541	0.76063911	0.01547418	2.00000000	10.00000000	0.01345769	0.00000000
C41	c	0.88832215	0.81229207	0.15753759	2.00000000	10.00000000	0.02802460	0.00000000
C42	c	1.00000000	0.78451441	0.03251487	2.00000000	10.00000000	0.01020348	0.00000000
C43	c	0.98407688	0.74364034	0.16503542	2.00000000	10.00000000	0.01084478	0.00000000
C44	c	0.34708485	0.79335222	0.09226440	2.00000000	10.00000000	0.01367634	0.00000000
C45	c	0.39902542	0.91289660	0.01769160	2.00000000	10.00000000	0.02762534	0.00000000
C46	c	0.41115211	0.82499655	0.14027207	2.00000000	10.00000000	0.02073178	0.00000000
C47	c	0.31104708	0.79255237	0.06030502	2.00000000	10.00000000	0.01294213	0.00000000
C48	c	0.32992071	0.83202744	0.04079117	2.00000000	10.00000000	0.02430214	0.00000000
C49	c	0.41931729	0.83644520	0.10664120	2.00000000	10.00000000	0.01926114	0.00000000
C50	c	0.27774231	0.80703571	0.06453630	2.00000000	10.00000000	0.01206528	0.00000000

Q Vehicle fuel tank capacity /0.40000000/
C Vehicle load capacity /1.50000000/
r fuel consumption rate /0.25000000/
g inverse refueling rate /1.00000000/
v average Velocity /1.00000000/
