StringID	Type	x	y	demand	ReadyTime	DueDate	ServiceTime	altitude
D0	d	0.50000000	0.50000000	0.00000000	0.00000000	10.00000000	0.00000000	0.00000000
S0	f	0.56039490	0.67473886	0.00000000	0.00000000	10.00000000	0.00000000	0.00000000
S1	f	0.19221366	0.45272661	0.00000000	0.00000000	10.00000000	0.00000000	0.00000000
S2	f	0.58429518	0.31293441	0.00000000	0.00000000	10.00000000	0.00000000	0.00000000
S3	f	0.87524347	0.42606500	0.00000000	0.00000000	10.00000000	0.00000000	0.00000000
S4	f	0.59984420	0.57982031	0.00000000	0.00000000	10.00000000	0.00000000	0.00000000
S5	f	0.54034101	0.48395649	0.00000000	0.00000000	10.00000000	0.00000000	0.00000000
C1	c	0.11330210	0.03095424	0.17468903	0.00000000	8.00000000	0.02829584	0.00000000
C2	c	0.05261636	0.03980436	0.08716002	0.10000000	8.10000000	0.01995060	0.00000000
C3	c	0.13355832	0.00048083	0.12522887	0.20000000	8.20000000	0.01444993	0.00000000
C4	c	0.10377073	0.06547893	0.24812561	0.30000000	8.30000000	0.01560081	0.00000000
C5	c	0.05409368	0.02513871	0.18769857	0.40000000	8.40000000	0.01883048	0.00000000
C6	c	0.08145621	0.09414724	0.20521133	0.50000000	8.50000000	0.01902734	0.00000000
C7	c	0.11096807	0.05344196	0.07929966	0.60000000	8.60000000	0.02768856	0.00000000
C8	c	0.01910844	0.34745186	0.17754155	0.70000000	8.70000000	0.01696830	0.00000000
C9	c	0.00000000	0.36922103	0.23955979	0.80000000	8.80000000	0.01926987	0.00000000
C10	c	0.08124503	0.30625059	0.02879767	0.90000000	8.90000000	0.01764788	0.00000000
C11	c	0.00000000	0.37484767	0.12764085	1.00000000	9.00000000	0.02722522	0.00000000
C12	c	0.03574869	0.30375192	0.11130776	1.10000000	9.10000000	0.02208393	0.00000000
C13	c	0.04501953	0.35234990	0.25237839	1.20000000	9.20000000	0.01117391	0.00000000
C14	c	0.07811028	0.34235581	0.07258933	1.30000000	9.30000000	0.01803968	0.00000000
C15	c	0.65719914	0.63627973	0.19702885	1.40000000	9.40000000	0.01661058	0.00000000
C16	c	0.45472477	0.70400576	0.08085832	1.50000000	9.50000000	0.02382525	0.00000000
C17	c	0.60466871	0.62058834	0.24345518	1.60000000	9.60000000	0.01503395	0.00000000
C18	c	0.65591836	0.67323847	0.25966873	1.70000000	9.70000000	0.01201812	0.00000000
C19	c	0.59163160	0.79367479	0.21490916	1.80000000	9.80000000	0.02491828	0.00000000
C20	c	0.49838792	0.71179084	0.15393849	1.90000000	9.90000000	0.02377736	0.00000000
C21	c	0.22293656	0.49654639	0.06980738	2.00000000	10.00000000	0.02649365	0.00000000
C22	c	0.20087899	0.51862316	0.10502318	2.00000000	10.00000000	0.02175835	0.00000000
C23	c	0.29100520	0.45916758	0.04749337	2.00000000	10.00000000	0.02739168	0.00000000
C24	c	0.25903988	0.56065635	0.03391875	2.00000000	10.00000000	0.02061579	0.00000000
C25	c	0.06262726	0.95205710	0.23020840	2.00000000	10.00000000	0.02182240	0.00000000
C26	c	0.00000000	0.89827124	0.09082639	2.00000000	10.00000000	0.02505632	0.00000000
C27	c	0.02226179	1.00000000	0.06981360	2.00000000	10.00000000	0.01115509	0.00000000
C28	c	0.06968941	0.94382556	0.24733089	2.00000000	10.00000000	0.01323299	0.00000000
C29	c	0.00000000	0.89178724	0.10674010	2.00000000	10.00000000	0.01203968	0.00000000
C30	c	0.00000000	0.97267061	0.23175078	2.00000000	10.00000000	0.01428831	0.00000000

Q Vehicle fuel tank capacity /0.40000000/
C Vehicle load capacity /1.50000000/
r fuel consumption rate /0.25000000/
g inverse refueling rate /1.00000000/
v average Velocity /1.00000000/
