StringID	Type	x	y	demand	ReadyTime	DueDate	ServiceTime	altitude
D0	d	0.50000000	0.50000000	0.00000000	0.00000000	10.00000000	0.00000000	0.00000000
S0	f	0.04455967	0.63404858	0.00000000	0.00000000	10.00000000	0.00000000	0.00000000
S1	f	0.48805274	0.05675636	0.00000000	0.00000000	10.00000000	0.00000000	0.00000000
S2	f	0.17737223	0.80924773	0.00000000	0.00000000	10.00000000	0.00000000	0.00000000
S3	f	0.32643950	0.30517481	0.00000000	0.00000000	10.00000000	0.00000000	0.00000000
S4	f	0.77324870	0.28483603	0.00000000	0.00000000	10.00000000	0.00000000	0.00000000
S5	f	0.82071155	0.25192743	0.00000000	0.00000000	10.00000000	0.00000000	0.00000000
S6	f	0.53277839	0.12347216	0.00000000	0.00000000	10.00000000	0.00000000	0.00000000
S7	f	0.42084275	0.33365949	0.00000000	0.00000000	10.00000000	0.00000000	0.00000000
S8	f	0.58659940	0.41489079	0.00000000	0.00000000	10.00000000	0.00000000	0.00000000
S9	f	0.19110158	0.63868116	0.00000000	0.00000000	10.00000000	0.00000000	0.00000000
C1	c	0.00000000	0.38868483	0.09441954	0.00000000	8.00000000	0.02905885	0.00000000
C2	c	0.00000000	0.39843708	0.02791859	0.06000000	8.06000000	0.02051954	0.00000000
C3	c	0.03951997	0.38846253	0.08647449	0.12000000	8.12000000	0.01791227	0.00000000
C4	c	0.00000000	0.37443012	0.05014482	0.18000000	8.18000000	0.01769182	0.00000000
C5	c	0.03638982	0.44133961	0.03216112	0.24000000	8.24000000	0.01153887	0.00000000
C6	c	0.05847684	0.33666722	0.16564973	0.30000000	8.30000000	0.02702463	0.00000000
C7	c	0.00000000	0.34731577	0.09297871	0.36000000	8.36000000	0.01782606	0.00000000
C8	c	0.10497125	0.64377022	0.01286011	0.42000000	8.42000000	0.02830063	0.00000000
C9	c	0.04698743	0.68207810	0.02955727	0.48000000	8.48000000	0.01433159	0.00000000
C10	c	0.06424877	0.53627838	0.12832469	0.54000000	8.54000000	0.01657530	0.00000000
C11	c	0.54969621	0.84980949	0.10401618	0.60000000	8.60000000	0.01067199	0.00000000
C12	c	0.47626579	0.79341270	0.13378194	0.66000000	8.66000000	0.01024858	0.00000000
C13	c	0.41220571	0.74239700	0.05993298	0.72000000	8.72000000	0.02833791	0.00000000
C14	c	0.53557341	0.74280559	0.05773961	0.78000000	8.78000000	0.02070487	0.00000000
C15	c	0.57242522	0.76647930	0.10520064	0.84000000	8.84000000	0.01029557	0.00000000
C16	c	0.58477809	0.80894897	0.05909910	0.90000000	8.90000000	0.01064340	0.00000000
C17	c	0.41307130	0.91764516	0.02983184	0.96000000	8.96000000	0.01975962	0.00000000
C18	c	0.56699174	0.90729093	0.13710315	1.02000000	9.02000000	0.02246750	0.00000000
C19	c	0.55502755	1.00000000	0.05412842	1.08000000	9.08000000	0.01132603	0.00000000
C20	c	0.51864572	0.97598696	0.16482323	1.14000000	9.14000000	0.01331107	0.00000000
C21	c	0.59869501	0.91458321	0.16047128	1.20000000	9.20000000	0.02631602	0.00000000
C22	c	0.57928641	0.95700490	0.09203989	1.26000000	9.26000000	0.01573083	0.00000000
C23	c	0.62162734	0.90205259	0.10304505	1.32000000	9.32000000	0.02568700	0.00000000
C24	c	0.60183145	0.93464574	0.14430758	1.38000000	9.38000000	0.01052966	0.00000000
C25	c	0.59308829	0.89946114	0.12689946	1.44000000	9.44000000	0.01911073	0.00000000
C26	c	0.59982580	0.89498440	0.06182049	1.50000000	9.50000000	0.02472062	0.00000000
C27	c	0.48414468	0.88331096	0.13647298	1.56000000	9.56000000	0.01671275	0.00000000
C28	c	1.00000000	0.67358141	0.02348287	1.62000000	9.62000000	0.01353260	0.00000000
C29	c	0.94800564	0.68311309	0.11079646	1.68000000	9.68000000	0.01680026	0.00000000
C30	c	0.93892972	0.74701864	0.03773704	1.74000000	9.74000000	0.02271447	0.00000000
C31	c	0.97381935	0.69284126	0.14790117	1.80000000	9.80000000	0.02850862	0.00000000
C32	c	0.96837637	0.78789797	0.11653834	1.86000000	9.86000000	0.01583695	0.00000000
C33	c	0.95277144	0.70514925	0.08607019	1.92000000	9.92000000	0.02669025	0.00000000
C34	c	0.93993069	0.70693275	0.16122126	1.98000000	9.98000000	0.02184610	0.00000000
C35	c	0.97785229	0.76559372	0.04317736	2.00000000	10.00000000	0.01619001	0.00000000
C36	c	0.91253526	0.73430271	0.02064217	2.00000000	10.00000000	0.01571068	0.00000000
C37	c	0.67293800	0.47149510	0.17506468	2.00000000	10.00000000	0.02777141	0.00000000
C38	c	0.70112202	0.47386943	0.17137654	2.00000000	10.00000000	0.01367186	0.00000000
C39	c	0.63860872	0.48249158	0.02922417	2.00000000	10.00000000	0.01462828	0.00000000
C40	c	0.68168803	0.51557187	0.14726687	2.00000000	10.00000000	0.01665806	0.00000000
C41	c	0.63346984	0.44437100	0.02435038	2.00000000	10.00000000	0.02471949	0.00000000
C42	c	0.73222018	0.55382284	0.12631028	2.00000000	10.00000000	0.01530981	0.00000000
C43	c	0.68335612	0.48436545	0.04999108	2.00000000	10.00000000	0.02446389	0.00000000
C44	c	0.82132716	0.63532505	0.14271493	2.00000000	10.00000000	0.01312385	0.00000000
C45	c	0.86489223	0.65956039	0.01193882	2.00000000	10.00000000	0.01276681	0.00000000
C46	c	0.91777670	0.57788355	0.14203118	2.00000000	10.00000000	0.02242748	0.00000000
C47	c	0.88401483	0.52393777	0.03351657	2.00000000	10.00000000	0.01131730	0.00000000
C48	c	0.85205086	0.64103095	0.11393786	2.00000000	10.00000000	0.01804379	0.00000000
C49	c	0.82634951	0.54236321	0.07307230	2.00000000	10.00000000	0.02482885	0.00000000
C50	c	0.80922258	0.57700790	0.06043452	2.00000000	10.00000000	0.02421893	0.00000000

Q Vehicle fuel tank capacity /0.40000000/
C Vehicle load capacity /1.50000000/
r fuel consumption rate /0.25000000/
g inverse refueling rate /1.00000000/
v average Velocity /1.00000000/
