StringID	Type	x	y	demand	ReadyTime	DueDate	ServiceTime	altitude
D0	d	0.50000000	0.50000000	0.00000000	0.00000000	10.00000000	0.00000000	0.00000000
S0	f	0.29896400	0.78058623	0.00000000	0.00000000	10.00000000	0.00000000	0.00000000
S1	f	0.09673106	0.70587836	0.00000000	0.00000000	10.00000000	0.00000000	0.00000000
S2	f	0.72111759	0.78063778	0.00000000	0.00000000	10.00000000	0.00000000	0.00000000
S3	f	0.52141571	0.10515245	0.00000000	0.00000000	10.00000000	0.00000000	0.00000000
S4	f	0.88570465	0.77287905	0.00000000	0.00000000	10.00000000	0.00000000	0.00000000
S5	f	0.83007165	0.57457658	0.00000000	0.00000000	10.00000000	0.00000000	0.00000000
C1	c	0.23286737	0.49547151	0.24253118	0.00000000	8.00000000	0.01576033	0.00000000
C2	c	0.39028743	0.34770296	0.10744279	0.10000000	8.10000000	0.01517956	0.00000000
C3	c	0.39174150	0.49016021	0.04508773	0.20000000	8.20000000	0.01002187	0.00000000
C4	c	0.39883660	0.51819691	0.15299024	0.30000000	8.30000000	0.02350287	0.00000000
C5	c	0.38939596	0.58108824	0.26363215	0.40000000	8.40000000	0.02225608	0.00000000
C6	c	0.41272675	0.59043459	0.05584023	0.50000000	8.50000000	0.01472454	0.00000000
C7	c	0.49555786	0.57383003	0.18646542	0.60000000	8.60000000	0.01702408	0.00000000
C8	c	0.42353717	0.64278611	0.20151967	0.70000000	8.70000000	0.02793279	0.00000000
C9	c	0.35557582	0.59753599	0.23914647	0.80000000	8.80000000	0.01077485	0.00000000
C10	c	0.53354654	0.51513766	0.11545215	0.90000000	8.90000000	0.01157369	0.00000000
C11	c	0.54217759	0.46947143	0.20294520	1.00000000	9.00000000	0.02734434	0.00000000
C12	c	0.45140648	0.60652675	0.22885151	1.10000000	9.10000000	0.02594058	0.00000000
C13	c	0.43706812	0.57418235	0.16728099	1.20000000	9.20000000	0.02268066	0.00000000
C14	c	1.00000000	0.14825440	0.16871088	1.30000000	9.30000000	0.01750518	0.00000000
C15	c	0.98924070	0.19212087	0.06234358	1.40000000	9.40000000	0.02484970	0.00000000
C16	c	1.00000000	0.17707550	0.22717582	1.50000000	9.50000000	0.01815341	0.00000000
C17	c	0.95535286	0.27337854	0.20911806	1.60000000	9.60000000	0.02138527	0.00000000
C18	c	1.00000000	0.37512267	0.04697387	1.70000000	9.70000000	0.02783797	0.00000000
C19	c	0.95152304	0.30344387	0.22123026	1.80000000	9.80000000	0.02942799	0.00000000
C20	c	0.96184542	0.25796930	0.09202376	1.90000000	9.90000000	0.02890017	0.00000000
C21	c	0.92844856	0.18812351	0.02028963	2.00000000	10.00000000	0.01984287	0.00000000
C22	c	1.00000000	0.24380945	0.06220979	2.00000000	10.00000000	0.01779843	0.00000000
C23	c	0.94569099	0.24160498	0.12346123	2.00000000	10.00000000	0.02594861	0.00000000
C24	c	0.98674929	0.31353149	0.03976711	2.00000000	10.00000000	0.01215136	0.00000000
C25	c	0.23255410	0.59320192	0.13885006	2.00000000	10.00000000	0.01032058	0.00000000
C26	c	0.20977208	0.53799078	0.15096054	2.00000000	10.00000000	0.01577639	0.00000000
C27	c	0.17033318	0.53194426	0.15173201	2.00000000	10.00000000	0.01309420	0.00000000
C28	c	0.22041762	0.55325907	0.19459133	2.00000000	10.00000000	0.01948745	0.00000000
C29	c	0.24121791	0.69375207	0.14490207	2.00000000	10.00000000	0.02842285	0.00000000
C30	c	0.19888349	0.56450648	0.23647425	2.00000000	10.00000000	0.02979513	0.00000000

Q Vehicle fuel tank capacity /0.40000000/
C Vehicle load capacity /1.50000000/
r fuel consumption rate /0.25000000/
g inverse refueling rate /1.00000000/
v average Velocity /1.00000000/
