StringID	Type	x	y	demand	ReadyTime	DueDate	ServiceTime	altitude
D0	d	0.50000000	0.50000000	0.00000000	0.00000000	10.00000000	0.00000000	0.00000000
S0	f	0.14703639	0.86360597	0.00000000	0.00000000	10.00000000	0.00000000	0.00000000
S1	f	0.92493559	0.87589021	0.00000000	0.00000000	10.00000000	0.00000000	0.00000000
S2	f	0.16782398	0.13925197	0.00000000	0.00000000	10.00000000	0.00000000	0.00000000
S3	f	0.62228344	0.85220434	0.00000000	0.00000000	10.00000000	0.00000000	0.00000000
S4	f	0.07330931	0.58007717	0.00000000	0.00000000	10.00000000	0.00000000	0.00000000
S5	f	0.50358847	0.29472234	0.00000000	0.00000000	10.00000000	0.00000000	0.00000000
S6	f	0.33239614	0.19055781	0.00000000	0.00000000	10.00000000	0.00000000	0.00000000
S7	f	0.48819775	0.40780676	0.00000000	0.00000000	10.00000000	0.00000000	0.00000000
S8	f	0.86128937	0.23670186	0.00000000	0.00000000	10.00000000	0.00000000	0.00000000
S9	f	0.44805167	0.06009217	0.00000000	0.00000000	10.00000000	0.00000000	0.00000000
C1	c	0.85282522	0.13146306	0.13398085	0.00000000	8.00000000	0.01375443	0.00000000
C2	c	0.78270117	0.19056808	0.09684134	0.06000000	8.06000000	0.01833417	0.00000000
C3	c	0.74565079	0.24944099	0.07660508	0.12000000	8.12000000	0.01621069	0.00000000
C4	c	0.81369066	0.15659252	0.15124548	0.18000000	8.18000000	0.01209586	0.00000000
C5	c	0.78146626	0.16456434	0.13311910	0.24000000	8.24000000	0.02410140	0.00000000
C6	c	0.76656495	0.27703489	0.07223969	0.30000000	8.30000000	0.01340244	0.00000000
C7	c	0.84709336	0.11477016	0.10739370	0.36000000	8.36000000	0.02584808	0.00000000
C8	c	0.73866817	0.20243583	0.16890045	0.42000000	8.42000000	0.02651515	0.00000000
C9	c	0.72449676	0.09479911	0.10125005	0.48000000	8.48000000	0.01166001	0.00000000
C10	c	0.83533827	0.16951533	0.11637209	0.54000000	8.54000000	0.01938418	0.00000000
C11	c	0.10275606	0.86750679	0.13643720	0.60000000	8.60000000	0.01406955	0.00000000
C12	c	0.15227737	0.81191942	0.09994957	0.66000000	8.66000000	0.02900078	0.00000000
C13	c	0.21988188	0.78459422	0.09490893	0.72000000	8.72000000	0.02735556	0.00000000
C14	c	0.10734723	0.95352581	0.01559319	0.78000000	8.78000000	0.02869394	0.00000000
C15	c	0.22573449	0.09401950	0.08353400	0.84000000	8.84000000	0.02011779	0.00000000
C16	c	0.24411505	0.11446695	0.08930334	0.90000000	8.90000000	0.02438734	0.00000000
C17	c	0.24420738	0.10942770	0.06528142	0.96000000	8.96000000	0.02123761	0.00000000
C18	c	0.31132334	0.07587219	0.10674043	1.02000000	9.02000000	0.01866110	0.00000000
C19	c	0.20159967	0.00938561	0.10733759	1.08000000	9.08000000	0.02367528	0.00000000
C20	c	0.18595600	0.09512750	0.13684056	1.14000000	9.14000000	0.02997727	0.00000000
C21	c	0.24970101	0.08625131	0.09643009	1.20000000	9.20000000	0.01376186	0.00000000
C22	c	0.33429804	0.23567913	0.04396693	1.26000000	9.26000000	0.01347542	0.00000000
C23	c	0.25886281	0.03267660	0.02960095	1.32000000	9.32000000	0.01585260	0.00000000
C24	c	0.23728600	0.23205670	0.07247551	1.38000000	9.38000000	0.01775825	0.00000000
C25	c	0.29653285	0.04767624	0.16088697	1.44000000	9.44000000	0.01409921	0.00000000
C26	c	0.21169637	0.67990903	0.02237067	1.50000000	9.50000000	0.02323010	0.00000000
C27	c	0.18381427	0.55603073	0.03424675	1.56000000	9.56000000	0.01211685	0.00000000
C28	c	0.27771242	0.54657545	0.02608732	1.62000000	9.62000000	0.01121772	0.00000000
C29	c	0.25177859	0.49917775	0.07106734	1.68000000	9.68000000	0.02605092	0.00000000
C30	c	0.24437372	0.63107642	0.15286418	1.74000000	9.74000000	0.02052172	0.00000000
C31	c	0.27701064	0.63367776	0.13851297	1.80000000	9.80000000	0.01430366	0.00000000
C32	c	0.18158334	0.57620537	0.13229684	1.86000000	9.86000000	0.02302623	0.00000000
C33	c	0.17581542	0.62309874	0.08285284	1.92000000	9.92000000	0.01694582	0.00000000
C34	c	0.26014473	0.63798129	0.06836205	1.98000000	9.98000000	0.02483888	0.00000000
C35	c	0.39017358	0.06260425	0.08467023	2.00000000	10.00000000	0.01104215	0.00000000
C36	c	0.42433628	0.00000000	0.14889311	2.00000000	10.00000000	0.02056933	0.00000000
C37	c	0.27017463	0.00000000	0.02583878	2.00000000	10.00000000	0.02847504	0.00000000
C38	c	0.39743049	0.02253897	0.05142263	2.00000000	10.00000000	0.02397808	0.00000000
C39	c	0.87184748	0.78518835	0.08017125	2.00000000	10.00000000	0.02024534	0.00000000
C40	c	0.98800361	0.77272604	0.01711899	2.00000000	10.00000000	0.02766761	0.00000000
C41	c	0.92591589	0.70034971	0.08902595	2.00000000	10.00000000	0.02968238	0.00000000
C42	c	0.92620193	0.72681717	0.14154197	2.00000000	10.00000000	0.02465638	0.00000000
C43	c	0.24729018	1.00000000	0.04347933	2.00000000	10.00000000	0.01140931	0.00000000
C44	c	0.12989872	0.95500042	0.06649718	2.00000000	10.00000000	0.01114968	0.00000000
C45	c	0.03111876	0.93201249	0.05137164	2.00000000	10.00000000	0.02168897	0.00000000
C46	c	0.11096995	1.00000000	0.03286179	2.00000000	10.00000000	0.01216204	0.00000000
C47	c	0.13405253	1.00000000	0.16177838	2.00000000	10.00000000	0.01652826	0.00000000
C48	c	0.17827930	1.00000000	0.05168165	2.00000000	10.00000000	0.02350898	0.00000000
C49	c	0.12157767	1.00000000	0.08926410	2.00000000	10.00000000	0.02040758	0.00000000
C50	c	0.11287479	0.96589546	0.13848755	2.00000000	10.00000000	0.02855192	0.00000000

Q Vehicle fuel tank capacity /0.40000000/
C Vehicle load capacity /1.50000000/
r fuel consumption rate /0.25000000/
g inverse refueling rate /1.00000000/
v average Velocity /1.00000000/
