StringID	Type	x	y	demand	ReadyTime	DueDate	ServiceTime	altitude
D0	d	0.50000000	0.50000000	0.00000000	0.00000000	10.00000000	0.00000000	0.00000000
S0	f	0.75108779	0.55328981	0.00000000	0.00000000	10.00000000	0.00000000	0.00000000
S1	f	0.40741382	0.09691906	0.00000000	0.00000000	10.00000000	0.00000000	0.00000000
S2	f	0.67591408	0.76153108	0.00000000	0.00000000	10.00000000	0.00000000	0.00000000
S3	f	0.62137634	0.73877686	0.00000000	0.00000000	10.00000000	0.00000000	0.00000000
S4	f	0.20113341	0.31927073	0.00000000	0.00000000	10.00000000	0.00000000	0.00000000
S5	f	0.68280108	0.86725513	0.00000000	0.00000000	10.00000000	0.00000000	0.00000000
C1	c	0.62212383	0.46515683	0.16041825	0.00000000	8.00000000	0.01395359	0.00000000
C2	c	0.70433145	0.53860692	0.20067153	0.10000000	8.10000000	0.01341009	0.00000000
C3	c	0.71400761	0.48851643	0.10639607	0.20000000	8.20000000	0.02738114	0.00000000
C4	c	0.70445967	0.43541205	0.20209111	0.30000000	8.30000000	0.01366305	0.00000000
C5	c	0.87833655	0.61762123	0.23891754	0.40000000	8.40000000	0.02560027	0.00000000
C6	c	0.21665113	0.08552932	0.21047893	0.50000000	8.50000000	0.02680570	0.00000000
C7	c	0.27613544	0.02403400	0.16041154	0.60000000	8.60000000	0.02960760	0.00000000
C8	c	0.14555379	0.04396162	0.17189612	0.70000000	8.70000000	0.02434064	0.00000000
C9	c	0.16807707	0.03935230	0.10466163	0.80000000	8.80000000	0.01786212	0.00000000
C10	c	0.61102559	0.10295137	0.21813356	0.90000000	8.90000000	0.02176339	0.00000000
C11	c	0.67380692	0.06432677	0.23109056	1.00000000	9.00000000	0.01096959	0.00000000
C12	c	0.65747177	0.08097375	0.16019158	1.10000000	9.10000000	0.01101091	0.00000000
C13	c	0.61927767	0.02381450	0.14764244	1.20000000	9.20000000	0.01790179	0.00000000
C14	c	0.55729741	0.00913353	0.06721211	1.30000000	9.30000000	0.01588973	0.00000000
C15	c	0.62225191	0.04680258	0.13274200	1.40000000	9.40000000	0.01847588	0.00000000
C16	c	0.62792434	0.10552100	0.25517883	1.50000000	9.50000000	0.01729752	0.00000000
C17	c	0.62508348	0.14324860	0.22082008	1.60000000	9.60000000	0.02685776	0.00000000
C18	c	0.75147169	0.68364373	0.02652405	1.70000000	9.70000000	0.01909403	0.00000000
C19	c	0.68650654	0.65650350	0.05314351	1.80000000	9.80000000	0.02675443	0.00000000
C20	c	0.70918861	0.72819146	0.02416982	1.90000000	9.90000000	0.01070320	0.00000000
C21	c	0.76256515	0.62371748	0.22080171	2.00000000	10.00000000	0.02577422	0.00000000
C22	c	0.68636555	0.66346053	0.16546567	2.00000000	10.00000000	0.01331622	0.00000000
C23	c	0.75740327	0.71567141	0.02047565	2.00000000	10.00000000	0.02313542	0.00000000
C24	c	0.70004875	0.66365031	0.02435925	2.00000000	10.00000000	0.02222440	0.00000000
C25	c	0.75132099	0.71335213	0.14513792	2.00000000	10.00000000	0.02635378	0.00000000
C26	c	0.38677212	0.50451038	0.15569410	2.00000000	10.00000000	0.02922953	0.00000000
C27	c	0.30201274	0.53754664	0.20599959	2.00000000	10.00000000	0.01892336	0.00000000
C28	c	0.37601525	0.55908889	0.26105366	2.00000000	10.00000000	0.02834254	0.00000000
C29	c	0.36161278	0.59705310	0.09287923	2.00000000	10.00000000	0.02804608	0.00000000
C30	c	0.36768243	0.52928950	0.11534192	2.00000000	10.00000000	0.02237085	0.00000000

Q Vehicle fuel tank capacity /0.40000000/
C Vehicle load capacity /1.50000000/
r fuel consumption rate /0.25000000/
g inverse refueling rate /1.00000000/
v average Velocity /1.00000000/
