StringID	Type	x	y	demand	ReadyTime	DueDate	ServiceTime	altitude
D0	d	0.50000000	0.50000000	0.00000000	0.00000000	10.00000000	0.00000000	0.00000000
S0	f	0.28704601	0.76264442	0.00000000	0.00000000	10.00000000	0.00000000	0.00000000
S1	f	0.58672383	0.15863507	0.00000000	0.00000000	10.00000000	0.00000000	0.00000000
S2	f	0.67709355	0.21320385	0.00000000	0.00000000	10.00000000	0.00000000	0.00000000
S3	f	0.79740326	0.19756057	0.00000000	0.00000000	10.00000000	0.00000000	0.00000000
S4	f	0.01160381	0.06991253	0.00000000	0.00000000	10.00000000	0.00000000	0.00000000
S5	f	0.47768794	0.73629368	0.00000000	0.00000000	10.00000000	0.00000000	0.00000000
C1	c	0.59042961	0.86195388	0.09624052	0.00000000	8.00000000	0.01972947	0.00000000
C2	c	0.64109897	0.87456626	0.06681267	0.10000000	8.10000000	0.01815069	0.00000000
C3	c	0.61548780	0.84643081	0.10633650	0.20000000	8.20000000	0.01523453	0.00000000
C4	c	0.60141676	0.71950835	0.29187697	0.30000000	8.30000000	0.01215385	0.00000000
C5	c	0.69874743	0.80549253	0.10732371	0.40000000	8.40000000	0.02430317	0.00000000
C6	c	0.44546101	0.88447887	0.27629214	0.50000000	8.50000000	0.01363585	0.00000000
C7	c	0.44817869	0.90218882	0.28584438	0.60000000	8.60000000	0.01485867	0.00000000
C8	c	0.40552704	0.96815132	0.08842917	0.70000000	8.70000000	0.02988571	0.00000000
C9	c	0.44005575	0.95293485	0.02289585	0.80000000	8.80000000	0.02068872	0.00000000
C10	c	0.40295639	0.97143382	0.18089284	0.90000000	8.90000000	0.01553237	0.00000000
C11	c	0.41741588	0.91915355	0.12158932	1.00000000	9.00000000	0.02503640	0.00000000
C12	c	0.39259790	0.86982762	0.34240666	1.10000000	9.10000000	0.01396212	0.00000000
C13	c	0.45592085	0.86690857	0.05157537	1.20000000	9.20000000	0.01813307	0.00000000
C14	c	0.33465826	0.58488679	0.24446974	1.30000000	9.30000000	0.01621628	0.00000000
C15	c	0.31878819	0.63453673	0.30384753	1.40000000	9.40000000	0.01355438	0.00000000
C16	c	0.20818916	0.62413182	0.12056890	1.50000000	9.50000000	0.01992449	0.00000000
C17	c	0.28067203	0.60832803	0.20517529	1.60000000	9.60000000	0.02361482	0.00000000
C18	c	0.39115119	0.53952564	0.07346318	1.70000000	9.70000000	0.01983410	0.00000000
C19	c	0.33634598	0.67429323	0.05219584	1.80000000	9.80000000	0.02206088	0.00000000
C20	c	0.48270430	0.54521675	0.19955606	1.90000000	9.90000000	0.02179117	0.00000000
C21	c	0.56588990	0.46190480	0.04094352	2.00000000	10.00000000	0.01368231	0.00000000
C22	c	0.52636745	0.42783858	0.03166110	2.00000000	10.00000000	0.01058197	0.00000000
C23	c	0.47761330	0.56228258	0.10976653	2.00000000	10.00000000	0.02435308	0.00000000
C24	c	0.58136402	0.02043114	0.20896324	2.00000000	10.00000000	0.02769993	0.00000000
C25	c	0.54636062	0.06932497	0.02388967	2.00000000	10.00000000	0.02418969	0.00000000
C26	c	0.58201163	0.00000000	0.29607797	2.00000000	10.00000000	0.02489024	0.00000000
C27	c	0.65162499	0.07452019	0.10906358	2.00000000	10.00000000	0.02251939	0.00000000
C28	c	0.54978987	0.04555132	0.33654773	2.00000000	10.00000000	0.02396652	0.00000000
C29	c	0.58809414	0.07223136	0.05504307	2.00000000	10.00000000	0.01284973	0.00000000
C30	c	0.61250030	0.07494721	0.05025096	2.00000000	10.00000000	0.01529624	0.00000000

Q Vehicle fuel tank capacity /0.40000000/
C Vehicle load capacity /1.50000000/
r fuel consumption rate /0.25000000/
g inverse refueling rate /1.00000000/
v average Velocity /1.00000000/
