StringID	Type	x	y	demand	ReadyTime	DueDate	ServiceTime	altitude
D0	d	0.50000000	0.50000000	0.00000000	0.00000000	10.00000000	0.00000000	0.00000000
S0	f	0.15971077	0.14801963	0.00000000	0.00000000	10.00000000	0.00000000	0.00000000
S1	f	0.56236743	0.73413896	0.00000000	0.00000000	10.00000000	0.00000000	0.00000000
S2	f	0.15036951	0.10707145	0.00000000	0.00000000	10.00000000	0.00000000	0.00000000
S3	f	0.07909874	0.92688823	0.00000000	0.00000000	10.00000000	0.00000000	0.00000000
S4	f	0.98840798	0.04707898	0.00000000	0.00000000	10.00000000	0.00000000	0.00000000
S5	f	0.96288085	0.32734687	0.00000000	0.00000000	10.00000000	0.00000000	0.00000000
C1	c	0.08860496	0.16256207	0.15590600	0.00000000	8.00000000	0.02666779	0.00000000
C2	c	0.11275804	0.17465619	0.27233050	0.10000000	8.10000000	0.02715330	0.00000000
C3	c	0.27306213	0.05062788	0.14909947	0.20000000	8.20000000	0.01921746	0.00000000
C4	c	0.18004448	0.05493836	0.10558148	0.30000000	8.30000000	0.02655026	0.00000000
C5	c	0.21170638	0.20680469	0.07511884	0.40000000	8.40000000	0.02358397	0.00000000
C6	c	0.27117755	0.18454775	0.13777437	0.50000000	8.50000000	0.01920502	0.00000000
C7	c	0.33293564	0.76824956	0.15930513	0.60000000	8.60000000	0.01264447	0.00000000
C8	c	0.33256395	0.69600758	0.03041223	0.70000000	8.70000000	0.02026334	0.00000000
C9	c	0.35626284	0.67660210	0.02775560	0.80000000	8.80000000	0.01882868	0.00000000
C10	c	0.38767801	0.68917052	0.21584506	0.90000000	8.90000000	0.01443337	0.00000000
C11	c	0.45972335	0.66197031	0.08547179	1.00000000	9.00000000	0.02429521	0.00000000
C12	c	0.43723773	0.64789240	0.15395713	1.10000000	9.10000000	0.01027343	0.00000000
C13	c	0.34623886	0.62805001	0.22931002	1.20000000	9.20000000	0.01411926	0.00000000
C14	c	0.53321940	0.68279232	0.21952141	1.30000000	9.30000000	0.01046006	0.00000000
C15	c	0.56211757	0.68905644	0.24041637	1.40000000	9.40000000	0.02471697	0.00000000
C16	c	0.49929177	0.83481002	0.04346898	1.50000000	9.50000000	0.01264013	0.00000000
C17	c	0.60862893	0.83776357	0.14553323	1.60000000	9.60000000	0.02439099	0.00000000
C18	c	0.95281952	0.52256587	0.16310316	1.70000000	9.70000000	0.01161890	0.00000000
C19	c	1.00000000	0.47282739	0.19011882	1.80000000	9.80000000	0.01749194	0.00000000
C20	c	0.88220034	0.61294066	0.17417709	1.90000000	9.90000000	0.01257567	0.00000000
C21	c	0.97766336	0.59141089	0.23552982	2.00000000	10.00000000	0.02144442	0.00000000
C22	c	0.93988253	0.45928914	0.25917571	2.00000000	10.00000000	0.01041678	0.00000000
C23	c	0.87386222	0.49957272	0.08435278	2.00000000	10.00000000	0.02780030	0.00000000
C24	c	0.87378868	0.47985463	0.26605835	2.00000000	10.00000000	0.02080413	0.00000000
C25	c	0.89413118	0.45357807	0.10753683	2.00000000	10.00000000	0.02017629	0.00000000
C26	c	0.95155349	0.46283467	0.07788400	2.00000000	10.00000000	0.01398191	0.00000000
C27	c	0.96141978	0.42677012	0.23461922	2.00000000	10.00000000	0.02467799	0.00000000
C28	c	0.85113772	0.50959332	0.04840618	2.00000000	10.00000000	0.02044112	0.00000000
C29	c	0.95793484	0.46069543	0.02341056	2.00000000	10.00000000	0.01388808	0.00000000
C30	c	0.94969916	0.48309934	0.18881990	2.00000000	10.00000000	0.01615420	0.00000000

Q Vehicle fuel tank capacity /0.40000000/
C Vehicle load capacity /1.50000000/
r fuel consumption rate /0.25000000/
g inverse refueling rate /1.00000000/
v average Velocity /1.00000000/
