StringID	Type	x	y	demand	ReadyTime	DueDate	ServiceTime	altitude
D0	d	0.50000000	0.50000000	0.00000000	0.00000000	10.00000000	0.00000000	0.00000000
S0	f	0.13307002	0.39273711	0.00000000	0.00000000	10.00000000	0.00000000	0.00000000
S1	f	0.09887864	0.88689516	0.00000000	0.00000000	10.00000000	0.00000000	0.00000000
S2	f	0.72543645	0.68748561	0.00000000	0.00000000	10.00000000	0.00000000	0.00000000
S3	f	0.30253269	0.08968187	0.00000000	0.00000000	10.00000000	0.00000000	0.00000000
S4	f	0.72688395	0.60879211	0.00000000	0.00000000	10.00000000	0.00000000	0.00000000
S5	f	0.99528226	0.18463559	0.00000000	0.00000000	10.00000000	0.00000000	0.00000000
S6	f	0.01085560	0.95431792	0.00000000	0.00000000	10.00000000	0.00000000	0.00000000
S7	f	0.93212882	0.74540023	0.00000000	0.00000000	10.00000000	0.00000000	0.00000000
S8	f	0.03970542	0.21390745	0.00000000	0.00000000	10.00000000	0.00000000	0.00000000
S9	f	0.93740591	0.21642392	0.00000000	0.00000000	10.00000000	0.00000000	0.00000000
C1	c	0.29235711	0.58390673	0.05742567	0.00000000	8.00000000	0.02652138	0.00000000
C2	c	0.20171510	0.72656840	0.13507548	0.06000000	8.06000000	0.02765607	0.00000000
C3	c	0.34013094	0.73218120	0.08910530	0.12000000	8.12000000	0.01340965	0.00000000
C4	c	0.27346266	0.70859736	0.10516518	0.18000000	8.18000000	0.01108640	0.00000000
C5	c	0.60836876	0.48108918	0.05101401	0.24000000	8.24000000	0.02447027	0.00000000
C6	c	0.57783543	0.55306303	0.15113184	0.30000000	8.30000000	0.01379747	0.00000000
C7	c	0.62832742	0.57364547	0.07556466	0.36000000	8.36000000	0.01179018	0.00000000
C8	c	0.65068563	0.57633138	0.05733669	0.42000000	8.42000000	0.02933131	0.00000000
C9	c	0.62237764	0.63635511	0.07228007	0.48000000	8.48000000	0.01824299	0.00000000
C10	c	0.62824334	0.55618402	0.01340299	0.54000000	8.54000000	0.01934535	0.00000000
C11	c	0.63207849	0.55264939	0.12559789	0.60000000	8.60000000	0.01200462	0.00000000
C12	c	0.60467613	0.53656907	0.07091271	0.66000000	8.66000000	0.02836089	0.00000000
C13	c	0.62161518	0.52596965	0.07067323	0.72000000	8.72000000	0.02557804	0.00000000
C14	c	0.61067904	0.62263690	0.04670640	0.78000000	8.78000000	0.01950280	0.00000000
C15	c	0.53086523	0.63179181	0.06111662	0.84000000	8.84000000	0.02702542	0.00000000
C16	c	0.62243718	0.09605643	0.16203453	0.90000000	8.90000000	0.01847226	0.00000000
C17	c	0.48888231	0.00000000	0.15920218	0.96000000	8.96000000	0.02212124	0.00000000
C18	c	0.60366994	0.06210105	0.14299198	1.02000000	9.02000000	0.02288597	0.00000000
C19	c	0.60870321	0.08435853	0.12077676	1.08000000	9.08000000	0.01599180	0.00000000
C20	c	0.54240880	0.00000000	0.04833025	1.14000000	9.14000000	0.01317794	0.00000000
C21	c	0.56907439	0.07239546	0.05640955	1.20000000	9.20000000	0.01724222	0.00000000
C22	c	0.92397417	0.55238465	0.01901546	1.26000000	9.26000000	0.01002624	0.00000000
C23	c	0.90858013	0.54836628	0.07892675	1.32000000	9.32000000	0.01869775	0.00000000
C24	c	0.87073348	0.61948372	0.15872141	1.38000000	9.38000000	0.01510626	0.00000000
C25	c	0.98251676	0.58699844	0.13446184	1.44000000	9.44000000	0.01702377	0.00000000
C26	c	0.99455846	0.52470702	0.08558392	1.50000000	9.50000000	0.02982403	0.00000000
C27	c	0.88931387	0.63579260	0.14874402	1.56000000	9.56000000	0.01777717	0.00000000
C28	c	0.91014791	0.50632553	0.06179128	1.62000000	9.62000000	0.02665954	0.00000000
C29	c	0.94834826	0.58661971	0.07085380	1.68000000	9.68000000	0.01774858	0.00000000
C30	c	0.34243454	0.68853475	0.03916884	1.74000000	9.74000000	0.02197879	0.00000000
C31	c	0.22116049	0.66691771	0.12889687	1.80000000	9.80000000	0.02934827	0.00000000
C32	c	0.34071211	0.66388482	0.01885297	1.86000000	9.86000000	0.01424234	0.00000000
C33	c	0.29192187	0.63161350	0.14042761	1.92000000	9.92000000	0.02858648	0.00000000
C34	c	0.31171324	0.68738799	0.04826414	1.98000000	9.98000000	0.02641533	0.00000000
C35	c	0.39371380	0.57707578	0.13396455	2.00000000	10.00000000	0.01609733	0.00000000
C36	c	0.27780905	0.59834957	0.05171566	2.00000000	10.00000000	0.02512913	0.00000000
C37	c	0.32304215	0.53168840	0.09629379	2.00000000	10.00000000	0.02199464	0.00000000
C38	c	0.02657319	0.43323265	0.15334259	2.00000000	10.00000000	0.01288924	0.00000000
C39	c	0.10975838	0.45950376	0.06180169	2.00000000	10.00000000	0.01789293	0.00000000
C40	c	0.06497203	0.45269666	0.08183296	2.00000000	10.00000000	0.01951678	0.00000000
C41	c	0.22790274	0.39925571	0.08259186	2.00000000	10.00000000	0.02009533	0.00000000
C42	c	0.17972345	0.42241589	0.08415160	2.00000000	10.00000000	0.01916718	0.00000000
C43	c	0.23331119	0.39299297	0.14638658	2.00000000	10.00000000	0.02623427	0.00000000
C44	c	0.17455510	0.39706211	0.05160533	2.00000000	10.00000000	0.02963908	0.00000000
C45	c	0.19512796	0.60325878	0.08876668	2.00000000	10.00000000	0.01125603	0.00000000
C46	c	0.22649744	0.50582785	0.01939039	2.00000000	10.00000000	0.01554567	0.00000000
C47	c	0.23368301	0.64419325	0.12227695	2.00000000	10.00000000	0.01402224	0.00000000
C48	c	0.16157724	0.51627377	0.15247796	2.00000000	10.00000000	0.02241720	0.00000000
C49	c	0.18524765	0.52374910	0.12519362	2.00000000	10.00000000	0.01321147	0.00000000
C50	c	0.20471998	0.56754669	0.04224487	2.00000000	10.00000000	0.01769783	0.00000000

Q Vehicle fuel tank capacity /0.40000000/
C Vehicle load capacity /1.50000000/
r fuel consumption rate /0.25000000/
g inverse refueling rate /1.00000000/
v average Velocity /1.00000000/
