StringID	Type	x	y	demand	ReadyTime	DueDate	ServiceTime	altitude
D0	d	0.50000000	0.50000000	0.00000000	0.00000000	10.00000000	0.00000000	0.00000000
S0	f	0.24541646	0.28011130	0.00000000	0.00000000	10.00000000	0.00000000	0.00000000
S1	f	0.99240439	0.44836632	0.00000000	0.00000000	10.00000000	0.00000000	0.00000000
S2	f	0.40490082	0.13798734	0.00000000	0.00000000	10.00000000	0.00000000	0.00000000
S3	f	0.26227286	0.49065646	0.00000000	0.00000000	10.00000000	0.00000000	0.00000000
S4	f	0.30289280	0.65872517	0.00000000	0.00000000	10.00000000	0.00000000	0.00000000
S5	f	0.23973575	0.83916203	0.00000000	0.00000000	10.00000000	0.00000000	0.00000000
S6	f	0.83857211	0.85968532	0.00000000	0.00000000	10.00000000	0.00000000	0.00000000
S7	f	0.50112899	0.84220434	0.00000000	0.00000000	10.00000000	0.00000000	0.00000000
S8	f	0.59642049	0.07644351	0.00000000	0.00000000	10.00000000	0.00000000	0.00000000
S9	f	0.90269244	0.42460465	0.00000000	0.00000000	10.00000000	0.00000000	0.00000000
C1	c	0.04079691	0.22142806	0.06075587	0.00000000	8.00000000	0.02528043	0.00000000
C2	c	0.12947245	0.17115141	0.03101812	0.06000000	8.06000000	0.02469590	0.00000000
C3	c	0.02606399	0.15840005	0.06566122	0.12000000	8.12000000	0.01957750	0.00000000
C4	c	0.07433336	0.28499314	0.03118710	0.18000000	8.18000000	0.02465331	0.00000000
C5	c	0.08186920	0.18575238	0.10668297	0.24000000	8.24000000	0.02966238	0.00000000
C6	c	0.14200780	0.25739196	0.05576662	0.30000000	8.30000000	0.01393161	0.00000000
C7	c	0.06856092	0.21034134	0.04153985	0.36000000	8.36000000	0.01358596	0.00000000
C8	c	0.06118103	0.24000807	0.04538791	0.42000000	8.42000000	0.01307773	0.00000000
C9	c	0.05363584	0.22021491	0.06946229	0.48000000	8.48000000	0.01191133	0.00000000
C10	c	0.02568361	0.20357318	0.13841588	0.54000000	8.54000000	0.02777763	0.00000000
C11	c	0.06774609	0.23076858	0.05556181	0.60000000	8.60000000	0.02410703	0.00000000
C12	c	0.06307338	0.23380153	0.08421005	0.66000000	8.66000000	0.02909111	0.00000000
C13	c	0.11697019	0.21350034	0.06878770	0.72000000	8.72000000	0.01877004	0.00000000
C14	c	0.03161784	0.25242503	0.14667063	0.78000000	8.78000000	0.02731557	0.00000000
C15	c	0.83742461	0.90434404	0.13769405	0.84000000	8.84000000	0.01475145	0.00000000
C16	c	0.86631424	0.93826532	0.02301016	0.90000000	8.90000000	0.01389349	0.00000000
C17	c	0.77344524	1.00000000	0.05816836	0.96000000	8.96000000	0.02853229	0.00000000
C18	c	0.81270002	1.00000000	0.05167218	1.02000000	9.02000000	0.01876673	0.00000000
C19	c	0.85487306	0.92921310	0.14846623	1.08000000	9.08000000	0.01955649	0.00000000
C20	c	0.84903927	0.94053895	0.02054729	1.14000000	9.14000000	0.02797439	0.00000000
C21	c	0.56854220	0.55145887	0.13011603	1.20000000	9.20000000	0.02575800	0.00000000
C22	c	0.61295274	0.57876584	0.07346975	1.26000000	9.26000000	0.01994033	0.00000000
C23	c	0.52174717	0.52549351	0.08876913	1.32000000	9.32000000	0.01967389	0.00000000
C24	c	0.68012867	0.47202946	0.13862815	1.38000000	9.38000000	0.02704049	0.00000000
C25	c	0.55907451	0.59206499	0.05975022	1.44000000	9.44000000	0.02465569	0.00000000
C26	c	0.45489846	0.84840498	0.06166549	1.50000000	9.50000000	0.02995829	0.00000000
C27	c	0.51796879	0.90058816	0.14666737	1.56000000	9.56000000	0.02548190	0.00000000
C28	c	0.47199906	0.93601599	0.14248673	1.62000000	9.62000000	0.01327342	0.00000000
C29	c	0.35445640	0.86097392	0.02377579	1.68000000	9.68000000	0.02572418	0.00000000
C30	c	0.18261067	0.25369587	0.12282870	1.74000000	9.74000000	0.01847048	0.00000000
C31	c	0.32743117	0.28729039	0.08580179	1.80000000	9.80000000	0.02383241	0.00000000
C32	c	0.30430271	0.37200999	0.08886554	1.86000000	9.86000000	0.02079146	0.00000000
C33	c	0.33514069	0.17584057	0.01247776	1.92000000	9.92000000	0.01310062	0.00000000
C34	c	0.27826861	0.25646700	0.13003649	1.98000000	9.98000000	0.02413559	0.00000000
C35	c	0.22489004	0.15977817	0.07761914	2.00000000	10.00000000	0.02548069	0.00000000
C36	c	0.94103579	0.18152585	0.15179318	2.00000000	10.00000000	0.02075834	0.00000000
C37	c	0.85275747	0.20656117	0.15163055	2.00000000	10.00000000	0.02535212	0.00000000
C38	c	0.97900414	0.18471404	0.12397386	2.00000000	10.00000000	0.01711263	0.00000000
C39	c	1.00000000	0.10620133	0.14565153	2.00000000	10.00000000	0.01502446	0.00000000
C40	c	1.00000000	0.15904528	0.01409230	2.00000000	10.00000000	0.02967401	0.00000000
C41	c	0.93336357	0.10219644	0.10094601	2.00000000	10.00000000	0.02724282	0.00000000
C42	c	1.00000000	0.03199258	0.13042110	2.00000000	10.00000000	0.01160803	0.00000000
C43	c	0.76393199	0.98493220	0.09244426	2.00000000	10.00000000	0.01754357	0.00000000
C44	c	0.88863664	0.89922517	0.12011328	2.00000000	10.00000000	0.02481090	0.00000000
C45	c	0.83916395	0.94089349	0.07702177	2.00000000	10.00000000	0.02824018	0.00000000
C46	c	0.78003062	0.86308111	0.09392396	2.00000000	10.00000000	0.01203741	0.00000000
C47	c	0.78309323	0.90946221	0.12405138	2.00000000	10.00000000	0.02011222	0.00000000
C48	c	0.73333456	0.93428425	0.13138967	2.00000000	10.00000000	0.02859602	0.00000000
C49	c	0.77496930	0.91245561	0.12549354	2.00000000	10.00000000	0.01791616	0.00000000
C50	c	0.89669784	0.91814668	0.09342922	2.00000000	10.00000000	0.01716676	0.00000000

Q Vehicle fuel tank capacity /0.40000000/
C Vehicle load capacity /1.50000000/
r fuel consumption rate /0.25000000/
g inverse refueling rate /1.00000000/
v average Velocity /1.00000000/
