StringID	Type	x	y	demand	ReadyTime	DueDate	ServiceTime	altitude
D0	d	0.50000000	0.50000000	0.00000000	0.00000000	10.00000000	0.00000000	0.00000000
S0	f	0.79611142	0.49576420	0.00000000	0.00000000	10.00000000	0.00000000	0.00000000
S1	f	0.78200197	0.65636604	0.00000000	0.00000000	10.00000000	0.00000000	0.00000000
S2	f	0.17100475	0.08451811	0.00000000	0.00000000	10.00000000	0.00000000	0.00000000
S3	f	0.29520764	0.57004866	0.00000000	0.00000000	10.00000000	0.00000000	0.00000000
S4	f	0.18695595	0.33719787	0.00000000	0.00000000	10.00000000	0.00000000	0.00000000
S5	f	0.73268833	0.21278971	0.00000000	0.00000000	10.00000000	0.00000000	0.00000000
C1	c	0.71928018	0.36787113	0.16232085	0.00000000	8.00000000	0.01334813	0.00000000
C2	c	0.62744372	0.36964800	0.28063181	0.10000000	8.10000000	0.01003995	0.00000000
C3	c	0.68603810	0.29262848	0.08232669	0.20000000	8.20000000	0.02813906	0.00000000
C4	c	0.71150853	0.43583126	0.26901444	0.30000000	8.30000000	0.01430974	0.00000000
C5	c	0.68976580	0.39290020	0.25790425	0.40000000	8.40000000	0.02173881	0.00000000
C6	c	0.73730929	0.35206032	0.21478615	0.50000000	8.50000000	0.02789521	0.00000000
C7	c	0.66924894	0.40815733	0.24830329	0.60000000	8.60000000	0.01035991	0.00000000
C8	c	0.72086303	0.32560575	0.08764020	0.70000000	8.70000000	0.01648959	0.00000000
C9	c	0.52720410	0.00000000	0.08741742	0.80000000	8.80000000	0.01322911	0.00000000
C10	c	0.60948532	0.04121086	0.27521820	0.90000000	8.90000000	0.01729326	0.00000000
C11	c	0.60228945	0.01176281	0.05247303	1.00000000	9.00000000	0.02560008	0.00000000
C12	c	0.58458407	0.04643699	0.20982757	1.10000000	9.10000000	0.02256768	0.00000000
C13	c	0.57690301	0.01312049	0.03550509	1.20000000	9.20000000	0.02862294	0.00000000
C14	c	0.33830363	0.93150102	0.07398759	1.30000000	9.30000000	0.02270830	0.00000000
C15	c	0.31766828	0.83579655	0.10977572	1.40000000	9.40000000	0.01981417	0.00000000
C16	c	0.37070605	0.88926869	0.02404575	1.50000000	9.50000000	0.01055137	0.00000000
C17	c	0.35633114	0.91358221	0.13146759	1.60000000	9.60000000	0.01411319	0.00000000
C18	c	0.37309570	0.89770099	0.12763546	1.70000000	9.70000000	0.02765271	0.00000000
C19	c	0.34353616	0.86117485	0.23080756	1.80000000	9.80000000	0.01001849	0.00000000
C20	c	0.39939396	0.90286565	0.06131423	1.90000000	9.90000000	0.02864289	0.00000000
C21	c	0.41907732	0.89422511	0.09872558	2.00000000	10.00000000	0.01461775	0.00000000
C22	c	0.32976242	0.96027064	0.21578623	2.00000000	10.00000000	0.01699804	0.00000000
C23	c	0.31288420	0.97838548	0.17919337	2.00000000	10.00000000	0.01505934	0.00000000
C24	c	0.36225849	0.90924228	0.11300374	2.00000000	10.00000000	0.02548395	0.00000000
C25	c	0.31030167	0.90174422	0.15991020	2.00000000	10.00000000	0.02528972	0.00000000
C26	c	0.41428885	0.92079386	0.06765887	2.00000000	10.00000000	0.02661998	0.00000000
C27	c	0.71978023	0.95854104	0.23914667	2.00000000	10.00000000	0.02064430	0.00000000
C28	c	0.76303565	1.00000000	0.27759674	2.00000000	10.00000000	0.01418437	0.00000000
C29	c	0.65785770	0.89610524	0.09252453	2.00000000	10.00000000	0.02603080	0.00000000
C30	c	0.76307474	0.95147512	0.03405116	2.00000000	10.00000000	0.02559810	0.00000000

Q Vehicle fuel tank capacity /0.40000000/
C Vehicle load capacity /1.50000000/
r fuel consumption rate /0.25000000/
g inverse refueling rate /1.00000000/
v average Velocity /1.00000000/
