StringID	Type	x	y	demand	ReadyTime	DueDate	ServiceTime	altitude
D0	d	0.50000000	0.50000000	0.00000000	0.00000000	10.00000000	0.00000000	0.00000000
S0	f	0.70400158	0.69461113	0.00000000	0.00000000	10.00000000	0.00000000	0.00000000
S1	f	0.98955695	0.11049649	0.00000000	0.00000000	10.00000000	0.00000000	0.00000000
S2	f	0.51985802	0.05808385	0.00000000	0.00000000	10.00000000	0.00000000	0.00000000
S3	f	0.14918698	0.53777848	0.00000000	0.00000000	10.00000000	0.00000000	0.00000000
S4	f	0.92685856	0.81091806	0.00000000	0.00000000	10.00000000	0.00000000	0.00000000
S5	f	0.82859444	0.34773623	0.00000000	0.00000000	10.00000000	0.00000000	0.00000000
C1	c	0.51228204	0.12857881	0.08932934	0.00000000	8.00000000	0.01068452	0.00000000
C2	c	0.52956041	0.19187361	0.29165089	0.10000000	8.10000000	0.01412252	0.00000000
C3	c	0.53095377	0.19672107	0.14490598	0.20000000	8.20000000	0.01786165	0.00000000
C4	c	0.54494458	0.23215530	0.08020981	0.30000000	8.30000000	0.01250515	0.00000000
C5	c	0.49340873	0.25314462	0.28574780	0.40000000	8.40000000	0.01709460	0.00000000
C6	c	0.47543955	0.10030635	0.17545913	0.50000000	8.50000000	0.01204705	0.00000000
C7	c	0.52493690	0.18589947	0.07004719	0.60000000	8.60000000	0.01804021	0.00000000
C8	c	0.47424470	0.63717275	0.03187961	0.70000000	8.70000000	0.02452582	0.00000000
C9	c	0.44133168	0.60534080	0.21583224	0.80000000	8.80000000	0.02138570	0.00000000
C10	c	0.41443933	0.65778392	0.13480133	0.90000000	8.90000000	0.01376904	0.00000000
C11	c	0.40094838	0.70476957	0.11059515	1.00000000	9.00000000	0.02373512	0.00000000
C12	c	0.40824313	0.66815345	0.03273991	1.10000000	9.10000000	0.01055286	0.00000000
C13	c	0.40076951	0.64901444	0.08059985	1.20000000	9.20000000	0.01393889	0.00000000
C14	c	0.41487152	0.66134907	0.02427538	1.30000000	9.30000000	0.01255271	0.00000000
C15	c	0.64286991	0.36164536	0.27586085	1.40000000	9.40000000	0.01429671	0.00000000
C16	c	0.67268231	0.33465610	0.20207921	1.50000000	9.50000000	0.01038566	0.00000000
C17	c	0.71886554	0.39360129	0.15090932	1.60000000	9.60000000	0.02541322	0.00000000
C18	c	0.69069135	0.35118606	0.07054910	1.70000000	9.70000000	0.01007554	0.00000000
C19	c	0.70024486	0.33709431	0.18966486	1.80000000	9.80000000	0.02061146	0.00000000
C20	c	0.69024438	0.34754467	0.19290104	1.90000000	9.90000000	0.02521662	0.00000000
C21	c	0.65607886	0.39195998	0.03374153	2.00000000	10.00000000	0.01063454	0.00000000
C22	c	0.64073567	0.35171278	0.07651993	2.00000000	10.00000000	0.01045276	0.00000000
C23	c	0.50973231	0.30820602	0.25852178	2.00000000	10.00000000	0.01190936	0.00000000
C24	c	0.62683687	0.41567507	0.26804320	2.00000000	10.00000000	0.02858680	0.00000000
C25	c	0.37930590	0.41952624	0.25519831	2.00000000	10.00000000	0.01209169	0.00000000
C26	c	0.32715046	0.42713281	0.19009504	2.00000000	10.00000000	0.02920372	0.00000000
C27	c	0.44150211	0.25615996	0.17156973	2.00000000	10.00000000	0.02005283	0.00000000
C28	c	0.36605020	0.26351794	0.07712666	2.00000000	10.00000000	0.01413908	0.00000000
C29	c	0.41152789	0.25531017	0.29322557	2.00000000	10.00000000	0.01579363	0.00000000
C30	c	0.38861812	0.27165459	0.02592028	2.00000000	10.00000000	0.01628753	0.00000000

Q Vehicle fuel tank capacity /0.40000000/
C Vehicle load capacity /1.50000000/
r fuel consumption rate /0.25000000/
g inverse refueling rate /1.00000000/
v average Velocity /1.00000000/
