StringID	Type	x	y	demand	ReadyTime	DueDate	ServiceTime	altitude
D0	d	0.50000000	0.50000000	0.00000000	0.00000000	10.00000000	0.00000000	0.00000000
S0	f	0.14094917	0.26734830	0.00000000	0.00000000	10.00000000	0.00000000	0.00000000
S1	f	0.57483521	0.24252751	0.00000000	0.00000000	10.00000000	0.00000000	0.00000000
S2	f	0.78505932	0.55498599	0.00000000	0.00000000	10.00000000	0.00000000	0.00000000
S3	f	0.08754598	0.81935860	0.00000000	0.00000000	10.00000000	0.00000000	0.00000000
S4	f	0.28217452	0.64947989	0.00000000	0.00000000	10.00000000	0.00000000	0.00000000
S5	f	0.82574987	0.84873256	0.00000000	0.00000000	10.00000000	0.00000000	0.00000000
S6	f	0.33248054	0.88977589	0.00000000	0.00000000	10.00000000	0.00000000	0.00000000
S7	f	0.70674429	0.68098849	0.00000000	0.00000000	10.00000000	0.00000000	0.00000000
S8	f	0.33105568	0.03896399	0.00000000	0.00000000	10.00000000	0.00000000	0.00000000
S9	f	0.67528799	0.45753171	0.00000000	0.00000000	10.00000000	0.00000000	0.00000000
C1	c	0.57143934	0.76177497	0.15152092	0.00000000	8.00000000	0.01851923	0.00000000
C2	c	0.61375254	0.78492383	0.07455202	0.06000000	8.06000000	0.02810472	0.00000000
C3	c	0.60365016	0.78621806	0.15842273	0.12000000	8.12000000	0.01324565	0.00000000
C4	c	0.63420365	0.71549306	0.04896299	0.18000000	8.18000000	0.01052062	0.00000000
C5	c	0.60742940	0.73808551	0.05609019	0.24000000	8.24000000	0.02307512	0.00000000
C6	c	0.33835773	0.14194096	0.03298865	0.30000000	8.30000000	0.01822766	0.00000000
C7	c	0.49653788	0.12640053	0.05218298	0.36000000	8.36000000	0.02532306	0.00000000
C8	c	0.30349169	0.14596309	0.01273290	0.42000000	8.42000000	0.01704989	0.00000000
C9	c	0.31415832	0.20607929	0.09038189	0.48000000	8.48000000	0.02316041	0.00000000
C10	c	0.41570853	0.14745714	0.07634031	0.54000000	8.54000000	0.02438175	0.00000000
C11	c	0.40635986	0.08885556	0.02736738	0.60000000	8.60000000	0.01308657	0.00000000
C12	c	0.52685822	0.96270311	0.05839527	0.66000000	8.66000000	0.02186031	0.00000000
C13	c	0.54198550	1.00000000	0.07808616	0.72000000	8.72000000	0.02174962	0.00000000
C14	c	0.49302901	0.93062937	0.02062441	0.78000000	8.78000000	0.01259201	0.00000000
C15	c	0.51508008	0.93554207	0.12247135	0.84000000	8.84000000	0.02265143	0.00000000
C16	c	0.51203080	0.96102378	0.03546115	0.90000000	8.90000000	0.02120532	0.00000000
C17	c	0.58978003	1.00000000	0.14081157	0.96000000	8.96000000	0.01431702	0.00000000
C18	c	0.53739006	0.98673624	0.14669174	1.02000000	9.02000000	0.01201010	0.00000000
C19	c	0.57518342	0.91969835	0.13957881	1.08000000	9.08000000	0.01158120	0.00000000
C20	c	0.13083073	0.58788213	0.13230893	1.14000000	9.14000000	0.02551126	0.00000000
C21	c	0.30199747	0.55295199	0.14751197	1.20000000	9.20000000	0.02896928	0.00000000
C22	c	0.18022680	0.54566691	0.05231794	1.26000000	9.26000000	0.02910602	0.00000000
C23	c	0.21935702	0.52964946	0.12125276	1.32000000	9.32000000	0.01156205	0.00000000
C24	c	0.41096842	0.44430945	0.06158561	1.38000000	9.38000000	0.01902500	0.00000000
C25	c	0.25564143	0.53331158	0.10798529	1.44000000	9.44000000	0.02398259	0.00000000
C26	c	0.39596653	0.39666227	0.12687391	1.50000000	9.50000000	0.01827931	0.00000000
C27	c	0.34123130	0.38586263	0.15235458	1.56000000	9.56000000	0.01934639	0.00000000
C28	c	0.32809049	0.48187051	0.01288739	1.62000000	9.62000000	0.02262876	0.00000000
C29	c	0.36907386	0.42549098	0.01688026	1.68000000	9.68000000	0.01480768	0.00000000
C30	c	0.37768171	0.35138093	0.05209943	1.74000000	9.74000000	0.02719428	0.00000000
C31	c	0.36207184	0.46349465	0.11290975	1.80000000	9.80000000	0.02866873	0.00000000
C32	c	0.32138514	0.42841063	0.11452151	1.86000000	9.86000000	0.02771828	0.00000000
C33	c	0.42983247	0.89161330	0.03563660	1.92000000	9.92000000	0.01942869	0.00000000
C34	c	0.42857398	0.77666430	0.04293670	1.98000000	9.98000000	0.02748250	0.00000000
C35	c	0.37039850	0.78898246	0.15904042	2.00000000	10.00000000	0.01052110	0.00000000
C36	c	0.34905173	0.79159527	0.09840505	2.00000000	10.00000000	0.02665887	0.00000000
C37	c	0.37879382	0.75748709	0.14190462	2.00000000	10.00000000	0.01302106	0.00000000
C38	c	0.38401745	0.81191067	0.14452953	2.00000000	10.00000000	0.01705324	0.00000000
C39	c	0.42402634	0.78271715	0.01544269	2.00000000	10.00000000	0.02334854	0.00000000
C40	c	0.39406905	0.71255767	0.16083402	2.00000000	10.00000000	0.01652639	0.00000000
C41	c	0.38612655	0.83216658	0.13422563	2.00000000	10.00000000	0.01225441	0.00000000
C42	c	0.37227521	0.86811376	0.14572844	2.00000000	10.00000000	0.02221756	0.00000000
C43	c	0.32635487	0.79537226	0.16681759	2.00000000	10.00000000	0.01252675	0.00000000
C44	c	0.41235290	0.82193937	0.02274352	2.00000000	10.00000000	0.02424512	0.00000000
C45	c	0.69191913	0.17357902	0.01607683	2.00000000	10.00000000	0.02459624	0.00000000
C46	c	0.65781674	0.05606059	0.07512819	2.00000000	10.00000000	0.02414281	0.00000000
C47	c	0.54616337	0.13989201	0.15818864	2.00000000	10.00000000	0.02665969	0.00000000
C48	c	0.54360100	0.04749097	0.07335786	2.00000000	10.00000000	0.01033733	0.00000000
C49	c	0.57164058	0.08914910	0.06399466	2.00000000	10.00000000	0.02940876	0.00000000
C50	c	0.55153150	0.06817840	0.10985623	2.00000000	10.00000000	0.02017465	0.00000000

Q Vehicle fuel tank capacity /0.40000000/
C Vehicle load capacity /1.50000000/
r fuel consumption rate /0.25000000/
g inverse refueling rate /1.00000000/
v average Velocity /1.00000000/
