StringID	Type	x	y	demand	ReadyTime	DueDate	ServiceTime	altitude
D0	d	0.50000000	0.50000000	0.00000000	0.00000000	10.00000000	0.00000000	0.00000000
S0	f	0.34924454	0.35133966	0.00000000	0.00000000	10.00000000	0.00000000	0.00000000
S1	f	0.21666745	0.81923644	0.00000000	0.00000000	10.00000000	0.00000000	0.00000000
S2	f	0.32749976	0.68413186	0.00000000	0.00000000	10.00000000	0.00000000	0.00000000
S3	f	0.99757167	0.02947228	0.00000000	0.00000000	10.00000000	0.00000000	0.00000000
S4	f	0.77684926	0.01168849	0.00000000	0.00000000	10.00000000	0.00000000	0.00000000
S5	f	0.00263563	0.11817362	0.00000000	0.00000000	10.00000000	0.00000000	0.00000000
C1	c	0.53900668	0.11352986	0.14231080	0.00000000	8.00000000	0.01553882	0.00000000
C2	c	0.57502305	0.12618302	0.16530361	0.10000000	8.10000000	0.01908738	0.00000000
C3	c	0.66924100	0.00797986	0.25747315	0.20000000	8.20000000	0.01231031	0.00000000
C4	c	0.54289023	0.12828857	0.17426101	0.30000000	8.30000000	0.01547602	0.00000000
C5	c	0.12282020	0.45927711	0.17534569	0.40000000	8.40000000	0.02219417	0.00000000
C6	c	0.12828636	0.47013340	0.09437078	0.50000000	8.50000000	0.01420978	0.00000000
C7	c	0.17816289	0.47310054	0.25287066	0.60000000	8.60000000	0.01544897	0.00000000
C8	c	0.12516203	0.37399396	0.28057977	0.70000000	8.70000000	0.02338594	0.00000000
C9	c	0.08058628	0.34935960	0.04890446	0.80000000	8.80000000	0.01782452	0.00000000
C10	c	0.10720032	0.39131326	0.11679568	0.90000000	8.90000000	0.02155310	0.00000000
C11	c	0.05998347	0.37963714	0.28156051	1.00000000	9.00000000	0.01233874	0.00000000
C12	c	0.07393803	0.48192585	0.16514288	1.10000000	9.10000000	0.02383041	0.00000000
C13	c	0.96181887	0.64704138	0.08100625	1.20000000	9.20000000	0.02862880	0.00000000
C14	c	0.95747361	0.57496145	0.23138075	1.30000000	9.30000000	0.01427827	0.00000000
C15	c	1.00000000	0.56274166	0.09766313	1.40000000	9.40000000	0.01852515	0.00000000
C16	c	1.00000000	0.65460921	0.17275603	1.50000000	9.50000000	0.02189773	0.00000000
C17	c	1.00000000	0.58867236	0.20864491	1.60000000	9.60000000	0.02944742	0.00000000
C18	c	0.41537027	0.91723174	0.03108871	1.70000000	9.70000000	0.02952245	0.00000000
C19	c	0.38584629	1.00000000	0.21854756	1.80000000	9.80000000	0.01244012	0.00000000
C20	c	0.41024072	1.00000000	0.19272305	1.90000000	9.90000000	0.02585351	0.00000000
C21	c	0.47059682	0.95939234	0.11902025	2.00000000	10.00000000	0.02656626	0.00000000
C22	c	0.40420490	0.95067173	0.20009459	2.00000000	10.00000000	0.01437793	0.00000000
C23	c	0.48397378	0.84563579	0.15981983	2.00000000	10.00000000	0.02408900	0.00000000
C24	c	0.44365409	0.96974063	0.14682894	2.00000000	10.00000000	0.02698696	0.00000000
C25	c	0.38063527	0.39069639	0.04690269	2.00000000	10.00000000	0.02220319	0.00000000
C26	c	0.40089889	0.45389524	0.06691274	2.00000000	10.00000000	0.01336231	0.00000000
C27	c	0.29829829	0.25513610	0.07022007	2.00000000	10.00000000	0.01155914	0.00000000
C28	c	0.32326703	0.29662854	0.08425121	2.00000000	10.00000000	0.02193187	0.00000000
C29	c	0.31374939	0.28696238	0.15763891	2.00000000	10.00000000	0.01316836	0.00000000
C30	c	0.39956867	0.29433924	0.05958139	2.00000000	10.00000000	0.01969577	0.00000000

Q Vehicle fuel tank capacity /0.40000000/
C Vehicle load capacity /1.50000000/
r fuel consumption rate /0.25000000/
g inverse refueling rate /1.00000000/
v average Velocity /1.00000000/
