StringID	Type	x	y	demand	ReadyTime	DueDate	ServiceTime	altitude
D0	d	0.50000000	0.50000000	0.00000000	0.00000000	10.00000000	0.00000000	0.00000000
S0	f	0.21066612	0.02070083	0.00000000	0.00000000	10.00000000	0.00000000	0.00000000
S1	f	0.77905080	0.25878500	0.00000000	0.00000000	10.00000000	0.00000000	0.00000000
S2	f	0.35936191	0.00593175	0.00000000	0.00000000	10.00000000	0.00000000	0.00000000
S3	f	0.55114481	0.46261583	0.00000000	0.00000000	10.00000000	0.00000000	0.00000000
S4	f	0.03802676	0.31016358	0.00000000	0.00000000	10.00000000	0.00000000	0.00000000
S5	f	0.23191852	0.83486834	0.00000000	0.00000000	10.00000000	0.00000000	0.00000000
S6	f	0.76852223	0.41300343	0.00000000	0.00000000	10.00000000	0.00000000	0.00000000
S7	f	0.27022888	0.50240086	0.00000000	0.00000000	10.00000000	0.00000000	0.00000000
S8	f	0.78958111	0.36947431	0.00000000	0.00000000	10.00000000	0.00000000	0.00000000
S9	f	0.86060890	0.07511369	0.00000000	0.00000000	10.00000000	0.00000000	0.00000000
C1	c	0.90619919	0.69143948	0.06446235	0.00000000	8.00000000	0.02432292	0.00000000
C2	c	0.99636789	0.73045996	0.13947576	0.06000000	8.06000000	0.02963734	0.00000000
C3	c	0.93451661	0.79601769	0.02782669	0.12000000	8.12000000	0.01072925	0.00000000
C4	c	0.95803547	0.76261727	0.04031036	0.18000000	8.18000000	0.01502358	0.00000000
C5	c	1.00000000	0.71173605	0.08575440	0.24000000	8.24000000	0.01864111	0.00000000
C6	c	0.95134973	0.82477827	0.15313613	0.30000000	8.30000000	0.01467815	0.00000000
C7	c	0.94965960	0.61407567	0.08440159	0.36000000	8.36000000	0.01159166	0.00000000
C8	c	0.86691341	0.63550550	0.02387493	0.42000000	8.42000000	0.01804744	0.00000000
C9	c	0.31108575	0.94739382	0.12524826	0.48000000	8.48000000	0.01963168	0.00000000
C10	c	0.27881088	0.94716906	0.05247947	0.54000000	8.54000000	0.01167059	0.00000000
C11	c	0.29699625	0.91485483	0.10775808	0.60000000	8.60000000	0.01512397	0.00000000
C12	c	0.31759849	0.97416450	0.05370850	0.66000000	8.66000000	0.01756368	0.00000000
C13	c	0.35225562	0.97369741	0.01898628	0.72000000	8.72000000	0.02222372	0.00000000
C14	c	0.41000634	0.99824796	0.13048195	0.78000000	8.78000000	0.01685698	0.00000000
C15	c	0.40879497	0.99720700	0.13868300	0.84000000	8.84000000	0.01657310	0.00000000
C16	c	0.36165281	1.00000000	0.07662873	0.90000000	8.90000000	0.02972365	0.00000000
C17	c	0.32878719	0.91261758	0.04050919	0.96000000	8.96000000	0.02796313	0.00000000
C18	c	0.05222847	0.55593739	0.07271905	1.02000000	9.02000000	0.02872731	0.00000000
C19	c	0.08906502	0.44227589	0.10594679	1.08000000	9.08000000	0.01104952	0.00000000
C20	c	0.05434530	0.57659722	0.16313318	1.14000000	9.14000000	0.01836577	0.00000000
C21	c	0.12709029	0.45947483	0.14166608	1.20000000	9.20000000	0.01969783	0.00000000
C22	c	0.00000000	0.49975013	0.01925195	1.26000000	9.26000000	0.01733094	0.00000000
C23	c	0.06012480	0.42426510	0.01491388	1.32000000	9.32000000	0.02844098	0.00000000
C24	c	0.14777797	0.54817772	0.04173008	1.38000000	9.38000000	0.01198731	0.00000000
C25	c	0.01535607	0.47975431	0.15872096	1.44000000	9.44000000	0.02893793	0.00000000
C26	c	0.31260835	0.10174146	0.02768562	1.50000000	9.50000000	0.01803433	0.00000000
C27	c	0.20915823	0.08675605	0.13808253	1.56000000	9.56000000	0.02081432	0.00000000
C28	c	0.13378720	0.00000000	0.16402400	1.62000000	9.62000000	0.01384221	0.00000000
C29	c	0.17173876	0.00394307	0.14336606	1.68000000	9.68000000	0.02648778	0.00000000
C30	c	0.77525925	0.19203315	0.13893367	1.74000000	9.74000000	0.02509944	0.00000000
C31	c	0.72406054	0.24958411	0.03024175	1.80000000	9.80000000	0.02724361	0.00000000
C32	c	0.77854449	0.30480441	0.06935948	1.86000000	9.86000000	0.02717345	0.00000000
C33	c	0.86122549	0.29689447	0.09560455	1.92000000	9.92000000	0.02023740	0.00000000
C34	c	0.81281167	0.12130952	0.06426860	1.98000000	9.98000000	0.01102822	0.00000000
C35	c	0.72094252	0.25387542	0.10109795	2.00000000	10.00000000	0.01793676	0.00000000
C36	c	0.77717255	0.31388428	0.02572717	2.00000000	10.00000000	0.02766784	0.00000000
C37	c	0.70929602	0.28042359	0.11315106	2.00000000	10.00000000	0.02142961	0.00000000
C38	c	0.65870965	0.24531179	0.14587738	2.00000000	10.00000000	0.01068281	0.00000000
C39	c	0.98303126	0.39276100	0.09768415	2.00000000	10.00000000	0.02058679	0.00000000
C40	c	0.98930735	0.38549221	0.03521949	2.00000000	10.00000000	0.02338391	0.00000000
C41	c	1.00000000	0.44255909	0.16577747	2.00000000	10.00000000	0.01925571	0.00000000
C42	c	1.00000000	0.51004978	0.08423903	2.00000000	10.00000000	0.02040009	0.00000000
C43	c	0.97436348	0.44724626	0.12796707	2.00000000	10.00000000	0.01204872	0.00000000
C44	c	0.95018971	0.46889353	0.14580289	2.00000000	10.00000000	0.02471430	0.00000000
C45	c	0.96248105	0.52736890	0.04853172	2.00000000	10.00000000	0.02297209	0.00000000
C46	c	0.86776434	0.44332045	0.06714536	2.00000000	10.00000000	0.02453189	0.00000000
C47	c	1.00000000	0.46332814	0.13727265	2.00000000	10.00000000	0.02041647	0.00000000
C48	c	0.96927348	0.48490270	0.09386834	2.00000000	10.00000000	0.02475205	0.00000000
C49	c	1.00000000	0.41347704	0.08976621	2.00000000	10.00000000	0.01344717	0.00000000
C50	c	0.99567635	0.48943313	0.06749818	2.00000000	10.00000000	0.01145001	0.00000000

Q Vehicle fuel tank capacity /0.40000000/
C Vehicle load capacity /1.50000000/
r fuel consumption rate /0.25000000/
g inverse refueling rate /1.00000000/
v average Velocity /1.00000000/
