StringID	Type	x	y	demand	ReadyTime	DueDate	ServiceTime	altitude
D0	d	0.50000000	0.50000000	0.00000000	0.00000000	10.00000000	0.00000000	0.00000000
S0	f	0.31994938	0.40063499	0.00000000	0.00000000	10.00000000	0.00000000	0.00000000
S1	f	0.37611156	0.69423024	0.00000000	0.00000000	10.00000000	0.00000000	0.00000000
S2	f	0.45830152	0.29915582	0.00000000	0.00000000	10.00000000	0.00000000	0.00000000
S3	f	0.28356725	0.59698291	0.00000000	0.00000000	10.00000000	0.00000000	0.00000000
S4	f	0.54438821	0.37437249	0.00000000	0.00000000	10.00000000	0.00000000	0.00000000
S5	f	0.19725312	0.50548119	0.00000000	0.00000000	10.00000000	0.00000000	0.00000000
C1	c	1.00000000	0.79152292	0.24316491	0.00000000	8.00000000	0.01708550	0.00000000
C2	c	1.00000000	0.77807816	0.16201331	0.10000000	8.10000000	0.01094060	0.00000000
C3	c	1.00000000	0.76857412	0.16779991	0.20000000	8.20000000	0.01008908	0.00000000
C4	c	1.00000000	0.78960587	0.26332115	0.30000000	8.30000000	0.01229119	0.00000000
C5	c	1.00000000	0.71599961	0.09208447	0.40000000	8.40000000	0.02953472	0.00000000
C6	c	0.29388257	0.68548099	0.15171499	0.50000000	8.50000000	0.01045933	0.00000000
C7	c	0.24885633	0.65656389	0.16994580	0.60000000	8.60000000	0.01651021	0.00000000
C8	c	0.36051718	0.73474889	0.17415531	0.70000000	8.70000000	0.01331340	0.00000000
C9	c	0.32740762	0.72359256	0.07587913	0.80000000	8.80000000	0.02627419	0.00000000
C10	c	0.29272790	0.65111446	0.06966334	0.90000000	8.90000000	0.01756406	0.00000000
C11	c	0.38981577	0.74050639	0.26534412	1.00000000	9.00000000	0.01481371	0.00000000
C12	c	0.08666470	0.84777191	0.20380325	1.10000000	9.10000000	0.02598128	0.00000000
C13	c	0.00591522	0.85008540	0.19111124	1.20000000	9.20000000	0.02965734	0.00000000
C14	c	0.00000000	0.88761946	0.25025599	1.30000000	9.30000000	0.02333944	0.00000000
C15	c	0.02974220	0.87649462	0.05825505	1.40000000	9.40000000	0.01171083	0.00000000
C16	c	0.08099909	0.82661381	0.24971561	1.50000000	9.50000000	0.01174827	0.00000000
C17	c	0.00921428	0.91422858	0.05338233	1.60000000	9.60000000	0.01677384	0.00000000
C18	c	0.65499762	0.17184105	0.09470550	1.70000000	9.70000000	0.02320040	0.00000000
C19	c	0.67666671	0.27470894	0.20607157	1.80000000	9.80000000	0.02365098	0.00000000
C20	c	0.65745135	0.24542602	0.12250427	1.90000000	9.90000000	0.02539488	0.00000000
C21	c	0.60356989	0.31185591	0.22901143	2.00000000	10.00000000	0.02174736	0.00000000
C22	c	0.69842576	0.25509342	0.04124686	2.00000000	10.00000000	0.02037143	0.00000000
C23	c	0.70893385	0.17235249	0.03359951	2.00000000	10.00000000	0.02112924	0.00000000
C24	c	0.66167152	0.28594615	0.14361404	2.00000000	10.00000000	0.01102542	0.00000000
C25	c	0.74543610	0.86818223	0.13812664	2.00000000	10.00000000	0.02641732	0.00000000
C26	c	0.70667648	0.87792545	0.06697369	2.00000000	10.00000000	0.02016618	0.00000000
C27	c	0.75124937	0.94269282	0.05924213	2.00000000	10.00000000	0.01309301	0.00000000
C28	c	0.73226321	0.77777505	0.17471058	2.00000000	10.00000000	0.02167869	0.00000000
C29	c	0.64931234	0.86779099	0.17590306	2.00000000	10.00000000	0.01285266	0.00000000
C30	c	0.73069921	0.72067053	0.17268079	2.00000000	10.00000000	0.01169244	0.00000000

Q Vehicle fuel tank capacity /0.40000000/
C Vehicle load capacity /1.50000000/
r fuel consumption rate /0.25000000/
g inverse refueling rate /1.00000000/
v average Velocity /1.00000000/
