StringID	Type	x	y	demand	ReadyTime	DueDate	ServiceTime	altitude
D0	d	0.50000000	0.50000000	0.00000000	0.00000000	10.00000000	0.00000000	0.00000000
S0	f	0.86857673	0.74585292	0.00000000	0.00000000	10.00000000	0.00000000	0.00000000
S1	f	0.70535235	0.03083955	0.00000000	0.00000000	10.00000000	0.00000000	0.00000000
S2	f	0.29744637	0.74473184	0.00000000	0.00000000	10.00000000	0.00000000	0.00000000
S3	f	0.60286039	0.13725558	0.00000000	0.00000000	10.00000000	0.00000000	0.00000000
S4	f	0.38418922	0.75369029	0.00000000	0.00000000	10.00000000	0.00000000	0.00000000
S5	f	0.31915867	0.67880029	0.00000000	0.00000000	10.00000000	0.00000000	0.00000000
S6	f	0.76999897	0.39096052	0.00000000	0.00000000	10.00000000	0.00000000	0.00000000
S7	f	0.97874057	0.64815501	0.00000000	0.00000000	10.00000000	0.00000000	0.00000000
S8	f	0.32217098	0.49971381	0.00000000	0.00000000	10.00000000	0.00000000	0.00000000
S9	f	0.74808879	0.46390352	0.00000000	0.00000000	10.00000000	0.00000000	0.00000000
C1	c	0.68204766	0.59685160	0.14238425	0.00000000	8.00000000	0.02735600	0.00000000
C2	c	0.56725125	0.66400236	0.15167990	0.06000000	8.06000000	0.02923967	0.00000000
C3	c	0.66394099	0.62910747	0.13342415	0.12000000	8.12000000	0.01992737	0.00000000
C4	c	0.62508243	0.65409323	0.12446132	0.18000000	8.18000000	0.01510721	0.00000000
C5	c	0.59096742	0.70493336	0.01982640	0.24000000	8.24000000	0.01280412	0.00000000
C6	c	0.64671858	0.63980608	0.01090005	0.30000000	8.30000000	0.01371415	0.00000000
C7	c	0.67765630	0.67030880	0.12583141	0.36000000	8.36000000	0.01594687	0.00000000
C8	c	0.67772993	0.73263042	0.11109326	0.42000000	8.42000000	0.01826512	0.00000000
C9	c	0.62929064	0.69772951	0.05250262	0.48000000	8.48000000	0.01740145	0.00000000
C10	c	0.71166654	0.67345065	0.05116972	0.54000000	8.54000000	0.01572706	0.00000000
C11	c	0.80465468	0.75031263	0.09967885	0.60000000	8.60000000	0.02603249	0.00000000
C12	c	0.85912255	0.78672455	0.01122355	0.66000000	8.66000000	0.02193607	0.00000000
C13	c	0.82094655	0.77154450	0.14358615	0.72000000	8.72000000	0.02622167	0.00000000
C14	c	0.75592109	0.74958057	0.06258900	0.78000000	8.78000000	0.02349710	0.00000000
C15	c	0.84627413	0.79119133	0.14041322	0.84000000	8.84000000	0.02209613	0.00000000
C16	c	0.83388798	0.77110592	0.05119415	0.90000000	8.90000000	0.02794141	0.00000000
C17	c	0.89721101	0.78288063	0.07804878	0.96000000	8.96000000	0.01896003	0.00000000
C18	c	0.78748082	0.78761071	0.11282702	1.02000000	9.02000000	0.02550768	0.00000000
C19	c	0.17270421	0.46537642	0.11274518	1.08000000	9.08000000	0.02655304	0.00000000
C20	c	0.15333012	0.58445526	0.11049263	1.14000000	9.14000000	0.01421141	0.00000000
C21	c	0.14442032	0.57130995	0.14365945	1.20000000	9.20000000	0.01659712	0.00000000
C22	c	0.17169015	0.51840313	0.04230926	1.26000000	9.26000000	0.02896426	0.00000000
C23	c	0.19091173	0.55334127	0.05910454	1.32000000	9.32000000	0.02328010	0.00000000
C24	c	0.21132475	0.57287111	0.15329516	1.38000000	9.38000000	0.01174592	0.00000000
C25	c	0.18136938	0.49672137	0.03835100	1.44000000	9.44000000	0.01371649	0.00000000
C26	c	0.20383916	0.35619457	0.04407431	1.50000000	9.50000000	0.02227507	0.00000000
C27	c	0.17994370	0.56322405	0.05944286	1.56000000	9.56000000	0.01494974	0.00000000
C28	c	0.23868935	0.49651563	0.10981082	1.62000000	9.62000000	0.01216148	0.00000000
C29	c	0.96226794	0.52237916	0.03307449	1.68000000	9.68000000	0.02519422	0.00000000
C30	c	0.97062490	0.54011961	0.15025630	1.74000000	9.74000000	0.02691872	0.00000000
C31	c	0.92739242	0.48127034	0.14214100	1.80000000	9.80000000	0.01096988	0.00000000
C32	c	0.95955075	0.55904948	0.13593563	1.86000000	9.86000000	0.02872651	0.00000000
C33	c	0.98264829	0.48054583	0.08917797	1.92000000	9.92000000	0.02241405	0.00000000
C34	c	0.18416398	0.25743443	0.01086429	1.98000000	9.98000000	0.01353543	0.00000000
C35	c	0.04173554	0.30040925	0.01287289	2.00000000	10.00000000	0.01108071	0.00000000
C36	c	0.11541672	0.28421187	0.13838795	2.00000000	10.00000000	0.02425321	0.00000000
C37	c	0.08186463	0.28567849	0.11005795	2.00000000	10.00000000	0.01623474	0.00000000
C38	c	0.16916922	0.32188218	0.07935015	2.00000000	10.00000000	0.01426588	0.00000000
C39	c	0.18094911	0.25741783	0.14431817	2.00000000	10.00000000	0.01553076	0.00000000
C40	c	0.08904959	0.27994145	0.12168746	2.00000000	10.00000000	0.02079409	0.00000000
C41	c	0.79723682	0.19100102	0.08528826	2.00000000	10.00000000	0.01190383	0.00000000
C42	c	0.77824651	0.16549734	0.05118860	2.00000000	10.00000000	0.02826416	0.00000000
C43	c	0.14729025	1.00000000	0.14042656	2.00000000	10.00000000	0.02941423	0.00000000
C44	c	0.04599147	0.88404438	0.02306378	2.00000000	10.00000000	0.01284789	0.00000000
C45	c	0.06518034	0.99862201	0.02293771	2.00000000	10.00000000	0.01076541	0.00000000
C46	c	0.06321381	1.00000000	0.12596728	2.00000000	10.00000000	0.02800381	0.00000000
C47	c	0.17901364	1.00000000	0.08846653	2.00000000	10.00000000	0.02602844	0.00000000
C48	c	0.08662091	0.92519490	0.11847156	2.00000000	10.00000000	0.01747940	0.00000000
C49	c	0.11155605	1.00000000	0.08733527	2.00000000	10.00000000	0.02202351	0.00000000
C50	c	0.11172571	0.92235303	0.09261120	2.00000000	10.00000000	0.01445798	0.00000000

Q Vehicle fuel tank capacity /0.40000000/
C Vehicle load capacity /1.50000000/
r fuel consumption rate /0.25000000/
g inverse refueling rate /1.00000000/
v average Velocity /1.00000000/
