StringID	Type	x	y	demand	ReadyTime	DueDate	ServiceTime	altitude
D0	d	0.50000000	0.50000000	0.00000000	0.00000000	10.00000000	0.00000000	0.00000000
S0	f	0.52434307	0.20380785	0.00000000	0.00000000	10.00000000	0.00000000	0.00000000
S1	f	0.35139789	0.86662436	0.00000000	0.00000000	10.00000000	0.00000000	0.00000000
S2	f	0.65730012	0.03461011	0.00000000	0.00000000	10.00000000	0.00000000	0.00000000
S3	f	0.21707112	0.01762323	0.00000000	0.00000000	10.00000000	0.00000000	0.00000000
S4	f	0.46097082	0.42074222	0.00000000	0.00000000	10.00000000	0.00000000	0.00000000
S5	f	0.13595845	0.26233877	0.00000000	0.00000000	10.00000000	0.00000000	0.00000000
C1	c	0.90218254	0.30787604	0.11733807	0.00000000	8.00000000	0.01732141	0.00000000
C2	c	0.98001872	0.35359234	0.09188475	0.10000000	8.10000000	0.02154277	0.00000000
C3	c	0.98361445	0.45956631	0.09318637	0.20000000	8.20000000	0.02261132	0.00000000
C4	c	0.96171499	0.42663554	0.20358860	0.30000000	8.30000000	0.01827694	0.00000000
C5	c	0.97324949	0.38450278	0.22751618	0.40000000	8.40000000	0.01988568	0.00000000
C6	c	0.93695017	0.34579074	0.15205935	0.50000000	8.50000000	0.02651484	0.00000000
C7	c	0.54171362	0.53095021	0.09170424	0.60000000	8.60000000	0.02194852	0.00000000
C8	c	0.52323428	0.55243691	0.24797012	0.70000000	8.70000000	0.01198049	0.00000000
C9	c	0.47520650	0.51897751	0.22566704	0.80000000	8.80000000	0.02640454	0.00000000
C10	c	0.53732363	0.50170280	0.05616498	0.90000000	8.90000000	0.02997599	0.00000000
C11	c	0.77698772	0.33569989	0.10050808	1.00000000	9.00000000	0.02096683	0.00000000
C12	c	0.85024425	0.34177379	0.02566114	1.10000000	9.10000000	0.01461989	0.00000000
C13	c	0.76080576	0.36200100	0.09885521	1.20000000	9.20000000	0.02440790	0.00000000
C14	c	0.80940403	0.35835716	0.09189706	1.30000000	9.30000000	0.01946339	0.00000000
C15	c	0.76929878	0.32865528	0.23993818	1.40000000	9.40000000	0.01642262	0.00000000
C16	c	0.80037681	0.28456021	0.14119227	1.50000000	9.50000000	0.02931252	0.00000000
C17	c	0.50737756	0.77056331	0.15231405	1.60000000	9.60000000	0.01424188	0.00000000
C18	c	0.55739184	0.68414493	0.03774728	1.70000000	9.70000000	0.01824385	0.00000000
C19	c	0.47957062	0.65168668	0.21624844	1.80000000	9.80000000	0.02438387	0.00000000
C20	c	0.43959448	0.76197112	0.20786106	1.90000000	9.90000000	0.01136786	0.00000000
C21	c	0.41773190	0.81566858	0.15138568	2.00000000	10.00000000	0.02357927	0.00000000
C22	c	0.48564359	0.70011571	0.05889864	2.00000000	10.00000000	0.01413134	0.00000000
C23	c	0.58875095	0.82826477	0.11739137	2.00000000	10.00000000	0.02244977	0.00000000
C24	c	0.50645446	0.62764274	0.18629236	2.00000000	10.00000000	0.01737421	0.00000000
C25	c	0.54114598	0.77914060	0.19564540	2.00000000	10.00000000	0.02000112	0.00000000
C26	c	0.62580134	0.94481413	0.09651908	2.00000000	10.00000000	0.01782719	0.00000000
C27	c	0.61985378	0.97645586	0.20642735	2.00000000	10.00000000	0.01910230	0.00000000
C28	c	0.66969383	1.00000000	0.25796699	2.00000000	10.00000000	0.02613458	0.00000000
C29	c	0.52418888	0.96438757	0.26055760	2.00000000	10.00000000	0.02930847	0.00000000
C30	c	0.67224155	0.95794682	0.14961305	2.00000000	10.00000000	0.01545234	0.00000000

Q Vehicle fuel tank capacity /0.40000000/
C Vehicle load capacity /1.50000000/
r fuel consumption rate /0.25000000/
g inverse refueling rate /1.00000000/
v average Velocity /1.00000000/
