StringID	Type	x	y	demand	ReadyTime	DueDate	ServiceTime	altitude
D0	d	0.50000000	0.50000000	0.00000000	0.00000000	10.00000000	0.00000000	0.00000000
S0	f	0.45738743	0.79632820	0.00000000	0.00000000	10.00000000	0.00000000	0.00000000
S1	f	0.31118101	0.37878232	0.00000000	0.00000000	10.00000000	0.00000000	0.00000000
S2	f	0.12179470	0.74396908	0.00000000	0.00000000	10.00000000	0.00000000	0.00000000
S3	f	0.92241167	0.17911024	0.00000000	0.00000000	10.00000000	0.00000000	0.00000000
S4	f	0.22560040	0.91784043	0.00000000	0.00000000	10.00000000	0.00000000	0.00000000
S5	f	0.19710262	0.34028991	0.00000000	0.00000000	10.00000000	0.00000000	0.00000000
S6	f	0.13798303	0.45158368	0.00000000	0.00000000	10.00000000	0.00000000	0.00000000
S7	f	0.54398820	0.95965093	0.00000000	0.00000000	10.00000000	0.00000000	0.00000000
S8	f	0.39522335	0.64180129	0.00000000	0.00000000	10.00000000	0.00000000	0.00000000
S9	f	0.87866239	0.15700420	0.00000000	0.00000000	10.00000000	0.00000000	0.00000000
C1	c	0.42307224	0.68109128	0.10289595	0.00000000	8.00000000	0.01096279	0.00000000
C2	c	0.38597267	0.76513139	0.08852512	0.06000000	8.06000000	0.01757072	0.00000000
C3	c	0.47188128	0.75217923	0.12211926	0.12000000	8.12000000	0.01965997	0.00000000
C4	c	0.41105701	0.71571266	0.14061460	0.18000000	8.18000000	0.01216358	0.00000000
C5	c	0.62257227	0.18430622	0.14676268	0.24000000	8.24000000	0.01611991	0.00000000
C6	c	0.62152465	0.20891632	0.07201081	0.30000000	8.30000000	0.02866101	0.00000000
C7	c	0.65577162	0.14241219	0.02658075	0.36000000	8.36000000	0.01844108	0.00000000
C8	c	0.63166406	0.22279329	0.11510002	0.42000000	8.42000000	0.02154476	0.00000000
C9	c	0.68366134	0.19280606	0.12823492	0.48000000	8.48000000	0.02906516	0.00000000
C10	c	0.65237689	0.25573137	0.12136822	0.54000000	8.54000000	0.01183510	0.00000000
C11	c	0.64025165	0.17827233	0.14224009	0.60000000	8.60000000	0.01019299	0.00000000
C12	c	0.55235318	0.16021183	0.02431895	0.66000000	8.66000000	0.01561512	0.00000000
C13	c	0.64719089	0.14090315	0.12652924	0.72000000	8.72000000	0.02021064	0.00000000
C14	c	0.48589659	0.60845618	0.08570768	0.78000000	8.78000000	0.01780734	0.00000000
C15	c	0.57238305	0.46181774	0.09345304	0.84000000	8.84000000	0.02968981	0.00000000
C16	c	0.59297398	0.58886796	0.05666455	0.90000000	8.90000000	0.02653357	0.00000000
C17	c	0.54764854	0.58193956	0.05535985	0.96000000	8.96000000	0.01932133	0.00000000
C18	c	0.53328670	0.59444166	0.13024615	1.02000000	9.02000000	0.02187574	0.00000000
C19	c	0.65892176	0.53675629	0.01680221	1.08000000	9.08000000	0.02158229	0.00000000
C20	c	0.60890294	0.60315501	0.05796927	1.14000000	9.14000000	0.02174967	0.00000000
C21	c	0.52381401	0.48304602	0.06508112	1.20000000	9.20000000	0.02526703	0.00000000
C22	c	0.54723627	0.50881863	0.03438014	1.26000000	9.26000000	0.01931371	0.00000000
C23	c	0.59622475	0.54111469	0.11449685	1.32000000	9.32000000	0.02320117	0.00000000
C24	c	0.61008797	0.53969667	0.13499308	1.38000000	9.38000000	0.02329649	0.00000000
C25	c	0.26055746	0.41864030	0.08426784	1.44000000	9.44000000	0.01669339	0.00000000
C26	c	0.23695482	0.39946596	0.05798174	1.50000000	9.50000000	0.02338093	0.00000000
C27	c	0.29674198	0.47771039	0.13409295	1.56000000	9.56000000	0.02204483	0.00000000
C28	c	0.37761157	0.38813930	0.03931878	1.62000000	9.62000000	0.01462507	0.00000000
C29	c	0.90968325	0.96883871	0.01751611	1.68000000	9.68000000	0.01150267	0.00000000
C30	c	1.00000000	0.96955169	0.12845962	1.74000000	9.74000000	0.01680100	0.00000000
C31	c	0.92203199	0.92967096	0.04699751	1.80000000	9.80000000	0.01959884	0.00000000
C32	c	0.95415352	0.90219630	0.11127802	1.86000000	9.86000000	0.01265420	0.00000000
C33	c	0.95380428	0.95602717	0.08288769	1.92000000	9.92000000	0.01702371	0.00000000
C34	c	0.98100593	1.00000000	0.14012072	1.98000000	9.98000000	0.02315426	0.00000000
C35	c	0.98341663	0.47953618	0.14497533	2.00000000	10.00000000	0.02636326	0.00000000
C36	c	1.00000000	0.58841071	0.14589872	2.00000000	10.00000000	0.02317111	0.00000000
C37	c	1.00000000	0.53948399	0.02955334	2.00000000	10.00000000	0.02387836	0.00000000
C38	c	0.96438972	0.50633808	0.07311556	2.00000000	10.00000000	0.01709266	0.00000000
C39	c	0.94906505	0.52745151	0.09240099	2.00000000	10.00000000	0.02036449	0.00000000
C40	c	0.87459353	0.63737100	0.04759983	2.00000000	10.00000000	0.01545555	0.00000000
C41	c	0.98150476	0.58211517	0.04425177	2.00000000	10.00000000	0.01668753	0.00000000
C42	c	1.00000000	0.43077322	0.09050576	2.00000000	10.00000000	0.02164173	0.00000000
C43	c	0.94689896	0.49504473	0.11330408	2.00000000	10.00000000	0.02998116	0.00000000
C44	c	0.97688764	0.47711877	0.13068036	2.00000000	10.00000000	0.01913792	0.00000000
C45	c	0.90703461	0.55361291	0.11992508	2.00000000	10.00000000	0.02687912	0.00000000
C46	c	0.77880900	1.00000000	0.07391270	2.00000000	10.00000000	0.01081585	0.00000000
C47	c	0.72296311	1.00000000	0.05236473	2.00000000	10.00000000	0.02167311	0.00000000
C48	c	0.65878350	0.99742320	0.07994356	2.00000000	10.00000000	0.01680519	0.00000000
C49	c	0.71382863	1.00000000	0.11126443	2.00000000	10.00000000	0.02574903	0.00000000
C50	c	0.82433850	0.98614095	0.10492823	2.00000000	10.00000000	0.02130997	0.00000000

Q Vehicle fuel tank capacity /0.40000000/
C Vehicle load capacity /1.50000000/
r fuel consumption rate /0.25000000/
g inverse refueling rate /1.00000000/
v average Velocity /1.00000000/
