StringID	Type	x	y	demand	ReadyTime	DueDate	ServiceTime	altitude
D0	d	0.50000000	0.50000000	0.00000000	0.00000000	10.00000000	0.00000000	0.00000000
S0	f	0.51329772	0.77692375	0.00000000	0.00000000	10.00000000	0.00000000	0.00000000
S1	f	0.76484781	0.87498433	0.00000000	0.00000000	10.00000000	0.00000000	0.00000000
S2	f	0.17191931	0.38960728	0.00000000	0.00000000	10.00000000	0.00000000	0.00000000
S3	f	0.14992373	0.16432302	0.00000000	0.00000000	10.00000000	0.00000000	0.00000000
S4	f	0.13011346	0.26481648	0.00000000	0.00000000	10.00000000	0.00000000	0.00000000
S5	f	0.48664527	0.04384545	0.00000000	0.00000000	10.00000000	0.00000000	0.00000000
S6	f	0.45818718	0.24716665	0.00000000	0.00000000	10.00000000	0.00000000	0.00000000
S7	f	0.95346791	0.95529074	0.00000000	0.00000000	10.00000000	0.00000000	0.00000000
S8	f	0.06591968	0.13155028	0.00000000	0.00000000	10.00000000	0.00000000	0.00000000
S9	f	0.22006755	0.58077656	0.00000000	0.00000000	10.00000000	0.00000000	0.00000000
C1	c	0.84930232	0.88753322	0.11010671	0.00000000	8.00000000	0.01092743	0.00000000
C2	c	0.90413632	0.85626759	0.07112275	0.06000000	8.06000000	0.02288725	0.00000000
C3	c	0.79167780	0.83484557	0.12556227	0.12000000	8.12000000	0.02752314	0.00000000
C4	c	0.91838374	0.92969768	0.06979737	0.18000000	8.18000000	0.02119464	0.00000000
C5	c	0.86944677	0.87819813	0.09466451	0.24000000	8.24000000	0.01582484	0.00000000
C6	c	0.78646969	0.83555148	0.03017754	0.30000000	8.30000000	0.02004339	0.00000000
C7	c	0.80376730	0.95407345	0.09405245	0.36000000	8.36000000	0.01173231	0.00000000
C8	c	0.86444303	0.85296087	0.01872965	0.42000000	8.42000000	0.01290071	0.00000000
C9	c	0.78000668	0.83031691	0.05697243	0.48000000	8.48000000	0.01972678	0.00000000
C10	c	0.30330880	0.32272821	0.07482565	0.54000000	8.54000000	0.02480947	0.00000000
C11	c	0.36911009	0.40516313	0.05094055	0.60000000	8.60000000	0.01185332	0.00000000
C12	c	0.30831719	0.32944828	0.08535320	0.66000000	8.66000000	0.02591475	0.00000000
C13	c	0.33259633	0.35905497	0.16845481	0.72000000	8.72000000	0.02422554	0.00000000
C14	c	0.38191618	0.41911428	0.10103713	0.78000000	8.78000000	0.02022846	0.00000000
C15	c	0.32315187	0.41180989	0.16185990	0.84000000	8.84000000	0.01197487	0.00000000
C16	c	0.41941592	0.45864572	0.14678185	0.90000000	8.90000000	0.02915739	0.00000000
C17	c	0.34874662	0.40859608	0.10490746	0.96000000	8.96000000	0.01371599	0.00000000
C18	c	0.38732451	0.42451911	0.12568907	1.02000000	9.02000000	0.01985058	0.00000000
C19	c	0.43710259	0.34765343	0.02854291	1.08000000	9.08000000	0.01681457	0.00000000
C20	c	0.99366886	0.19050698	0.04658715	1.14000000	9.14000000	0.01884343	0.00000000
C21	c	1.00000000	0.21869781	0.01951352	1.20000000	9.20000000	0.02904863	0.00000000
C22	c	1.00000000	0.19718360	0.14761899	1.26000000	9.26000000	0.02235853	0.00000000
C23	c	0.96408864	0.15647388	0.15146152	1.32000000	9.32000000	0.02797202	0.00000000
C24	c	0.47935374	0.80232515	0.11747446	1.38000000	9.38000000	0.01001550	0.00000000
C25	c	0.55111018	0.69798309	0.06688477	1.44000000	9.44000000	0.02731010	0.00000000
C26	c	0.41740084	0.74883283	0.02660564	1.50000000	9.50000000	0.01382020	0.00000000
C27	c	0.56675324	0.79598194	0.14088292	1.56000000	9.56000000	0.01593000	0.00000000
C28	c	0.46623471	0.87051674	0.16269926	1.62000000	9.62000000	0.02771474	0.00000000
C29	c	0.48147829	0.83906507	0.13099049	1.68000000	9.68000000	0.01153222	0.00000000
C30	c	0.63742603	0.35318408	0.08714032	1.74000000	9.74000000	0.02860389	0.00000000
C31	c	0.66538657	0.31865045	0.06222684	1.80000000	9.80000000	0.01751075	0.00000000
C32	c	0.63402980	0.30645826	0.05544341	1.86000000	9.86000000	0.01389219	0.00000000
C33	c	0.62259791	0.33679978	0.02091612	1.92000000	9.92000000	0.01653153	0.00000000
C34	c	0.58772695	0.32579899	0.05367911	1.98000000	9.98000000	0.01540370	0.00000000
C35	c	0.63774365	0.35574139	0.14587812	2.00000000	10.00000000	0.02637930	0.00000000
C36	c	0.59021307	0.34809298	0.10797044	2.00000000	10.00000000	0.01047421	0.00000000
C37	c	0.69337230	0.39402433	0.14827157	2.00000000	10.00000000	0.02089520	0.00000000
C38	c	0.65171635	0.31328781	0.03232370	2.00000000	10.00000000	0.01581007	0.00000000
C39	c	0.60619843	0.32428563	0.03014866	2.00000000	10.00000000	0.02741401	0.00000000
C40	c	0.58042049	0.44339102	0.01986423	2.00000000	10.00000000	0.01454517	0.00000000
C41	c	0.61744343	0.88654045	0.09232904	2.00000000	10.00000000	0.01854398	0.00000000
C42	c	0.68838048	0.95037758	0.05081104	2.00000000	10.00000000	0.02251681	0.00000000
C43	c	0.64315930	0.87577839	0.15257229	2.00000000	10.00000000	0.02952192	0.00000000
C44	c	0.61787850	0.94741361	0.13385970	2.00000000	10.00000000	0.02449328	0.00000000
C45	c	0.63481013	1.00000000	0.10414337	2.00000000	10.00000000	0.02659171	0.00000000
C46	c	0.65862013	0.93862503	0.11605550	2.00000000	10.00000000	0.02279235	0.00000000
C47	c	0.62142940	0.97594535	0.12543590	2.00000000	10.00000000	0.02750116	0.00000000
C48	c	0.65359230	1.00000000	0.12861494	2.00000000	10.00000000	0.02586910	0.00000000
C49	c	0.62638704	0.98041418	0.08854559	2.00000000	10.00000000	0.01561780	0.00000000
C50	c	0.68390466	0.85811293	0.01347322	2.00000000	10.00000000	0.02649971	0.00000000

Q Vehicle fuel tank capacity /0.40000000/
C Vehicle load capacity /1.50000000/
r fuel consumption rate /0.25000000/
g inverse refueling rate /1.00000000/
v average Velocity /1.00000000/
