StringID	Type	x	y	demand	ReadyTime	DueDate	ServiceTime	altitude
D0	d	0.50000000	0.50000000	0.00000000	0.00000000	10.00000000	0.00000000	0.00000000
S0	f	0.83384641	0.95657047	0.00000000	0.00000000	10.00000000	0.00000000	0.00000000
S1	f	0.91380653	0.46346317	0.00000000	0.00000000	10.00000000	0.00000000	0.00000000
S2	f	0.59791542	0.65104691	0.00000000	0.00000000	10.00000000	0.00000000	0.00000000
S3	f	0.89836513	0.86380247	0.00000000	0.00000000	10.00000000	0.00000000	0.00000000
S4	f	0.03523414	0.03526332	0.00000000	0.00000000	10.00000000	0.00000000	0.00000000
S5	f	0.89264061	0.51024723	0.00000000	0.00000000	10.00000000	0.00000000	0.00000000
S6	f	0.70906146	0.60641324	0.00000000	0.00000000	10.00000000	0.00000000	0.00000000
S7	f	0.16219817	0.72245432	0.00000000	0.00000000	10.00000000	0.00000000	0.00000000
S8	f	0.18779772	0.60463042	0.00000000	0.00000000	10.00000000	0.00000000	0.00000000
S9	f	0.16008040	0.64943351	0.00000000	0.00000000	10.00000000	0.00000000	0.00000000
C1	c	0.59571966	0.95483923	0.02615215	0.00000000	8.00000000	0.01945749	0.00000000
C2	c	0.70448744	0.90472926	0.10675521	0.06000000	8.06000000	0.01300486	0.00000000
C3	c	0.65208697	0.97416026	0.13307414	0.12000000	8.12000000	0.01195479	0.00000000
C4	c	0.68184385	0.97329238	0.07570197	0.18000000	8.18000000	0.01363224	0.00000000
C5	c	0.58711878	0.91068576	0.01618740	0.24000000	8.24000000	0.02825385	0.00000000
C6	c	0.68573738	0.93321320	0.02450987	0.30000000	8.30000000	0.02056827	0.00000000
C7	c	0.65566225	1.00000000	0.15448091	0.36000000	8.36000000	0.01318171	0.00000000
C8	c	0.68529312	0.99728619	0.09345733	0.42000000	8.42000000	0.02653292	0.00000000
C9	c	0.69663598	0.95424483	0.10221619	0.48000000	8.48000000	0.01041344	0.00000000
C10	c	0.61871045	0.95444013	0.11137555	0.54000000	8.54000000	0.02814214	0.00000000
C11	c	0.12751655	0.38892802	0.13118724	0.60000000	8.60000000	0.01423315	0.00000000
C12	c	0.17897886	0.31142425	0.11521102	0.66000000	8.66000000	0.01810044	0.00000000
C13	c	0.21328069	0.30468947	0.12910913	0.72000000	8.72000000	0.02859021	0.00000000
C14	c	0.21292887	0.30641075	0.12394919	0.78000000	8.78000000	0.02064608	0.00000000
C15	c	0.09489599	0.37332659	0.02372466	0.84000000	8.84000000	0.02192825	0.00000000
C16	c	0.10105276	0.33806085	0.14970111	0.90000000	8.90000000	0.02570742	0.00000000
C17	c	0.20857691	0.37774208	0.07251040	0.96000000	8.96000000	0.02086323	0.00000000
C18	c	0.12171045	0.31315161	0.03533769	1.02000000	9.02000000	0.02459033	0.00000000
C19	c	0.23908397	0.31456022	0.08441069	1.08000000	9.08000000	0.02470955	0.00000000
C20	c	0.10653942	0.23040372	0.05134968	1.14000000	9.14000000	0.02632449	0.00000000
C21	c	0.25434581	0.30488142	0.07388607	1.20000000	9.20000000	0.01604434	0.00000000
C22	c	0.64808364	0.36349666	0.13247282	1.26000000	9.26000000	0.02332094	0.00000000
C23	c	0.64782690	0.42051358	0.08221474	1.32000000	9.32000000	0.01842700	0.00000000
C24	c	0.64467089	0.30149189	0.11188557	1.38000000	9.38000000	0.01594730	0.00000000
C25	c	0.57742867	0.18937689	0.05151478	1.44000000	9.44000000	0.02685102	0.00000000
C26	c	0.64581686	0.38011228	0.14545628	1.50000000	9.50000000	0.02770643	0.00000000
C27	c	0.69125626	0.34074139	0.08793873	1.56000000	9.56000000	0.01036132	0.00000000
C28	c	0.71983769	0.36135951	0.15622141	1.62000000	9.62000000	0.01921891	0.00000000
C29	c	0.64963029	0.34898237	0.01747825	1.68000000	9.68000000	0.01029134	0.00000000
C30	c	0.65434114	0.25922862	0.09221668	1.74000000	9.74000000	0.02365056	0.00000000
C31	c	0.62403248	0.44179364	0.15556626	1.80000000	9.80000000	0.01004197	0.00000000
C32	c	0.65662995	0.49410196	0.04685493	1.86000000	9.86000000	0.02498132	0.00000000
C33	c	0.62178324	0.40163227	0.14568177	1.92000000	9.92000000	0.02291006	0.00000000
C34	c	0.63245577	0.39877098	0.06062311	1.98000000	9.98000000	0.01959320	0.00000000
C35	c	0.64559694	0.42108813	0.11234612	2.00000000	10.00000000	0.02962627	0.00000000
C36	c	0.23565593	1.00000000	0.08657062	2.00000000	10.00000000	0.01547972	0.00000000
C37	c	0.17047317	0.98742504	0.13903960	2.00000000	10.00000000	0.01308977	0.00000000
C38	c	0.12499526	0.91974944	0.05914623	2.00000000	10.00000000	0.01092747	0.00000000
C39	c	0.17389770	1.00000000	0.11754326	2.00000000	10.00000000	0.02437172	0.00000000
C40	c	0.25555759	0.95601963	0.14585166	2.00000000	10.00000000	0.02094879	0.00000000
C41	c	0.17166218	0.96071929	0.10551248	2.00000000	10.00000000	0.01767767	0.00000000
C42	c	0.45618486	0.02505063	0.02715832	2.00000000	10.00000000	0.02448424	0.00000000
C43	c	0.52089233	0.13105403	0.09883016	2.00000000	10.00000000	0.01654152	0.00000000
C44	c	0.47685737	0.07100070	0.06803388	2.00000000	10.00000000	0.02800626	0.00000000
C45	c	0.52285401	0.00000000	0.03608565	2.00000000	10.00000000	0.01571024	0.00000000
C46	c	0.33506079	0.87106350	0.10152645	2.00000000	10.00000000	0.02282066	0.00000000
C47	c	0.24939352	0.82649058	0.08221594	2.00000000	10.00000000	0.01442593	0.00000000
C48	c	0.33332402	0.87938056	0.04738352	2.00000000	10.00000000	0.01854591	0.00000000
C49	c	0.32128685	0.84766416	0.09662040	2.00000000	10.00000000	0.01061078	0.00000000
C50	c	0.30941146	0.95977021	0.05572282	2.00000000	10.00000000	0.01199462	0.00000000

Q Vehicle fuel tank capacity /0.40000000/
C Vehicle load capacity /1.50000000/
r fuel consumption rate /0.25000000/
g inverse refueling rate /1.00000000/
v average Velocity /1.00000000/
