StringID	Type	x	y	demand	ReadyTime	DueDate	ServiceTime	altitude
D0	d	0.50000000	0.50000000	0.00000000	0.00000000	10.00000000	0.00000000	0.00000000
S0	f	0.21716048	0.90981181	0.00000000	0.00000000	10.00000000	0.00000000	0.00000000
S1	f	0.54699389	0.76837388	0.00000000	0.00000000	10.00000000	0.00000000	0.00000000
S2	f	0.40741868	0.14397889	0.00000000	0.00000000	10.00000000	0.00000000	0.00000000
S3	f	0.75982342	0.96783336	0.00000000	0.00000000	10.00000000	0.00000000	0.00000000
S4	f	0.24661312	0.53087324	0.00000000	0.00000000	10.00000000	0.00000000	0.00000000
S5	f	0.28316541	0.58448668	0.00000000	0.00000000	10.00000000	0.00000000	0.00000000
C1	c	0.62583037	0.19861484	0.16481068	0.00000000	8.00000000	0.01664163	0.00000000
C2	c	0.60847702	0.22343062	0.08954783	0.10000000	8.10000000	0.01768669	0.00000000
C3	c	0.64377921	0.16712440	0.02735627	0.20000000	8.20000000	0.01522970	0.00000000
C4	c	0.63496438	0.12381334	0.08744962	0.30000000	8.30000000	0.02331923	0.00000000
C5	c	0.63205254	0.93779496	0.01930245	0.40000000	8.40000000	0.02847896	0.00000000
C6	c	0.60816337	0.93492876	0.13523972	0.50000000	8.50000000	0.02473403	0.00000000
C7	c	0.62123464	0.97495714	0.06501254	0.60000000	8.60000000	0.01103842	0.00000000
C8	c	0.58753218	0.86117538	0.27148207	0.70000000	8.70000000	0.02083267	0.00000000
C9	c	0.73532261	0.85721748	0.04963476	0.80000000	8.80000000	0.02233722	0.00000000
C10	c	0.56543824	0.98904008	0.24740897	0.90000000	8.90000000	0.02102003	0.00000000
C11	c	0.59075572	0.87504577	0.24996493	1.00000000	9.00000000	0.02695619	0.00000000
C12	c	0.55361647	0.94717382	0.07692755	1.10000000	9.10000000	0.02587146	0.00000000
C13	c	0.64937185	1.00000000	0.11289821	1.20000000	9.20000000	0.02196659	0.00000000
C14	c	0.54704634	0.98536422	0.19355563	1.30000000	9.30000000	0.01387593	0.00000000
C15	c	0.73448603	0.22065253	0.11773320	1.40000000	9.40000000	0.01249586	0.00000000
C16	c	0.67986239	0.15132915	0.22141708	1.50000000	9.50000000	0.02053833	0.00000000
C17	c	0.72300797	0.14807156	0.16292969	1.60000000	9.60000000	0.01895953	0.00000000
C18	c	0.68107804	0.08647779	0.13860257	1.70000000	9.70000000	0.01802705	0.00000000
C19	c	0.73010099	0.18791086	0.07384778	1.80000000	9.80000000	0.02085172	0.00000000
C20	c	0.75491684	0.15159114	0.24383255	1.90000000	9.90000000	0.01040992	0.00000000
C21	c	0.95498302	0.43704698	0.19010947	2.00000000	10.00000000	0.01521552	0.00000000
C22	c	1.00000000	0.48198914	0.27126260	2.00000000	10.00000000	0.01447266	0.00000000
C23	c	0.98844550	0.42142946	0.12761089	2.00000000	10.00000000	0.01748415	0.00000000
C24	c	1.00000000	0.36399180	0.08706478	2.00000000	10.00000000	0.02080089	0.00000000
C25	c	0.91882331	0.36487908	0.13682680	2.00000000	10.00000000	0.02786757	0.00000000
C26	c	1.00000000	0.46791091	0.15246562	2.00000000	10.00000000	0.02956541	0.00000000
C27	c	0.83297083	0.93865293	0.26445505	2.00000000	10.00000000	0.01570716	0.00000000
C28	c	0.74574674	0.92768418	0.04276058	2.00000000	10.00000000	0.02887065	0.00000000
C29	c	0.76860730	0.80800054	0.26700139	2.00000000	10.00000000	0.02022276	0.00000000
C30	c	0.85834754	0.93664280	0.21148870	2.00000000	10.00000000	0.02573408	0.00000000

Q Vehicle fuel tank capacity /0.40000000/
C Vehicle load capacity /1.50000000/
r fuel consumption rate /0.25000000/
g inverse refueling rate /1.00000000/
v average Velocity /1.00000000/
