StringID	Type	x	y	demand	ReadyTime	DueDate	ServiceTime	altitude
D0	d	0.50000000	0.50000000	0.00000000	0.00000000	10.00000000	0.00000000	0.00000000
S0	f	0.73157072	0.59050992	0.00000000	0.00000000	10.00000000	0.00000000	0.00000000
S1	f	0.66452021	0.86533430	0.00000000	0.00000000	10.00000000	0.00000000	0.00000000
S2	f	0.20815585	0.96169020	0.00000000	0.00000000	10.00000000	0.00000000	0.00000000
S3	f	0.91235491	0.74622724	0.00000000	0.00000000	10.00000000	0.00000000	0.00000000
S4	f	0.79411892	0.77970568	0.00000000	0.00000000	10.00000000	0.00000000	0.00000000
S5	f	0.63545815	0.98254640	0.00000000	0.00000000	10.00000000	0.00000000	0.00000000
S6	f	0.78807372	0.22285495	0.00000000	0.00000000	10.00000000	0.00000000	0.00000000
S7	f	0.13818526	0.42764790	0.00000000	0.00000000	10.00000000	0.00000000	0.00000000
S8	f	0.54482624	0.73389488	0.00000000	0.00000000	10.00000000	0.00000000	0.00000000
S9	f	0.87331688	0.11137744	0.00000000	0.00000000	10.00000000	0.00000000	0.00000000
C1	c	0.24426394	0.27211348	0.07001121	0.00000000	8.00000000	0.02097040	0.00000000
C2	c	0.24466354	0.31945359	0.04154193	0.06000000	8.06000000	0.01048319	0.00000000
C3	c	0.23143272	0.23283880	0.06156250	0.12000000	8.12000000	0.02927158	0.00000000
C4	c	0.26282954	0.39819574	0.04742278	0.18000000	8.18000000	0.02944377	0.00000000
C5	c	0.30185125	0.41953186	0.15681182	0.24000000	8.24000000	0.01545231	0.00000000
C6	c	0.25902305	0.31118297	0.06470709	0.30000000	8.30000000	0.01852347	0.00000000
C7	c	0.32393240	0.24729751	0.08558361	0.36000000	8.36000000	0.01403369	0.00000000
C8	c	0.24863788	0.37155124	0.07445115	0.42000000	8.42000000	0.02489169	0.00000000
C9	c	0.19859204	0.27175645	0.14795121	0.48000000	8.48000000	0.02677110	0.00000000
C10	c	0.61626536	0.17839318	0.03216790	0.54000000	8.54000000	0.02533415	0.00000000
C11	c	0.65084453	0.13203021	0.11292035	0.60000000	8.60000000	0.01576353	0.00000000
C12	c	0.66752237	0.15808624	0.16001585	0.66000000	8.66000000	0.01493331	0.00000000
C13	c	0.67362432	0.25505874	0.12824387	0.72000000	8.72000000	0.01988168	0.00000000
C14	c	0.61445993	0.23551215	0.08755224	0.78000000	8.78000000	0.01137917	0.00000000
C15	c	0.64596903	0.19922554	0.11074267	0.84000000	8.84000000	0.01783573	0.00000000
C16	c	0.72830976	0.23879674	0.03428057	0.90000000	8.90000000	0.02153320	0.00000000
C17	c	0.98509284	0.89759622	0.09905752	0.96000000	8.96000000	0.02012022	0.00000000
C18	c	0.96249367	0.97341853	0.11068108	1.02000000	9.02000000	0.02452273	0.00000000
C19	c	0.95641532	1.00000000	0.05969732	1.08000000	9.08000000	0.01711762	0.00000000
C20	c	0.92268883	0.96081474	0.09300796	1.14000000	9.14000000	0.02230676	0.00000000
C21	c	1.00000000	0.86891487	0.12411723	1.20000000	9.20000000	0.02022552	0.00000000
C22	c	1.00000000	0.95495532	0.15888745	1.26000000	9.26000000	0.01926746	0.00000000
C23	c	0.93279621	0.96161275	0.07848345	1.32000000	9.32000000	0.02398260	0.00000000
C24	c	0.98346880	0.99918767	0.14216690	1.38000000	9.38000000	0.01804801	0.00000000
C25	c	0.80644834	0.50379818	0.02125141	1.44000000	9.44000000	0.02159886	0.00000000
C26	c	0.84833264	0.42864535	0.08634216	1.50000000	9.50000000	0.01338038	0.00000000
C27	c	0.94477969	0.53797143	0.13408173	1.56000000	9.56000000	0.02332119	0.00000000
C28	c	0.85235465	0.47670537	0.01819893	1.62000000	9.62000000	0.02123364	0.00000000
C29	c	0.90489687	0.43336614	0.15527625	1.68000000	9.68000000	0.01735318	0.00000000
C30	c	0.83899237	0.46422221	0.11358247	1.74000000	9.74000000	0.01946822	0.00000000
C31	c	0.86677966	0.46558131	0.04525778	1.80000000	9.80000000	0.02142134	0.00000000
C32	c	0.81200852	0.46294557	0.11611931	1.86000000	9.86000000	0.02555489	0.00000000
C33	c	0.79764847	0.54394813	0.11483749	1.92000000	9.92000000	0.01040145	0.00000000
C34	c	1.00000000	0.05561875	0.05123516	1.98000000	9.98000000	0.01068982	0.00000000
C35	c	1.00000000	0.00000000	0.06049163	2.00000000	10.00000000	0.01801068	0.00000000
C36	c	0.97846982	0.05354218	0.14365052	2.00000000	10.00000000	0.01490111	0.00000000
C37	c	1.00000000	0.14221670	0.06262037	2.00000000	10.00000000	0.01365838	0.00000000
C38	c	0.86156590	0.49955765	0.09194991	2.00000000	10.00000000	0.01116393	0.00000000
C39	c	0.75260764	0.51972147	0.15093602	2.00000000	10.00000000	0.01758021	0.00000000
C40	c	0.86061111	0.44714296	0.14114895	2.00000000	10.00000000	0.02071074	0.00000000
C41	c	0.77114617	0.47660111	0.14126204	2.00000000	10.00000000	0.02344134	0.00000000
C42	c	0.78891020	0.40301218	0.09156514	2.00000000	10.00000000	0.01292961	0.00000000
C43	c	0.84227372	0.43069811	0.05309381	2.00000000	10.00000000	0.02753420	0.00000000
C44	c	0.79057043	0.52821507	0.03483480	2.00000000	10.00000000	0.01721751	0.00000000
C45	c	0.73139279	0.50462613	0.11093895	2.00000000	10.00000000	0.02975400	0.00000000
C46	c	0.82547823	0.51156621	0.01636696	2.00000000	10.00000000	0.01061384	0.00000000
C47	c	0.80876265	0.51243359	0.05207225	2.00000000	10.00000000	0.02872507	0.00000000
C48	c	0.35514942	0.31112394	0.05997709	2.00000000	10.00000000	0.01866607	0.00000000
C49	c	0.41886772	0.42519430	0.03060715	2.00000000	10.00000000	0.02195758	0.00000000
C50	c	0.44409889	0.43063264	0.12023604	2.00000000	10.00000000	0.01245914	0.00000000

Q Vehicle fuel tank capacity /0.40000000/
C Vehicle load capacity /1.50000000/
r fuel consumption rate /0.25000000/
g inverse refueling rate /1.00000000/
v average Velocity /1.00000000/
