StringID	Type	x	y	demand	ReadyTime	DueDate	ServiceTime	altitude
D0	d	0.50000000	0.50000000	0.00000000	0.00000000	10.00000000	0.00000000	0.00000000
S0	f	0.79266218	0.80090307	0.00000000	0.00000000	10.00000000	0.00000000	0.00000000
S1	f	0.83958125	0.45563950	0.00000000	0.00000000	10.00000000	0.00000000	0.00000000
S2	f	0.68121765	0.72719911	0.00000000	0.00000000	10.00000000	0.00000000	0.00000000
S3	f	0.79764320	0.30609958	0.00000000	0.00000000	10.00000000	0.00000000	0.00000000
S4	f	0.35367061	0.18598186	0.00000000	0.00000000	10.00000000	0.00000000	0.00000000
S5	f	0.44382068	0.91667341	0.00000000	0.00000000	10.00000000	0.00000000	0.00000000
S6	f	0.06227052	0.77586814	0.00000000	0.00000000	10.00000000	0.00000000	0.00000000
S7	f	0.81281435	0.04592450	0.00000000	0.00000000	10.00000000	0.00000000	0.00000000
S8	f	0.55089111	0.31830448	0.00000000	0.00000000	10.00000000	0.00000000	0.00000000
S9	f	0.10166717	0.98034393	0.00000000	0.00000000	10.00000000	0.00000000	0.00000000
C1	c	0.58326345	0.22179680	0.10756655	0.00000000	8.00000000	0.02408780	0.00000000
C2	c	0.66529628	0.23859394	0.08371375	0.06000000	8.06000000	0.02352736	0.00000000
C3	c	0.59376541	0.14397444	0.05117647	0.12000000	8.12000000	0.02933406	0.00000000
C4	c	0.63079886	0.20931052	0.12724808	0.18000000	8.18000000	0.02875088	0.00000000
C5	c	0.64662933	0.20879588	0.01243355	0.24000000	8.24000000	0.02122146	0.00000000
C6	c	0.58030982	0.17908003	0.03863806	0.30000000	8.30000000	0.01342204	0.00000000
C7	c	0.67866996	0.14879413	0.11190108	0.36000000	8.36000000	0.02053856	0.00000000
C8	c	0.62789236	0.19085656	0.05694664	0.42000000	8.42000000	0.02354312	0.00000000
C9	c	0.61750044	0.15068875	0.12558123	0.48000000	8.48000000	0.02806582	0.00000000
C10	c	0.19429072	0.00000000	0.13802536	0.54000000	8.54000000	0.02307893	0.00000000
C11	c	0.14573565	0.06259539	0.07153286	0.60000000	8.60000000	0.01624711	0.00000000
C12	c	0.22812271	0.01622071	0.11098556	0.66000000	8.66000000	0.02448915	0.00000000
C13	c	0.16811694	0.00000000	0.11332435	0.72000000	8.72000000	0.01683911	0.00000000
C14	c	0.24609984	0.08312287	0.02092194	0.78000000	8.78000000	0.01125178	0.00000000
C15	c	0.08177214	0.00000000	0.02360092	0.84000000	8.84000000	0.01847090	0.00000000
C16	c	0.23497303	0.00000000	0.07472358	0.90000000	8.90000000	0.01138496	0.00000000
C17	c	0.10342273	0.00000000	0.15390349	0.96000000	8.96000000	0.02806183	0.00000000
C18	c	0.10829301	0.01612451	0.11084644	1.02000000	9.02000000	0.01372880	0.00000000
C19	c	0.39739695	0.46317666	0.09530040	1.08000000	9.08000000	0.01272262	0.00000000
C20	c	0.39673281	0.44675160	0.15258491	1.14000000	9.14000000	0.02902605	0.00000000
C21	c	0.34708838	0.44680272	0.06222224	1.20000000	9.20000000	0.01523454	0.00000000
C22	c	0.29194336	0.48157987	0.12110423	1.26000000	9.26000000	0.02373123	0.00000000
C23	c	0.39888362	0.42623260	0.10687464	1.32000000	9.32000000	0.02600035	0.00000000
C24	c	0.34349836	0.47118271	0.08402514	1.38000000	9.38000000	0.02764540	0.00000000
C25	c	0.31240498	0.47620800	0.04440550	1.44000000	9.44000000	0.02547665	0.00000000
C26	c	0.30834987	0.44004224	0.12283056	1.50000000	9.50000000	0.01559245	0.00000000
C27	c	0.35669653	0.47549994	0.08804784	1.56000000	9.56000000	0.02415341	0.00000000
C28	c	0.40629829	0.52437430	0.08819953	1.62000000	9.62000000	0.01865143	0.00000000
C29	c	0.28313258	0.55585664	0.11546328	1.68000000	9.68000000	0.01678747	0.00000000
C30	c	0.28542831	0.54039229	0.08965666	1.74000000	9.74000000	0.02085638	0.00000000
C31	c	0.32896429	0.53469554	0.11430833	1.80000000	9.80000000	0.01749230	0.00000000
C32	c	0.31182020	0.64216603	0.01747175	1.86000000	9.86000000	0.02557486	0.00000000
C33	c	0.35871829	0.82110690	0.14119010	1.92000000	9.92000000	0.02200119	0.00000000
C34	c	0.24202500	0.76993149	0.12187528	1.98000000	9.98000000	0.02737765	0.00000000
C35	c	0.33148900	0.85509881	0.13623756	2.00000000	10.00000000	0.01057479	0.00000000
C36	c	0.28196607	0.86171542	0.13888027	2.00000000	10.00000000	0.02928465	0.00000000
C37	c	0.31665407	0.84072752	0.04401974	2.00000000	10.00000000	0.01590613	0.00000000
C38	c	0.35831389	0.77755634	0.01408069	2.00000000	10.00000000	0.01523821	0.00000000
C39	c	0.35159704	0.80932004	0.12148932	2.00000000	10.00000000	0.01516271	0.00000000
C40	c	0.23476114	0.83449611	0.04966947	2.00000000	10.00000000	0.01308704	0.00000000
C41	c	0.25005946	0.81350485	0.07457056	2.00000000	10.00000000	0.01334713	0.00000000
C42	c	0.26056379	0.80741046	0.05679845	2.00000000	10.00000000	0.01571692	0.00000000
C43	c	0.27650417	0.80181382	0.02285241	2.00000000	10.00000000	0.02304256	0.00000000
C44	c	0.30375826	0.76107910	0.14117396	2.00000000	10.00000000	0.02929804	0.00000000
C45	c	0.26638214	0.78265184	0.11452716	2.00000000	10.00000000	0.02802842	0.00000000
C46	c	0.30435920	0.73960579	0.01258159	2.00000000	10.00000000	0.01167979	0.00000000
C47	c	0.12573764	0.47972210	0.13878760	2.00000000	10.00000000	0.01120809	0.00000000
C48	c	0.25509120	0.53116937	0.08776078	2.00000000	10.00000000	0.01593636	0.00000000
C49	c	0.19614948	0.39577248	0.11227939	2.00000000	10.00000000	0.02562924	0.00000000
C50	c	0.20215067	0.46066721	0.13566075	2.00000000	10.00000000	0.02354409	0.00000000

Q Vehicle fuel tank capacity /0.40000000/
C Vehicle load capacity /1.50000000/
r fuel consumption rate /0.25000000/
g inverse refueling rate /1.00000000/
v average Velocity /1.00000000/
