StringID	Type	x	y	demand	ReadyTime	DueDate	ServiceTime	altitude
D0	d	0.50000000	0.50000000	0.00000000	0.00000000	10.00000000	0.00000000	0.00000000
S0	f	0.81703697	0.44506684	0.00000000	0.00000000	10.00000000	0.00000000	0.00000000
S1	f	0.28941970	0.61864664	0.00000000	0.00000000	10.00000000	0.00000000	0.00000000
S2	f	0.78643140	0.05248484	0.00000000	0.00000000	10.00000000	0.00000000	0.00000000
S3	f	0.29163944	0.52356148	0.00000000	0.00000000	10.00000000	0.00000000	0.00000000
S4	f	0.55159945	0.93278843	0.00000000	0.00000000	10.00000000	0.00000000	0.00000000
S5	f	0.20159186	0.13158936	0.00000000	0.00000000	10.00000000	0.00000000	0.00000000
C1	c	0.15591229	0.89791153	0.03768569	0.00000000	8.00000000	0.02990473	0.00000000
C2	c	0.15091712	0.89930717	0.09244084	0.10000000	8.10000000	0.01929666	0.00000000
C3	c	0.12608668	0.85970586	0.21928594	0.20000000	8.20000000	0.01529744	0.00000000
C4	c	0.07648227	0.80295175	0.20727792	0.30000000	8.30000000	0.01414749	0.00000000
C5	c	0.17493731	0.84610101	0.10168772	0.40000000	8.40000000	0.02572959	0.00000000
C6	c	0.18912698	0.85420367	0.12278788	0.50000000	8.50000000	0.01906452	0.00000000
C7	c	0.36565098	0.75996253	0.13767951	0.60000000	8.60000000	0.02256761	0.00000000
C8	c	0.40478404	0.65898225	0.24325611	0.70000000	8.70000000	0.01793437	0.00000000
C9	c	0.43800040	0.74948802	0.06797856	0.80000000	8.80000000	0.01776735	0.00000000
C10	c	0.39771249	0.71777615	0.19615666	0.90000000	8.90000000	0.02856595	0.00000000
C11	c	0.44200360	0.65960905	0.02958718	1.00000000	9.00000000	0.01545215	0.00000000
C12	c	0.37007895	0.74272355	0.12215231	1.10000000	9.10000000	0.01194391	0.00000000
C13	c	0.26589581	0.09803383	0.17557869	1.20000000	9.20000000	0.02526453	0.00000000
C14	c	0.31706188	0.03735980	0.06569088	1.30000000	9.30000000	0.01208253	0.00000000
C15	c	0.30082593	0.14926345	0.24940079	1.40000000	9.40000000	0.01855272	0.00000000
C16	c	0.21562194	0.07750910	0.02478639	1.50000000	9.50000000	0.02311701	0.00000000
C17	c	0.28399311	0.09799818	0.17876344	1.60000000	9.60000000	0.02473214	0.00000000
C18	c	0.30841370	0.07549819	0.11985037	1.70000000	9.70000000	0.02317776	0.00000000
C19	c	0.41467309	0.13255275	0.16461243	1.80000000	9.80000000	0.02869422	0.00000000
C20	c	0.34515157	0.14871956	0.04499627	1.90000000	9.90000000	0.01644161	0.00000000
C21	c	0.38409659	1.00000000	0.17844933	2.00000000	10.00000000	0.01066776	0.00000000
C22	c	0.28539535	0.96390754	0.28271727	2.00000000	10.00000000	0.02907694	0.00000000
C23	c	0.33754151	1.00000000	0.25933696	2.00000000	10.00000000	0.01241929	0.00000000
C24	c	0.29663460	0.99680601	0.09381297	2.00000000	10.00000000	0.02736081	0.00000000
C25	c	0.30240857	0.93925614	0.22981379	2.00000000	10.00000000	0.01104704	0.00000000
C26	c	0.32212304	0.95014319	0.13863113	2.00000000	10.00000000	0.01124596	0.00000000
C27	c	0.33039826	1.00000000	0.22409738	2.00000000	10.00000000	0.01046462	0.00000000
C28	c	0.28926251	0.99627667	0.24386336	2.00000000	10.00000000	0.02520156	0.00000000
C29	c	0.36220286	0.97600846	0.21760133	2.00000000	10.00000000	0.02322747	0.00000000
C30	c	0.27544648	0.96031823	0.03002092	2.00000000	10.00000000	0.02639490	0.00000000

Q Vehicle fuel tank capacity /0.40000000/
C Vehicle load capacity /1.50000000/
r fuel consumption rate /0.25000000/
g inverse refueling rate /1.00000000/
v average Velocity /1.00000000/
