StringID	Type	x	y	demand	ReadyTime	DueDate	ServiceTime	altitude
D0	d	0.50000000	0.50000000	0.00000000	0.00000000	10.00000000	0.00000000	0.00000000
S0	f	0.37469652	0.91495548	0.00000000	0.00000000	10.00000000	0.00000000	0.00000000
S1	f	0.56912264	0.18734650	0.00000000	0.00000000	10.00000000	0.00000000	0.00000000
S2	f	0.31143974	0.49455447	0.00000000	0.00000000	10.00000000	0.00000000	0.00000000
S3	f	0.55630441	0.97062275	0.00000000	0.00000000	10.00000000	0.00000000	0.00000000
S4	f	0.19553658	0.95800500	0.00000000	0.00000000	10.00000000	0.00000000	0.00000000
S5	f	0.67016712	0.55458893	0.00000000	0.00000000	10.00000000	0.00000000	0.00000000
S6	f	0.13020890	0.29989693	0.00000000	0.00000000	10.00000000	0.00000000	0.00000000
S7	f	0.79849057	0.39783228	0.00000000	0.00000000	10.00000000	0.00000000	0.00000000
S8	f	0.58701085	0.88855681	0.00000000	0.00000000	10.00000000	0.00000000	0.00000000
S9	f	0.87221517	0.05299454	0.00000000	0.00000000	10.00000000	0.00000000	0.00000000
C1	c	0.96282876	0.42759756	0.05614416	0.00000000	8.00000000	0.01420936	0.00000000
C2	c	0.99799131	0.48324235	0.06669582	0.06000000	8.06000000	0.02196484	0.00000000
C3	c	0.91910718	0.46408007	0.07169125	0.12000000	8.12000000	0.02642906	0.00000000
C4	c	1.00000000	0.48761679	0.10006754	0.18000000	8.18000000	0.01246279	0.00000000
C5	c	0.94605593	0.40208600	0.15032770	0.24000000	8.24000000	0.01555370	0.00000000
C6	c	1.00000000	0.43390566	0.13737653	0.30000000	8.30000000	0.02904866	0.00000000
C7	c	1.00000000	0.46430426	0.06965976	0.36000000	8.36000000	0.01704027	0.00000000
C8	c	0.95388119	0.95045841	0.10457475	0.42000000	8.42000000	0.02355871	0.00000000
C9	c	0.88031233	0.88992446	0.02865695	0.48000000	8.48000000	0.02140995	0.00000000
C10	c	0.87931836	0.85748521	0.10928267	0.54000000	8.54000000	0.01589488	0.00000000
C11	c	0.89422851	0.87137849	0.03894009	0.60000000	8.60000000	0.01878460	0.00000000
C12	c	0.92699721	0.97958512	0.05369361	0.66000000	8.66000000	0.01906249	0.00000000
C13	c	0.93260550	0.83016756	0.03687327	0.72000000	8.72000000	0.01490438	0.00000000
C14	c	0.91805790	0.94993073	0.16464988	0.78000000	8.78000000	0.02934111	0.00000000
C15	c	0.98499441	0.81086093	0.03236412	0.84000000	8.84000000	0.01318323	0.00000000
C16	c	0.87808450	0.89928079	0.10975736	0.90000000	8.90000000	0.02215339	0.00000000
C17	c	0.90122348	0.84227873	0.01350777	0.96000000	8.96000000	0.01627155	0.00000000
C18	c	1.00000000	0.86167010	0.13894683	1.02000000	9.02000000	0.01417281	0.00000000
C19	c	0.92227485	0.85961068	0.05484668	1.08000000	9.08000000	0.01061128	0.00000000
C20	c	0.31887259	0.93138523	0.11037085	1.14000000	9.14000000	0.01105772	0.00000000
C21	c	0.34156086	0.95977718	0.14747810	1.20000000	9.20000000	0.01919913	0.00000000
C22	c	0.37830292	0.85362944	0.10878466	1.26000000	9.26000000	0.01360030	0.00000000
C23	c	0.42373057	0.99321946	0.06549896	1.32000000	9.32000000	0.01566104	0.00000000
C24	c	0.60589639	0.12958329	0.14639694	1.38000000	9.38000000	0.02884989	0.00000000
C25	c	0.54333652	0.10735476	0.02345322	1.44000000	9.44000000	0.02402024	0.00000000
C26	c	0.60114958	0.24471519	0.13825100	1.50000000	9.50000000	0.02400694	0.00000000
C27	c	0.58489245	0.12391910	0.10887758	1.56000000	9.56000000	0.01324290	0.00000000
C28	c	0.49392934	0.22307946	0.15799764	1.62000000	9.62000000	0.01241495	0.00000000
C29	c	0.60287283	0.22759711	0.05341512	1.68000000	9.68000000	0.01388471	0.00000000
C30	c	0.52328370	0.28994685	0.08317453	1.74000000	9.74000000	0.02398515	0.00000000
C31	c	0.50957647	0.31291045	0.04799187	1.80000000	9.80000000	0.02856513	0.00000000
C32	c	0.55279198	0.23638020	0.01904635	1.86000000	9.86000000	0.01195144	0.00000000
C33	c	0.63513176	0.15526666	0.14572776	1.92000000	9.92000000	0.01642888	0.00000000
C34	c	0.54199347	0.13482860	0.14815296	1.98000000	9.98000000	0.01405539	0.00000000
C35	c	0.83423093	0.14846413	0.11532463	2.00000000	10.00000000	0.02600298	0.00000000
C36	c	0.63312736	0.06922967	0.17370864	2.00000000	10.00000000	0.02792425	0.00000000
C37	c	0.76192927	0.08589578	0.06019162	2.00000000	10.00000000	0.01165208	0.00000000
C38	c	0.77829850	0.04182726	0.09132695	2.00000000	10.00000000	0.01726477	0.00000000
C39	c	0.77015528	0.16666857	0.12605531	2.00000000	10.00000000	0.02732938	0.00000000
C40	c	0.80149847	0.09507376	0.10327962	2.00000000	10.00000000	0.02475008	0.00000000
C41	c	0.27624123	0.00000000	0.16445392	2.00000000	10.00000000	0.02949851	0.00000000
C42	c	0.22495502	0.06297534	0.12801429	2.00000000	10.00000000	0.02695848	0.00000000
C43	c	0.23732470	0.09612358	0.06127193	2.00000000	10.00000000	0.02621067	0.00000000
C44	c	0.21774096	0.00000000	0.14594601	2.00000000	10.00000000	0.01886939	0.00000000
C45	c	0.29470527	0.07990465	0.01531274	2.00000000	10.00000000	0.01318333	0.00000000
C46	c	0.36177723	0.47960873	0.08697945	2.00000000	10.00000000	0.01772462	0.00000000
C47	c	0.35328217	0.57134988	0.10979375	2.00000000	10.00000000	0.02186186	0.00000000
C48	c	0.43411047	0.46190824	0.03032208	2.00000000	10.00000000	0.02326337	0.00000000
C49	c	0.26443534	0.42982004	0.02346581	2.00000000	10.00000000	0.02535164	0.00000000
C50	c	0.28348350	0.54362345	0.02187898	2.00000000	10.00000000	0.01926284	0.00000000

Q Vehicle fuel tank capacity /0.40000000/
C Vehicle load capacity /1.50000000/
r fuel consumption rate /0.25000000/
g inverse refueling rate /1.00000000/
v average Velocity /1.00000000/
