StringID	Type	x	y	demand	ReadyTime	DueDate	ServiceTime	altitude
D0	d	0.50000000	0.50000000	0.00000000	0.00000000	10.00000000	0.00000000	0.00000000
S0	f	0.25412414	0.51329972	0.00000000	0.00000000	10.00000000	0.00000000	0.00000000
S1	f	0.43967738	0.50029429	0.00000000	0.00000000	10.00000000	0.00000000	0.00000000
S2	f	0.47769651	0.15451039	0.00000000	0.00000000	10.00000000	0.00000000	0.00000000
S3	f	0.88953547	0.13807332	0.00000000	0.00000000	10.00000000	0.00000000	0.00000000
S4	f	0.45958644	0.32923278	0.00000000	0.00000000	10.00000000	0.00000000	0.00000000
S5	f	0.33896417	0.97434177	0.00000000	0.00000000	10.00000000	0.00000000	0.00000000
C1	c	0.74603893	0.77508856	0.05175523	0.00000000	8.00000000	0.01769737	0.00000000
C2	c	0.68134600	0.74733507	0.19064576	0.10000000	8.10000000	0.02971707	0.00000000
C3	c	0.68819803	0.70853892	0.24841691	0.20000000	8.20000000	0.02088978	0.00000000
C4	c	0.80715098	0.65665003	0.17021911	0.30000000	8.30000000	0.01339625	0.00000000
C5	c	0.82745243	0.77059284	0.16289899	0.40000000	8.40000000	0.02605177	0.00000000
C6	c	0.82508876	0.73641653	0.22906922	0.50000000	8.50000000	0.02966328	0.00000000
C7	c	0.44192007	0.77453088	0.05042949	0.60000000	8.60000000	0.02989681	0.00000000
C8	c	0.53897141	0.83621161	0.17973535	0.70000000	8.70000000	0.01358022	0.00000000
C9	c	0.40379516	0.76362554	0.11798358	0.80000000	8.80000000	0.01945904	0.00000000
C10	c	0.41079188	0.76490286	0.13377143	0.90000000	8.90000000	0.02308649	0.00000000
C11	c	0.45877383	0.74084399	0.23583489	1.00000000	9.00000000	0.02922026	0.00000000
C12	c	0.42648798	0.74792929	0.19109537	1.10000000	9.10000000	0.02475848	0.00000000
C13	c	0.09558049	0.71945828	0.15861777	1.20000000	9.20000000	0.02163325	0.00000000
C14	c	0.06051373	0.83309699	0.20290085	1.30000000	9.30000000	0.01675543	0.00000000
C15	c	0.15916626	0.80844629	0.08236547	1.40000000	9.40000000	0.02744640	0.00000000
C16	c	0.18976263	0.77464660	0.13910578	1.50000000	9.50000000	0.02045840	0.00000000
C17	c	0.16712977	0.78248390	0.06431179	1.60000000	9.60000000	0.01364661	0.00000000
C18	c	0.14744506	0.75467897	0.08244148	1.70000000	9.70000000	0.02449523	0.00000000
C19	c	0.28438875	0.67337834	0.10859260	1.80000000	9.80000000	0.02401514	0.00000000
C20	c	0.30332707	0.67957174	0.14725059	1.90000000	9.90000000	0.02360460	0.00000000
C21	c	0.35217617	0.71660114	0.20665428	2.00000000	10.00000000	0.02998746	0.00000000
C22	c	0.35238511	0.72872077	0.13724728	2.00000000	10.00000000	0.01159335	0.00000000
C23	c	0.19309245	0.47358765	0.04524329	2.00000000	10.00000000	0.01961129	0.00000000
C24	c	0.13078712	0.53706084	0.16264709	2.00000000	10.00000000	0.02609957	0.00000000
C25	c	0.17957858	0.49485296	0.12893856	2.00000000	10.00000000	0.02723064	0.00000000
C26	c	0.22297480	0.44118290	0.23319327	2.00000000	10.00000000	0.01026859	0.00000000
C27	c	0.32792226	0.51833429	0.19491486	2.00000000	10.00000000	0.02103312	0.00000000
C28	c	0.27457626	0.41646422	0.15602503	2.00000000	10.00000000	0.02358439	0.00000000
C29	c	0.20097373	0.49839866	0.05976030	2.00000000	10.00000000	0.01415232	0.00000000
C30	c	0.37407054	0.59364818	0.22793440	2.00000000	10.00000000	0.01213647	0.00000000

Q Vehicle fuel tank capacity /0.40000000/
C Vehicle load capacity /1.50000000/
r fuel consumption rate /0.25000000/
g inverse refueling rate /1.00000000/
v average Velocity /1.00000000/
