StringID	Type	x	y	demand	ReadyTime	DueDate	ServiceTime	altitude
D0	d	0.50000000	0.50000000	0.00000000	0.00000000	10.00000000	0.00000000	0.00000000
S0	f	0.51206103	0.85757740	0.00000000	0.00000000	10.00000000	0.00000000	0.00000000
S1	f	0.50635890	0.39115485	0.00000000	0.00000000	10.00000000	0.00000000	0.00000000
S2	f	0.91843701	0.57821183	0.00000000	0.00000000	10.00000000	0.00000000	0.00000000
S3	f	0.40976686	0.68089722	0.00000000	0.00000000	10.00000000	0.00000000	0.00000000
S4	f	0.47244667	0.26113794	0.00000000	0.00000000	10.00000000	0.00000000	0.00000000
S5	f	0.97667116	0.92374164	0.00000000	0.00000000	10.00000000	0.00000000	0.00000000
S6	f	0.59712018	0.88139279	0.00000000	0.00000000	10.00000000	0.00000000	0.00000000
S7	f	0.37698182	0.53993207	0.00000000	0.00000000	10.00000000	0.00000000	0.00000000
S8	f	0.53758526	0.62266899	0.00000000	0.00000000	10.00000000	0.00000000	0.00000000
S9	f	0.35616681	0.08457629	0.00000000	0.00000000	10.00000000	0.00000000	0.00000000
C1	c	0.80051885	0.10051551	0.08303037	0.00000000	8.00000000	0.01054529	0.00000000
C2	c	0.78946483	0.13308993	0.06521542	0.06000000	8.06000000	0.01240194	0.00000000
C3	c	0.90674550	0.15232873	0.08233970	0.12000000	8.12000000	0.02288632	0.00000000
C4	c	0.76439464	0.14174866	0.15759304	0.18000000	8.18000000	0.02623721	0.00000000
C5	c	0.81543299	0.09006035	0.10615501	0.24000000	8.24000000	0.02288748	0.00000000
C6	c	0.84284169	0.04266843	0.10144816	0.30000000	8.30000000	0.01117250	0.00000000
C7	c	0.80112497	0.22161424	0.06433978	0.36000000	8.36000000	0.01047392	0.00000000
C8	c	0.66919919	0.88098486	0.01430270	0.42000000	8.42000000	0.01733983	0.00000000
C9	c	0.76036864	0.96839976	0.09493812	0.48000000	8.48000000	0.01081870	0.00000000
C10	c	0.67033528	0.97103610	0.11948041	0.54000000	8.54000000	0.01843875	0.00000000
C11	c	0.77276968	0.84654501	0.14114242	0.60000000	8.60000000	0.01712782	0.00000000
C12	c	0.67655049	0.94480950	0.01731575	0.66000000	8.66000000	0.02904189	0.00000000
C13	c	0.67466316	0.98740334	0.09897080	0.72000000	8.72000000	0.02376657	0.00000000
C14	c	0.64413628	0.97908901	0.06896250	0.78000000	8.78000000	0.01087487	0.00000000
C15	c	0.77113063	0.90003192	0.04701457	0.84000000	8.84000000	0.02471249	0.00000000
C16	c	0.76330131	0.94150009	0.03410777	0.90000000	8.90000000	0.01434124	0.00000000
C17	c	0.70325831	0.97067579	0.15112628	0.96000000	8.96000000	0.01343269	0.00000000
C18	c	0.70412852	0.23183084	0.15874638	1.02000000	9.02000000	0.02954224	0.00000000
C19	c	0.66000245	0.29955479	0.04429412	1.08000000	9.08000000	0.01466946	0.00000000
C20	c	0.68717833	0.22865901	0.07395767	1.14000000	9.14000000	0.01625177	0.00000000
C21	c	0.76337938	0.23034124	0.15540371	1.20000000	9.20000000	0.01245326	0.00000000
C22	c	0.68144771	0.22050428	0.01964555	1.26000000	9.26000000	0.02787164	0.00000000
C23	c	0.70940504	0.26616723	0.15840043	1.32000000	9.32000000	0.02575357	0.00000000
C24	c	0.55508453	0.17299544	0.02442169	1.38000000	9.38000000	0.01254629	0.00000000
C25	c	0.98917700	0.13491477	0.10809323	1.44000000	9.44000000	0.01898011	0.00000000
C26	c	0.96388857	0.12173900	0.07907480	1.50000000	9.50000000	0.01530510	0.00000000
C27	c	0.94383392	0.15820384	0.11009311	1.56000000	9.56000000	0.01628465	0.00000000
C28	c	0.96784687	0.22777099	0.15607657	1.62000000	9.62000000	0.02159401	0.00000000
C29	c	0.89809455	0.12617028	0.10660070	1.68000000	9.68000000	0.01760710	0.00000000
C30	c	1.00000000	0.22107102	0.03135988	1.74000000	9.74000000	0.01463475	0.00000000
C31	c	0.10184500	0.26449528	0.06781513	1.80000000	9.80000000	0.01411953	0.00000000
C32	c	0.16864726	0.30693273	0.06775660	1.86000000	9.86000000	0.02338875	0.00000000
C33	c	0.15297689	0.38512898	0.02188332	1.92000000	9.92000000	0.01649196	0.00000000
C34	c	0.13069603	0.35063240	0.09460303	1.98000000	9.98000000	0.02912697	0.00000000
C35	c	0.09551990	0.28056310	0.01532470	2.00000000	10.00000000	0.01358783	0.00000000
C36	c	0.09787470	0.26266068	0.04757540	2.00000000	10.00000000	0.02974503	0.00000000
C37	c	0.08792434	0.21015556	0.01376624	2.00000000	10.00000000	0.01029412	0.00000000
C38	c	0.11387519	0.28718904	0.13026136	2.00000000	10.00000000	0.02617465	0.00000000
C39	c	0.03753473	0.34620340	0.15235285	2.00000000	10.00000000	0.02511845	0.00000000
C40	c	0.07800376	0.33887493	0.09896886	2.00000000	10.00000000	0.02175993	0.00000000
C41	c	0.79354033	0.67844938	0.15453098	2.00000000	10.00000000	0.01522764	0.00000000
C42	c	0.79768133	0.64648785	0.15366069	2.00000000	10.00000000	0.01692458	0.00000000
C43	c	0.69841970	0.71053628	0.06681735	2.00000000	10.00000000	0.02294041	0.00000000
C44	c	0.72239046	0.74682166	0.16225941	2.00000000	10.00000000	0.02629354	0.00000000
C45	c	0.79587233	0.72660674	0.07121201	2.00000000	10.00000000	0.01662953	0.00000000
C46	c	0.67409066	0.56708420	0.03897584	2.00000000	10.00000000	0.02238830	0.00000000
C47	c	0.63022126	0.49119810	0.14066817	2.00000000	10.00000000	0.01164242	0.00000000
C48	c	0.64642011	0.70545639	0.11087392	2.00000000	10.00000000	0.01695225	0.00000000
C49	c	0.69051013	0.54559888	0.11864014	2.00000000	10.00000000	0.01570398	0.00000000
C50	c	0.71558660	0.51425817	0.09840336	2.00000000	10.00000000	0.02779279	0.00000000

Q Vehicle fuel tank capacity /0.40000000/
C Vehicle load capacity /1.50000000/
r fuel consumption rate /0.25000000/
g inverse refueling rate /1.00000000/
v average Velocity /1.00000000/
