StringID	Type	x	y	demand	ReadyTime	DueDate	ServiceTime	altitude
D0	d	0.50000000	0.50000000	0.00000000	0.00000000	10.00000000	0.00000000	0.00000000
S0	f	0.93164706	0.04137339	0.00000000	0.00000000	10.00000000	0.00000000	0.00000000
S1	f	0.59988598	0.77554471	0.00000000	0.00000000	10.00000000	0.00000000	0.00000000
S2	f	0.46625551	0.02838486	0.00000000	0.00000000	10.00000000	0.00000000	0.00000000
S3	f	0.15868985	0.81893372	0.00000000	0.00000000	10.00000000	0.00000000	0.00000000
S4	f	0.87806291	0.16515430	0.00000000	0.00000000	10.00000000	0.00000000	0.00000000
S5	f	0.39855098	0.02915727	0.00000000	0.00000000	10.00000000	0.00000000	0.00000000
C1	c	0.91255543	0.93838383	0.20783094	0.00000000	8.00000000	0.01226272	0.00000000
C2	c	1.00000000	0.93926247	0.05763102	0.10000000	8.10000000	0.02757907	0.00000000
C3	c	1.00000000	1.00000000	0.14316153	0.20000000	8.20000000	0.01790961	0.00000000
C4	c	0.99693689	0.96244202	0.23332359	0.30000000	8.30000000	0.01269508	0.00000000
C5	c	1.00000000	0.97591557	0.10519211	0.40000000	8.40000000	0.02529086	0.00000000
C6	c	1.00000000	0.97907078	0.13594056	0.50000000	8.50000000	0.02150358	0.00000000
C7	c	1.00000000	0.94491956	0.13459642	0.60000000	8.60000000	0.02769154	0.00000000
C8	c	1.00000000	0.84135732	0.08793022	0.70000000	8.70000000	0.02354039	0.00000000
C9	c	0.94802943	0.91183517	0.10428768	0.80000000	8.80000000	0.01042047	0.00000000
C10	c	0.85192766	0.95545092	0.05390645	0.90000000	8.90000000	0.01342067	0.00000000
C11	c	0.92854033	1.00000000	0.22885326	1.00000000	9.00000000	0.01343296	0.00000000
C12	c	0.07756278	0.19948870	0.07505318	1.10000000	9.10000000	0.01385856	0.00000000
C13	c	0.09877766	0.23839761	0.01890796	1.20000000	9.20000000	0.02873804	0.00000000
C14	c	0.09263700	0.14231205	0.11380334	1.30000000	9.30000000	0.02458128	0.00000000
C15	c	0.18304112	0.45309766	0.20417052	1.40000000	9.40000000	0.01042897	0.00000000
C16	c	0.10706892	0.59758583	0.24838351	1.50000000	9.50000000	0.01307212	0.00000000
C17	c	0.11224957	0.56378465	0.20465885	1.60000000	9.60000000	0.01900775	0.00000000
C18	c	0.24478347	0.56028577	0.24767621	1.70000000	9.70000000	0.02429997	0.00000000
C19	c	0.20944910	0.56704469	0.20492551	1.80000000	9.80000000	0.01851096	0.00000000
C20	c	0.17736147	0.49381370	0.25308080	1.90000000	9.90000000	0.01750159	0.00000000
C21	c	0.88348159	0.67412579	0.10213064	2.00000000	10.00000000	0.02360906	0.00000000
C22	c	0.79817288	0.68413270	0.21486529	2.00000000	10.00000000	0.01334437	0.00000000
C23	c	0.78193686	0.70430230	0.19188764	2.00000000	10.00000000	0.01657148	0.00000000
C24	c	0.78566414	0.71971542	0.21589311	2.00000000	10.00000000	0.01159033	0.00000000
C25	c	0.77886819	0.71905244	0.07306719	2.00000000	10.00000000	0.02983398	0.00000000
C26	c	0.82574809	0.70708176	0.11355164	2.00000000	10.00000000	0.01135529	0.00000000
C27	c	0.82228512	0.62704413	0.05784214	2.00000000	10.00000000	0.02672572	0.00000000
C28	c	0.79910059	0.66175927	0.11735831	2.00000000	10.00000000	0.02120396	0.00000000
C29	c	0.69285030	0.59560977	0.19549282	2.00000000	10.00000000	0.01289761	0.00000000
C30	c	0.83602719	0.67840145	0.15459755	2.00000000	10.00000000	0.02678947	0.00000000

Q Vehicle fuel tank capacity /0.40000000/
C Vehicle load capacity /1.50000000/
r fuel consumption rate /0.25000000/
g inverse refueling rate /1.00000000/
v average Velocity /1.00000000/
