StringID	Type	x	y	demand	ReadyTime	DueDate	ServiceTime	altitude
D0	d	0.50000000	0.50000000	0.00000000	0.00000000	10.00000000	0.00000000	0.00000000
S0	f	0.99067235	0.88991826	0.00000000	0.00000000	10.00000000	0.00000000	0.00000000
S1	f	0.38700629	0.29181540	0.00000000	0.00000000	10.00000000	0.00000000	0.00000000
S2	f	0.04750900	0.79593291	0.00000000	0.00000000	10.00000000	0.00000000	0.00000000
S3	f	0.71234178	0.34501392	0.00000000	0.00000000	10.00000000	0.00000000	0.00000000
S4	f	0.71424894	0.22772294	0.00000000	0.00000000	10.00000000	0.00000000	0.00000000
S5	f	0.70872355	0.39647611	0.00000000	0.00000000	10.00000000	0.00000000	0.00000000
C1	c	0.22789582	0.28710912	0.08335376	0.00000000	8.00000000	0.02429576	0.00000000
C2	c	0.14496369	0.35107637	0.15443723	0.10000000	8.10000000	0.02303884	0.00000000
C3	c	0.22803747	0.38114917	0.12971478	0.20000000	8.20000000	0.01702659	0.00000000
C4	c	0.30370386	0.30653095	0.21295109	0.30000000	8.30000000	0.01813900	0.00000000
C5	c	0.14415948	0.32839803	0.07878677	0.40000000	8.40000000	0.02005918	0.00000000
C6	c	0.25069118	0.45976458	0.17161574	0.50000000	8.50000000	0.02943103	0.00000000
C7	c	0.26482351	0.39172428	0.23972627	0.60000000	8.60000000	0.02864229	0.00000000
C8	c	0.27810610	0.34739081	0.14377111	0.70000000	8.70000000	0.02404389	0.00000000
C9	c	0.16919411	0.28064657	0.10067601	0.80000000	8.80000000	0.01188288	0.00000000
C10	c	0.20125101	0.31025079	0.12680309	0.90000000	8.90000000	0.01269300	0.00000000
C11	c	0.17369537	0.30576352	0.25277284	1.00000000	9.00000000	0.01418693	0.00000000
C12	c	0.19172896	0.38081738	0.15357574	1.10000000	9.10000000	0.01304050	0.00000000
C13	c	0.43129999	0.19981997	0.19936796	1.20000000	9.20000000	0.01945271	0.00000000
C14	c	0.33826806	0.17172293	0.10829031	1.30000000	9.30000000	0.02403441	0.00000000
C15	c	0.37524623	0.20368540	0.05225090	1.40000000	9.40000000	0.01162828	0.00000000
C16	c	0.37582851	0.16904209	0.19892538	1.50000000	9.50000000	0.01784218	0.00000000
C17	c	0.34197862	0.16015604	0.27943558	1.60000000	9.60000000	0.02217114	0.00000000
C18	c	0.34072723	0.22162314	0.19252034	1.70000000	9.70000000	0.02419165	0.00000000
C19	c	0.36256034	0.23080563	0.23363323	1.80000000	9.80000000	0.01196821	0.00000000
C20	c	0.66608579	0.97124629	0.02177959	1.90000000	9.90000000	0.02195225	0.00000000
C21	c	0.60382807	0.99880188	0.22323963	2.00000000	10.00000000	0.01381174	0.00000000
C22	c	0.63617708	0.89928208	0.04541378	2.00000000	10.00000000	0.02215871	0.00000000
C23	c	0.23861380	0.58376300	0.15597998	2.00000000	10.00000000	0.02389360	0.00000000
C24	c	0.13861156	0.53312726	0.25317804	2.00000000	10.00000000	0.01570547	0.00000000
C25	c	0.24270116	0.55677358	0.06192776	2.00000000	10.00000000	0.02932236	0.00000000
C26	c	0.71002026	0.95681738	0.06049101	2.00000000	10.00000000	0.02697226	0.00000000
C27	c	0.64989952	0.83764811	0.23251764	2.00000000	10.00000000	0.01207125	0.00000000
C28	c	0.66144853	0.79410320	0.10321703	2.00000000	10.00000000	0.01724642	0.00000000
C29	c	0.67971689	0.75444914	0.05279483	2.00000000	10.00000000	0.01652011	0.00000000
C30	c	0.57786319	0.74251737	0.17685257	2.00000000	10.00000000	0.02954018	0.00000000

Q Vehicle fuel tank capacity /0.40000000/
C Vehicle load capacity /1.50000000/
r fuel consumption rate /0.25000000/
g inverse refueling rate /1.00000000/
v average Velocity /1.00000000/
