StringID	Type	x	y	demand	ReadyTime	DueDate	ServiceTime	altitude
D0	d	0.50000000	0.50000000	0.00000000	0.00000000	10.00000000	0.00000000	0.00000000
S0	f	0.25767580	0.39618352	0.00000000	0.00000000	10.00000000	0.00000000	0.00000000
S1	f	0.21414535	0.56492354	0.00000000	0.00000000	10.00000000	0.00000000	0.00000000
S2	f	0.52597075	0.98616783	0.00000000	0.00000000	10.00000000	0.00000000	0.00000000
S3	f	0.78540321	0.53109560	0.00000000	0.00000000	10.00000000	0.00000000	0.00000000
S4	f	0.92081019	0.01400388	0.00000000	0.00000000	10.00000000	0.00000000	0.00000000
S5	f	0.93896508	0.56029207	0.00000000	0.00000000	10.00000000	0.00000000	0.00000000
C1	c	0.10820473	0.70657210	0.06271490	0.00000000	8.00000000	0.02395547	0.00000000
C2	c	0.08612606	0.73783125	0.06225419	0.10000000	8.10000000	0.01354254	0.00000000
C3	c	0.17399206	0.70517486	0.08858462	0.20000000	8.20000000	0.02284474	0.00000000
C4	c	0.12013292	0.75818628	0.20830993	0.30000000	8.30000000	0.01024624	0.00000000
C5	c	0.01200249	0.67120452	0.24017817	0.40000000	8.40000000	0.02918080	0.00000000
C6	c	0.25259358	0.74662248	0.26993550	0.50000000	8.50000000	0.01600778	0.00000000
C7	c	0.34316369	0.33484691	0.04832088	0.60000000	8.60000000	0.02995720	0.00000000
C8	c	0.26185410	0.25673678	0.21953036	0.70000000	8.70000000	0.02660889	0.00000000
C9	c	0.21890369	0.30262931	0.25516484	0.80000000	8.80000000	0.02362432	0.00000000
C10	c	0.30386736	0.27614608	0.11657348	0.90000000	8.90000000	0.01209032	0.00000000
C11	c	0.31317806	0.29012337	0.14330729	1.00000000	9.00000000	0.01743553	0.00000000
C12	c	0.36868797	0.39662244	0.03695116	1.10000000	9.10000000	0.02054762	0.00000000
C13	c	0.37936805	0.33861905	0.24026887	1.20000000	9.20000000	0.01626251	0.00000000
C14	c	0.33362678	0.30951891	0.09194495	1.30000000	9.30000000	0.02168364	0.00000000
C15	c	0.36293027	0.36886718	0.03757959	1.40000000	9.40000000	0.02061659	0.00000000
C16	c	0.38197446	0.30411374	0.19249832	1.50000000	9.50000000	0.02933479	0.00000000
C17	c	0.24132288	0.33731950	0.05426090	1.60000000	9.60000000	0.01375795	0.00000000
C18	c	0.52637943	0.59260157	0.13237099	1.70000000	9.70000000	0.02018541	0.00000000
C19	c	0.49214919	0.56676124	0.25933767	1.80000000	9.80000000	0.02437497	0.00000000
C20	c	0.45678747	0.51074606	0.19425121	1.90000000	9.90000000	0.01219793	0.00000000
C21	c	0.55811831	0.61276146	0.07924154	2.00000000	10.00000000	0.02793192	0.00000000
C22	c	0.52852991	0.62353039	0.18189485	2.00000000	10.00000000	0.02425577	0.00000000
C23	c	0.39079194	0.54713686	0.21960862	2.00000000	10.00000000	0.01636614	0.00000000
C24	c	0.23056830	0.34697826	0.06658765	2.00000000	10.00000000	0.01665460	0.00000000
C25	c	0.21261377	0.46249202	0.13043389	2.00000000	10.00000000	0.01699535	0.00000000
C26	c	0.30275153	0.39028770	0.06729577	2.00000000	10.00000000	0.01660302	0.00000000
C27	c	0.19856775	0.46278300	0.17947247	2.00000000	10.00000000	0.01745723	0.00000000
C28	c	0.23366480	0.48025945	0.23134348	2.00000000	10.00000000	0.02379786	0.00000000
C29	c	0.18928202	0.52767457	0.24003135	2.00000000	10.00000000	0.02109875	0.00000000
C30	c	0.25698777	0.48608032	0.14975255	2.00000000	10.00000000	0.02257386	0.00000000

Q Vehicle fuel tank capacity /0.40000000/
C Vehicle load capacity /1.50000000/
r fuel consumption rate /0.25000000/
g inverse refueling rate /1.00000000/
v average Velocity /1.00000000/
