StringID	Type	x	y	demand	ReadyTime	DueDate	ServiceTime	altitude
D0	d	0.50000000	0.50000000	0.00000000	0.00000000	10.00000000	0.00000000	0.00000000
S0	f	0.50375646	0.89717623	0.00000000	0.00000000	10.00000000	0.00000000	0.00000000
S1	f	0.39306878	0.57815732	0.00000000	0.00000000	10.00000000	0.00000000	0.00000000
S2	f	0.79538299	0.64093055	0.00000000	0.00000000	10.00000000	0.00000000	0.00000000
S3	f	0.56063016	0.76971975	0.00000000	0.00000000	10.00000000	0.00000000	0.00000000
S4	f	0.32389287	0.17848021	0.00000000	0.00000000	10.00000000	0.00000000	0.00000000
S5	f	0.55393919	0.83422281	0.00000000	0.00000000	10.00000000	0.00000000	0.00000000
S6	f	0.88851295	0.83880935	0.00000000	0.00000000	10.00000000	0.00000000	0.00000000
S7	f	0.40626507	0.69074908	0.00000000	0.00000000	10.00000000	0.00000000	0.00000000
S8	f	0.40759672	0.28929854	0.00000000	0.00000000	10.00000000	0.00000000	0.00000000
S9	f	0.95780529	0.95503510	0.00000000	0.00000000	10.00000000	0.00000000	0.00000000
C1	c	0.21971637	0.06090040	0.02768767	0.00000000	8.00000000	0.01867802	0.00000000
C2	c	0.20513874	0.07876348	0.03266605	0.06000000	8.06000000	0.02037095	0.00000000
C3	c	0.18784336	0.02106462	0.11506636	0.12000000	8.12000000	0.01574221	0.00000000
C4	c	0.27539545	0.05757192	0.08774885	0.18000000	8.18000000	0.01151262	0.00000000
C5	c	0.25477925	0.00000000	0.11177122	0.24000000	8.24000000	0.01665898	0.00000000
C6	c	0.27393600	0.00810711	0.11678717	0.30000000	8.30000000	0.01256091	0.00000000
C7	c	0.22522868	0.08551843	0.12201663	0.36000000	8.36000000	0.01339672	0.00000000
C8	c	0.58959920	0.36842239	0.03806452	0.42000000	8.42000000	0.01104511	0.00000000
C9	c	0.61564183	0.37690641	0.03663517	0.48000000	8.48000000	0.01431697	0.00000000
C10	c	0.44232894	0.38235855	0.11898670	0.54000000	8.54000000	0.02929925	0.00000000
C11	c	0.56752307	0.50004702	0.06150253	0.60000000	8.60000000	0.01930587	0.00000000
C12	c	0.53417710	0.47118973	0.12578796	0.66000000	8.66000000	0.01136728	0.00000000
C13	c	0.50337722	0.41286513	0.12329747	0.72000000	8.72000000	0.01008392	0.00000000
C14	c	0.49634124	0.35616351	0.09518996	0.78000000	8.78000000	0.02102035	0.00000000
C15	c	0.54415923	0.53936818	0.13911186	0.84000000	8.84000000	0.01383929	0.00000000
C16	c	0.51713699	0.44202816	0.05028979	0.90000000	8.90000000	0.02015390	0.00000000
C17	c	0.49106652	0.33013230	0.05324069	0.96000000	8.96000000	0.01434973	0.00000000
C18	c	0.12561387	0.83091802	0.14628525	1.02000000	9.02000000	0.02733444	0.00000000
C19	c	0.14812475	0.82844964	0.02406786	1.08000000	9.08000000	0.02125789	0.00000000
C20	c	0.21981319	0.95252450	0.07690566	1.14000000	9.14000000	0.01732912	0.00000000
C21	c	0.13302639	0.92776771	0.03244202	1.20000000	9.20000000	0.01459109	0.00000000
C22	c	0.15861328	0.89900406	0.07878400	1.26000000	9.26000000	0.01357409	0.00000000
C23	c	0.23400173	0.91084664	0.15111798	1.32000000	9.32000000	0.01248049	0.00000000
C24	c	0.60369670	0.20760050	0.14868856	1.38000000	9.38000000	0.01362939	0.00000000
C25	c	0.66684250	0.24458290	0.01742463	1.44000000	9.44000000	0.01608768	0.00000000
C26	c	0.67271427	0.28470599	0.04234171	1.50000000	9.50000000	0.02062514	0.00000000
C27	c	0.57016046	0.11479542	0.07667693	1.56000000	9.56000000	0.01225346	0.00000000
C28	c	0.61293466	0.29824345	0.08574782	1.62000000	9.62000000	0.02246858	0.00000000
C29	c	0.59138149	0.22829502	0.12144260	1.68000000	9.68000000	0.02909697	0.00000000
C30	c	0.59172989	0.28961005	0.06390120	1.74000000	9.74000000	0.01095814	0.00000000
C31	c	0.78413104	0.31178571	0.09385500	1.80000000	9.80000000	0.02651609	0.00000000
C32	c	0.90127520	0.34835220	0.05771018	1.86000000	9.86000000	0.02939464	0.00000000
C33	c	0.89513279	0.26411140	0.13555260	1.92000000	9.92000000	0.01905814	0.00000000
C34	c	0.81441766	0.36643256	0.05583570	1.98000000	9.98000000	0.01623276	0.00000000
C35	c	0.79962173	0.27567487	0.14881812	2.00000000	10.00000000	0.02127658	0.00000000
C36	c	0.88696367	0.26167031	0.13620212	2.00000000	10.00000000	0.02693892	0.00000000
C37	c	0.78991002	0.19183584	0.14981384	2.00000000	10.00000000	0.02786391	0.00000000
C38	c	0.10279747	0.26386180	0.06060823	2.00000000	10.00000000	0.02912593	0.00000000
C39	c	0.06438591	0.21128855	0.07479646	2.00000000	10.00000000	0.02114275	0.00000000
C40	c	0.01561746	0.17574877	0.09707464	2.00000000	10.00000000	0.01372701	0.00000000
C41	c	0.09580030	0.31133732	0.03776843	2.00000000	10.00000000	0.01559255	0.00000000
C42	c	0.11300374	0.15009746	0.14681111	2.00000000	10.00000000	0.01673764	0.00000000
C43	c	0.00000000	0.19830025	0.06998481	2.00000000	10.00000000	0.01941498	0.00000000
C44	c	0.14352952	0.14058903	0.12371602	2.00000000	10.00000000	0.02794819	0.00000000
C45	c	0.13306556	0.19537377	0.06619769	2.00000000	10.00000000	0.02896116	0.00000000
C46	c	0.11383899	0.05168928	0.10710787	2.00000000	10.00000000	0.02458886	0.00000000
C47	c	0.56874391	0.39223466	0.13253250	2.00000000	10.00000000	0.01592183	0.00000000
C48	c	0.57308948	0.47368933	0.09230171	2.00000000	10.00000000	0.01029786	0.00000000
C49	c	0.48377611	0.39549935	0.04184268	2.00000000	10.00000000	0.01845457	0.00000000
C50	c	0.50075306	0.32269686	0.14979347	2.00000000	10.00000000	0.01882923	0.00000000

Q Vehicle fuel tank capacity /0.40000000/
C Vehicle load capacity /1.50000000/
r fuel consumption rate /0.25000000/
g inverse refueling rate /1.00000000/
v average Velocity /1.00000000/
