StringID	Type	x	y	demand	ReadyTime	DueDate	ServiceTime	altitude
D0	d	0.50000000	0.50000000	0.00000000	0.00000000	10.00000000	0.00000000	0.00000000
S0	f	0.18115334	0.88533395	0.00000000	0.00000000	10.00000000	0.00000000	0.00000000
S1	f	0.75426977	0.60198419	0.00000000	0.00000000	10.00000000	0.00000000	0.00000000
S2	f	0.01799864	0.40532212	0.00000000	0.00000000	10.00000000	0.00000000	0.00000000
S3	f	0.71297772	0.18352401	0.00000000	0.00000000	10.00000000	0.00000000	0.00000000
S4	f	0.43285846	0.48569741	0.00000000	0.00000000	10.00000000	0.00000000	0.00000000
S5	f	0.12774501	0.41472998	0.00000000	0.00000000	10.00000000	0.00000000	0.00000000
S6	f	0.56603083	0.89416072	0.00000000	0.00000000	10.00000000	0.00000000	0.00000000
S7	f	0.37993938	0.84334935	0.00000000	0.00000000	10.00000000	0.00000000	0.00000000
S8	f	0.77815065	0.02671583	0.00000000	0.00000000	10.00000000	0.00000000	0.00000000
S9	f	0.65714098	0.35172407	0.00000000	0.00000000	10.00000000	0.00000000	0.00000000
C1	c	0.69735764	0.07582340	0.11821384	0.00000000	8.00000000	0.01941846	0.00000000
C2	c	0.78275207	0.09193318	0.06238693	0.06000000	8.06000000	0.01815394	0.00000000
C3	c	0.73526787	0.02138680	0.04338663	0.12000000	8.12000000	0.02265985	0.00000000
C4	c	0.70878476	0.02361001	0.05523572	0.18000000	8.18000000	0.02875507	0.00000000
C5	c	0.73545433	0.08974177	0.08726709	0.24000000	8.24000000	0.02694721	0.00000000
C6	c	0.56339691	0.17399869	0.13750685	0.30000000	8.30000000	0.02134356	0.00000000
C7	c	0.53844351	0.08945169	0.12020668	0.36000000	8.36000000	0.01793303	0.00000000
C8	c	0.53398380	0.02462419	0.08328365	0.42000000	8.42000000	0.01630346	0.00000000
C9	c	0.64126394	0.02030613	0.07471079	0.48000000	8.48000000	0.01044613	0.00000000
C10	c	0.62639519	0.15678650	0.07636655	0.54000000	8.54000000	0.02578213	0.00000000
C11	c	0.54475212	0.02643187	0.05348467	0.60000000	8.60000000	0.02422191	0.00000000
C12	c	0.59807746	0.12814909	0.15033433	0.66000000	8.66000000	0.01800076	0.00000000
C13	c	0.50782119	0.16528745	0.02872052	0.72000000	8.72000000	0.02362100	0.00000000
C14	c	0.58465787	0.15318987	0.04644970	0.78000000	8.78000000	0.02516279	0.00000000
C15	c	0.59704972	0.04002527	0.07777256	0.84000000	8.84000000	0.01021698	0.00000000
C16	c	0.57933265	0.09798887	0.12359916	0.90000000	8.90000000	0.02232662	0.00000000
C17	c	0.80314026	0.39818848	0.08628313	0.96000000	8.96000000	0.01691209	0.00000000
C18	c	0.88047407	0.55207296	0.07362290	1.02000000	9.02000000	0.02854702	0.00000000
C19	c	0.86434872	0.34674407	0.06607687	1.08000000	9.08000000	0.01427681	0.00000000
C20	c	0.82204138	0.40320326	0.06464952	1.14000000	9.14000000	0.01764767	0.00000000
C21	c	0.89222146	0.50307491	0.03975841	1.20000000	9.20000000	0.02314503	0.00000000
C22	c	0.81889644	0.37990869	0.13860021	1.26000000	9.26000000	0.02909053	0.00000000
C23	c	0.75144403	0.43784240	0.09402074	1.32000000	9.32000000	0.01290874	0.00000000
C24	c	0.80039378	0.41230150	0.04736342	1.38000000	9.38000000	0.02403446	0.00000000
C25	c	0.79054675	0.12982981	0.13448790	1.44000000	9.44000000	0.01266298	0.00000000
C26	c	0.89523847	0.17603913	0.14861619	1.50000000	9.50000000	0.02484225	0.00000000
C27	c	0.82630175	0.24039381	0.04003290	1.56000000	9.56000000	0.02453033	0.00000000
C28	c	0.87780716	0.17119298	0.11707495	1.62000000	9.62000000	0.01742776	0.00000000
C29	c	0.83937219	0.25548359	0.02496768	1.68000000	9.68000000	0.01648719	0.00000000
C30	c	0.84853199	0.22036016	0.12683052	1.74000000	9.74000000	0.02605808	0.00000000
C31	c	0.80511247	0.33809677	0.02971068	1.80000000	9.80000000	0.02064014	0.00000000
C32	c	0.28036654	0.92474868	0.09310382	1.86000000	9.86000000	0.01797156	0.00000000
C33	c	0.26476051	0.90752670	0.07926489	1.92000000	9.92000000	0.01882636	0.00000000
C34	c	0.21143795	0.56902509	0.14116313	1.98000000	9.98000000	0.01203475	0.00000000
C35	c	0.14133370	0.65372869	0.02330588	2.00000000	10.00000000	0.01313159	0.00000000
C36	c	0.11007290	0.66423354	0.03739769	2.00000000	10.00000000	0.02431080	0.00000000
C37	c	0.13758872	0.56452895	0.05305095	2.00000000	10.00000000	0.01061027	0.00000000
C38	c	0.15917372	0.62524418	0.12845624	2.00000000	10.00000000	0.02644908	0.00000000
C39	c	0.17854837	0.59003813	0.12945672	2.00000000	10.00000000	0.02531198	0.00000000
C40	c	0.16896746	0.60419934	0.13274966	2.00000000	10.00000000	0.01397547	0.00000000
C41	c	0.15475729	0.68423003	0.08654822	2.00000000	10.00000000	0.02698160	0.00000000
C42	c	0.13175457	0.19096295	0.09550910	2.00000000	10.00000000	0.01638518	0.00000000
C43	c	0.19474213	0.16008735	0.10939961	2.00000000	10.00000000	0.02724652	0.00000000
C44	c	0.13510980	0.07382685	0.14200322	2.00000000	10.00000000	0.02907426	0.00000000
C45	c	0.16707178	0.18836105	0.08957782	2.00000000	10.00000000	0.02558763	0.00000000
C46	c	0.15070356	0.05959579	0.15869937	2.00000000	10.00000000	0.01613356	0.00000000
C47	c	0.10844370	0.28017224	0.05587561	2.00000000	10.00000000	0.02872974	0.00000000
C48	c	0.13840803	0.09502204	0.10473976	2.00000000	10.00000000	0.01483931	0.00000000
C49	c	0.19047354	0.15059858	0.12961329	2.00000000	10.00000000	0.02081373	0.00000000
C50	c	0.18687030	0.21283874	0.13906333	2.00000000	10.00000000	0.01929383	0.00000000

Q Vehicle fuel tank capacity /0.40000000/
C Vehicle load capacity /1.50000000/
r fuel consumption rate /0.25000000/
g inverse refueling rate /1.00000000/
v average Velocity /1.00000000/
