StringID	Type	x	y	demand	ReadyTime	DueDate	ServiceTime	altitude
D0	d	0.50000000	0.50000000	0.00000000	0.00000000	10.00000000	0.00000000	0.00000000
S0	f	0.38052640	0.86388952	0.00000000	0.00000000	10.00000000	0.00000000	0.00000000
S1	f	0.81593723	0.60683869	0.00000000	0.00000000	10.00000000	0.00000000	0.00000000
S2	f	0.52283482	0.74703952	0.00000000	0.00000000	10.00000000	0.00000000	0.00000000
S3	f	0.92169803	0.33655787	0.00000000	0.00000000	10.00000000	0.00000000	0.00000000
S4	f	0.69017487	0.40760299	0.00000000	0.00000000	10.00000000	0.00000000	0.00000000
S5	f	0.67966307	0.83062417	0.00000000	0.00000000	10.00000000	0.00000000	0.00000000
S6	f	0.92789676	0.20707529	0.00000000	0.00000000	10.00000000	0.00000000	0.00000000
S7	f	0.58958225	0.97164176	0.00000000	0.00000000	10.00000000	0.00000000	0.00000000
S8	f	0.07307431	0.02730410	0.00000000	0.00000000	10.00000000	0.00000000	0.00000000
S9	f	0.70893528	0.45133206	0.00000000	0.00000000	10.00000000	0.00000000	0.00000000
C1	c	0.41373267	0.81833039	0.02817028	0.00000000	8.00000000	0.02716519	0.00000000
C2	c	0.32936318	0.84340496	0.15740036	0.06000000	8.06000000	0.01155881	0.00000000
C3	c	0.34698855	0.83665550	0.09276209	0.12000000	8.12000000	0.01787828	0.00000000
C4	c	0.31344088	0.88488902	0.16512138	0.18000000	8.18000000	0.02537317	0.00000000
C5	c	0.46928681	0.90174337	0.02277234	0.24000000	8.24000000	0.01543306	0.00000000
C6	c	0.37412430	0.79379746	0.15438362	0.30000000	8.30000000	0.01347007	0.00000000
C7	c	0.42819241	0.83833221	0.15865515	0.36000000	8.36000000	0.01549418	0.00000000
C8	c	0.35711185	0.80878658	0.12037178	0.42000000	8.42000000	0.01853047	0.00000000
C9	c	0.30882212	0.89258735	0.10720490	0.48000000	8.48000000	0.01301399	0.00000000
C10	c	0.42069982	0.86298160	0.03866197	0.54000000	8.54000000	0.02867704	0.00000000
C11	c	0.37519224	0.76111660	0.06474481	0.60000000	8.60000000	0.02258203	0.00000000
C12	c	0.84200691	0.16688049	0.15040275	0.66000000	8.66000000	0.02746036	0.00000000
C13	c	0.79598084	0.09898134	0.13193268	0.72000000	8.72000000	0.01066673	0.00000000
C14	c	0.73598428	0.04267797	0.04818267	0.78000000	8.78000000	0.01259014	0.00000000
C15	c	0.75866762	0.13468838	0.04033054	0.84000000	8.84000000	0.01519489	0.00000000
C16	c	0.77536794	0.14020109	0.11998065	0.90000000	8.90000000	0.02768963	0.00000000
C17	c	0.08093295	0.84342678	0.03365756	0.96000000	8.96000000	0.02714269	0.00000000
C18	c	0.12810173	0.92022231	0.09974628	1.02000000	9.02000000	0.01695765	0.00000000
C19	c	0.13139174	0.94291292	0.02539931	1.08000000	9.08000000	0.02558083	0.00000000
C20	c	0.00000000	0.94295589	0.08784578	1.14000000	9.14000000	0.02114114	0.00000000
C21	c	0.08465632	0.86462877	0.01640238	1.20000000	9.20000000	0.02496431	0.00000000
C22	c	0.09229813	0.81160793	0.11785967	1.26000000	9.26000000	0.01145372	0.00000000
C23	c	0.19040677	0.88050740	0.09145178	1.32000000	9.32000000	0.02936177	0.00000000
C24	c	0.14837128	0.90025388	0.05368072	1.38000000	9.38000000	0.01033845	0.00000000
C25	c	0.94661505	0.66175729	0.11414905	1.44000000	9.44000000	0.01924886	0.00000000
C26	c	0.75635934	0.68929073	0.06315899	1.50000000	9.50000000	0.01145049	0.00000000
C27	c	0.83621276	0.54763468	0.13653366	1.56000000	9.56000000	0.02237140	0.00000000
C28	c	0.87867820	0.64702933	0.14012830	1.62000000	9.62000000	0.01165213	0.00000000
C29	c	0.77290834	0.60517823	0.13475306	1.68000000	9.68000000	0.01803206	0.00000000
C30	c	0.77936952	0.54903745	0.16011329	1.74000000	9.74000000	0.01459509	0.00000000
C31	c	0.49649571	0.00000000	0.08284881	1.80000000	9.80000000	0.02830288	0.00000000
C32	c	0.50219839	0.00000000	0.06130595	1.86000000	9.86000000	0.02449916	0.00000000
C33	c	0.50848427	0.00000000	0.13488792	1.92000000	9.92000000	0.01883997	0.00000000
C34	c	0.53602824	0.00000000	0.05667903	1.98000000	9.98000000	0.01124287	0.00000000
C35	c	0.52498917	0.06649906	0.07423691	2.00000000	10.00000000	0.02312688	0.00000000
C36	c	0.54599359	0.01341969	0.07036153	2.00000000	10.00000000	0.01509911	0.00000000
C37	c	0.52278876	0.00717401	0.05054920	2.00000000	10.00000000	0.02052772	0.00000000
C38	c	0.46179021	0.05611159	0.05116707	2.00000000	10.00000000	0.01015735	0.00000000
C39	c	0.55342251	0.68641554	0.12543396	2.00000000	10.00000000	0.01240201	0.00000000
C40	c	0.63184410	0.70377354	0.10176683	2.00000000	10.00000000	0.02888387	0.00000000
C41	c	0.58786827	0.75186719	0.02867235	2.00000000	10.00000000	0.02550829	0.00000000
C42	c	0.58968204	0.77291209	0.06562664	2.00000000	10.00000000	0.01003034	0.00000000
C43	c	0.41385825	0.69472974	0.08039364	2.00000000	10.00000000	0.02099747	0.00000000
C44	c	0.54282096	0.80350368	0.12909920	2.00000000	10.00000000	0.02105244	0.00000000
C45	c	0.49606941	0.79821798	0.01782195	2.00000000	10.00000000	0.02957448	0.00000000
C46	c	0.56217587	0.72580665	0.14778805	2.00000000	10.00000000	0.02135015	0.00000000
C47	c	0.37572752	0.17077830	0.06895547	2.00000000	10.00000000	0.01374226	0.00000000
C48	c	0.35469209	0.16579893	0.02436689	2.00000000	10.00000000	0.01932092	0.00000000
C49	c	0.46400103	0.09572791	0.12169965	2.00000000	10.00000000	0.02989136	0.00000000
C50	c	0.34635195	0.16749973	0.13038118	2.00000000	10.00000000	0.02897103	0.00000000

Q Vehicle fuel tank capacity /0.40000000/
C Vehicle load capacity /1.50000000/
r fuel consumption rate /0.25000000/
g inverse refueling rate /1.00000000/
v average Velocity /1.00000000/
