StringID	Type	x	y	demand	ReadyTime	DueDate	ServiceTime	altitude
D0	d	0.50000000	0.50000000	0.00000000	0.00000000	10.00000000	0.00000000	0.00000000
S0	f	0.94221774	0.54894761	0.00000000	0.00000000	10.00000000	0.00000000	0.00000000
S1	f	0.42120152	0.33824010	0.00000000	0.00000000	10.00000000	0.00000000	0.00000000
S2	f	0.65441207	0.03613073	0.00000000	0.00000000	10.00000000	0.00000000	0.00000000
S3	f	0.06222183	0.33421744	0.00000000	0.00000000	10.00000000	0.00000000	0.00000000
S4	f	0.10387462	0.53801310	0.00000000	0.00000000	10.00000000	0.00000000	0.00000000
S5	f	0.16289397	0.60847149	0.00000000	0.00000000	10.00000000	0.00000000	0.00000000
S6	f	0.66045313	0.67531829	0.00000000	0.00000000	10.00000000	0.00000000	0.00000000
S7	f	0.14368278	0.07229617	0.00000000	0.00000000	10.00000000	0.00000000	0.00000000
S8	f	0.66614521	0.76929630	0.00000000	0.00000000	10.00000000	0.00000000	0.00000000
S9	f	0.81493523	0.67642193	0.00000000	0.00000000	10.00000000	0.00000000	0.00000000
C1	c	0.10934646	0.02344393	0.08301076	0.00000000	8.00000000	0.01157317	0.00000000
C2	c	0.06749842	0.08269745	0.04706724	0.06000000	8.06000000	0.02821343	0.00000000
C3	c	0.10550108	0.12407820	0.09772817	0.12000000	8.12000000	0.01769172	0.00000000
C4	c	0.03210610	0.05052563	0.14870193	0.18000000	8.18000000	0.01846674	0.00000000
C5	c	0.07883576	0.10229586	0.06319929	0.24000000	8.24000000	0.02928746	0.00000000
C6	c	0.07855939	0.04216757	0.14838759	0.30000000	8.30000000	0.02282828	0.00000000
C7	c	0.47175765	0.95013312	0.10874145	0.36000000	8.36000000	0.01756222	0.00000000
C8	c	0.45639663	0.91787674	0.16572512	0.42000000	8.42000000	0.02524008	0.00000000
C9	c	0.44846313	0.85872701	0.06845280	0.48000000	8.48000000	0.02177661	0.00000000
C10	c	0.52191129	0.90095186	0.09528421	0.54000000	8.54000000	0.02425468	0.00000000
C11	c	0.41103102	0.88894936	0.11100360	0.60000000	8.60000000	0.01096522	0.00000000
C12	c	0.48423519	0.83819442	0.12641980	0.66000000	8.66000000	0.01239756	0.00000000
C13	c	0.44572702	0.96410084	0.16245606	0.72000000	8.72000000	0.01591218	0.00000000
C14	c	0.43162761	0.97643407	0.02982497	0.78000000	8.78000000	0.01122537	0.00000000
C15	c	0.44545546	0.90473803	0.08212167	0.84000000	8.84000000	0.02359532	0.00000000
C16	c	0.13930627	0.32132936	0.04715263	0.90000000	8.90000000	0.01816855	0.00000000
C17	c	0.16051932	0.52846432	0.07807925	0.96000000	8.96000000	0.01324448	0.00000000
C18	c	0.21940803	0.25063252	0.07507632	1.02000000	9.02000000	0.02688683	0.00000000
C19	c	0.12797439	0.40902529	0.13628462	1.08000000	9.08000000	0.02262695	0.00000000
C20	c	0.11292292	0.37547625	0.03181099	1.14000000	9.14000000	0.02476935	0.00000000
C21	c	0.13248122	0.46053631	0.07100740	1.20000000	9.20000000	0.02610266	0.00000000
C22	c	0.16290967	0.45946854	0.14384371	1.26000000	9.26000000	0.01397877	0.00000000
C23	c	0.16788565	0.36378104	0.12096275	1.32000000	9.32000000	0.01446702	0.00000000
C24	c	0.14584315	0.28567524	0.08656797	1.38000000	9.38000000	0.02301692	0.00000000
C25	c	0.13323488	0.40148576	0.13388977	1.44000000	9.44000000	0.02431382	0.00000000
C26	c	0.19383766	0.38917962	0.03339142	1.50000000	9.50000000	0.01332995	0.00000000
C27	c	0.15406803	0.72129364	0.07236031	1.56000000	9.56000000	0.02341233	0.00000000
C28	c	0.20619609	0.75130221	0.04759050	1.62000000	9.62000000	0.02014176	0.00000000
C29	c	0.25556814	0.66655307	0.07413987	1.68000000	9.68000000	0.01852000	0.00000000
C30	c	0.17818095	0.65120918	0.06157725	1.74000000	9.74000000	0.02348828	0.00000000
C31	c	0.23267909	0.77189028	0.02596811	1.80000000	9.80000000	0.02593671	0.00000000
C32	c	0.22145408	0.66373878	0.09345586	1.86000000	9.86000000	0.02446717	0.00000000
C33	c	0.00000000	0.95788589	0.02337962	1.92000000	9.92000000	0.01052974	0.00000000
C34	c	0.08508230	0.88404034	0.08983735	1.98000000	9.98000000	0.01780237	0.00000000
C35	c	0.02110438	0.97833006	0.13491132	2.00000000	10.00000000	0.02761472	0.00000000
C36	c	0.00000000	0.94720992	0.06956727	2.00000000	10.00000000	0.01031998	0.00000000
C37	c	0.02957403	0.92517379	0.15834588	2.00000000	10.00000000	0.02331461	0.00000000
C38	c	0.11274735	0.94994894	0.09150856	2.00000000	10.00000000	0.01647743	0.00000000
C39	c	0.25698245	0.33066788	0.15438870	2.00000000	10.00000000	0.01420604	0.00000000
C40	c	0.29155239	0.24826186	0.05969515	2.00000000	10.00000000	0.02119265	0.00000000
C41	c	0.29122617	0.18768285	0.12015774	2.00000000	10.00000000	0.02144883	0.00000000
C42	c	0.26853264	0.33901352	0.06780459	2.00000000	10.00000000	0.02771511	0.00000000
C43	c	0.19381374	0.32851248	0.01671692	2.00000000	10.00000000	0.01393236	0.00000000
C44	c	0.22742867	0.12398475	0.13225893	2.00000000	10.00000000	0.01527601	0.00000000
C45	c	0.21089127	0.05091035	0.12410720	2.00000000	10.00000000	0.01428061	0.00000000
C46	c	0.18614714	0.10149729	0.01578386	2.00000000	10.00000000	0.01920422	0.00000000
C47	c	0.29901926	0.09264537	0.08567203	2.00000000	10.00000000	0.01665373	0.00000000
C48	c	0.28071020	0.06938070	0.05980189	2.00000000	10.00000000	0.01267190	0.00000000
C49	c	0.22336802	0.07991626	0.07095469	2.00000000	10.00000000	0.02629709	0.00000000
C50	c	0.21060777	0.10076970	0.15382492	2.00000000	10.00000000	0.02529556	0.00000000

Q Vehicle fuel tank capacity /0.40000000/
C Vehicle load capacity /1.50000000/
r fuel consumption rate /0.25000000/
g inverse refueling rate /1.00000000/
v average Velocity /1.00000000/
