StringID	Type	x	y	demand	ReadyTime	DueDate	ServiceTime	altitude
D0	d	0.50000000	0.50000000	0.00000000	0.00000000	10.00000000	0.00000000	0.00000000
S0	f	0.54381591	0.66030558	0.00000000	0.00000000	10.00000000	0.00000000	0.00000000
S1	f	0.00902595	0.95252254	0.00000000	0.00000000	10.00000000	0.00000000	0.00000000
S2	f	0.85998692	0.62146770	0.00000000	0.00000000	10.00000000	0.00000000	0.00000000
S3	f	0.86128973	0.48267523	0.00000000	0.00000000	10.00000000	0.00000000	0.00000000
S4	f	0.02238917	0.25418047	0.00000000	0.00000000	10.00000000	0.00000000	0.00000000
S5	f	0.92637839	0.74462014	0.00000000	0.00000000	10.00000000	0.00000000	0.00000000
C1	c	0.36654695	0.80873905	0.15707055	0.00000000	8.00000000	0.02176154	0.00000000
C2	c	0.27177222	0.66292697	0.26803633	0.10000000	8.10000000	0.02663194	0.00000000
C3	c	0.26075102	0.76353150	0.25126340	0.20000000	8.20000000	0.02745619	0.00000000
C4	c	0.26921838	0.73264393	0.17943612	0.30000000	8.30000000	0.01522480	0.00000000
C5	c	0.25520633	0.81124083	0.12230254	0.40000000	8.40000000	0.01619830	0.00000000
C6	c	0.25601995	0.81063855	0.07938569	0.50000000	8.50000000	0.02370293	0.00000000
C7	c	0.55256105	0.60427394	0.03357048	0.60000000	8.60000000	0.02696494	0.00000000
C8	c	0.57693814	0.61006478	0.16473200	0.70000000	8.70000000	0.01732657	0.00000000
C9	c	0.49750770	0.61207483	0.20525494	0.80000000	8.80000000	0.01664651	0.00000000
C10	c	0.71704281	0.12117302	0.17710599	0.90000000	8.90000000	0.01874413	0.00000000
C11	c	0.69598360	0.00000000	0.12243663	1.00000000	9.00000000	0.01039373	0.00000000
C12	c	0.52492372	0.01346881	0.11213580	1.10000000	9.10000000	0.01242099	0.00000000
C13	c	0.64331654	0.14403532	0.09126656	1.20000000	9.20000000	0.02618723	0.00000000
C14	c	0.62370150	0.04992325	0.22573995	1.30000000	9.30000000	0.02809866	0.00000000
C15	c	0.67115624	0.05498643	0.24264537	1.40000000	9.40000000	0.01804621	0.00000000
C16	c	0.59242281	0.03318831	0.14103669	1.50000000	9.50000000	0.02976907	0.00000000
C17	c	0.59610489	0.17641507	0.05695945	1.60000000	9.60000000	0.02740428	0.00000000
C18	c	0.49257934	0.18377928	0.09914995	1.70000000	9.70000000	0.01462449	0.00000000
C19	c	0.67310537	0.05287936	0.05372623	1.80000000	9.80000000	0.01162124	0.00000000
C20	c	0.54241365	0.13252392	0.03988308	1.90000000	9.90000000	0.02048820	0.00000000
C21	c	0.55160035	0.10339906	0.20537057	2.00000000	10.00000000	0.02994453	0.00000000
C22	c	0.58195085	0.06386282	0.17503436	2.00000000	10.00000000	0.02013649	0.00000000
C23	c	0.67412606	0.03494085	0.13545047	2.00000000	10.00000000	0.01025028	0.00000000
C24	c	0.67349393	0.15307461	0.17062286	2.00000000	10.00000000	0.01498412	0.00000000
C25	c	0.87762543	0.96107706	0.22291020	2.00000000	10.00000000	0.02235605	0.00000000
C26	c	0.92012698	0.97485847	0.16429107	2.00000000	10.00000000	0.01984030	0.00000000
C27	c	0.84082280	0.91774826	0.08079443	2.00000000	10.00000000	0.02164775	0.00000000
C28	c	0.98639976	0.91358674	0.07560921	2.00000000	10.00000000	0.01176416	0.00000000
C29	c	0.81397313	1.00000000	0.20600380	2.00000000	10.00000000	0.01195659	0.00000000
C30	c	0.72764536	0.99965145	0.24077528	2.00000000	10.00000000	0.02806792	0.00000000

Q Vehicle fuel tank capacity /0.40000000/
C Vehicle load capacity /1.50000000/
r fuel consumption rate /0.25000000/
g inverse refueling rate /1.00000000/
v average Velocity /1.00000000/
