StringID	Type	x	y	demand	ReadyTime	DueDate	ServiceTime	altitude
D0	d	0.50000000	0.50000000	0.00000000	0.00000000	10.00000000	0.00000000	0.00000000
S0	f	0.81339589	0.77374739	0.00000000	0.00000000	10.00000000	0.00000000	0.00000000
S1	f	0.26462819	0.82981987	0.00000000	0.00000000	10.00000000	0.00000000	0.00000000
S2	f	0.47142252	0.89965843	0.00000000	0.00000000	10.00000000	0.00000000	0.00000000
S3	f	0.23891439	0.43968111	0.00000000	0.00000000	10.00000000	0.00000000	0.00000000
S4	f	0.88822654	0.62620307	0.00000000	0.00000000	10.00000000	0.00000000	0.00000000
S5	f	0.03139043	0.90528202	0.00000000	0.00000000	10.00000000	0.00000000	0.00000000
C1	c	0.29434295	0.72920444	0.09910924	0.00000000	8.00000000	0.02003255	0.00000000
C2	c	0.37556343	0.67931561	0.27358301	0.10000000	8.10000000	0.02043990	0.00000000
C3	c	0.28778066	0.74235816	0.26273839	0.20000000	8.20000000	0.02836550	0.00000000
C4	c	0.31283586	0.72646037	0.08642461	0.30000000	8.30000000	0.02298255	0.00000000
C5	c	0.32905525	0.76360234	0.19468456	0.40000000	8.40000000	0.01133763	0.00000000
C6	c	0.86408993	0.53264478	0.26500309	0.50000000	8.50000000	0.01462560	0.00000000
C7	c	0.85903002	0.42208075	0.22521195	0.60000000	8.60000000	0.01707168	0.00000000
C8	c	0.86110922	0.46377028	0.10445561	0.70000000	8.70000000	0.01270177	0.00000000
C9	c	0.82924956	0.46125807	0.02053988	0.80000000	8.80000000	0.02874995	0.00000000
C10	c	0.85904721	0.42108514	0.06970033	0.90000000	8.90000000	0.01797698	0.00000000
C11	c	0.85485916	0.54071457	0.03878173	1.00000000	9.00000000	0.01878692	0.00000000
C12	c	0.75374658	0.43312058	0.16815810	1.10000000	9.10000000	0.02981827	0.00000000
C13	c	0.90881046	0.44288294	0.05624502	1.20000000	9.20000000	0.02700658	0.00000000
C14	c	0.74384390	0.75509108	0.23107003	1.30000000	9.30000000	0.01932410	0.00000000
C15	c	0.82891905	0.85365399	0.05874630	1.40000000	9.40000000	0.01393881	0.00000000
C16	c	0.90621646	0.76431300	0.07804467	1.50000000	9.50000000	0.01035856	0.00000000
C17	c	0.82048366	0.71357258	0.25464568	1.60000000	9.60000000	0.02319382	0.00000000
C18	c	0.80013124	0.64400184	0.22898822	1.70000000	9.70000000	0.01463895	0.00000000
C19	c	0.93732930	0.18248955	0.07140745	1.80000000	9.80000000	0.01166664	0.00000000
C20	c	0.88921604	0.18398248	0.26746138	1.90000000	9.90000000	0.02216502	0.00000000
C21	c	0.92099416	0.16907874	0.04299195	2.00000000	10.00000000	0.02827746	0.00000000
C22	c	1.00000000	0.20169894	0.09586066	2.00000000	10.00000000	0.02145736	0.00000000
C23	c	0.97928678	0.19516538	0.09980634	2.00000000	10.00000000	0.01554187	0.00000000
C24	c	0.97318337	0.09050386	0.13927556	2.00000000	10.00000000	0.02321628	0.00000000
C25	c	0.90215359	0.26366257	0.29488810	2.00000000	10.00000000	0.02055376	0.00000000
C26	c	0.85836093	0.20284106	0.12687129	2.00000000	10.00000000	0.01893847	0.00000000
C27	c	0.13285557	0.17201725	0.16536763	2.00000000	10.00000000	0.01246650	0.00000000
C28	c	0.06943802	0.20322274	0.14737279	2.00000000	10.00000000	0.02754103	0.00000000
C29	c	0.16966178	0.21161941	0.10851499	2.00000000	10.00000000	0.02349835	0.00000000
C30	c	0.14384488	0.26812415	0.22405143	2.00000000	10.00000000	0.01434240	0.00000000

Q Vehicle fuel tank capacity /0.40000000/
C Vehicle load capacity /1.50000000/
r fuel consumption rate /0.25000000/
g inverse refueling rate /1.00000000/
v average Velocity /1.00000000/
