StringID	Type	x	y	demand	ReadyTime	DueDate	ServiceTime	altitude
D0	d	0.50000000	0.50000000	0.00000000	0.00000000	10.00000000	0.00000000	0.00000000
S0	f	0.03114129	0.19241611	0.00000000	0.00000000	10.00000000	0.00000000	0.00000000
S1	f	0.44797080	0.88531831	0.00000000	0.00000000	10.00000000	0.00000000	0.00000000
S2	f	0.28608607	0.31633838	0.00000000	0.00000000	10.00000000	0.00000000	0.00000000
S3	f	0.62417122	0.10267166	0.00000000	0.00000000	10.00000000	0.00000000	0.00000000
S4	f	0.80473591	0.35231943	0.00000000	0.00000000	10.00000000	0.00000000	0.00000000
S5	f	0.20070694	0.73279491	0.00000000	0.00000000	10.00000000	0.00000000	0.00000000
S6	f	0.75754868	0.75629977	0.00000000	0.00000000	10.00000000	0.00000000	0.00000000
S7	f	0.29051272	0.88063876	0.00000000	0.00000000	10.00000000	0.00000000	0.00000000
S8	f	0.19936858	0.51612893	0.00000000	0.00000000	10.00000000	0.00000000	0.00000000
S9	f	0.46690012	0.39484343	0.00000000	0.00000000	10.00000000	0.00000000	0.00000000
C1	c	0.39404261	0.43379061	0.08306907	0.00000000	8.00000000	0.01003585	0.00000000
C2	c	0.44622730	0.32816039	0.06232834	0.06000000	8.06000000	0.02028758	0.00000000
C3	c	0.40876907	0.32967838	0.01619897	0.12000000	8.12000000	0.01363743	0.00000000
C4	c	0.51596105	0.32964526	0.13697569	0.18000000	8.18000000	0.01207189	0.00000000
C5	c	0.45921914	0.33670039	0.12627329	0.24000000	8.24000000	0.02444625	0.00000000
C6	c	0.42683650	0.29032026	0.05290424	0.30000000	8.30000000	0.02601541	0.00000000
C7	c	0.62268449	0.30968928	0.14638078	0.36000000	8.36000000	0.02387049	0.00000000
C8	c	0.56701325	0.34074043	0.12994265	0.42000000	8.42000000	0.02827052	0.00000000
C9	c	0.49838990	0.33948126	0.15304629	0.48000000	8.48000000	0.01451307	0.00000000
C10	c	0.64452178	0.42835395	0.03312307	0.54000000	8.54000000	0.02716698	0.00000000
C11	c	0.62745504	0.37639682	0.03100499	0.60000000	8.60000000	0.01211247	0.00000000
C12	c	0.51486790	0.35488381	0.10494242	0.66000000	8.66000000	0.01066068	0.00000000
C13	c	0.64780870	0.69731082	0.16179796	0.72000000	8.72000000	0.01612388	0.00000000
C14	c	0.69680850	0.69602003	0.01380218	0.78000000	8.78000000	0.02562252	0.00000000
C15	c	0.67516460	0.66864569	0.06373885	0.84000000	8.84000000	0.01178870	0.00000000
C16	c	0.73289520	0.70480001	0.11050866	0.90000000	8.90000000	0.01200998	0.00000000
C17	c	0.59238607	0.70398681	0.08134473	0.96000000	8.96000000	0.02840225	0.00000000
C18	c	0.72796465	0.88066702	0.14696974	1.02000000	9.02000000	0.01736667	0.00000000
C19	c	0.64688794	0.77978295	0.02641372	1.08000000	9.08000000	0.02709494	0.00000000
C20	c	0.65930034	0.63688047	0.08397470	1.14000000	9.14000000	0.01066989	0.00000000
C21	c	0.06263821	0.27647232	0.01510132	1.20000000	9.20000000	0.01424928	0.00000000
C22	c	0.03576734	0.23652813	0.12071076	1.26000000	9.26000000	0.02852848	0.00000000
C23	c	0.08016903	0.17327744	0.02923089	1.32000000	9.32000000	0.01266857	0.00000000
C24	c	0.09410332	0.25388902	0.07570135	1.38000000	9.38000000	0.01073915	0.00000000
C25	c	0.00000000	0.15468352	0.09823856	1.44000000	9.44000000	0.01720864	0.00000000
C26	c	0.45023524	0.29413540	0.16545199	1.50000000	9.50000000	0.02284383	0.00000000
C27	c	0.38559527	0.21963277	0.05095389	1.56000000	9.56000000	0.01301747	0.00000000
C28	c	0.41887314	0.36104408	0.15655786	1.62000000	9.62000000	0.02963474	0.00000000
C29	c	0.53895734	0.26882976	0.03930306	1.68000000	9.68000000	0.02333610	0.00000000
C30	c	0.42760417	0.07532333	0.05905790	1.74000000	9.74000000	0.01659190	0.00000000
C31	c	0.49480815	0.31370217	0.04983654	1.80000000	9.80000000	0.02639584	0.00000000
C32	c	0.46198699	0.26647266	0.15947551	1.86000000	9.86000000	0.01219132	0.00000000
C33	c	0.45137053	0.28872711	0.08043106	1.92000000	9.92000000	0.02100754	0.00000000
C34	c	0.42560167	0.33295039	0.02874837	1.98000000	9.98000000	0.02469558	0.00000000
C35	c	0.40587963	0.21807233	0.05632243	2.00000000	10.00000000	0.02280512	0.00000000
C36	c	0.47300678	0.80970021	0.16090005	2.00000000	10.00000000	0.01282302	0.00000000
C37	c	0.50432799	0.84192050	0.12231833	2.00000000	10.00000000	0.02876720	0.00000000
C38	c	0.43348724	0.93951231	0.14516289	2.00000000	10.00000000	0.02384007	0.00000000
C39	c	0.45798000	0.95107628	0.10707136	2.00000000	10.00000000	0.02610706	0.00000000
C40	c	0.46146735	0.81474867	0.12859236	2.00000000	10.00000000	0.02217154	0.00000000
C41	c	0.32636982	0.85947105	0.12343950	2.00000000	10.00000000	0.02462121	0.00000000
C42	c	0.42712731	0.97135540	0.07129033	2.00000000	10.00000000	0.01693771	0.00000000
C43	c	0.75975739	0.49723192	0.13833317	2.00000000	10.00000000	0.02421376	0.00000000
C44	c	0.71274226	0.47250497	0.05043249	2.00000000	10.00000000	0.01499777	0.00000000
C45	c	0.83174529	0.45783170	0.07751372	2.00000000	10.00000000	0.02101638	0.00000000
C46	c	0.80271975	0.45054929	0.08017456	2.00000000	10.00000000	0.02104663	0.00000000
C47	c	0.67422928	0.51406801	0.13484600	2.00000000	10.00000000	0.01481095	0.00000000
C48	c	0.62964964	0.49139241	0.06993349	2.00000000	10.00000000	0.01239813	0.00000000
C49	c	0.71507935	0.45444163	0.06997034	2.00000000	10.00000000	0.02413993	0.00000000
C50	c	0.74904582	0.45374665	0.07015958	2.00000000	10.00000000	0.01866984	0.00000000

Q Vehicle fuel tank capacity /0.40000000/
C Vehicle load capacity /1.50000000/
r fuel consumption rate /0.25000000/
g inverse refueling rate /1.00000000/
v average Velocity /1.00000000/
