StringID	Type	x	y	demand	ReadyTime	DueDate	ServiceTime	altitude
D0	d	0.50000000	0.50000000	0.00000000	0.00000000	10.00000000	0.00000000	0.00000000
S0	f	0.67867918	0.67074470	0.00000000	0.00000000	10.00000000	0.00000000	0.00000000
S1	f	0.76261147	0.90990978	0.00000000	0.00000000	10.00000000	0.00000000	0.00000000
S2	f	0.89352209	0.63268279	0.00000000	0.00000000	10.00000000	0.00000000	0.00000000
S3	f	0.32304965	0.65312549	0.00000000	0.00000000	10.00000000	0.00000000	0.00000000
S4	f	0.02150687	0.72891693	0.00000000	0.00000000	10.00000000	0.00000000	0.00000000
S5	f	0.62470708	0.86716136	0.00000000	0.00000000	10.00000000	0.00000000	0.00000000
C1	c	0.45443113	0.51638021	0.10859911	0.00000000	8.00000000	0.02009521	0.00000000
C2	c	0.55171564	0.45553922	0.07033372	0.10000000	8.10000000	0.01033749	0.00000000
C3	c	0.51463579	0.52835197	0.19158306	0.20000000	8.20000000	0.02911335	0.00000000
C4	c	0.46241611	0.48285624	0.15447308	0.30000000	8.30000000	0.02983369	0.00000000
C5	c	0.46647561	0.40925927	0.15815710	0.40000000	8.40000000	0.02968180	0.00000000
C6	c	0.52776647	0.54004638	0.17899495	0.50000000	8.50000000	0.02155169	0.00000000
C7	c	0.51970821	0.55057399	0.09297631	0.60000000	8.60000000	0.01192866	0.00000000
C8	c	0.49434102	0.48211343	0.14907855	0.70000000	8.70000000	0.01164727	0.00000000
C9	c	0.59030321	0.39041525	0.21919610	0.80000000	8.80000000	0.02863604	0.00000000
C10	c	0.48658966	0.31700426	0.22300522	0.90000000	8.90000000	0.02327779	0.00000000
C11	c	0.61875818	0.48780924	0.09787834	1.00000000	9.00000000	0.02120185	0.00000000
C12	c	0.56341556	0.40211136	0.18213244	1.10000000	9.10000000	0.01522095	0.00000000
C13	c	0.54657631	0.44984516	0.02402779	1.20000000	9.20000000	0.02764364	0.00000000
C14	c	0.53077992	0.42089264	0.11027110	1.30000000	9.30000000	0.01377556	0.00000000
C15	c	0.49438978	0.49457555	0.08776327	1.40000000	9.40000000	0.02761143	0.00000000
C16	c	0.58930128	0.48213675	0.22754894	1.50000000	9.50000000	0.02913633	0.00000000
C17	c	0.20810402	0.03381459	0.09643338	1.60000000	9.60000000	0.02875835	0.00000000
C18	c	0.22214089	0.08633687	0.17226784	1.70000000	9.70000000	0.01488645	0.00000000
C19	c	0.29259240	0.05998169	0.21344746	1.80000000	9.80000000	0.01753438	0.00000000
C20	c	0.31740342	0.16670351	0.15548924	1.90000000	9.90000000	0.02615214	0.00000000
C21	c	0.29908916	0.12109071	0.12655589	2.00000000	10.00000000	0.02028067	0.00000000
C22	c	0.15592479	0.07157894	0.14869300	2.00000000	10.00000000	0.02445561	0.00000000
C23	c	0.27528081	0.10160580	0.08074553	2.00000000	10.00000000	0.01489913	0.00000000
C24	c	0.41744452	0.86871870	0.18471258	2.00000000	10.00000000	0.02928934	0.00000000
C25	c	0.41248253	0.77207701	0.20665719	2.00000000	10.00000000	0.02436268	0.00000000
C26	c	0.47145627	0.84889108	0.23000723	2.00000000	10.00000000	0.02563948	0.00000000
C27	c	0.41541061	0.83364966	0.18872599	2.00000000	10.00000000	0.01598038	0.00000000
C28	c	0.69434591	0.77202848	0.08883995	2.00000000	10.00000000	0.01322996	0.00000000
C29	c	0.64165322	0.70997093	0.10322549	2.00000000	10.00000000	0.01049996	0.00000000
C30	c	0.72560082	0.64887586	0.22818015	2.00000000	10.00000000	0.02576325	0.00000000

Q Vehicle fuel tank capacity /0.40000000/
C Vehicle load capacity /1.50000000/
r fuel consumption rate /0.25000000/
g inverse refueling rate /1.00000000/
v average Velocity /1.00000000/
