StringID	Type	x	y	demand	ReadyTime	DueDate	ServiceTime	altitude
D0	d	0.50000000	0.50000000	0.00000000	0.00000000	10.00000000	0.00000000	0.00000000
S0	f	0.76804671	0.44042901	0.00000000	0.00000000	10.00000000	0.00000000	0.00000000
S1	f	0.91581905	0.99540477	0.00000000	0.00000000	10.00000000	0.00000000	0.00000000
S2	f	0.89146880	0.14270749	0.00000000	0.00000000	10.00000000	0.00000000	0.00000000
S3	f	0.35643498	0.58210469	0.00000000	0.00000000	10.00000000	0.00000000	0.00000000
S4	f	0.21465745	0.29117247	0.00000000	0.00000000	10.00000000	0.00000000	0.00000000
S5	f	0.10394795	0.53889401	0.00000000	0.00000000	10.00000000	0.00000000	0.00000000
S6	f	0.43805482	0.08042795	0.00000000	0.00000000	10.00000000	0.00000000	0.00000000
S7	f	0.35475274	0.36651149	0.00000000	0.00000000	10.00000000	0.00000000	0.00000000
S8	f	0.10311771	0.62564130	0.00000000	0.00000000	10.00000000	0.00000000	0.00000000
S9	f	0.89467347	0.76746575	0.00000000	0.00000000	10.00000000	0.00000000	0.00000000
C1	c	0.88014184	0.71597991	0.12545357	0.00000000	8.00000000	0.01528397	0.00000000
C2	c	1.00000000	0.69521365	0.14239176	0.06000000	8.06000000	0.02640481	0.00000000
C3	c	1.00000000	0.66269757	0.14779249	0.12000000	8.12000000	0.01575740	0.00000000
C4	c	1.00000000	0.65878267	0.07533664	0.18000000	8.18000000	0.01714748	0.00000000
C5	c	0.89297739	0.64407923	0.12014588	0.24000000	8.24000000	0.02935282	0.00000000
C6	c	0.88165911	0.68307264	0.10296314	0.30000000	8.30000000	0.01300344	0.00000000
C7	c	0.95538950	0.67177892	0.05070874	0.36000000	8.36000000	0.01936990	0.00000000
C8	c	1.00000000	0.78289214	0.02864714	0.42000000	8.42000000	0.02818482	0.00000000
C9	c	0.77686442	0.61524841	0.02427019	0.48000000	8.48000000	0.02979846	0.00000000
C10	c	0.93639314	0.40771549	0.12073684	0.54000000	8.54000000	0.02898386	0.00000000
C11	c	1.00000000	0.37892949	0.10367714	0.60000000	8.60000000	0.01042795	0.00000000
C12	c	1.00000000	0.40707637	0.16401795	0.66000000	8.66000000	0.01920321	0.00000000
C13	c	0.91602826	0.34974064	0.02389822	0.72000000	8.72000000	0.02930847	0.00000000
C14	c	0.97735489	0.26448125	0.01291433	0.78000000	8.78000000	0.01867840	0.00000000
C15	c	0.94911929	0.30890389	0.06577038	0.84000000	8.84000000	0.01305935	0.00000000
C16	c	0.01577232	0.71269521	0.06573567	0.90000000	8.90000000	0.01853561	0.00000000
C17	c	0.09120862	0.75878952	0.07222138	0.96000000	8.96000000	0.02816016	0.00000000
C18	c	0.01550361	0.76938706	0.12275884	1.02000000	9.02000000	0.01110066	0.00000000
C19	c	0.08949784	0.69678319	0.03719637	1.08000000	9.08000000	0.01049333	0.00000000
C20	c	0.05204048	0.74466522	0.12818174	1.14000000	9.14000000	0.02633489	0.00000000
C21	c	0.05144049	0.80992234	0.02562677	1.20000000	9.20000000	0.02033956	0.00000000
C22	c	0.00000000	0.70491788	0.07355513	1.26000000	9.26000000	0.02646386	0.00000000
C23	c	0.06891768	0.80329334	0.13290622	1.32000000	9.32000000	0.02704158	0.00000000
C24	c	0.08895830	0.77996295	0.14922093	1.38000000	9.38000000	0.01020232	0.00000000
C25	c	0.05789151	0.68996822	0.16048083	1.44000000	9.44000000	0.01866420	0.00000000
C26	c	0.22409724	0.90977312	0.10237435	1.50000000	9.50000000	0.01298012	0.00000000
C27	c	0.18014112	0.75209717	0.15123543	1.56000000	9.56000000	0.01129195	0.00000000
C28	c	0.20274277	0.83760630	0.13814690	1.62000000	9.62000000	0.01346768	0.00000000
C29	c	0.13134456	0.89559566	0.01480312	1.68000000	9.68000000	0.02720476	0.00000000
C30	c	0.07759315	0.84935364	0.16719649	1.74000000	9.74000000	0.01213100	0.00000000
C31	c	0.20542437	0.90493897	0.08095127	1.80000000	9.80000000	0.01165481	0.00000000
C32	c	0.20698474	0.89584080	0.10333025	1.86000000	9.86000000	0.02081994	0.00000000
C33	c	0.15530916	0.81229777	0.07579950	1.92000000	9.92000000	0.01522017	0.00000000
C34	c	0.11073010	0.82608010	0.10539199	1.98000000	9.98000000	0.01187442	0.00000000
C35	c	0.26231966	0.85660197	0.12065104	2.00000000	10.00000000	0.01700469	0.00000000
C36	c	0.12814025	0.88976064	0.03310409	2.00000000	10.00000000	0.01037964	0.00000000
C37	c	0.17074920	0.76410305	0.11339792	2.00000000	10.00000000	0.01601157	0.00000000
C38	c	0.79515847	0.93999571	0.04703131	2.00000000	10.00000000	0.02288164	0.00000000
C39	c	0.72971812	0.96186842	0.15810700	2.00000000	10.00000000	0.01567416	0.00000000
C40	c	0.72772244	1.00000000	0.10680296	2.00000000	10.00000000	0.01300492	0.00000000
C41	c	0.75372572	1.00000000	0.03230313	2.00000000	10.00000000	0.02708272	0.00000000
C42	c	0.72603672	1.00000000	0.02247988	2.00000000	10.00000000	0.01432574	0.00000000
C43	c	0.69680940	0.97594908	0.11319282	2.00000000	10.00000000	0.01021943	0.00000000
C44	c	0.36206613	0.45836221	0.14870842	2.00000000	10.00000000	0.01358003	0.00000000
C45	c	0.26943007	0.40147568	0.08353506	2.00000000	10.00000000	0.02410181	0.00000000
C46	c	0.16528313	0.08489469	0.08166616	2.00000000	10.00000000	0.01280665	0.00000000
C47	c	0.00000000	0.00000000	0.02955121	2.00000000	10.00000000	0.02937063	0.00000000
C48	c	0.02589529	0.00000000	0.07206696	2.00000000	10.00000000	0.02285433	0.00000000
C49	c	0.00000000	0.04589208	0.09954252	2.00000000	10.00000000	0.01686013	0.00000000
C50	c	0.00000000	0.04955054	0.02202194	2.00000000	10.00000000	0.02725089	0.00000000

Q Vehicle fuel tank capacity /0.40000000/
C Vehicle load capacity /1.50000000/
r fuel consumption rate /0.25000000/
g inverse refueling rate /1.00000000/
v average Velocity /1.00000000/
