StringID	Type	x	y	demand	ReadyTime	DueDate	ServiceTime	altitude
D0	d	0.50000000	0.50000000	0.00000000	0.00000000	10.00000000	0.00000000	0.00000000
S0	f	0.53135880	0.33599881	0.00000000	0.00000000	10.00000000	0.00000000	0.00000000
S1	f	0.17459877	0.53897926	0.00000000	0.00000000	10.00000000	0.00000000	0.00000000
S2	f	0.94578224	0.55388292	0.00000000	0.00000000	10.00000000	0.00000000	0.00000000
S3	f	0.77662039	0.37299543	0.00000000	0.00000000	10.00000000	0.00000000	0.00000000
S4	f	0.56103822	0.17126628	0.00000000	0.00000000	10.00000000	0.00000000	0.00000000
S5	f	0.77281987	0.98880989	0.00000000	0.00000000	10.00000000	0.00000000	0.00000000
C1	c	0.76418980	0.27839397	0.08931026	0.00000000	8.00000000	0.02927888	0.00000000
C2	c	0.76217850	0.30411684	0.05827416	0.10000000	8.10000000	0.01123084	0.00000000
C3	c	0.71746029	0.32501684	0.08895017	0.20000000	8.20000000	0.02905603	0.00000000
C4	c	0.75601038	0.29375498	0.18303426	0.30000000	8.30000000	0.02621752	0.00000000
C5	c	0.76428964	0.21715084	0.14511336	0.40000000	8.40000000	0.01934553	0.00000000
C6	c	0.72966542	0.33351216	0.26655074	0.50000000	8.50000000	0.02733257	0.00000000
C7	c	0.53433573	0.83044416	0.22525998	0.60000000	8.60000000	0.01617458	0.00000000
C8	c	0.52068654	0.86125579	0.24599248	0.70000000	8.70000000	0.02550848	0.00000000
C9	c	0.38975016	0.93807080	0.02882465	0.80000000	8.80000000	0.01626533	0.00000000
C10	c	0.50406583	0.95133333	0.06159952	0.90000000	8.90000000	0.02019902	0.00000000
C11	c	0.49246727	0.85789833	0.08326237	1.00000000	9.00000000	0.01232809	0.00000000
C12	c	0.54676397	0.81943444	0.05856771	1.10000000	9.10000000	0.01590892	0.00000000
C13	c	0.56070782	0.81533216	0.13113624	1.20000000	9.20000000	0.01317634	0.00000000
C14	c	0.46127376	0.83523562	0.09460379	1.30000000	9.30000000	0.01206807	0.00000000
C15	c	0.59305714	0.86493899	0.21184704	1.40000000	9.40000000	0.01222920	0.00000000
C16	c	0.45854811	1.00000000	0.20592548	1.50000000	9.50000000	0.01099821	0.00000000
C17	c	0.52102229	0.92180815	0.13242635	1.60000000	9.60000000	0.01366243	0.00000000
C18	c	0.48955868	0.94578109	0.10688073	1.70000000	9.70000000	0.02497985	0.00000000
C19	c	0.52382382	0.96022087	0.24964294	1.80000000	9.80000000	0.02233605	0.00000000
C20	c	0.56677059	0.75554432	0.10530970	1.90000000	9.90000000	0.01209517	0.00000000
C21	c	0.62995125	0.94286841	0.21305813	2.00000000	10.00000000	0.02413465	0.00000000
C22	c	0.52018891	0.82147673	0.18933000	2.00000000	10.00000000	0.01610460	0.00000000
C23	c	0.52006916	0.29472179	0.16167968	2.00000000	10.00000000	0.02485614	0.00000000
C24	c	0.46474862	0.39158546	0.17504647	2.00000000	10.00000000	0.02711843	0.00000000
C25	c	0.54212117	0.29610941	0.17560543	2.00000000	10.00000000	0.01970642	0.00000000
C26	c	0.35520979	0.86787424	0.24245830	2.00000000	10.00000000	0.02851451	0.00000000
C27	c	0.34906406	0.74298355	0.07979916	2.00000000	10.00000000	0.02932656	0.00000000
C28	c	0.30292805	0.85600184	0.06623375	2.00000000	10.00000000	0.01990387	0.00000000
C29	c	0.33418555	0.77306801	0.27702813	2.00000000	10.00000000	0.02553327	0.00000000
C30	c	0.26168794	0.62374159	0.14724901	2.00000000	10.00000000	0.01606045	0.00000000

Q Vehicle fuel tank capacity /0.40000000/
C Vehicle load capacity /1.50000000/
r fuel consumption rate /0.25000000/
g inverse refueling rate /1.00000000/
v average Velocity /1.00000000/
