StringID	Type	x	y	demand	ReadyTime	DueDate	ServiceTime	altitude
D0	d	0.50000000	0.50000000	0.00000000	0.00000000	10.00000000	0.00000000	0.00000000
S0	f	0.31452528	0.12902774	0.00000000	0.00000000	10.00000000	0.00000000	0.00000000
S1	f	0.23865734	0.42209953	0.00000000	0.00000000	10.00000000	0.00000000	0.00000000
S2	f	0.62561471	0.34843726	0.00000000	0.00000000	10.00000000	0.00000000	0.00000000
S3	f	0.84424303	0.77992020	0.00000000	0.00000000	10.00000000	0.00000000	0.00000000
S4	f	0.34536887	0.39231452	0.00000000	0.00000000	10.00000000	0.00000000	0.00000000
S5	f	0.29583247	0.06471860	0.00000000	0.00000000	10.00000000	0.00000000	0.00000000
C1	c	0.45812896	0.06710331	0.12184913	0.00000000	8.00000000	0.02842286	0.00000000
C2	c	0.44390172	0.12175848	0.13196842	0.10000000	8.10000000	0.02241210	0.00000000
C3	c	0.39970450	0.04378476	0.08864455	0.20000000	8.20000000	0.02431490	0.00000000
C4	c	0.44885395	0.07170560	0.09628683	0.30000000	8.30000000	0.02367635	0.00000000
C5	c	0.50843201	0.04839064	0.19680699	0.40000000	8.40000000	0.02760373	0.00000000
C6	c	0.65767575	0.13278856	0.08670844	0.50000000	8.50000000	0.02993419	0.00000000
C7	c	0.69763057	0.01244473	0.04676262	0.60000000	8.60000000	0.01737378	0.00000000
C8	c	0.64814805	0.09757899	0.11982259	0.70000000	8.70000000	0.01977640	0.00000000
C9	c	0.62569966	0.09118147	0.09041993	0.80000000	8.80000000	0.01255980	0.00000000
C10	c	0.55600536	0.62773565	0.16448133	0.90000000	8.90000000	0.02172185	0.00000000
C11	c	0.61139875	0.59957117	0.15332063	1.00000000	9.00000000	0.02818413	0.00000000
C12	c	0.63628164	0.66726360	0.18186486	1.10000000	9.10000000	0.01990211	0.00000000
C13	c	0.61619842	0.70269170	0.15022408	1.20000000	9.20000000	0.01747557	0.00000000
C14	c	0.66601054	0.70364537	0.22014129	1.30000000	9.30000000	0.02621363	0.00000000
C15	c	0.85001983	0.29619118	0.26677522	1.40000000	9.40000000	0.02950896	0.00000000
C16	c	0.76298964	0.40673417	0.20141032	1.50000000	9.50000000	0.02995025	0.00000000
C17	c	0.85057362	0.24592890	0.13830411	1.60000000	9.60000000	0.01952489	0.00000000
C18	c	0.85752482	0.23466135	0.24802408	1.70000000	9.70000000	0.02488175	0.00000000
C19	c	0.74556972	0.26089295	0.25106634	1.80000000	9.80000000	0.02180662	0.00000000
C20	c	0.78036079	0.27230957	0.14209006	1.90000000	9.90000000	0.01230167	0.00000000
C21	c	0.81477415	0.35185034	0.09866355	2.00000000	10.00000000	0.01500135	0.00000000
C22	c	0.81543148	0.22915492	0.04391193	2.00000000	10.00000000	0.01235266	0.00000000
C23	c	0.00000000	0.09369887	0.23105497	2.00000000	10.00000000	0.02599229	0.00000000
C24	c	0.02010666	0.01721802	0.14231536	2.00000000	10.00000000	0.02392708	0.00000000
C25	c	0.00000000	0.18755689	0.26861177	2.00000000	10.00000000	0.02150460	0.00000000
C26	c	0.01834590	0.06134560	0.22377112	2.00000000	10.00000000	0.01138017	0.00000000
C27	c	0.01222867	0.21596822	0.18227639	2.00000000	10.00000000	0.02626471	0.00000000
C28	c	0.00000000	0.09873185	0.05577402	2.00000000	10.00000000	0.02868871	0.00000000
C29	c	0.04929543	0.05717607	0.12170881	2.00000000	10.00000000	0.02123339	0.00000000
C30	c	0.00000000	0.18282754	0.03494028	2.00000000	10.00000000	0.02734717	0.00000000

Q Vehicle fuel tank capacity /0.40000000/
C Vehicle load capacity /1.50000000/
r fuel consumption rate /0.25000000/
g inverse refueling rate /1.00000000/
v average Velocity /1.00000000/
