StringID	Type	x	y	demand	ReadyTime	DueDate	ServiceTime	altitude
D0	d	0.50000000	0.50000000	0.00000000	0.00000000	10.00000000	0.00000000	0.00000000
S0	f	0.30373237	0.87139375	0.00000000	0.00000000	10.00000000	0.00000000	0.00000000
S1	f	0.77549018	0.42645605	0.00000000	0.00000000	10.00000000	0.00000000	0.00000000
S2	f	0.38686394	0.32365748	0.00000000	0.00000000	10.00000000	0.00000000	0.00000000
S3	f	0.26649214	0.54486055	0.00000000	0.00000000	10.00000000	0.00000000	0.00000000
S4	f	0.27346847	0.60988842	0.00000000	0.00000000	10.00000000	0.00000000	0.00000000
S5	f	0.96526817	0.72585504	0.00000000	0.00000000	10.00000000	0.00000000	0.00000000
C1	c	0.02053176	0.83027911	0.23817163	0.00000000	8.00000000	0.01401451	0.00000000
C2	c	0.08215649	0.74368109	0.03292653	0.10000000	8.10000000	0.01422707	0.00000000
C3	c	0.10582665	0.62621215	0.02053875	0.20000000	8.20000000	0.01875173	0.00000000
C4	c	0.16915637	0.78727220	0.23077439	0.30000000	8.30000000	0.02379918	0.00000000
C5	c	0.04256884	0.66260542	0.13872610	0.40000000	8.40000000	0.01489871	0.00000000
C6	c	0.09052362	0.75791904	0.09618919	0.50000000	8.50000000	0.01977785	0.00000000
C7	c	0.05410734	0.70900282	0.21719589	0.60000000	8.60000000	0.01371084	0.00000000
C8	c	0.09429972	0.77474430	0.08090558	0.70000000	8.70000000	0.01687785	0.00000000
C9	c	0.70421700	0.31462870	0.05217129	0.80000000	8.80000000	0.02750537	0.00000000
C10	c	0.75308605	0.29302585	0.26080869	0.90000000	8.90000000	0.01405136	0.00000000
C11	c	0.63446128	0.24264292	0.26216620	1.00000000	9.00000000	0.02900199	0.00000000
C12	c	0.66754883	0.29005547	0.22971459	1.10000000	9.10000000	0.01394431	0.00000000
C13	c	0.75587045	0.31343990	0.16960863	1.20000000	9.20000000	0.01487141	0.00000000
C14	c	0.24933341	0.86621744	0.08443265	1.30000000	9.30000000	0.01836821	0.00000000
C15	c	0.35975331	0.83651357	0.06792957	1.40000000	9.40000000	0.01894484	0.00000000
C16	c	0.35467317	0.83617961	0.12330670	1.50000000	9.50000000	0.02266920	0.00000000
C17	c	0.27624041	0.92088863	0.23770566	1.60000000	9.60000000	0.02971099	0.00000000
C18	c	0.42111063	0.93708839	0.12576535	1.70000000	9.70000000	0.02271595	0.00000000
C19	c	0.34065773	0.81367588	0.20365825	1.80000000	9.80000000	0.01603674	0.00000000
C20	c	0.40508416	0.86685207	0.12567579	1.90000000	9.90000000	0.02355914	0.00000000
C21	c	0.28891168	0.80015986	0.06875417	2.00000000	10.00000000	0.01261671	0.00000000
C22	c	0.21507309	0.73190203	0.16416350	2.00000000	10.00000000	0.02873146	0.00000000
C23	c	0.31322605	0.80130956	0.21587633	2.00000000	10.00000000	0.02492903	0.00000000
C24	c	0.73647045	0.09594110	0.21172298	2.00000000	10.00000000	0.01898911	0.00000000
C25	c	0.66712752	0.07716787	0.02898690	2.00000000	10.00000000	0.02650502	0.00000000
C26	c	0.82881433	0.10825111	0.28218176	2.00000000	10.00000000	0.02248765	0.00000000
C27	c	0.78150095	0.11951833	0.08440298	2.00000000	10.00000000	0.02678813	0.00000000
C28	c	0.67537764	0.13124949	0.24724381	2.00000000	10.00000000	0.02394503	0.00000000
C29	c	0.69335878	0.10932698	0.09176846	2.00000000	10.00000000	0.02363252	0.00000000
C30	c	0.74145411	0.04447689	0.10652768	2.00000000	10.00000000	0.01789096	0.00000000

Q Vehicle fuel tank capacity /0.40000000/
C Vehicle load capacity /1.50000000/
r fuel consumption rate /0.25000000/
g inverse refueling rate /1.00000000/
v average Velocity /1.00000000/
