StringID	Type	x	y	demand	ReadyTime	DueDate	ServiceTime	altitude
D0	d	0.50000000	0.50000000	0.00000000	0.00000000	10.00000000	0.00000000	0.00000000
S0	f	0.61304422	0.41580387	0.00000000	0.00000000	10.00000000	0.00000000	0.00000000
S1	f	0.42587006	0.90582267	0.00000000	0.00000000	10.00000000	0.00000000	0.00000000
S2	f	0.34876899	0.44062066	0.00000000	0.00000000	10.00000000	0.00000000	0.00000000
S3	f	0.48727291	0.09265865	0.00000000	0.00000000	10.00000000	0.00000000	0.00000000
S4	f	0.77451053	0.30821387	0.00000000	0.00000000	10.00000000	0.00000000	0.00000000
S5	f	0.33350956	0.88503230	0.00000000	0.00000000	10.00000000	0.00000000	0.00000000
S6	f	0.94460927	0.99463191	0.00000000	0.00000000	10.00000000	0.00000000	0.00000000
S7	f	0.05049593	0.47960501	0.00000000	0.00000000	10.00000000	0.00000000	0.00000000
S8	f	0.79989787	0.44340593	0.00000000	0.00000000	10.00000000	0.00000000	0.00000000
S9	f	0.72800002	0.74173356	0.00000000	0.00000000	10.00000000	0.00000000	0.00000000
C1	c	0.33362914	0.18244265	0.11653323	0.00000000	8.00000000	0.01159748	0.00000000
C2	c	0.46227805	0.26163937	0.10950264	0.06000000	8.06000000	0.02862233	0.00000000
C3	c	0.43169069	0.18035116	0.08020410	0.12000000	8.12000000	0.02504391	0.00000000
C4	c	0.44941335	0.27456007	0.08301791	0.18000000	8.18000000	0.02043863	0.00000000
C5	c	0.45175877	0.20793074	0.13395388	0.24000000	8.24000000	0.01972739	0.00000000
C6	c	0.45223019	0.17604914	0.05932569	0.30000000	8.30000000	0.01739745	0.00000000
C7	c	0.00000000	1.00000000	0.10080068	0.36000000	8.36000000	0.02495998	0.00000000
C8	c	0.09220022	0.97231261	0.14076721	0.42000000	8.42000000	0.02326402	0.00000000
C9	c	0.08242521	1.00000000	0.11777834	0.48000000	8.48000000	0.01597293	0.00000000
C10	c	0.11384798	1.00000000	0.11376192	0.54000000	8.54000000	0.01903470	0.00000000
C11	c	0.06664323	1.00000000	0.11059682	0.60000000	8.60000000	0.01204369	0.00000000
C12	c	0.12968176	1.00000000	0.07247399	0.66000000	8.66000000	0.01599134	0.00000000
C13	c	0.15042583	1.00000000	0.13843067	0.72000000	8.72000000	0.01773698	0.00000000
C14	c	0.49163791	0.42758653	0.01447216	0.78000000	8.78000000	0.01411838	0.00000000
C15	c	0.54029937	0.34662014	0.02901024	0.84000000	8.84000000	0.02723091	0.00000000
C16	c	0.43107423	0.48183687	0.11077578	0.90000000	8.90000000	0.02281898	0.00000000
C17	c	0.48065253	0.42643332	0.04121035	0.96000000	8.96000000	0.01396343	0.00000000
C18	c	0.52928775	0.44354232	0.02286624	1.02000000	9.02000000	0.01741097	0.00000000
C19	c	0.56980887	0.42865107	0.13583911	1.08000000	9.08000000	0.02848571	0.00000000
C20	c	0.49554797	0.47686660	0.04758333	1.14000000	9.14000000	0.02710074	0.00000000
C21	c	0.59921364	0.46624284	0.08505845	1.20000000	9.20000000	0.02582865	0.00000000
C22	c	0.54280016	0.38473636	0.11347268	1.26000000	9.26000000	0.01397414	0.00000000
C23	c	0.70821869	0.50806668	0.13195387	1.32000000	9.32000000	0.01550573	0.00000000
C24	c	0.55247182	0.46403620	0.01281342	1.38000000	9.38000000	0.02898163	0.00000000
C25	c	0.94095007	0.83061129	0.05748523	1.44000000	9.44000000	0.01132007	0.00000000
C26	c	0.93001250	0.85632089	0.14501673	1.50000000	9.50000000	0.02425228	0.00000000
C27	c	0.90378729	0.80950903	0.01587014	1.56000000	9.56000000	0.02762322	0.00000000
C28	c	0.97423640	0.83770868	0.09026915	1.62000000	9.62000000	0.01835389	0.00000000
C29	c	0.83997224	0.86559896	0.12401625	1.68000000	9.68000000	0.01896425	0.00000000
C30	c	0.93940007	0.78597130	0.06203968	1.74000000	9.74000000	0.01201899	0.00000000
C31	c	0.90963350	0.81675217	0.12979812	1.80000000	9.80000000	0.01635724	0.00000000
C32	c	0.84358870	0.81523579	0.11183507	1.86000000	9.86000000	0.01220273	0.00000000
C33	c	0.91871560	0.81410316	0.08116109	1.92000000	9.92000000	0.01433319	0.00000000
C34	c	0.94230072	0.83528946	0.04228791	1.98000000	9.98000000	0.01612458	0.00000000
C35	c	0.45708296	0.95545188	0.09267756	2.00000000	10.00000000	0.02272233	0.00000000
C36	c	0.56643987	0.88564298	0.09585516	2.00000000	10.00000000	0.02006524	0.00000000
C37	c	0.35875221	0.83228757	0.11530223	2.00000000	10.00000000	0.01030100	0.00000000
C38	c	0.46687703	0.83337281	0.05754014	2.00000000	10.00000000	0.01828015	0.00000000
C39	c	0.41878524	0.82393024	0.13758242	2.00000000	10.00000000	0.02976722	0.00000000
C40	c	0.55876992	0.91441939	0.16110780	2.00000000	10.00000000	0.01141155	0.00000000
C41	c	0.37017690	1.00000000	0.02827841	2.00000000	10.00000000	0.01205647	0.00000000
C42	c	0.90375118	0.50404746	0.15533559	2.00000000	10.00000000	0.01681966	0.00000000
C43	c	0.94817790	0.49372843	0.06840024	2.00000000	10.00000000	0.01407819	0.00000000
C44	c	0.92925605	0.51677662	0.03492496	2.00000000	10.00000000	0.01541511	0.00000000
C45	c	0.97942800	0.38550333	0.09401090	2.00000000	10.00000000	0.02031129	0.00000000
C46	c	0.94478887	0.44130727	0.12806293	2.00000000	10.00000000	0.02786084	0.00000000
C47	c	0.89524057	0.45686423	0.16313888	2.00000000	10.00000000	0.02853936	0.00000000
C48	c	0.87539915	0.46750769	0.03519950	2.00000000	10.00000000	0.02762970	0.00000000
C49	c	1.00000000	0.45016632	0.04846276	2.00000000	10.00000000	0.02667549	0.00000000
C50	c	0.93058174	0.42000217	0.10213844	2.00000000	10.00000000	0.01680685	0.00000000

Q Vehicle fuel tank capacity /0.40000000/
C Vehicle load capacity /1.50000000/
r fuel consumption rate /0.25000000/
g inverse refueling rate /1.00000000/
v average Velocity /1.00000000/
