StringID	Type	x	y	demand	ReadyTime	DueDate	ServiceTime	altitude
D0	d	0.50000000	0.50000000	0.00000000	0.00000000	10.00000000	0.00000000	0.00000000
S0	f	0.87311837	0.34516405	0.00000000	0.00000000	10.00000000	0.00000000	0.00000000
S1	f	0.24349621	0.41786962	0.00000000	0.00000000	10.00000000	0.00000000	0.00000000
S2	f	0.46498035	0.92289883	0.00000000	0.00000000	10.00000000	0.00000000	0.00000000
S3	f	0.87255119	0.25407403	0.00000000	0.00000000	10.00000000	0.00000000	0.00000000
S4	f	0.22080523	0.16143305	0.00000000	0.00000000	10.00000000	0.00000000	0.00000000
S5	f	0.81497645	0.17574132	0.00000000	0.00000000	10.00000000	0.00000000	0.00000000
S6	f	0.35044325	0.46603491	0.00000000	0.00000000	10.00000000	0.00000000	0.00000000
S7	f	0.81791521	0.95189095	0.00000000	0.00000000	10.00000000	0.00000000	0.00000000
S8	f	0.15802867	0.56092633	0.00000000	0.00000000	10.00000000	0.00000000	0.00000000
S9	f	0.25703838	0.59917301	0.00000000	0.00000000	10.00000000	0.00000000	0.00000000
C1	c	0.56293887	0.88426335	0.12100573	0.00000000	8.00000000	0.02379555	0.00000000
C2	c	0.60160423	0.86843859	0.05068117	0.06000000	8.06000000	0.01274842	0.00000000
C3	c	0.67641625	0.84140317	0.13888605	0.12000000	8.12000000	0.01874210	0.00000000
C4	c	0.57176289	0.94188222	0.10877770	0.18000000	8.18000000	0.02811686	0.00000000
C5	c	0.66443410	0.91427084	0.06461557	0.24000000	8.24000000	0.02134595	0.00000000
C6	c	0.64777920	0.84270442	0.10921398	0.30000000	8.30000000	0.02476439	0.00000000
C7	c	0.61835688	0.91660029	0.02132965	0.36000000	8.36000000	0.02847165	0.00000000
C8	c	0.65652245	0.88286814	0.08561708	0.42000000	8.42000000	0.01806929	0.00000000
C9	c	0.63974066	0.83057751	0.14131949	0.48000000	8.48000000	0.02844868	0.00000000
C10	c	0.56321797	0.88237946	0.11899249	0.54000000	8.54000000	0.01146587	0.00000000
C11	c	0.85946550	0.00000000	0.04966493	0.60000000	8.60000000	0.01565059	0.00000000
C12	c	0.88163157	0.08469773	0.10940842	0.66000000	8.66000000	0.01974297	0.00000000
C13	c	0.99331103	0.03806954	0.15628064	0.72000000	8.72000000	0.01375082	0.00000000
C14	c	0.92367580	0.00050162	0.05710405	0.78000000	8.78000000	0.02527762	0.00000000
C15	c	0.95858146	0.09784009	0.11731993	0.84000000	8.84000000	0.02210920	0.00000000
C16	c	0.89056964	0.05398434	0.13897047	0.90000000	8.90000000	0.01357845	0.00000000
C17	c	0.60324171	0.31318194	0.04216619	0.96000000	8.96000000	0.02815840	0.00000000
C18	c	0.60220908	0.34162684	0.15061692	1.02000000	9.02000000	0.01587663	0.00000000
C19	c	0.55194714	0.32169789	0.01793540	1.08000000	9.08000000	0.01455882	0.00000000
C20	c	0.61614179	0.37670603	0.14225871	1.14000000	9.14000000	0.01748740	0.00000000
C21	c	0.55865582	0.40344282	0.11764776	1.20000000	9.20000000	0.01127181	0.00000000
C22	c	0.41395478	0.07722992	0.01143036	1.26000000	9.26000000	0.01920414	0.00000000
C23	c	0.49797263	0.05795688	0.14820594	1.32000000	9.32000000	0.02862572	0.00000000
C24	c	0.47635316	0.09025028	0.03724095	1.38000000	9.38000000	0.02622131	0.00000000
C25	c	0.37121072	0.15015410	0.09208450	1.44000000	9.44000000	0.01013309	0.00000000
C26	c	0.41753452	0.18156067	0.13835550	1.50000000	9.50000000	0.01830808	0.00000000
C27	c	0.40347467	0.12515783	0.10665814	1.56000000	9.56000000	0.02976844	0.00000000
C28	c	0.40754570	0.10622883	0.09581111	1.62000000	9.62000000	0.01739838	0.00000000
C29	c	0.67105961	0.87913126	0.01697088	1.68000000	9.68000000	0.01640627	0.00000000
C30	c	0.53098131	0.91183204	0.08883570	1.74000000	9.74000000	0.02739749	0.00000000
C31	c	0.50909420	0.88049321	0.11001116	1.80000000	9.80000000	0.02355988	0.00000000
C32	c	0.56261211	0.89188147	0.06146722	1.86000000	9.86000000	0.02148539	0.00000000
C33	c	0.54993835	0.74737676	0.12607576	1.92000000	9.92000000	0.01159304	0.00000000
C34	c	0.58376012	0.82124806	0.14027646	1.98000000	9.98000000	0.01008711	0.00000000
C35	c	0.50458942	0.89589078	0.04820437	2.00000000	10.00000000	0.02794406	0.00000000
C36	c	0.67079968	0.69756385	0.12593453	2.00000000	10.00000000	0.02363195	0.00000000
C37	c	0.61917152	0.76336710	0.05758720	2.00000000	10.00000000	0.01146332	0.00000000
C38	c	0.60243150	0.72190053	0.08041694	2.00000000	10.00000000	0.01554807	0.00000000
C39	c	0.66468716	0.79793151	0.03394707	2.00000000	10.00000000	0.02657835	0.00000000
C40	c	0.72466019	0.84373955	0.10569140	2.00000000	10.00000000	0.02281772	0.00000000
C41	c	0.56727419	0.70459163	0.07335347	2.00000000	10.00000000	0.02887910	0.00000000
C42	c	0.61971410	0.78301645	0.01507341	2.00000000	10.00000000	0.01928719	0.00000000
C43	c	0.64565494	0.78642195	0.13157973	2.00000000	10.00000000	0.01609041	0.00000000
C44	c	0.56938100	0.71019061	0.05101938	2.00000000	10.00000000	0.02958700	0.00000000
C45	c	0.67884372	0.89531342	0.03649119	2.00000000	10.00000000	0.01626768	0.00000000
C46	c	0.80298171	0.81358278	0.10387151	2.00000000	10.00000000	0.02504923	0.00000000
C47	c	0.82604621	0.82244963	0.10077711	2.00000000	10.00000000	0.02560157	0.00000000
C48	c	0.77836857	0.78381869	0.11480141	2.00000000	10.00000000	0.02281655	0.00000000
C49	c	0.79628924	0.85132646	0.16558836	2.00000000	10.00000000	0.02377150	0.00000000
C50	c	0.82356782	0.80840203	0.02242694	2.00000000	10.00000000	0.01166698	0.00000000

Q Vehicle fuel tank capacity /0.40000000/
C Vehicle load capacity /1.50000000/
r fuel consumption rate /0.25000000/
g inverse refueling rate /1.00000000/
v average Velocity /1.00000000/
