StringID	Type	x	y	demand	ReadyTime	DueDate	ServiceTime	altitude
D0	d	0.50000000	0.50000000	0.00000000	0.00000000	10.00000000	0.00000000	0.00000000
S0	f	0.64404617	0.77770451	0.00000000	0.00000000	10.00000000	0.00000000	0.00000000
S1	f	0.39891615	0.45363226	0.00000000	0.00000000	10.00000000	0.00000000	0.00000000
S2	f	0.19653713	0.63040006	0.00000000	0.00000000	10.00000000	0.00000000	0.00000000
S3	f	0.25402157	0.77897236	0.00000000	0.00000000	10.00000000	0.00000000	0.00000000
S4	f	0.51139547	0.66413287	0.00000000	0.00000000	10.00000000	0.00000000	0.00000000
S5	f	0.37800803	0.86632082	0.00000000	0.00000000	10.00000000	0.00000000	0.00000000
S6	f	0.78807348	0.27645469	0.00000000	0.00000000	10.00000000	0.00000000	0.00000000
S7	f	0.52816252	0.07881359	0.00000000	0.00000000	10.00000000	0.00000000	0.00000000
S8	f	0.02950978	0.34637574	0.00000000	0.00000000	10.00000000	0.00000000	0.00000000
S9	f	0.97209915	0.96274652	0.00000000	0.00000000	10.00000000	0.00000000	0.00000000
C1	c	0.96870134	0.35786084	0.08376278	0.00000000	8.00000000	0.02680378	0.00000000
C2	c	0.96703572	0.39345486	0.16522709	0.06000000	8.06000000	0.02249794	0.00000000
C3	c	0.96820531	0.29087542	0.04892973	0.12000000	8.12000000	0.02164604	0.00000000
C4	c	0.93659578	0.36815251	0.03763871	0.18000000	8.18000000	0.01639141	0.00000000
C5	c	0.99482105	0.33577489	0.04607203	0.24000000	8.24000000	0.02569638	0.00000000
C6	c	0.99495430	0.26662586	0.12895764	0.30000000	8.30000000	0.01556094	0.00000000
C7	c	0.90732543	0.41602008	0.03267053	0.36000000	8.36000000	0.01706507	0.00000000
C8	c	0.92628149	0.33417804	0.13288817	0.42000000	8.42000000	0.02423419	0.00000000
C9	c	0.89770167	0.52059104	0.08863292	0.48000000	8.48000000	0.01794027	0.00000000
C10	c	0.77194299	0.48529414	0.04744950	0.54000000	8.54000000	0.01701018	0.00000000
C11	c	0.81063641	0.44886256	0.10734252	0.60000000	8.60000000	0.02916949	0.00000000
C12	c	0.84630296	0.46604677	0.13365640	0.66000000	8.66000000	0.01202710	0.00000000
C13	c	0.75971588	0.54809758	0.05191064	0.72000000	8.72000000	0.02764007	0.00000000
C14	c	0.86281327	0.44945261	0.09072693	0.78000000	8.78000000	0.01288605	0.00000000
C15	c	0.83542095	0.47590260	0.14174036	0.84000000	8.84000000	0.01192195	0.00000000
C16	c	0.93452562	0.54996172	0.14992298	0.90000000	8.90000000	0.02186567	0.00000000
C17	c	0.79464967	0.58109211	0.11205211	0.96000000	8.96000000	0.01065117	0.00000000
C18	c	0.56609180	0.86408992	0.03241126	1.02000000	9.02000000	0.02457229	0.00000000
C19	c	0.66114240	0.96267669	0.11698877	1.08000000	9.08000000	0.02194545	0.00000000
C20	c	0.58707649	0.86806123	0.13162581	1.14000000	9.14000000	0.01834171	0.00000000
C21	c	0.61075580	0.94499408	0.11961219	1.20000000	9.20000000	0.01905965	0.00000000
C22	c	0.54522342	0.86301992	0.09225363	1.26000000	9.26000000	0.01724876	0.00000000
C23	c	0.70043003	0.90930302	0.04930056	1.32000000	9.32000000	0.02444342	0.00000000
C24	c	0.42122567	0.25602640	0.10297287	1.38000000	9.38000000	0.02035158	0.00000000
C25	c	0.48095672	0.16071340	0.07361964	1.44000000	9.44000000	0.02582629	0.00000000
C26	c	0.48917586	0.33719276	0.02163281	1.50000000	9.50000000	0.02229109	0.00000000
C27	c	0.63624156	0.19050800	0.12113124	1.56000000	9.56000000	0.01408273	0.00000000
C28	c	0.49994215	0.22785006	0.07771311	1.62000000	9.62000000	0.01720232	0.00000000
C29	c	0.45994101	0.28837979	0.12073140	1.68000000	9.68000000	0.01376604	0.00000000
C30	c	0.74052275	0.60446022	0.06610416	1.74000000	9.74000000	0.01117978	0.00000000
C31	c	0.62993348	0.53935085	0.03155671	1.80000000	9.80000000	0.01192299	0.00000000
C32	c	0.73874014	0.58591923	0.05462680	1.86000000	9.86000000	0.02688717	0.00000000
C33	c	0.60925089	0.59399427	0.03125303	1.92000000	9.92000000	0.01916188	0.00000000
C34	c	0.67145192	0.59068862	0.03530490	1.98000000	9.98000000	0.02344843	0.00000000
C35	c	0.10743305	0.92169216	0.13428408	2.00000000	10.00000000	0.02333850	0.00000000
C36	c	0.15768346	0.95644754	0.11237868	2.00000000	10.00000000	0.02053690	0.00000000
C37	c	0.12402638	1.00000000	0.11858883	2.00000000	10.00000000	0.02647314	0.00000000
C38	c	0.16448688	0.99558795	0.14724614	2.00000000	10.00000000	0.02029840	0.00000000
C39	c	0.11405459	1.00000000	0.09116907	2.00000000	10.00000000	0.02771945	0.00000000
C40	c	0.19685858	0.94909964	0.16977277	2.00000000	10.00000000	0.01833538	0.00000000
C41	c	0.09789595	0.95961144	0.16328842	2.00000000	10.00000000	0.02143135	0.00000000
C42	c	0.12277370	1.00000000	0.07796039	2.00000000	10.00000000	0.01371730	0.00000000
C43	c	0.08818829	0.97054125	0.05776512	2.00000000	10.00000000	0.02423210	0.00000000
C44	c	0.69774974	0.26900248	0.01568093	2.00000000	10.00000000	0.02434540	0.00000000
C45	c	0.79553212	0.40464375	0.11096975	2.00000000	10.00000000	0.01599387	0.00000000
C46	c	0.72364150	0.31770994	0.08319272	2.00000000	10.00000000	0.02523470	0.00000000
C47	c	0.70067162	0.27860699	0.05317805	2.00000000	10.00000000	0.02382969	0.00000000
C48	c	0.79010512	0.33981479	0.05873080	2.00000000	10.00000000	0.01212540	0.00000000
C49	c	0.76091185	0.33761884	0.11007040	2.00000000	10.00000000	0.01901653	0.00000000
C50	c	0.79342303	0.34263049	0.11730396	2.00000000	10.00000000	0.02255618	0.00000000

Q Vehicle fuel tank capacity /0.40000000/
C Vehicle load capacity /1.50000000/
r fuel consumption rate /0.25000000/
g inverse refueling rate /1.00000000/
v average Velocity /1.00000000/
