StringID	Type	x	y	demand	ReadyTime	DueDate	ServiceTime	altitude
D0	d	0.50000000	0.50000000	0.00000000	0.00000000	10.00000000	0.00000000	0.00000000
S0	f	0.07666726	0.09919883	0.00000000	0.00000000	10.00000000	0.00000000	0.00000000
S1	f	0.38671902	0.87923771	0.00000000	0.00000000	10.00000000	0.00000000	0.00000000
S2	f	0.88758215	0.00892901	0.00000000	0.00000000	10.00000000	0.00000000	0.00000000
S3	f	0.91596137	0.20806507	0.00000000	0.00000000	10.00000000	0.00000000	0.00000000
S4	f	0.50391308	0.03384205	0.00000000	0.00000000	10.00000000	0.00000000	0.00000000
S5	f	0.41392718	0.95998123	0.00000000	0.00000000	10.00000000	0.00000000	0.00000000
C1	c	0.31834454	0.19460898	0.16949023	0.00000000	8.00000000	0.02790314	0.00000000
C2	c	0.35061597	0.30704418	0.06829477	0.10000000	8.10000000	0.02055562	0.00000000
C3	c	0.37337239	0.35469426	0.09349162	0.20000000	8.20000000	0.02503572	0.00000000
C4	c	0.37505928	0.27551023	0.09184358	0.30000000	8.30000000	0.02379416	0.00000000
C5	c	0.28848053	0.26050628	0.11023548	0.40000000	8.40000000	0.02813431	0.00000000
C6	c	0.03451121	0.29236680	0.16801084	0.50000000	8.50000000	0.02880273	0.00000000
C7	c	0.05016065	0.31868417	0.29420367	0.60000000	8.60000000	0.01925342	0.00000000
C8	c	0.03870639	0.43340487	0.13151199	0.70000000	8.70000000	0.02554007	0.00000000
C9	c	0.07140385	0.38211792	0.26880801	0.80000000	8.80000000	0.01767732	0.00000000
C10	c	0.05987254	0.41026718	0.04192601	0.90000000	8.90000000	0.02732415	0.00000000
C11	c	0.02755961	0.33179645	0.14161090	1.00000000	9.00000000	0.01484732	0.00000000
C12	c	0.09746644	0.31843694	0.06222805	1.10000000	9.10000000	0.01788822	0.00000000
C13	c	0.06004654	0.42296110	0.02188052	1.20000000	9.20000000	0.01781380	0.00000000
C14	c	0.19168349	0.38237885	0.13081923	1.30000000	9.30000000	0.01952414	0.00000000
C15	c	0.33086444	0.17770030	0.12366327	1.40000000	9.40000000	0.02221486	0.00000000
C16	c	0.32978497	0.28403114	0.32607347	1.50000000	9.50000000	0.01603824	0.00000000
C17	c	0.32449383	0.25384195	0.17211421	1.60000000	9.60000000	0.01384773	0.00000000
C18	c	0.31271691	0.24197416	0.26475051	1.70000000	9.70000000	0.01986311	0.00000000
C19	c	0.32883298	0.27165076	0.06011048	1.80000000	9.80000000	0.02330661	0.00000000
C20	c	0.31780641	0.31728981	0.04392282	1.90000000	9.90000000	0.01094245	0.00000000
C21	c	0.34954199	0.32058621	0.09026054	2.00000000	10.00000000	0.01193455	0.00000000
C22	c	0.25390459	0.31433749	0.25176388	2.00000000	10.00000000	0.02755041	0.00000000
C23	c	0.07115005	0.02688356	0.29882704	2.00000000	10.00000000	0.02721459	0.00000000
C24	c	0.81148657	0.48447721	0.17387266	2.00000000	10.00000000	0.01251723	0.00000000
C25	c	0.75010136	0.42759374	0.10261763	2.00000000	10.00000000	0.01436479	0.00000000
C26	c	0.72332104	0.54488842	0.02441236	2.00000000	10.00000000	0.01263694	0.00000000
C27	c	0.77676735	0.44525551	0.10046629	2.00000000	10.00000000	0.01964481	0.00000000
C28	c	0.67311825	0.47726917	0.06809601	2.00000000	10.00000000	0.02876435	0.00000000
C29	c	0.81074607	0.47591888	0.29889533	2.00000000	10.00000000	0.01746005	0.00000000
C30	c	0.74352943	0.46886674	0.30579860	2.00000000	10.00000000	0.02378517	0.00000000

Q Vehicle fuel tank capacity /0.40000000/
C Vehicle load capacity /1.50000000/
r fuel consumption rate /0.25000000/
g inverse refueling rate /1.00000000/
v average Velocity /1.00000000/
