StringID	Type	x	y	demand	ReadyTime	DueDate	ServiceTime	altitude
D0	d	0.50000000	0.50000000	0.00000000	0.00000000	10.00000000	0.00000000	0.00000000
S0	f	0.93323036	0.84245622	0.00000000	0.00000000	10.00000000	0.00000000	0.00000000
S1	f	0.19439968	0.52552479	0.00000000	0.00000000	10.00000000	0.00000000	0.00000000
S2	f	0.29286406	0.05067451	0.00000000	0.00000000	10.00000000	0.00000000	0.00000000
S3	f	0.52715201	0.95356009	0.00000000	0.00000000	10.00000000	0.00000000	0.00000000
S4	f	0.10900963	0.44748688	0.00000000	0.00000000	10.00000000	0.00000000	0.00000000
S5	f	0.17493483	0.47090223	0.00000000	0.00000000	10.00000000	0.00000000	0.00000000
S6	f	0.73661061	0.04827126	0.00000000	0.00000000	10.00000000	0.00000000	0.00000000
S7	f	0.01905971	0.12737462	0.00000000	0.00000000	10.00000000	0.00000000	0.00000000
S8	f	0.15040759	0.37155216	0.00000000	0.00000000	10.00000000	0.00000000	0.00000000
S9	f	0.41890900	0.55195443	0.00000000	0.00000000	10.00000000	0.00000000	0.00000000
C1	c	1.00000000	0.27543558	0.08789274	0.00000000	8.00000000	0.01257937	0.00000000
C2	c	0.99701655	0.30776853	0.05741727	0.06000000	8.06000000	0.01477731	0.00000000
C3	c	0.98939099	0.41935657	0.02089792	0.12000000	8.12000000	0.01672827	0.00000000
C4	c	1.00000000	0.23915145	0.06891542	0.18000000	8.18000000	0.01535249	0.00000000
C5	c	0.92916243	0.36995889	0.15125749	0.24000000	8.24000000	0.02617840	0.00000000
C6	c	0.33497086	0.97610837	0.05120906	0.30000000	8.30000000	0.02688001	0.00000000
C7	c	0.30245799	0.93931723	0.10173270	0.36000000	8.36000000	0.02889925	0.00000000
C8	c	0.27815505	0.99664063	0.08820543	0.42000000	8.42000000	0.01865004	0.00000000
C9	c	0.27078213	1.00000000	0.03455983	0.48000000	8.48000000	0.01609439	0.00000000
C10	c	0.26174183	0.97691715	0.07377397	0.54000000	8.54000000	0.01898189	0.00000000
C11	c	0.27973197	1.00000000	0.07919040	0.60000000	8.60000000	0.02932603	0.00000000
C12	c	0.33359100	0.95720736	0.02164017	0.66000000	8.66000000	0.01904755	0.00000000
C13	c	0.35148204	0.95278839	0.13616319	0.72000000	8.72000000	0.01517995	0.00000000
C14	c	0.91561930	0.80616982	0.03907446	0.78000000	8.78000000	0.02245516	0.00000000
C15	c	0.95971888	0.88538005	0.02328735	0.84000000	8.84000000	0.01344813	0.00000000
C16	c	0.86121861	0.94590931	0.12649970	0.90000000	8.90000000	0.02172753	0.00000000
C17	c	0.92867725	0.76294864	0.09117677	0.96000000	8.96000000	0.01604407	0.00000000
C18	c	0.86548095	0.81152698	0.02785241	1.02000000	9.02000000	0.01801467	0.00000000
C19	c	0.91044440	0.73732832	0.09068799	1.08000000	9.08000000	0.02786646	0.00000000
C20	c	0.56513853	0.22579229	0.07788824	1.14000000	9.14000000	0.01829472	0.00000000
C21	c	0.49706263	0.19070209	0.08850606	1.20000000	9.20000000	0.01514651	0.00000000
C22	c	0.50826286	0.18738221	0.13558316	1.26000000	9.26000000	0.02993611	0.00000000
C23	c	0.54360676	0.22207900	0.06409125	1.32000000	9.32000000	0.02492425	0.00000000
C24	c	0.94151129	0.88313447	0.06384150	1.38000000	9.38000000	0.01754450	0.00000000
C25	c	0.85024214	0.85415042	0.14131288	1.44000000	9.44000000	0.01717390	0.00000000
C26	c	0.89862732	0.88005982	0.12835331	1.50000000	9.50000000	0.01266811	0.00000000
C27	c	0.83727919	0.82356935	0.14809734	1.56000000	9.56000000	0.02694806	0.00000000
C28	c	0.86530660	0.93220301	0.06487405	1.62000000	9.62000000	0.02842776	0.00000000
C29	c	0.75849541	0.81857356	0.13593444	1.68000000	9.68000000	0.02342936	0.00000000
C30	c	0.86068181	0.95710734	0.12143238	1.74000000	9.74000000	0.01516509	0.00000000
C31	c	0.89987553	0.77194487	0.14917686	1.80000000	9.80000000	0.01005491	0.00000000
C32	c	0.79912983	0.80283991	0.11882993	1.86000000	9.86000000	0.01030551	0.00000000
C33	c	0.56608584	0.44355556	0.10391722	1.92000000	9.92000000	0.02506741	0.00000000
C34	c	0.52936815	0.48997871	0.09820612	1.98000000	9.98000000	0.02756072	0.00000000
C35	c	0.58111238	0.41596145	0.12074841	2.00000000	10.00000000	0.01504423	0.00000000
C36	c	0.56025604	0.38361531	0.02694923	2.00000000	10.00000000	0.01905603	0.00000000
C37	c	0.60640367	0.46439629	0.09726891	2.00000000	10.00000000	0.02404783	0.00000000
C38	c	0.50448798	0.41551300	0.04122407	2.00000000	10.00000000	0.01458837	0.00000000
C39	c	0.59620415	0.41185077	0.01637711	2.00000000	10.00000000	0.02115865	0.00000000
C40	c	0.51031910	0.50842181	0.12876083	2.00000000	10.00000000	0.01613936	0.00000000
C41	c	0.47821145	0.48112185	0.11399087	2.00000000	10.00000000	0.01685962	0.00000000
C42	c	0.55289321	0.59353053	0.15043634	2.00000000	10.00000000	0.01960752	0.00000000
C43	c	0.55137668	0.51281697	0.10984142	2.00000000	10.00000000	0.02123684	0.00000000
C44	c	0.53158586	0.48389558	0.11252166	2.00000000	10.00000000	0.01938032	0.00000000
C45	c	0.55148267	0.49344982	0.13724299	2.00000000	10.00000000	0.01618330	0.00000000
C46	c	0.12799696	0.91360655	0.08338055	2.00000000	10.00000000	0.02678605	0.00000000
C47	c	0.18903495	0.97623961	0.14229212	2.00000000	10.00000000	0.02812567	0.00000000
C48	c	0.07637916	0.96933709	0.09689655	2.00000000	10.00000000	0.02798946	0.00000000
C49	c	0.07499447	1.00000000	0.01521719	2.00000000	10.00000000	0.01759160	0.00000000
C50	c	0.15986415	0.97561069	0.09537276	2.00000000	10.00000000	0.02335429	0.00000000

Q Vehicle fuel tank capacity /0.40000000/
C Vehicle load capacity /1.50000000/
r fuel consumption rate /0.25000000/
g inverse refueling rate /1.00000000/
v average Velocity /1.00000000/
