StringID	Type	x	y	demand	ReadyTime	DueDate	ServiceTime	altitude
D0	d	0.50000000	0.50000000	0.00000000	0.00000000	10.00000000	0.00000000	0.00000000
S0	f	0.59449292	0.70449872	0.00000000	0.00000000	10.00000000	0.00000000	0.00000000
S1	f	0.68296940	0.56553137	0.00000000	0.00000000	10.00000000	0.00000000	0.00000000
S2	f	0.82929483	0.53411091	0.00000000	0.00000000	10.00000000	0.00000000	0.00000000
S3	f	0.17807291	0.78391275	0.00000000	0.00000000	10.00000000	0.00000000	0.00000000
S4	f	0.01204808	0.46422146	0.00000000	0.00000000	10.00000000	0.00000000	0.00000000
S5	f	0.22658419	0.80654003	0.00000000	0.00000000	10.00000000	0.00000000	0.00000000
C1	c	0.36275557	0.15051885	0.08910421	0.00000000	8.00000000	0.02415525	0.00000000
C2	c	0.32397344	0.21913395	0.04506080	0.10000000	8.10000000	0.01163966	0.00000000
C3	c	0.37837780	0.19113374	0.23305332	0.20000000	8.20000000	0.02540391	0.00000000
C4	c	0.28009656	0.20556402	0.22401451	0.30000000	8.30000000	0.01364482	0.00000000
C5	c	0.32809006	0.07701811	0.11132397	0.40000000	8.40000000	0.02593596	0.00000000
C6	c	0.29753757	0.05176817	0.12488974	0.50000000	8.50000000	0.02063260	0.00000000
C7	c	0.33766317	0.10229373	0.10449318	0.60000000	8.60000000	0.01536697	0.00000000
C8	c	0.66303408	0.68140032	0.07929675	0.70000000	8.70000000	0.02488087	0.00000000
C9	c	0.57921580	0.65580131	0.21828661	0.80000000	8.80000000	0.01856984	0.00000000
C10	c	0.65865981	0.79073585	0.20465992	0.90000000	8.90000000	0.02393129	0.00000000
C11	c	0.63076874	0.79429494	0.07383143	1.00000000	9.00000000	0.01943424	0.00000000
C12	c	0.55997365	0.67445745	0.07738071	1.10000000	9.10000000	0.02032288	0.00000000
C13	c	0.59520501	0.61782316	0.26103264	1.20000000	9.20000000	0.01085509	0.00000000
C14	c	0.18717499	0.61655686	0.05016619	1.30000000	9.30000000	0.02610363	0.00000000
C15	c	0.22646819	0.48951769	0.03010411	1.40000000	9.40000000	0.01885425	0.00000000
C16	c	0.03214557	0.59258578	0.11587351	1.50000000	9.50000000	0.02161572	0.00000000
C17	c	0.23733067	0.44454909	0.16004850	1.60000000	9.60000000	0.02537335	0.00000000
C18	c	0.23354134	0.52404685	0.06990118	1.70000000	9.70000000	0.01533394	0.00000000
C19	c	0.15278886	0.61327668	0.26726651	1.80000000	9.80000000	0.01660672	0.00000000
C20	c	0.16963873	0.51097092	0.11844039	1.90000000	9.90000000	0.01725021	0.00000000
C21	c	0.17370298	0.55739338	0.19649880	2.00000000	10.00000000	0.02605813	0.00000000
C22	c	0.61968310	0.89197826	0.15862649	2.00000000	10.00000000	0.01872973	0.00000000
C23	c	0.52463235	0.74125984	0.22973722	2.00000000	10.00000000	0.02902295	0.00000000
C24	c	0.68838061	0.79284694	0.14101178	2.00000000	10.00000000	0.02143406	0.00000000
C25	c	0.57097532	0.82057513	0.15385101	2.00000000	10.00000000	0.01655151	0.00000000
C26	c	0.70874189	0.73029831	0.28972719	2.00000000	10.00000000	0.02211663	0.00000000
C27	c	0.53618096	0.26507914	0.28136563	2.00000000	10.00000000	0.01291333	0.00000000
C28	c	0.57136355	0.24567791	0.08369402	2.00000000	10.00000000	0.02438406	0.00000000
C29	c	0.58137928	0.23116810	0.03603101	2.00000000	10.00000000	0.02175525	0.00000000
C30	c	0.49144070	0.26795034	0.27122868	2.00000000	10.00000000	0.02072473	0.00000000

Q Vehicle fuel tank capacity /0.40000000/
C Vehicle load capacity /1.50000000/
r fuel consumption rate /0.25000000/
g inverse refueling rate /1.00000000/
v average Velocity /1.00000000/
