StringID	Type	x	y	demand	ReadyTime	DueDate	ServiceTime	altitude
D0	d	0.50000000	0.50000000	0.00000000	0.00000000	10.00000000	0.00000000	0.00000000
S0	f	0.56639181	0.18698168	0.00000000	0.00000000	10.00000000	0.00000000	0.00000000
S1	f	0.86333461	0.62551167	0.00000000	0.00000000	10.00000000	0.00000000	0.00000000
S2	f	0.57279597	0.79708883	0.00000000	0.00000000	10.00000000	0.00000000	0.00000000
S3	f	0.19464007	0.05796632	0.00000000	0.00000000	10.00000000	0.00000000	0.00000000
S4	f	0.63219272	0.38492678	0.00000000	0.00000000	10.00000000	0.00000000	0.00000000
S5	f	0.92169358	0.27732789	0.00000000	0.00000000	10.00000000	0.00000000	0.00000000
C1	c	0.84684441	0.74060293	0.07222018	0.00000000	8.00000000	0.01404817	0.00000000
C2	c	0.87199153	0.71711994	0.07841757	0.10000000	8.10000000	0.02972274	0.00000000
C3	c	0.92257748	0.72210872	0.18713721	0.20000000	8.20000000	0.01449994	0.00000000
C4	c	0.98047055	0.70753084	0.09866491	0.30000000	8.30000000	0.02508631	0.00000000
C5	c	0.88570600	0.82714293	0.14194080	0.40000000	8.40000000	0.01463614	0.00000000
C6	c	0.90858860	0.76914255	0.17602648	0.50000000	8.50000000	0.01478448	0.00000000
C7	c	0.22510787	0.29375068	0.11450505	0.60000000	8.60000000	0.01348479	0.00000000
C8	c	0.24902334	0.17750782	0.24895536	0.70000000	8.70000000	0.02918219	0.00000000
C9	c	0.23153173	0.15065971	0.07437829	0.80000000	8.80000000	0.02974979	0.00000000
C10	c	0.28392316	0.17136333	0.25211983	0.90000000	8.90000000	0.02736397	0.00000000
C11	c	0.29674977	0.45198517	0.02139583	1.00000000	9.00000000	0.01113510	0.00000000
C12	c	0.33890132	0.42014827	0.08482227	1.10000000	9.10000000	0.01280740	0.00000000
C13	c	0.27455059	0.46544682	0.18593278	1.20000000	9.20000000	0.02357350	0.00000000
C14	c	0.21392354	0.54455318	0.05587682	1.30000000	9.30000000	0.01249858	0.00000000
C15	c	0.31450987	0.40335512	0.26643203	1.40000000	9.40000000	0.01221239	0.00000000
C16	c	0.30171654	0.47247512	0.17231478	1.50000000	9.50000000	0.01205169	0.00000000
C17	c	0.30017380	0.41582770	0.25187002	1.60000000	9.60000000	0.01071762	0.00000000
C18	c	0.47136096	0.40457074	0.18613522	1.70000000	9.70000000	0.01000156	0.00000000
C19	c	0.27336501	0.49298094	0.26960273	1.80000000	9.80000000	0.01451508	0.00000000
C20	c	1.00000000	0.70103466	0.06636609	1.90000000	9.90000000	0.02964789	0.00000000
C21	c	0.94803135	0.78474895	0.06704532	2.00000000	10.00000000	0.01030609	0.00000000
C22	c	1.00000000	0.85953483	0.13809218	2.00000000	10.00000000	0.01169172	0.00000000
C23	c	1.00000000	0.72487262	0.24617171	2.00000000	10.00000000	0.01442011	0.00000000
C24	c	0.95085622	0.72415179	0.21430209	2.00000000	10.00000000	0.01628393	0.00000000
C25	c	0.98010995	0.77157051	0.24656801	2.00000000	10.00000000	0.02203638	0.00000000
C26	c	0.95748359	0.48952016	0.03958491	2.00000000	10.00000000	0.01518679	0.00000000
C27	c	0.99741771	0.44329992	0.14386212	2.00000000	10.00000000	0.02932144	0.00000000
C28	c	1.00000000	0.56193576	0.10581220	2.00000000	10.00000000	0.01293484	0.00000000
C29	c	0.98477337	0.34666204	0.13799492	2.00000000	10.00000000	0.02806044	0.00000000
C30	c	1.00000000	0.47896647	0.15545226	2.00000000	10.00000000	0.01013014	0.00000000

Q Vehicle fuel tank capacity /0.40000000/
C Vehicle load capacity /1.50000000/
r fuel consumption rate /0.25000000/
g inverse refueling rate /1.00000000/
v average Velocity /1.00000000/
