StringID	Type	x	y	demand	ReadyTime	DueDate	ServiceTime	altitude
D0	d	0.50000000	0.50000000	0.00000000	0.00000000	10.00000000	0.00000000	0.00000000
S0	f	0.33603889	0.85454820	0.00000000	0.00000000	10.00000000	0.00000000	0.00000000
S1	f	0.33517309	0.99534641	0.00000000	0.00000000	10.00000000	0.00000000	0.00000000
S2	f	0.05746729	0.69218311	0.00000000	0.00000000	10.00000000	0.00000000	0.00000000
S3	f	0.67433770	0.64396230	0.00000000	0.00000000	10.00000000	0.00000000	0.00000000
S4	f	0.67501632	0.46517869	0.00000000	0.00000000	10.00000000	0.00000000	0.00000000
S5	f	0.75820499	0.79734221	0.00000000	0.00000000	10.00000000	0.00000000	0.00000000
C1	c	0.91170478	0.32871335	0.04712787	0.00000000	8.00000000	0.02604578	0.00000000
C2	c	0.94755892	0.36451813	0.18846361	0.10000000	8.10000000	0.01007345	0.00000000
C3	c	0.91418989	0.38101450	0.07357609	0.20000000	8.20000000	0.02490676	0.00000000
C4	c	0.87169068	0.36599799	0.13458599	0.30000000	8.30000000	0.02276544	0.00000000
C5	c	0.91289617	0.27567536	0.22087779	0.40000000	8.40000000	0.01925919	0.00000000
C6	c	0.10767577	0.26028889	0.19917643	0.50000000	8.50000000	0.02919518	0.00000000
C7	c	0.17370166	0.22287312	0.13744481	0.60000000	8.60000000	0.02699797	0.00000000
C8	c	0.09667208	0.22814821	0.03414183	0.70000000	8.70000000	0.01037144	0.00000000
C9	c	0.15740667	0.26837511	0.12157838	0.80000000	8.80000000	0.01901602	0.00000000
C10	c	0.16371566	0.31890096	0.29114655	0.90000000	8.90000000	0.01973887	0.00000000
C11	c	0.12230240	0.33131979	0.14029958	1.00000000	9.00000000	0.01841968	0.00000000
C12	c	0.04234295	0.27751355	0.14399085	1.10000000	9.10000000	0.01110674	0.00000000
C13	c	0.12840151	0.30950983	0.25804703	1.20000000	9.20000000	0.01311313	0.00000000
C14	c	0.14711195	0.30442151	0.19983144	1.30000000	9.30000000	0.02748777	0.00000000
C15	c	0.12774144	0.36239739	0.15985106	1.40000000	9.40000000	0.01413353	0.00000000
C16	c	0.18550331	0.31254646	0.07857799	1.50000000	9.50000000	0.02304412	0.00000000
C17	c	0.20321872	0.28626392	0.27366578	1.60000000	9.60000000	0.01152219	0.00000000
C18	c	0.33585781	0.80388202	0.16852049	1.70000000	9.70000000	0.02441896	0.00000000
C19	c	0.30771997	0.88553230	0.21800467	1.80000000	9.80000000	0.01416638	0.00000000
C20	c	0.71085153	0.30036299	0.06860457	1.90000000	9.90000000	0.02381359	0.00000000
C21	c	0.70461673	0.17142780	0.06176954	2.00000000	10.00000000	0.01245168	0.00000000
C22	c	0.66433949	0.15057260	0.09569851	2.00000000	10.00000000	0.02862919	0.00000000
C23	c	0.71017788	0.26093849	0.15064709	2.00000000	10.00000000	0.02590091	0.00000000
C24	c	0.63286069	0.22658689	0.25394603	2.00000000	10.00000000	0.02501505	0.00000000
C25	c	0.66979401	0.21966007	0.09671482	2.00000000	10.00000000	0.02531214	0.00000000
C26	c	0.44347707	0.70715347	0.05337056	2.00000000	10.00000000	0.01756688	0.00000000
C27	c	0.54042099	0.57443825	0.09209209	2.00000000	10.00000000	0.01382529	0.00000000
C28	c	0.55083849	0.67787682	0.09203187	2.00000000	10.00000000	0.02071102	0.00000000
C29	c	0.57454197	0.70831425	0.18490032	2.00000000	10.00000000	0.01123516	0.00000000
C30	c	0.48097773	0.69298485	0.26131635	2.00000000	10.00000000	0.01748051	0.00000000

Q Vehicle fuel tank capacity /0.40000000/
C Vehicle load capacity /1.50000000/
r fuel consumption rate /0.25000000/
g inverse refueling rate /1.00000000/
v average Velocity /1.00000000/
