StringID	Type	x	y	demand	ReadyTime	DueDate	ServiceTime	altitude
D0	d	0.50000000	0.50000000	0.00000000	0.00000000	10.00000000	0.00000000	0.00000000
S0	f	0.98528948	0.71769947	0.00000000	0.00000000	10.00000000	0.00000000	0.00000000
S1	f	0.68836571	0.49341516	0.00000000	0.00000000	10.00000000	0.00000000	0.00000000
S2	f	0.68696805	0.60774086	0.00000000	0.00000000	10.00000000	0.00000000	0.00000000
S3	f	0.58269149	0.72241187	0.00000000	0.00000000	10.00000000	0.00000000	0.00000000
S4	f	0.02827827	0.38494842	0.00000000	0.00000000	10.00000000	0.00000000	0.00000000
S5	f	0.91144981	0.94016921	0.00000000	0.00000000	10.00000000	0.00000000	0.00000000
S6	f	0.53140340	0.06965034	0.00000000	0.00000000	10.00000000	0.00000000	0.00000000
S7	f	0.34685746	0.21484504	0.00000000	0.00000000	10.00000000	0.00000000	0.00000000
S8	f	0.46190686	0.42935618	0.00000000	0.00000000	10.00000000	0.00000000	0.00000000
S9	f	0.18484697	0.60152161	0.00000000	0.00000000	10.00000000	0.00000000	0.00000000
C1	c	0.25745985	0.26139203	0.02913352	0.00000000	8.00000000	0.02496963	0.00000000
C2	c	0.27341650	0.24298416	0.07208007	0.06000000	8.06000000	0.02593537	0.00000000
C3	c	0.19533555	0.31775488	0.10489338	0.12000000	8.12000000	0.02007828	0.00000000
C4	c	0.18200248	0.40900271	0.15047296	0.18000000	8.18000000	0.01301543	0.00000000
C5	c	0.19879841	0.35751065	0.15762097	0.24000000	8.24000000	0.01624642	0.00000000
C6	c	0.49127909	0.69797463	0.06518854	0.30000000	8.30000000	0.02709194	0.00000000
C7	c	0.57102864	0.63004268	0.13068311	0.36000000	8.36000000	0.01877403	0.00000000
C8	c	0.54874865	0.69720151	0.09329819	0.42000000	8.42000000	0.01185035	0.00000000
C9	c	0.45732344	0.65603757	0.04347077	0.48000000	8.48000000	0.01596216	0.00000000
C10	c	0.46303729	0.67743275	0.04587556	0.54000000	8.54000000	0.02148738	0.00000000
C11	c	0.55138789	0.66681816	0.10028265	0.60000000	8.60000000	0.01181907	0.00000000
C12	c	0.55059998	0.75506222	0.03516904	0.66000000	8.66000000	0.02288410	0.00000000
C13	c	0.19421437	0.44780642	0.09495133	0.72000000	8.72000000	0.01390822	0.00000000
C14	c	0.10971827	0.39790344	0.11999788	0.78000000	8.78000000	0.02431333	0.00000000
C15	c	0.18469409	0.44912048	0.15736223	0.84000000	8.84000000	0.02111948	0.00000000
C16	c	0.12783823	0.39986540	0.02486687	0.90000000	8.90000000	0.01838097	0.00000000
C17	c	0.21690782	0.39070578	0.03793500	0.96000000	8.96000000	0.02077677	0.00000000
C18	c	0.20053950	0.47740449	0.07553208	1.02000000	9.02000000	0.02405829	0.00000000
C19	c	0.21725762	0.42139738	0.04083350	1.08000000	9.08000000	0.02621888	0.00000000
C20	c	0.16503008	0.44517487	0.06295481	1.14000000	9.14000000	0.01026849	0.00000000
C21	c	0.10755446	0.48445442	0.12792163	1.20000000	9.20000000	0.01192922	0.00000000
C22	c	0.19746660	0.47724342	0.05259159	1.26000000	9.26000000	0.02317713	0.00000000
C23	c	0.13724732	0.55602590	0.15975553	1.32000000	9.32000000	0.02186493	0.00000000
C24	c	0.20630962	0.42027045	0.13259584	1.38000000	9.38000000	0.01866756	0.00000000
C25	c	0.21836524	0.41916976	0.07761321	1.44000000	9.44000000	0.02327380	0.00000000
C26	c	0.82243839	0.05331969	0.12965990	1.50000000	9.50000000	0.02407866	0.00000000
C27	c	0.89999581	0.11518052	0.10143004	1.56000000	9.56000000	0.01430833	0.00000000
C28	c	0.83651895	0.09574188	0.02502871	1.62000000	9.62000000	0.02215522	0.00000000
C29	c	0.80233797	0.04881319	0.12093912	1.68000000	9.68000000	0.02579307	0.00000000
C30	c	0.77416706	0.16207052	0.11585873	1.74000000	9.74000000	0.02885003	0.00000000
C31	c	0.82209736	0.16511729	0.15893141	1.80000000	9.80000000	0.02529116	0.00000000
C32	c	0.79633157	0.07468864	0.08193458	1.86000000	9.86000000	0.02860672	0.00000000
C33	c	0.97366195	0.05398073	0.14633758	1.92000000	9.92000000	0.01466080	0.00000000
C34	c	0.96022749	0.00000000	0.06335458	1.98000000	9.98000000	0.01512055	0.00000000
C35	c	1.00000000	0.02416754	0.14418834	2.00000000	10.00000000	0.01308897	0.00000000
C36	c	0.98270027	0.03122301	0.11081823	2.00000000	10.00000000	0.01242818	0.00000000
C37	c	0.94927740	0.12979444	0.01941593	2.00000000	10.00000000	0.01899243	0.00000000
C38	c	1.00000000	0.09181628	0.01460058	2.00000000	10.00000000	0.02767640	0.00000000
C39	c	0.94722461	0.00000000	0.03615035	2.00000000	10.00000000	0.01836098	0.00000000
C40	c	0.22664528	0.35424231	0.13646518	2.00000000	10.00000000	0.02436441	0.00000000
C41	c	0.09935493	0.29247890	0.04342801	2.00000000	10.00000000	0.02158335	0.00000000
C42	c	0.20272897	0.34376626	0.10261191	2.00000000	10.00000000	0.02969404	0.00000000
C43	c	0.17219377	0.32193268	0.01166176	2.00000000	10.00000000	0.01770390	0.00000000
C44	c	0.20078783	0.37574665	0.08578376	2.00000000	10.00000000	0.01605938	0.00000000
C45	c	1.00000000	0.08080421	0.08274562	2.00000000	10.00000000	0.01167201	0.00000000
C46	c	0.94510929	0.10511665	0.10261903	2.00000000	10.00000000	0.01107979	0.00000000
C47	c	0.98477977	0.00000000	0.12791668	2.00000000	10.00000000	0.02610321	0.00000000
C48	c	1.00000000	0.13730640	0.15156806	2.00000000	10.00000000	0.02236205	0.00000000
C49	c	0.94874556	0.11671716	0.13769642	2.00000000	10.00000000	0.01086332	0.00000000
C50	c	0.96933299	0.00000000	0.05577525	2.00000000	10.00000000	0.02140340	0.00000000

Q Vehicle fuel tank capacity /0.40000000/
C Vehicle load capacity /1.50000000/
r fuel consumption rate /0.25000000/
g inverse refueling rate /1.00000000/
v average Velocity /1.00000000/
