StringID	Type	x	y	demand	ReadyTime	DueDate	ServiceTime	altitude
D0	d	0.50000000	0.50000000	0.00000000	0.00000000	10.00000000	0.00000000	0.00000000
S0	f	0.98477065	0.89752566	0.00000000	0.00000000	10.00000000	0.00000000	0.00000000
S1	f	0.36650239	0.57623683	0.00000000	0.00000000	10.00000000	0.00000000	0.00000000
S2	f	0.64808393	0.69454599	0.00000000	0.00000000	10.00000000	0.00000000	0.00000000
S3	f	0.60981606	0.86764880	0.00000000	0.00000000	10.00000000	0.00000000	0.00000000
S4	f	0.74466973	0.24663579	0.00000000	0.00000000	10.00000000	0.00000000	0.00000000
S5	f	0.68038675	0.84709122	0.00000000	0.00000000	10.00000000	0.00000000	0.00000000
S6	f	0.29585103	0.30026156	0.00000000	0.00000000	10.00000000	0.00000000	0.00000000
S7	f	0.50206017	0.87344444	0.00000000	0.00000000	10.00000000	0.00000000	0.00000000
S8	f	0.63893116	0.47617667	0.00000000	0.00000000	10.00000000	0.00000000	0.00000000
S9	f	0.38168128	0.65145472	0.00000000	0.00000000	10.00000000	0.00000000	0.00000000
C1	c	0.42009458	0.22216799	0.07808020	0.00000000	8.00000000	0.01590824	0.00000000
C2	c	0.36195379	0.09240884	0.02392279	0.06000000	8.06000000	0.01338861	0.00000000
C3	c	0.45368682	0.12501447	0.03822547	0.12000000	8.12000000	0.01949408	0.00000000
C4	c	0.25426418	0.27885255	0.10671192	0.18000000	8.18000000	0.02973718	0.00000000
C5	c	0.45154883	0.16434293	0.08455080	0.24000000	8.24000000	0.01013619	0.00000000
C6	c	0.38075419	0.17620681	0.12998669	0.30000000	8.30000000	0.02276098	0.00000000
C7	c	0.57265290	0.92892556	0.02173893	0.36000000	8.36000000	0.01582340	0.00000000
C8	c	0.55083713	0.91422431	0.10527963	0.42000000	8.42000000	0.02957247	0.00000000
C9	c	0.64864827	0.92243378	0.04248335	0.48000000	8.48000000	0.01084760	0.00000000
C10	c	0.46239968	0.91088290	0.03549707	0.54000000	8.54000000	0.01313323	0.00000000
C11	c	0.60921637	0.91440764	0.16342912	0.60000000	8.60000000	0.01611161	0.00000000
C12	c	0.83023551	1.00000000	0.01880462	0.66000000	8.66000000	0.01812100	0.00000000
C13	c	0.76458202	0.95615155	0.05753662	0.72000000	8.72000000	0.02747025	0.00000000
C14	c	0.73846729	0.96017146	0.05609936	0.78000000	8.78000000	0.01552484	0.00000000
C15	c	0.79482300	0.94466818	0.05479744	0.84000000	8.84000000	0.02675017	0.00000000
C16	c	0.78403576	0.91164472	0.11557577	0.90000000	8.90000000	0.02871395	0.00000000
C17	c	0.80064202	0.98221263	0.14841102	0.96000000	8.96000000	0.01412366	0.00000000
C18	c	0.77995277	0.90490921	0.04199368	1.02000000	9.02000000	0.02083314	0.00000000
C19	c	0.86600688	0.10353472	0.03221446	1.08000000	9.08000000	0.02949248	0.00000000
C20	c	0.89285588	0.17491724	0.10338190	1.14000000	9.14000000	0.02770926	0.00000000
C21	c	0.89592562	0.05590521	0.09821360	1.20000000	9.20000000	0.02495709	0.00000000
C22	c	0.87049505	0.15314797	0.12072451	1.26000000	9.26000000	0.01195232	0.00000000
C23	c	0.88313262	0.18398704	0.14776818	1.32000000	9.32000000	0.02505379	0.00000000
C24	c	0.88464634	0.14477275	0.02607238	1.38000000	9.38000000	0.01182031	0.00000000
C25	c	0.88187122	0.15701559	0.10816946	1.44000000	9.44000000	0.01508683	0.00000000
C26	c	0.93561324	0.08267599	0.02363521	1.50000000	9.50000000	0.01306809	0.00000000
C27	c	0.00000000	0.28031555	0.14629999	1.56000000	9.56000000	0.02679469	0.00000000
C28	c	0.05640766	0.28971400	0.04143723	1.62000000	9.62000000	0.01568237	0.00000000
C29	c	0.00016023	0.26032702	0.04773027	1.68000000	9.68000000	0.02977013	0.00000000
C30	c	0.02610809	0.20669470	0.02980302	1.74000000	9.74000000	0.02047749	0.00000000
C31	c	0.01544866	0.22742550	0.09729057	1.80000000	9.80000000	0.01835327	0.00000000
C32	c	0.00000000	0.28141821	0.15915666	1.86000000	9.86000000	0.02981133	0.00000000
C33	c	0.01062671	0.28834797	0.11957027	1.92000000	9.92000000	0.01182114	0.00000000
C34	c	0.06970024	0.33872376	0.07274278	1.98000000	9.98000000	0.01063509	0.00000000
C35	c	0.03974701	0.28758255	0.08155477	2.00000000	10.00000000	0.01857881	0.00000000
C36	c	0.00819619	0.93804369	0.08737019	2.00000000	10.00000000	0.01553450	0.00000000
C37	c	0.05957284	1.00000000	0.04163893	2.00000000	10.00000000	0.01385284	0.00000000
C38	c	0.00000000	0.91758733	0.14927018	2.00000000	10.00000000	0.01560996	0.00000000
C39	c	0.04406915	0.94668212	0.09689293	2.00000000	10.00000000	0.01407176	0.00000000
C40	c	0.13284179	0.90037607	0.15168335	2.00000000	10.00000000	0.01992847	0.00000000
C41	c	0.07904821	0.98618576	0.02300191	2.00000000	10.00000000	0.02932484	0.00000000
C42	c	0.01654613	1.00000000	0.16257028	2.00000000	10.00000000	0.01666044	0.00000000
C43	c	0.01449337	0.84926289	0.14710135	2.00000000	10.00000000	0.02019425	0.00000000
C44	c	1.00000000	0.82607668	0.18296758	2.00000000	10.00000000	0.01394264	0.00000000
C45	c	0.95566823	0.83416572	0.12530980	2.00000000	10.00000000	0.01172074	0.00000000
C46	c	0.97662988	0.94135300	0.17805708	2.00000000	10.00000000	0.02783901	0.00000000
C47	c	0.92214875	0.89420837	0.15100213	2.00000000	10.00000000	0.02335552	0.00000000
C48	c	0.93742928	0.89576945	0.07906090	2.00000000	10.00000000	0.01271166	0.00000000
C49	c	0.95950849	1.00000000	0.10420292	2.00000000	10.00000000	0.02031270	0.00000000
C50	c	0.96297761	0.95779172	0.04098071	2.00000000	10.00000000	0.02578181	0.00000000

Q Vehicle fuel tank capacity /0.40000000/
C Vehicle load capacity /1.50000000/
r fuel consumption rate /0.25000000/
g inverse refueling rate /1.00000000/
v average Velocity /1.00000000/
