StringID	Type	x	y	demand	ReadyTime	DueDate	ServiceTime	altitude
D0	d	0.50000000	0.50000000	0.00000000	0.00000000	10.00000000	0.00000000	0.00000000
S0	f	0.45433044	0.01574907	0.00000000	0.00000000	10.00000000	0.00000000	0.00000000
S1	f	0.26595293	0.15273534	0.00000000	0.00000000	10.00000000	0.00000000	0.00000000
S2	f	0.62878266	0.99216789	0.00000000	0.00000000	10.00000000	0.00000000	0.00000000
S3	f	0.67671556	0.84539246	0.00000000	0.00000000	10.00000000	0.00000000	0.00000000
S4	f	0.07747308	0.26692133	0.00000000	0.00000000	10.00000000	0.00000000	0.00000000
S5	f	0.81101997	0.15145716	0.00000000	0.00000000	10.00000000	0.00000000	0.00000000
S6	f	0.03963586	0.29243947	0.00000000	0.00000000	10.00000000	0.00000000	0.00000000
S7	f	0.55808280	0.14665331	0.00000000	0.00000000	10.00000000	0.00000000	0.00000000
S8	f	0.32088987	0.84094516	0.00000000	0.00000000	10.00000000	0.00000000	0.00000000
S9	f	0.63948178	0.92088173	0.00000000	0.00000000	10.00000000	0.00000000	0.00000000
C1	c	0.37726353	0.34480501	0.15801390	0.00000000	8.00000000	0.02433740	0.00000000
C2	c	0.35624438	0.38157146	0.08834463	0.06000000	8.06000000	0.01345655	0.00000000
C3	c	0.31232392	0.39371463	0.14641699	0.12000000	8.12000000	0.02451620	0.00000000
C4	c	0.30416954	0.41989080	0.13528057	0.18000000	8.18000000	0.01711099	0.00000000
C5	c	0.36413334	0.45789640	0.02754363	0.24000000	8.24000000	0.02647199	0.00000000
C6	c	0.38745736	0.37428352	0.03010860	0.30000000	8.30000000	0.02611679	0.00000000
C7	c	0.31137566	0.38370330	0.10829824	0.36000000	8.36000000	0.01030482	0.00000000
C8	c	0.07857975	0.88865988	0.08888348	0.42000000	8.42000000	0.01738450	0.00000000
C9	c	0.02750300	0.83187167	0.12587993	0.48000000	8.48000000	0.01381610	0.00000000
C10	c	0.52510921	0.42702392	0.07212221	0.54000000	8.54000000	0.02248584	0.00000000
C11	c	0.56328131	0.51422311	0.03561572	0.60000000	8.60000000	0.01500840	0.00000000
C12	c	0.45353009	0.49041354	0.15233153	0.66000000	8.66000000	0.02291029	0.00000000
C13	c	0.55813041	0.47396997	0.16096179	0.72000000	8.72000000	0.02131747	0.00000000
C14	c	0.48128582	0.54727193	0.14221217	0.78000000	8.78000000	0.02381702	0.00000000
C15	c	0.52656484	0.48001533	0.04729635	0.84000000	8.84000000	0.01852198	0.00000000
C16	c	0.50983597	0.42473884	0.12782338	0.90000000	8.90000000	0.02506193	0.00000000
C17	c	0.12517475	0.70796721	0.13400505	0.96000000	8.96000000	0.02502741	0.00000000
C18	c	0.10658247	0.69843131	0.16613735	1.02000000	9.02000000	0.02150186	0.00000000
C19	c	0.08400119	0.74570824	0.02777379	1.08000000	9.08000000	0.01816065	0.00000000
C20	c	0.11017314	0.69327563	0.16703268	1.14000000	9.14000000	0.02448383	0.00000000
C21	c	0.17138735	0.63415664	0.09240687	1.20000000	9.20000000	0.01336870	0.00000000
C22	c	0.18570451	0.69573170	0.17686995	1.26000000	9.26000000	0.02190201	0.00000000
C23	c	0.06987671	0.96796852	0.04158955	1.32000000	9.32000000	0.01486098	0.00000000
C24	c	0.03220969	0.89171147	0.05259127	1.38000000	9.38000000	0.01910109	0.00000000
C25	c	0.05311308	0.93269288	0.14503145	1.44000000	9.44000000	0.01646709	0.00000000
C26	c	0.01506526	0.91150168	0.03699082	1.50000000	9.50000000	0.01538817	0.00000000
C27	c	0.06589480	0.94669049	0.01688119	1.56000000	9.56000000	0.01874774	0.00000000
C28	c	0.03242838	0.95681350	0.14333434	1.62000000	9.62000000	0.01735020	0.00000000
C29	c	0.00000000	0.89206989	0.04922221	1.68000000	9.68000000	0.01607358	0.00000000
C30	c	0.02329297	0.95512708	0.04134486	1.74000000	9.74000000	0.02651385	0.00000000
C31	c	0.05273685	0.87962728	0.05781604	1.80000000	9.80000000	0.01948009	0.00000000
C32	c	0.01025409	0.96288445	0.05357787	1.86000000	9.86000000	0.02219811	0.00000000
C33	c	0.24476036	0.94015160	0.09404134	1.92000000	9.92000000	0.02343625	0.00000000
C34	c	0.15499660	0.76236538	0.13145255	1.98000000	9.98000000	0.02338243	0.00000000
C35	c	0.13483105	0.89728599	0.09700496	2.00000000	10.00000000	0.02169718	0.00000000
C36	c	0.16372474	1.00000000	0.05742726	2.00000000	10.00000000	0.02995029	0.00000000
C37	c	0.16636997	0.83738644	0.04505651	2.00000000	10.00000000	0.01341051	0.00000000
C38	c	0.18862287	0.91325864	0.08256405	2.00000000	10.00000000	0.01825432	0.00000000
C39	c	0.14237402	0.93258753	0.02136697	2.00000000	10.00000000	0.02898653	0.00000000
C40	c	0.20426897	0.93933674	0.17218669	2.00000000	10.00000000	0.01951847	0.00000000
C41	c	0.22416053	0.89187925	0.02426808	2.00000000	10.00000000	0.02769701	0.00000000
C42	c	0.18333662	0.87871376	0.02039045	2.00000000	10.00000000	0.01878843	0.00000000
C43	c	0.20673203	0.86390776	0.07622839	2.00000000	10.00000000	0.02084532	0.00000000
C44	c	0.26482615	0.88824978	0.16594994	2.00000000	10.00000000	0.02955765	0.00000000
C45	c	0.30766985	0.77526172	0.02773052	2.00000000	10.00000000	0.01169451	0.00000000
C46	c	0.22730291	0.80949191	0.04182326	2.00000000	10.00000000	0.01990151	0.00000000
C47	c	0.68325706	0.71994603	0.08950049	2.00000000	10.00000000	0.01541406	0.00000000
C48	c	0.61924102	0.70213028	0.12369445	2.00000000	10.00000000	0.02965599	0.00000000
C49	c	0.64625621	0.69725988	0.04531338	2.00000000	10.00000000	0.02181717	0.00000000
C50	c	0.74061687	0.70502770	0.13426232	2.00000000	10.00000000	0.02060170	0.00000000

Q Vehicle fuel tank capacity /0.40000000/
C Vehicle load capacity /1.50000000/
r fuel consumption rate /0.25000000/
g inverse refueling rate /1.00000000/
v average Velocity /1.00000000/
