StringID	Type	x	y	demand	ReadyTime	DueDate	ServiceTime	altitude
D0	d	0.50000000	0.50000000	0.00000000	0.00000000	10.00000000	0.00000000	0.00000000
S0	f	0.66665294	0.64305292	0.00000000	0.00000000	10.00000000	0.00000000	0.00000000
S1	f	0.91175585	0.87507823	0.00000000	0.00000000	10.00000000	0.00000000	0.00000000
S2	f	0.67848232	0.74932399	0.00000000	0.00000000	10.00000000	0.00000000	0.00000000
S3	f	0.94277381	0.47632055	0.00000000	0.00000000	10.00000000	0.00000000	0.00000000
S4	f	0.03111951	0.74001753	0.00000000	0.00000000	10.00000000	0.00000000	0.00000000
S5	f	0.40907742	0.77256040	0.00000000	0.00000000	10.00000000	0.00000000	0.00000000
C1	c	0.82851307	0.15392572	0.24557386	0.00000000	8.00000000	0.01925059	0.00000000
C2	c	0.83809314	0.22663536	0.09951922	0.10000000	8.10000000	0.02321726	0.00000000
C3	c	0.88395448	0.18718419	0.10098557	0.20000000	8.20000000	0.01420408	0.00000000
C4	c	0.80359062	0.09816067	0.06586792	0.30000000	8.30000000	0.02007325	0.00000000
C5	c	0.85001470	0.12000311	0.25785346	0.40000000	8.40000000	0.01456289	0.00000000
C6	c	0.70968877	0.10313701	0.27299284	0.50000000	8.50000000	0.02684394	0.00000000
C7	c	0.86753384	0.17309513	0.12461240	0.60000000	8.60000000	0.01639359	0.00000000
C8	c	0.73032841	0.13874093	0.17474455	0.70000000	8.70000000	0.01244750	0.00000000
C9	c	0.88336047	0.14961395	0.14657612	0.80000000	8.80000000	0.02850439	0.00000000
C10	c	0.81515509	0.08764669	0.20334619	0.90000000	8.90000000	0.02195448	0.00000000
C11	c	0.64756084	0.59719791	0.26218751	1.00000000	9.00000000	0.02758638	0.00000000
C12	c	0.75137726	0.60172410	0.05206537	1.10000000	9.10000000	0.02729785	0.00000000
C13	c	0.65602809	0.57702100	0.21133285	1.20000000	9.20000000	0.01035430	0.00000000
C14	c	0.61158032	0.63763044	0.22924577	1.30000000	9.30000000	0.02082577	0.00000000
C15	c	0.65350942	0.59359560	0.04992160	1.40000000	9.40000000	0.01290152	0.00000000
C16	c	0.80588903	0.85302597	0.06443750	1.50000000	9.50000000	0.01851045	0.00000000
C17	c	0.97723047	0.85324775	0.19437001	1.60000000	9.60000000	0.02149477	0.00000000
C18	c	0.53601517	0.56880722	0.07674213	1.70000000	9.70000000	0.01934572	0.00000000
C19	c	0.34640952	0.42526238	0.04670956	1.80000000	9.80000000	0.02859589	0.00000000
C20	c	0.43009155	0.51730829	0.17438022	1.90000000	9.90000000	0.01177066	0.00000000
C21	c	0.45882641	0.51419573	0.21052926	2.00000000	10.00000000	0.02457274	0.00000000
C22	c	0.48617172	0.43463147	0.19176811	2.00000000	10.00000000	0.02188309	0.00000000
C23	c	0.48138494	0.53678324	0.15241250	2.00000000	10.00000000	0.02433131	0.00000000
C24	c	0.47016207	0.58875766	0.04410787	2.00000000	10.00000000	0.01543839	0.00000000
C25	c	0.37180576	0.54141393	0.07520462	2.00000000	10.00000000	0.02171048	0.00000000
C26	c	0.74484561	0.71024410	0.08596904	2.00000000	10.00000000	0.01750815	0.00000000
C27	c	0.57359845	0.81825594	0.05746773	2.00000000	10.00000000	0.01173963	0.00000000
C28	c	0.74191118	0.73798198	0.13998767	2.00000000	10.00000000	0.02482608	0.00000000
C29	c	0.75009605	0.74956231	0.26787746	2.00000000	10.00000000	0.01894539	0.00000000
C30	c	0.74585934	0.67078424	0.22121108	2.00000000	10.00000000	0.02259219	0.00000000

Q Vehicle fuel tank capacity /0.40000000/
C Vehicle load capacity /1.50000000/
r fuel consumption rate /0.25000000/
g inverse refueling rate /1.00000000/
v average Velocity /1.00000000/
