StringID	Type	x	y	demand	ReadyTime	DueDate	ServiceTime	altitude
D0	d	0.50000000	0.50000000	0.00000000	0.00000000	10.00000000	0.00000000	0.00000000
S0	f	0.10005810	0.27896079	0.00000000	0.00000000	10.00000000	0.00000000	0.00000000
S1	f	0.49636053	0.29660043	0.00000000	0.00000000	10.00000000	0.00000000	0.00000000
S2	f	0.46752558	0.01695773	0.00000000	0.00000000	10.00000000	0.00000000	0.00000000
S3	f	0.89683134	0.64650166	0.00000000	0.00000000	10.00000000	0.00000000	0.00000000
S4	f	0.15109651	0.38916556	0.00000000	0.00000000	10.00000000	0.00000000	0.00000000
S5	f	0.97853687	0.57309489	0.00000000	0.00000000	10.00000000	0.00000000	0.00000000
S6	f	0.89850602	0.71350522	0.00000000	0.00000000	10.00000000	0.00000000	0.00000000
S7	f	0.61158112	0.00755839	0.00000000	0.00000000	10.00000000	0.00000000	0.00000000
S8	f	0.45183311	0.71172228	0.00000000	0.00000000	10.00000000	0.00000000	0.00000000
S9	f	0.96813764	0.26432038	0.00000000	0.00000000	10.00000000	0.00000000	0.00000000
C1	c	0.51467662	0.13268679	0.06023235	0.00000000	8.00000000	0.02908189	0.00000000
C2	c	0.53461002	0.13871426	0.12670628	0.06000000	8.06000000	0.01340565	0.00000000
C3	c	0.52038251	0.13416428	0.11249207	0.12000000	8.12000000	0.01075547	0.00000000
C4	c	0.49928445	0.20763986	0.08864104	0.18000000	8.18000000	0.02363546	0.00000000
C5	c	0.55871485	0.10340483	0.09175804	0.24000000	8.24000000	0.01438939	0.00000000
C6	c	0.54545647	0.08663496	0.02829580	0.30000000	8.30000000	0.02801941	0.00000000
C7	c	0.48357463	0.14193959	0.03373086	0.36000000	8.36000000	0.02912684	0.00000000
C8	c	0.89424766	0.00000000	0.10005223	0.42000000	8.42000000	0.01348156	0.00000000
C9	c	0.98219805	0.03375920	0.07881461	0.48000000	8.48000000	0.02429752	0.00000000
C10	c	0.93155388	0.00000000	0.09984610	0.54000000	8.54000000	0.02387514	0.00000000
C11	c	0.95628043	0.00000000	0.04673708	0.60000000	8.60000000	0.02453105	0.00000000
C12	c	0.92965015	0.07532477	0.11897608	0.66000000	8.66000000	0.01596172	0.00000000
C13	c	0.92689617	0.04934703	0.12493558	0.72000000	8.72000000	0.02649494	0.00000000
C14	c	0.06004931	0.24379624	0.07398903	0.78000000	8.78000000	0.01118215	0.00000000
C15	c	0.18140024	0.26268240	0.07951880	0.84000000	8.84000000	0.02524530	0.00000000
C16	c	0.15959418	0.29414543	0.06840207	0.90000000	8.90000000	0.02821059	0.00000000
C17	c	0.11864101	0.35218513	0.12639075	0.96000000	8.96000000	0.02763497	0.00000000
C18	c	0.11887087	0.33148007	0.14223844	1.02000000	9.02000000	0.02131676	0.00000000
C19	c	0.09606085	0.33480373	0.05206354	1.08000000	9.08000000	0.01800891	0.00000000
C20	c	0.37605772	0.45587800	0.07730418	1.14000000	9.14000000	0.01760677	0.00000000
C21	c	0.32865765	0.47613866	0.16309637	1.20000000	9.20000000	0.02464118	0.00000000
C22	c	0.36022386	0.38958834	0.13104846	1.26000000	9.26000000	0.01318249	0.00000000
C23	c	0.32099663	0.50107215	0.07231858	1.32000000	9.32000000	0.02676731	0.00000000
C24	c	0.30097769	0.50988275	0.07243499	1.38000000	9.38000000	0.01192382	0.00000000
C25	c	0.33274181	0.44842480	0.04980489	1.44000000	9.44000000	0.02602707	0.00000000
C26	c	0.31849760	0.49108517	0.08587674	1.50000000	9.50000000	0.02218715	0.00000000
C27	c	0.28710102	0.43030916	0.03463064	1.56000000	9.56000000	0.02546926	0.00000000
C28	c	0.93569200	1.00000000	0.03523154	1.62000000	9.62000000	0.02420486	0.00000000
C29	c	0.90606881	0.90683347	0.10567342	1.68000000	9.68000000	0.01756703	0.00000000
C30	c	0.97529867	0.86237755	0.15728902	1.74000000	9.74000000	0.02141904	0.00000000
C31	c	0.93194145	0.86850629	0.14931144	1.80000000	9.80000000	0.02012062	0.00000000
C32	c	0.98988223	0.83589518	0.13528149	1.86000000	9.86000000	0.02852558	0.00000000
C33	c	0.98237486	0.88453643	0.03329153	1.92000000	9.92000000	0.02672074	0.00000000
C34	c	0.85909765	0.89083329	0.06770464	1.98000000	9.98000000	0.01886845	0.00000000
C35	c	0.90125626	0.86447151	0.13628480	2.00000000	10.00000000	0.02480046	0.00000000
C36	c	0.24958653	0.56797764	0.04219524	2.00000000	10.00000000	0.01562115	0.00000000
C37	c	0.23914542	0.50956605	0.01129753	2.00000000	10.00000000	0.01947086	0.00000000
C38	c	0.32766181	0.56042094	0.14400919	2.00000000	10.00000000	0.02392753	0.00000000
C39	c	0.33600295	0.58315390	0.11745044	2.00000000	10.00000000	0.01958253	0.00000000
C40	c	0.38045166	0.58062206	0.09192635	2.00000000	10.00000000	0.01010887	0.00000000
C41	c	0.29480962	0.28038820	0.02875905	2.00000000	10.00000000	0.01958880	0.00000000
C42	c	0.33076608	0.27964365	0.07482655	2.00000000	10.00000000	0.01735538	0.00000000
C43	c	0.32972087	0.33930482	0.11044822	2.00000000	10.00000000	0.02141866	0.00000000
C44	c	0.31549541	0.29459049	0.07516019	2.00000000	10.00000000	0.01327509	0.00000000
C45	c	0.27678702	0.27657043	0.12039137	2.00000000	10.00000000	0.01689493	0.00000000
C46	c	0.40346620	0.36983030	0.14047309	2.00000000	10.00000000	0.01036793	0.00000000
C47	c	0.28789507	0.39061940	0.09513009	2.00000000	10.00000000	0.02156643	0.00000000
C48	c	0.33381485	0.33173301	0.03343398	2.00000000	10.00000000	0.02673120	0.00000000
C49	c	0.33506145	0.24872248	0.12426148	2.00000000	10.00000000	0.01498777	0.00000000
C50	c	0.32768563	0.25839028	0.12983373	2.00000000	10.00000000	0.02107300	0.00000000

Q Vehicle fuel tank capacity /0.40000000/
C Vehicle load capacity /1.50000000/
r fuel consumption rate /0.25000000/
g inverse refueling rate /1.00000000/
v average Velocity /1.00000000/
