StringID	Type	x	y	demand	ReadyTime	DueDate	ServiceTime	altitude
D0	d	0.50000000	0.50000000	0.00000000	0.00000000	10.00000000	0.00000000	0.00000000
S0	f	0.00562920	0.75209711	0.00000000	0.00000000	10.00000000	0.00000000	0.00000000
S1	f	0.79663668	0.42143187	0.00000000	0.00000000	10.00000000	0.00000000	0.00000000
S2	f	0.51890436	0.85861554	0.00000000	0.00000000	10.00000000	0.00000000	0.00000000
S3	f	0.73067488	0.57132388	0.00000000	0.00000000	10.00000000	0.00000000	0.00000000
S4	f	0.27068272	0.16032872	0.00000000	0.00000000	10.00000000	0.00000000	0.00000000
S5	f	0.94042314	0.69668000	0.00000000	0.00000000	10.00000000	0.00000000	0.00000000
S6	f	0.64570182	0.75728076	0.00000000	0.00000000	10.00000000	0.00000000	0.00000000
S7	f	0.86334178	0.69455928	0.00000000	0.00000000	10.00000000	0.00000000	0.00000000
S8	f	0.05171813	0.61860067	0.00000000	0.00000000	10.00000000	0.00000000	0.00000000
S9	f	0.02755029	0.00537544	0.00000000	0.00000000	10.00000000	0.00000000	0.00000000
C1	c	0.54966130	0.17953924	0.11724774	0.00000000	8.00000000	0.02064008	0.00000000
C2	c	0.60142290	0.17310744	0.07126597	0.06000000	8.06000000	0.02650963	0.00000000
C3	c	0.51701104	0.19223325	0.15474918	0.12000000	8.12000000	0.01776849	0.00000000
C4	c	0.45617947	0.24686569	0.10055594	0.18000000	8.18000000	0.02324265	0.00000000
C5	c	0.43632420	0.12197068	0.14946993	0.24000000	8.24000000	0.02008401	0.00000000
C6	c	0.51213578	0.12299872	0.05440015	0.30000000	8.30000000	0.02892145	0.00000000
C7	c	0.53004532	0.20127688	0.01789497	0.36000000	8.36000000	0.01954238	0.00000000
C8	c	0.47568667	0.20553454	0.02464529	0.42000000	8.42000000	0.01959118	0.00000000
C9	c	0.60671420	0.21971277	0.05788499	0.48000000	8.48000000	0.01508414	0.00000000
C10	c	0.00000000	0.70954883	0.16017523	0.54000000	8.54000000	0.02100741	0.00000000
C11	c	0.00000000	0.79407188	0.09475442	0.60000000	8.60000000	0.01852916	0.00000000
C12	c	0.04284953	0.81045850	0.08523949	0.66000000	8.66000000	0.01938309	0.00000000
C13	c	0.04019462	0.70479428	0.10692758	0.72000000	8.72000000	0.01332316	0.00000000
C14	c	0.00889075	0.70170940	0.08102137	0.78000000	8.78000000	0.01929982	0.00000000
C15	c	0.00000000	0.63002002	0.02280889	0.84000000	8.84000000	0.01693134	0.00000000
C16	c	0.53593760	0.75287812	0.06728216	0.90000000	8.90000000	0.01048630	0.00000000
C17	c	0.46139087	0.70622697	0.08107220	0.96000000	8.96000000	0.02319594	0.00000000
C18	c	0.51003332	0.67593779	0.12998917	1.02000000	9.02000000	0.01985511	0.00000000
C19	c	0.57350282	0.68391601	0.10136963	1.08000000	9.08000000	0.02918721	0.00000000
C20	c	0.56497779	0.66764461	0.14676170	1.14000000	9.14000000	0.02618204	0.00000000
C21	c	0.57308941	0.72869942	0.02136179	1.20000000	9.20000000	0.02462880	0.00000000
C22	c	0.50916243	0.70486789	0.13973884	1.26000000	9.26000000	0.02416840	0.00000000
C23	c	0.80463832	0.76408055	0.05261686	1.32000000	9.32000000	0.01824348	0.00000000
C24	c	0.86715784	0.79833224	0.09593282	1.38000000	9.38000000	0.01348040	0.00000000
C25	c	0.83993631	0.94538972	0.10546896	1.44000000	9.44000000	0.01061906	0.00000000
C26	c	0.90459218	0.89074428	0.06042717	1.50000000	9.50000000	0.02176910	0.00000000
C27	c	0.91035234	0.90556934	0.03190352	1.56000000	9.56000000	0.01840423	0.00000000
C28	c	0.84446650	0.92961336	0.14719814	1.62000000	9.62000000	0.01452712	0.00000000
C29	c	0.86401559	0.86182401	0.07539915	1.68000000	9.68000000	0.01610982	0.00000000
C30	c	0.84128238	0.95693046	0.03334028	1.74000000	9.74000000	0.01918513	0.00000000
C31	c	0.82433857	0.86913285	0.04210104	1.80000000	9.80000000	0.01085305	0.00000000
C32	c	0.67094764	0.23830601	0.04538526	1.86000000	9.86000000	0.01725077	0.00000000
C33	c	0.61345361	0.33439887	0.11205498	1.92000000	9.92000000	0.01473621	0.00000000
C34	c	0.59222665	0.25442463	0.02534315	1.98000000	9.98000000	0.02414345	0.00000000
C35	c	0.57702760	0.21133624	0.06853691	2.00000000	10.00000000	0.02149530	0.00000000
C36	c	0.55810020	0.22885260	0.13532731	2.00000000	10.00000000	0.02544987	0.00000000
C37	c	0.58072951	0.25833527	0.10406902	2.00000000	10.00000000	0.01493575	0.00000000
C38	c	0.56177105	0.21180534	0.09392210	2.00000000	10.00000000	0.02274760	0.00000000
C39	c	0.61191121	0.23411158	0.13350099	2.00000000	10.00000000	0.01072549	0.00000000
C40	c	0.00000000	0.97903987	0.02249179	2.00000000	10.00000000	0.01076306	0.00000000
C41	c	0.00000000	0.87504216	0.10555520	2.00000000	10.00000000	0.01805313	0.00000000
C42	c	0.00000000	0.98605262	0.05767031	2.00000000	10.00000000	0.02332233	0.00000000
C43	c	0.00000000	0.99417040	0.15007238	2.00000000	10.00000000	0.02113743	0.00000000
C44	c	0.00000000	0.97349748	0.13428840	2.00000000	10.00000000	0.01144028	0.00000000
C45	c	0.02337964	0.89014316	0.14408346	2.00000000	10.00000000	0.01939060	0.00000000
C46	c	0.91035879	0.93074766	0.14261268	2.00000000	10.00000000	0.02859535	0.00000000
C47	c	0.96685512	0.89288783	0.13113669	2.00000000	10.00000000	0.02125199	0.00000000
C48	c	0.89002240	0.93809946	0.05005175	2.00000000	10.00000000	0.02794116	0.00000000
C49	c	0.85063214	0.93195080	0.10388139	2.00000000	10.00000000	0.02832941	0.00000000
C50	c	0.89633826	0.86839398	0.10901166	2.00000000	10.00000000	0.02793838	0.00000000

Q Vehicle fuel tank capacity /0.40000000/
C Vehicle load capacity /1.50000000/
r fuel consumption rate /0.25000000/
g inverse refueling rate /1.00000000/
v average Velocity /1.00000000/
