StringID	Type	x	y	demand	ReadyTime	DueDate	ServiceTime	altitude
D0	d	0.50000000	0.50000000	0.00000000	0.00000000	10.00000000	0.00000000	0.00000000
S0	f	0.53474676	0.21685141	0.00000000	0.00000000	10.00000000	0.00000000	0.00000000
S1	f	0.87903989	0.91608930	0.00000000	0.00000000	10.00000000	0.00000000	0.00000000
S2	f	0.72183049	0.47766325	0.00000000	0.00000000	10.00000000	0.00000000	0.00000000
S3	f	0.09696052	0.41538714	0.00000000	0.00000000	10.00000000	0.00000000	0.00000000
S4	f	0.55214489	0.68889099	0.00000000	0.00000000	10.00000000	0.00000000	0.00000000
S5	f	0.28458815	0.11845399	0.00000000	0.00000000	10.00000000	0.00000000	0.00000000
S6	f	0.65559049	0.05367103	0.00000000	0.00000000	10.00000000	0.00000000	0.00000000
S7	f	0.28795594	0.93374329	0.00000000	0.00000000	10.00000000	0.00000000	0.00000000
S8	f	0.33108854	0.15901460	0.00000000	0.00000000	10.00000000	0.00000000	0.00000000
S9	f	0.90980718	0.04993919	0.00000000	0.00000000	10.00000000	0.00000000	0.00000000
C1	c	0.75330039	0.76917933	0.06630542	0.00000000	8.00000000	0.01158154	0.00000000
C2	c	0.73499566	0.75871728	0.02479857	0.06000000	8.06000000	0.01215189	0.00000000
C3	c	0.75008975	0.84558729	0.16058868	0.12000000	8.12000000	0.01654563	0.00000000
C4	c	0.71880235	0.83304460	0.14127690	0.18000000	8.18000000	0.02327709	0.00000000
C5	c	0.83162745	0.76899093	0.12131212	0.24000000	8.24000000	0.02708573	0.00000000
C6	c	0.75639559	0.83275070	0.01592961	0.30000000	8.30000000	0.02288182	0.00000000
C7	c	0.78528316	0.86746537	0.08090812	0.36000000	8.36000000	0.02405618	0.00000000
C8	c	0.73408005	0.81071234	0.03689818	0.42000000	8.42000000	0.02872750	0.00000000
C9	c	0.72471167	0.80907803	0.15740335	0.48000000	8.48000000	0.01345755	0.00000000
C10	c	0.70435236	0.79082796	0.16689215	0.54000000	8.54000000	0.02960465	0.00000000
C11	c	0.82081700	0.33901307	0.09096474	0.60000000	8.60000000	0.01825504	0.00000000
C12	c	0.80414282	0.25425987	0.08943294	0.66000000	8.66000000	0.02696676	0.00000000
C13	c	0.73674908	0.36559580	0.14146909	0.72000000	8.72000000	0.01374721	0.00000000
C14	c	0.71459190	0.29300364	0.10926787	0.78000000	8.78000000	0.02429136	0.00000000
C15	c	0.72977153	0.27365938	0.03345402	0.84000000	8.84000000	0.01731236	0.00000000
C16	c	0.71728747	0.25786742	0.03465528	0.90000000	8.90000000	0.02085798	0.00000000
C17	c	0.70736919	0.27246293	0.01672519	0.96000000	8.96000000	0.01483337	0.00000000
C18	c	0.78280529	0.32755245	0.04442801	1.02000000	9.02000000	0.01373563	0.00000000
C19	c	0.72434033	0.34515302	0.09564414	1.08000000	9.08000000	0.01392489	0.00000000
C20	c	0.72922284	0.25881131	0.12302732	1.14000000	9.14000000	0.01996759	0.00000000
C21	c	0.23528671	0.96607522	0.08004992	1.20000000	9.20000000	0.02630533	0.00000000
C22	c	0.24140592	0.83384967	0.05625764	1.26000000	9.26000000	0.01731033	0.00000000
C23	c	0.30636843	0.87461200	0.11599635	1.32000000	9.32000000	0.02021784	0.00000000
C24	c	0.24523755	0.83955586	0.06624592	1.38000000	9.38000000	0.02197769	0.00000000
C25	c	0.26760901	0.85558219	0.03499448	1.44000000	9.44000000	0.02432107	0.00000000
C26	c	0.33984153	0.84098871	0.01971369	1.50000000	9.50000000	0.02142012	0.00000000
C27	c	0.36578949	0.87965998	0.14043163	1.56000000	9.56000000	0.02808401	0.00000000
C28	c	0.62400479	0.22708597	0.17768861	1.62000000	9.62000000	0.01237506	0.00000000
C29	c	0.65684173	0.25418233	0.02297820	1.68000000	9.68000000	0.01395892	0.00000000
C30	c	0.65504158	0.15075886	0.05137955	1.74000000	9.74000000	0.02473505	0.00000000
C31	c	0.71333121	0.14957043	0.01849123	1.80000000	9.80000000	0.01937679	0.00000000
C32	c	0.66576554	0.20138008	0.12865443	1.86000000	9.86000000	0.02497829	0.00000000
C33	c	0.59141498	0.18097502	0.08527774	1.92000000	9.92000000	0.02249743	0.00000000
C34	c	0.63483187	0.75392386	0.05490722	1.98000000	9.98000000	0.01188151	0.00000000
C35	c	0.71986821	0.72277154	0.14827661	2.00000000	10.00000000	0.02125430	0.00000000
C36	c	0.64135119	0.83488259	0.15036980	2.00000000	10.00000000	0.02389122	0.00000000
C37	c	0.52455981	0.15988703	0.03797855	2.00000000	10.00000000	0.02386500	0.00000000
C38	c	0.43974991	0.26880798	0.12252221	2.00000000	10.00000000	0.02759575	0.00000000
C39	c	0.58962709	0.17583499	0.06210361	2.00000000	10.00000000	0.02797303	0.00000000
C40	c	0.49002246	0.27593329	0.06463598	2.00000000	10.00000000	0.01136724	0.00000000
C41	c	0.58621056	0.11918500	0.04904847	2.00000000	10.00000000	0.01587187	0.00000000
C42	c	0.54167398	0.27597765	0.05446509	2.00000000	10.00000000	0.01915991	0.00000000
C43	c	0.49676486	0.18767693	0.10230193	2.00000000	10.00000000	0.02693191	0.00000000
C44	c	0.51175646	0.57025111	0.12669016	2.00000000	10.00000000	0.01656130	0.00000000
C45	c	0.49535107	0.50720543	0.17912713	2.00000000	10.00000000	0.02595646	0.00000000
C46	c	0.47272513	0.73371154	0.17893161	2.00000000	10.00000000	0.02894541	0.00000000
C47	c	0.45124011	0.58485361	0.10142096	2.00000000	10.00000000	0.02334864	0.00000000
C48	c	0.45627315	0.63554815	0.10414556	2.00000000	10.00000000	0.01879139	0.00000000
C49	c	0.51418384	0.63217633	0.07682466	2.00000000	10.00000000	0.02661654	0.00000000
C50	c	0.47376500	0.65510820	0.13670939	2.00000000	10.00000000	0.02553923	0.00000000

Q Vehicle fuel tank capacity /0.40000000/
C Vehicle load capacity /1.50000000/
r fuel consumption rate /0.25000000/
g inverse refueling rate /1.00000000/
v average Velocity /1.00000000/
