StringID	Type	x	y	demand	ReadyTime	DueDate	ServiceTime	altitude
D0	d	0.50000000	0.50000000	0.00000000	0.00000000	10.00000000	0.00000000	0.00000000
S0	f	0.29256540	0.25158686	0.00000000	0.00000000	10.00000000	0.00000000	0.00000000
S1	f	0.72085660	0.24225580	0.00000000	0.00000000	10.00000000	0.00000000	0.00000000
S2	f	0.10009003	0.20041979	0.00000000	0.00000000	10.00000000	0.00000000	0.00000000
S3	f	0.47171175	0.39953230	0.00000000	0.00000000	10.00000000	0.00000000	0.00000000
S4	f	0.46835399	0.70278262	0.00000000	0.00000000	10.00000000	0.00000000	0.00000000
S5	f	0.05278713	0.69333161	0.00000000	0.00000000	10.00000000	0.00000000	0.00000000
S6	f	0.56258201	0.37816061	0.00000000	0.00000000	10.00000000	0.00000000	0.00000000
S7	f	0.90627697	0.58248466	0.00000000	0.00000000	10.00000000	0.00000000	0.00000000
S8	f	0.19315312	0.94586658	0.00000000	0.00000000	10.00000000	0.00000000	0.00000000
S9	f	0.90447627	0.94423860	0.00000000	0.00000000	10.00000000	0.00000000	0.00000000
C1	c	0.20752116	0.09979532	0.17536795	0.00000000	8.00000000	0.02585711	0.00000000
C2	c	0.10429276	0.07068339	0.03389033	0.06000000	8.06000000	0.02530562	0.00000000
C3	c	0.07860997	0.02874014	0.11914428	0.12000000	8.12000000	0.02322263	0.00000000
C4	c	0.20731929	0.00000000	0.02972430	0.18000000	8.18000000	0.01267138	0.00000000
C5	c	0.21073992	0.09032254	0.11180071	0.24000000	8.24000000	0.02096828	0.00000000
C6	c	0.16902951	0.05725928	0.02007002	0.30000000	8.30000000	0.01377834	0.00000000
C7	c	0.11401539	0.15887442	0.06241998	0.36000000	8.36000000	0.01537010	0.00000000
C8	c	0.14865355	0.00000000	0.10645780	0.42000000	8.42000000	0.02412258	0.00000000
C9	c	0.15488426	0.07867054	0.13699522	0.48000000	8.48000000	0.02336567	0.00000000
C10	c	0.85758502	0.02028171	0.12046423	0.54000000	8.54000000	0.02164231	0.00000000
C11	c	0.80849040	0.13687366	0.15388442	0.60000000	8.60000000	0.01594821	0.00000000
C12	c	0.71717649	0.00000000	0.13603533	0.66000000	8.66000000	0.01834633	0.00000000
C13	c	0.85983598	0.03290428	0.04430772	0.72000000	8.72000000	0.02526633	0.00000000
C14	c	0.88541817	0.02946680	0.03732648	0.78000000	8.78000000	0.02474551	0.00000000
C15	c	0.36793646	0.15980291	0.09227011	0.84000000	8.84000000	0.01580554	0.00000000
C16	c	0.35147909	0.26197636	0.08477941	0.90000000	8.90000000	0.02696259	0.00000000
C17	c	0.32856514	0.22377215	0.05376336	0.96000000	8.96000000	0.02675829	0.00000000
C18	c	0.38442725	0.27055536	0.04369328	1.02000000	9.02000000	0.01328486	0.00000000
C19	c	0.97312176	0.29997619	0.04031768	1.08000000	9.08000000	0.02600251	0.00000000
C20	c	0.97187794	0.34811457	0.02198215	1.14000000	9.14000000	0.01385231	0.00000000
C21	c	0.98366142	0.42579615	0.08200343	1.20000000	9.20000000	0.01993846	0.00000000
C22	c	0.96906407	0.27714831	0.11795500	1.26000000	9.26000000	0.01527995	0.00000000
C23	c	0.89860053	0.32003483	0.09615498	1.32000000	9.32000000	0.02467842	0.00000000
C24	c	1.00000000	0.25113549	0.17308308	1.38000000	9.38000000	0.02222171	0.00000000
C25	c	0.66777949	0.43369903	0.14881272	1.44000000	9.44000000	0.02153436	0.00000000
C26	c	0.56663354	0.52218782	0.17191287	1.50000000	9.50000000	0.02735727	0.00000000
C27	c	0.69826239	0.44290623	0.11405967	1.56000000	9.56000000	0.01251110	0.00000000
C28	c	0.59161474	0.54999933	0.06225434	1.62000000	9.62000000	0.02363052	0.00000000
C29	c	0.55019170	0.48868961	0.10267918	1.68000000	9.68000000	0.01656874	0.00000000
C30	c	0.62725832	0.40155582	0.04506694	1.74000000	9.74000000	0.01532195	0.00000000
C31	c	0.73393241	0.40932687	0.02118372	1.80000000	9.80000000	0.02706656	0.00000000
C32	c	0.60149649	0.50270633	0.17822772	1.86000000	9.86000000	0.01465566	0.00000000
C33	c	0.63736508	0.49926932	0.09260892	1.92000000	9.92000000	0.01989374	0.00000000
C34	c	0.45777880	0.11282194	0.02940983	1.98000000	9.98000000	0.02134225	0.00000000
C35	c	0.40058859	0.09835667	0.17930668	2.00000000	10.00000000	0.02350586	0.00000000
C36	c	0.36569445	0.09513587	0.14003432	2.00000000	10.00000000	0.01059016	0.00000000
C37	c	0.34108857	0.11735625	0.02186717	2.00000000	10.00000000	0.01828666	0.00000000
C38	c	0.36302068	0.02288726	0.02632039	2.00000000	10.00000000	0.01742685	0.00000000
C39	c	0.35770786	0.02655497	0.07252320	2.00000000	10.00000000	0.02810882	0.00000000
C40	c	0.33930157	0.13702645	0.08673339	2.00000000	10.00000000	0.02496465	0.00000000
C41	c	0.38240359	0.16553006	0.08308063	2.00000000	10.00000000	0.01204330	0.00000000
C42	c	0.02095507	0.94861012	0.08983938	2.00000000	10.00000000	0.01023878	0.00000000
C43	c	0.00000000	0.91212562	0.07338258	2.00000000	10.00000000	0.02393730	0.00000000
C44	c	0.00688468	0.91933518	0.15458848	2.00000000	10.00000000	0.02770044	0.00000000
C45	c	0.15375361	0.86706210	0.04533258	2.00000000	10.00000000	0.02331220	0.00000000
C46	c	0.12848310	0.99121997	0.11165782	2.00000000	10.00000000	0.01335247	0.00000000
C47	c	0.12520385	0.83780262	0.07599717	2.00000000	10.00000000	0.02962612	0.00000000
C48	c	0.05534926	0.90930973	0.02731337	2.00000000	10.00000000	0.02171153	0.00000000
C49	c	0.02621095	0.88304976	0.17443562	2.00000000	10.00000000	0.02581728	0.00000000
C50	c	0.15488099	0.78363293	0.07748008	2.00000000	10.00000000	0.01686814	0.00000000

Q Vehicle fuel tank capacity /0.40000000/
C Vehicle load capacity /1.50000000/
r fuel consumption rate /0.25000000/
g inverse refueling rate /1.00000000/
v average Velocity /1.00000000/
