StringID	Type	x	y	demand	ReadyTime	DueDate	ServiceTime	altitude
D0	d	0.50000000	0.50000000	0.00000000	0.00000000	10.00000000	0.00000000	0.00000000
S0	f	0.22895275	0.86931248	0.00000000	0.00000000	10.00000000	0.00000000	0.00000000
S1	f	0.50272032	0.10827825	0.00000000	0.00000000	10.00000000	0.00000000	0.00000000
S2	f	0.35245287	0.12837462	0.00000000	0.00000000	10.00000000	0.00000000	0.00000000
S3	f	0.87004895	0.21719136	0.00000000	0.00000000	10.00000000	0.00000000	0.00000000
S4	f	0.70705106	0.39125059	0.00000000	0.00000000	10.00000000	0.00000000	0.00000000
S5	f	0.20465924	0.04148939	0.00000000	0.00000000	10.00000000	0.00000000	0.00000000
S6	f	0.79005504	0.42311585	0.00000000	0.00000000	10.00000000	0.00000000	0.00000000
S7	f	0.47618663	0.26218384	0.00000000	0.00000000	10.00000000	0.00000000	0.00000000
S8	f	0.39879367	0.92024184	0.00000000	0.00000000	10.00000000	0.00000000	0.00000000
S9	f	0.24471180	0.28591601	0.00000000	0.00000000	10.00000000	0.00000000	0.00000000
C1	c	1.00000000	0.70239481	0.09268757	0.00000000	8.00000000	0.01063491	0.00000000
C2	c	0.86204921	0.79218838	0.07692830	0.06000000	8.06000000	0.01922973	0.00000000
C3	c	0.91679813	0.73278331	0.15222436	0.12000000	8.12000000	0.02849993	0.00000000
C4	c	0.99129393	0.75789249	0.08777665	0.18000000	8.18000000	0.02348154	0.00000000
C5	c	0.92012581	0.79081761	0.04111269	0.24000000	8.24000000	0.02879766	0.00000000
C6	c	0.93329570	0.82148088	0.12914124	0.30000000	8.30000000	0.01551347	0.00000000
C7	c	1.00000000	0.77555791	0.02908886	0.36000000	8.36000000	0.01414520	0.00000000
C8	c	0.14350304	0.08664673	0.13113312	0.42000000	8.42000000	0.01311906	0.00000000
C9	c	0.07422426	0.06837516	0.03023469	0.48000000	8.48000000	0.02646783	0.00000000
C10	c	0.12301546	0.04172414	0.06183181	0.54000000	8.54000000	0.02301202	0.00000000
C11	c	0.03707339	0.09571996	0.11879632	0.60000000	8.60000000	0.01759847	0.00000000
C12	c	0.39082922	0.71392318	0.07091809	0.66000000	8.66000000	0.01956598	0.00000000
C13	c	0.46995649	0.74285081	0.15178088	0.72000000	8.72000000	0.01551408	0.00000000
C14	c	0.42401622	0.73441604	0.10772683	0.78000000	8.78000000	0.02884675	0.00000000
C15	c	0.39689170	0.80025092	0.14262951	0.84000000	8.84000000	0.01758836	0.00000000
C16	c	0.43755075	0.72201960	0.11371354	0.90000000	8.90000000	0.01659231	0.00000000
C17	c	0.39636326	0.71971483	0.10968610	0.96000000	8.96000000	0.01662739	0.00000000
C18	c	0.40138174	0.71310185	0.09361732	1.02000000	9.02000000	0.02492079	0.00000000
C19	c	0.38651630	0.70460468	0.12334830	1.08000000	9.08000000	0.01111876	0.00000000
C20	c	0.38905203	0.78234718	0.02104176	1.14000000	9.14000000	0.02972313	0.00000000
C21	c	0.30396351	0.80102465	0.10553653	1.20000000	9.20000000	0.02851427	0.00000000
C22	c	0.20247219	0.95297550	0.15936963	1.26000000	9.26000000	0.02661781	0.00000000
C23	c	0.29296253	0.84063662	0.14554762	1.32000000	9.32000000	0.02108978	0.00000000
C24	c	0.16506169	0.94120491	0.13831821	1.38000000	9.38000000	0.01080867	0.00000000
C25	c	0.23772616	0.91875927	0.04981190	1.44000000	9.44000000	0.02902938	0.00000000
C26	c	0.86352572	0.12889920	0.06148241	1.50000000	9.50000000	0.01874450	0.00000000
C27	c	0.81106672	0.13738378	0.10013239	1.56000000	9.56000000	0.01780610	0.00000000
C28	c	0.87327704	0.16593014	0.12959584	1.62000000	9.62000000	0.02602845	0.00000000
C29	c	0.92895935	0.04699432	0.07402644	1.68000000	9.68000000	0.01624045	0.00000000
C30	c	0.88710930	0.13160838	0.06591442	1.74000000	9.74000000	0.02757960	0.00000000
C31	c	0.79437000	0.11281506	0.05932023	1.80000000	9.80000000	0.01741807	0.00000000
C32	c	0.93003352	0.09275943	0.01673304	1.86000000	9.86000000	0.02701095	0.00000000
C33	c	0.83644405	0.09957947	0.15437206	1.92000000	9.92000000	0.02002955	0.00000000
C34	c	0.79890819	0.06360233	0.15564147	1.98000000	9.98000000	0.02959134	0.00000000
C35	c	0.77490432	0.03724058	0.06834135	2.00000000	10.00000000	0.02903528	0.00000000
C36	c	0.84063768	0.01913159	0.10105736	2.00000000	10.00000000	0.01286753	0.00000000
C37	c	0.83928147	0.06479369	0.12892479	2.00000000	10.00000000	0.01956918	0.00000000
C38	c	0.81703435	0.10542941	0.05179690	2.00000000	10.00000000	0.01105881	0.00000000
C39	c	0.80981052	0.08116503	0.12174379	2.00000000	10.00000000	0.02497215	0.00000000
C40	c	0.49893912	0.45528695	0.05997729	2.00000000	10.00000000	0.01816940	0.00000000
C41	c	0.55391540	0.31390917	0.12768584	2.00000000	10.00000000	0.02265142	0.00000000
C42	c	0.45831981	0.50063671	0.06148708	2.00000000	10.00000000	0.01228983	0.00000000
C43	c	0.47824997	0.38763937	0.03856686	2.00000000	10.00000000	0.01601572	0.00000000
C44	c	0.52270045	0.46457263	0.11762018	2.00000000	10.00000000	0.02501672	0.00000000
C45	c	0.45980959	0.38761209	0.06881431	2.00000000	10.00000000	0.01585124	0.00000000
C46	c	0.50731697	0.38928427	0.03606104	2.00000000	10.00000000	0.01406447	0.00000000
C47	c	0.55937776	0.43106751	0.08183900	2.00000000	10.00000000	0.01575062	0.00000000
C48	c	0.39955159	0.49719817	0.07327263	2.00000000	10.00000000	0.02258690	0.00000000
C49	c	0.49609658	0.51809459	0.02844941	2.00000000	10.00000000	0.01390740	0.00000000
C50	c	0.48828181	0.41169996	0.03314207	2.00000000	10.00000000	0.02700716	0.00000000

Q Vehicle fuel tank capacity /0.40000000/
C Vehicle load capacity /1.50000000/
r fuel consumption rate /0.25000000/
g inverse refueling rate /1.00000000/
v average Velocity /1.00000000/
