StringID	Type	x	y	demand	ReadyTime	DueDate	ServiceTime	altitude
D0	d	0.50000000	0.50000000	0.00000000	0.00000000	10.00000000	0.00000000	0.00000000
S0	f	0.49964655	0.43608223	0.00000000	0.00000000	10.00000000	0.00000000	0.00000000
S1	f	0.75019509	0.00750483	0.00000000	0.00000000	10.00000000	0.00000000	0.00000000
S2	f	0.42024226	0.42889515	0.00000000	0.00000000	10.00000000	0.00000000	0.00000000
S3	f	0.84916252	0.49236458	0.00000000	0.00000000	10.00000000	0.00000000	0.00000000
S4	f	0.09980594	0.85727863	0.00000000	0.00000000	10.00000000	0.00000000	0.00000000
S5	f	0.47203130	0.17445348	0.00000000	0.00000000	10.00000000	0.00000000	0.00000000
C1	c	0.74829301	0.81969887	0.18420863	0.00000000	8.00000000	0.01123423	0.00000000
C2	c	0.63163917	0.95336239	0.21507667	0.10000000	8.10000000	0.01655684	0.00000000
C3	c	0.68466888	0.82401783	0.04439423	0.20000000	8.20000000	0.02838888	0.00000000
C4	c	0.73425388	0.93270862	0.20295807	0.30000000	8.30000000	0.01418200	0.00000000
C5	c	0.72413540	0.83416495	0.24740721	0.40000000	8.40000000	0.01600533	0.00000000
C6	c	0.85482218	0.91562594	0.12842172	0.50000000	8.50000000	0.02315558	0.00000000
C7	c	0.78548976	0.90528773	0.14222767	0.60000000	8.60000000	0.01393523	0.00000000
C8	c	0.44165627	0.48360097	0.08856543	0.70000000	8.70000000	0.02109417	0.00000000
C9	c	0.35846166	0.56486739	0.22081740	0.80000000	8.80000000	0.02363503	0.00000000
C10	c	0.31242885	0.53902512	0.15716716	0.90000000	8.90000000	0.01517265	0.00000000
C11	c	0.27992434	0.56892906	0.03492160	1.00000000	9.00000000	0.01766120	0.00000000
C12	c	0.34960745	0.51340623	0.22147843	1.10000000	9.10000000	0.01787113	0.00000000
C13	c	0.24110360	0.56850936	0.07808785	1.20000000	9.20000000	0.02133881	0.00000000
C14	c	0.28140731	0.47521610	0.02197405	1.30000000	9.30000000	0.02425835	0.00000000
C15	c	0.36056650	0.57311309	0.25067311	1.40000000	9.40000000	0.02473236	0.00000000
C16	c	0.61960571	0.32089039	0.14503531	1.50000000	9.50000000	0.01318066	0.00000000
C17	c	0.57692650	0.36708952	0.14133989	1.60000000	9.60000000	0.01123176	0.00000000
C18	c	0.69609527	0.40353745	0.18541821	1.70000000	9.70000000	0.02814147	0.00000000
C19	c	0.52614437	0.40436608	0.20844595	1.80000000	9.80000000	0.01322501	0.00000000
C20	c	0.69361843	0.40115038	0.22301143	1.90000000	9.90000000	0.01214618	0.00000000
C21	c	0.61884757	0.32182275	0.02234258	2.00000000	10.00000000	0.02155213	0.00000000
C22	c	0.67339854	0.39263048	0.11867738	2.00000000	10.00000000	0.02320447	0.00000000
C23	c	0.23863372	0.32528970	0.25221412	2.00000000	10.00000000	0.02526239	0.00000000
C24	c	0.23906522	0.39859497	0.12450051	2.00000000	10.00000000	0.01796992	0.00000000
C25	c	0.15709639	0.24123141	0.08135550	2.00000000	10.00000000	0.01634186	0.00000000
C26	c	0.26004304	0.25625779	0.19848199	2.00000000	10.00000000	0.02761920	0.00000000
C27	c	0.26367542	0.31689907	0.09254717	2.00000000	10.00000000	0.01666988	0.00000000
C28	c	0.15271192	0.39521715	0.14181259	2.00000000	10.00000000	0.01954520	0.00000000
C29	c	0.20687060	0.33648310	0.16712996	2.00000000	10.00000000	0.02263022	0.00000000
C30	c	0.20337476	0.35324644	0.15930818	2.00000000	10.00000000	0.01407076	0.00000000

Q Vehicle fuel tank capacity /0.40000000/
C Vehicle load capacity /1.50000000/
r fuel consumption rate /0.25000000/
g inverse refueling rate /1.00000000/
v average Velocity /1.00000000/
