StringID	Type	x	y	demand	ReadyTime	DueDate	ServiceTime	altitude
D0	d	0.50000000	0.50000000	0.00000000	0.00000000	10.00000000	0.00000000	0.00000000
S0	f	0.41408950	0.23432033	0.00000000	0.00000000	10.00000000	0.00000000	0.00000000
S1	f	0.57698861	0.32961843	0.00000000	0.00000000	10.00000000	0.00000000	0.00000000
S2	f	0.42046735	0.14218198	0.00000000	0.00000000	10.00000000	0.00000000	0.00000000
S3	f	0.29293608	0.90827861	0.00000000	0.00000000	10.00000000	0.00000000	0.00000000
S4	f	0.99033069	0.07504839	0.00000000	0.00000000	10.00000000	0.00000000	0.00000000
S5	f	0.61877583	0.75391400	0.00000000	0.00000000	10.00000000	0.00000000	0.00000000
C1	c	0.14665097	0.00023235	0.26343458	0.00000000	8.00000000	0.02127719	0.00000000
C2	c	0.15012878	0.05313676	0.02454259	0.10000000	8.10000000	0.01370985	0.00000000
C3	c	0.08909262	0.00000000	0.22243686	0.20000000	8.20000000	0.02595685	0.00000000
C4	c	0.13806038	0.01167743	0.07049341	0.30000000	8.30000000	0.02551020	0.00000000
C5	c	0.19659089	0.01867631	0.23163446	0.40000000	8.40000000	0.02543410	0.00000000
C6	c	0.07822385	0.01451487	0.07003184	0.50000000	8.50000000	0.01635971	0.00000000
C7	c	0.44164347	0.28890461	0.19397380	0.60000000	8.60000000	0.01990189	0.00000000
C8	c	0.34318595	0.16469065	0.16347963	0.70000000	8.70000000	0.02839876	0.00000000
C9	c	0.37702768	0.21077672	0.07087707	0.80000000	8.80000000	0.02771192	0.00000000
C10	c	0.44725596	0.34164559	0.16462960	0.90000000	8.90000000	0.01078634	0.00000000
C11	c	0.48449808	0.25475526	0.23548775	1.00000000	9.00000000	0.01312523	0.00000000
C12	c	0.37826271	0.05969745	0.02839772	1.10000000	9.10000000	0.01326706	0.00000000
C13	c	0.36404717	0.14438561	0.20066518	1.20000000	9.20000000	0.02660800	0.00000000
C14	c	0.29740134	0.16008216	0.23550884	1.30000000	9.30000000	0.01434240	0.00000000
C15	c	0.34447182	0.18815435	0.19858413	1.40000000	9.40000000	0.02834860	0.00000000
C16	c	0.32112838	0.11707424	0.03839742	1.50000000	9.50000000	0.01542921	0.00000000
C17	c	0.34470007	0.21863548	0.18471650	1.60000000	9.60000000	0.02653180	0.00000000
C18	c	0.50067575	0.86144277	0.05470252	1.70000000	9.70000000	0.01546752	0.00000000
C19	c	0.49863798	0.86733220	0.09547895	1.80000000	9.80000000	0.01626525	0.00000000
C20	c	0.51267364	0.86053131	0.08868274	1.90000000	9.90000000	0.02728763	0.00000000
C21	c	0.50228090	0.79071373	0.17727980	2.00000000	10.00000000	0.01706215	0.00000000
C22	c	0.54858587	0.83952653	0.22109025	2.00000000	10.00000000	0.01533044	0.00000000
C23	c	0.14735812	0.96097091	0.02767859	2.00000000	10.00000000	0.02516644	0.00000000
C24	c	0.05451824	0.90818198	0.02914179	2.00000000	10.00000000	0.01529003	0.00000000
C25	c	0.14555853	0.94517922	0.26558258	2.00000000	10.00000000	0.01533980	0.00000000
C26	c	0.16103274	0.89189070	0.18149644	2.00000000	10.00000000	0.02768919	0.00000000
C27	c	0.21806806	0.88560728	0.21820020	2.00000000	10.00000000	0.01500532	0.00000000
C28	c	0.11880456	0.91335877	0.26462980	2.00000000	10.00000000	0.02060322	0.00000000
C29	c	0.18933830	0.91982314	0.05691904	2.00000000	10.00000000	0.02955138	0.00000000
C30	c	0.16699406	0.83075694	0.22182591	2.00000000	10.00000000	0.02860279	0.00000000

Q Vehicle fuel tank capacity /0.40000000/
C Vehicle load capacity /1.50000000/
r fuel consumption rate /0.25000000/
g inverse refueling rate /1.00000000/
v average Velocity /1.00000000/
