StringID	Type	x	y	demand	ReadyTime	DueDate	ServiceTime	altitude
D0	d	0.50000000	0.50000000	0.00000000	0.00000000	10.00000000	0.00000000	0.00000000
S0	f	0.39994647	0.81894498	0.00000000	0.00000000	10.00000000	0.00000000	0.00000000
S1	f	0.87009051	0.71959638	0.00000000	0.00000000	10.00000000	0.00000000	0.00000000
S2	f	0.78570631	0.81888485	0.00000000	0.00000000	10.00000000	0.00000000	0.00000000
S3	f	0.76415013	0.49669576	0.00000000	0.00000000	10.00000000	0.00000000	0.00000000
S4	f	0.99606078	0.95799390	0.00000000	0.00000000	10.00000000	0.00000000	0.00000000
S5	f	0.44331249	0.20987162	0.00000000	0.00000000	10.00000000	0.00000000	0.00000000
S6	f	0.92270726	0.97745785	0.00000000	0.00000000	10.00000000	0.00000000	0.00000000
S7	f	0.81702730	0.52333834	0.00000000	0.00000000	10.00000000	0.00000000	0.00000000
S8	f	0.19786607	0.84791721	0.00000000	0.00000000	10.00000000	0.00000000	0.00000000
S9	f	0.54194660	0.18373913	0.00000000	0.00000000	10.00000000	0.00000000	0.00000000
C1	c	0.89429527	0.33064404	0.01625945	0.00000000	8.00000000	0.01489456	0.00000000
C2	c	0.90154118	0.29666027	0.04203252	0.06000000	8.06000000	0.01603536	0.00000000
C3	c	0.84480801	0.30988838	0.03303136	0.12000000	8.12000000	0.01114040	0.00000000
C4	c	0.84342753	0.27686681	0.13449864	0.18000000	8.18000000	0.01492816	0.00000000
C5	c	0.92710152	0.28666310	0.07099645	0.24000000	8.24000000	0.01911664	0.00000000
C6	c	0.86542660	0.35468735	0.16790101	0.30000000	8.30000000	0.01850974	0.00000000
C7	c	0.65115575	0.61211154	0.09404692	0.36000000	8.36000000	0.02777943	0.00000000
C8	c	0.64873017	0.71078602	0.16462466	0.42000000	8.42000000	0.01793066	0.00000000
C9	c	0.65943326	0.69116239	0.10412425	0.48000000	8.48000000	0.01143023	0.00000000
C10	c	0.64380702	0.67666370	0.05839064	0.54000000	8.54000000	0.01376057	0.00000000
C11	c	0.53345433	0.63896338	0.04138079	0.60000000	8.60000000	0.01912995	0.00000000
C12	c	0.64674830	0.72179465	0.09849160	0.66000000	8.66000000	0.01041195	0.00000000
C13	c	0.70522804	0.63951277	0.03113194	0.72000000	8.72000000	0.01196517	0.00000000
C14	c	0.61669711	0.64475113	0.10806935	0.78000000	8.78000000	0.01134286	0.00000000
C15	c	0.69470388	0.54509768	0.07906659	0.84000000	8.84000000	0.02664629	0.00000000
C16	c	0.68325633	0.79895361	0.02773806	0.90000000	8.90000000	0.02546929	0.00000000
C17	c	0.06430366	0.70449940	0.05301237	0.96000000	8.96000000	0.02323739	0.00000000
C18	c	0.06274708	0.62185930	0.05613554	1.02000000	9.02000000	0.02747505	0.00000000
C19	c	0.06805253	0.77387369	0.11147390	1.08000000	9.08000000	0.02841600	0.00000000
C20	c	0.16653388	0.80884563	0.16744306	1.14000000	9.14000000	0.02840481	0.00000000
C21	c	0.07207458	0.73592239	0.03278480	1.20000000	9.20000000	0.01912372	0.00000000
C22	c	0.11233224	0.73162299	0.10621484	1.26000000	9.26000000	0.01102015	0.00000000
C23	c	0.05179451	0.67774571	0.12468328	1.32000000	9.32000000	0.02396588	0.00000000
C24	c	0.09062074	0.72226014	0.16897388	1.38000000	9.38000000	0.02167889	0.00000000
C25	c	0.05773385	0.78145566	0.15534057	1.44000000	9.44000000	0.01840531	0.00000000
C26	c	0.11274780	0.77795123	0.09694761	1.50000000	9.50000000	0.01403647	0.00000000
C27	c	0.05198469	0.90255807	0.16629962	1.56000000	9.56000000	0.02450261	0.00000000
C28	c	0.03899694	0.86639590	0.15454963	1.62000000	9.62000000	0.02306572	0.00000000
C29	c	0.21170599	0.89657632	0.01356850	1.68000000	9.68000000	0.02661569	0.00000000
C30	c	0.13152934	0.77399578	0.01699116	1.74000000	9.74000000	0.01507070	0.00000000
C31	c	0.13293431	0.84698113	0.13932769	1.80000000	9.80000000	0.01179631	0.00000000
C32	c	0.16433384	0.79359564	0.03145505	1.86000000	9.86000000	0.02130493	0.00000000
C33	c	0.09613432	0.71090984	0.11337206	1.92000000	9.92000000	0.02864793	0.00000000
C34	c	0.19250921	0.59301779	0.07043439	1.98000000	9.98000000	0.01937837	0.00000000
C35	c	0.07356430	0.63103132	0.05533970	2.00000000	10.00000000	0.01972084	0.00000000
C36	c	0.12352643	0.65672078	0.14579307	2.00000000	10.00000000	0.01760553	0.00000000
C37	c	0.15917747	0.74324879	0.08676136	2.00000000	10.00000000	0.01033194	0.00000000
C38	c	0.62540035	0.98749720	0.10832284	2.00000000	10.00000000	0.01158467	0.00000000
C39	c	0.50993930	0.92246082	0.04928466	2.00000000	10.00000000	0.01489481	0.00000000
C40	c	0.62126291	0.96043104	0.05581155	2.00000000	10.00000000	0.01606080	0.00000000
C41	c	0.55163812	1.00000000	0.14944794	2.00000000	10.00000000	0.02958981	0.00000000
C42	c	0.23340498	0.00000000	0.12407223	2.00000000	10.00000000	0.01983159	0.00000000
C43	c	0.29882414	0.00000000	0.09127492	2.00000000	10.00000000	0.01233664	0.00000000
C44	c	0.27731515	0.03941032	0.10493569	2.00000000	10.00000000	0.01835028	0.00000000
C45	c	0.21903621	0.00000000	0.07167298	2.00000000	10.00000000	0.02955136	0.00000000
C46	c	0.19566306	0.00000000	0.03166195	2.00000000	10.00000000	0.01495302	0.00000000
C47	c	0.34454420	0.00086562	0.14033130	2.00000000	10.00000000	0.02174347	0.00000000
C48	c	0.35738927	0.00000000	0.02391908	2.00000000	10.00000000	0.01833454	0.00000000
C49	c	0.23789554	0.05067836	0.06691274	2.00000000	10.00000000	0.02741540	0.00000000
C50	c	0.36592423	0.00698495	0.14366580	2.00000000	10.00000000	0.02353811	0.00000000

Q Vehicle fuel tank capacity /0.40000000/
C Vehicle load capacity /1.50000000/
r fuel consumption rate /0.25000000/
g inverse refueling rate /1.00000000/
v average Velocity /1.00000000/
