StringID	Type	x	y	demand	ReadyTime	DueDate	ServiceTime	altitude
D0	d	0.50000000	0.50000000	0.00000000	0.00000000	10.00000000	0.00000000	0.00000000
S0	f	0.24572801	0.27559868	0.00000000	0.00000000	10.00000000	0.00000000	0.00000000
S1	f	0.75880431	0.17278533	0.00000000	0.00000000	10.00000000	0.00000000	0.00000000
S2	f	0.17524266	0.54517389	0.00000000	0.00000000	10.00000000	0.00000000	0.00000000
S3	f	0.70619164	0.43201469	0.00000000	0.00000000	10.00000000	0.00000000	0.00000000
S4	f	0.48212866	0.33320766	0.00000000	0.00000000	10.00000000	0.00000000	0.00000000
S5	f	0.77219446	0.71815810	0.00000000	0.00000000	10.00000000	0.00000000	0.00000000
C1	c	0.15416342	0.00000000	0.21179701	0.00000000	8.00000000	0.01270211	0.00000000
C2	c	0.17509475	0.00000000	0.08257512	0.10000000	8.10000000	0.01264315	0.00000000
C3	c	0.10226941	0.00000000	0.25659194	0.20000000	8.20000000	0.02509506	0.00000000
C4	c	0.10877441	0.00000000	0.10629004	0.30000000	8.30000000	0.01181830	0.00000000
C5	c	0.07380300	0.00000000	0.24432188	0.40000000	8.40000000	0.01540681	0.00000000
C6	c	0.12054363	0.02500919	0.03861688	0.50000000	8.50000000	0.02769881	0.00000000
C7	c	0.08145527	0.00824438	0.27018489	0.60000000	8.60000000	0.02521340	0.00000000
C8	c	0.19322381	0.00000000	0.14786212	0.70000000	8.70000000	0.02325822	0.00000000
C9	c	0.77877417	0.59234669	0.26212497	0.80000000	8.80000000	0.02017356	0.00000000
C10	c	0.75592085	0.52014470	0.09050718	0.90000000	8.90000000	0.01246409	0.00000000
C11	c	0.71762474	0.58004419	0.10742142	1.00000000	9.00000000	0.01878859	0.00000000
C12	c	0.27352053	0.30645106	0.25035821	1.10000000	9.10000000	0.01564643	0.00000000
C13	c	0.19865960	0.27570502	0.06701997	1.20000000	9.20000000	0.01385029	0.00000000
C14	c	0.26303170	0.33935962	0.15850356	1.30000000	9.30000000	0.02261525	0.00000000
C15	c	0.15315370	0.19959161	0.26582700	1.40000000	9.40000000	0.02014344	0.00000000
C16	c	0.87359434	0.36519272	0.22226082	1.50000000	9.50000000	0.02734026	0.00000000
C17	c	0.87766477	0.38110210	0.04074388	1.60000000	9.60000000	0.01675445	0.00000000
C18	c	0.79865389	0.36789304	0.02608728	1.70000000	9.70000000	0.01298347	0.00000000
C19	c	0.83658575	0.33859047	0.09446818	1.80000000	9.80000000	0.01801458	0.00000000
C20	c	0.82909497	0.40265732	0.05002856	1.90000000	9.90000000	0.01200686	0.00000000
C21	c	0.81418222	0.35507339	0.05655525	2.00000000	10.00000000	0.02872920	0.00000000
C22	c	0.81894264	0.36661122	0.20072104	2.00000000	10.00000000	0.01557749	0.00000000
C23	c	0.82001081	0.27541233	0.10849511	2.00000000	10.00000000	0.01041426	0.00000000
C24	c	0.80212891	0.15519018	0.23956081	2.00000000	10.00000000	0.02353084	0.00000000
C25	c	0.66565402	0.18004111	0.16918938	2.00000000	10.00000000	0.01801382	0.00000000
C26	c	0.76261237	0.23898950	0.26503150	2.00000000	10.00000000	0.01079046	0.00000000
C27	c	0.88702484	0.16014606	0.04182140	2.00000000	10.00000000	0.01220152	0.00000000
C28	c	0.75245541	0.05323278	0.13011754	2.00000000	10.00000000	0.02559017	0.00000000
C29	c	0.71243067	0.18130198	0.16204308	2.00000000	10.00000000	0.01687527	0.00000000
C30	c	0.73842918	0.12429537	0.13287398	2.00000000	10.00000000	0.01561425	0.00000000

Q Vehicle fuel tank capacity /0.40000000/
C Vehicle load capacity /1.50000000/
r fuel consumption rate /0.25000000/
g inverse refueling rate /1.00000000/
v average Velocity /1.00000000/
