StringID	Type	x	y	demand	ReadyTime	DueDate	ServiceTime	altitude
D0	d	0.50000000	0.50000000	0.00000000	0.00000000	10.00000000	0.00000000	0.00000000
S0	f	0.92103980	0.07619643	0.00000000	0.00000000	10.00000000	0.00000000	0.00000000
S1	f	0.12933742	0.55702249	0.00000000	0.00000000	10.00000000	0.00000000	0.00000000
S2	f	0.74909936	0.24316178	0.00000000	0.00000000	10.00000000	0.00000000	0.00000000
S3	f	0.59817384	0.32425255	0.00000000	0.00000000	10.00000000	0.00000000	0.00000000
S4	f	0.27098268	0.53508531	0.00000000	0.00000000	10.00000000	0.00000000	0.00000000
S5	f	0.29715200	0.83006017	0.00000000	0.00000000	10.00000000	0.00000000	0.00000000
S6	f	0.87523235	0.78049234	0.00000000	0.00000000	10.00000000	0.00000000	0.00000000
S7	f	0.20365936	0.84195916	0.00000000	0.00000000	10.00000000	0.00000000	0.00000000
S8	f	0.58899032	0.89949773	0.00000000	0.00000000	10.00000000	0.00000000	0.00000000
S9	f	0.31430849	0.01320458	0.00000000	0.00000000	10.00000000	0.00000000	0.00000000
C1	c	0.57739760	0.47312545	0.07304105	0.00000000	8.00000000	0.01447663	0.00000000
C2	c	0.60280819	0.46762793	0.03352194	0.06000000	8.06000000	0.01952403	0.00000000
C3	c	0.64090452	0.41870331	0.11857317	0.12000000	8.12000000	0.01487215	0.00000000
C4	c	0.61198312	0.45757330	0.10015227	0.18000000	8.18000000	0.02859579	0.00000000
C5	c	0.33004771	0.28155474	0.09984900	0.24000000	8.24000000	0.01157629	0.00000000
C6	c	0.23205964	0.45979212	0.03388532	0.30000000	8.30000000	0.02635615	0.00000000
C7	c	0.25797090	0.40550928	0.07486442	0.36000000	8.36000000	0.02742891	0.00000000
C8	c	0.34880920	0.37712725	0.07356387	0.42000000	8.42000000	0.02533700	0.00000000
C9	c	0.31252365	0.42319873	0.05269512	0.48000000	8.48000000	0.02223472	0.00000000
C10	c	0.33606174	0.40228282	0.16011849	0.54000000	8.54000000	0.01906777	0.00000000
C11	c	0.31494257	0.40440761	0.02873379	0.60000000	8.60000000	0.01133333	0.00000000
C12	c	0.37063667	0.35608276	0.07081055	0.66000000	8.66000000	0.01893780	0.00000000
C13	c	0.00000000	0.19859414	0.11624378	0.72000000	8.72000000	0.01795969	0.00000000
C14	c	0.02399073	0.23236683	0.07495369	0.78000000	8.78000000	0.01013976	0.00000000
C15	c	0.02497726	0.13535528	0.03805319	0.84000000	8.84000000	0.02399030	0.00000000
C16	c	0.00000000	0.22094272	0.08761481	0.90000000	8.90000000	0.02388777	0.00000000
C17	c	0.05027348	0.22168408	0.08271021	0.96000000	8.96000000	0.01992611	0.00000000
C18	c	0.05339159	0.20517372	0.01953850	1.02000000	9.02000000	0.02594280	0.00000000
C19	c	0.85769151	0.17146619	0.06565256	1.08000000	9.08000000	0.02699583	0.00000000
C20	c	0.69904470	0.19004951	0.10407347	1.14000000	9.14000000	0.02088867	0.00000000
C21	c	0.73814756	0.07160017	0.02255776	1.20000000	9.20000000	0.02673683	0.00000000
C22	c	0.82347557	0.07990561	0.11677650	1.26000000	9.26000000	0.02280550	0.00000000
C23	c	0.75455826	0.04073624	0.13168355	1.32000000	9.32000000	0.01715090	0.00000000
C24	c	0.83436831	0.14831381	0.14313875	1.38000000	9.38000000	0.01338820	0.00000000
C25	c	0.89133347	0.10313330	0.11579411	1.44000000	9.44000000	0.01192629	0.00000000
C26	c	0.78812435	0.13102381	0.13692277	1.50000000	9.50000000	0.01956496	0.00000000
C27	c	0.90408922	0.19044318	0.11079704	1.56000000	9.56000000	0.01546453	0.00000000
C28	c	0.94218659	0.14920539	0.09524911	1.62000000	9.62000000	0.01707994	0.00000000
C29	c	1.00000000	0.09813679	0.12263701	1.68000000	9.68000000	0.02843991	0.00000000
C30	c	1.00000000	0.05857222	0.15015111	1.74000000	9.74000000	0.02929064	0.00000000
C31	c	0.90003419	0.11734754	0.13045731	1.80000000	9.80000000	0.01095651	0.00000000
C32	c	0.91580298	0.17798315	0.13209363	1.86000000	9.86000000	0.02829202	0.00000000
C33	c	0.94189334	0.01007187	0.09109350	1.92000000	9.92000000	0.01292259	0.00000000
C34	c	0.86624999	0.08931544	0.14179096	1.98000000	9.98000000	0.01412830	0.00000000
C35	c	0.86847806	0.08450739	0.03498609	2.00000000	10.00000000	0.01429260	0.00000000
C36	c	0.84168839	0.16134635	0.08532709	2.00000000	10.00000000	0.01129744	0.00000000
C37	c	0.44076047	0.22671078	0.13812947	2.00000000	10.00000000	0.02779007	0.00000000
C38	c	0.40666679	0.31370916	0.15116077	2.00000000	10.00000000	0.01071844	0.00000000
C39	c	0.29257741	0.28669889	0.06561959	2.00000000	10.00000000	0.01035713	0.00000000
C40	c	0.34904116	0.20061554	0.11022715	2.00000000	10.00000000	0.01993044	0.00000000
C41	c	0.36571288	0.24342803	0.15072318	2.00000000	10.00000000	0.01627552	0.00000000
C42	c	0.37660221	0.28289545	0.06083532	2.00000000	10.00000000	0.02441567	0.00000000
C43	c	0.77038209	0.19269863	0.03085616	2.00000000	10.00000000	0.02706234	0.00000000
C44	c	0.79578045	0.17899258	0.06681528	2.00000000	10.00000000	0.01906935	0.00000000
C45	c	0.64327569	0.12271547	0.01532166	2.00000000	10.00000000	0.02492908	0.00000000
C46	c	0.78278756	0.15334746	0.12021272	2.00000000	10.00000000	0.02338143	0.00000000
C47	c	0.63737748	0.15740852	0.13234972	2.00000000	10.00000000	0.02754878	0.00000000
C48	c	0.70656909	0.21498666	0.09595885	2.00000000	10.00000000	0.01647364	0.00000000
C49	c	0.74718623	0.11230690	0.04096801	2.00000000	10.00000000	0.02781307	0.00000000
C50	c	0.75291140	0.19743977	0.05071665	2.00000000	10.00000000	0.02173795	0.00000000

Q Vehicle fuel tank capacity /0.40000000/
C Vehicle load capacity /1.50000000/
r fuel consumption rate /0.25000000/
g inverse refueling rate /1.00000000/
v average Velocity /1.00000000/
