StringID	Type	x	y	demand	ReadyTime	DueDate	ServiceTime	altitude
D0	d	0.50000000	0.50000000	0.00000000	0.00000000	10.00000000	0.00000000	0.00000000
S0	f	0.63978261	0.05534867	0.00000000	0.00000000	10.00000000	0.00000000	0.00000000
S1	f	0.17387736	0.18926498	0.00000000	0.00000000	10.00000000	0.00000000	0.00000000
S2	f	0.11227483	0.77409467	0.00000000	0.00000000	10.00000000	0.00000000	0.00000000
S3	f	0.23932455	0.53270966	0.00000000	0.00000000	10.00000000	0.00000000	0.00000000
S4	f	0.69628309	0.70976484	0.00000000	0.00000000	10.00000000	0.00000000	0.00000000
S5	f	0.95465977	0.78201376	0.00000000	0.00000000	10.00000000	0.00000000	0.00000000
C1	c	0.58764308	0.06558830	0.10346606	0.00000000	8.00000000	0.02334975	0.00000000
C2	c	0.59727932	0.02508970	0.20113101	0.10000000	8.10000000	0.02563705	0.00000000
C3	c	0.60116869	0.03738158	0.18399093	0.20000000	8.20000000	0.02462871	0.00000000
C4	c	0.68972380	0.02403060	0.08536413	0.30000000	8.30000000	0.02550269	0.00000000
C5	c	0.69000774	0.07492275	0.21829032	0.40000000	8.40000000	0.01426687	0.00000000
C6	c	0.69331431	0.10940445	0.15858452	0.50000000	8.50000000	0.02657070	0.00000000
C7	c	0.82651123	0.82740877	0.24663289	0.60000000	8.60000000	0.01599924	0.00000000
C8	c	0.69843819	0.81866817	0.09801670	0.70000000	8.70000000	0.02676725	0.00000000
C9	c	0.90761966	0.93562512	0.24255349	0.80000000	8.80000000	0.01456124	0.00000000
C10	c	0.95988922	0.83002440	0.08023229	0.90000000	8.90000000	0.02821991	0.00000000
C11	c	0.83606783	0.96598940	0.28189193	1.00000000	9.00000000	0.02727880	0.00000000
C12	c	0.82804339	0.87058588	0.25459451	1.10000000	9.10000000	0.02403688	0.00000000
C13	c	0.78887912	0.20213522	0.05605855	1.20000000	9.20000000	0.01440819	0.00000000
C14	c	0.67413868	0.26711736	0.13938389	1.30000000	9.30000000	0.01689862	0.00000000
C15	c	0.59598679	0.29477773	0.08706063	1.40000000	9.40000000	0.01196590	0.00000000
C16	c	0.68013552	0.22260702	0.13889275	1.50000000	9.50000000	0.01351639	0.00000000
C17	c	0.24566052	0.68035053	0.10686270	1.60000000	9.60000000	0.01460259	0.00000000
C18	c	0.17853737	0.74074486	0.04482995	1.70000000	9.70000000	0.01218191	0.00000000
C19	c	0.25999307	0.80524504	0.02766482	1.80000000	9.80000000	0.01270849	0.00000000
C20	c	0.20425665	0.71044869	0.18441035	1.90000000	9.90000000	0.02172166	0.00000000
C21	c	0.15624800	0.67256593	0.14437909	2.00000000	10.00000000	0.01917646	0.00000000
C22	c	0.08781425	0.72491051	0.11544398	2.00000000	10.00000000	0.01144164	0.00000000
C23	c	0.23271986	0.72808892	0.09104519	2.00000000	10.00000000	0.02647188	0.00000000
C24	c	0.26867954	0.65036727	0.12953548	2.00000000	10.00000000	0.02335726	0.00000000
C25	c	0.24602873	0.23397541	0.22722518	2.00000000	10.00000000	0.01915993	0.00000000
C26	c	0.08946832	0.09093263	0.12108566	2.00000000	10.00000000	0.01267305	0.00000000
C27	c	0.20894332	0.14565999	0.21266701	2.00000000	10.00000000	0.01319227	0.00000000
C28	c	0.06748290	0.29381110	0.22948789	2.00000000	10.00000000	0.02592064	0.00000000
C29	c	0.18050711	0.24283380	0.07552538	2.00000000	10.00000000	0.01321812	0.00000000
C30	c	0.05822589	0.23814905	0.21369270	2.00000000	10.00000000	0.01538890	0.00000000

Q Vehicle fuel tank capacity /0.40000000/
C Vehicle load capacity /1.50000000/
r fuel consumption rate /0.25000000/
g inverse refueling rate /1.00000000/
v average Velocity /1.00000000/
