StringID	Type	x	y	demand	ReadyTime	DueDate	ServiceTime	altitude
D0	d	0.50000000	0.50000000	0.00000000	0.00000000	10.00000000	0.00000000	0.00000000
S0	f	0.72566152	0.21361876	0.00000000	0.00000000	10.00000000	0.00000000	0.00000000
S1	f	0.59385985	0.09483580	0.00000000	0.00000000	10.00000000	0.00000000	0.00000000
S2	f	0.88446087	0.78441159	0.00000000	0.00000000	10.00000000	0.00000000	0.00000000
S3	f	0.69762918	0.63309248	0.00000000	0.00000000	10.00000000	0.00000000	0.00000000
S4	f	0.10316711	0.75418943	0.00000000	0.00000000	10.00000000	0.00000000	0.00000000
S5	f	0.19096474	0.95041648	0.00000000	0.00000000	10.00000000	0.00000000	0.00000000
S6	f	0.02650377	0.62051466	0.00000000	0.00000000	10.00000000	0.00000000	0.00000000
S7	f	0.06541409	0.45733877	0.00000000	0.00000000	10.00000000	0.00000000	0.00000000
S8	f	0.96776756	0.69006109	0.00000000	0.00000000	10.00000000	0.00000000	0.00000000
S9	f	0.13801735	0.31582014	0.00000000	0.00000000	10.00000000	0.00000000	0.00000000
C1	c	0.68917589	0.19280114	0.06878240	0.00000000	8.00000000	0.01019624	0.00000000
C2	c	0.68639128	0.22568458	0.07760347	0.06000000	8.06000000	0.02542728	0.00000000
C3	c	0.71402237	0.25731651	0.13746919	0.12000000	8.12000000	0.02370135	0.00000000
C4	c	0.63668374	0.19951533	0.06321931	0.18000000	8.18000000	0.01937978	0.00000000
C5	c	0.73844924	0.07316463	0.04727058	0.24000000	8.24000000	0.01615733	0.00000000
C6	c	0.82788393	0.04267305	0.14835997	0.30000000	8.30000000	0.02812515	0.00000000
C7	c	0.74820248	0.04336543	0.03983733	0.36000000	8.36000000	0.02366647	0.00000000
C8	c	0.76867537	0.10809088	0.03310829	0.42000000	8.42000000	0.02910179	0.00000000
C9	c	0.73672117	0.05399705	0.15337911	0.48000000	8.48000000	0.02861034	0.00000000
C10	c	0.86775205	0.00000000	0.07729234	0.54000000	8.54000000	0.02138302	0.00000000
C11	c	0.70118896	0.02671419	0.06714823	0.60000000	8.60000000	0.01128812	0.00000000
C12	c	0.85933013	0.02693130	0.01156562	0.66000000	8.66000000	0.02359398	0.00000000
C13	c	0.86769572	0.06492650	0.06239797	0.72000000	8.72000000	0.01626355	0.00000000
C14	c	0.65062649	0.06646300	0.06531208	0.78000000	8.78000000	0.01465113	0.00000000
C15	c	0.55628833	0.19712471	0.16504016	0.84000000	8.84000000	0.02704650	0.00000000
C16	c	0.63317459	0.15821209	0.02356167	0.90000000	8.90000000	0.01493331	0.00000000
C17	c	0.55766961	0.03862352	0.06371757	0.96000000	8.96000000	0.01882005	0.00000000
C18	c	0.55299995	0.11606479	0.04039602	1.02000000	9.02000000	0.01128852	0.00000000
C19	c	0.21715765	0.57725557	0.10512754	1.08000000	9.08000000	0.02112126	0.00000000
C20	c	0.28479948	0.58101313	0.10062547	1.14000000	9.14000000	0.02904795	0.00000000
C21	c	0.32360519	0.65364991	0.15816746	1.20000000	9.20000000	0.01537966	0.00000000
C22	c	0.28857200	0.68998433	0.10763809	1.26000000	9.26000000	0.01103351	0.00000000
C23	c	0.24222085	0.62071416	0.12292254	1.32000000	9.32000000	0.01790526	0.00000000
C24	c	0.23455739	0.61226197	0.02986086	1.38000000	9.38000000	0.02374714	0.00000000
C25	c	0.31882540	0.59624731	0.01204918	1.44000000	9.44000000	0.02100364	0.00000000
C26	c	0.27889769	0.58249249	0.13523379	1.50000000	9.50000000	0.02994868	0.00000000
C27	c	0.26975201	0.59968093	0.12482947	1.56000000	9.56000000	0.01188689	0.00000000
C28	c	0.25811426	0.72203075	0.15244544	1.62000000	9.62000000	0.02519792	0.00000000
C29	c	0.32513726	0.62031045	0.14528454	1.68000000	9.68000000	0.01384751	0.00000000
C30	c	0.26721178	0.64536784	0.11779457	1.74000000	9.74000000	0.02416858	0.00000000
C31	c	0.90582519	0.73548211	0.02053978	1.80000000	9.80000000	0.02908005	0.00000000
C32	c	0.84296501	0.74331765	0.12185347	1.86000000	9.86000000	0.01208348	0.00000000
C33	c	0.95100214	0.92725689	0.15059758	1.92000000	9.92000000	0.01110149	0.00000000
C34	c	0.78456541	0.58968924	0.16349297	1.98000000	9.98000000	0.01557178	0.00000000
C35	c	0.72715338	0.58921456	0.12693054	2.00000000	10.00000000	0.02744913	0.00000000
C36	c	0.65156527	0.66154071	0.10556792	2.00000000	10.00000000	0.02037619	0.00000000
C37	c	0.68663495	0.59102679	0.03410371	2.00000000	10.00000000	0.02563732	0.00000000
C38	c	0.68898945	0.59169405	0.05944345	2.00000000	10.00000000	0.02194413	0.00000000
C39	c	0.73253890	0.71368504	0.06112036	2.00000000	10.00000000	0.02047283	0.00000000
C40	c	0.75404088	0.62623724	0.02588317	2.00000000	10.00000000	0.01012835	0.00000000
C41	c	0.68020066	0.57279081	0.15559970	2.00000000	10.00000000	0.01047296	0.00000000
C42	c	0.76680062	0.55310539	0.02932934	2.00000000	10.00000000	0.01657341	0.00000000
C43	c	0.50014736	0.73042307	0.06651239	2.00000000	10.00000000	0.02951385	0.00000000
C44	c	0.44163001	0.73456959	0.07182488	2.00000000	10.00000000	0.02069764	0.00000000
C45	c	0.48444387	0.80383388	0.13320977	2.00000000	10.00000000	0.01888628	0.00000000
C46	c	0.48686981	0.75587504	0.12765222	2.00000000	10.00000000	0.02606145	0.00000000
C47	c	0.48675756	0.83325505	0.13333109	2.00000000	10.00000000	0.01514673	0.00000000
C48	c	0.44038065	0.77087815	0.13208376	2.00000000	10.00000000	0.01422553	0.00000000
C49	c	0.39820948	0.72193147	0.03045654	2.00000000	10.00000000	0.02887183	0.00000000
C50	c	0.48975084	0.82095430	0.09302709	2.00000000	10.00000000	0.02479887	0.00000000

Q Vehicle fuel tank capacity /0.40000000/
C Vehicle load capacity /1.50000000/
r fuel consumption rate /0.25000000/
g inverse refueling rate /1.00000000/
v average Velocity /1.00000000/
