StringID	Type	x	y	demand	ReadyTime	DueDate	ServiceTime	altitude
D0	d	0.50000000	0.50000000	0.00000000	0.00000000	10.00000000	0.00000000	0.00000000
S0	f	0.27244187	0.38390023	0.00000000	0.00000000	10.00000000	0.00000000	0.00000000
S1	f	0.10273272	0.97752118	0.00000000	0.00000000	10.00000000	0.00000000	0.00000000
S2	f	0.31316319	0.55817803	0.00000000	0.00000000	10.00000000	0.00000000	0.00000000
S3	f	0.08605737	0.66518408	0.00000000	0.00000000	10.00000000	0.00000000	0.00000000
S4	f	0.06009936	0.01053871	0.00000000	0.00000000	10.00000000	0.00000000	0.00000000
S5	f	0.84129915	0.78393082	0.00000000	0.00000000	10.00000000	0.00000000	0.00000000
C1	c	0.32764885	0.36137955	0.21218251	0.00000000	8.00000000	0.02805207	0.00000000
C2	c	0.34523031	0.38299288	0.20587549	0.10000000	8.10000000	0.01398633	0.00000000
C3	c	0.29555075	0.31819955	0.02172318	0.20000000	8.20000000	0.02215579	0.00000000
C4	c	0.43391470	0.51765225	0.21960808	0.30000000	8.30000000	0.01935628	0.00000000
C5	c	0.49542003	0.53232223	0.09301355	0.40000000	8.40000000	0.01175845	0.00000000
C6	c	0.43144251	0.43321011	0.03960123	0.50000000	8.50000000	0.02384600	0.00000000
C7	c	0.56540980	0.56211142	0.24256166	0.60000000	8.60000000	0.01547873	0.00000000
C8	c	0.52850269	0.52631338	0.27454087	0.70000000	8.70000000	0.01130395	0.00000000
C9	c	0.39836020	0.43697315	0.17520330	0.80000000	8.80000000	0.01673343	0.00000000
C10	c	0.47330324	0.51137813	0.07885725	0.90000000	8.90000000	0.01313933	0.00000000
C11	c	0.40465776	0.51123723	0.18429364	1.00000000	9.00000000	0.01873873	0.00000000
C12	c	0.50478727	0.53221212	0.07571895	1.10000000	9.10000000	0.02001920	0.00000000
C13	c	0.44415166	0.47508081	0.04660086	1.20000000	9.20000000	0.02568555	0.00000000
C14	c	0.43760222	0.61275325	0.08342035	1.30000000	9.30000000	0.02341241	0.00000000
C15	c	0.37224054	0.09364348	0.08417757	1.40000000	9.40000000	0.01059633	0.00000000
C16	c	0.49784240	0.08627762	0.23138167	1.50000000	9.50000000	0.02837194	0.00000000
C17	c	0.38022078	0.15106548	0.24612294	1.60000000	9.60000000	0.01783229	0.00000000
C18	c	0.46544942	0.07177954	0.16055424	1.70000000	9.70000000	0.01403860	0.00000000
C19	c	0.20245882	0.29015896	0.23418624	1.80000000	9.80000000	0.01267660	0.00000000
C20	c	0.21993137	0.14574645	0.22683012	1.90000000	9.90000000	0.01490829	0.00000000
C21	c	0.24464396	0.15707748	0.03535654	2.00000000	10.00000000	0.01514679	0.00000000
C22	c	0.22789095	0.12578958	0.12625779	2.00000000	10.00000000	0.02644064	0.00000000
C23	c	0.26257145	0.13767269	0.14537209	2.00000000	10.00000000	0.01596935	0.00000000
C24	c	0.29278675	0.20521632	0.11030759	2.00000000	10.00000000	0.02518043	0.00000000
C25	c	0.52697830	0.33688451	0.18517904	2.00000000	10.00000000	0.02765641	0.00000000
C26	c	0.56968862	0.32167705	0.20435794	2.00000000	10.00000000	0.02441261	0.00000000
C27	c	0.51976329	0.31922215	0.08497679	2.00000000	10.00000000	0.01254418	0.00000000
C28	c	0.44809421	0.33239366	0.17090026	2.00000000	10.00000000	0.01210719	0.00000000
C29	c	0.51271457	0.30843309	0.20524825	2.00000000	10.00000000	0.02903495	0.00000000
C30	c	0.55359241	0.32173952	0.09558997	2.00000000	10.00000000	0.02582586	0.00000000

Q Vehicle fuel tank capacity /0.40000000/
C Vehicle load capacity /1.50000000/
r fuel consumption rate /0.25000000/
g inverse refueling rate /1.00000000/
v average Velocity /1.00000000/
