StringID	Type	x	y	demand	ReadyTime	DueDate	ServiceTime	altitude
D0	d	0.50000000	0.50000000	0.00000000	0.00000000	10.00000000	0.00000000	0.00000000
S0	f	0.18659760	0.04803995	0.00000000	0.00000000	10.00000000	0.00000000	0.00000000
S1	f	0.95450927	0.87617121	0.00000000	0.00000000	10.00000000	0.00000000	0.00000000
S2	f	0.81942711	0.55428295	0.00000000	0.00000000	10.00000000	0.00000000	0.00000000
S3	f	0.10046311	0.89588018	0.00000000	0.00000000	10.00000000	0.00000000	0.00000000
S4	f	0.45806339	0.17672939	0.00000000	0.00000000	10.00000000	0.00000000	0.00000000
S5	f	0.43997651	0.67651275	0.00000000	0.00000000	10.00000000	0.00000000	0.00000000
C1	c	0.39555650	0.70043000	0.01987467	0.00000000	8.00000000	0.02520143	0.00000000
C2	c	0.28564041	0.76730737	0.05300960	0.10000000	8.10000000	0.01879934	0.00000000
C3	c	0.32387748	0.74272213	0.13915022	0.20000000	8.20000000	0.01464297	0.00000000
C4	c	0.38241212	0.78765299	0.11939624	0.30000000	8.30000000	0.02872426	0.00000000
C5	c	0.33258416	0.80974248	0.02475948	0.40000000	8.40000000	0.02920568	0.00000000
C6	c	0.28232385	0.66911280	0.18503055	0.50000000	8.50000000	0.01491474	0.00000000
C7	c	0.33067649	0.69549812	0.16098120	0.60000000	8.60000000	0.01767680	0.00000000
C8	c	0.28361786	0.80212250	0.16479696	0.70000000	8.70000000	0.01262687	0.00000000
C9	c	0.27997335	0.00268117	0.24223491	0.80000000	8.80000000	0.02647590	0.00000000
C10	c	0.11132671	0.05614502	0.03268476	0.90000000	8.90000000	0.01676417	0.00000000
C11	c	0.17996911	0.09046607	0.14769871	1.00000000	9.00000000	0.02225417	0.00000000
C12	c	0.25160426	0.04095289	0.18483958	1.10000000	9.10000000	0.01604637	0.00000000
C13	c	0.01751812	0.03736140	0.25650858	1.20000000	9.20000000	0.01146326	0.00000000
C14	c	0.13355835	0.02402157	0.18595429	1.30000000	9.30000000	0.01756022	0.00000000
C15	c	0.93410174	0.28190380	0.25126620	1.40000000	9.40000000	0.02770140	0.00000000
C16	c	0.91109604	0.31843809	0.14752807	1.50000000	9.50000000	0.01205260	0.00000000
C17	c	0.88527080	0.36827079	0.14877260	1.60000000	9.60000000	0.01909305	0.00000000
C18	c	0.78635116	0.59849916	0.10313924	1.70000000	9.70000000	0.02012718	0.00000000
C19	c	0.67282525	0.63977927	0.10285314	1.80000000	9.80000000	0.02549672	0.00000000
C20	c	0.72731986	0.58173338	0.17046246	1.90000000	9.90000000	0.01045374	0.00000000
C21	c	0.67407342	0.60778923	0.24908186	2.00000000	10.00000000	0.02428617	0.00000000
C22	c	0.69098271	0.58982901	0.02064536	2.00000000	10.00000000	0.02162529	0.00000000
C23	c	0.65868069	0.57336324	0.22961509	2.00000000	10.00000000	0.01124207	0.00000000
C24	c	0.70304223	0.65178394	0.23639669	2.00000000	10.00000000	0.01999709	0.00000000
C25	c	0.68923675	0.57672761	0.25403212	2.00000000	10.00000000	0.02680225	0.00000000
C26	c	0.73171270	0.61148913	0.17924768	2.00000000	10.00000000	0.02835015	0.00000000
C27	c	1.00000000	0.81616352	0.12918065	2.00000000	10.00000000	0.02725738	0.00000000
C28	c	0.92938740	0.84265324	0.06805940	2.00000000	10.00000000	0.02917226	0.00000000
C29	c	1.00000000	0.82322412	0.23914436	2.00000000	10.00000000	0.02536909	0.00000000
C30	c	0.94251677	0.95109036	0.05365531	2.00000000	10.00000000	0.01402324	0.00000000

Q Vehicle fuel tank capacity /0.40000000/
C Vehicle load capacity /1.50000000/
r fuel consumption rate /0.25000000/
g inverse refueling rate /1.00000000/
v average Velocity /1.00000000/
