StringID	Type	x	y	demand	ReadyTime	DueDate	ServiceTime	altitude
D0	d	0.50000000	0.50000000	0.00000000	0.00000000	10.00000000	0.00000000	0.00000000
S0	f	0.45323473	0.40631820	0.00000000	0.00000000	10.00000000	0.00000000	0.00000000
S1	f	0.91417369	0.68426347	0.00000000	0.00000000	10.00000000	0.00000000	0.00000000
S2	f	0.54120442	0.05808006	0.00000000	0.00000000	10.00000000	0.00000000	0.00000000
S3	f	0.50144056	0.58356247	0.00000000	0.00000000	10.00000000	0.00000000	0.00000000
S4	f	0.87205485	0.34926318	0.00000000	0.00000000	10.00000000	0.00000000	0.00000000
S5	f	0.20644659	0.42770418	0.00000000	0.00000000	10.00000000	0.00000000	0.00000000
S6	f	0.84634691	0.26120135	0.00000000	0.00000000	10.00000000	0.00000000	0.00000000
S7	f	0.85733505	0.08439585	0.00000000	0.00000000	10.00000000	0.00000000	0.00000000
S8	f	0.69990109	0.09390698	0.00000000	0.00000000	10.00000000	0.00000000	0.00000000
S9	f	0.58868055	0.58018894	0.00000000	0.00000000	10.00000000	0.00000000	0.00000000
C1	c	0.29195273	0.51948532	0.17010590	0.00000000	8.00000000	0.01896121	0.00000000
C2	c	0.33564214	0.47076182	0.04585580	0.06000000	8.06000000	0.02395732	0.00000000
C3	c	0.45587559	0.50791677	0.01814733	0.12000000	8.12000000	0.01530356	0.00000000
C4	c	0.42076849	0.59684010	0.01449578	0.18000000	8.18000000	0.02725949	0.00000000
C5	c	0.25619080	0.55457045	0.18944860	0.24000000	8.24000000	0.02537969	0.00000000
C6	c	0.30988520	0.64433362	0.04411302	0.30000000	8.30000000	0.01105506	0.00000000
C7	c	0.36143590	0.62758979	0.02612631	0.36000000	8.36000000	0.01706052	0.00000000
C8	c	0.29034965	0.33891869	0.18205033	0.42000000	8.42000000	0.01825074	0.00000000
C9	c	0.30026593	0.19118184	0.04420626	0.48000000	8.48000000	0.02207003	0.00000000
C10	c	0.21934831	0.32017331	0.06517556	0.54000000	8.54000000	0.01737758	0.00000000
C11	c	0.21243068	0.28163069	0.06341331	0.60000000	8.60000000	0.02593701	0.00000000
C12	c	0.16224135	0.32136187	0.11941881	0.66000000	8.66000000	0.01821562	0.00000000
C13	c	0.24683060	0.24255198	0.08956874	0.72000000	8.72000000	0.01900815	0.00000000
C14	c	0.30950736	0.01509009	0.06738936	0.78000000	8.78000000	0.01651996	0.00000000
C15	c	0.29197184	0.00305991	0.15504802	0.84000000	8.84000000	0.01857423	0.00000000
C16	c	0.32117648	0.07796273	0.03744928	0.90000000	8.90000000	0.02066754	0.00000000
C17	c	0.24827257	0.03658584	0.08571393	0.96000000	8.96000000	0.01631814	0.00000000
C18	c	0.25220147	0.08751004	0.11856045	1.02000000	9.02000000	0.02437606	0.00000000
C19	c	0.26457127	0.01828089	0.09382572	1.08000000	9.08000000	0.01726372	0.00000000
C20	c	0.33620670	0.05051772	0.06599130	1.14000000	9.14000000	0.02966383	0.00000000
C21	c	0.23649136	0.01756103	0.09127983	1.20000000	9.20000000	0.01889230	0.00000000
C22	c	0.17465102	0.10861066	0.03696367	1.26000000	9.26000000	0.01554016	0.00000000
C23	c	0.28748511	0.14048701	0.09159488	1.32000000	9.32000000	0.01886108	0.00000000
C24	c	0.28977707	0.01553807	0.04822109	1.38000000	9.38000000	0.01829576	0.00000000
C25	c	0.41401608	0.86879257	0.07799341	1.44000000	9.44000000	0.01497290	0.00000000
C26	c	0.36697255	0.98711645	0.13832881	1.50000000	9.50000000	0.01303844	0.00000000
C27	c	0.40529674	0.92529919	0.14847738	1.56000000	9.56000000	0.01323313	0.00000000
C28	c	0.40453824	0.83465134	0.07933921	1.62000000	9.62000000	0.01865379	0.00000000
C29	c	0.28430557	0.86999076	0.01525457	1.68000000	9.68000000	0.01020562	0.00000000
C30	c	0.41310775	0.86982251	0.07014507	1.74000000	9.74000000	0.02180425	0.00000000
C31	c	0.39921615	0.86983858	0.09444405	1.80000000	9.80000000	0.02023227	0.00000000
C32	c	0.37326089	0.61974863	0.01333052	1.86000000	9.86000000	0.01334705	0.00000000
C33	c	0.33440496	0.50501070	0.08181382	1.92000000	9.92000000	0.02549137	0.00000000
C34	c	0.27838750	0.46297598	0.05361592	1.98000000	9.98000000	0.02541164	0.00000000
C35	c	0.32161372	0.53440617	0.13522236	2.00000000	10.00000000	0.02376651	0.00000000
C36	c	0.36148323	0.52220571	0.03122213	2.00000000	10.00000000	0.01269745	0.00000000
C37	c	0.24371352	0.25695744	0.10961322	2.00000000	10.00000000	0.02227148	0.00000000
C38	c	0.29513670	0.26110216	0.11011801	2.00000000	10.00000000	0.02903119	0.00000000
C39	c	0.34136733	0.24149316	0.10019816	2.00000000	10.00000000	0.01393557	0.00000000
C40	c	0.22812083	0.30381191	0.14671342	2.00000000	10.00000000	0.01398865	0.00000000
C41	c	0.21882687	0.34594755	0.07471104	2.00000000	10.00000000	0.01585539	0.00000000
C42	c	0.28463269	0.31132910	0.03532113	2.00000000	10.00000000	0.02723334	0.00000000
C43	c	0.19130955	0.24517713	0.06563708	2.00000000	10.00000000	0.01446232	0.00000000
C44	c	0.18294876	0.52745156	0.14678268	2.00000000	10.00000000	0.01543977	0.00000000
C45	c	0.28849375	0.50818448	0.10967720	2.00000000	10.00000000	0.02326316	0.00000000
C46	c	0.29509462	0.53489369	0.16692393	2.00000000	10.00000000	0.01776945	0.00000000
C47	c	0.15963775	0.52408732	0.12631937	2.00000000	10.00000000	0.02865161	0.00000000
C48	c	0.26770112	0.46749748	0.09543976	2.00000000	10.00000000	0.02635653	0.00000000
C49	c	0.24263965	0.44705595	0.19029279	2.00000000	10.00000000	0.01055678	0.00000000
C50	c	0.22793605	0.47497352	0.11890170	2.00000000	10.00000000	0.02936789	0.00000000

Q Vehicle fuel tank capacity /0.40000000/
C Vehicle load capacity /1.50000000/
r fuel consumption rate /0.25000000/
g inverse refueling rate /1.00000000/
v average Velocity /1.00000000/
