StringID	Type	x	y	demand	ReadyTime	DueDate	ServiceTime	altitude
D0	d	0.50000000	0.50000000	0.00000000	0.00000000	10.00000000	0.00000000	0.00000000
S0	f	0.38695865	0.62041655	0.00000000	0.00000000	10.00000000	0.00000000	0.00000000
S1	f	0.22393825	0.99401888	0.00000000	0.00000000	10.00000000	0.00000000	0.00000000
S2	f	0.33420284	0.31716090	0.00000000	0.00000000	10.00000000	0.00000000	0.00000000
S3	f	0.79770903	0.63289444	0.00000000	0.00000000	10.00000000	0.00000000	0.00000000
S4	f	0.40330011	0.01476557	0.00000000	0.00000000	10.00000000	0.00000000	0.00000000
S5	f	0.90803572	0.55841269	0.00000000	0.00000000	10.00000000	0.00000000	0.00000000
C1	c	0.54406956	0.36123253	0.19539345	0.00000000	8.00000000	0.01370484	0.00000000
C2	c	0.55018734	0.34253025	0.19207216	0.10000000	8.10000000	0.02314622	0.00000000
C3	c	0.55651655	0.40017786	0.04201466	0.20000000	8.20000000	0.01007187	0.00000000
C4	c	0.61631590	0.29037074	0.10954023	0.30000000	8.30000000	0.02468904	0.00000000
C5	c	0.69375940	0.11185821	0.20642539	0.40000000	8.40000000	0.01679639	0.00000000
C6	c	0.61892224	0.15522969	0.22538532	0.50000000	8.50000000	0.02814589	0.00000000
C7	c	0.69337931	0.04721916	0.12055857	0.60000000	8.60000000	0.01371195	0.00000000
C8	c	0.58019814	0.06486697	0.03310222	0.70000000	8.70000000	0.01695950	0.00000000
C9	c	0.57417454	0.13438103	0.22684406	0.80000000	8.80000000	0.01332397	0.00000000
C10	c	0.61742809	0.09256968	0.24184369	0.90000000	8.90000000	0.01295495	0.00000000
C11	c	0.64058174	0.16180968	0.12875373	1.00000000	9.00000000	0.02018477	0.00000000
C12	c	0.70305976	0.18072773	0.14585412	1.10000000	9.10000000	0.02907167	0.00000000
C13	c	0.69420767	0.13610391	0.08621870	1.20000000	9.20000000	0.01381204	0.00000000
C14	c	0.60935619	0.21923013	0.23872346	1.30000000	9.30000000	0.01885587	0.00000000
C15	c	0.60917916	0.13886744	0.20200751	1.40000000	9.40000000	0.02226778	0.00000000
C16	c	0.68529069	0.15665936	0.21344447	1.50000000	9.50000000	0.01665179	0.00000000
C17	c	0.80921135	0.95844125	0.10221495	1.60000000	9.60000000	0.02962854	0.00000000
C18	c	0.85904134	0.99771271	0.03150531	1.70000000	9.70000000	0.01614879	0.00000000
C19	c	0.77597207	1.00000000	0.07340676	1.80000000	9.80000000	0.02567555	0.00000000
C20	c	0.86553428	1.00000000	0.20714343	1.90000000	9.90000000	0.02145142	0.00000000
C21	c	0.97316211	1.00000000	0.21041145	2.00000000	10.00000000	0.01242788	0.00000000
C22	c	0.86347806	0.98589265	0.13227610	2.00000000	10.00000000	0.01688915	0.00000000
C23	c	0.93872711	0.97030183	0.02909108	2.00000000	10.00000000	0.01182205	0.00000000
C24	c	1.00000000	0.89872651	0.20979692	2.00000000	10.00000000	0.02653993	0.00000000
C25	c	0.44693578	0.70903111	0.13306972	2.00000000	10.00000000	0.02334580	0.00000000
C26	c	0.45611496	0.57503826	0.13391486	2.00000000	10.00000000	0.01590607	0.00000000
C27	c	0.33324151	0.60257345	0.14736759	2.00000000	10.00000000	0.02967311	0.00000000
C28	c	0.40174641	0.46383860	0.18319924	2.00000000	10.00000000	0.02877431	0.00000000
C29	c	0.28831042	0.67293536	0.25078492	2.00000000	10.00000000	0.02827004	0.00000000
C30	c	0.43807626	0.56825560	0.04763594	2.00000000	10.00000000	0.02032283	0.00000000

Q Vehicle fuel tank capacity /0.40000000/
C Vehicle load capacity /1.50000000/
r fuel consumption rate /0.25000000/
g inverse refueling rate /1.00000000/
v average Velocity /1.00000000/
