StringID	Type	x	y	demand	ReadyTime	DueDate	ServiceTime	altitude
D0	d	0.50000000	0.50000000	0.00000000	0.00000000	10.00000000	0.00000000	0.00000000
S0	f	0.12364270	0.31534710	0.00000000	0.00000000	10.00000000	0.00000000	0.00000000
S1	f	0.02697903	0.42148772	0.00000000	0.00000000	10.00000000	0.00000000	0.00000000
S2	f	0.51714172	0.89477785	0.00000000	0.00000000	10.00000000	0.00000000	0.00000000
S3	f	0.13244076	0.98759343	0.00000000	0.00000000	10.00000000	0.00000000	0.00000000
S4	f	0.64327056	0.49194685	0.00000000	0.00000000	10.00000000	0.00000000	0.00000000
S5	f	0.30204937	0.76083376	0.00000000	0.00000000	10.00000000	0.00000000	0.00000000
C1	c	0.74213080	0.21656718	0.07799963	0.00000000	8.00000000	0.02915662	0.00000000
C2	c	0.75889101	0.11546324	0.06672597	0.10000000	8.10000000	0.01110424	0.00000000
C3	c	0.80806215	0.75104496	0.09996275	0.20000000	8.20000000	0.01397918	0.00000000
C4	c	0.79724805	0.88285606	0.12412220	0.30000000	8.30000000	0.02507690	0.00000000
C5	c	0.83543310	0.83132935	0.04598059	0.40000000	8.40000000	0.01555433	0.00000000
C6	c	0.87260216	0.77882742	0.14136999	0.50000000	8.50000000	0.02213814	0.00000000
C7	c	0.77215707	0.82529474	0.06012339	0.60000000	8.60000000	0.02249662	0.00000000
C8	c	0.86927415	0.75739806	0.12780172	0.70000000	8.70000000	0.01021241	0.00000000
C9	c	0.14739452	0.27722755	0.26623018	0.80000000	8.80000000	0.01305575	0.00000000
C10	c	0.16698697	0.32695130	0.19802840	0.90000000	8.90000000	0.01358391	0.00000000
C11	c	0.19332386	0.40047776	0.14553084	1.00000000	9.00000000	0.02634938	0.00000000
C12	c	0.07317774	0.36043801	0.17858122	1.10000000	9.10000000	0.02723615	0.00000000
C13	c	0.21890173	0.80731931	0.26312354	1.20000000	9.20000000	0.02918511	0.00000000
C14	c	0.09649543	0.72096339	0.06585451	1.30000000	9.30000000	0.01533763	0.00000000
C15	c	0.09936070	0.74086977	0.20291825	1.40000000	9.40000000	0.02430301	0.00000000
C16	c	0.22084546	0.72967921	0.17322605	1.50000000	9.50000000	0.01835344	0.00000000
C17	c	0.15578617	0.73352987	0.04698809	1.60000000	9.60000000	0.02023002	0.00000000
C18	c	0.08604242	0.69557331	0.15124514	1.70000000	9.70000000	0.01643489	0.00000000
C19	c	0.19801220	0.68493959	0.10066753	1.80000000	9.80000000	0.01317240	0.00000000
C20	c	0.10849488	0.76129723	0.03068048	1.90000000	9.90000000	0.01747935	0.00000000
C21	c	0.11855784	0.69593736	0.27654017	2.00000000	10.00000000	0.02209449	0.00000000
C22	c	0.21037951	0.72575672	0.05375913	2.00000000	10.00000000	0.01289917	0.00000000
C23	c	0.17977179	0.66771937	0.15293736	2.00000000	10.00000000	0.01305768	0.00000000
C24	c	0.60426307	0.58517932	0.25163279	2.00000000	10.00000000	0.01933969	0.00000000
C25	c	0.53022992	0.58779466	0.26376947	2.00000000	10.00000000	0.02847102	0.00000000
C26	c	0.57369713	0.56038549	0.09951653	2.00000000	10.00000000	0.02936042	0.00000000
C27	c	0.48956696	0.55666230	0.26239872	2.00000000	10.00000000	0.02009016	0.00000000
C28	c	0.46128297	0.60031996	0.07394840	2.00000000	10.00000000	0.02893249	0.00000000
C29	c	0.54131880	0.63251825	0.27222919	2.00000000	10.00000000	0.01603690	0.00000000
C30	c	0.37333631	0.54181982	0.22610777	2.00000000	10.00000000	0.02047891	0.00000000

Q Vehicle fuel tank capacity /0.40000000/
C Vehicle load capacity /1.50000000/
r fuel consumption rate /0.25000000/
g inverse refueling rate /1.00000000/
v average Velocity /1.00000000/
