StringID	Type	x	y	demand	ReadyTime	DueDate	ServiceTime	altitude
D0	d	0.50000000	0.50000000	0.00000000	0.00000000	10.00000000	0.00000000	0.00000000
S0	f	0.08243514	0.34442593	0.00000000	0.00000000	10.00000000	0.00000000	0.00000000
S1	f	0.62243140	0.93753481	0.00000000	0.00000000	10.00000000	0.00000000	0.00000000
S2	f	0.46046419	0.84083232	0.00000000	0.00000000	10.00000000	0.00000000	0.00000000
S3	f	0.16036388	0.49026981	0.00000000	0.00000000	10.00000000	0.00000000	0.00000000
S4	f	0.83466025	0.21396825	0.00000000	0.00000000	10.00000000	0.00000000	0.00000000
S5	f	0.06804823	0.07387532	0.00000000	0.00000000	10.00000000	0.00000000	0.00000000
S6	f	0.47942956	0.79652188	0.00000000	0.00000000	10.00000000	0.00000000	0.00000000
S7	f	0.50232170	0.17542333	0.00000000	0.00000000	10.00000000	0.00000000	0.00000000
S8	f	0.35477183	0.88084513	0.00000000	0.00000000	10.00000000	0.00000000	0.00000000
S9	f	0.22135744	0.47317432	0.00000000	0.00000000	10.00000000	0.00000000	0.00000000
C1	c	0.97699928	0.00000000	0.13263693	0.00000000	8.00000000	0.02421296	0.00000000
C2	c	0.91902059	0.02769313	0.13141367	0.06000000	8.06000000	0.01456627	0.00000000
C3	c	0.83446401	0.03361238	0.02839551	0.12000000	8.12000000	0.02247328	0.00000000
C4	c	0.90846249	0.00000000	0.07637008	0.18000000	8.18000000	0.01155464	0.00000000
C5	c	0.99896989	0.09082956	0.09073163	0.24000000	8.24000000	0.02639328	0.00000000
C6	c	0.94743054	0.00720458	0.04540386	0.30000000	8.30000000	0.01964510	0.00000000
C7	c	0.83440642	0.00000000	0.12318186	0.36000000	8.36000000	0.01133533	0.00000000
C8	c	0.85957597	0.00000000	0.11886133	0.42000000	8.42000000	0.01872409	0.00000000
C9	c	0.22824628	0.57778978	0.03785225	0.48000000	8.48000000	0.02210225	0.00000000
C10	c	0.39876821	0.41929768	0.04750448	0.54000000	8.54000000	0.02385456	0.00000000
C11	c	0.34971595	0.60009455	0.11779546	0.60000000	8.60000000	0.01364824	0.00000000
C12	c	0.42121936	0.51965156	0.07475876	0.66000000	8.66000000	0.02529912	0.00000000
C13	c	0.32731339	0.49844035	0.05055094	0.72000000	8.72000000	0.01762258	0.00000000
C14	c	0.34892028	0.45810778	0.08215509	0.78000000	8.78000000	0.01197011	0.00000000
C15	c	0.34462684	0.48434550	0.05494605	0.84000000	8.84000000	0.01018371	0.00000000
C16	c	0.29494203	0.50664613	0.11675755	0.90000000	8.90000000	0.01401879	0.00000000
C17	c	0.33513303	0.51134672	0.13262307	0.96000000	8.96000000	0.02654500	0.00000000
C18	c	0.35167088	0.49749278	0.06838614	1.02000000	9.02000000	0.02399963	0.00000000
C19	c	0.22943934	0.54698498	0.13143593	1.08000000	9.08000000	0.01465576	0.00000000
C20	c	0.20365297	0.78270113	0.10856891	1.14000000	9.14000000	0.02573684	0.00000000
C21	c	0.12666651	0.77132208	0.01840752	1.20000000	9.20000000	0.01691498	0.00000000
C22	c	0.20845403	0.80010225	0.11161919	1.26000000	9.26000000	0.02358117	0.00000000
C23	c	0.20325516	0.75533962	0.11858466	1.32000000	9.32000000	0.01229872	0.00000000
C24	c	0.20153831	0.84230374	0.01695169	1.38000000	9.38000000	0.01566101	0.00000000
C25	c	0.08481424	0.74687752	0.05393957	1.44000000	9.44000000	0.02152825	0.00000000
C26	c	0.43861296	0.44981145	0.10849117	1.50000000	9.50000000	0.02561195	0.00000000
C27	c	0.43192137	0.44557257	0.09828982	1.56000000	9.56000000	0.01173425	0.00000000
C28	c	0.39728598	0.50158078	0.14409073	1.62000000	9.62000000	0.01672787	0.00000000
C29	c	0.45563922	0.57609851	0.11316265	1.68000000	9.68000000	0.02907830	0.00000000
C30	c	0.43043578	0.47837748	0.11340286	1.74000000	9.74000000	0.01985503	0.00000000
C31	c	0.45731389	0.54482894	0.06114011	1.80000000	9.80000000	0.02762154	0.00000000
C32	c	0.52811475	0.41921499	0.01120832	1.86000000	9.86000000	0.02106354	0.00000000
C33	c	0.51829073	0.57647232	0.10910352	1.92000000	9.92000000	0.02691064	0.00000000
C34	c	0.21383001	0.32345383	0.15504047	1.98000000	9.98000000	0.01748418	0.00000000
C35	c	0.02519620	0.40711759	0.06395420	2.00000000	10.00000000	0.02080723	0.00000000
C36	c	0.02208772	0.38268009	0.06815079	2.00000000	10.00000000	0.01708805	0.00000000
C37	c	0.02408841	0.37116470	0.06666547	2.00000000	10.00000000	0.02135530	0.00000000
C38	c	0.35112042	0.69174140	0.07668765	2.00000000	10.00000000	0.01178519	0.00000000
C39	c	0.37119104	0.76166547	0.14078080	2.00000000	10.00000000	0.01430324	0.00000000
C40	c	0.36903529	0.70542831	0.15274038	2.00000000	10.00000000	0.02260627	0.00000000
C41	c	0.39936897	0.61390724	0.03922933	2.00000000	10.00000000	0.01342222	0.00000000
C42	c	0.42942114	0.70931554	0.14493579	2.00000000	10.00000000	0.02148576	0.00000000
C43	c	0.30931692	0.69394936	0.12301261	2.00000000	10.00000000	0.01826107	0.00000000
C44	c	1.00000000	1.00000000	0.06048758	2.00000000	10.00000000	0.01607682	0.00000000
C45	c	0.93917187	1.00000000	0.08913247	2.00000000	10.00000000	0.01434860	0.00000000
C46	c	0.91176892	1.00000000	0.11363664	2.00000000	10.00000000	0.02353816	0.00000000
C47	c	0.91352942	1.00000000	0.01775788	2.00000000	10.00000000	0.02195320	0.00000000
C48	c	0.96642706	0.93919937	0.14800349	2.00000000	10.00000000	0.01757755	0.00000000
C49	c	0.92431099	0.89183436	0.12928749	2.00000000	10.00000000	0.02017552	0.00000000
C50	c	0.91412042	1.00000000	0.06177565	2.00000000	10.00000000	0.02925001	0.00000000

Q Vehicle fuel tank capacity /0.40000000/
C Vehicle load capacity /1.50000000/
r fuel consumption rate /0.25000000/
g inverse refueling rate /1.00000000/
v average Velocity /1.00000000/
