StringID	Type	x	y	demand	ReadyTime	DueDate	ServiceTime	altitude
D0	d	0.50000000	0.50000000	0.00000000	0.00000000	10.00000000	0.00000000	0.00000000
S0	f	0.97847650	0.03980783	0.00000000	0.00000000	10.00000000	0.00000000	0.00000000
S1	f	0.64020433	0.44216100	0.00000000	0.00000000	10.00000000	0.00000000	0.00000000
S2	f	0.83565041	0.21565486	0.00000000	0.00000000	10.00000000	0.00000000	0.00000000
S3	f	0.73314486	0.72849909	0.00000000	0.00000000	10.00000000	0.00000000	0.00000000
S4	f	0.92183655	0.65444326	0.00000000	0.00000000	10.00000000	0.00000000	0.00000000
S5	f	0.73872647	0.76917823	0.00000000	0.00000000	10.00000000	0.00000000	0.00000000
S6	f	0.57855470	0.00039684	0.00000000	0.00000000	10.00000000	0.00000000	0.00000000
S7	f	0.61339901	0.11982440	0.00000000	0.00000000	10.00000000	0.00000000	0.00000000
S8	f	0.06508816	0.06189038	0.00000000	0.00000000	10.00000000	0.00000000	0.00000000
S9	f	0.08939617	0.20001564	0.00000000	0.00000000	10.00000000	0.00000000	0.00000000
C1	c	0.23481574	0.78728047	0.11308949	0.00000000	8.00000000	0.01242987	0.00000000
C2	c	0.36215977	0.84681056	0.10840547	0.06000000	8.06000000	0.01115814	0.00000000
C3	c	0.27552312	0.85044345	0.12063740	0.12000000	8.12000000	0.02493956	0.00000000
C4	c	0.36987935	0.86042145	0.14651305	0.18000000	8.18000000	0.02250227	0.00000000
C5	c	0.25437439	0.90519085	0.02934373	0.24000000	8.24000000	0.01188375	0.00000000
C6	c	0.28599168	0.82487779	0.18978331	0.30000000	8.30000000	0.02085628	0.00000000
C7	c	0.21371363	0.83027851	0.07760914	0.36000000	8.36000000	0.02022750	0.00000000
C8	c	0.36896188	0.90038680	0.10109796	0.42000000	8.42000000	0.01416381	0.00000000
C9	c	0.38056302	0.79485399	0.17796743	0.48000000	8.48000000	0.02840921	0.00000000
C10	c	0.29667817	0.94012529	0.06038697	0.54000000	8.54000000	0.02750236	0.00000000
C11	c	0.46090616	0.99387203	0.15408314	0.60000000	8.60000000	0.02694094	0.00000000
C12	c	0.28913804	0.86635593	0.17189944	0.66000000	8.66000000	0.02816744	0.00000000
C13	c	0.76668898	0.68071927	0.03375925	0.72000000	8.72000000	0.02451111	0.00000000
C14	c	0.67019755	0.67965425	0.01555445	0.78000000	8.78000000	0.02447412	0.00000000
C15	c	0.82135007	0.66245784	0.02024768	0.84000000	8.84000000	0.02435849	0.00000000
C16	c	0.08977555	0.39383924	0.08240236	0.90000000	8.90000000	0.01706641	0.00000000
C17	c	0.10899185	0.34721394	0.15595021	0.96000000	8.96000000	0.02336085	0.00000000
C18	c	0.19630468	0.39965234	0.01332599	1.02000000	9.02000000	0.02938370	0.00000000
C19	c	0.18420901	0.39960285	0.10599259	1.08000000	9.08000000	0.02021314	0.00000000
C20	c	0.17061258	0.31112072	0.09959625	1.14000000	9.14000000	0.01623706	0.00000000
C21	c	0.14997380	0.38042713	0.04615809	1.20000000	9.20000000	0.01852913	0.00000000
C22	c	0.11544928	0.40742936	0.06739145	1.26000000	9.26000000	0.02305935	0.00000000
C23	c	0.15061338	0.36376319	0.09705555	1.32000000	9.32000000	0.02055890	0.00000000
C24	c	0.55078824	0.23046989	0.04595242	1.38000000	9.38000000	0.01732371	0.00000000
C25	c	0.63987191	0.24145618	0.12559313	1.44000000	9.44000000	0.01290438	0.00000000
C26	c	0.66755899	0.22327150	0.16626515	1.50000000	9.50000000	0.02517114	0.00000000
C27	c	0.62006568	0.26443210	0.03316377	1.56000000	9.56000000	0.02810921	0.00000000
C28	c	0.67484873	0.30774923	0.06420915	1.62000000	9.62000000	0.02192468	0.00000000
C29	c	0.67082820	0.30448106	0.08547464	1.68000000	9.68000000	0.01542829	0.00000000
C30	c	0.31860534	1.00000000	0.06100557	1.74000000	9.74000000	0.01725241	0.00000000
C31	c	0.30978566	0.96126277	0.08773026	1.80000000	9.80000000	0.01037559	0.00000000
C32	c	0.36928721	1.00000000	0.10678121	1.86000000	9.86000000	0.02807914	0.00000000
C33	c	0.29726506	0.91501168	0.17600764	1.92000000	9.92000000	0.01115391	0.00000000
C34	c	0.31900862	0.95943885	0.09724961	1.98000000	9.98000000	0.01491019	0.00000000
C35	c	0.33217880	0.97295780	0.05984764	2.00000000	10.00000000	0.02160050	0.00000000
C36	c	0.28742307	0.96610764	0.03984734	2.00000000	10.00000000	0.01091100	0.00000000
C37	c	0.31923597	0.91879734	0.01374007	2.00000000	10.00000000	0.01178425	0.00000000
C38	c	0.32717931	1.00000000	0.07516792	2.00000000	10.00000000	0.01636947	0.00000000
C39	c	0.71004126	0.68060337	0.09286976	2.00000000	10.00000000	0.01184361	0.00000000
C40	c	0.83167495	0.74278514	0.18290379	2.00000000	10.00000000	0.01876806	0.00000000
C41	c	0.82111876	0.70833504	0.06578804	2.00000000	10.00000000	0.01429519	0.00000000
C42	c	0.83328274	0.75440546	0.08867961	2.00000000	10.00000000	0.01313577	0.00000000
C43	c	0.77717362	0.73552289	0.05239360	2.00000000	10.00000000	0.01402624	0.00000000
C44	c	0.49816050	0.16277122	0.15070511	2.00000000	10.00000000	0.02973374	0.00000000
C45	c	0.44254708	0.19533677	0.07729616	2.00000000	10.00000000	0.01127273	0.00000000
C46	c	0.46427486	0.16410428	0.14717097	2.00000000	10.00000000	0.01931707	0.00000000
C47	c	0.50034558	0.18875289	0.06480178	2.00000000	10.00000000	0.02182273	0.00000000
C48	c	0.41731391	0.21084729	0.01512822	2.00000000	10.00000000	0.01055306	0.00000000
C49	c	0.54655920	0.12570398	0.04169433	2.00000000	10.00000000	0.01266253	0.00000000
C50	c	0.41864721	0.12205275	0.09428271	2.00000000	10.00000000	0.02772095	0.00000000

Q Vehicle fuel tank capacity /0.40000000/
C Vehicle load capacity /1.50000000/
r fuel consumption rate /0.25000000/
g inverse refueling rate /1.00000000/
v average Velocity /1.00000000/
