StringID	Type	x	y	demand	ReadyTime	DueDate	ServiceTime	altitude
D0	d	0.50000000	0.50000000	0.00000000	0.00000000	10.00000000	0.00000000	0.00000000
S0	f	0.54926484	0.06201282	0.00000000	0.00000000	10.00000000	0.00000000	0.00000000
S1	f	0.60792570	0.47425386	0.00000000	0.00000000	10.00000000	0.00000000	0.00000000
S2	f	0.32200954	0.00382244	0.00000000	0.00000000	10.00000000	0.00000000	0.00000000
S3	f	0.31853827	0.89324608	0.00000000	0.00000000	10.00000000	0.00000000	0.00000000
S4	f	0.25261294	0.39166184	0.00000000	0.00000000	10.00000000	0.00000000	0.00000000
S5	f	0.75254617	0.77894396	0.00000000	0.00000000	10.00000000	0.00000000	0.00000000
S6	f	0.65773455	0.49039193	0.00000000	0.00000000	10.00000000	0.00000000	0.00000000
S7	f	0.31162322	0.79207022	0.00000000	0.00000000	10.00000000	0.00000000	0.00000000
S8	f	0.77785082	0.00328169	0.00000000	0.00000000	10.00000000	0.00000000	0.00000000
S9	f	0.81134971	0.10659595	0.00000000	0.00000000	10.00000000	0.00000000	0.00000000
C1	c	0.09125015	0.24304025	0.02066468	0.00000000	8.00000000	0.02513294	0.00000000
C2	c	0.04033871	0.31784309	0.06521378	0.06000000	8.06000000	0.02535932	0.00000000
C3	c	0.13614460	0.32647440	0.08663713	0.12000000	8.12000000	0.02551658	0.00000000
C4	c	0.16567179	0.39463800	0.04010438	0.18000000	8.18000000	0.02291834	0.00000000
C5	c	0.08675415	0.33211616	0.09923928	0.24000000	8.24000000	0.02725103	0.00000000
C6	c	0.05148183	0.27851128	0.15701209	0.30000000	8.30000000	0.01596314	0.00000000
C7	c	0.05315683	0.31343885	0.08411884	0.36000000	8.36000000	0.02964989	0.00000000
C8	c	0.97762571	0.77474097	0.04977905	0.42000000	8.42000000	0.01068149	0.00000000
C9	c	1.00000000	0.84106839	0.14848604	0.48000000	8.48000000	0.02685050	0.00000000
C10	c	0.92914768	0.76704641	0.07681815	0.54000000	8.54000000	0.01875938	0.00000000
C11	c	0.95823729	0.74862899	0.08175023	0.60000000	8.60000000	0.02156020	0.00000000
C12	c	0.19894101	0.87391211	0.02319382	0.66000000	8.66000000	0.02112405	0.00000000
C13	c	0.21921995	0.92005795	0.01504216	0.72000000	8.72000000	0.02814313	0.00000000
C14	c	0.15068440	0.86525521	0.03356176	0.78000000	8.78000000	0.01498390	0.00000000
C15	c	0.13479106	0.87389161	0.10604643	0.84000000	8.84000000	0.01589312	0.00000000
C16	c	0.16445582	0.78463564	0.08254619	0.90000000	8.90000000	0.01401982	0.00000000
C17	c	0.20391482	0.91314570	0.04817298	0.96000000	8.96000000	0.02700634	0.00000000
C18	c	0.20018580	0.84540199	0.16394235	1.02000000	9.02000000	0.02262895	0.00000000
C19	c	0.14681396	0.90098271	0.15452146	1.08000000	9.08000000	0.01756434	0.00000000
C20	c	0.60028310	0.14050133	0.08668721	1.14000000	9.14000000	0.01576336	0.00000000
C21	c	0.63845530	0.11931993	0.08946935	1.20000000	9.20000000	0.01377986	0.00000000
C22	c	0.56954700	0.12213829	0.05408565	1.26000000	9.26000000	0.01639928	0.00000000
C23	c	0.65602342	0.15968295	0.07997305	1.32000000	9.32000000	0.01802844	0.00000000
C24	c	0.50727099	0.24870925	0.16390269	1.38000000	9.38000000	0.02009784	0.00000000
C25	c	0.57597880	0.13066140	0.16433443	1.44000000	9.44000000	0.01971829	0.00000000
C26	c	0.60314667	0.17749429	0.16751460	1.50000000	9.50000000	0.01496763	0.00000000
C27	c	0.53071055	0.13738957	0.12869321	1.56000000	9.56000000	0.02003396	0.00000000
C28	c	0.00000000	0.25735200	0.07789923	1.62000000	9.62000000	0.01568908	0.00000000
C29	c	0.00000000	0.34268077	0.05137201	1.68000000	9.68000000	0.01363956	0.00000000
C30	c	0.00605045	0.27437215	0.11149436	1.74000000	9.74000000	0.01786772	0.00000000
C31	c	0.01517468	0.23896801	0.15502924	1.80000000	9.80000000	0.01517465	0.00000000
C32	c	0.00000000	0.30932271	0.10416144	1.86000000	9.86000000	0.01823585	0.00000000
C33	c	0.00000000	0.35412732	0.05562988	1.92000000	9.92000000	0.02057817	0.00000000
C34	c	0.00000000	0.31670462	0.05778746	1.98000000	9.98000000	0.02427343	0.00000000
C35	c	0.00000000	0.18078069	0.03698823	2.00000000	10.00000000	0.01219120	0.00000000
C36	c	0.30567300	0.12094923	0.04431519	2.00000000	10.00000000	0.02630569	0.00000000
C37	c	0.35278147	0.05873940	0.02846772	2.00000000	10.00000000	0.01429644	0.00000000
C38	c	0.25438602	0.09912997	0.08758822	2.00000000	10.00000000	0.01858426	0.00000000
C39	c	0.34107663	0.08687333	0.05346710	2.00000000	10.00000000	0.02219214	0.00000000
C40	c	0.34388755	0.06161272	0.17970143	2.00000000	10.00000000	0.02495651	0.00000000
C41	c	0.30334334	0.13404749	0.04061826	2.00000000	10.00000000	0.02398418	0.00000000
C42	c	0.31324733	0.05808852	0.10501302	2.00000000	10.00000000	0.01157298	0.00000000
C43	c	0.28897780	0.49750120	0.07821116	2.00000000	10.00000000	0.01986791	0.00000000
C44	c	0.30411406	0.52997331	0.17551620	2.00000000	10.00000000	0.01759764	0.00000000
C45	c	0.39879760	0.53697354	0.13081015	2.00000000	10.00000000	0.01215719	0.00000000
C46	c	0.42169362	0.55833835	0.08909436	2.00000000	10.00000000	0.01990150	0.00000000
C47	c	0.34117530	0.50350738	0.03536390	2.00000000	10.00000000	0.01762515	0.00000000
C48	c	0.35817203	0.56814638	0.10248630	2.00000000	10.00000000	0.02351959	0.00000000
C49	c	0.30571912	0.51930494	0.17516581	2.00000000	10.00000000	0.02441064	0.00000000
C50	c	0.33385022	0.43558442	0.05230833	2.00000000	10.00000000	0.01889588	0.00000000

Q Vehicle fuel tank capacity /0.40000000/
C Vehicle load capacity /1.50000000/
r fuel consumption rate /0.25000000/
g inverse refueling rate /1.00000000/
v average Velocity /1.00000000/
