StringID	Type	x	y	demand	ReadyTime	DueDate	ServiceTime	altitude
D0	d	0.50000000	0.50000000	0.00000000	0.00000000	10.00000000	0.00000000	0.00000000
S0	f	0.76092364	0.06685635	0.00000000	0.00000000	10.00000000	0.00000000	0.00000000
S1	f	0.43614575	0.62810438	0.00000000	0.00000000	10.00000000	0.00000000	0.00000000
S2	f	0.26016572	0.88153335	0.00000000	0.00000000	10.00000000	0.00000000	0.00000000
S3	f	0.21345257	0.22094715	0.00000000	0.00000000	10.00000000	0.00000000	0.00000000
S4	f	0.19723994	0.38777954	0.00000000	0.00000000	10.00000000	0.00000000	0.00000000
S5	f	0.82927791	0.90124184	0.00000000	0.00000000	10.00000000	0.00000000	0.00000000
S6	f	0.74712929	0.79855564	0.00000000	0.00000000	10.00000000	0.00000000	0.00000000
S7	f	0.66959157	0.90718234	0.00000000	0.00000000	10.00000000	0.00000000	0.00000000
S8	f	0.97798292	0.22007766	0.00000000	0.00000000	10.00000000	0.00000000	0.00000000
S9	f	0.09937163	0.56597284	0.00000000	0.00000000	10.00000000	0.00000000	0.00000000
C1	c	0.79638615	0.09057517	0.12393908	0.00000000	8.00000000	0.02491095	0.00000000
C2	c	0.86750419	0.06814921	0.08829436	0.06000000	8.06000000	0.02889188	0.00000000
C3	c	0.72064481	0.09773735	0.02201196	0.12000000	8.12000000	0.02969527	0.00000000
C4	c	0.74755286	0.02596513	0.12621832	0.18000000	8.18000000	0.02987475	0.00000000
C5	c	0.79957018	0.09293324	0.03122853	0.24000000	8.24000000	0.01156621	0.00000000
C6	c	0.64807195	0.26603087	0.04409128	0.30000000	8.30000000	0.02068644	0.00000000
C7	c	0.54315046	0.24575704	0.10195479	0.36000000	8.36000000	0.01295761	0.00000000
C8	c	0.64201554	0.13303420	0.03004042	0.42000000	8.42000000	0.02861823	0.00000000
C9	c	0.54803974	0.13384239	0.04110532	0.48000000	8.48000000	0.01241782	0.00000000
C10	c	0.46224432	0.13366448	0.08812392	0.54000000	8.54000000	0.02945649	0.00000000
C11	c	0.62264618	0.13355648	0.10210226	0.60000000	8.60000000	0.02265742	0.00000000
C12	c	0.62945950	0.12440566	0.07588181	0.66000000	8.66000000	0.01439717	0.00000000
C13	c	0.60973227	0.21378827	0.09141984	0.72000000	8.72000000	0.01107696	0.00000000
C14	c	0.55735735	0.22916652	0.03655049	0.78000000	8.78000000	0.01422336	0.00000000
C15	c	0.53148578	0.15021589	0.08554423	0.84000000	8.84000000	0.01991047	0.00000000
C16	c	0.39962916	0.58327425	0.10127848	0.90000000	8.90000000	0.02791349	0.00000000
C17	c	0.48364014	0.61309710	0.08149022	0.96000000	8.96000000	0.01838580	0.00000000
C18	c	0.39095268	0.63667510	0.14401980	1.02000000	9.02000000	0.02906589	0.00000000
C19	c	0.45492293	0.52499570	0.11122136	1.08000000	9.08000000	0.02410434	0.00000000
C20	c	0.48926413	0.59407066	0.17035564	1.14000000	9.14000000	0.01247815	0.00000000
C21	c	0.70095530	0.23756347	0.01693883	1.20000000	9.20000000	0.01157525	0.00000000
C22	c	0.72378352	0.28569108	0.04381398	1.26000000	9.26000000	0.01918209	0.00000000
C23	c	0.60423727	0.34169970	0.09343193	1.32000000	9.32000000	0.01639923	0.00000000
C24	c	0.73482903	0.21230939	0.15811641	1.38000000	9.38000000	0.02997001	0.00000000
C25	c	0.67175416	0.33690167	0.10548954	1.44000000	9.44000000	0.02473072	0.00000000
C26	c	0.67641757	0.32495322	0.06755659	1.50000000	9.50000000	0.02844944	0.00000000
C27	c	0.16600050	0.63048346	0.01745960	1.56000000	9.56000000	0.02303752	0.00000000
C28	c	0.09419475	0.67818296	0.05737753	1.62000000	9.62000000	0.01342385	0.00000000
C29	c	0.24786616	0.60101155	0.02184924	1.68000000	9.68000000	0.02514733	0.00000000
C30	c	0.20299826	0.76305666	0.10234351	1.74000000	9.74000000	0.01296578	0.00000000
C31	c	0.18232532	0.57917050	0.05377537	1.80000000	9.80000000	0.01099904	0.00000000
C32	c	0.01290410	0.50896996	0.08997404	1.86000000	9.86000000	0.01068340	0.00000000
C33	c	0.14306495	0.56971978	0.15056728	1.92000000	9.92000000	0.02361120	0.00000000
C34	c	0.09850032	0.63194036	0.06423412	1.98000000	9.98000000	0.01244665	0.00000000
C35	c	0.16666673	0.61812433	0.13031950	2.00000000	10.00000000	0.01787528	0.00000000
C36	c	0.22631226	0.63456254	0.06379586	2.00000000	10.00000000	0.02376131	0.00000000
C37	c	0.14961786	0.61010341	0.14645792	2.00000000	10.00000000	0.01078599	0.00000000
C38	c	0.24533921	0.57214124	0.03293604	2.00000000	10.00000000	0.02082451	0.00000000
C39	c	0.14858722	0.47454968	0.16358587	2.00000000	10.00000000	0.01417365	0.00000000
C40	c	0.21125260	0.63646568	0.10253118	2.00000000	10.00000000	0.01040709	0.00000000
C41	c	0.14528385	0.94125501	0.07608543	2.00000000	10.00000000	0.01494213	0.00000000
C42	c	0.00000000	0.93362059	0.13143974	2.00000000	10.00000000	0.01665167	0.00000000
C43	c	0.01580446	0.96825476	0.14389019	2.00000000	10.00000000	0.01193594	0.00000000
C44	c	0.18155746	0.84395271	0.03024842	2.00000000	10.00000000	0.02557060	0.00000000
C45	c	0.02982574	0.91057431	0.13997083	2.00000000	10.00000000	0.01185271	0.00000000
C46	c	0.09389205	0.91212565	0.14307794	2.00000000	10.00000000	0.01546898	0.00000000
C47	c	0.03983505	0.87331296	0.14708068	2.00000000	10.00000000	0.02678339	0.00000000
C48	c	0.07535430	0.86535791	0.09244236	2.00000000	10.00000000	0.02907482	0.00000000
C49	c	0.14536899	0.91670817	0.08690721	2.00000000	10.00000000	0.02203346	0.00000000
C50	c	0.10306961	0.90017210	0.12943075	2.00000000	10.00000000	0.01785854	0.00000000

Q Vehicle fuel tank capacity /0.40000000/
C Vehicle load capacity /1.50000000/
r fuel consumption rate /0.25000000/
g inverse refueling rate /1.00000000/
v average Velocity /1.00000000/
