StringID	Type	x	y	demand	ReadyTime	DueDate	ServiceTime	altitude
D0	d	0.50000000	0.50000000	0.00000000	0.00000000	10.00000000	0.00000000	0.00000000
S0	f	0.46959822	0.65901784	0.00000000	0.00000000	10.00000000	0.00000000	0.00000000
S1	f	0.93041359	0.67654753	0.00000000	0.00000000	10.00000000	0.00000000	0.00000000
S2	f	0.24615674	0.57609963	0.00000000	0.00000000	10.00000000	0.00000000	0.00000000
S3	f	0.28762160	0.17163845	0.00000000	0.00000000	10.00000000	0.00000000	0.00000000
S4	f	0.21540727	0.71326767	0.00000000	0.00000000	10.00000000	0.00000000	0.00000000
S5	f	0.28987148	0.78792175	0.00000000	0.00000000	10.00000000	0.00000000	0.00000000
C1	c	0.44441221	0.00000000	0.13242292	0.00000000	8.00000000	0.01663555	0.00000000
C2	c	0.43012057	0.04728015	0.22805546	0.10000000	8.10000000	0.02727300	0.00000000
C3	c	0.46107329	0.03858850	0.21253866	0.20000000	8.20000000	0.01244829	0.00000000
C4	c	0.42559840	0.05887554	0.17586090	0.30000000	8.30000000	0.02166171	0.00000000
C5	c	0.45994163	0.01757066	0.07165855	0.40000000	8.40000000	0.01034450	0.00000000
C6	c	0.39734425	0.05050575	0.12569334	0.50000000	8.50000000	0.01766362	0.00000000
C7	c	0.41570851	0.56887268	0.08968521	0.60000000	8.60000000	0.01690001	0.00000000
C8	c	0.46146161	0.60095323	0.05804879	0.70000000	8.70000000	0.02943783	0.00000000
C9	c	0.38996161	0.65588096	0.17682967	0.80000000	8.80000000	0.02208363	0.00000000
C10	c	0.41206556	0.60993073	0.13558996	0.90000000	8.90000000	0.02255247	0.00000000
C11	c	0.39460841	0.67718932	0.25895412	1.00000000	9.00000000	0.02717839	0.00000000
C12	c	0.36177290	0.57889364	0.06089112	1.10000000	9.10000000	0.02296450	0.00000000
C13	c	0.45486148	0.53610749	0.21038734	1.20000000	9.20000000	0.02804435	0.00000000
C14	c	0.51970309	0.39780748	0.22833893	1.30000000	9.30000000	0.01827954	0.00000000
C15	c	0.59397332	0.45133693	0.04212119	1.40000000	9.40000000	0.01875590	0.00000000
C16	c	0.54769829	0.43501543	0.04415023	1.50000000	9.50000000	0.02346911	0.00000000
C17	c	0.52379630	0.46626984	0.09659017	1.60000000	9.60000000	0.02689470	0.00000000
C18	c	0.55777812	0.50936072	0.16193418	1.70000000	9.70000000	0.01535869	0.00000000
C19	c	0.63660091	0.55898757	0.19135964	1.80000000	9.80000000	0.01147622	0.00000000
C20	c	0.51944629	0.46081191	0.24345272	1.90000000	9.90000000	0.02152313	0.00000000
C21	c	0.56112389	0.40132277	0.16244545	2.00000000	10.00000000	0.02496634	0.00000000
C22	c	0.48895132	0.36760382	0.14179393	2.00000000	10.00000000	0.01856279	0.00000000
C23	c	0.57733668	0.39956848	0.20810892	2.00000000	10.00000000	0.02269737	0.00000000
C24	c	0.56129346	0.47112949	0.26201469	2.00000000	10.00000000	0.02672268	0.00000000
C25	c	0.61282813	0.47470305	0.14198395	2.00000000	10.00000000	0.01192537	0.00000000
C26	c	0.61903190	0.39552562	0.02229648	2.00000000	10.00000000	0.01774183	0.00000000
C27	c	0.58259192	0.47629890	0.18077157	2.00000000	10.00000000	0.02320937	0.00000000
C28	c	0.58092855	0.60942936	0.23380040	2.00000000	10.00000000	0.01404461	0.00000000
C29	c	0.62866266	0.54872709	0.15055738	2.00000000	10.00000000	0.01544478	0.00000000
C30	c	0.63853509	0.45832955	0.05166411	2.00000000	10.00000000	0.01259751	0.00000000

Q Vehicle fuel tank capacity /0.40000000/
C Vehicle load capacity /1.50000000/
r fuel consumption rate /0.25000000/
g inverse refueling rate /1.00000000/
v average Velocity /1.00000000/
