StringID	Type	x	y	demand	ReadyTime	DueDate	ServiceTime	altitude
D0	d	0.50000000	0.50000000	0.00000000	0.00000000	10.00000000	0.00000000	0.00000000
S0	f	0.15800817	0.94881688	0.00000000	0.00000000	10.00000000	0.00000000	0.00000000
S1	f	0.82687050	0.80217061	0.00000000	0.00000000	10.00000000	0.00000000	0.00000000
S2	f	0.32104889	0.35959952	0.00000000	0.00000000	10.00000000	0.00000000	0.00000000
S3	f	0.99173430	0.73329615	0.00000000	0.00000000	10.00000000	0.00000000	0.00000000
S4	f	0.98067943	0.42592022	0.00000000	0.00000000	10.00000000	0.00000000	0.00000000
S5	f	0.12213007	0.00503831	0.00000000	0.00000000	10.00000000	0.00000000	0.00000000
C1	c	0.81645993	0.75420320	0.08177064	0.00000000	8.00000000	0.02405936	0.00000000
C2	c	0.74081073	0.61234121	0.09339873	0.10000000	8.10000000	0.01776028	0.00000000
C3	c	0.73292653	0.69742494	0.22387584	0.20000000	8.20000000	0.02359208	0.00000000
C4	c	0.67556107	0.74948786	0.06387831	0.30000000	8.30000000	0.01600647	0.00000000
C5	c	0.06916214	0.69707644	0.08418589	0.40000000	8.40000000	0.02435361	0.00000000
C6	c	0.03968315	0.65117386	0.07920593	0.50000000	8.50000000	0.01048117	0.00000000
C7	c	0.00000000	0.73819389	0.25266231	0.60000000	8.60000000	0.01517600	0.00000000
C8	c	0.02188072	0.69309844	0.20114210	0.70000000	8.70000000	0.02994902	0.00000000
C9	c	0.08201481	0.68992478	0.08722243	0.80000000	8.80000000	0.01528016	0.00000000
C10	c	0.64438734	0.06044877	0.22602423	0.90000000	8.90000000	0.02254910	0.00000000
C11	c	0.55506890	0.01473817	0.25043673	1.00000000	9.00000000	0.02023571	0.00000000
C12	c	0.55928387	0.00000000	0.02154039	1.10000000	9.10000000	0.02625874	0.00000000
C13	c	0.61314697	0.00000000	0.04341724	1.20000000	9.20000000	0.02971596	0.00000000
C14	c	0.62073916	0.00195189	0.23470568	1.30000000	9.30000000	0.02087974	0.00000000
C15	c	0.10425840	0.20703943	0.06446723	1.40000000	9.40000000	0.01877387	0.00000000
C16	c	0.26461493	0.25138115	0.11404234	1.50000000	9.50000000	0.02217429	0.00000000
C17	c	0.26077296	0.12885041	0.14267249	1.60000000	9.60000000	0.01368915	0.00000000
C18	c	0.17359306	0.21318428	0.14266688	1.70000000	9.70000000	0.01312594	0.00000000
C19	c	0.16601375	0.20024621	0.21249201	1.80000000	9.80000000	0.02516488	0.00000000
C20	c	0.14364986	0.20986478	0.20276162	1.90000000	9.90000000	0.02937456	0.00000000
C21	c	0.15113725	0.23370197	0.13894475	2.00000000	10.00000000	0.01004876	0.00000000
C22	c	0.16790326	0.26991952	0.21338612	2.00000000	10.00000000	0.02521182	0.00000000
C23	c	0.14426471	0.23445479	0.16849406	2.00000000	10.00000000	0.01821915	0.00000000
C24	c	0.18055098	0.09882378	0.07732974	2.00000000	10.00000000	0.01466782	0.00000000
C25	c	0.18840952	0.21988939	0.21249986	2.00000000	10.00000000	0.02059483	0.00000000
C26	c	0.08866753	0.35352759	0.17533217	2.00000000	10.00000000	0.02454996	0.00000000
C27	c	0.00000000	0.35764969	0.17744951	2.00000000	10.00000000	0.02777752	0.00000000
C28	c	0.03795070	0.30515330	0.24099656	2.00000000	10.00000000	0.02526579	0.00000000
C29	c	0.12190220	0.41928310	0.18930066	2.00000000	10.00000000	0.01292255	0.00000000
C30	c	0.08569862	0.45624484	0.08369754	2.00000000	10.00000000	0.02361055	0.00000000

Q Vehicle fuel tank capacity /0.40000000/
C Vehicle load capacity /1.50000000/
r fuel consumption rate /0.25000000/
g inverse refueling rate /1.00000000/
v average Velocity /1.00000000/
