StringID	Type	x	y	demand	ReadyTime	DueDate	ServiceTime	altitude
D0	d	0.50000000	0.50000000	0.00000000	0.00000000	10.00000000	0.00000000	0.00000000
S0	f	0.37248583	0.89292512	0.00000000	0.00000000	10.00000000	0.00000000	0.00000000
S1	f	0.76178787	0.35013710	0.00000000	0.00000000	10.00000000	0.00000000	0.00000000
S2	f	0.94729070	0.46021300	0.00000000	0.00000000	10.00000000	0.00000000	0.00000000
S3	f	0.26930956	0.79817103	0.00000000	0.00000000	10.00000000	0.00000000	0.00000000
S4	f	0.24884291	0.96711860	0.00000000	0.00000000	10.00000000	0.00000000	0.00000000
S5	f	0.35092367	0.49549816	0.00000000	0.00000000	10.00000000	0.00000000	0.00000000
S6	f	0.12210865	0.36279982	0.00000000	0.00000000	10.00000000	0.00000000	0.00000000
S7	f	0.53928642	0.78266424	0.00000000	0.00000000	10.00000000	0.00000000	0.00000000
S8	f	0.84379579	0.88865315	0.00000000	0.00000000	10.00000000	0.00000000	0.00000000
S9	f	0.48336666	0.99825334	0.00000000	0.00000000	10.00000000	0.00000000	0.00000000
C1	c	0.29683098	0.97515504	0.07116405	0.00000000	8.00000000	0.02097180	0.00000000
C2	c	0.42006700	0.92649136	0.09018634	0.06000000	8.06000000	0.02461646	0.00000000
C3	c	0.42404889	0.90013743	0.08888675	0.12000000	8.12000000	0.02505368	0.00000000
C4	c	0.31848510	0.80681796	0.13181840	0.18000000	8.18000000	0.02654110	0.00000000
C5	c	0.41167954	0.85251021	0.01858127	0.24000000	8.24000000	0.01270921	0.00000000
C6	c	0.41156544	0.93086194	0.03954949	0.30000000	8.30000000	0.01452369	0.00000000
C7	c	0.06497376	0.92675888	0.07323742	0.36000000	8.36000000	0.01131319	0.00000000
C8	c	0.04033738	0.87003218	0.17485964	0.42000000	8.42000000	0.02073562	0.00000000
C9	c	0.12728171	0.92935065	0.07546914	0.48000000	8.48000000	0.02642376	0.00000000
C10	c	0.08531252	0.98832048	0.12435215	0.54000000	8.54000000	0.02378421	0.00000000
C11	c	0.08946390	0.95164542	0.10237479	0.60000000	8.60000000	0.02421147	0.00000000
C12	c	0.06878179	0.90570468	0.04829804	0.66000000	8.66000000	0.02812611	0.00000000
C13	c	0.00000000	0.91353142	0.13223251	0.72000000	8.72000000	0.02170602	0.00000000
C14	c	0.07754116	0.89325018	0.17990671	0.78000000	8.78000000	0.02627539	0.00000000
C15	c	0.07176312	0.92245175	0.03869831	0.84000000	8.84000000	0.02848059	0.00000000
C16	c	0.77273435	0.31008687	0.02554642	0.90000000	8.90000000	0.02380814	0.00000000
C17	c	0.78683907	0.39932202	0.07776103	0.96000000	8.96000000	0.02903287	0.00000000
C18	c	0.76174358	0.41894292	0.11091486	1.02000000	9.02000000	0.02182004	0.00000000
C19	c	0.68543694	0.33126032	0.16594459	1.08000000	9.08000000	0.02470610	0.00000000
C20	c	0.74804858	0.23862825	0.06952239	1.14000000	9.14000000	0.02724903	0.00000000
C21	c	0.55673261	0.38477145	0.10144987	1.20000000	9.20000000	0.02191513	0.00000000
C22	c	0.59336775	0.40208470	0.01834129	1.26000000	9.26000000	0.01784156	0.00000000
C23	c	0.62914835	0.43347134	0.03742384	1.32000000	9.32000000	0.01646454	0.00000000
C24	c	0.64451300	0.31090379	0.16100722	1.38000000	9.38000000	0.02806840	0.00000000
C25	c	0.65289217	0.38146199	0.07085119	1.44000000	9.44000000	0.02013322	0.00000000
C26	c	0.53515846	0.30868426	0.11509221	1.50000000	9.50000000	0.01651493	0.00000000
C27	c	0.56478398	0.36271123	0.16554423	1.56000000	9.56000000	0.02699954	0.00000000
C28	c	0.64085424	0.42246871	0.06758225	1.62000000	9.62000000	0.01617846	0.00000000
C29	c	0.59719096	0.34514228	0.01250682	1.68000000	9.68000000	0.01530397	0.00000000
C30	c	0.57845751	0.36386210	0.16236930	1.74000000	9.74000000	0.02300311	0.00000000
C31	c	0.57126613	0.35694452	0.02806009	1.80000000	9.80000000	0.01818888	0.00000000
C32	c	0.56247999	0.35043387	0.10617621	1.86000000	9.86000000	0.02614332	0.00000000
C33	c	0.99874458	0.50266070	0.01529563	1.92000000	9.92000000	0.02207106	0.00000000
C34	c	0.89286665	0.49290746	0.07683420	1.98000000	9.98000000	0.02730032	0.00000000
C35	c	0.99165971	0.52094267	0.01762090	2.00000000	10.00000000	0.02707026	0.00000000
C36	c	0.91731287	0.43076354	0.05873398	2.00000000	10.00000000	0.01058007	0.00000000
C37	c	1.00000000	0.48909228	0.02182827	2.00000000	10.00000000	0.01225077	0.00000000
C38	c	0.03225624	0.81493694	0.16617195	2.00000000	10.00000000	0.01903060	0.00000000
C39	c	0.03048081	0.71289828	0.04923650	2.00000000	10.00000000	0.02699199	0.00000000
C40	c	0.02311035	0.71326176	0.01967910	2.00000000	10.00000000	0.02584341	0.00000000
C41	c	0.06954481	0.79510768	0.16183673	2.00000000	10.00000000	0.02841815	0.00000000
C42	c	0.16409629	0.68868873	0.14146287	2.00000000	10.00000000	0.01563919	0.00000000
C43	c	0.06945308	0.70583965	0.16211959	2.00000000	10.00000000	0.01538304	0.00000000
C44	c	0.88741481	0.88739675	0.06281928	2.00000000	10.00000000	0.01995877	0.00000000
C45	c	0.96985759	1.00000000	0.02530634	2.00000000	10.00000000	0.01786778	0.00000000
C46	c	0.94785337	0.93236109	0.04645623	2.00000000	10.00000000	0.02928231	0.00000000
C47	c	0.99716886	0.90038144	0.10442842	2.00000000	10.00000000	0.01660038	0.00000000
C48	c	0.98594868	0.89851626	0.13497867	2.00000000	10.00000000	0.01826564	0.00000000
C49	c	0.87363552	0.94451030	0.17777073	2.00000000	10.00000000	0.01482555	0.00000000
C50	c	0.88921176	0.99092733	0.17171179	2.00000000	10.00000000	0.02690870	0.00000000

Q Vehicle fuel tank capacity /0.40000000/
C Vehicle load capacity /1.50000000/
r fuel consumption rate /0.25000000/
g inverse refueling rate /1.00000000/
v average Velocity /1.00000000/
