StringID	Type	x	y	demand	ReadyTime	DueDate	ServiceTime	altitude
D0	d	0.50000000	0.50000000	0.00000000	0.00000000	10.00000000	0.00000000	0.00000000
S0	f	0.48198124	0.68883390	0.00000000	0.00000000	10.00000000	0.00000000	0.00000000
S1	f	0.01850470	0.33131822	0.00000000	0.00000000	10.00000000	0.00000000	0.00000000
S2	f	0.77772787	0.47588777	0.00000000	0.00000000	10.00000000	0.00000000	0.00000000
S3	f	0.73693227	0.07243881	0.00000000	0.00000000	10.00000000	0.00000000	0.00000000
S4	f	0.84997338	0.41551942	0.00000000	0.00000000	10.00000000	0.00000000	0.00000000
S5	f	0.93982622	0.36433219	0.00000000	0.00000000	10.00000000	0.00000000	0.00000000
S6	f	0.77831263	0.61348001	0.00000000	0.00000000	10.00000000	0.00000000	0.00000000
S7	f	0.66676708	0.87667263	0.00000000	0.00000000	10.00000000	0.00000000	0.00000000
S8	f	0.44986467	0.13232718	0.00000000	0.00000000	10.00000000	0.00000000	0.00000000
S9	f	0.15756908	0.24964673	0.00000000	0.00000000	10.00000000	0.00000000	0.00000000
C1	c	0.84776354	0.66933203	0.08732303	0.00000000	8.00000000	0.01711799	0.00000000
C2	c	0.92075195	0.74705781	0.15248510	0.06000000	8.06000000	0.02617427	0.00000000
C3	c	0.94456654	0.65750497	0.07342506	0.12000000	8.12000000	0.02888549	0.00000000
C4	c	0.80610890	0.75696081	0.07067228	0.18000000	8.18000000	0.02796709	0.00000000
C5	c	0.90558288	0.73050637	0.05509369	0.24000000	8.24000000	0.01768520	0.00000000
C6	c	0.89278162	0.78838207	0.01485139	0.30000000	8.30000000	0.02231770	0.00000000
C7	c	0.83393194	0.68519193	0.06246057	0.36000000	8.36000000	0.01313116	0.00000000
C8	c	0.58628774	0.32693073	0.03321962	0.42000000	8.42000000	0.02813922	0.00000000
C9	c	0.53602872	0.33815897	0.15453068	0.48000000	8.48000000	0.01609208	0.00000000
C10	c	0.61006265	0.34785721	0.07572509	0.54000000	8.54000000	0.02799274	0.00000000
C11	c	0.61279925	0.35999661	0.11293328	0.60000000	8.60000000	0.01316645	0.00000000
C12	c	0.47431975	0.44476523	0.05427195	0.66000000	8.66000000	0.01498881	0.00000000
C13	c	0.55479371	0.31129736	0.13374776	0.72000000	8.72000000	0.02105250	0.00000000
C14	c	0.59010852	0.29521462	0.02411612	0.78000000	8.78000000	0.02547622	0.00000000
C15	c	0.49231895	0.45201230	0.11402498	0.84000000	8.84000000	0.02685396	0.00000000
C16	c	0.68124771	0.67300074	0.13786855	0.90000000	8.90000000	0.02815954	0.00000000
C17	c	0.82834179	0.69945006	0.13258351	0.96000000	8.96000000	0.02086933	0.00000000
C18	c	0.72455290	0.60126951	0.01759136	1.02000000	9.02000000	0.01863561	0.00000000
C19	c	0.84130264	0.60378031	0.13515943	1.08000000	9.08000000	0.01072532	0.00000000
C20	c	0.82651945	0.60089756	0.08428792	1.14000000	9.14000000	0.01210301	0.00000000
C21	c	0.73673935	0.60127124	0.14684528	1.20000000	9.20000000	0.02986582	0.00000000
C22	c	0.88059326	0.57159253	0.03838933	1.26000000	9.26000000	0.01149920	0.00000000
C23	c	0.68597677	0.67066861	0.09377583	1.32000000	9.32000000	0.02486182	0.00000000
C24	c	0.80879308	0.64167094	0.14730386	1.38000000	9.38000000	0.01748613	0.00000000
C25	c	0.85204849	0.66025666	0.03042100	1.44000000	9.44000000	0.01786236	0.00000000
C26	c	0.14011060	0.99361720	0.13131978	1.50000000	9.50000000	0.02515924	0.00000000
C27	c	0.12961032	0.94561284	0.13822208	1.56000000	9.56000000	0.01424002	0.00000000
C28	c	0.20542822	0.97023902	0.02538113	1.62000000	9.62000000	0.02012235	0.00000000
C29	c	0.18571291	0.87989138	0.04880542	1.68000000	9.68000000	0.02787035	0.00000000
C30	c	0.11155882	0.86783200	0.16987033	1.74000000	9.74000000	0.02973903	0.00000000
C31	c	0.16726650	0.94235113	0.08621597	1.80000000	9.80000000	0.01209601	0.00000000
C32	c	0.06504383	0.97899489	0.11389909	1.86000000	9.86000000	0.02012128	0.00000000
C33	c	1.00000000	0.69249758	0.14992754	1.92000000	9.92000000	0.02381661	0.00000000
C34	c	1.00000000	0.70869361	0.06595366	1.98000000	9.98000000	0.01011819	0.00000000
C35	c	0.39678611	0.36561261	0.10100964	2.00000000	10.00000000	0.01401303	0.00000000
C36	c	0.35258823	0.40566631	0.11380057	2.00000000	10.00000000	0.01492616	0.00000000
C37	c	0.29342567	0.43345353	0.18112936	2.00000000	10.00000000	0.02968403	0.00000000
C38	c	0.38948573	0.37652871	0.05678711	2.00000000	10.00000000	0.02563750	0.00000000
C39	c	0.36265351	0.43189938	0.09157856	2.00000000	10.00000000	0.02170983	0.00000000
C40	c	0.49877589	0.39834379	0.02709524	2.00000000	10.00000000	0.01857960	0.00000000
C41	c	0.27370100	0.40480690	0.02155124	2.00000000	10.00000000	0.01203232	0.00000000
C42	c	0.13957227	0.08507806	0.09812744	2.00000000	10.00000000	0.01418524	0.00000000
C43	c	0.15556875	0.07930347	0.03902674	2.00000000	10.00000000	0.01372424	0.00000000
C44	c	0.02080284	0.17678129	0.16007247	2.00000000	10.00000000	0.01756236	0.00000000
C45	c	0.16503641	0.18580556	0.04380603	2.00000000	10.00000000	0.01714874	0.00000000
C46	c	0.12221175	0.11384600	0.02779871	2.00000000	10.00000000	0.01517877	0.00000000
C47	c	0.13807329	0.10757729	0.05657207	2.00000000	10.00000000	0.01623045	0.00000000
C48	c	0.12146325	0.22247332	0.11800577	2.00000000	10.00000000	0.01314106	0.00000000
C49	c	0.07050808	0.10716668	0.08269030	2.00000000	10.00000000	0.02731477	0.00000000
C50	c	0.16969874	0.10938809	0.16824709	2.00000000	10.00000000	0.01794083	0.00000000

Q Vehicle fuel tank capacity /0.40000000/
C Vehicle load capacity /1.50000000/
r fuel consumption rate /0.25000000/
g inverse refueling rate /1.00000000/
v average Velocity /1.00000000/
