StringID	Type	x	y	demand	ReadyTime	DueDate	ServiceTime	altitude
D0	d	0.50000000	0.50000000	0.00000000	0.00000000	10.00000000	0.00000000	0.00000000
S0	f	0.23363742	0.09971712	0.00000000	0.00000000	10.00000000	0.00000000	0.00000000
S1	f	0.33978135	0.41962435	0.00000000	0.00000000	10.00000000	0.00000000	0.00000000
S2	f	0.04105376	0.47684692	0.00000000	0.00000000	10.00000000	0.00000000	0.00000000
S3	f	0.72972258	0.61240669	0.00000000	0.00000000	10.00000000	0.00000000	0.00000000
S4	f	0.37487162	0.18378050	0.00000000	0.00000000	10.00000000	0.00000000	0.00000000
S5	f	0.27783330	0.93830437	0.00000000	0.00000000	10.00000000	0.00000000	0.00000000
C1	c	0.18823587	0.18413565	0.10024848	0.00000000	8.00000000	0.01924663	0.00000000
C2	c	0.33088534	0.21464278	0.04022711	0.10000000	8.10000000	0.01710646	0.00000000
C3	c	0.19111844	0.20984341	0.13012235	0.20000000	8.20000000	0.02515636	0.00000000
C4	c	0.25028978	0.24629841	0.15586035	0.30000000	8.30000000	0.02615030	0.00000000
C5	c	0.17714784	0.28467202	0.19563134	0.40000000	8.40000000	0.01623412	0.00000000
C6	c	0.01013785	0.28488499	0.09296912	0.50000000	8.50000000	0.01899873	0.00000000
C7	c	0.05752258	0.28262760	0.09121396	0.60000000	8.60000000	0.02207700	0.00000000
C8	c	0.03308186	0.32793782	0.27501520	0.70000000	8.70000000	0.01410540	0.00000000
C9	c	0.00000000	0.18339521	0.19695921	0.80000000	8.80000000	0.02031790	0.00000000
C10	c	0.13961529	0.24287461	0.27272504	0.90000000	8.90000000	0.01822805	0.00000000
C11	c	0.00000000	0.20108238	0.13911023	1.00000000	9.00000000	0.01395512	0.00000000
C12	c	0.72852123	0.80771669	0.11641482	1.10000000	9.10000000	0.01326260	0.00000000
C13	c	0.63458564	0.87563759	0.18795126	1.20000000	9.20000000	0.01922236	0.00000000
C14	c	0.61741074	0.87345251	0.16102357	1.30000000	9.30000000	0.01416383	0.00000000
C15	c	0.78204014	0.85418495	0.29915007	1.40000000	9.40000000	0.02455749	0.00000000
C16	c	0.79602141	0.96106937	0.07082326	1.50000000	9.50000000	0.01459857	0.00000000
C17	c	0.87065550	0.87993852	0.03507672	1.60000000	9.60000000	0.02639572	0.00000000
C18	c	0.76062210	0.89699742	0.16097290	1.70000000	9.70000000	0.02971170	0.00000000
C19	c	0.74807974	0.86260167	0.06873156	1.80000000	9.80000000	0.01947161	0.00000000
C20	c	0.74425189	0.83562045	0.08391521	1.90000000	9.90000000	0.02865988	0.00000000
C21	c	0.74725102	0.89391914	0.18262332	2.00000000	10.00000000	0.01901653	0.00000000
C22	c	0.76831616	0.85038827	0.06865065	2.00000000	10.00000000	0.01487135	0.00000000
C23	c	0.22239074	0.04914948	0.15325380	2.00000000	10.00000000	0.02051719	0.00000000
C24	c	0.18612422	0.00000000	0.15473078	2.00000000	10.00000000	0.01234081	0.00000000
C25	c	0.14900469	0.06398666	0.16856164	2.00000000	10.00000000	0.01319761	0.00000000
C26	c	0.07199978	0.16350502	0.27325961	2.00000000	10.00000000	0.02256494	0.00000000
C27	c	0.21232122	0.17331950	0.05287482	2.00000000	10.00000000	0.02241887	0.00000000
C28	c	0.31438872	0.11630640	0.02689701	2.00000000	10.00000000	0.01111571	0.00000000
C29	c	0.16647900	0.11458951	0.28382550	2.00000000	10.00000000	0.01722425	0.00000000
C30	c	0.23186990	0.18314218	0.26118113	2.00000000	10.00000000	0.01228913	0.00000000

Q Vehicle fuel tank capacity /0.40000000/
C Vehicle load capacity /1.50000000/
r fuel consumption rate /0.25000000/
g inverse refueling rate /1.00000000/
v average Velocity /1.00000000/
