StringID	Type	x	y	demand	ReadyTime	DueDate	ServiceTime	altitude
D0	d	0.50000000	0.50000000	0.00000000	0.00000000	10.00000000	0.00000000	0.00000000
S0	f	0.60513879	0.53534448	0.00000000	0.00000000	10.00000000	0.00000000	0.00000000
S1	f	0.41116049	0.35203659	0.00000000	0.00000000	10.00000000	0.00000000	0.00000000
S2	f	0.63165045	0.47492933	0.00000000	0.00000000	10.00000000	0.00000000	0.00000000
S3	f	0.95010045	0.53008440	0.00000000	0.00000000	10.00000000	0.00000000	0.00000000
S4	f	0.96358983	0.18076727	0.00000000	0.00000000	10.00000000	0.00000000	0.00000000
S5	f	0.18521811	0.92785835	0.00000000	0.00000000	10.00000000	0.00000000	0.00000000
C1	c	0.71881869	0.43690871	0.07806196	0.00000000	8.00000000	0.02365068	0.00000000
C2	c	0.76244609	0.45559908	0.06206702	0.10000000	8.10000000	0.02121823	0.00000000
C3	c	0.78411962	0.53201163	0.21543968	0.20000000	8.20000000	0.02573973	0.00000000
C4	c	0.74182610	0.50223540	0.14899184	0.30000000	8.30000000	0.02270910	0.00000000
C5	c	0.78364703	0.50978773	0.21155416	0.40000000	8.40000000	0.02092964	0.00000000
C6	c	0.74822893	0.46630940	0.03545359	0.50000000	8.50000000	0.01430239	0.00000000
C7	c	0.82662067	0.79653132	0.07804383	0.60000000	8.60000000	0.02005370	0.00000000
C8	c	0.92775821	0.80954076	0.08650941	0.70000000	8.70000000	0.02590704	0.00000000
C9	c	0.90015932	0.91306937	0.06154332	0.80000000	8.80000000	0.02505328	0.00000000
C10	c	0.80107705	0.76905643	0.07310669	0.90000000	8.90000000	0.02952403	0.00000000
C11	c	0.94395116	0.84852367	0.10331565	1.00000000	9.00000000	0.01042777	0.00000000
C12	c	0.86038812	0.80166474	0.20314013	1.10000000	9.10000000	0.01085111	0.00000000
C13	c	0.54606841	0.86034014	0.06181820	1.20000000	9.20000000	0.02357069	0.00000000
C14	c	0.65765020	0.90823830	0.26509333	1.30000000	9.30000000	0.01639528	0.00000000
C15	c	0.56003901	0.86646008	0.15273996	1.40000000	9.40000000	0.01568389	0.00000000
C16	c	0.61380649	0.73516624	0.19312479	1.50000000	9.50000000	0.02496023	0.00000000
C17	c	0.64762884	0.87141338	0.31103918	1.60000000	9.60000000	0.02803358	0.00000000
C18	c	0.53702569	0.80157237	0.04782742	1.70000000	9.70000000	0.02410837	0.00000000
C19	c	0.42489710	0.84342946	0.11862349	1.80000000	9.80000000	0.01110137	0.00000000
C20	c	0.55002116	0.81202123	0.06146034	1.90000000	9.90000000	0.02027516	0.00000000
C21	c	0.48104155	0.85954574	0.03691546	2.00000000	10.00000000	0.01353251	0.00000000
C22	c	0.52485542	0.81098228	0.05712822	2.00000000	10.00000000	0.01862691	0.00000000
C23	c	0.49165086	0.73150421	0.05689045	2.00000000	10.00000000	0.01201886	0.00000000
C24	c	0.00000000	0.15765349	0.23662711	2.00000000	10.00000000	0.01271461	0.00000000
C25	c	0.00000000	0.21492385	0.07791636	2.00000000	10.00000000	0.01152413	0.00000000
C26	c	0.00000000	0.21010914	0.42915862	2.00000000	10.00000000	0.01190468	0.00000000
C27	c	0.02389509	0.17337608	0.10218733	2.00000000	10.00000000	0.02202173	0.00000000
C28	c	0.04795216	0.14980178	0.33004501	2.00000000	10.00000000	0.01847940	0.00000000
C29	c	0.00000000	0.12298419	0.21582389	2.00000000	10.00000000	0.02181458	0.00000000
C30	c	0.00000000	0.13008893	0.15932313	2.00000000	10.00000000	0.01695139	0.00000000

Q Vehicle fuel tank capacity /0.40000000/
C Vehicle load capacity /1.50000000/
r fuel consumption rate /0.25000000/
g inverse refueling rate /1.00000000/
v average Velocity /1.00000000/
