StringID	Type	x	y	demand	ReadyTime	DueDate	ServiceTime	altitude
D0	d	0.50000000	0.50000000	0.00000000	0.00000000	10.00000000	0.00000000	0.00000000
S0	f	0.88586152	0.64921149	0.00000000	0.00000000	10.00000000	0.00000000	0.00000000
S1	f	0.91491043	0.17049335	0.00000000	0.00000000	10.00000000	0.00000000	0.00000000
S2	f	0.00808320	0.32317880	0.00000000	0.00000000	10.00000000	0.00000000	0.00000000
S3	f	0.53125004	0.72965951	0.00000000	0.00000000	10.00000000	0.00000000	0.00000000
S4	f	0.87422646	0.14556016	0.00000000	0.00000000	10.00000000	0.00000000	0.00000000
S5	f	0.37583630	0.88472249	0.00000000	0.00000000	10.00000000	0.00000000	0.00000000
C1	c	1.00000000	0.60431362	0.19418206	0.00000000	8.00000000	0.01723969	0.00000000
C2	c	0.79172976	0.31761787	0.25789536	0.10000000	8.10000000	0.02776707	0.00000000
C3	c	0.87771006	0.33535671	0.24682142	0.20000000	8.20000000	0.01282255	0.00000000
C4	c	0.98708397	0.23415820	0.02316429	0.30000000	8.30000000	0.01138985	0.00000000
C5	c	0.90078349	0.31455831	0.14675655	0.40000000	8.40000000	0.02474347	0.00000000
C6	c	0.81810932	0.38315437	0.04509897	0.50000000	8.50000000	0.01384475	0.00000000
C7	c	0.89905314	0.33829170	0.11376782	0.60000000	8.60000000	0.01909728	0.00000000
C8	c	0.82616504	0.69410403	0.11921066	0.70000000	8.70000000	0.02036093	0.00000000
C9	c	0.79080640	0.63066832	0.24189584	0.80000000	8.80000000	0.02124058	0.00000000
C10	c	0.76738231	0.59958903	0.15168422	0.90000000	8.90000000	0.02182294	0.00000000
C11	c	0.73954637	0.66321131	0.06832628	1.00000000	9.00000000	0.02101627	0.00000000
C12	c	0.73587197	0.63114727	0.02352388	1.10000000	9.10000000	0.01434540	0.00000000
C13	c	0.80592392	0.61038039	0.24320206	1.20000000	9.20000000	0.01037617	0.00000000
C14	c	0.78215346	0.61236270	0.16016097	1.30000000	9.30000000	0.01870816	0.00000000
C15	c	0.79218684	0.73434370	0.12633018	1.40000000	9.40000000	0.01160505	0.00000000
C16	c	0.20816377	1.00000000	0.24016987	1.50000000	9.50000000	0.02934029	0.00000000
C17	c	0.21909932	1.00000000	0.18450412	1.60000000	9.60000000	0.02164274	0.00000000
C18	c	0.18769549	1.00000000	0.04967590	1.70000000	9.70000000	0.01610185	0.00000000
C19	c	0.15281501	0.98100064	0.22808842	1.80000000	9.80000000	0.01489573	0.00000000
C20	c	0.21604872	0.93960866	0.02165561	1.90000000	9.90000000	0.01592302	0.00000000
C21	c	0.11383763	0.95508687	0.18011365	2.00000000	10.00000000	0.01166217	0.00000000
C22	c	0.27214186	0.99377885	0.23269809	2.00000000	10.00000000	0.02649716	0.00000000
C23	c	0.19700005	1.00000000	0.14214585	2.00000000	10.00000000	0.02141081	0.00000000
C24	c	0.25337141	0.93195931	0.24853802	2.00000000	10.00000000	0.02433189	0.00000000
C25	c	0.92697633	0.12131918	0.02744182	2.00000000	10.00000000	0.02669012	0.00000000
C26	c	0.83307782	0.10483055	0.03804226	2.00000000	10.00000000	0.02766895	0.00000000
C27	c	0.85654516	0.19242363	0.16997305	2.00000000	10.00000000	0.02696645	0.00000000
C28	c	0.95808023	0.14450515	0.14622769	2.00000000	10.00000000	0.01292544	0.00000000
C29	c	0.97421768	0.08596745	0.21679178	2.00000000	10.00000000	0.01663803	0.00000000
C30	c	0.95746904	0.12260293	0.21191330	2.00000000	10.00000000	0.02972520	0.00000000

Q Vehicle fuel tank capacity /0.40000000/
C Vehicle load capacity /1.50000000/
r fuel consumption rate /0.25000000/
g inverse refueling rate /1.00000000/
v average Velocity /1.00000000/
