StringID	Type	x	y	demand	ReadyTime	DueDate	ServiceTime	altitude
D0	d	0.50000000	0.50000000	0.00000000	0.00000000	10.00000000	0.00000000	0.00000000
S0	f	0.12995368	0.78624019	0.00000000	0.00000000	10.00000000	0.00000000	0.00000000
S1	f	0.51502738	0.79549570	0.00000000	0.00000000	10.00000000	0.00000000	0.00000000
S2	f	0.10986487	0.10112598	0.00000000	0.00000000	10.00000000	0.00000000	0.00000000
S3	f	0.61194526	0.91945031	0.00000000	0.00000000	10.00000000	0.00000000	0.00000000
S4	f	0.76533629	0.03604752	0.00000000	0.00000000	10.00000000	0.00000000	0.00000000
S5	f	0.13662692	0.90323996	0.00000000	0.00000000	10.00000000	0.00000000	0.00000000
S6	f	0.74536884	0.65140418	0.00000000	0.00000000	10.00000000	0.00000000	0.00000000
S7	f	0.39539166	0.94560360	0.00000000	0.00000000	10.00000000	0.00000000	0.00000000
S8	f	0.01826071	0.52533860	0.00000000	0.00000000	10.00000000	0.00000000	0.00000000
S9	f	0.53262304	0.30069805	0.00000000	0.00000000	10.00000000	0.00000000	0.00000000
C1	c	0.41442395	0.48129247	0.10187130	0.00000000	8.00000000	0.01021065	0.00000000
C2	c	0.41146470	0.52827912	0.10643701	0.06000000	8.06000000	0.02345187	0.00000000
C3	c	0.46254163	0.49929047	0.08397092	0.12000000	8.12000000	0.01297896	0.00000000
C4	c	0.41783317	0.53213547	0.09997649	0.18000000	8.18000000	0.01765520	0.00000000
C5	c	0.39104469	0.52694258	0.03690424	0.24000000	8.24000000	0.02206886	0.00000000
C6	c	0.43453334	0.52981229	0.14011369	0.30000000	8.30000000	0.02588721	0.00000000
C7	c	0.45223181	0.52323915	0.05810611	0.36000000	8.36000000	0.01809809	0.00000000
C8	c	0.62280290	0.60197901	0.03054309	0.42000000	8.42000000	0.02541448	0.00000000
C9	c	0.69564883	0.61533960	0.12267016	0.48000000	8.48000000	0.01196713	0.00000000
C10	c	0.63412810	0.71031982	0.08440294	0.54000000	8.54000000	0.02656522	0.00000000
C11	c	0.70564252	0.54744241	0.10573283	0.60000000	8.60000000	0.01222107	0.00000000
C12	c	0.67782132	0.56591869	0.13634368	0.66000000	8.66000000	0.02208747	0.00000000
C13	c	0.63140631	0.53734192	0.12335753	0.72000000	8.72000000	0.01034382	0.00000000
C14	c	0.65523843	0.58363765	0.13481810	0.78000000	8.78000000	0.01653142	0.00000000
C15	c	0.70081576	0.56684454	0.11457112	0.84000000	8.84000000	0.01033667	0.00000000
C16	c	0.61659952	0.42209538	0.09102050	0.90000000	8.90000000	0.01527622	0.00000000
C17	c	0.06851137	0.86472999	0.03933577	0.96000000	8.96000000	0.01530722	0.00000000
C18	c	0.05028376	0.79104306	0.01649869	1.02000000	9.02000000	0.01894474	0.00000000
C19	c	0.09386443	0.84713638	0.14150261	1.08000000	9.08000000	0.01487173	0.00000000
C20	c	0.08269131	0.72557717	0.12890634	1.14000000	9.14000000	0.02794966	0.00000000
C21	c	0.56010541	0.60874151	0.04748357	1.20000000	9.20000000	0.02309063	0.00000000
C22	c	0.54719851	0.62104983	0.08855917	1.26000000	9.26000000	0.02703739	0.00000000
C23	c	0.51561051	0.65386295	0.15951282	1.32000000	9.32000000	0.01191446	0.00000000
C24	c	0.57390400	0.68927452	0.03572991	1.38000000	9.38000000	0.01665615	0.00000000
C25	c	0.61480750	0.65302653	0.08160966	1.44000000	9.44000000	0.01175406	0.00000000
C26	c	0.08986297	0.03831651	0.12445359	1.50000000	9.50000000	0.02955725	0.00000000
C27	c	0.00338516	0.04369377	0.06779530	1.56000000	9.56000000	0.02404738	0.00000000
C28	c	0.00238038	0.10529246	0.16496290	1.62000000	9.62000000	0.01398581	0.00000000
C29	c	0.05099118	0.00000000	0.15474802	1.68000000	9.68000000	0.02393904	0.00000000
C30	c	0.03344247	0.01416259	0.07381310	1.74000000	9.74000000	0.02631410	0.00000000
C31	c	0.05758936	0.00000000	0.07280983	1.80000000	9.80000000	0.01992758	0.00000000
C32	c	0.05399316	0.06184260	0.09472426	1.86000000	9.86000000	0.02461900	0.00000000
C33	c	0.05945873	0.01648760	0.07938743	1.92000000	9.92000000	0.02446579	0.00000000
C34	c	0.00000000	0.00000000	0.03578319	1.98000000	9.98000000	0.02248536	0.00000000
C35	c	0.05327184	0.49274695	0.12737485	2.00000000	10.00000000	0.01953482	0.00000000
C36	c	0.08308030	0.54858212	0.10745484	2.00000000	10.00000000	0.01958231	0.00000000
C37	c	0.19678961	0.38634892	0.12908958	2.00000000	10.00000000	0.01017075	0.00000000
C38	c	0.07351533	0.45309857	0.10536746	2.00000000	10.00000000	0.01790456	0.00000000
C39	c	0.06630342	0.46929183	0.12562458	2.00000000	10.00000000	0.02498747	0.00000000
C40	c	0.06401224	0.50213988	0.01369687	2.00000000	10.00000000	0.01355972	0.00000000
C41	c	0.14995269	0.47163311	0.06418391	2.00000000	10.00000000	0.01239144	0.00000000
C42	c	0.05746119	0.46060959	0.02434461	2.00000000	10.00000000	0.01942432	0.00000000
C43	c	0.00550437	0.45360276	0.12658025	2.00000000	10.00000000	0.01720096	0.00000000
C44	c	0.03168102	0.41539330	0.06410148	2.00000000	10.00000000	0.01947389	0.00000000
C45	c	0.10425231	0.53612846	0.09148271	2.00000000	10.00000000	0.02302374	0.00000000
C46	c	0.88805336	0.29535263	0.02579288	2.00000000	10.00000000	0.02506817	0.00000000
C47	c	0.97621476	0.39515614	0.05324780	2.00000000	10.00000000	0.02175734	0.00000000
C48	c	0.81125413	0.40849627	0.15141617	2.00000000	10.00000000	0.02129943	0.00000000
C49	c	0.93843192	0.35849247	0.01516650	2.00000000	10.00000000	0.02603642	0.00000000
C50	c	0.85099038	0.31385665	0.09661965	2.00000000	10.00000000	0.02689265	0.00000000

Q Vehicle fuel tank capacity /0.40000000/
C Vehicle load capacity /1.50000000/
r fuel consumption rate /0.25000000/
g inverse refueling rate /1.00000000/
v average Velocity /1.00000000/
