StringID	Type	x	y	demand	ReadyTime	DueDate	ServiceTime	altitude
D0	d	0.50000000	0.50000000	0.00000000	0.00000000	10.00000000	0.00000000	0.00000000
S0	f	0.85672091	0.09317005	0.00000000	0.00000000	10.00000000	0.00000000	0.00000000
S1	f	0.69704853	0.50659763	0.00000000	0.00000000	10.00000000	0.00000000	0.00000000
S2	f	0.39206380	0.00235518	0.00000000	0.00000000	10.00000000	0.00000000	0.00000000
S3	f	0.47072309	0.46141992	0.00000000	0.00000000	10.00000000	0.00000000	0.00000000
S4	f	0.82399712	0.45796614	0.00000000	0.00000000	10.00000000	0.00000000	0.00000000
S5	f	0.10775563	0.84158578	0.00000000	0.00000000	10.00000000	0.00000000	0.00000000
S6	f	0.69221729	0.09822192	0.00000000	0.00000000	10.00000000	0.00000000	0.00000000
S7	f	0.39524185	0.20217185	0.00000000	0.00000000	10.00000000	0.00000000	0.00000000
S8	f	0.16423384	0.82705740	0.00000000	0.00000000	10.00000000	0.00000000	0.00000000
S9	f	0.45145112	0.85567086	0.00000000	0.00000000	10.00000000	0.00000000	0.00000000
C1	c	0.26319389	0.19991205	0.10668762	0.00000000	8.00000000	0.02418670	0.00000000
C2	c	0.27275661	0.19834076	0.04900054	0.06000000	8.06000000	0.02797374	0.00000000
C3	c	0.28130615	0.17498672	0.15145822	0.12000000	8.12000000	0.01570205	0.00000000
C4	c	0.28713468	0.31021933	0.16183122	0.18000000	8.18000000	0.02396973	0.00000000
C5	c	0.30981644	0.18824953	0.13062127	0.24000000	8.24000000	0.01789232	0.00000000
C6	c	0.31425648	0.23447976	0.01463414	0.30000000	8.30000000	0.02091583	0.00000000
C7	c	0.25860634	0.26386336	0.13936459	0.36000000	8.36000000	0.01866091	0.00000000
C8	c	0.25819099	0.27782385	0.12412740	0.42000000	8.42000000	0.01648123	0.00000000
C9	c	0.95665754	0.83176009	0.02388519	0.48000000	8.48000000	0.01000446	0.00000000
C10	c	1.00000000	0.85030448	0.15911055	0.54000000	8.54000000	0.01789158	0.00000000
C11	c	0.97766571	0.80395032	0.15374830	0.60000000	8.60000000	0.02729806	0.00000000
C12	c	1.00000000	0.81387520	0.13636518	0.66000000	8.66000000	0.01600503	0.00000000
C13	c	1.00000000	0.87775753	0.16824659	0.72000000	8.72000000	0.02302311	0.00000000
C14	c	0.99669612	0.74536852	0.14109720	0.78000000	8.78000000	0.02850481	0.00000000
C15	c	1.00000000	0.83086372	0.01344548	0.84000000	8.84000000	0.01410069	0.00000000
C16	c	0.10588304	0.42582087	0.12948188	0.90000000	8.90000000	0.02951414	0.00000000
C17	c	0.16973531	0.46014605	0.06469257	0.96000000	8.96000000	0.02129979	0.00000000
C18	c	0.01409797	0.58317434	0.03760087	1.02000000	9.02000000	0.02084398	0.00000000
C19	c	0.06952816	0.47785952	0.05953516	1.08000000	9.08000000	0.02524897	0.00000000
C20	c	0.07749083	0.46077867	0.10319495	1.14000000	9.14000000	0.01337724	0.00000000
C21	c	0.10135370	0.46285150	0.08852617	1.20000000	9.20000000	0.02015005	0.00000000
C22	c	0.83606348	0.01088562	0.03823519	1.26000000	9.26000000	0.01279668	0.00000000
C23	c	0.47140986	0.58908851	0.04525036	1.32000000	9.32000000	0.02211788	0.00000000
C24	c	0.45755858	0.53908061	0.11907740	1.38000000	9.38000000	0.01833057	0.00000000
C25	c	0.50853585	0.62769845	0.13288855	1.44000000	9.44000000	0.01549844	0.00000000
C26	c	0.43922295	0.60486531	0.07330814	1.50000000	9.50000000	0.01920310	0.00000000
C27	c	0.51755978	0.55372197	0.01390197	1.56000000	9.56000000	0.01221593	0.00000000
C28	c	0.47454178	0.56852640	0.07832672	1.62000000	9.62000000	0.02436263	0.00000000
C29	c	0.49076124	0.54856314	0.06594935	1.68000000	9.68000000	0.02367157	0.00000000
C30	c	0.49166621	0.57266493	0.05497047	1.74000000	9.74000000	0.01337081	0.00000000
C31	c	0.44522563	0.50150491	0.15998773	1.80000000	9.80000000	0.01961239	0.00000000
C32	c	0.82400961	0.61623225	0.02124307	1.86000000	9.86000000	0.02199939	0.00000000
C33	c	0.88795589	0.59522639	0.07210621	1.92000000	9.92000000	0.02261730	0.00000000
C34	c	0.80577496	0.66838481	0.07411557	1.98000000	9.98000000	0.01064770	0.00000000
C35	c	0.85616874	0.64572267	0.08734753	2.00000000	10.00000000	0.01349920	0.00000000
C36	c	0.79601204	0.60982250	0.08616065	2.00000000	10.00000000	0.01395307	0.00000000
C37	c	0.72998824	0.64990286	0.06082888	2.00000000	10.00000000	0.01872955	0.00000000
C38	c	0.85151733	0.56518431	0.07923866	2.00000000	10.00000000	0.02906999	0.00000000
C39	c	0.80518713	0.65708824	0.05096490	2.00000000	10.00000000	0.01310429	0.00000000
C40	c	0.86927847	0.60732205	0.05216827	2.00000000	10.00000000	0.02054335	0.00000000
C41	c	0.65974139	0.93460905	0.13191740	2.00000000	10.00000000	0.01492940	0.00000000
C42	c	0.53193294	0.88801278	0.13249715	2.00000000	10.00000000	0.01456927	0.00000000
C43	c	0.54240937	0.90572258	0.09042679	2.00000000	10.00000000	0.02985180	0.00000000
C44	c	0.54155942	0.79282627	0.06477350	2.00000000	10.00000000	0.02755408	0.00000000
C45	c	0.58798209	0.88454000	0.03573585	2.00000000	10.00000000	0.01550850	0.00000000
C46	c	0.49905588	0.99226837	0.08071527	2.00000000	10.00000000	0.01008032	0.00000000
C47	c	0.54183795	0.86158237	0.06467051	2.00000000	10.00000000	0.01372296	0.00000000
C48	c	0.60048025	0.84615394	0.11007625	2.00000000	10.00000000	0.02526868	0.00000000
C49	c	0.51960587	0.89499603	0.10545468	2.00000000	10.00000000	0.01956354	0.00000000
C50	c	0.57939010	0.86453995	0.16100790	2.00000000	10.00000000	0.02752433	0.00000000

Q Vehicle fuel tank capacity /0.40000000/
C Vehicle load capacity /1.50000000/
r fuel consumption rate /0.25000000/
g inverse refueling rate /1.00000000/
v average Velocity /1.00000000/
