StringID	Type	x	y	demand	ReadyTime	DueDate	ServiceTime	altitude
D0	d	0.50000000	0.50000000	0.00000000	0.00000000	10.00000000	0.00000000	0.00000000
S0	f	0.46512592	0.24447967	0.00000000	0.00000000	10.00000000	0.00000000	0.00000000
S1	f	0.98159648	0.48290088	0.00000000	0.00000000	10.00000000	0.00000000	0.00000000
S2	f	0.91882521	0.66368000	0.00000000	0.00000000	10.00000000	0.00000000	0.00000000
S3	f	0.84689439	0.13920517	0.00000000	0.00000000	10.00000000	0.00000000	0.00000000
S4	f	0.80437818	0.80183291	0.00000000	0.00000000	10.00000000	0.00000000	0.00000000
S5	f	0.32129837	0.30017240	0.00000000	0.00000000	10.00000000	0.00000000	0.00000000
S6	f	0.41471497	0.15652338	0.00000000	0.00000000	10.00000000	0.00000000	0.00000000
S7	f	0.99249903	0.80469762	0.00000000	0.00000000	10.00000000	0.00000000	0.00000000
S8	f	0.29794471	0.78493230	0.00000000	0.00000000	10.00000000	0.00000000	0.00000000
S9	f	0.04700952	0.81318204	0.00000000	0.00000000	10.00000000	0.00000000	0.00000000
C1	c	0.08989598	0.67304936	0.03210473	0.00000000	8.00000000	0.02335049	0.00000000
C2	c	0.02160708	0.63294074	0.08575243	0.06000000	8.06000000	0.01618931	0.00000000
C3	c	0.04442949	0.62873397	0.13481326	0.12000000	8.12000000	0.01786418	0.00000000
C4	c	0.11832576	0.63100238	0.12002319	0.18000000	8.18000000	0.02323936	0.00000000
C5	c	0.09031975	0.64474335	0.05456407	0.24000000	8.24000000	0.01577514	0.00000000
C6	c	0.04411658	0.68748829	0.10098174	0.30000000	8.30000000	0.02671066	0.00000000
C7	c	0.12327849	0.61246589	0.04407889	0.36000000	8.36000000	0.01641106	0.00000000
C8	c	0.00000000	0.66585009	0.05130298	0.42000000	8.42000000	0.01950205	0.00000000
C9	c	0.05800646	0.63895897	0.11954878	0.48000000	8.48000000	0.01076896	0.00000000
C10	c	0.07435681	0.57954312	0.06595758	0.54000000	8.54000000	0.01282859	0.00000000
C11	c	0.06327460	0.60464378	0.11143058	0.60000000	8.60000000	0.01187148	0.00000000
C12	c	0.12543225	0.70459586	0.02617534	0.66000000	8.66000000	0.02521636	0.00000000
C13	c	0.10634427	0.61961962	0.14752285	0.72000000	8.72000000	0.01189598	0.00000000
C14	c	0.04742820	0.87546628	0.08462711	0.78000000	8.78000000	0.02091296	0.00000000
C15	c	0.06636394	1.00000000	0.02548628	0.84000000	8.84000000	0.01483752	0.00000000
C16	c	0.00000000	0.87326568	0.07258842	0.90000000	8.90000000	0.01328763	0.00000000
C17	c	0.00785304	0.90830401	0.04939099	0.96000000	8.96000000	0.02968545	0.00000000
C18	c	0.04580631	0.88771967	0.13673623	1.02000000	9.02000000	0.01430798	0.00000000
C19	c	0.01430045	0.86487586	0.15764215	1.08000000	9.08000000	0.01491450	0.00000000
C20	c	0.38198086	0.56017724	0.11367653	1.14000000	9.14000000	0.01583197	0.00000000
C21	c	0.46798558	0.48520428	0.03628204	1.20000000	9.20000000	0.02233888	0.00000000
C22	c	0.48403511	0.45169940	0.04470481	1.26000000	9.26000000	0.01307494	0.00000000
C23	c	0.48096586	0.58104986	0.15496966	1.32000000	9.32000000	0.02547544	0.00000000
C24	c	0.51210023	0.56772906	0.04458954	1.38000000	9.38000000	0.01018996	0.00000000
C25	c	0.41405054	0.55246338	0.03373956	1.44000000	9.44000000	0.02021731	0.00000000
C26	c	0.49346686	0.55937687	0.12839559	1.50000000	9.50000000	0.02427504	0.00000000
C27	c	0.42434399	0.47368900	0.13189594	1.56000000	9.56000000	0.01147010	0.00000000
C28	c	0.39258651	0.56382754	0.12333188	1.62000000	9.62000000	0.01948607	0.00000000
C29	c	0.34611427	0.50759578	0.16566344	1.68000000	9.68000000	0.02399586	0.00000000
C30	c	0.37699781	0.32925989	0.04942740	1.74000000	9.74000000	0.02288901	0.00000000
C31	c	0.40910584	0.45073118	0.06093798	1.80000000	9.80000000	0.01681140	0.00000000
C32	c	0.39987432	0.36696383	0.02757809	1.86000000	9.86000000	0.02154218	0.00000000
C33	c	0.36952668	0.39214861	0.12804505	1.92000000	9.92000000	0.02602018	0.00000000
C34	c	0.41183994	0.37824857	0.04982550	1.98000000	9.98000000	0.01871034	0.00000000
C35	c	0.11544867	0.32679853	0.15791693	2.00000000	10.00000000	0.01857985	0.00000000
C36	c	0.14727186	0.22905715	0.14595760	2.00000000	10.00000000	0.01208834	0.00000000
C37	c	0.20350012	0.23041763	0.08122222	2.00000000	10.00000000	0.01277142	0.00000000
C38	c	0.06990749	0.24991857	0.02408919	2.00000000	10.00000000	0.01638516	0.00000000
C39	c	0.18285469	0.20835139	0.15549642	2.00000000	10.00000000	0.01823746	0.00000000
C40	c	0.02950886	0.15065315	0.16715691	2.00000000	10.00000000	0.02808136	0.00000000
C41	c	0.02705051	0.18758858	0.01852408	2.00000000	10.00000000	0.01638802	0.00000000
C42	c	0.33429271	0.71479369	0.04448814	2.00000000	10.00000000	0.01089846	0.00000000
C43	c	0.43754866	0.73126728	0.02021828	2.00000000	10.00000000	0.02513734	0.00000000
C44	c	0.42127560	0.78037471	0.02681602	2.00000000	10.00000000	0.01316950	0.00000000
C45	c	0.41463781	0.25781563	0.06165739	2.00000000	10.00000000	0.01948242	0.00000000
C46	c	0.42280928	0.23733044	0.13582635	2.00000000	10.00000000	0.02960864	0.00000000
C47	c	0.38779783	0.22876721	0.14432783	2.00000000	10.00000000	0.01605620	0.00000000
C48	c	0.42417101	0.21072539	0.17956959	2.00000000	10.00000000	0.02100412	0.00000000
C49	c	0.49082909	0.31836215	0.15265257	2.00000000	10.00000000	0.02399293	0.00000000
C50	c	0.45531708	0.20081274	0.07028989	2.00000000	10.00000000	0.01200046	0.00000000

Q Vehicle fuel tank capacity /0.40000000/
C Vehicle load capacity /1.50000000/
r fuel consumption rate /0.25000000/
g inverse refueling rate /1.00000000/
v average Velocity /1.00000000/
