StringID	Type	x	y	demand	ReadyTime	DueDate	ServiceTime	altitude
D0	d	0.50000000	0.50000000	0.00000000	0.00000000	10.00000000	0.00000000	0.00000000
S0	f	0.68799272	0.07145282	0.00000000	0.00000000	10.00000000	0.00000000	0.00000000
S1	f	0.71623696	0.57815437	0.00000000	0.00000000	10.00000000	0.00000000	0.00000000
S2	f	0.83063906	0.38696437	0.00000000	0.00000000	10.00000000	0.00000000	0.00000000
S3	f	0.62661845	0.77172095	0.00000000	0.00000000	10.00000000	0.00000000	0.00000000
S4	f	0.79019760	0.54212999	0.00000000	0.00000000	10.00000000	0.00000000	0.00000000
S5	f	0.18150092	0.83938922	0.00000000	0.00000000	10.00000000	0.00000000	0.00000000
S6	f	0.89029990	0.55926623	0.00000000	0.00000000	10.00000000	0.00000000	0.00000000
S7	f	0.24652176	0.69000184	0.00000000	0.00000000	10.00000000	0.00000000	0.00000000
S8	f	0.74769735	0.60825350	0.00000000	0.00000000	10.00000000	0.00000000	0.00000000
S9	f	0.13393121	0.49218812	0.00000000	0.00000000	10.00000000	0.00000000	0.00000000
C1	c	0.91522668	0.90069864	0.04192001	0.00000000	8.00000000	0.02146513	0.00000000
C2	c	0.89945632	0.91207765	0.08187044	0.06000000	8.06000000	0.02565300	0.00000000
C3	c	0.91730072	0.87848022	0.07121889	0.12000000	8.12000000	0.01692827	0.00000000
C4	c	1.00000000	0.88496908	0.07442218	0.18000000	8.18000000	0.02731157	0.00000000
C5	c	0.97254432	0.89073109	0.12816549	0.24000000	8.24000000	0.01752311	0.00000000
C6	c	0.99741203	0.89178897	0.15518697	0.30000000	8.30000000	0.01321900	0.00000000
C7	c	0.98487357	0.86736320	0.10843900	0.36000000	8.36000000	0.02528372	0.00000000
C8	c	0.94331984	0.94678522	0.13611229	0.42000000	8.42000000	0.02228674	0.00000000
C9	c	0.12360759	0.10394934	0.02213895	0.48000000	8.48000000	0.01936348	0.00000000
C10	c	0.10216778	0.11308787	0.02916198	0.54000000	8.54000000	0.01603872	0.00000000
C11	c	0.05418964	0.13243611	0.14276620	0.60000000	8.60000000	0.01029929	0.00000000
C12	c	0.14892886	0.08334601	0.07320980	0.66000000	8.66000000	0.01085453	0.00000000
C13	c	0.18871874	0.06488409	0.03252329	0.72000000	8.72000000	0.01806017	0.00000000
C14	c	0.20825399	0.10324508	0.02417021	0.78000000	8.78000000	0.02105581	0.00000000
C15	c	0.10925220	0.10880939	0.14473224	0.84000000	8.84000000	0.02675119	0.00000000
C16	c	0.18950698	0.10839108	0.08536855	0.90000000	8.90000000	0.02738086	0.00000000
C17	c	0.26183507	0.21329153	0.11147981	0.96000000	8.96000000	0.01221461	0.00000000
C18	c	0.24319688	0.20132051	0.13686321	1.02000000	9.02000000	0.01531613	0.00000000
C19	c	0.13173155	0.36450834	0.01344850	1.08000000	9.08000000	0.02666496	0.00000000
C20	c	0.25274696	0.17337016	0.07732602	1.14000000	9.14000000	0.01156412	0.00000000
C21	c	0.17617781	0.30123097	0.06951109	1.20000000	9.20000000	0.01049723	0.00000000
C22	c	0.18652248	0.25962392	0.13539777	1.26000000	9.26000000	0.02450649	0.00000000
C23	c	0.23401212	0.29133047	0.10099105	1.32000000	9.32000000	0.02429694	0.00000000
C24	c	0.04228535	0.01035765	0.09079972	1.38000000	9.38000000	0.01810987	0.00000000
C25	c	0.00000000	0.14362408	0.11219771	1.44000000	9.44000000	0.01549822	0.00000000
C26	c	0.00000000	0.07460307	0.02934113	1.50000000	9.50000000	0.02228330	0.00000000
C27	c	0.00376841	0.06592860	0.03512395	1.56000000	9.56000000	0.01772165	0.00000000
C28	c	0.00000000	0.08366341	0.12680184	1.62000000	9.62000000	0.01746415	0.00000000
C29	c	0.03628942	0.14529680	0.03615335	1.68000000	9.68000000	0.02778579	0.00000000
C30	c	0.00000000	0.03479086	0.07952622	1.74000000	9.74000000	0.01438009	0.00000000
C31	c	0.00961768	0.00000000	0.06893076	1.80000000	9.80000000	0.02046374	0.00000000
C32	c	0.00000000	0.03082869	0.05610509	1.86000000	9.86000000	0.02940954	0.00000000
C33	c	0.00000000	0.00000000	0.13184329	1.92000000	9.92000000	0.02090995	0.00000000
C34	c	0.07051328	0.67189693	0.05093991	1.98000000	9.98000000	0.02008087	0.00000000
C35	c	0.18964629	0.73499510	0.06122446	2.00000000	10.00000000	0.01290069	0.00000000
C36	c	0.26088216	0.64085090	0.04449307	2.00000000	10.00000000	0.02317306	0.00000000
C37	c	0.21018072	0.74041214	0.12130157	2.00000000	10.00000000	0.01405791	0.00000000
C38	c	0.04763008	0.65965891	0.11890302	2.00000000	10.00000000	0.02841100	0.00000000
C39	c	0.15186413	0.37864322	0.04517142	2.00000000	10.00000000	0.01084451	0.00000000
C40	c	0.11941424	0.32951902	0.14023178	2.00000000	10.00000000	0.01366240	0.00000000
C41	c	0.15045803	0.35345343	0.07966338	2.00000000	10.00000000	0.02254193	0.00000000
C42	c	0.11699850	0.36183029	0.15161126	2.00000000	10.00000000	0.02406320	0.00000000
C43	c	0.19183439	0.33722067	0.13322890	2.00000000	10.00000000	0.01444645	0.00000000
C44	c	0.13340360	0.32281724	0.08356363	2.00000000	10.00000000	0.01845375	0.00000000
C45	c	0.12217145	0.28858494	0.07848828	2.00000000	10.00000000	0.02235739	0.00000000
C46	c	0.86577594	0.22811147	0.14518382	2.00000000	10.00000000	0.01246844	0.00000000
C47	c	0.73277178	0.19198477	0.04551339	2.00000000	10.00000000	0.02619260	0.00000000
C48	c	0.79216847	0.17503487	0.14111457	2.00000000	10.00000000	0.02945507	0.00000000
C49	c	0.77527668	0.16109990	0.14400046	2.00000000	10.00000000	0.01588994	0.00000000
C50	c	0.79197436	0.14080477	0.15212010	2.00000000	10.00000000	0.01901767	0.00000000

Q Vehicle fuel tank capacity /0.40000000/
C Vehicle load capacity /1.50000000/
r fuel consumption rate /0.25000000/
g inverse refueling rate /1.00000000/
v average Velocity /1.00000000/
