StringID	Type	x	y	demand	ReadyTime	DueDate	ServiceTime	altitude
D0	d	0.50000000	0.50000000	0.00000000	0.00000000	10.00000000	0.00000000	0.00000000
S0	f	0.86776201	0.23961309	0.00000000	0.00000000	10.00000000	0.00000000	0.00000000
S1	f	0.84380415	0.61279176	0.00000000	0.00000000	10.00000000	0.00000000	0.00000000
S2	f	0.20144065	0.90019823	0.00000000	0.00000000	10.00000000	0.00000000	0.00000000
S3	f	0.79606811	0.36567196	0.00000000	0.00000000	10.00000000	0.00000000	0.00000000
S4	f	0.70966413	0.19167258	0.00000000	0.00000000	10.00000000	0.00000000	0.00000000
S5	f	0.66467738	0.33398263	0.00000000	0.00000000	10.00000000	0.00000000	0.00000000
C1	c	0.12040211	0.37139275	0.19697961	0.00000000	8.00000000	0.02141091	0.00000000
C2	c	0.14175909	0.46552068	0.21125491	0.10000000	8.10000000	0.02893806	0.00000000
C3	c	0.25571373	0.42200766	0.22279737	0.20000000	8.20000000	0.02670539	0.00000000
C4	c	0.14138561	0.33455464	0.19894068	0.30000000	8.30000000	0.02078962	0.00000000
C5	c	0.12494384	0.45726210	0.13750272	0.40000000	8.40000000	0.02573653	0.00000000
C6	c	0.13073896	0.44394684	0.16738643	0.50000000	8.50000000	0.01327028	0.00000000
C7	c	0.15263298	0.37544697	0.22124364	0.60000000	8.60000000	0.02324029	0.00000000
C8	c	0.22480321	0.34180766	0.23051804	0.70000000	8.70000000	0.02666296	0.00000000
C9	c	0.97975848	0.67816871	0.13807807	0.80000000	8.80000000	0.02264972	0.00000000
C10	c	0.98298681	0.64921130	0.26225824	0.90000000	8.90000000	0.01567953	0.00000000
C11	c	0.89827033	0.59291581	0.24064881	1.00000000	9.00000000	0.01697595	0.00000000
C12	c	1.00000000	0.67974526	0.10752806	1.10000000	9.10000000	0.02342631	0.00000000
C13	c	0.15213270	0.44901437	0.08433969	1.20000000	9.20000000	0.01280251	0.00000000
C14	c	0.20116060	0.47812220	0.12405319	1.30000000	9.30000000	0.01204489	0.00000000
C15	c	0.24584519	0.45372655	0.09958250	1.40000000	9.40000000	0.01129895	0.00000000
C16	c	0.14941304	0.46605130	0.18980172	1.50000000	9.50000000	0.02345400	0.00000000
C17	c	0.22187613	0.45440470	0.12100645	1.60000000	9.60000000	0.02969730	0.00000000
C18	c	0.20483179	0.42157957	0.03383833	1.70000000	9.70000000	0.02693959	0.00000000
C19	c	0.28690909	0.41517727	0.13522433	1.80000000	9.80000000	0.02741463	0.00000000
C20	c	0.25574293	0.58031217	0.02069040	1.90000000	9.90000000	0.01966853	0.00000000
C21	c	0.28849009	0.35928341	0.05097159	2.00000000	10.00000000	0.01721236	0.00000000
C22	c	0.22827863	0.31507353	0.09429508	2.00000000	10.00000000	0.01862812	0.00000000
C23	c	0.24694541	0.35692032	0.26055343	2.00000000	10.00000000	0.01037735	0.00000000
C24	c	0.30616426	0.38645801	0.15283008	2.00000000	10.00000000	0.01536246	0.00000000
C25	c	0.28153805	0.35230794	0.15289621	2.00000000	10.00000000	0.02503364	0.00000000
C26	c	0.50720601	0.90652612	0.17265933	2.00000000	10.00000000	0.02795881	0.00000000
C27	c	0.46698973	0.84818996	0.24156851	2.00000000	10.00000000	0.01754101	0.00000000
C28	c	0.49749066	0.89753563	0.07065377	2.00000000	10.00000000	0.01487044	0.00000000
C29	c	0.43532841	0.94690949	0.07510389	2.00000000	10.00000000	0.02276795	0.00000000
C30	c	0.37265372	0.84452236	0.08479494	2.00000000	10.00000000	0.02787453	0.00000000

Q Vehicle fuel tank capacity /0.40000000/
C Vehicle load capacity /1.50000000/
r fuel consumption rate /0.25000000/
g inverse refueling rate /1.00000000/
v average Velocity /1.00000000/
