StringID	Type	x	y	demand	ReadyTime	DueDate	ServiceTime	altitude
D0	d	0.50000000	0.50000000	0.00000000	0.00000000	10.00000000	0.00000000	0.00000000
S0	f	0.88746628	0.08484421	0.00000000	0.00000000	10.00000000	0.00000000	0.00000000
S1	f	0.81791244	0.77613318	0.00000000	0.00000000	10.00000000	0.00000000	0.00000000
S2	f	0.60321065	0.78105244	0.00000000	0.00000000	10.00000000	0.00000000	0.00000000
S3	f	0.24776154	0.22092353	0.00000000	0.00000000	10.00000000	0.00000000	0.00000000
S4	f	0.22454866	0.71806884	0.00000000	0.00000000	10.00000000	0.00000000	0.00000000
S5	f	0.24771549	0.26823625	0.00000000	0.00000000	10.00000000	0.00000000	0.00000000
S6	f	0.44532361	0.08043455	0.00000000	0.00000000	10.00000000	0.00000000	0.00000000
S7	f	0.92061631	0.58338166	0.00000000	0.00000000	10.00000000	0.00000000	0.00000000
S8	f	0.51066833	0.27771716	0.00000000	0.00000000	10.00000000	0.00000000	0.00000000
S9	f	0.75035768	0.81597671	0.00000000	0.00000000	10.00000000	0.00000000	0.00000000
C1	c	0.90092953	0.83334073	0.03111235	0.00000000	8.00000000	0.02769298	0.00000000
C2	c	0.82830270	0.97007749	0.13074275	0.06000000	8.06000000	0.02703846	0.00000000
C3	c	0.81572698	0.94329007	0.15886079	0.12000000	8.12000000	0.02988201	0.00000000
C4	c	0.94557259	0.99173965	0.02943885	0.18000000	8.18000000	0.01760579	0.00000000
C5	c	0.86530683	0.86487779	0.15001177	0.24000000	8.24000000	0.01578129	0.00000000
C6	c	0.86256952	0.85593862	0.13305874	0.30000000	8.30000000	0.02549252	0.00000000
C7	c	0.87964145	0.88792548	0.08304794	0.36000000	8.36000000	0.02160675	0.00000000
C8	c	0.88631552	0.86160476	0.06954446	0.42000000	8.42000000	0.02345199	0.00000000
C9	c	0.63368747	0.22285730	0.03045519	0.48000000	8.48000000	0.01941461	0.00000000
C10	c	0.58828565	0.16435389	0.15840478	0.54000000	8.54000000	0.01749296	0.00000000
C11	c	0.61973530	0.18933265	0.11963819	0.60000000	8.60000000	0.01283837	0.00000000
C12	c	0.66644034	0.20709876	0.04281443	0.66000000	8.66000000	0.02505900	0.00000000
C13	c	0.67250023	0.26657208	0.02196540	0.72000000	8.72000000	0.01655035	0.00000000
C14	c	0.97211078	0.11608575	0.03616280	0.78000000	8.78000000	0.01941686	0.00000000
C15	c	0.84624636	0.07125035	0.16224163	0.84000000	8.84000000	0.02385704	0.00000000
C16	c	0.84460791	0.03401754	0.09918834	0.90000000	8.90000000	0.02437371	0.00000000
C17	c	0.84861774	0.09949422	0.07576853	0.96000000	8.96000000	0.02123352	0.00000000
C18	c	0.93649463	0.14471083	0.06572749	1.02000000	9.02000000	0.01821055	0.00000000
C19	c	0.91878932	0.11471761	0.04982060	1.08000000	9.08000000	0.02547985	0.00000000
C20	c	0.91970914	0.16480695	0.05738617	1.14000000	9.14000000	0.01898340	0.00000000
C21	c	0.80926499	0.09645868	0.03865637	1.20000000	9.20000000	0.01549588	0.00000000
C22	c	0.90128281	0.14386546	0.15792252	1.26000000	9.26000000	0.01902307	0.00000000
C23	c	0.99305873	0.05633650	0.02316827	1.32000000	9.32000000	0.01889512	0.00000000
C24	c	0.19738779	0.07848294	0.10015675	1.38000000	9.38000000	0.02757255	0.00000000
C25	c	0.17302854	0.06442019	0.07938202	1.44000000	9.44000000	0.02867639	0.00000000
C26	c	0.12007413	0.04242729	0.13779046	1.50000000	9.50000000	0.02428332	0.00000000
C27	c	0.20131252	0.10811021	0.10521982	1.56000000	9.56000000	0.02827817	0.00000000
C28	c	0.20120328	0.02823985	0.08635073	1.62000000	9.62000000	0.02366718	0.00000000
C29	c	0.12103545	0.11647818	0.03305058	1.68000000	9.68000000	0.02503003	0.00000000
C30	c	0.10513627	0.10663412	0.06223192	1.74000000	9.74000000	0.02142929	0.00000000
C31	c	0.10043273	0.12490571	0.06011044	1.80000000	9.80000000	0.01180977	0.00000000
C32	c	0.25266488	0.80224001	0.14491156	1.86000000	9.86000000	0.02413392	0.00000000
C33	c	0.36427297	0.81674047	0.09332361	1.92000000	9.92000000	0.01320721	0.00000000
C34	c	0.32927319	0.79084832	0.10308352	1.98000000	9.98000000	0.02314891	0.00000000
C35	c	0.34801965	0.83779742	0.10853479	2.00000000	10.00000000	0.01527818	0.00000000
C36	c	0.36633591	0.89251421	0.11299896	2.00000000	10.00000000	0.02188558	0.00000000
C37	c	0.30052558	0.81398378	0.05728324	2.00000000	10.00000000	0.02183539	0.00000000
C38	c	0.36453084	0.82565732	0.07610559	2.00000000	10.00000000	0.01687706	0.00000000
C39	c	0.59534390	0.89815643	0.05657297	2.00000000	10.00000000	0.01592928	0.00000000
C40	c	0.57663041	0.90849405	0.06119906	2.00000000	10.00000000	0.02800682	0.00000000
C41	c	0.63549661	0.95701543	0.12310156	2.00000000	10.00000000	0.01571866	0.00000000
C42	c	0.61022263	0.99087829	0.14242653	2.00000000	10.00000000	0.02188109	0.00000000
C43	c	0.54146310	0.91531691	0.06273490	2.00000000	10.00000000	0.02875957	0.00000000
C44	c	0.51270663	0.92271084	0.05388284	2.00000000	10.00000000	0.02692149	0.00000000
C45	c	0.59647732	0.93640431	0.14307033	2.00000000	10.00000000	0.02595874	0.00000000
C46	c	0.61737059	0.43499409	0.12684764	2.00000000	10.00000000	0.02190471	0.00000000
C47	c	0.53343560	0.50338783	0.15533768	2.00000000	10.00000000	0.02629893	0.00000000
C48	c	0.53067354	0.48214633	0.09503871	2.00000000	10.00000000	0.02230397	0.00000000
C49	c	0.51038133	0.42439282	0.05691310	2.00000000	10.00000000	0.01036906	0.00000000
C50	c	0.46063555	0.50338924	0.13720232	2.00000000	10.00000000	0.02677535	0.00000000

Q Vehicle fuel tank capacity /0.40000000/
C Vehicle load capacity /1.50000000/
r fuel consumption rate /0.25000000/
g inverse refueling rate /1.00000000/
v average Velocity /1.00000000/
