StringID	Type	x	y	demand	ReadyTime	DueDate	ServiceTime	altitude
D0	d	0.50000000	0.50000000	0.00000000	0.00000000	10.00000000	0.00000000	0.00000000
S0	f	0.97719984	0.66923520	0.00000000	0.00000000	10.00000000	0.00000000	0.00000000
S1	f	0.51279144	0.43061682	0.00000000	0.00000000	10.00000000	0.00000000	0.00000000
S2	f	0.90705197	0.42219087	0.00000000	0.00000000	10.00000000	0.00000000	0.00000000
S3	f	0.57807414	0.54328402	0.00000000	0.00000000	10.00000000	0.00000000	0.00000000
S4	f	0.77348005	0.71499740	0.00000000	0.00000000	10.00000000	0.00000000	0.00000000
S5	f	0.38816422	0.46093579	0.00000000	0.00000000	10.00000000	0.00000000	0.00000000
C1	c	0.44859934	0.57847337	0.02870010	0.00000000	8.00000000	0.02056819	0.00000000
C2	c	0.41840325	0.52581319	0.23880742	0.10000000	8.10000000	0.01171702	0.00000000
C3	c	0.50732632	0.53382608	0.22061593	0.20000000	8.20000000	0.01316218	0.00000000
C4	c	0.48471205	0.58981952	0.13088164	0.30000000	8.30000000	0.02050608	0.00000000
C5	c	0.46270527	0.52956289	0.23743206	0.40000000	8.40000000	0.01090094	0.00000000
C6	c	0.52137437	0.58676375	0.09104747	0.50000000	8.50000000	0.01061648	0.00000000
C7	c	0.46078058	0.54988349	0.07349599	0.60000000	8.60000000	0.01265662	0.00000000
C8	c	0.60157013	0.49960357	0.21242583	0.70000000	8.70000000	0.01593305	0.00000000
C9	c	0.47955074	0.49358549	0.20175679	0.80000000	8.80000000	0.01862854	0.00000000
C10	c	0.53250478	0.58304359	0.23167018	0.90000000	8.90000000	0.02977483	0.00000000
C11	c	0.42012154	0.58249457	0.02704203	1.00000000	9.00000000	0.01379354	0.00000000
C12	c	0.22358086	0.67985841	0.22603709	1.10000000	9.10000000	0.02001150	0.00000000
C13	c	0.09682784	0.61106030	0.12776748	1.20000000	9.20000000	0.02878983	0.00000000
C14	c	0.11830767	0.68911601	0.12205134	1.30000000	9.30000000	0.02996830	0.00000000
C15	c	0.07848995	0.57272489	0.07283547	1.40000000	9.40000000	0.01485928	0.00000000
C16	c	0.08639114	0.60089405	0.14037657	1.50000000	9.50000000	0.02661696	0.00000000
C17	c	0.04455756	0.57547464	0.17982822	1.60000000	9.60000000	0.01514906	0.00000000
C18	c	0.11911941	0.35083186	0.20136069	1.70000000	9.70000000	0.01220604	0.00000000
C19	c	0.08745138	0.33108365	0.17382108	1.80000000	9.80000000	0.01523065	0.00000000
C20	c	0.05209580	0.35197624	0.21981161	1.90000000	9.90000000	0.01455632	0.00000000
C21	c	0.11247499	0.41982335	0.02041262	2.00000000	10.00000000	0.02292355	0.00000000
C22	c	0.30491420	0.35801860	0.08182994	2.00000000	10.00000000	0.01629222	0.00000000
C23	c	0.30438676	0.39925595	0.09829048	2.00000000	10.00000000	0.01303172	0.00000000
C24	c	0.33446155	0.40688924	0.15921168	2.00000000	10.00000000	0.01471232	0.00000000
C25	c	0.30091718	0.42535009	0.17353234	2.00000000	10.00000000	0.01803599	0.00000000
C26	c	0.82419605	0.46635556	0.13666192	2.00000000	10.00000000	0.01272501	0.00000000
C27	c	0.80735641	0.57035975	0.07768375	2.00000000	10.00000000	0.02989389	0.00000000
C28	c	0.94150115	0.39263082	0.20047539	2.00000000	10.00000000	0.02591784	0.00000000
C29	c	0.84905540	0.34197212	0.22262614	2.00000000	10.00000000	0.01784643	0.00000000
C30	c	0.83713157	0.50000909	0.17151075	2.00000000	10.00000000	0.02363001	0.00000000

Q Vehicle fuel tank capacity /0.40000000/
C Vehicle load capacity /1.50000000/
r fuel consumption rate /0.25000000/
g inverse refueling rate /1.00000000/
v average Velocity /1.00000000/
