StringID	Type	x	y	demand	ReadyTime	DueDate	ServiceTime	altitude
D0	d	0.50000000	0.50000000	0.00000000	0.00000000	10.00000000	0.00000000	0.00000000
S0	f	0.18186013	0.41750383	0.00000000	0.00000000	10.00000000	0.00000000	0.00000000
S1	f	0.70796407	0.39275555	0.00000000	0.00000000	10.00000000	0.00000000	0.00000000
S2	f	0.86884509	0.91663354	0.00000000	0.00000000	10.00000000	0.00000000	0.00000000
S3	f	0.25039932	0.97470193	0.00000000	0.00000000	10.00000000	0.00000000	0.00000000
S4	f	0.85151048	0.12577949	0.00000000	0.00000000	10.00000000	0.00000000	0.00000000
S5	f	0.13340206	0.90831699	0.00000000	0.00000000	10.00000000	0.00000000	0.00000000
S6	f	0.83388339	0.22372999	0.00000000	0.00000000	10.00000000	0.00000000	0.00000000
S7	f	0.11227267	0.01716250	0.00000000	0.00000000	10.00000000	0.00000000	0.00000000
S8	f	0.48935401	0.38489120	0.00000000	0.00000000	10.00000000	0.00000000	0.00000000
S9	f	0.37307897	0.53382165	0.00000000	0.00000000	10.00000000	0.00000000	0.00000000
C1	c	0.25529947	0.74226394	0.09695922	0.00000000	8.00000000	0.01477856	0.00000000
C2	c	0.31978558	0.63498670	0.06806590	0.06000000	8.06000000	0.02615640	0.00000000
C3	c	0.24893873	0.59983847	0.08549333	0.12000000	8.12000000	0.02925834	0.00000000
C4	c	0.23533593	0.54921166	0.03950075	0.18000000	8.18000000	0.01864718	0.00000000
C5	c	0.31632290	0.64937603	0.10021988	0.24000000	8.24000000	0.01042783	0.00000000
C6	c	0.47042438	0.48693360	0.08342789	0.30000000	8.30000000	0.01517105	0.00000000
C7	c	0.59924982	0.51590693	0.07177478	0.36000000	8.36000000	0.02141954	0.00000000
C8	c	0.53456069	0.57173350	0.10530621	0.42000000	8.42000000	0.02510193	0.00000000
C9	c	0.55782573	0.45990820	0.16207637	0.48000000	8.48000000	0.01077347	0.00000000
C10	c	0.52008288	0.50702362	0.09334911	0.54000000	8.54000000	0.02707018	0.00000000
C11	c	0.43916931	0.52029119	0.07560028	0.60000000	8.60000000	0.01060048	0.00000000
C12	c	0.54648084	0.54483429	0.14628777	0.66000000	8.66000000	0.01315242	0.00000000
C13	c	0.43008651	0.06218618	0.13679407	0.72000000	8.72000000	0.02803429	0.00000000
C14	c	0.35516665	0.07932764	0.10919586	0.78000000	8.78000000	0.02331417	0.00000000
C15	c	0.45457604	0.08508612	0.02045095	0.84000000	8.84000000	0.02459967	0.00000000
C16	c	0.37951768	0.05376192	0.04343677	0.90000000	8.90000000	0.02097415	0.00000000
C17	c	0.32430862	0.08470539	0.10345224	0.96000000	8.96000000	0.02725707	0.00000000
C18	c	0.47835231	0.08978943	0.10750943	1.02000000	9.02000000	0.01680437	0.00000000
C19	c	0.43992839	0.02204338	0.03247492	1.08000000	9.08000000	0.01695807	0.00000000
C20	c	0.42216403	0.05729947	0.02278412	1.14000000	9.14000000	0.02040958	0.00000000
C21	c	0.45928535	0.05256529	0.02850395	1.20000000	9.20000000	0.02679690	0.00000000
C22	c	0.66767221	0.65990369	0.12847314	1.26000000	9.26000000	0.02132832	0.00000000
C23	c	0.62035601	0.54511345	0.04103977	1.32000000	9.32000000	0.01988606	0.00000000
C24	c	0.50673664	0.68465615	0.03329198	1.38000000	9.38000000	0.02927112	0.00000000
C25	c	0.53559056	0.71721559	0.09670453	1.44000000	9.44000000	0.01542882	0.00000000
C26	c	0.53575792	0.68202902	0.12164338	1.50000000	9.50000000	0.02490091	0.00000000
C27	c	0.51722974	0.63247304	0.10881575	1.56000000	9.56000000	0.02245957	0.00000000
C28	c	0.64010566	0.63219706	0.13134123	1.62000000	9.62000000	0.02277159	0.00000000
C29	c	0.94952969	0.57475924	0.09403313	1.68000000	9.68000000	0.02950190	0.00000000
C30	c	0.97312602	0.43674245	0.09752596	1.74000000	9.74000000	0.01291129	0.00000000
C31	c	0.98223469	0.41356880	0.17640800	1.80000000	9.80000000	0.01551696	0.00000000
C32	c	0.95842362	0.37802319	0.07393646	1.86000000	9.86000000	0.01135513	0.00000000
C33	c	0.96041739	0.46019521	0.06189149	1.92000000	9.92000000	0.01447211	0.00000000
C34	c	0.94327743	0.46758406	0.04652348	1.98000000	9.98000000	0.01236650	0.00000000
C35	c	0.97371198	0.43675736	0.17773168	2.00000000	10.00000000	0.02194592	0.00000000
C36	c	1.00000000	0.44503316	0.09213668	2.00000000	10.00000000	0.02216918	0.00000000
C37	c	0.94433185	0.33623992	0.08483845	2.00000000	10.00000000	0.01519548	0.00000000
C38	c	0.97838873	0.42772980	0.14218706	2.00000000	10.00000000	0.02781156	0.00000000
C39	c	0.61077006	0.65971975	0.17725091	2.00000000	10.00000000	0.02803419	0.00000000
C40	c	0.65507008	0.61149138	0.13277037	2.00000000	10.00000000	0.01739586	0.00000000
C41	c	0.62590151	0.74751042	0.17664845	2.00000000	10.00000000	0.01829173	0.00000000
C42	c	0.53008376	0.66792576	0.04628160	2.00000000	10.00000000	0.01125682	0.00000000
C43	c	0.52959137	0.59170881	0.07004499	2.00000000	10.00000000	0.02381246	0.00000000
C44	c	0.70153846	0.66954835	0.02787217	2.00000000	10.00000000	0.02786213	0.00000000
C45	c	0.58036336	0.71516153	0.14404748	2.00000000	10.00000000	0.02812647	0.00000000
C46	c	0.48315454	0.64389898	0.03644065	2.00000000	10.00000000	0.02574495	0.00000000
C47	c	0.17938078	0.47064770	0.07598175	2.00000000	10.00000000	0.02449308	0.00000000
C48	c	0.13725681	0.48014384	0.06041923	2.00000000	10.00000000	0.01602159	0.00000000
C49	c	0.04162894	0.39058048	0.08354326	2.00000000	10.00000000	0.02026631	0.00000000
C50	c	0.12054878	0.47319497	0.02751321	2.00000000	10.00000000	0.01101285	0.00000000

Q Vehicle fuel tank capacity /0.40000000/
C Vehicle load capacity /1.50000000/
r fuel consumption rate /0.25000000/
g inverse refueling rate /1.00000000/
v average Velocity /1.00000000/
