StringID	Type	x	y	demand	ReadyTime	DueDate	ServiceTime	altitude
D0	d	0.50000000	0.50000000	0.00000000	0.00000000	10.00000000	0.00000000	0.00000000
S0	f	0.85130906	0.53223924	0.00000000	0.00000000	10.00000000	0.00000000	0.00000000
S1	f	0.73499872	0.40657453	0.00000000	0.00000000	10.00000000	0.00000000	0.00000000
S2	f	0.57033790	0.16519042	0.00000000	0.00000000	10.00000000	0.00000000	0.00000000
S3	f	0.55354755	0.03086950	0.00000000	0.00000000	10.00000000	0.00000000	0.00000000
S4	f	0.59401559	0.75791962	0.00000000	0.00000000	10.00000000	0.00000000	0.00000000
S5	f	0.65553839	0.00250165	0.00000000	0.00000000	10.00000000	0.00000000	0.00000000
S6	f	0.08632936	0.71603417	0.00000000	0.00000000	10.00000000	0.00000000	0.00000000
S7	f	0.52765942	0.42569597	0.00000000	0.00000000	10.00000000	0.00000000	0.00000000
S8	f	0.90818290	0.83020989	0.00000000	0.00000000	10.00000000	0.00000000	0.00000000
S9	f	0.33334706	0.21332143	0.00000000	0.00000000	10.00000000	0.00000000	0.00000000
C1	c	0.51093306	0.77781435	0.03127994	0.00000000	8.00000000	0.01635497	0.00000000
C2	c	0.33427411	0.75429806	0.13980099	0.06000000	8.06000000	0.01655425	0.00000000
C3	c	0.38096466	0.73582518	0.06734125	0.12000000	8.12000000	0.02999112	0.00000000
C4	c	0.39509420	0.80578713	0.13243369	0.18000000	8.18000000	0.02762121	0.00000000
C5	c	0.50162343	0.77004430	0.09330168	0.24000000	8.24000000	0.01671653	0.00000000
C6	c	0.39956870	0.77361794	0.15828157	0.30000000	8.30000000	0.01334536	0.00000000
C7	c	0.37558360	0.70902761	0.11195942	0.36000000	8.36000000	0.01698921	0.00000000
C8	c	0.08834789	0.59239821	0.14778668	0.42000000	8.42000000	0.01483742	0.00000000
C9	c	0.07067443	0.50945262	0.05895696	0.48000000	8.48000000	0.01805333	0.00000000
C10	c	0.09946915	0.50766314	0.05092145	0.54000000	8.54000000	0.02641782	0.00000000
C11	c	0.09219356	0.52945296	0.15001614	0.60000000	8.60000000	0.01683677	0.00000000
C12	c	0.08495734	0.58618748	0.14579061	0.66000000	8.66000000	0.02866279	0.00000000
C13	c	0.10371968	0.67775089	0.06500470	0.72000000	8.72000000	0.02332892	0.00000000
C14	c	0.10958844	0.52808757	0.01428489	0.78000000	8.78000000	0.02497811	0.00000000
C15	c	0.13347498	0.58435817	0.11681888	0.84000000	8.84000000	0.01242645	0.00000000
C16	c	0.07063118	0.86455716	0.12347305	0.90000000	8.90000000	0.02504438	0.00000000
C17	c	0.00000000	0.83072233	0.15408120	0.96000000	8.96000000	0.02952382	0.00000000
C18	c	0.06318079	0.84168217	0.01495997	1.02000000	9.02000000	0.01526099	0.00000000
C19	c	0.00000000	0.81666570	0.14002843	1.08000000	9.08000000	0.02923630	0.00000000
C20	c	0.00000000	0.81124915	0.07257210	1.14000000	9.14000000	0.01172498	0.00000000
C21	c	0.01339731	0.80974376	0.03323231	1.20000000	9.20000000	0.02206184	0.00000000
C22	c	0.00000000	0.85183123	0.03375447	1.26000000	9.26000000	0.02600411	0.00000000
C23	c	0.10178385	0.88282116	0.11771704	1.32000000	9.32000000	0.02510578	0.00000000
C24	c	0.00000000	0.86118739	0.05007250	1.38000000	9.38000000	0.02070365	0.00000000
C25	c	0.10326412	0.87205436	0.11923070	1.44000000	9.44000000	0.01664673	0.00000000
C26	c	0.05654800	0.80019861	0.11391089	1.50000000	9.50000000	0.02008539	0.00000000
C27	c	0.24819412	0.85689917	0.07530511	1.56000000	9.56000000	0.02077819	0.00000000
C28	c	0.10451541	0.77362724	0.07065325	1.62000000	9.62000000	0.01771669	0.00000000
C29	c	0.15086709	0.75087617	0.03617222	1.68000000	9.68000000	0.01428562	0.00000000
C30	c	0.19830923	0.83321505	0.02770626	1.74000000	9.74000000	0.01238018	0.00000000
C31	c	0.12346696	0.82525584	0.07513953	1.80000000	9.80000000	0.01541828	0.00000000
C32	c	0.43089887	0.60150519	0.14861592	1.86000000	9.86000000	0.02677985	0.00000000
C33	c	0.47838169	0.66749430	0.04686311	1.92000000	9.92000000	0.02973930	0.00000000
C34	c	0.35568105	0.62334051	0.15692851	1.98000000	9.98000000	0.01900201	0.00000000
C35	c	0.44391582	0.64433670	0.12441102	2.00000000	10.00000000	0.01782445	0.00000000
C36	c	0.41132489	0.58564122	0.10542535	2.00000000	10.00000000	0.01447958	0.00000000
C37	c	0.37178731	0.65820140	0.04526384	2.00000000	10.00000000	0.02483890	0.00000000
C38	c	0.51420741	0.57122979	0.07431496	2.00000000	10.00000000	0.02547441	0.00000000
C39	c	0.43677901	0.69075616	0.13390367	2.00000000	10.00000000	0.01615419	0.00000000
C40	c	0.85793494	0.09624011	0.15250392	2.00000000	10.00000000	0.01195610	0.00000000
C41	c	0.94485189	0.00000000	0.04816714	2.00000000	10.00000000	0.01870481	0.00000000
C42	c	0.84430119	0.14162963	0.02589332	2.00000000	10.00000000	0.02000356	0.00000000
C43	c	0.83890964	0.01768299	0.05675944	2.00000000	10.00000000	0.01643323	0.00000000
C44	c	0.78231169	0.14606752	0.11171666	2.00000000	10.00000000	0.02120568	0.00000000
C45	c	0.80676962	0.77589513	0.15657095	2.00000000	10.00000000	0.02477129	0.00000000
C46	c	0.84900176	0.82919144	0.05941604	2.00000000	10.00000000	0.01987585	0.00000000
C47	c	0.81802133	0.75700647	0.10255651	2.00000000	10.00000000	0.01439490	0.00000000
C48	c	0.81502600	0.71973142	0.01576022	2.00000000	10.00000000	0.01241278	0.00000000
C49	c	0.71210100	0.75812740	0.06736806	2.00000000	10.00000000	0.01657978	0.00000000
C50	c	0.72844678	0.83376695	0.12557349	2.00000000	10.00000000	0.01380776	0.00000000

Q Vehicle fuel tank capacity /0.40000000/
C Vehicle load capacity /1.50000000/
r fuel consumption rate /0.25000000/
g inverse refueling rate /1.00000000/
v average Velocity /1.00000000/
