StringID	Type	x	y	demand	ReadyTime	DueDate	ServiceTime	altitude
D0	d	0.50000000	0.50000000	0.00000000	0.00000000	10.00000000	0.00000000	0.00000000
S0	f	0.34272671	0.70209095	0.00000000	0.00000000	10.00000000	0.00000000	0.00000000
S1	f	0.90283334	0.25924175	0.00000000	0.00000000	10.00000000	0.00000000	0.00000000
S2	f	0.09040306	0.61654135	0.00000000	0.00000000	10.00000000	0.00000000	0.00000000
S3	f	0.54017429	0.90488188	0.00000000	0.00000000	10.00000000	0.00000000	0.00000000
S4	f	0.86402962	0.92873633	0.00000000	0.00000000	10.00000000	0.00000000	0.00000000
S5	f	0.05251798	0.13299695	0.00000000	0.00000000	10.00000000	0.00000000	0.00000000
S6	f	0.26195880	0.09719009	0.00000000	0.00000000	10.00000000	0.00000000	0.00000000
S7	f	0.94903895	0.57445619	0.00000000	0.00000000	10.00000000	0.00000000	0.00000000
S8	f	0.11865645	0.11438853	0.00000000	0.00000000	10.00000000	0.00000000	0.00000000
S9	f	0.17873034	0.87147159	0.00000000	0.00000000	10.00000000	0.00000000	0.00000000
C1	c	0.35239068	0.02008236	0.14791742	0.00000000	8.00000000	0.01434195	0.00000000
C2	c	0.24744934	0.00000000	0.08615331	0.06000000	8.06000000	0.01112022	0.00000000
C3	c	0.36627515	0.00101705	0.06683445	0.12000000	8.12000000	0.01630030	0.00000000
C4	c	0.33217212	0.00000000	0.10395511	0.18000000	8.18000000	0.01092861	0.00000000
C5	c	0.33269922	0.10121001	0.02940378	0.24000000	8.24000000	0.01363865	0.00000000
C6	c	0.30126347	0.00000000	0.03509310	0.30000000	8.30000000	0.02773425	0.00000000
C7	c	0.38775018	0.47542562	0.12521552	0.36000000	8.36000000	0.01923480	0.00000000
C8	c	0.52107518	0.58510926	0.02621953	0.42000000	8.42000000	0.02089262	0.00000000
C9	c	0.52971398	0.53917943	0.11931899	0.48000000	8.48000000	0.01631321	0.00000000
C10	c	0.49441087	0.54438500	0.09685279	0.54000000	8.54000000	0.02767486	0.00000000
C11	c	0.50197816	0.58153284	0.13724249	0.60000000	8.60000000	0.01201265	0.00000000
C12	c	0.52167621	0.49234443	0.12575278	0.66000000	8.66000000	0.02032243	0.00000000
C13	c	0.59257959	0.60846881	0.03686232	0.72000000	8.72000000	0.02742469	0.00000000
C14	c	0.41164564	0.57640685	0.12452000	0.78000000	8.78000000	0.02933164	0.00000000
C15	c	0.44763514	0.52974981	0.10510426	0.84000000	8.84000000	0.01699251	0.00000000
C16	c	0.57492097	0.61004215	0.08000013	0.90000000	8.90000000	0.01712356	0.00000000
C17	c	0.57989611	0.56735132	0.11416355	0.96000000	8.96000000	0.01182215	0.00000000
C18	c	0.50792415	0.64333377	0.04812472	1.02000000	9.02000000	0.01202674	0.00000000
C19	c	0.61191008	0.61721014	0.15378888	1.08000000	9.08000000	0.01803281	0.00000000
C20	c	0.58279021	0.57710411	0.13037732	1.14000000	9.14000000	0.02307987	0.00000000
C21	c	0.55783794	0.56227206	0.07656842	1.20000000	9.20000000	0.02414301	0.00000000
C22	c	0.60864383	0.52608850	0.07397308	1.26000000	9.26000000	0.02845488	0.00000000
C23	c	0.50693290	0.55393621	0.01625750	1.32000000	9.32000000	0.02423779	0.00000000
C24	c	0.59789645	0.62978634	0.07281533	1.38000000	9.38000000	0.01444448	0.00000000
C25	c	0.58962939	0.55920713	0.13886657	1.44000000	9.44000000	0.01419066	0.00000000
C26	c	0.49118193	0.85458220	0.13890025	1.50000000	9.50000000	0.01960317	0.00000000
C27	c	0.62626798	0.86004770	0.11699868	1.56000000	9.56000000	0.01767261	0.00000000
C28	c	0.54451024	0.78489108	0.11674514	1.62000000	9.62000000	0.02931641	0.00000000
C29	c	0.58510018	0.85158011	0.11455811	1.68000000	9.68000000	0.02389096	0.00000000
C30	c	0.53740224	0.83271641	0.04859537	1.74000000	9.74000000	0.01158051	0.00000000
C31	c	0.63679418	0.10701519	0.09020932	1.80000000	9.80000000	0.02457988	0.00000000
C32	c	0.62446547	0.10516326	0.08025361	1.86000000	9.86000000	0.01765511	0.00000000
C33	c	0.62622314	0.15280485	0.15383569	1.92000000	9.92000000	0.01208781	0.00000000
C34	c	0.73383501	0.10600947	0.12154093	1.98000000	9.98000000	0.01823790	0.00000000
C35	c	0.02185731	0.75013193	0.13660344	2.00000000	10.00000000	0.02106671	0.00000000
C36	c	0.14011808	0.79325467	0.10670213	2.00000000	10.00000000	0.02954013	0.00000000
C37	c	0.13793504	0.80515736	0.06169434	2.00000000	10.00000000	0.01341804	0.00000000
C38	c	0.04402164	0.79483411	0.03684543	2.00000000	10.00000000	0.01267259	0.00000000
C39	c	0.16512681	0.76876882	0.11037019	2.00000000	10.00000000	0.02294974	0.00000000
C40	c	0.00000000	0.88087598	0.03729344	2.00000000	10.00000000	0.01404638	0.00000000
C41	c	0.12024029	0.85703838	0.03012528	2.00000000	10.00000000	0.02426645	0.00000000
C42	c	0.05197957	0.74979292	0.03581011	2.00000000	10.00000000	0.01825410	0.00000000
C43	c	0.06284799	0.77045210	0.03885618	2.00000000	10.00000000	0.02471941	0.00000000
C44	c	0.16206395	0.41721910	0.06818811	2.00000000	10.00000000	0.02370397	0.00000000
C45	c	0.27918538	0.38815079	0.10896908	2.00000000	10.00000000	0.02220107	0.00000000
C46	c	0.28381939	0.41514271	0.08163179	2.00000000	10.00000000	0.01550997	0.00000000
C47	c	0.20421520	0.41399096	0.07450691	2.00000000	10.00000000	0.02796270	0.00000000
C48	c	0.26851094	0.52909037	0.07559385	2.00000000	10.00000000	0.02086762	0.00000000
C49	c	0.14356898	0.44439607	0.13275810	2.00000000	10.00000000	0.01690097	0.00000000
C50	c	0.24210116	0.47564627	0.11103315	2.00000000	10.00000000	0.01657927	0.00000000

Q Vehicle fuel tank capacity /0.40000000/
C Vehicle load capacity /1.50000000/
r fuel consumption rate /0.25000000/
g inverse refueling rate /1.00000000/
v average Velocity /1.00000000/
