StringID	Type	x	y	demand	ReadyTime	DueDate	ServiceTime	altitude
D0	d	0.50000000	0.50000000	0.00000000	0.00000000	10.00000000	0.00000000	0.00000000
S0	f	0.32276963	0.33331342	0.00000000	0.00000000	10.00000000	0.00000000	0.00000000
S1	f	0.16712090	0.61085361	0.00000000	0.00000000	10.00000000	0.00000000	0.00000000
S2	f	0.54505605	0.82759697	0.00000000	0.00000000	10.00000000	0.00000000	0.00000000
S3	f	0.82048477	0.79925882	0.00000000	0.00000000	10.00000000	0.00000000	0.00000000
S4	f	0.84641846	0.58690887	0.00000000	0.00000000	10.00000000	0.00000000	0.00000000
S5	f	0.19458295	0.95432791	0.00000000	0.00000000	10.00000000	0.00000000	0.00000000
C1	c	0.29423831	0.24932452	0.24439998	0.00000000	8.00000000	0.01623106	0.00000000
C2	c	0.28706605	0.29947929	0.06602469	0.10000000	8.10000000	0.02095323	0.00000000
C3	c	0.34771100	0.28670174	0.25338686	0.20000000	8.20000000	0.01826083	0.00000000
C4	c	0.27946861	0.31191075	0.04428672	0.30000000	8.30000000	0.01425513	0.00000000
C5	c	0.63587725	0.18079056	0.14465799	0.40000000	8.40000000	0.02624170	0.00000000
C6	c	0.71614123	0.01397420	0.09973386	0.50000000	8.50000000	0.01744169	0.00000000
C7	c	0.66557276	0.17761007	0.26443210	0.60000000	8.60000000	0.01226075	0.00000000
C8	c	0.60485351	0.14184289	0.08202515	0.70000000	8.70000000	0.01790693	0.00000000
C9	c	0.58421297	0.16281847	0.16473931	0.80000000	8.80000000	0.01386208	0.00000000
C10	c	0.67823562	0.10129081	0.24840961	0.90000000	8.90000000	0.02649252	0.00000000
C11	c	0.64425827	0.14842344	0.24569387	1.00000000	9.00000000	0.01756544	0.00000000
C12	c	0.79383865	0.62799825	0.21367556	1.10000000	9.10000000	0.01880984	0.00000000
C13	c	0.78570741	0.66735135	0.05283550	1.20000000	9.20000000	0.01559933	0.00000000
C14	c	0.88251194	0.70067236	0.08574876	1.30000000	9.30000000	0.01197137	0.00000000
C15	c	0.74432909	0.61422167	0.21333839	1.40000000	9.40000000	0.02384898	0.00000000
C16	c	0.78091680	0.78493403	0.25998561	1.50000000	9.50000000	0.01119860	0.00000000
C17	c	0.76094070	0.65148671	0.21276720	1.60000000	9.60000000	0.02774497	0.00000000
C18	c	0.04515444	0.74059427	0.08335677	1.70000000	9.70000000	0.01612622	0.00000000
C19	c	0.05352132	0.73852168	0.13384704	1.80000000	9.80000000	0.01160387	0.00000000
C20	c	0.00000000	0.77602958	0.06527610	1.90000000	9.90000000	0.01941401	0.00000000
C21	c	0.07460741	0.82703102	0.07192282	2.00000000	10.00000000	0.02535648	0.00000000
C22	c	0.00000000	0.60914374	0.23012316	2.00000000	10.00000000	0.02600862	0.00000000
C23	c	0.00000000	0.75350544	0.11576523	2.00000000	10.00000000	0.01831310	0.00000000
C24	c	0.05676315	0.78550515	0.16613266	2.00000000	10.00000000	0.01360330	0.00000000
C25	c	0.40291690	0.49273641	0.08662926	2.00000000	10.00000000	0.02957360	0.00000000
C26	c	0.42522958	0.54500892	0.24847267	2.00000000	10.00000000	0.02385012	0.00000000
C27	c	0.43100721	0.53504228	0.05026855	2.00000000	10.00000000	0.01903247	0.00000000
C28	c	0.39100160	0.54122747	0.11096242	2.00000000	10.00000000	0.01121299	0.00000000
C29	c	0.47628090	0.59049972	0.09743576	2.00000000	10.00000000	0.01389438	0.00000000
C30	c	0.41307876	0.51579017	0.14366643	2.00000000	10.00000000	0.01272177	0.00000000

Q Vehicle fuel tank capacity /0.40000000/
C Vehicle load capacity /1.50000000/
r fuel consumption rate /0.25000000/
g inverse refueling rate /1.00000000/
v average Velocity /1.00000000/
