StringID	Type	x	y	demand	ReadyTime	DueDate	ServiceTime	altitude
D0	d	0.50000000	0.50000000	0.00000000	0.00000000	10.00000000	0.00000000	0.00000000
S0	f	0.15532188	0.13640465	0.00000000	0.00000000	10.00000000	0.00000000	0.00000000
S1	f	0.03858946	0.67380195	0.00000000	0.00000000	10.00000000	0.00000000	0.00000000
S2	f	0.22412073	0.85881218	0.00000000	0.00000000	10.00000000	0.00000000	0.00000000
S3	f	0.78406512	0.77488866	0.00000000	0.00000000	10.00000000	0.00000000	0.00000000
S4	f	0.99021267	0.57012310	0.00000000	0.00000000	10.00000000	0.00000000	0.00000000
S5	f	0.84113808	0.83430871	0.00000000	0.00000000	10.00000000	0.00000000	0.00000000
C1	c	0.39307471	0.89211617	0.08493351	0.00000000	8.00000000	0.02858116	0.00000000
C2	c	0.35113949	0.89441116	0.10383292	0.10000000	8.10000000	0.02759888	0.00000000
C3	c	0.82696640	0.04288040	0.12085534	0.20000000	8.20000000	0.01067576	0.00000000
C4	c	0.92960783	0.06179829	0.02961421	0.30000000	8.30000000	0.01223768	0.00000000
C5	c	0.97011604	0.00038196	0.04761414	0.40000000	8.40000000	0.01008207	0.00000000
C6	c	0.82369962	0.03450914	0.06770383	0.50000000	8.50000000	0.02683494	0.00000000
C7	c	0.91533236	0.00063432	0.10347286	0.60000000	8.60000000	0.02220905	0.00000000
C8	c	0.89128779	0.00000000	0.16446196	0.70000000	8.70000000	0.01645589	0.00000000
C9	c	0.87675024	0.10843559	0.18006353	0.80000000	8.80000000	0.01354663	0.00000000
C10	c	0.83488160	0.00438663	0.31942688	0.90000000	8.90000000	0.02198316	0.00000000
C11	c	0.25016525	0.08063165	0.09152144	1.00000000	9.00000000	0.02748184	0.00000000
C12	c	0.08479231	0.14963361	0.13035430	1.10000000	9.10000000	0.01693902	0.00000000
C13	c	0.11638151	0.20006337	0.05106182	1.20000000	9.20000000	0.01216189	0.00000000
C14	c	0.20126790	0.16061228	0.25206855	1.30000000	9.30000000	0.01815692	0.00000000
C15	c	0.12593681	0.10766801	0.27435088	1.40000000	9.40000000	0.02422437	0.00000000
C16	c	0.54283647	0.00858020	0.05356072	1.50000000	9.50000000	0.01957709	0.00000000
C17	c	0.55378120	0.12746026	0.29984639	1.60000000	9.60000000	0.01325106	0.00000000
C18	c	0.65195921	0.07765986	0.15021576	1.70000000	9.70000000	0.02322233	0.00000000
C19	c	0.52463973	0.04525870	0.09787972	1.80000000	9.80000000	0.01544137	0.00000000
C20	c	0.56821475	0.08626142	0.25197074	1.90000000	9.90000000	0.01853918	0.00000000
C21	c	0.63047118	0.06479257	0.23342089	2.00000000	10.00000000	0.01259461	0.00000000
C22	c	0.62521556	0.00000000	0.16320964	2.00000000	10.00000000	0.01751983	0.00000000
C23	c	0.53613079	0.10641026	0.26278614	2.00000000	10.00000000	0.02314129	0.00000000
C24	c	0.50510870	0.00000000	0.27456170	2.00000000	10.00000000	0.02632905	0.00000000
C25	c	0.54387212	0.00000000	0.20837965	2.00000000	10.00000000	0.02194707	0.00000000
C26	c	0.56065621	0.08655682	0.03770056	2.00000000	10.00000000	0.02845826	0.00000000
C27	c	0.50684725	0.03690642	0.07419731	2.00000000	10.00000000	0.02186669	0.00000000
C28	c	0.56838960	0.05755331	0.11630569	2.00000000	10.00000000	0.01260402	0.00000000
C29	c	0.56826220	0.07345289	0.10346323	2.00000000	10.00000000	0.02972813	0.00000000
C30	c	0.54553824	0.02998243	0.15116568	2.00000000	10.00000000	0.01491117	0.00000000

Q Vehicle fuel tank capacity /0.40000000/
C Vehicle load capacity /1.50000000/
r fuel consumption rate /0.25000000/
g inverse refueling rate /1.00000000/
v average Velocity /1.00000000/
