StringID	Type	x	y	demand	ReadyTime	DueDate	ServiceTime	altitude
D0	d	0.50000000	0.50000000	0.00000000	0.00000000	10.00000000	0.00000000	0.00000000
S0	f	0.40097524	0.56100415	0.00000000	0.00000000	10.00000000	0.00000000	0.00000000
S1	f	0.31822268	0.65766423	0.00000000	0.00000000	10.00000000	0.00000000	0.00000000
S2	f	0.94654672	0.61376489	0.00000000	0.00000000	10.00000000	0.00000000	0.00000000
S3	f	0.93817135	0.88523255	0.00000000	0.00000000	10.00000000	0.00000000	0.00000000
S4	f	0.77768602	0.49256591	0.00000000	0.00000000	10.00000000	0.00000000	0.00000000
S5	f	0.83449208	0.56677899	0.00000000	0.00000000	10.00000000	0.00000000	0.00000000
S6	f	0.25967722	0.28164493	0.00000000	0.00000000	10.00000000	0.00000000	0.00000000
S7	f	0.76839395	0.63220944	0.00000000	0.00000000	10.00000000	0.00000000	0.00000000
S8	f	0.38353182	0.17727159	0.00000000	0.00000000	10.00000000	0.00000000	0.00000000
S9	f	0.13316155	0.91283986	0.00000000	0.00000000	10.00000000	0.00000000	0.00000000
C1	c	0.35795774	0.79449323	0.16187727	0.00000000	8.00000000	0.02387269	0.00000000
C2	c	0.43793602	0.89726906	0.14511321	0.06000000	8.06000000	0.02066141	0.00000000
C3	c	0.48013722	0.76174369	0.08233138	0.12000000	8.12000000	0.02407819	0.00000000
C4	c	0.42715294	0.77692728	0.02548321	0.18000000	8.18000000	0.02977842	0.00000000
C5	c	0.42991408	0.79657542	0.01365520	0.24000000	8.24000000	0.01461358	0.00000000
C6	c	0.41368863	0.83219826	0.16746639	0.30000000	8.30000000	0.01516109	0.00000000
C7	c	0.08703094	1.00000000	0.07338939	0.36000000	8.36000000	0.01773236	0.00000000
C8	c	0.17760879	0.95671899	0.15565594	0.42000000	8.42000000	0.02057361	0.00000000
C9	c	0.22932933	0.87685392	0.05356248	0.48000000	8.48000000	0.02415092	0.00000000
C10	c	0.20008472	1.00000000	0.05239031	0.54000000	8.54000000	0.02857896	0.00000000
C11	c	0.17171164	0.88671257	0.07579004	0.60000000	8.60000000	0.01710981	0.00000000
C12	c	0.20037515	0.96567647	0.04971346	0.66000000	8.66000000	0.01725726	0.00000000
C13	c	0.16818560	0.99518031	0.11461915	0.72000000	8.72000000	0.02155313	0.00000000
C14	c	0.15085138	1.00000000	0.02321666	0.78000000	8.78000000	0.02098661	0.00000000
C15	c	0.53167049	0.90116163	0.03342280	0.84000000	8.84000000	0.01120027	0.00000000
C16	c	0.55733691	0.91968170	0.10399027	0.90000000	8.90000000	0.02169848	0.00000000
C17	c	0.57090772	0.79529589	0.07971739	0.96000000	8.96000000	0.01823646	0.00000000
C18	c	0.62014658	0.76604285	0.03985135	1.02000000	9.02000000	0.02284871	0.00000000
C19	c	0.40208050	0.84031108	0.04076149	1.08000000	9.08000000	0.02242888	0.00000000
C20	c	0.55711405	0.83557767	0.04217526	1.14000000	9.14000000	0.01656475	0.00000000
C21	c	0.35622795	0.88443543	0.14276804	1.20000000	9.20000000	0.02124534	0.00000000
C22	c	0.34964441	0.84948714	0.11035064	1.26000000	9.26000000	0.01082282	0.00000000
C23	c	0.33138406	0.94021791	0.03672607	1.32000000	9.32000000	0.02027106	0.00000000
C24	c	0.42941506	0.90903094	0.10973763	1.38000000	9.38000000	0.01718490	0.00000000
C25	c	0.28027510	0.93249092	0.05430029	1.44000000	9.44000000	0.02386763	0.00000000
C26	c	0.33610979	0.91766516	0.13202082	1.50000000	9.50000000	0.02314883	0.00000000
C27	c	0.33758325	0.90453040	0.06993090	1.56000000	9.56000000	0.02801654	0.00000000
C28	c	0.34731086	0.82079457	0.16741214	1.62000000	9.62000000	0.01713582	0.00000000
C29	c	0.00748752	0.47755870	0.13256802	1.68000000	9.68000000	0.02573630	0.00000000
C30	c	0.11029101	0.47186732	0.11876388	1.74000000	9.74000000	0.01761046	0.00000000
C31	c	0.18204072	0.48892023	0.16540591	1.80000000	9.80000000	0.02366489	0.00000000
C32	c	0.07826788	0.51011304	0.14988438	1.86000000	9.86000000	0.02365363	0.00000000
C33	c	0.10559001	0.49985613	0.12359012	1.92000000	9.92000000	0.01052066	0.00000000
C34	c	0.04739411	0.47334514	0.01725834	1.98000000	9.98000000	0.02012770	0.00000000
C35	c	0.10008858	0.56692266	0.11254046	2.00000000	10.00000000	0.01625186	0.00000000
C36	c	0.05214033	0.47860663	0.09430891	2.00000000	10.00000000	0.01570368	0.00000000
C37	c	0.09400572	0.49116527	0.09326921	2.00000000	10.00000000	0.01390516	0.00000000
C38	c	0.00054225	0.46658656	0.03244872	2.00000000	10.00000000	0.01164118	0.00000000
C39	c	0.10548081	0.51153919	0.05087753	2.00000000	10.00000000	0.01540922	0.00000000
C40	c	0.42389423	0.79120991	0.06518354	2.00000000	10.00000000	0.02398405	0.00000000
C41	c	0.47822495	0.82815267	0.13989940	2.00000000	10.00000000	0.01707674	0.00000000
C42	c	0.48550634	0.76529495	0.12947405	2.00000000	10.00000000	0.02727941	0.00000000
C43	c	0.53933645	0.75060824	0.09551362	2.00000000	10.00000000	0.02153681	0.00000000
C44	c	0.47632159	0.79738895	0.09129209	2.00000000	10.00000000	0.02214392	0.00000000
C45	c	0.50943574	0.82622004	0.14089796	2.00000000	10.00000000	0.01799349	0.00000000
C46	c	0.76184238	0.76366641	0.05232711	2.00000000	10.00000000	0.02075666	0.00000000
C47	c	0.75555071	0.74562479	0.11155371	2.00000000	10.00000000	0.02944294	0.00000000
C48	c	0.69842292	0.79353784	0.03636013	2.00000000	10.00000000	0.02419623	0.00000000
C49	c	0.80222078	0.75302434	0.07465329	2.00000000	10.00000000	0.01289606	0.00000000
C50	c	0.74868990	0.78958643	0.11450041	2.00000000	10.00000000	0.01915638	0.00000000

Q Vehicle fuel tank capacity /0.40000000/
C Vehicle load capacity /1.50000000/
r fuel consumption rate /0.25000000/
g inverse refueling rate /1.00000000/
v average Velocity /1.00000000/
