StringID	Type	x	y	demand	ReadyTime	DueDate	ServiceTime	altitude
D0	d	0.50000000	0.50000000	0.00000000	0.00000000	10.00000000	0.00000000	0.00000000
S0	f	0.84154102	0.27442646	0.00000000	0.00000000	10.00000000	0.00000000	0.00000000
S1	f	0.18010464	0.98808498	0.00000000	0.00000000	10.00000000	0.00000000	0.00000000
S2	f	0.88775433	0.18738242	0.00000000	0.00000000	10.00000000	0.00000000	0.00000000
S3	f	0.59321477	0.10162806	0.00000000	0.00000000	10.00000000	0.00000000	0.00000000
S4	f	0.12343349	0.83870330	0.00000000	0.00000000	10.00000000	0.00000000	0.00000000
S5	f	0.44874652	0.23237384	0.00000000	0.00000000	10.00000000	0.00000000	0.00000000
C1	c	0.88643947	0.31178079	0.22878188	0.00000000	8.00000000	0.01608367	0.00000000
C2	c	0.76098322	0.32366473	0.06709162	0.10000000	8.10000000	0.02816728	0.00000000
C3	c	0.87726837	0.31152608	0.14993304	0.20000000	8.20000000	0.01266508	0.00000000
C4	c	0.78247315	0.31863172	0.15728064	0.30000000	8.30000000	0.02732729	0.00000000
C5	c	0.43587297	0.77075177	0.14595005	0.40000000	8.40000000	0.02082703	0.00000000
C6	c	0.33840937	0.81787696	0.03428698	0.50000000	8.50000000	0.02592709	0.00000000
C7	c	0.48410202	0.77818276	0.16188177	0.60000000	8.60000000	0.02677959	0.00000000
C8	c	0.40414763	0.78750960	0.12426332	0.70000000	8.70000000	0.02658448	0.00000000
C9	c	0.47552461	0.78463298	0.16899481	0.80000000	8.80000000	0.01699536	0.00000000
C10	c	0.32880414	0.82396826	0.24517290	0.90000000	8.90000000	0.01231222	0.00000000
C11	c	0.42367390	0.80651231	0.22239997	1.00000000	9.00000000	0.02946972	0.00000000
C12	c	0.39920160	0.76354987	0.11731886	1.10000000	9.10000000	0.02618065	0.00000000
C13	c	0.36290355	0.80615141	0.07842998	1.20000000	9.20000000	0.02015800	0.00000000
C14	c	0.36911418	0.71575611	0.09549149	1.30000000	9.30000000	0.01014349	0.00000000
C15	c	0.34815755	0.77269761	0.13144176	1.40000000	9.40000000	0.02901562	0.00000000
C16	c	0.48565945	0.82537135	0.15493441	1.50000000	9.50000000	0.02252816	0.00000000
C17	c	0.71870317	0.65105129	0.23834138	1.60000000	9.60000000	0.01747409	0.00000000
C18	c	0.63226071	0.72841984	0.12485022	1.70000000	9.70000000	0.01824391	0.00000000
C19	c	0.61251383	0.70297958	0.23557252	1.80000000	9.80000000	0.01712684	0.00000000
C20	c	0.63973096	0.68539305	0.16692989	1.90000000	9.90000000	0.01915709	0.00000000
C21	c	0.66903444	0.70292730	0.11030279	2.00000000	10.00000000	0.02219123	0.00000000
C22	c	0.69069665	0.74441418	0.26033633	2.00000000	10.00000000	0.01614939	0.00000000
C23	c	0.71302948	0.78372745	0.04736159	2.00000000	10.00000000	0.02837082	0.00000000
C24	c	0.52034935	0.46612159	0.09470092	2.00000000	10.00000000	0.01661344	0.00000000
C25	c	0.55884406	0.44347990	0.13975182	2.00000000	10.00000000	0.01630679	0.00000000
C26	c	0.73546636	0.75731515	0.03006080	2.00000000	10.00000000	0.01133653	0.00000000
C27	c	0.78852241	0.74088627	0.17066911	2.00000000	10.00000000	0.01264019	0.00000000
C28	c	0.67975409	0.70773958	0.19802405	2.00000000	10.00000000	0.01013991	0.00000000
C29	c	0.58113113	0.71736001	0.21433741	2.00000000	10.00000000	0.01314564	0.00000000
C30	c	0.62592342	0.69860032	0.18510768	2.00000000	10.00000000	0.01139289	0.00000000

Q Vehicle fuel tank capacity /0.40000000/
C Vehicle load capacity /1.50000000/
r fuel consumption rate /0.25000000/
g inverse refueling rate /1.00000000/
v average Velocity /1.00000000/
