StringID	Type	x	y	demand	ReadyTime	DueDate	ServiceTime	altitude
D0	d	0.50000000	0.50000000	0.00000000	0.00000000	10.00000000	0.00000000	0.00000000
S0	f	0.31109168	0.73363638	0.00000000	0.00000000	10.00000000	0.00000000	0.00000000
S1	f	0.86788820	0.04672017	0.00000000	0.00000000	10.00000000	0.00000000	0.00000000
S2	f	0.34685568	0.15261377	0.00000000	0.00000000	10.00000000	0.00000000	0.00000000
S3	f	0.94232202	0.29324328	0.00000000	0.00000000	10.00000000	0.00000000	0.00000000
S4	f	0.49681325	0.18706869	0.00000000	0.00000000	10.00000000	0.00000000	0.00000000
S5	f	0.40109538	0.56553879	0.00000000	0.00000000	10.00000000	0.00000000	0.00000000
C1	c	0.14210628	0.00000000	0.23032910	0.00000000	8.00000000	0.01101291	0.00000000
C2	c	0.13907068	0.00000000	0.15597441	0.10000000	8.10000000	0.02000130	0.00000000
C3	c	0.18141409	0.00000000	0.05520882	0.20000000	8.20000000	0.01912535	0.00000000
C4	c	0.13763877	0.00000000	0.09009254	0.30000000	8.30000000	0.02800519	0.00000000
C5	c	0.15948421	0.00000000	0.21418359	0.40000000	8.40000000	0.01458897	0.00000000
C6	c	0.09634438	0.11448773	0.03856050	0.50000000	8.50000000	0.02854123	0.00000000
C7	c	0.11533464	0.09028299	0.28066082	0.60000000	8.60000000	0.01815996	0.00000000
C8	c	0.11471337	0.00000000	0.03260093	0.70000000	8.70000000	0.02679683	0.00000000
C9	c	0.34887561	0.78720074	0.11419343	0.80000000	8.80000000	0.01863239	0.00000000
C10	c	0.25093942	0.76777808	0.07827089	0.90000000	8.90000000	0.02829498	0.00000000
C11	c	0.40129659	0.38451680	0.12433402	1.00000000	9.00000000	0.02349555	0.00000000
C12	c	0.31611055	0.36589847	0.08193076	1.10000000	9.10000000	0.01162465	0.00000000
C13	c	0.27151280	0.30938775	0.19864593	1.20000000	9.20000000	0.02817559	0.00000000
C14	c	0.27648641	0.23506644	0.11147851	1.30000000	9.30000000	0.02494672	0.00000000
C15	c	0.32875839	0.34340881	0.25382261	1.40000000	9.40000000	0.02941974	0.00000000
C16	c	0.28258866	0.35744686	0.21472236	1.50000000	9.50000000	0.01983461	0.00000000
C17	c	0.84035303	1.00000000	0.27958814	1.60000000	9.60000000	0.01385841	0.00000000
C18	c	0.80066409	1.00000000	0.16288136	1.70000000	9.70000000	0.02763046	0.00000000
C19	c	0.68284547	1.00000000	0.24792223	1.80000000	9.80000000	0.01632587	0.00000000
C20	c	0.71036777	0.98040598	0.11910778	1.90000000	9.90000000	0.01209983	0.00000000
C21	c	0.70319154	1.00000000	0.28987324	2.00000000	10.00000000	0.02050415	0.00000000
C22	c	0.18290025	0.22091753	0.23896626	2.00000000	10.00000000	0.02368229	0.00000000
C23	c	0.19666035	0.13853979	0.20225075	2.00000000	10.00000000	0.01215043	0.00000000
C24	c	0.25024053	0.17574886	0.03304489	2.00000000	10.00000000	0.01630886	0.00000000
C25	c	0.19248963	0.14137842	0.12405755	2.00000000	10.00000000	0.02877672	0.00000000
C26	c	0.21544084	0.08531157	0.03413357	2.00000000	10.00000000	0.02755063	0.00000000
C27	c	0.20541207	0.19075749	0.26605807	2.00000000	10.00000000	0.01093665	0.00000000
C28	c	0.25512492	0.13861356	0.11566352	2.00000000	10.00000000	0.01174840	0.00000000
C29	c	0.22996057	0.24667382	0.05625056	2.00000000	10.00000000	0.02747644	0.00000000
C30	c	0.25318914	0.16695031	0.05519284	2.00000000	10.00000000	0.02886146	0.00000000

Q Vehicle fuel tank capacity /0.40000000/
C Vehicle load capacity /1.50000000/
r fuel consumption rate /0.25000000/
g inverse refueling rate /1.00000000/
v average Velocity /1.00000000/
