StringID	Type	x	y	demand	ReadyTime	DueDate	ServiceTime	altitude
D0	d	0.50000000	0.50000000	0.00000000	0.00000000	10.00000000	0.00000000	0.00000000
S0	f	0.59246705	0.70310368	0.00000000	0.00000000	10.00000000	0.00000000	0.00000000
S1	f	0.46742080	0.92782237	0.00000000	0.00000000	10.00000000	0.00000000	0.00000000
S2	f	0.91034814	0.88277747	0.00000000	0.00000000	10.00000000	0.00000000	0.00000000
S3	f	0.38263622	0.58247950	0.00000000	0.00000000	10.00000000	0.00000000	0.00000000
S4	f	0.85413690	0.50635215	0.00000000	0.00000000	10.00000000	0.00000000	0.00000000
S5	f	0.19723675	0.45340699	0.00000000	0.00000000	10.00000000	0.00000000	0.00000000
C1	c	0.46075884	0.04661590	0.16795517	0.00000000	8.00000000	0.02338972	0.00000000
C2	c	0.50433325	0.09165505	0.06067936	0.10000000	8.10000000	0.01925245	0.00000000
C3	c	0.43122981	0.00145468	0.13754619	0.20000000	8.20000000	0.01301942	0.00000000
C4	c	0.43919898	0.00000000	0.03752515	0.30000000	8.30000000	0.02270037	0.00000000
C5	c	0.46783709	0.04355844	0.05979576	0.40000000	8.40000000	0.01855786	0.00000000
C6	c	0.39549260	0.04863706	0.23024385	0.50000000	8.50000000	0.02430937	0.00000000
C7	c	0.67114234	0.04897081	0.15282653	0.60000000	8.60000000	0.01154105	0.00000000
C8	c	0.67477170	0.08613287	0.25067589	0.70000000	8.70000000	0.02975953	0.00000000
C9	c	0.66001938	0.00000000	0.10619078	0.80000000	8.80000000	0.02810519	0.00000000
C10	c	0.64103017	0.00000000	0.24551348	0.90000000	8.90000000	0.01700283	0.00000000
C11	c	0.65667384	0.00000000	0.07642295	1.00000000	9.00000000	0.02557210	0.00000000
C12	c	0.66130293	0.04853507	0.24744324	1.10000000	9.10000000	0.01717909	0.00000000
C13	c	0.67578150	0.00000000	0.11946966	1.20000000	9.20000000	0.02020606	0.00000000
C14	c	0.61205535	0.01275867	0.19294099	1.30000000	9.30000000	0.02766510	0.00000000
C15	c	0.66568456	0.03692050	0.09282008	1.40000000	9.40000000	0.01006490	0.00000000
C16	c	1.00000000	0.94581499	0.18692003	1.50000000	9.50000000	0.02512367	0.00000000
C17	c	1.00000000	1.00000000	0.06917546	1.60000000	9.60000000	0.01019283	0.00000000
C18	c	1.00000000	0.98139461	0.17785472	1.70000000	9.70000000	0.02327591	0.00000000
C19	c	0.93189015	1.00000000	0.18116596	1.80000000	9.80000000	0.02281928	0.00000000
C20	c	1.00000000	0.89767404	0.06835169	1.90000000	9.90000000	0.02999252	0.00000000
C21	c	0.99450357	0.92624214	0.14248431	2.00000000	10.00000000	0.01069785	0.00000000
C22	c	0.95835653	1.00000000	0.20540157	2.00000000	10.00000000	0.02293993	0.00000000
C23	c	0.16445669	0.37093778	0.22784400	2.00000000	10.00000000	0.01042449	0.00000000
C24	c	0.17064627	0.37234974	0.12835783	2.00000000	10.00000000	0.02128143	0.00000000
C25	c	0.17696173	0.35103797	0.18141723	2.00000000	10.00000000	0.02779298	0.00000000
C26	c	0.18323515	0.27675732	0.25859743	2.00000000	10.00000000	0.01416249	0.00000000
C27	c	0.17652814	0.35884171	0.14010642	2.00000000	10.00000000	0.02665303	0.00000000
C28	c	0.12517684	0.37546997	0.13031237	2.00000000	10.00000000	0.01478153	0.00000000
C29	c	0.63637773	0.74268248	0.18279335	2.00000000	10.00000000	0.02892289	0.00000000
C30	c	0.51769639	0.73386975	0.04116857	2.00000000	10.00000000	0.01720609	0.00000000

Q Vehicle fuel tank capacity /0.40000000/
C Vehicle load capacity /1.50000000/
r fuel consumption rate /0.25000000/
g inverse refueling rate /1.00000000/
v average Velocity /1.00000000/
