StringID	Type	x	y	demand	ReadyTime	DueDate	ServiceTime	altitude
D0	d	0.50000000	0.50000000	0.00000000	0.00000000	10.00000000	0.00000000	0.00000000
S0	f	0.14279237	0.81279983	0.00000000	0.00000000	10.00000000	0.00000000	0.00000000
S1	f	0.91921119	0.29702845	0.00000000	0.00000000	10.00000000	0.00000000	0.00000000
S2	f	0.01075788	0.37496569	0.00000000	0.00000000	10.00000000	0.00000000	0.00000000
S3	f	0.84435614	0.96460602	0.00000000	0.00000000	10.00000000	0.00000000	0.00000000
S4	f	0.01051757	0.50246817	0.00000000	0.00000000	10.00000000	0.00000000	0.00000000
S5	f	0.69044584	0.80142670	0.00000000	0.00000000	10.00000000	0.00000000	0.00000000
S6	f	0.66568832	0.08867545	0.00000000	0.00000000	10.00000000	0.00000000	0.00000000
S7	f	0.67578950	0.95146217	0.00000000	0.00000000	10.00000000	0.00000000	0.00000000
S8	f	0.34307561	0.21120901	0.00000000	0.00000000	10.00000000	0.00000000	0.00000000
S9	f	0.92572209	0.49746218	0.00000000	0.00000000	10.00000000	0.00000000	0.00000000
C1	c	0.64365859	0.46106186	0.15602599	0.00000000	8.00000000	0.01535814	0.00000000
C2	c	0.71238349	0.49745180	0.02446616	0.06000000	8.06000000	0.02241686	0.00000000
C3	c	0.68041226	0.41522105	0.15986095	0.12000000	8.12000000	0.01063619	0.00000000
C4	c	0.65721600	0.42094013	0.02050903	0.18000000	8.18000000	0.01816280	0.00000000
C5	c	0.61516185	0.52388516	0.11275418	0.24000000	8.24000000	0.02833336	0.00000000
C6	c	0.72221701	0.41550794	0.12745882	0.30000000	8.30000000	0.01661409	0.00000000
C7	c	0.64539001	0.50038857	0.12027744	0.36000000	8.36000000	0.02393803	0.00000000
C8	c	0.53078329	0.59464848	0.11617439	0.42000000	8.42000000	0.01494342	0.00000000
C9	c	0.63188344	0.38886676	0.04497588	0.48000000	8.48000000	0.01585937	0.00000000
C10	c	0.66583530	0.50028002	0.14938960	0.54000000	8.54000000	0.02158835	0.00000000
C11	c	0.60094703	0.42521113	0.12163047	0.60000000	8.60000000	0.02457568	0.00000000
C12	c	0.54403309	0.24442099	0.04402032	0.66000000	8.66000000	0.02522013	0.00000000
C13	c	0.56237473	0.18389560	0.15377923	0.72000000	8.72000000	0.02432035	0.00000000
C14	c	0.48832581	0.15418161	0.12049475	0.78000000	8.78000000	0.01488444	0.00000000
C15	c	0.58084944	0.16051536	0.03583228	0.84000000	8.84000000	0.02219366	0.00000000
C16	c	0.55200005	0.17041546	0.16335860	0.90000000	8.90000000	0.01383253	0.00000000
C17	c	0.15963256	0.73778371	0.04781372	0.96000000	8.96000000	0.01204419	0.00000000
C18	c	0.09688961	0.91062224	0.09079471	1.02000000	9.02000000	0.02310738	0.00000000
C19	c	0.08535257	0.27911572	0.09467252	1.08000000	9.08000000	0.02530220	0.00000000
C20	c	0.04664724	0.23799715	0.02055095	1.14000000	9.14000000	0.02893358	0.00000000
C21	c	0.00000000	0.19628644	0.06254852	1.20000000	9.20000000	0.01599650	0.00000000
C22	c	0.08808734	0.28596982	0.02559607	1.26000000	9.26000000	0.01186097	0.00000000
C23	c	0.04481119	0.12263214	0.16708178	1.32000000	9.32000000	0.02568938	0.00000000
C24	c	0.11093505	0.15380479	0.01991132	1.38000000	9.38000000	0.02760727	0.00000000
C25	c	0.07859528	0.22562994	0.09544410	1.44000000	9.44000000	0.02223698	0.00000000
C26	c	0.10280675	1.00000000	0.03765825	1.50000000	9.50000000	0.02678899	0.00000000
C27	c	0.06386194	1.00000000	0.03625459	1.56000000	9.56000000	0.01393488	0.00000000
C28	c	0.03431094	0.94240624	0.12661072	1.62000000	9.62000000	0.02681259	0.00000000
C29	c	0.00023754	1.00000000	0.10079926	1.68000000	9.68000000	0.01406454	0.00000000
C30	c	0.02745175	0.94862161	0.06874947	1.74000000	9.74000000	0.01488567	0.00000000
C31	c	0.01612215	0.91192579	0.05317481	1.80000000	9.80000000	0.01472967	0.00000000
C32	c	0.03561215	0.95070562	0.04429394	1.86000000	9.86000000	0.02032168	0.00000000
C33	c	0.08899353	0.99499512	0.16335514	1.92000000	9.92000000	0.01520376	0.00000000
C34	c	0.01155367	1.00000000	0.15545760	1.98000000	9.98000000	0.02438813	0.00000000
C35	c	0.04260857	0.88048003	0.15545669	2.00000000	10.00000000	0.01577711	0.00000000
C36	c	0.02506072	0.99731957	0.10074795	2.00000000	10.00000000	0.01757913	0.00000000
C37	c	0.18834560	0.47912402	0.13523587	2.00000000	10.00000000	0.01519356	0.00000000
C38	c	0.20780243	0.37239183	0.02095813	2.00000000	10.00000000	0.01471989	0.00000000
C39	c	0.13917861	0.51082485	0.06877355	2.00000000	10.00000000	0.02212778	0.00000000
C40	c	0.13879698	0.43045598	0.10217467	2.00000000	10.00000000	0.01644753	0.00000000
C41	c	0.26051887	0.56728668	0.11920721	2.00000000	10.00000000	0.01249379	0.00000000
C42	c	0.25565436	0.38925571	0.14183576	2.00000000	10.00000000	0.01078897	0.00000000
C43	c	0.13973489	0.45252909	0.03960723	2.00000000	10.00000000	0.01696226	0.00000000
C44	c	0.15836141	0.39557721	0.10263180	2.00000000	10.00000000	0.02876275	0.00000000
C45	c	0.18860345	0.38959312	0.06122775	2.00000000	10.00000000	0.02036809	0.00000000
C46	c	0.15062703	0.43631083	0.03783632	2.00000000	10.00000000	0.01617590	0.00000000
C47	c	0.81258951	0.44482508	0.08591951	2.00000000	10.00000000	0.02157914	0.00000000
C48	c	0.69232772	0.39034836	0.05380267	2.00000000	10.00000000	0.01854020	0.00000000
C49	c	0.76043931	0.48627503	0.06725777	2.00000000	10.00000000	0.02941227	0.00000000
C50	c	0.68380931	0.38621040	0.12555156	2.00000000	10.00000000	0.01244153	0.00000000

Q Vehicle fuel tank capacity /0.40000000/
C Vehicle load capacity /1.50000000/
r fuel consumption rate /0.25000000/
g inverse refueling rate /1.00000000/
v average Velocity /1.00000000/
