StringID	Type	x	y	demand	ReadyTime	DueDate	ServiceTime	altitude
D0	d	0.50000000	0.50000000	0.00000000	0.00000000	10.00000000	0.00000000	0.00000000
S0	f	0.30628285	0.38630687	0.00000000	0.00000000	10.00000000	0.00000000	0.00000000
S1	f	0.19582772	0.64729133	0.00000000	0.00000000	10.00000000	0.00000000	0.00000000
S2	f	0.68618428	0.32434687	0.00000000	0.00000000	10.00000000	0.00000000	0.00000000
S3	f	0.75588157	0.31605515	0.00000000	0.00000000	10.00000000	0.00000000	0.00000000
S4	f	0.48409128	0.84330252	0.00000000	0.00000000	10.00000000	0.00000000	0.00000000
S5	f	0.97715057	0.39064469	0.00000000	0.00000000	10.00000000	0.00000000	0.00000000
S6	f	0.26740802	0.05419117	0.00000000	0.00000000	10.00000000	0.00000000	0.00000000
S7	f	0.93067881	0.03166926	0.00000000	0.00000000	10.00000000	0.00000000	0.00000000
S8	f	0.99805191	0.06051127	0.00000000	0.00000000	10.00000000	0.00000000	0.00000000
S9	f	0.88517749	0.76665983	0.00000000	0.00000000	10.00000000	0.00000000	0.00000000
C1	c	0.24456070	0.33752350	0.04441596	0.00000000	8.00000000	0.02035361	0.00000000
C2	c	0.37825555	0.40085210	0.01559905	0.06000000	8.06000000	0.01147287	0.00000000
C3	c	0.29009821	0.43125368	0.11450130	0.12000000	8.12000000	0.02846857	0.00000000
C4	c	0.24412478	0.37329483	0.12464784	0.18000000	8.18000000	0.01104701	0.00000000
C5	c	0.24261153	0.32831908	0.16923350	0.24000000	8.24000000	0.01660986	0.00000000
C6	c	0.55061668	0.07992455	0.08691636	0.30000000	8.30000000	0.02643127	0.00000000
C7	c	0.61292331	0.07472218	0.04599660	0.36000000	8.36000000	0.02845277	0.00000000
C8	c	0.57881163	0.10108430	0.06481152	0.42000000	8.42000000	0.02263981	0.00000000
C9	c	0.58433041	0.12308945	0.10957648	0.48000000	8.48000000	0.02135374	0.00000000
C10	c	0.62275295	0.03073564	0.10411594	0.54000000	8.54000000	0.01906425	0.00000000
C11	c	0.58177672	0.03905386	0.15942215	0.60000000	8.60000000	0.01696162	0.00000000
C12	c	0.61533322	0.12207361	0.08556101	0.66000000	8.66000000	0.01774530	0.00000000
C13	c	0.51390840	0.05933619	0.09470887	0.72000000	8.72000000	0.01429991	0.00000000
C14	c	0.45085595	0.20711920	0.03618203	0.78000000	8.78000000	0.02647316	0.00000000
C15	c	0.42805501	0.38493671	0.13394690	0.84000000	8.84000000	0.01025687	0.00000000
C16	c	0.43482760	0.24573345	0.04497619	0.90000000	8.90000000	0.02544998	0.00000000
C17	c	0.39043874	0.25612064	0.06897520	0.96000000	8.96000000	0.01452672	0.00000000
C18	c	0.37408693	0.31017648	0.05489783	1.02000000	9.02000000	0.01504044	0.00000000
C19	c	0.42414478	0.24486727	0.03114618	1.08000000	9.08000000	0.02468119	0.00000000
C20	c	0.30233733	0.27677969	0.16708019	1.14000000	9.14000000	0.02914146	0.00000000
C21	c	0.45561349	0.34383102	0.04329457	1.20000000	9.20000000	0.01697834	0.00000000
C22	c	0.38248919	0.20785498	0.05517952	1.26000000	9.26000000	0.02929426	0.00000000
C23	c	0.31089233	0.23490662	0.14094828	1.32000000	9.32000000	0.01615454	0.00000000
C24	c	0.31418177	0.15478581	0.05085281	1.38000000	9.38000000	0.01847893	0.00000000
C25	c	0.25470725	0.14571440	0.04601610	1.44000000	9.44000000	0.02264700	0.00000000
C26	c	0.27663633	0.27887197	0.12155725	1.50000000	9.50000000	0.02868217	0.00000000
C27	c	0.30140465	0.18885626	0.05176461	1.56000000	9.56000000	0.02253801	0.00000000
C28	c	0.27258033	0.19886587	0.06354817	1.62000000	9.62000000	0.01488220	0.00000000
C29	c	0.15035645	1.00000000	0.05295171	1.68000000	9.68000000	0.02069159	0.00000000
C30	c	0.17335249	0.90337427	0.07280994	1.74000000	9.74000000	0.01424676	0.00000000
C31	c	0.19574271	0.90993346	0.05816678	1.80000000	9.80000000	0.02328876	0.00000000
C32	c	0.21423216	1.00000000	0.11189318	1.86000000	9.86000000	0.01230267	0.00000000
C33	c	0.31147328	0.88918645	0.12148480	1.92000000	9.92000000	0.01789981	0.00000000
C34	c	0.17720438	0.95299624	0.13487175	1.98000000	9.98000000	0.02732149	0.00000000
C35	c	0.17922710	0.88711963	0.10121307	2.00000000	10.00000000	0.01267733	0.00000000
C36	c	0.25116661	0.96182029	0.03466503	2.00000000	10.00000000	0.02560043	0.00000000
C37	c	0.16042442	0.87597302	0.06980815	2.00000000	10.00000000	0.02750241	0.00000000
C38	c	0.59636295	0.68815322	0.08625717	2.00000000	10.00000000	0.02152481	0.00000000
C39	c	0.69144548	0.67504968	0.08398475	2.00000000	10.00000000	0.02479528	0.00000000
C40	c	0.52776915	0.62737633	0.18168407	2.00000000	10.00000000	0.01163046	0.00000000
C41	c	0.70499392	0.71157340	0.16528453	2.00000000	10.00000000	0.02470943	0.00000000
C42	c	0.61538427	0.71386835	0.11932509	2.00000000	10.00000000	0.02484737	0.00000000
C43	c	0.59510461	0.69520848	0.15394134	2.00000000	10.00000000	0.02768688	0.00000000
C44	c	0.34397985	0.85671297	0.08283203	2.00000000	10.00000000	0.02175487	0.00000000
C45	c	0.33411393	0.88579884	0.04043391	2.00000000	10.00000000	0.02280981	0.00000000
C46	c	0.31930595	0.90080630	0.10614776	2.00000000	10.00000000	0.01913896	0.00000000
C47	c	0.36227848	0.84156856	0.15019531	2.00000000	10.00000000	0.02799919	0.00000000
C48	c	0.33850906	0.80627676	0.10595840	2.00000000	10.00000000	0.01175255	0.00000000
C49	c	0.34547481	0.74997402	0.08808526	2.00000000	10.00000000	0.02521860	0.00000000
C50	c	0.25953019	0.87352736	0.04813357	2.00000000	10.00000000	0.02323299	0.00000000

Q Vehicle fuel tank capacity /0.40000000/
C Vehicle load capacity /1.50000000/
r fuel consumption rate /0.25000000/
g inverse refueling rate /1.00000000/
v average Velocity /1.00000000/
