StringID	Type	x	y	demand	ReadyTime	DueDate	ServiceTime	altitude
D0	d	0.50000000	0.50000000	0.00000000	0.00000000	10.00000000	0.00000000	0.00000000
S0	f	0.27558833	0.02357989	0.00000000	0.00000000	10.00000000	0.00000000	0.00000000
S1	f	0.16660153	0.47250347	0.00000000	0.00000000	10.00000000	0.00000000	0.00000000
S2	f	0.03217879	0.94001861	0.00000000	0.00000000	10.00000000	0.00000000	0.00000000
S3	f	0.07027193	0.13234998	0.00000000	0.00000000	10.00000000	0.00000000	0.00000000
S4	f	0.22085412	0.57352743	0.00000000	0.00000000	10.00000000	0.00000000	0.00000000
S5	f	0.80518033	0.55985966	0.00000000	0.00000000	10.00000000	0.00000000	0.00000000
S6	f	0.66001287	0.09381708	0.00000000	0.00000000	10.00000000	0.00000000	0.00000000
S7	f	0.13613414	0.60372242	0.00000000	0.00000000	10.00000000	0.00000000	0.00000000
S8	f	0.84859071	0.39176353	0.00000000	0.00000000	10.00000000	0.00000000	0.00000000
S9	f	0.02196758	0.04233922	0.00000000	0.00000000	10.00000000	0.00000000	0.00000000
C1	c	0.76054841	0.45289198	0.13168397	0.00000000	8.00000000	0.01821648	0.00000000
C2	c	0.87774714	0.42730071	0.05128060	0.06000000	8.06000000	0.02202568	0.00000000
C3	c	0.81905570	0.42033149	0.04246492	0.12000000	8.12000000	0.02727092	0.00000000
C4	c	0.77515184	0.51714122	0.06957508	0.18000000	8.18000000	0.01453719	0.00000000
C5	c	0.79784240	0.47492561	0.01569090	0.24000000	8.24000000	0.02033035	0.00000000
C6	c	0.86992395	0.46343585	0.16653000	0.30000000	8.30000000	0.02085467	0.00000000
C7	c	0.59410828	0.90009878	0.13177740	0.36000000	8.36000000	0.01783547	0.00000000
C8	c	0.65881313	0.74254234	0.13185350	0.42000000	8.42000000	0.01489482	0.00000000
C9	c	0.73255501	0.88418304	0.11466628	0.48000000	8.48000000	0.01164955	0.00000000
C10	c	0.26449160	1.00000000	0.05151211	0.54000000	8.54000000	0.02617207	0.00000000
C11	c	0.27825671	0.97939886	0.11041219	0.60000000	8.60000000	0.02515678	0.00000000
C12	c	0.26071777	0.98098376	0.14159894	0.66000000	8.66000000	0.01336748	0.00000000
C13	c	0.35035822	0.96626636	0.15363092	0.72000000	8.72000000	0.02009337	0.00000000
C14	c	0.28822806	1.00000000	0.04362130	0.78000000	8.78000000	0.01811695	0.00000000
C15	c	0.18884707	1.00000000	0.11038808	0.84000000	8.84000000	0.02344685	0.00000000
C16	c	0.38044438	0.42739637	0.04072647	0.90000000	8.90000000	0.01121543	0.00000000
C17	c	0.33987294	0.41689114	0.08688245	0.96000000	8.96000000	0.01628947	0.00000000
C18	c	0.29269569	0.32276351	0.11393203	1.02000000	9.02000000	0.01441149	0.00000000
C19	c	0.33460652	0.53125651	0.12501911	1.08000000	9.08000000	0.02884901	0.00000000
C20	c	0.37394742	0.33525664	0.05221034	1.14000000	9.14000000	0.02761605	0.00000000
C21	c	0.27527713	0.40934470	0.04513127	1.20000000	9.20000000	0.02344927	0.00000000
C22	c	0.35605466	0.43170819	0.09080985	1.26000000	9.26000000	0.01854766	0.00000000
C23	c	0.34658094	0.42022817	0.01418934	1.32000000	9.32000000	0.02711105	0.00000000
C24	c	0.27241138	0.99739835	0.09004606	1.38000000	9.38000000	0.02341709	0.00000000
C25	c	0.22043719	0.96375452	0.10824280	1.44000000	9.44000000	0.01442866	0.00000000
C26	c	0.20876998	0.96005977	0.04841628	1.50000000	9.50000000	0.01133355	0.00000000
C27	c	0.19461833	1.00000000	0.06676839	1.56000000	9.56000000	0.01136963	0.00000000
C28	c	0.22333116	0.99002986	0.13216237	1.62000000	9.62000000	0.02435990	0.00000000
C29	c	0.44002574	0.91310160	0.11542858	1.68000000	9.68000000	0.01277788	0.00000000
C30	c	0.40706708	0.89677618	0.01641773	1.74000000	9.74000000	0.01930761	0.00000000
C31	c	0.35681343	0.97003437	0.11740017	1.80000000	9.80000000	0.01188668	0.00000000
C32	c	0.39648310	0.95160725	0.02009885	1.86000000	9.86000000	0.01225939	0.00000000
C33	c	0.51338296	1.00000000	0.08995849	1.92000000	9.92000000	0.02989256	0.00000000
C34	c	0.51509648	0.98044885	0.06188414	1.98000000	9.98000000	0.02287203	0.00000000
C35	c	0.40744731	0.96273035	0.05150164	2.00000000	10.00000000	0.02184251	0.00000000
C36	c	0.36475632	1.00000000	0.15993182	2.00000000	10.00000000	0.02722639	0.00000000
C37	c	0.40124404	0.97940185	0.07899081	2.00000000	10.00000000	0.02353735	0.00000000
C38	c	0.44274157	0.97029422	0.01253483	2.00000000	10.00000000	0.01306516	0.00000000
C39	c	0.44971975	0.94038483	0.16275570	2.00000000	10.00000000	0.02666517	0.00000000
C40	c	0.47385176	1.00000000	0.07483672	2.00000000	10.00000000	0.02240811	0.00000000
C41	c	0.50750491	0.90964452	0.03926582	2.00000000	10.00000000	0.01806334	0.00000000
C42	c	0.43304798	1.00000000	0.15768520	2.00000000	10.00000000	0.01809823	0.00000000
C43	c	0.45301843	1.00000000	0.07933210	2.00000000	10.00000000	0.01056672	0.00000000
C44	c	0.88375498	0.02064818	0.14426452	2.00000000	10.00000000	0.02946021	0.00000000
C45	c	0.85657725	0.15348132	0.12945665	2.00000000	10.00000000	0.01297527	0.00000000
C46	c	0.81226116	0.12301162	0.03660324	2.00000000	10.00000000	0.01035698	0.00000000
C47	c	0.98744424	0.07354244	0.14629474	2.00000000	10.00000000	0.02290277	0.00000000
C48	c	0.83485347	0.09804411	0.12644361	2.00000000	10.00000000	0.02024044	0.00000000
C49	c	0.94202839	0.02919248	0.07197518	2.00000000	10.00000000	0.01880098	0.00000000
C50	c	0.90724603	0.09737769	0.12571651	2.00000000	10.00000000	0.02925839	0.00000000

Q Vehicle fuel tank capacity /0.40000000/
C Vehicle load capacity /1.50000000/
r fuel consumption rate /0.25000000/
g inverse refueling rate /1.00000000/
v average Velocity /1.00000000/
