StringID	Type	x	y	demand	ReadyTime	DueDate	ServiceTime	altitude
D0	d	0.50000000	0.50000000	0.00000000	0.00000000	10.00000000	0.00000000	0.00000000
S0	f	0.04623600	0.88062673	0.00000000	0.00000000	10.00000000	0.00000000	0.00000000
S1	f	0.80122502	0.74314991	0.00000000	0.00000000	10.00000000	0.00000000	0.00000000
S2	f	0.81858228	0.81390912	0.00000000	0.00000000	10.00000000	0.00000000	0.00000000
S3	f	0.50219331	0.06046968	0.00000000	0.00000000	10.00000000	0.00000000	0.00000000
S4	f	0.74988746	0.76705319	0.00000000	0.00000000	10.00000000	0.00000000	0.00000000
S5	f	0.89145483	0.36844381	0.00000000	0.00000000	10.00000000	0.00000000	0.00000000
C1	c	0.42923525	0.63688732	0.24802285	0.00000000	8.00000000	0.02299279	0.00000000
C2	c	0.43469225	0.59647391	0.07831848	0.10000000	8.10000000	0.01343035	0.00000000
C3	c	0.57856228	0.60624671	0.14298490	0.20000000	8.20000000	0.01495685	0.00000000
C4	c	0.46980382	0.71518859	0.16321671	0.30000000	8.30000000	0.01880618	0.00000000
C5	c	0.43405849	0.73054328	0.06013345	0.40000000	8.40000000	0.02033106	0.00000000
C6	c	0.39545140	0.69108134	0.23138534	0.50000000	8.50000000	0.02795891	0.00000000
C7	c	0.42086145	0.61385725	0.19608361	0.60000000	8.60000000	0.02738479	0.00000000
C8	c	0.40042149	0.64651707	0.05668416	0.70000000	8.70000000	0.02433781	0.00000000
C9	c	0.85117331	0.07543395	0.18888941	0.80000000	8.80000000	0.02383662	0.00000000
C10	c	0.94495223	0.06380703	0.14928485	0.90000000	8.90000000	0.01225968	0.00000000
C11	c	0.96407551	0.01435221	0.06363846	1.00000000	9.00000000	0.01754081	0.00000000
C12	c	0.94070269	0.00000000	0.03462471	1.10000000	9.10000000	0.02518233	0.00000000
C13	c	0.91086396	0.05137618	0.07347761	1.20000000	9.20000000	0.02109852	0.00000000
C14	c	0.85113406	0.06336060	0.27936552	1.30000000	9.30000000	0.02921992	0.00000000
C15	c	0.98255007	0.00000000	0.12704684	1.40000000	9.40000000	0.02598321	0.00000000
C16	c	0.64833571	0.89186153	0.17874898	1.50000000	9.50000000	0.02729317	0.00000000
C17	c	0.63332593	0.91991270	0.21454316	1.60000000	9.60000000	0.02767991	0.00000000
C18	c	0.62133522	0.89234806	0.02133886	1.70000000	9.70000000	0.01505693	0.00000000
C19	c	0.70955944	0.94399287	0.22258106	1.80000000	9.80000000	0.01761318	0.00000000
C20	c	0.64755160	0.84740842	0.24204878	1.90000000	9.90000000	0.01349993	0.00000000
C21	c	0.58724523	0.88109386	0.09276520	2.00000000	10.00000000	0.01062598	0.00000000
C22	c	0.69265425	0.93189078	0.16995247	2.00000000	10.00000000	0.01803886	0.00000000
C23	c	0.93633468	0.19326694	0.27508773	2.00000000	10.00000000	0.01366841	0.00000000
C24	c	0.89933529	0.18850674	0.24091406	2.00000000	10.00000000	0.02385550	0.00000000
C25	c	0.80831592	0.21528845	0.10329977	2.00000000	10.00000000	0.01247962	0.00000000
C26	c	0.94121683	0.21578538	0.13955590	2.00000000	10.00000000	0.02100568	0.00000000
C27	c	0.89999740	0.18325943	0.05957815	2.00000000	10.00000000	0.02499854	0.00000000
C28	c	0.04315182	0.82315923	0.24475064	2.00000000	10.00000000	0.02893155	0.00000000
C29	c	0.08804304	0.92485592	0.05071094	2.00000000	10.00000000	0.01303131	0.00000000
C30	c	0.03381515	0.83659320	0.15096739	2.00000000	10.00000000	0.01155655	0.00000000

Q Vehicle fuel tank capacity /0.40000000/
C Vehicle load capacity /1.50000000/
r fuel consumption rate /0.25000000/
g inverse refueling rate /1.00000000/
v average Velocity /1.00000000/
