StringID	Type	x	y	demand	ReadyTime	DueDate	ServiceTime	altitude
D0	d	0.50000000	0.50000000	0.00000000	0.00000000	10.00000000	0.00000000	0.00000000
S0	f	0.47046100	0.02899757	0.00000000	0.00000000	10.00000000	0.00000000	0.00000000
S1	f	0.32530981	0.52361703	0.00000000	0.00000000	10.00000000	0.00000000	0.00000000
S2	f	0.77421488	0.55927542	0.00000000	0.00000000	10.00000000	0.00000000	0.00000000
S3	f	0.84477715	0.31969332	0.00000000	0.00000000	10.00000000	0.00000000	0.00000000
S4	f	0.41270532	0.36402666	0.00000000	0.00000000	10.00000000	0.00000000	0.00000000
S5	f	0.19568159	0.07215577	0.00000000	0.00000000	10.00000000	0.00000000	0.00000000
C1	c	0.52951891	0.43859913	0.27929797	0.00000000	8.00000000	0.01424306	0.00000000
C2	c	0.46929185	0.33807920	0.08711977	0.10000000	8.10000000	0.01437973	0.00000000
C3	c	0.47521630	0.48164502	0.07571806	0.20000000	8.20000000	0.02614742	0.00000000
C4	c	0.45335094	0.48191160	0.17418652	0.30000000	8.30000000	0.01433770	0.00000000
C5	c	0.57853676	0.49868227	0.04596222	0.40000000	8.40000000	0.01773119	0.00000000
C6	c	0.55849307	0.40051731	0.16092657	0.50000000	8.50000000	0.02148187	0.00000000
C7	c	0.66362965	0.94390216	0.17168817	0.60000000	8.60000000	0.02440112	0.00000000
C8	c	0.68117703	0.91580912	0.26168085	0.70000000	8.70000000	0.01250016	0.00000000
C9	c	0.78397380	0.35250512	0.17802767	0.80000000	8.80000000	0.02205559	0.00000000
C10	c	0.69397561	0.33125296	0.09504403	0.90000000	8.90000000	0.02838271	0.00000000
C11	c	0.76015149	0.30143923	0.07772596	1.00000000	9.00000000	0.01570621	0.00000000
C12	c	0.68995606	0.39350182	0.10095385	1.10000000	9.10000000	0.01363108	0.00000000
C13	c	0.69764913	0.36949888	0.27815294	1.20000000	9.20000000	0.01394832	0.00000000
C14	c	0.64047110	0.34903262	0.17176798	1.30000000	9.30000000	0.01375403	0.00000000
C15	c	0.80672804	1.00000000	0.26394139	1.40000000	9.40000000	0.02038724	0.00000000
C16	c	0.85347425	0.90837254	0.10932630	1.50000000	9.50000000	0.02001931	0.00000000
C17	c	0.76336412	1.00000000	0.17542143	1.60000000	9.60000000	0.02934448	0.00000000
C18	c	0.83197252	0.95340668	0.16800132	1.70000000	9.70000000	0.01162391	0.00000000
C19	c	0.69073881	0.95621636	0.05269650	1.80000000	9.80000000	0.01843128	0.00000000
C20	c	0.83919455	0.87360926	0.02074035	1.90000000	9.90000000	0.02895141	0.00000000
C21	c	0.83074966	0.98066969	0.02735230	2.00000000	10.00000000	0.02740388	0.00000000
C22	c	0.78425397	0.92957896	0.05106399	2.00000000	10.00000000	0.01535074	0.00000000
C23	c	0.64600631	0.70649994	0.27960471	2.00000000	10.00000000	0.02386733	0.00000000
C24	c	0.59331786	0.65826136	0.23547743	2.00000000	10.00000000	0.02193679	0.00000000
C25	c	0.59984779	0.73713964	0.16843599	2.00000000	10.00000000	0.01230184	0.00000000
C26	c	0.51144450	0.65771998	0.28768305	2.00000000	10.00000000	0.02387426	0.00000000
C27	c	0.59182583	0.70593749	0.10367305	2.00000000	10.00000000	0.01854562	0.00000000
C28	c	0.63412577	0.71740871	0.12678556	2.00000000	10.00000000	0.02198037	0.00000000
C29	c	0.54578037	0.72441200	0.04481297	2.00000000	10.00000000	0.01642242	0.00000000
C30	c	0.47927077	0.71985236	0.22673110	2.00000000	10.00000000	0.01083663	0.00000000

Q Vehicle fuel tank capacity /0.40000000/
C Vehicle load capacity /1.50000000/
r fuel consumption rate /0.25000000/
g inverse refueling rate /1.00000000/
v average Velocity /1.00000000/
