StringID	Type	x	y	demand	ReadyTime	DueDate	ServiceTime	altitude
D0	d	0.50000000	0.50000000	0.00000000	0.00000000	10.00000000	0.00000000	0.00000000
S0	f	0.93145602	0.00426096	0.00000000	0.00000000	10.00000000	0.00000000	0.00000000
S1	f	0.24558343	0.19264002	0.00000000	0.00000000	10.00000000	0.00000000	0.00000000
S2	f	0.04135394	0.06837220	0.00000000	0.00000000	10.00000000	0.00000000	0.00000000
S3	f	0.41889577	0.87371865	0.00000000	0.00000000	10.00000000	0.00000000	0.00000000
S4	f	0.15933656	0.85047836	0.00000000	0.00000000	10.00000000	0.00000000	0.00000000
S5	f	0.27245518	0.88199891	0.00000000	0.00000000	10.00000000	0.00000000	0.00000000
C1	c	0.48695538	0.14057712	0.06923596	0.00000000	8.00000000	0.02836912	0.00000000
C2	c	0.52062292	0.27803974	0.24511229	0.10000000	8.10000000	0.02493920	0.00000000
C3	c	0.45926199	0.17705990	0.05728268	0.20000000	8.20000000	0.02717375	0.00000000
C4	c	0.52683953	0.16146420	0.15781952	0.30000000	8.30000000	0.01341347	0.00000000
C5	c	0.52008822	0.20142720	0.31199991	0.40000000	8.40000000	0.01375070	0.00000000
C6	c	0.49669586	0.23391735	0.03379851	0.50000000	8.50000000	0.01581635	0.00000000
C7	c	0.56136895	0.19720926	0.05429269	0.60000000	8.60000000	0.02194751	0.00000000
C8	c	0.49080163	0.21338856	0.15734329	0.70000000	8.70000000	0.02411395	0.00000000
C9	c	0.44381279	0.23294281	0.12111590	0.80000000	8.80000000	0.02557698	0.00000000
C10	c	0.56008072	0.69485270	0.14721183	0.90000000	8.90000000	0.02326314	0.00000000
C11	c	0.40035457	0.19595002	0.03252978	1.00000000	9.00000000	0.02579438	0.00000000
C12	c	0.38025379	0.18114118	0.26813448	1.10000000	9.10000000	0.02135552	0.00000000
C13	c	0.43654240	0.18272172	0.22171860	1.20000000	9.20000000	0.01293160	0.00000000
C14	c	0.42984706	0.19835013	0.03953876	1.30000000	9.30000000	0.01481649	0.00000000
C15	c	0.43278444	0.16176384	0.06837356	1.40000000	9.40000000	0.02966420	0.00000000
C16	c	0.03209238	0.96760001	0.24255660	1.50000000	9.50000000	0.01139638	0.00000000
C17	c	0.00000000	0.85363818	0.31047482	1.60000000	9.60000000	0.02248128	0.00000000
C18	c	0.00000000	0.92363319	0.02328010	1.70000000	9.70000000	0.01749096	0.00000000
C19	c	0.00123581	0.95099812	0.23559013	1.80000000	9.80000000	0.01064649	0.00000000
C20	c	0.00000000	0.89894170	0.28502876	1.90000000	9.90000000	0.02423487	0.00000000
C21	c	0.03432858	0.81590834	0.03478115	2.00000000	10.00000000	0.02485944	0.00000000
C22	c	0.96746402	0.71110900	0.20747410	2.00000000	10.00000000	0.01462692	0.00000000
C23	c	0.94172352	0.78171257	0.33102593	2.00000000	10.00000000	0.02132229	0.00000000
C24	c	0.78344302	0.64202758	0.17660055	2.00000000	10.00000000	0.02393756	0.00000000
C25	c	0.83470908	0.76036463	0.32825952	2.00000000	10.00000000	0.02564269	0.00000000
C26	c	0.82744700	0.71664924	0.02731419	2.00000000	10.00000000	0.02113457	0.00000000
C27	c	0.84588881	0.76864606	0.10745825	2.00000000	10.00000000	0.01097746	0.00000000
C28	c	0.83167555	0.79054537	0.05491200	2.00000000	10.00000000	0.02759467	0.00000000
C29	c	0.93212984	0.83677369	0.09571869	2.00000000	10.00000000	0.02845749	0.00000000
C30	c	0.93829017	0.62629176	0.05401744	2.00000000	10.00000000	0.01458677	0.00000000

Q Vehicle fuel tank capacity /0.40000000/
C Vehicle load capacity /1.50000000/
r fuel consumption rate /0.25000000/
g inverse refueling rate /1.00000000/
v average Velocity /1.00000000/
