StringID	Type	x	y	demand	ReadyTime	DueDate	ServiceTime	altitude
D0	d	0.50000000	0.50000000	0.00000000	0.00000000	10.00000000	0.00000000	0.00000000
S0	f	0.46833090	0.83235109	0.00000000	0.00000000	10.00000000	0.00000000	0.00000000
S1	f	0.67181735	0.07239335	0.00000000	0.00000000	10.00000000	0.00000000	0.00000000
S2	f	0.29381148	0.05796250	0.00000000	0.00000000	10.00000000	0.00000000	0.00000000
S3	f	0.74746910	0.98411602	0.00000000	0.00000000	10.00000000	0.00000000	0.00000000
S4	f	0.59134798	0.22931699	0.00000000	0.00000000	10.00000000	0.00000000	0.00000000
S5	f	0.15380554	0.89248480	0.00000000	0.00000000	10.00000000	0.00000000	0.00000000
C1	c	0.63238005	0.87942051	0.10077918	0.00000000	8.00000000	0.01344527	0.00000000
C2	c	0.62353404	0.92734830	0.12557943	0.10000000	8.10000000	0.02250716	0.00000000
C3	c	0.60487837	0.82793001	0.18377406	0.20000000	8.20000000	0.02051126	0.00000000
C4	c	0.57770256	0.95106187	0.20532974	0.30000000	8.30000000	0.02763988	0.00000000
C5	c	0.56796536	0.97473318	0.23663004	0.40000000	8.40000000	0.01663293	0.00000000
C6	c	0.62188026	1.00000000	0.24672150	0.50000000	8.50000000	0.01139846	0.00000000
C7	c	0.62418353	0.99247698	0.13690066	0.60000000	8.60000000	0.02336121	0.00000000
C8	c	0.42455867	0.87136466	0.24028076	0.70000000	8.70000000	0.02321320	0.00000000
C9	c	0.46649993	0.74821738	0.08639890	0.80000000	8.80000000	0.02242865	0.00000000
C10	c	0.39721643	0.86726348	0.24324321	0.90000000	8.90000000	0.01368245	0.00000000
C11	c	0.80250351	0.70873334	0.07339260	1.00000000	9.00000000	0.02999555	0.00000000
C12	c	0.86596313	0.74832581	0.14567833	1.10000000	9.10000000	0.01890239	0.00000000
C13	c	0.88761928	0.71696220	0.07254146	1.20000000	9.20000000	0.02031296	0.00000000
C14	c	0.87071327	0.69356570	0.19318399	1.30000000	9.30000000	0.01255024	0.00000000
C15	c	0.78398804	0.56713167	0.08172509	1.40000000	9.40000000	0.02459610	0.00000000
C16	c	0.25648125	0.24808841	0.26990475	1.50000000	9.50000000	0.01980661	0.00000000
C17	c	0.30573865	0.24578568	0.11367756	1.60000000	9.60000000	0.02260746	0.00000000
C18	c	0.17004121	0.29861825	0.05766229	1.70000000	9.70000000	0.02461456	0.00000000
C19	c	0.27489749	0.32108132	0.23707397	1.80000000	9.80000000	0.02731591	0.00000000
C20	c	0.78363519	0.89469770	0.18620952	1.90000000	9.90000000	0.02174757	0.00000000
C21	c	0.82970474	0.89769938	0.06964131	2.00000000	10.00000000	0.02076002	0.00000000
C22	c	0.76679912	0.79853468	0.25078267	2.00000000	10.00000000	0.02648838	0.00000000
C23	c	0.81772948	0.91575600	0.05413105	2.00000000	10.00000000	0.02749393	0.00000000
C24	c	0.75909326	0.92703439	0.02826309	2.00000000	10.00000000	0.01460704	0.00000000
C25	c	0.82083122	0.89389165	0.07205935	2.00000000	10.00000000	0.02556450	0.00000000
C26	c	0.83081707	0.82852225	0.22987768	2.00000000	10.00000000	0.01531566	0.00000000
C27	c	0.81002239	0.95085911	0.28141589	2.00000000	10.00000000	0.01480444	0.00000000
C28	c	0.96836634	0.95925396	0.06497063	2.00000000	10.00000000	0.02292844	0.00000000
C29	c	0.78326566	0.95448745	0.09414315	2.00000000	10.00000000	0.01482154	0.00000000
C30	c	0.68756346	0.92066011	0.11802815	2.00000000	10.00000000	0.02898306	0.00000000

Q Vehicle fuel tank capacity /0.40000000/
C Vehicle load capacity /1.50000000/
r fuel consumption rate /0.25000000/
g inverse refueling rate /1.00000000/
v average Velocity /1.00000000/
