StringID	Type	x	y	demand	ReadyTime	DueDate	ServiceTime	altitude
D0	d	0.50000000	0.50000000	0.00000000	0.00000000	10.00000000	0.00000000	0.00000000
S0	f	0.48834428	0.85638691	0.00000000	0.00000000	10.00000000	0.00000000	0.00000000
S1	f	0.90834045	0.34484611	0.00000000	0.00000000	10.00000000	0.00000000	0.00000000
S2	f	0.70553381	0.43249486	0.00000000	0.00000000	10.00000000	0.00000000	0.00000000
S3	f	0.20415370	0.65758519	0.00000000	0.00000000	10.00000000	0.00000000	0.00000000
S4	f	0.25334722	0.80363199	0.00000000	0.00000000	10.00000000	0.00000000	0.00000000
S5	f	0.46139675	0.40014632	0.00000000	0.00000000	10.00000000	0.00000000	0.00000000
S6	f	0.94545847	0.77382070	0.00000000	0.00000000	10.00000000	0.00000000	0.00000000
S7	f	0.12129311	0.49970897	0.00000000	0.00000000	10.00000000	0.00000000	0.00000000
S8	f	0.26880210	0.27740269	0.00000000	0.00000000	10.00000000	0.00000000	0.00000000
S9	f	0.30973955	0.24641953	0.00000000	0.00000000	10.00000000	0.00000000	0.00000000
C1	c	0.27524022	1.00000000	0.14968740	0.00000000	8.00000000	0.02992081	0.00000000
C2	c	0.29505322	1.00000000	0.02461344	0.06000000	8.06000000	0.02141734	0.00000000
C3	c	0.30689769	0.97601676	0.14219084	0.12000000	8.12000000	0.02717394	0.00000000
C4	c	0.19849829	0.99986766	0.11374268	0.18000000	8.18000000	0.01858521	0.00000000
C5	c	0.21398317	0.96007112	0.04822031	0.24000000	8.24000000	0.02080733	0.00000000
C6	c	0.26910580	1.00000000	0.02631937	0.30000000	8.30000000	0.02434745	0.00000000
C7	c	0.32372539	0.90888549	0.02488190	0.36000000	8.36000000	0.01730101	0.00000000
C8	c	0.24745884	1.00000000	0.10743127	0.42000000	8.42000000	0.02804498	0.00000000
C9	c	0.21858905	0.97050857	0.08923557	0.48000000	8.48000000	0.01177527	0.00000000
C10	c	0.32982734	1.00000000	0.05422786	0.54000000	8.54000000	0.02222685	0.00000000
C11	c	0.30788679	0.98656066	0.15817545	0.60000000	8.60000000	0.01675167	0.00000000
C12	c	0.64160558	0.68774435	0.08559003	0.66000000	8.66000000	0.01454655	0.00000000
C13	c	0.67295740	0.67435897	0.08291859	0.72000000	8.72000000	0.01586466	0.00000000
C14	c	0.57366675	0.68026062	0.15594165	0.78000000	8.78000000	0.01517504	0.00000000
C15	c	0.61233933	0.68556016	0.11761790	0.84000000	8.84000000	0.01191965	0.00000000
C16	c	0.65339418	0.70558590	0.04159345	0.90000000	8.90000000	0.01138479	0.00000000
C17	c	0.69822188	0.57107599	0.03054129	0.96000000	8.96000000	0.01019235	0.00000000
C18	c	0.64141388	0.54599242	0.03227593	1.02000000	9.02000000	0.01102081	0.00000000
C19	c	0.56093831	0.54878706	0.02823814	1.08000000	9.08000000	0.02245412	0.00000000
C20	c	0.50872452	0.52716413	0.13018141	1.14000000	9.14000000	0.02614996	0.00000000
C21	c	0.54454109	0.53417322	0.02630799	1.20000000	9.20000000	0.02134969	0.00000000
C22	c	0.62148506	0.51824291	0.01706586	1.26000000	9.26000000	0.02554459	0.00000000
C23	c	0.56685125	0.55297549	0.03449243	1.32000000	9.32000000	0.01949534	0.00000000
C24	c	0.52970188	0.64479665	0.11013263	1.38000000	9.38000000	0.01908326	0.00000000
C25	c	0.50424365	0.92290173	0.13816142	1.44000000	9.44000000	0.01748858	0.00000000
C26	c	0.42394548	0.87309398	0.08013165	1.50000000	9.50000000	0.02015907	0.00000000
C27	c	0.47105620	0.89634504	0.13367589	1.56000000	9.56000000	0.01458966	0.00000000
C28	c	0.46431945	0.88863141	0.12079026	1.62000000	9.62000000	0.01726651	0.00000000
C29	c	0.53635977	0.95473590	0.15472300	1.68000000	9.68000000	0.02363964	0.00000000
C30	c	0.45111880	0.80442622	0.15217857	1.74000000	9.74000000	0.02634500	0.00000000
C31	c	0.55949707	0.85732402	0.09185892	1.80000000	9.80000000	0.01730624	0.00000000
C32	c	0.48396511	0.91571314	0.05010569	1.86000000	9.86000000	0.02951340	0.00000000
C33	c	0.60991509	0.99263781	0.09807985	1.92000000	9.92000000	0.02938768	0.00000000
C34	c	0.53125633	0.91085223	0.08317590	1.98000000	9.98000000	0.01627803	0.00000000
C35	c	0.60660997	1.00000000	0.11057524	2.00000000	10.00000000	0.02058338	0.00000000
C36	c	0.35322589	0.70516944	0.11649312	2.00000000	10.00000000	0.01416421	0.00000000
C37	c	0.33562832	0.89797529	0.08196768	2.00000000	10.00000000	0.01262417	0.00000000
C38	c	0.46276077	0.77746749	0.14949491	2.00000000	10.00000000	0.01284003	0.00000000
C39	c	0.38247553	0.87772000	0.01998850	2.00000000	10.00000000	0.02145198	0.00000000
C40	c	0.39461297	0.78632955	0.10505037	2.00000000	10.00000000	0.01917641	0.00000000
C41	c	0.38492158	0.70129076	0.09471906	2.00000000	10.00000000	0.01415303	0.00000000
C42	c	0.41061594	0.84088526	0.13748899	2.00000000	10.00000000	0.02270685	0.00000000
C43	c	0.36186774	0.74081883	0.11895943	2.00000000	10.00000000	0.01095054	0.00000000
C44	c	0.27240163	0.92012671	0.08597433	2.00000000	10.00000000	0.02825835	0.00000000
C45	c	0.32228707	0.80219692	0.10014680	2.00000000	10.00000000	0.01223549	0.00000000
C46	c	0.39756875	0.79961592	0.07788199	2.00000000	10.00000000	0.02975365	0.00000000
C47	c	0.37773842	0.73653264	0.15557395	2.00000000	10.00000000	0.02010587	0.00000000
C48	c	0.35838362	0.77163773	0.04392283	2.00000000	10.00000000	0.01640239	0.00000000
C49	c	0.25899103	0.85205449	0.14057331	2.00000000	10.00000000	0.01354156	0.00000000
C50	c	0.27877026	0.83992436	0.02668497	2.00000000	10.00000000	0.02550676	0.00000000

Q Vehicle fuel tank capacity /0.40000000/
C Vehicle load capacity /1.50000000/
r fuel consumption rate /0.25000000/
g inverse refueling rate /1.00000000/
v average Velocity /1.00000000/
