StringID	Type	x	y	demand	ReadyTime	DueDate	ServiceTime	altitude
D0	d	0.50000000	0.50000000	0.00000000	0.00000000	10.00000000	0.00000000	0.00000000
S0	f	0.26361824	0.54764177	0.00000000	0.00000000	10.00000000	0.00000000	0.00000000
S1	f	0.14201375	0.05663418	0.00000000	0.00000000	10.00000000	0.00000000	0.00000000
S2	f	0.39918050	0.99704268	0.00000000	0.00000000	10.00000000	0.00000000	0.00000000
S3	f	0.14932202	0.22270946	0.00000000	0.00000000	10.00000000	0.00000000	0.00000000
S4	f	0.24578123	0.91262957	0.00000000	0.00000000	10.00000000	0.00000000	0.00000000
S5	f	0.95196216	0.02006772	0.00000000	0.00000000	10.00000000	0.00000000	0.00000000
C1	c	0.57441911	0.48031707	0.23819995	0.00000000	8.00000000	0.02477274	0.00000000
C2	c	0.63717430	0.40330541	0.06663210	0.10000000	8.10000000	0.01844405	0.00000000
C3	c	0.64026016	0.36931392	0.24870975	0.20000000	8.20000000	0.01704962	0.00000000
C4	c	0.60213673	0.38178346	0.12473161	0.30000000	8.30000000	0.02292328	0.00000000
C5	c	0.82173092	0.58680383	0.14191578	0.40000000	8.40000000	0.02888659	0.00000000
C6	c	0.85148967	0.73251131	0.04724083	0.50000000	8.50000000	0.02498319	0.00000000
C7	c	0.87691867	0.57331469	0.16135259	0.60000000	8.60000000	0.02322959	0.00000000
C8	c	0.47803652	0.07198538	0.09925770	0.70000000	8.70000000	0.02122835	0.00000000
C9	c	0.38884877	0.02783454	0.14386029	0.80000000	8.80000000	0.01035290	0.00000000
C10	c	0.39021827	0.13580254	0.07261405	0.90000000	8.90000000	0.01157021	0.00000000
C11	c	0.41322717	0.09221725	0.27918482	1.00000000	9.00000000	0.02927271	0.00000000
C12	c	0.37264498	0.12407943	0.25497926	1.10000000	9.10000000	0.01131530	0.00000000
C13	c	0.48208496	0.13260646	0.16569415	1.20000000	9.20000000	0.02575342	0.00000000
C14	c	0.42557862	0.12493042	0.12845468	1.30000000	9.30000000	0.02280219	0.00000000
C15	c	0.73209569	0.11535435	0.08855671	1.40000000	9.40000000	0.02373845	0.00000000
C16	c	0.75007081	0.12964462	0.02820109	1.50000000	9.50000000	0.02586024	0.00000000
C17	c	0.74397271	0.11631886	0.27379866	1.60000000	9.60000000	0.01802307	0.00000000
C18	c	0.84153666	0.06124508	0.19429048	1.70000000	9.70000000	0.02774114	0.00000000
C19	c	0.58229038	0.09905702	0.22169574	1.80000000	9.80000000	0.01518450	0.00000000
C20	c	0.77970280	0.06506041	0.23367646	1.90000000	9.90000000	0.01357851	0.00000000
C21	c	0.76590591	0.02381320	0.10456826	2.00000000	10.00000000	0.01312446	0.00000000
C22	c	0.67312422	0.05755385	0.19510051	2.00000000	10.00000000	0.01490848	0.00000000
C23	c	0.75051001	0.02572973	0.13313918	2.00000000	10.00000000	0.01893681	0.00000000
C24	c	0.74569885	0.02596803	0.07163310	2.00000000	10.00000000	0.01979530	0.00000000
C25	c	0.70961493	0.10646231	0.07739678	2.00000000	10.00000000	0.02450276	0.00000000
C26	c	0.72872816	0.05115363	0.04286898	2.00000000	10.00000000	0.02705645	0.00000000
C27	c	0.70135153	0.08048964	0.21143509	2.00000000	10.00000000	0.02268179	0.00000000
C28	c	0.30855773	0.53531512	0.20771583	2.00000000	10.00000000	0.01270305	0.00000000
C29	c	0.17694729	0.53300286	0.08218378	2.00000000	10.00000000	0.02412336	0.00000000
C30	c	0.31149111	0.61299612	0.16091182	2.00000000	10.00000000	0.02526767	0.00000000

Q Vehicle fuel tank capacity /0.40000000/
C Vehicle load capacity /1.50000000/
r fuel consumption rate /0.25000000/
g inverse refueling rate /1.00000000/
v average Velocity /1.00000000/
