StringID	Type	x	y	demand	ReadyTime	DueDate	ServiceTime	altitude
D0	d	0.50000000	0.50000000	0.00000000	0.00000000	10.00000000	0.00000000	0.00000000
S0	f	0.85703876	0.64024748	0.00000000	0.00000000	10.00000000	0.00000000	0.00000000
S1	f	0.68439820	0.89607561	0.00000000	0.00000000	10.00000000	0.00000000	0.00000000
S2	f	0.00282604	0.88947457	0.00000000	0.00000000	10.00000000	0.00000000	0.00000000
S3	f	0.27761782	0.63953841	0.00000000	0.00000000	10.00000000	0.00000000	0.00000000
S4	f	0.29203305	0.76915398	0.00000000	0.00000000	10.00000000	0.00000000	0.00000000
S5	f	0.54267759	0.96803584	0.00000000	0.00000000	10.00000000	0.00000000	0.00000000
S6	f	0.73229946	0.21722756	0.00000000	0.00000000	10.00000000	0.00000000	0.00000000
S7	f	0.45859400	0.00811649	0.00000000	0.00000000	10.00000000	0.00000000	0.00000000
S8	f	0.80998673	0.20034301	0.00000000	0.00000000	10.00000000	0.00000000	0.00000000
S9	f	0.42342513	0.88746826	0.00000000	0.00000000	10.00000000	0.00000000	0.00000000
C1	c	0.83369159	0.68583745	0.15018151	0.00000000	8.00000000	0.02501104	0.00000000
C2	c	0.84547604	0.47440319	0.02376790	0.06000000	8.06000000	0.02770167	0.00000000
C3	c	0.75126670	0.40476833	0.11317289	0.12000000	8.12000000	0.01921594	0.00000000
C4	c	0.83390857	0.40497143	0.08496183	0.18000000	8.18000000	0.01681429	0.00000000
C5	c	0.80364212	0.37911533	0.12203103	0.24000000	8.24000000	0.02652688	0.00000000
C6	c	0.73910179	0.40600879	0.14369751	0.30000000	8.30000000	0.01726974	0.00000000
C7	c	0.82516594	0.44423669	0.14701469	0.36000000	8.36000000	0.01586687	0.00000000
C8	c	0.74286203	0.43384154	0.05968340	0.42000000	8.42000000	0.01046825	0.00000000
C9	c	0.76441654	0.41833918	0.18020765	0.48000000	8.48000000	0.01718423	0.00000000
C10	c	0.74946733	0.42400618	0.10641492	0.54000000	8.54000000	0.02247672	0.00000000
C11	c	0.81838334	0.43004586	0.05542856	0.60000000	8.60000000	0.02287434	0.00000000
C12	c	0.85245190	0.33338895	0.07470944	0.66000000	8.66000000	0.02975127	0.00000000
C13	c	0.63890579	0.98328884	0.02649163	0.72000000	8.72000000	0.01072241	0.00000000
C14	c	0.74647919	0.95343232	0.11801397	0.78000000	8.78000000	0.01643503	0.00000000
C15	c	0.67729611	0.94709722	0.09001745	0.84000000	8.84000000	0.02488090	0.00000000
C16	c	0.69368287	0.85222097	0.02490760	0.90000000	8.90000000	0.02518403	0.00000000
C17	c	0.68031833	0.79663817	0.06064184	0.96000000	8.96000000	0.01135610	0.00000000
C18	c	0.74359412	0.95410285	0.11260142	1.02000000	9.02000000	0.02620051	0.00000000
C19	c	0.67260557	0.38853668	0.04009553	1.08000000	9.08000000	0.01015389	0.00000000
C20	c	0.74820118	0.51219740	0.09306855	1.14000000	9.14000000	0.01989934	0.00000000
C21	c	0.74151455	0.37373177	0.03531743	1.20000000	9.20000000	0.01388655	0.00000000
C22	c	0.70500142	0.52698895	0.09737020	1.26000000	9.26000000	0.01471229	0.00000000
C23	c	0.65635981	0.43390096	0.17576886	1.32000000	9.32000000	0.01447037	0.00000000
C24	c	0.64969764	0.43981347	0.05066761	1.38000000	9.38000000	0.02109719	0.00000000
C25	c	0.73578991	0.52294541	0.06168616	1.44000000	9.44000000	0.02036826	0.00000000
C26	c	0.74788283	0.37823359	0.07473609	1.50000000	9.50000000	0.01827090	0.00000000
C27	c	0.73109946	0.41531356	0.15898121	1.56000000	9.56000000	0.02852306	0.00000000
C28	c	0.16611748	0.87562689	0.09290947	1.62000000	9.62000000	0.02599811	0.00000000
C29	c	0.11367091	0.89606701	0.07414498	1.68000000	9.68000000	0.02318026	0.00000000
C30	c	0.20657029	0.93453600	0.05391456	1.74000000	9.74000000	0.02069053	0.00000000
C31	c	0.09223061	0.93142658	0.07822693	1.80000000	9.80000000	0.01106390	0.00000000
C32	c	0.11811794	0.97855759	0.11272838	1.86000000	9.86000000	0.01831539	0.00000000
C33	c	0.03161726	0.99136051	0.04324858	1.92000000	9.92000000	0.01991426	0.00000000
C34	c	0.25832519	0.45926910	0.17241477	1.98000000	9.98000000	0.02250289	0.00000000
C35	c	0.20738024	0.48845083	0.08817930	2.00000000	10.00000000	0.01899841	0.00000000
C36	c	0.32411531	0.41389234	0.09441340	2.00000000	10.00000000	0.01968937	0.00000000
C37	c	0.28639421	0.40545168	0.01301070	2.00000000	10.00000000	0.02607124	0.00000000
C38	c	0.16770932	0.39299245	0.12994155	2.00000000	10.00000000	0.01233868	0.00000000
C39	c	0.20586705	0.46038565	0.13888148	2.00000000	10.00000000	0.01963721	0.00000000
C40	c	0.18004731	0.42610970	0.13466661	2.00000000	10.00000000	0.01518414	0.00000000
C41	c	0.14815048	0.36521480	0.10927391	2.00000000	10.00000000	0.02135099	0.00000000
C42	c	0.22656323	0.32783291	0.10828266	2.00000000	10.00000000	0.01912402	0.00000000
C43	c	0.23589924	0.41301783	0.03176883	2.00000000	10.00000000	0.01816570	0.00000000
C44	c	0.43931841	0.69693728	0.05094867	2.00000000	10.00000000	0.01236644	0.00000000
C45	c	0.39889226	0.64588192	0.04777813	2.00000000	10.00000000	0.02829480	0.00000000
C46	c	0.40879428	0.69573917	0.03740095	2.00000000	10.00000000	0.01848289	0.00000000
C47	c	0.39716803	0.59319364	0.08661431	2.00000000	10.00000000	0.01416509	0.00000000
C48	c	0.42273543	0.59511345	0.02984480	2.00000000	10.00000000	0.01203854	0.00000000
C49	c	0.52326102	0.69297756	0.12236386	2.00000000	10.00000000	0.01706247	0.00000000
C50	c	0.33884815	0.72143183	0.16740631	2.00000000	10.00000000	0.01622698	0.00000000

Q Vehicle fuel tank capacity /0.40000000/
C Vehicle load capacity /1.50000000/
r fuel consumption rate /0.25000000/
g inverse refueling rate /1.00000000/
v average Velocity /1.00000000/
