StringID	Type	x	y	demand	ReadyTime	DueDate	ServiceTime	altitude
D0	d	0.50000000	0.50000000	0.00000000	0.00000000	10.00000000	0.00000000	0.00000000
S0	f	0.58859357	0.98183454	0.00000000	0.00000000	10.00000000	0.00000000	0.00000000
S1	f	0.38738857	0.91405189	0.00000000	0.00000000	10.00000000	0.00000000	0.00000000
S2	f	0.90904644	0.38280920	0.00000000	0.00000000	10.00000000	0.00000000	0.00000000
S3	f	0.33014195	0.12037636	0.00000000	0.00000000	10.00000000	0.00000000	0.00000000
S4	f	0.67108999	0.73810443	0.00000000	0.00000000	10.00000000	0.00000000	0.00000000
S5	f	0.65747118	0.48330176	0.00000000	0.00000000	10.00000000	0.00000000	0.00000000
S6	f	0.59856375	0.20355684	0.00000000	0.00000000	10.00000000	0.00000000	0.00000000
S7	f	0.25449195	0.81274223	0.00000000	0.00000000	10.00000000	0.00000000	0.00000000
S8	f	0.54652666	0.22393663	0.00000000	0.00000000	10.00000000	0.00000000	0.00000000
S9	f	0.29185939	0.46965759	0.00000000	0.00000000	10.00000000	0.00000000	0.00000000
C1	c	0.95012030	0.39198180	0.06496901	0.00000000	8.00000000	0.02491670	0.00000000
C2	c	0.89320355	0.34354517	0.14570360	0.06000000	8.06000000	0.01973542	0.00000000
C3	c	0.89648699	0.23781400	0.12851630	0.12000000	8.12000000	0.02750069	0.00000000
C4	c	0.97169380	0.29489215	0.09446525	0.18000000	8.18000000	0.02561733	0.00000000
C5	c	0.91339751	0.18619357	0.11616387	0.24000000	8.24000000	0.02691614	0.00000000
C6	c	0.95157468	0.22036133	0.04571762	0.30000000	8.30000000	0.01795847	0.00000000
C7	c	0.75000861	0.63983829	0.12238192	0.36000000	8.36000000	0.02219129	0.00000000
C8	c	0.79654335	0.66523560	0.13103259	0.42000000	8.42000000	0.02319581	0.00000000
C9	c	0.82958569	0.69492745	0.04877366	0.48000000	8.48000000	0.01286758	0.00000000
C10	c	0.77911084	0.75213144	0.06579694	0.54000000	8.54000000	0.02350171	0.00000000
C11	c	0.66528930	0.79340358	0.09580252	0.60000000	8.60000000	0.01087431	0.00000000
C12	c	0.75418102	0.76446324	0.07520693	0.66000000	8.66000000	0.01555615	0.00000000
C13	c	0.74018278	0.70532174	0.07638123	0.72000000	8.72000000	0.01647985	0.00000000
C14	c	0.75116115	0.68165924	0.07593517	0.78000000	8.78000000	0.01816818	0.00000000
C15	c	0.67253141	0.62386222	0.04672594	0.84000000	8.84000000	0.02579985	0.00000000
C16	c	0.66144881	0.65970340	0.11965958	0.90000000	8.90000000	0.02637675	0.00000000
C17	c	0.71701142	0.66229658	0.13573993	0.96000000	8.96000000	0.02711131	0.00000000
C18	c	0.77886361	0.94655947	0.03371758	1.02000000	9.02000000	0.01715564	0.00000000
C19	c	0.83379015	0.77608488	0.02102989	1.08000000	9.08000000	0.01071333	0.00000000
C20	c	0.85910166	0.80495424	0.08136608	1.14000000	9.14000000	0.02012815	0.00000000
C21	c	0.94937430	0.80975291	0.15529271	1.20000000	9.20000000	0.02283721	0.00000000
C22	c	0.89523265	0.89397900	0.11306470	1.26000000	9.26000000	0.02412180	0.00000000
C23	c	0.91862872	0.85818322	0.09775902	1.32000000	9.32000000	0.02368321	0.00000000
C24	c	0.85809969	0.81921105	0.03581833	1.38000000	9.38000000	0.02927585	0.00000000
C25	c	0.92046710	0.71846659	0.08912137	1.44000000	9.44000000	0.02222908	0.00000000
C26	c	0.85995040	0.88115644	0.07855709	1.50000000	9.50000000	0.02338967	0.00000000
C27	c	0.82632020	0.90649708	0.07354650	1.56000000	9.56000000	0.02830068	0.00000000
C28	c	0.93236777	0.80255439	0.03104603	1.62000000	9.62000000	0.02852993	0.00000000
C29	c	0.94564896	0.81269068	0.05784913	1.68000000	9.68000000	0.01641162	0.00000000
C30	c	1.00000000	0.79126670	0.09458766	1.74000000	9.74000000	0.02468253	0.00000000
C31	c	1.00000000	0.69131164	0.03329732	1.80000000	9.80000000	0.02805575	0.00000000
C32	c	0.99594213	0.79227351	0.08907066	1.86000000	9.86000000	0.01187019	0.00000000
C33	c	0.82660987	0.86643336	0.14193907	1.92000000	9.92000000	0.01998037	0.00000000
C34	c	0.77358690	0.92865146	0.11088417	1.98000000	9.98000000	0.02587706	0.00000000
C35	c	0.78948791	0.88577313	0.15269721	2.00000000	10.00000000	0.01676918	0.00000000
C36	c	0.81348772	0.83732263	0.14891473	2.00000000	10.00000000	0.01467671	0.00000000
C37	c	0.78652484	0.91754095	0.09585053	2.00000000	10.00000000	0.01191420	0.00000000
C38	c	0.78083328	0.89592894	0.10048737	2.00000000	10.00000000	0.01183315	0.00000000
C39	c	0.83243667	0.96989990	0.09296893	2.00000000	10.00000000	0.01650227	0.00000000
C40	c	0.02073247	0.64065458	0.07722948	2.00000000	10.00000000	0.02491480	0.00000000
C41	c	0.02677656	0.54291660	0.08940716	2.00000000	10.00000000	0.02991861	0.00000000
C42	c	0.03252131	0.63573516	0.03400621	2.00000000	10.00000000	0.02731653	0.00000000
C43	c	0.00000000	0.63319601	0.11773291	2.00000000	10.00000000	0.01725087	0.00000000
C44	c	0.02245274	0.58469581	0.04569179	2.00000000	10.00000000	0.01916434	0.00000000
C45	c	0.00000000	0.67544532	0.12961043	2.00000000	10.00000000	0.01769326	0.00000000
C46	c	0.56935689	0.94101211	0.09926468	2.00000000	10.00000000	0.01151657	0.00000000
C47	c	0.61883194	0.90304039	0.14850737	2.00000000	10.00000000	0.02959683	0.00000000
C48	c	0.63308518	0.98698783	0.02935588	2.00000000	10.00000000	0.01926961	0.00000000
C49	c	0.55292519	1.00000000	0.09564242	2.00000000	10.00000000	0.02462873	0.00000000
C50	c	0.62448801	0.93573423	0.11571356	2.00000000	10.00000000	0.01415922	0.00000000

Q Vehicle fuel tank capacity /0.40000000/
C Vehicle load capacity /1.50000000/
r fuel consumption rate /0.25000000/
g inverse refueling rate /1.00000000/
v average Velocity /1.00000000/
