StringID	Type	x	y	demand	ReadyTime	DueDate	ServiceTime	altitude
D0	d	0.50000000	0.50000000	0.00000000	0.00000000	10.00000000	0.00000000	0.00000000
S0	f	0.36043019	0.06136458	0.00000000	0.00000000	10.00000000	0.00000000	0.00000000
S1	f	0.22537427	0.59764349	0.00000000	0.00000000	10.00000000	0.00000000	0.00000000
S2	f	0.28483578	0.99218193	0.00000000	0.00000000	10.00000000	0.00000000	0.00000000
S3	f	0.91043684	0.63334641	0.00000000	0.00000000	10.00000000	0.00000000	0.00000000
S4	f	0.41754157	0.37400265	0.00000000	0.00000000	10.00000000	0.00000000	0.00000000
S5	f	0.49267657	0.28086922	0.00000000	0.00000000	10.00000000	0.00000000	0.00000000
C1	c	0.59768048	0.52824017	0.06183554	0.00000000	8.00000000	0.01181034	0.00000000
C2	c	0.59884424	0.49944412	0.29133097	0.10000000	8.10000000	0.02794981	0.00000000
C3	c	0.60314137	0.51894345	0.28874342	0.20000000	8.20000000	0.01731645	0.00000000
C4	c	0.73558013	0.50028213	0.25175253	0.30000000	8.30000000	0.01664029	0.00000000
C5	c	0.67403236	0.56325680	0.05140383	0.40000000	8.40000000	0.01797034	0.00000000
C6	c	0.00000000	0.01323130	0.12591375	0.50000000	8.50000000	0.01434031	0.00000000
C7	c	0.00000000	0.04169037	0.09149508	0.60000000	8.60000000	0.02668003	0.00000000
C8	c	0.00000000	0.05386548	0.04660267	0.70000000	8.70000000	0.02590913	0.00000000
C9	c	0.00000000	0.00000000	0.26780888	0.80000000	8.80000000	0.02736141	0.00000000
C10	c	0.00000000	0.00000000	0.06842468	0.90000000	8.90000000	0.02416176	0.00000000
C11	c	0.95734413	0.92426912	0.29532501	1.00000000	9.00000000	0.01646320	0.00000000
C12	c	0.97610473	0.92581660	0.12927171	1.10000000	9.10000000	0.02588803	0.00000000
C13	c	0.90196045	0.94191212	0.04545793	1.20000000	9.20000000	0.01971936	0.00000000
C14	c	0.91796306	0.86902491	0.17914567	1.30000000	9.30000000	0.01801969	0.00000000
C15	c	0.00000000	0.37785104	0.10018440	1.40000000	9.40000000	0.01381247	0.00000000
C16	c	0.00000000	0.33909760	0.16536052	1.50000000	9.50000000	0.01487114	0.00000000
C17	c	0.00000000	0.41367106	0.08810266	1.60000000	9.60000000	0.02312760	0.00000000
C18	c	0.03529633	0.31195375	0.27649151	1.70000000	9.70000000	0.02009173	0.00000000
C19	c	0.08010126	0.31524293	0.34546990	1.80000000	9.80000000	0.02862132	0.00000000
C20	c	0.00361437	0.44038146	0.04136488	1.90000000	9.90000000	0.02933255	0.00000000
C21	c	0.08531630	0.34083861	0.27472189	2.00000000	10.00000000	0.02595211	0.00000000
C22	c	0.00000000	0.49512339	0.18201433	2.00000000	10.00000000	0.02412283	0.00000000
C23	c	0.00000000	0.34214486	0.03730472	2.00000000	10.00000000	0.02300145	0.00000000
C24	c	0.01717893	0.31421143	0.20239463	2.00000000	10.00000000	0.01842893	0.00000000
C25	c	0.18923356	0.93395552	0.03127975	2.00000000	10.00000000	0.02728166	0.00000000
C26	c	0.08644269	0.91023159	0.05079270	2.00000000	10.00000000	0.02064003	0.00000000
C27	c	0.11797118	0.91149958	0.05089861	2.00000000	10.00000000	0.02159024	0.00000000
C28	c	0.19405230	0.88113688	0.30328135	2.00000000	10.00000000	0.01789148	0.00000000
C29	c	0.20721888	1.00000000	0.05931687	2.00000000	10.00000000	0.01494088	0.00000000
C30	c	0.22850580	0.89947135	0.09650958	2.00000000	10.00000000	0.02785548	0.00000000

Q Vehicle fuel tank capacity /0.40000000/
C Vehicle load capacity /1.50000000/
r fuel consumption rate /0.25000000/
g inverse refueling rate /1.00000000/
v average Velocity /1.00000000/
