StringID	Type	x	y	demand	ReadyTime	DueDate	ServiceTime	altitude
D0	d	0.50000000	0.50000000	0.00000000	0.00000000	10.00000000	0.00000000	0.00000000
S0	f	0.27242417	0.82318853	0.00000000	0.00000000	10.00000000	0.00000000	0.00000000
S1	f	0.73387853	0.84784578	0.00000000	0.00000000	10.00000000	0.00000000	0.00000000
S2	f	0.92797291	0.26033799	0.00000000	0.00000000	10.00000000	0.00000000	0.00000000
S3	f	0.87483476	0.92706176	0.00000000	0.00000000	10.00000000	0.00000000	0.00000000
S4	f	0.04762685	0.46423389	0.00000000	0.00000000	10.00000000	0.00000000	0.00000000
S5	f	0.40812544	0.54569367	0.00000000	0.00000000	10.00000000	0.00000000	0.00000000
S6	f	0.76717969	0.05650420	0.00000000	0.00000000	10.00000000	0.00000000	0.00000000
S7	f	0.79073386	0.44751178	0.00000000	0.00000000	10.00000000	0.00000000	0.00000000
S8	f	0.11322959	0.97924170	0.00000000	0.00000000	10.00000000	0.00000000	0.00000000
S9	f	0.29221824	0.63722887	0.00000000	0.00000000	10.00000000	0.00000000	0.00000000
C1	c	0.69476088	0.97756015	0.09988072	0.00000000	8.00000000	0.02077722	0.00000000
C2	c	0.70739801	0.93388058	0.04035198	0.06000000	8.06000000	0.01403208	0.00000000
C3	c	0.74407323	0.89216315	0.14911683	0.12000000	8.12000000	0.02878114	0.00000000
C4	c	0.74143785	0.92317364	0.17923642	0.18000000	8.18000000	0.02618621	0.00000000
C5	c	0.69358301	0.95318794	0.12661765	0.24000000	8.24000000	0.02127990	0.00000000
C6	c	0.71266423	0.98500040	0.15911186	0.30000000	8.30000000	0.02101460	0.00000000
C7	c	0.73286245	1.00000000	0.02050448	0.36000000	8.36000000	0.01425276	0.00000000
C8	c	0.69188166	0.93700114	0.06651912	0.42000000	8.42000000	0.01953311	0.00000000
C9	c	0.72474584	0.98422154	0.02192998	0.48000000	8.48000000	0.01143109	0.00000000
C10	c	0.66094797	0.91748832	0.09475351	0.54000000	8.54000000	0.01787585	0.00000000
C11	c	0.76675251	1.00000000	0.11167050	0.60000000	8.60000000	0.01307482	0.00000000
C12	c	0.19542333	0.23649535	0.11920097	0.66000000	8.66000000	0.01907921	0.00000000
C13	c	0.28696856	0.20160713	0.04577855	0.72000000	8.72000000	0.01651829	0.00000000
C14	c	0.19592912	0.27929717	0.03699681	0.78000000	8.78000000	0.01171572	0.00000000
C15	c	0.20313611	0.20238810	0.09810559	0.84000000	8.84000000	0.02072379	0.00000000
C16	c	0.18848032	0.19850054	0.15668173	0.90000000	8.90000000	0.02402437	0.00000000
C17	c	0.34488830	0.57927845	0.01798144	0.96000000	8.96000000	0.01244346	0.00000000
C18	c	0.33538795	0.55226017	0.15896341	1.02000000	9.02000000	0.02743110	0.00000000
C19	c	0.28792531	0.53023590	0.04384169	1.08000000	9.08000000	0.01348440	0.00000000
C20	c	0.30522563	0.53139062	0.11362365	1.14000000	9.14000000	0.02842438	0.00000000
C21	c	0.24064332	0.49232719	0.02119147	1.20000000	9.20000000	0.01175645	0.00000000
C22	c	0.28102917	0.55014720	0.02716804	1.26000000	9.26000000	0.02858362	0.00000000
C23	c	0.31353487	0.41511726	0.07386534	1.32000000	9.32000000	0.01983416	0.00000000
C24	c	0.19837186	0.58924206	0.07041173	1.38000000	9.38000000	0.01676612	0.00000000
C25	c	0.19762647	0.56856148	0.05211298	1.44000000	9.44000000	0.01082271	0.00000000
C26	c	0.28688571	0.49784223	0.09563613	1.50000000	9.50000000	0.02842132	0.00000000
C27	c	0.01290526	0.22953194	0.09430888	1.56000000	9.56000000	0.02927920	0.00000000
C28	c	0.09210022	0.04006256	0.10177694	1.62000000	9.62000000	0.02972226	0.00000000
C29	c	0.00463429	0.15512442	0.06834408	1.68000000	9.68000000	0.02276658	0.00000000
C30	c	0.11660870	0.22447561	0.03531054	1.74000000	9.74000000	0.02404103	0.00000000
C31	c	0.16126392	0.15565673	0.02632964	1.80000000	9.80000000	0.01418840	0.00000000
C32	c	0.02454554	0.22034229	0.15092699	1.86000000	9.86000000	0.02350688	0.00000000
C33	c	0.10959778	0.14501094	0.09636924	1.92000000	9.92000000	0.02462817	0.00000000
C34	c	0.12107093	0.15298155	0.07039078	1.98000000	9.98000000	0.01352848	0.00000000
C35	c	0.04061761	0.13897608	0.15210025	2.00000000	10.00000000	0.02843031	0.00000000
C36	c	0.32651172	0.81096444	0.02684245	2.00000000	10.00000000	0.01008942	0.00000000
C37	c	0.29816908	0.96114054	0.11785648	2.00000000	10.00000000	0.02699209	0.00000000
C38	c	0.59662441	0.81721651	0.07643626	2.00000000	10.00000000	0.01511207	0.00000000
C39	c	0.71253309	0.89588988	0.11063313	2.00000000	10.00000000	0.02718616	0.00000000
C40	c	0.66565607	0.93402578	0.13833060	2.00000000	10.00000000	0.01848710	0.00000000
C41	c	0.82610232	0.87310872	0.08884980	2.00000000	10.00000000	0.01687727	0.00000000
C42	c	0.72120548	0.79003533	0.04385648	2.00000000	10.00000000	0.02364699	0.00000000
C43	c	0.67820383	0.83140575	0.06289827	2.00000000	10.00000000	0.01875666	0.00000000
C44	c	0.59689701	0.48139400	0.13355501	2.00000000	10.00000000	0.01090883	0.00000000
C45	c	0.58216837	0.50268491	0.18481124	2.00000000	10.00000000	0.02658752	0.00000000
C46	c	0.58505507	0.44000242	0.04877954	2.00000000	10.00000000	0.02681947	0.00000000
C47	c	0.54701773	0.40069133	0.08055901	2.00000000	10.00000000	0.01575614	0.00000000
C48	c	0.54879076	0.51108355	0.05454839	2.00000000	10.00000000	0.02402374	0.00000000
C49	c	0.53661567	0.43509625	0.18372545	2.00000000	10.00000000	0.02025206	0.00000000
C50	c	0.50357835	0.44727615	0.15120799	2.00000000	10.00000000	0.01566566	0.00000000

Q Vehicle fuel tank capacity /0.40000000/
C Vehicle load capacity /1.50000000/
r fuel consumption rate /0.25000000/
g inverse refueling rate /1.00000000/
v average Velocity /1.00000000/
