StringID	Type	x	y	demand	ReadyTime	DueDate	ServiceTime	altitude
D0	d	0.50000000	0.50000000	0.00000000	0.00000000	10.00000000	0.00000000	0.00000000
S0	f	0.35596299	0.85429382	0.00000000	0.00000000	10.00000000	0.00000000	0.00000000
S1	f	0.34069617	0.97545681	0.00000000	0.00000000	10.00000000	0.00000000	0.00000000
S2	f	0.16973655	0.99501103	0.00000000	0.00000000	10.00000000	0.00000000	0.00000000
S3	f	0.52945012	0.17607056	0.00000000	0.00000000	10.00000000	0.00000000	0.00000000
S4	f	0.84887280	0.65197121	0.00000000	0.00000000	10.00000000	0.00000000	0.00000000
S5	f	0.61126470	0.12798488	0.00000000	0.00000000	10.00000000	0.00000000	0.00000000
C1	c	0.80652659	0.67886384	0.22633849	0.00000000	8.00000000	0.01812402	0.00000000
C2	c	0.86211272	0.71476305	0.27705254	0.10000000	8.10000000	0.01152139	0.00000000
C3	c	0.78196159	0.63712640	0.19292996	0.20000000	8.20000000	0.01242089	0.00000000
C4	c	0.72087025	0.58452746	0.22402517	0.30000000	8.30000000	0.01079240	0.00000000
C5	c	0.87142039	0.58870728	0.10533787	0.40000000	8.40000000	0.01126153	0.00000000
C6	c	0.83928633	0.53679387	0.17351421	0.50000000	8.50000000	0.01404820	0.00000000
C7	c	0.81054251	0.59535327	0.03761978	0.60000000	8.60000000	0.02845476	0.00000000
C8	c	0.83728083	0.51311443	0.06502041	0.70000000	8.70000000	0.02259801	0.00000000
C9	c	0.20093328	0.59775191	0.07844902	0.80000000	8.80000000	0.02055936	0.00000000
C10	c	0.23328249	0.65040320	0.17700108	0.90000000	8.90000000	0.02711331	0.00000000
C11	c	0.21349001	0.57701361	0.17259350	1.00000000	9.00000000	0.02000097	0.00000000
C12	c	0.24702603	0.59173639	0.10833686	1.10000000	9.10000000	0.02038570	0.00000000
C13	c	0.30085699	0.60173241	0.22384889	1.20000000	9.20000000	0.01454949	0.00000000
C14	c	0.30963174	0.67959221	0.02277481	1.30000000	9.30000000	0.01574354	0.00000000
C15	c	0.53261840	0.84017187	0.24897418	1.40000000	9.40000000	0.02548867	0.00000000
C16	c	0.65741762	0.87732753	0.07813591	1.50000000	9.50000000	0.02783585	0.00000000
C17	c	0.52147550	0.86458642	0.09849397	1.60000000	9.60000000	0.02738344	0.00000000
C18	c	0.48956175	0.82437483	0.05677837	1.70000000	9.70000000	0.01261387	0.00000000
C19	c	0.57865702	0.67986416	0.22905209	1.80000000	9.80000000	0.02846853	0.00000000
C20	c	0.30124798	0.80287209	0.29229285	1.90000000	9.90000000	0.01400809	0.00000000
C21	c	0.30018003	0.74057402	0.09620317	2.00000000	10.00000000	0.01284611	0.00000000
C22	c	0.38283612	0.76942132	0.05732913	2.00000000	10.00000000	0.02550236	0.00000000
C23	c	0.21589739	0.75531104	0.04889035	2.00000000	10.00000000	0.02164442	0.00000000
C24	c	0.25642721	0.79511431	0.16134451	2.00000000	10.00000000	0.01979625	0.00000000
C25	c	0.26459014	0.72876250	0.32877039	2.00000000	10.00000000	0.01333686	0.00000000
C26	c	0.29227614	0.78408091	0.15069092	2.00000000	10.00000000	0.01028555	0.00000000
C27	c	0.81859374	0.82816712	0.04560182	2.00000000	10.00000000	0.01869086	0.00000000
C28	c	0.78349709	0.79752831	0.06131118	2.00000000	10.00000000	0.02150236	0.00000000
C29	c	0.86136091	0.78092556	0.27443244	2.00000000	10.00000000	0.02386031	0.00000000
C30	c	0.75314324	0.82642738	0.18685616	2.00000000	10.00000000	0.02039892	0.00000000

Q Vehicle fuel tank capacity /0.40000000/
C Vehicle load capacity /1.50000000/
r fuel consumption rate /0.25000000/
g inverse refueling rate /1.00000000/
v average Velocity /1.00000000/
