StringID	Type	x	y	demand	ReadyTime	DueDate	ServiceTime	altitude
D0	d	0.50000000	0.50000000	0.00000000	0.00000000	10.00000000	0.00000000	0.00000000
S0	f	0.91975753	0.07409817	0.00000000	0.00000000	10.00000000	0.00000000	0.00000000
S1	f	0.54432102	0.10645229	0.00000000	0.00000000	10.00000000	0.00000000	0.00000000
S2	f	0.93298010	0.20472303	0.00000000	0.00000000	10.00000000	0.00000000	0.00000000
S3	f	0.80222191	0.41475593	0.00000000	0.00000000	10.00000000	0.00000000	0.00000000
S4	f	0.62516272	0.53246009	0.00000000	0.00000000	10.00000000	0.00000000	0.00000000
S5	f	0.18647627	0.41799323	0.00000000	0.00000000	10.00000000	0.00000000	0.00000000
S6	f	0.65246708	0.57341363	0.00000000	0.00000000	10.00000000	0.00000000	0.00000000
S7	f	0.91243040	0.48847340	0.00000000	0.00000000	10.00000000	0.00000000	0.00000000
S8	f	0.28141664	0.99339455	0.00000000	0.00000000	10.00000000	0.00000000	0.00000000
S9	f	0.36237410	0.27343245	0.00000000	0.00000000	10.00000000	0.00000000	0.00000000
C1	c	0.07272480	0.86145198	0.08651226	0.00000000	8.00000000	0.02032201	0.00000000
C2	c	0.04314153	0.88641712	0.08602020	0.06000000	8.06000000	0.02748104	0.00000000
C3	c	0.07763209	0.91006890	0.03472797	0.12000000	8.12000000	0.02241693	0.00000000
C4	c	0.06294692	0.88807135	0.06903536	0.18000000	8.18000000	0.02441017	0.00000000
C5	c	0.00934681	0.84734796	0.15923719	0.24000000	8.24000000	0.01924842	0.00000000
C6	c	0.00000000	0.86172592	0.01794708	0.30000000	8.30000000	0.02980990	0.00000000
C7	c	0.00680903	0.86974334	0.15634742	0.36000000	8.36000000	0.01148983	0.00000000
C8	c	0.00000000	0.91093723	0.14620188	0.42000000	8.42000000	0.02259849	0.00000000
C9	c	0.00000000	0.97196440	0.12813492	0.48000000	8.48000000	0.01975476	0.00000000
C10	c	0.02681541	0.90434914	0.08527428	0.54000000	8.54000000	0.02985755	0.00000000
C11	c	0.07592622	0.93087354	0.14648789	0.60000000	8.60000000	0.01168579	0.00000000
C12	c	0.96908757	0.69213475	0.09162641	0.66000000	8.66000000	0.01245426	0.00000000
C13	c	0.93056695	0.58801443	0.08841416	0.72000000	8.72000000	0.01856216	0.00000000
C14	c	0.94285673	0.70465164	0.10231339	0.78000000	8.78000000	0.02029518	0.00000000
C15	c	0.74928419	0.48589970	0.11445948	0.84000000	8.84000000	0.01129850	0.00000000
C16	c	0.76805763	0.51122530	0.12911704	0.90000000	8.90000000	0.02524936	0.00000000
C17	c	0.72912885	0.43576828	0.11091822	0.96000000	8.96000000	0.02348706	0.00000000
C18	c	0.86046730	0.46650587	0.06402467	1.02000000	9.02000000	0.02879433	0.00000000
C19	c	0.71400884	0.52921064	0.06648194	1.08000000	9.08000000	0.02144483	0.00000000
C20	c	0.83384154	0.56237328	0.15594523	1.14000000	9.14000000	0.02474765	0.00000000
C21	c	0.70052201	0.56897683	0.08568426	1.20000000	9.20000000	0.02267021	0.00000000
C22	c	0.39609985	0.37369560	0.09028658	1.26000000	9.26000000	0.02449849	0.00000000
C23	c	0.43020986	0.45928401	0.16157484	1.32000000	9.32000000	0.01937540	0.00000000
C24	c	0.35608496	0.51088236	0.02055682	1.38000000	9.38000000	0.02337313	0.00000000
C25	c	0.44833343	0.41892576	0.02561093	1.44000000	9.44000000	0.02814771	0.00000000
C26	c	0.23817918	0.83639839	0.06720615	1.50000000	9.50000000	0.01822281	0.00000000
C27	c	0.25234606	0.83025550	0.01679718	1.56000000	9.56000000	0.01046004	0.00000000
C28	c	0.22563072	0.76292282	0.14250583	1.62000000	9.62000000	0.01292224	0.00000000
C29	c	0.21347322	0.83722387	0.03481116	1.68000000	9.68000000	0.01401729	0.00000000
C30	c	0.20246752	0.80264784	0.12863573	1.74000000	9.74000000	0.01643036	0.00000000
C31	c	0.17179972	0.76917991	0.11683159	1.80000000	9.80000000	0.02339922	0.00000000
C32	c	0.14632597	0.76066679	0.15377670	1.86000000	9.86000000	0.02416012	0.00000000
C33	c	0.14604228	0.75193467	0.04664126	1.92000000	9.92000000	0.02290117	0.00000000
C34	c	0.24399247	0.91280770	0.07707966	1.98000000	9.98000000	0.02130412	0.00000000
C35	c	0.30472654	0.85731365	0.13373620	2.00000000	10.00000000	0.02582866	0.00000000
C36	c	0.14199841	0.62932483	0.11510717	2.00000000	10.00000000	0.01850727	0.00000000
C37	c	0.25185430	0.80139498	0.02260742	2.00000000	10.00000000	0.01417053	0.00000000
C38	c	0.26520423	0.04373039	0.04266936	2.00000000	10.00000000	0.02636684	0.00000000
C39	c	0.14427905	0.09937568	0.06938192	2.00000000	10.00000000	0.01381321	0.00000000
C40	c	0.20489983	0.18300891	0.08230916	2.00000000	10.00000000	0.02557754	0.00000000
C41	c	0.20217336	0.10704581	0.12923123	2.00000000	10.00000000	0.02515774	0.00000000
C42	c	0.13610450	0.17379125	0.12163950	2.00000000	10.00000000	0.01403626	0.00000000
C43	c	0.18417933	0.80840701	0.08187108	2.00000000	10.00000000	0.01673644	0.00000000
C44	c	0.22397667	0.87692686	0.05152437	2.00000000	10.00000000	0.02599158	0.00000000
C45	c	0.15061963	0.81033001	0.02364129	2.00000000	10.00000000	0.02423954	0.00000000
C46	c	0.12687240	0.81765658	0.11128727	2.00000000	10.00000000	0.02396893	0.00000000
C47	c	0.12375505	0.82484425	0.10395452	2.00000000	10.00000000	0.02427717	0.00000000
C48	c	0.23406298	0.83809680	0.05824288	2.00000000	10.00000000	0.01890210	0.00000000
C49	c	0.10003443	0.78709140	0.02674250	2.00000000	10.00000000	0.02944006	0.00000000
C50	c	0.15768226	0.82073264	0.11882846	2.00000000	10.00000000	0.02866818	0.00000000

Q Vehicle fuel tank capacity /0.40000000/
C Vehicle load capacity /1.50000000/
r fuel consumption rate /0.25000000/
g inverse refueling rate /1.00000000/
v average Velocity /1.00000000/
