StringID	Type	x	y	demand	ReadyTime	DueDate	ServiceTime	altitude
D0	d	0.50000000	0.50000000	0.00000000	0.00000000	10.00000000	0.00000000	0.00000000
S0	f	0.46319576	0.56514061	0.00000000	0.00000000	10.00000000	0.00000000	0.00000000
S1	f	0.54685195	0.87976072	0.00000000	0.00000000	10.00000000	0.00000000	0.00000000
S2	f	0.92605162	0.46365015	0.00000000	0.00000000	10.00000000	0.00000000	0.00000000
S3	f	0.84081021	0.39020118	0.00000000	0.00000000	10.00000000	0.00000000	0.00000000
S4	f	0.61218839	0.35726926	0.00000000	0.00000000	10.00000000	0.00000000	0.00000000
S5	f	0.09097539	0.22367004	0.00000000	0.00000000	10.00000000	0.00000000	0.00000000
C1	c	0.00432708	0.33567889	0.11871619	0.00000000	8.00000000	0.02133498	0.00000000
C2	c	0.12561454	0.30650277	0.25124358	0.10000000	8.10000000	0.01998469	0.00000000
C3	c	0.00000000	0.25076933	0.23004995	0.20000000	8.20000000	0.01615459	0.00000000
C4	c	0.12492468	0.43452756	0.21318336	0.30000000	8.30000000	0.01363777	0.00000000
C5	c	0.07233021	0.39407922	0.12568634	0.40000000	8.40000000	0.01516301	0.00000000
C6	c	0.06956305	0.32495660	0.23110735	0.50000000	8.50000000	0.01233601	0.00000000
C7	c	0.21583288	0.51119986	0.22000572	0.60000000	8.60000000	0.01843055	0.00000000
C8	c	0.15608383	0.54374380	0.04727852	0.70000000	8.70000000	0.02712625	0.00000000
C9	c	0.27931181	0.47235464	0.02362895	0.80000000	8.80000000	0.01206370	0.00000000
C10	c	0.36707222	0.56386087	0.14426642	0.90000000	8.90000000	0.01157965	0.00000000
C11	c	0.22385035	0.59244054	0.04107691	1.00000000	9.00000000	0.01855017	0.00000000
C12	c	0.28128484	0.39684027	0.11518870	1.10000000	9.10000000	0.02098293	0.00000000
C13	c	0.18358564	0.51907745	0.27076298	1.20000000	9.20000000	0.01493227	0.00000000
C14	c	0.24925579	0.50737676	0.14821407	1.30000000	9.30000000	0.01683570	0.00000000
C15	c	0.20253865	0.48378403	0.07580739	1.40000000	9.40000000	0.01589999	0.00000000
C16	c	0.08200173	0.90266165	0.05293920	1.50000000	9.50000000	0.01759086	0.00000000
C17	c	0.12960458	0.87243661	0.20968744	1.60000000	9.60000000	0.01477930	0.00000000
C18	c	0.04009965	0.94974671	0.15916722	1.70000000	9.70000000	0.02519064	0.00000000
C19	c	0.06638797	0.92763342	0.11856080	1.80000000	9.80000000	0.01993560	0.00000000
C20	c	0.05213685	0.88259076	0.08086558	1.90000000	9.90000000	0.01208526	0.00000000
C21	c	0.05023652	1.00000000	0.18430444	2.00000000	10.00000000	0.01416015	0.00000000
C22	c	0.06349777	0.93976003	0.24628487	2.00000000	10.00000000	0.02386507	0.00000000
C23	c	0.06857322	1.00000000	0.07002350	2.00000000	10.00000000	0.01507452	0.00000000
C24	c	0.68119507	0.01815157	0.26141842	2.00000000	10.00000000	0.01488094	0.00000000
C25	c	0.57666362	0.00000000	0.15536092	2.00000000	10.00000000	0.02754300	0.00000000
C26	c	0.57169485	0.00000000	0.03075450	2.00000000	10.00000000	0.02475236	0.00000000
C27	c	0.50114699	0.48841207	0.16241122	2.00000000	10.00000000	0.02821254	0.00000000
C28	c	0.39936506	0.56777713	0.20175647	2.00000000	10.00000000	0.01406542	0.00000000
C29	c	0.56336057	0.56495551	0.10520407	2.00000000	10.00000000	0.01852176	0.00000000
C30	c	0.47944402	0.63627694	0.20504491	2.00000000	10.00000000	0.02009461	0.00000000

Q Vehicle fuel tank capacity /0.40000000/
C Vehicle load capacity /1.50000000/
r fuel consumption rate /0.25000000/
g inverse refueling rate /1.00000000/
v average Velocity /1.00000000/
