StringID	Type	x	y	demand	ReadyTime	DueDate	ServiceTime	altitude
D0	d	0.50000000	0.50000000	0.00000000	0.00000000	10.00000000	0.00000000	0.00000000
S0	f	0.16478348	0.88874771	0.00000000	0.00000000	10.00000000	0.00000000	0.00000000
S1	f	0.53425060	0.95880663	0.00000000	0.00000000	10.00000000	0.00000000	0.00000000
S2	f	0.73650734	0.70270107	0.00000000	0.00000000	10.00000000	0.00000000	0.00000000
S3	f	0.16755168	0.09153875	0.00000000	0.00000000	10.00000000	0.00000000	0.00000000
S4	f	0.17626059	0.74591602	0.00000000	0.00000000	10.00000000	0.00000000	0.00000000
S5	f	0.19127952	0.69583126	0.00000000	0.00000000	10.00000000	0.00000000	0.00000000
S6	f	0.64142653	0.80814830	0.00000000	0.00000000	10.00000000	0.00000000	0.00000000
S7	f	0.66045374	0.90680238	0.00000000	0.00000000	10.00000000	0.00000000	0.00000000
S8	f	0.28633171	0.79609216	0.00000000	0.00000000	10.00000000	0.00000000	0.00000000
S9	f	0.14775626	0.65030031	0.00000000	0.00000000	10.00000000	0.00000000	0.00000000
C1	c	0.53605032	0.00000000	0.16338555	0.00000000	8.00000000	0.02277112	0.00000000
C2	c	0.45056844	0.14911338	0.15583847	0.06000000	8.06000000	0.01663571	0.00000000
C3	c	0.53523006	0.02576987	0.05347560	0.12000000	8.12000000	0.01989940	0.00000000
C4	c	0.48954376	0.09551399	0.12271587	0.18000000	8.18000000	0.01402524	0.00000000
C5	c	0.46583156	0.07486136	0.07308149	0.24000000	8.24000000	0.01880454	0.00000000
C6	c	0.63629633	0.70945126	0.17104052	0.30000000	8.30000000	0.01287562	0.00000000
C7	c	0.61376864	0.66485643	0.16042643	0.36000000	8.36000000	0.02673917	0.00000000
C8	c	0.63523305	0.59929437	0.13109947	0.42000000	8.42000000	0.02771689	0.00000000
C9	c	0.60938963	0.66395925	0.16667936	0.48000000	8.48000000	0.02778855	0.00000000
C10	c	0.51840339	0.74047607	0.04209717	0.54000000	8.54000000	0.02587803	0.00000000
C11	c	0.61946121	0.74511208	0.02714442	0.60000000	8.60000000	0.02701563	0.00000000
C12	c	0.62666357	0.71923866	0.15195553	0.66000000	8.66000000	0.01785820	0.00000000
C13	c	0.65314125	0.60996596	0.10833819	0.72000000	8.72000000	0.02687995	0.00000000
C14	c	0.63949390	0.73319380	0.09082668	0.78000000	8.78000000	0.01915618	0.00000000
C15	c	0.61100001	0.65429386	0.13778452	0.84000000	8.84000000	0.01526823	0.00000000
C16	c	0.60733316	0.63767476	0.05917564	0.90000000	8.90000000	0.01944135	0.00000000
C17	c	0.83221307	0.35543269	0.11568717	0.96000000	8.96000000	0.02812150	0.00000000
C18	c	0.95720971	0.39577578	0.02373151	1.02000000	9.02000000	0.02081368	0.00000000
C19	c	0.92504782	0.30425627	0.15032530	1.08000000	9.08000000	0.02898944	0.00000000
C20	c	0.90535608	0.37461640	0.07428382	1.14000000	9.14000000	0.02249767	0.00000000
C21	c	0.88431224	0.39000783	0.11077114	1.20000000	9.20000000	0.02277225	0.00000000
C22	c	0.92451535	0.32328381	0.06790825	1.26000000	9.26000000	0.02386557	0.00000000
C23	c	0.87039518	0.36095651	0.08760354	1.32000000	9.32000000	0.02694656	0.00000000
C24	c	0.06551873	0.44964094	0.09024619	1.38000000	9.38000000	0.02241385	0.00000000
C25	c	0.05729005	0.38781070	0.03877129	1.44000000	9.44000000	0.01248798	0.00000000
C26	c	0.12580046	0.39501034	0.06055859	1.50000000	9.50000000	0.01626167	0.00000000
C27	c	0.01023395	0.45159170	0.01468247	1.56000000	9.56000000	0.01677642	0.00000000
C28	c	0.01650675	0.41299326	0.12947586	1.62000000	9.62000000	0.02265283	0.00000000
C29	c	0.17579045	0.51757224	0.02612178	1.68000000	9.68000000	0.01329520	0.00000000
C30	c	0.09582237	0.45479329	0.12172087	1.74000000	9.74000000	0.01093167	0.00000000
C31	c	0.05044729	0.38176033	0.07832126	1.80000000	9.80000000	0.02956708	0.00000000
C32	c	0.06438411	0.51070338	0.03697198	1.86000000	9.86000000	0.02680498	0.00000000
C33	c	0.06316553	0.46773227	0.05625057	1.92000000	9.92000000	0.02785309	0.00000000
C34	c	0.14515631	0.39314034	0.01825903	1.98000000	9.98000000	0.01776153	0.00000000
C35	c	0.40962835	0.13263057	0.01962925	2.00000000	10.00000000	0.01125253	0.00000000
C36	c	0.40010032	0.12258373	0.07027891	2.00000000	10.00000000	0.02654097	0.00000000
C37	c	0.41713857	0.16329950	0.12715565	2.00000000	10.00000000	0.02977694	0.00000000
C38	c	0.35981406	0.13227474	0.10838375	2.00000000	10.00000000	0.01317972	0.00000000
C39	c	0.45233080	0.08640155	0.06842509	2.00000000	10.00000000	0.02000510	0.00000000
C40	c	0.43420815	0.18295601	0.07715481	2.00000000	10.00000000	0.02426497	0.00000000
C41	c	0.02721627	0.57789715	0.10146521	2.00000000	10.00000000	0.01037554	0.00000000
C42	c	0.00000000	0.59430718	0.08049334	2.00000000	10.00000000	0.01302965	0.00000000
C43	c	0.05640332	0.50366581	0.07137914	2.00000000	10.00000000	0.02434642	0.00000000
C44	c	0.00000000	0.57859344	0.07000593	2.00000000	10.00000000	0.01729030	0.00000000
C45	c	0.00000000	0.55016753	0.14588783	2.00000000	10.00000000	0.02165784	0.00000000
C46	c	0.01220179	0.59467975	0.14050711	2.00000000	10.00000000	0.02838219	0.00000000
C47	c	0.81380874	0.39064100	0.06350823	2.00000000	10.00000000	0.02340537	0.00000000
C48	c	0.72747199	0.36780014	0.17133983	2.00000000	10.00000000	0.01348317	0.00000000
C49	c	0.76347374	0.38135346	0.03549621	2.00000000	10.00000000	0.02876389	0.00000000
C50	c	0.81059587	0.39038326	0.03213420	2.00000000	10.00000000	0.01769722	0.00000000

Q Vehicle fuel tank capacity /0.40000000/
C Vehicle load capacity /1.50000000/
r fuel consumption rate /0.25000000/
g inverse refueling rate /1.00000000/
v average Velocity /1.00000000/
