StringID	Type	x	y	demand	ReadyTime	DueDate	ServiceTime	altitude
D0	d	0.50000000	0.50000000	0.00000000	0.00000000	10.00000000	0.00000000	0.00000000
S0	f	0.79643010	0.48314734	0.00000000	0.00000000	10.00000000	0.00000000	0.00000000
S1	f	0.33418483	0.70795109	0.00000000	0.00000000	10.00000000	0.00000000	0.00000000
S2	f	0.25982602	0.53463327	0.00000000	0.00000000	10.00000000	0.00000000	0.00000000
S3	f	0.86040982	0.47732871	0.00000000	0.00000000	10.00000000	0.00000000	0.00000000
S4	f	0.93065619	0.43852974	0.00000000	0.00000000	10.00000000	0.00000000	0.00000000
S5	f	0.42126113	0.31000541	0.00000000	0.00000000	10.00000000	0.00000000	0.00000000
C1	c	0.02469756	0.91512037	0.02491537	0.00000000	8.00000000	0.01159191	0.00000000
C2	c	0.11667132	0.95698856	0.26557032	0.10000000	8.10000000	0.01801105	0.00000000
C3	c	0.06745824	0.82285817	0.10848762	0.20000000	8.20000000	0.01071958	0.00000000
C4	c	0.00677918	0.80699524	0.23381280	0.30000000	8.30000000	0.01610633	0.00000000
C5	c	0.02817049	0.84339220	0.06412808	0.40000000	8.40000000	0.02428330	0.00000000
C6	c	0.00000000	0.88654012	0.17686152	0.50000000	8.50000000	0.02540475	0.00000000
C7	c	0.01424597	0.82151651	0.13294123	0.60000000	8.60000000	0.02451105	0.00000000
C8	c	0.05406690	0.89988116	0.15215173	0.70000000	8.70000000	0.02100601	0.00000000
C9	c	0.94118271	0.72506360	0.02386070	0.80000000	8.80000000	0.01159037	0.00000000
C10	c	0.89130200	0.72903848	0.25506398	0.90000000	8.90000000	0.01338952	0.00000000
C11	c	0.90185232	0.83311039	0.18906472	1.00000000	9.00000000	0.01680076	0.00000000
C12	c	0.93785558	0.65881360	0.04417253	1.10000000	9.10000000	0.02067023	0.00000000
C13	c	0.90025267	0.68187095	0.06960724	1.20000000	9.20000000	0.02955359	0.00000000
C14	c	0.12042365	0.72803170	0.20622760	1.30000000	9.30000000	0.02348930	0.00000000
C15	c	0.09906759	0.69523623	0.05583636	1.40000000	9.40000000	0.02588825	0.00000000
C16	c	0.00000000	0.72287645	0.22517289	1.50000000	9.50000000	0.01899684	0.00000000
C17	c	0.04031709	0.77206832	0.10080956	1.60000000	9.60000000	0.02089261	0.00000000
C18	c	0.03008397	0.69765534	0.14913579	1.70000000	9.70000000	0.02044888	0.00000000
C19	c	0.97323871	0.95169227	0.19121336	1.80000000	9.80000000	0.02056898	0.00000000
C20	c	0.79751032	0.96373011	0.14021726	1.90000000	9.90000000	0.02587746	0.00000000
C21	c	0.94858977	0.94317958	0.28802981	2.00000000	10.00000000	0.02347800	0.00000000
C22	c	0.96546774	0.96931946	0.02496549	2.00000000	10.00000000	0.01037648	0.00000000
C23	c	0.99789290	1.00000000	0.21626358	2.00000000	10.00000000	0.01411035	0.00000000
C24	c	0.94470768	1.00000000	0.16495422	2.00000000	10.00000000	0.01372218	0.00000000
C25	c	0.87915964	1.00000000	0.19332284	2.00000000	10.00000000	0.01085853	0.00000000
C26	c	0.05243092	0.16750573	0.05032514	2.00000000	10.00000000	0.01334693	0.00000000
C27	c	0.07991016	0.18446618	0.23163429	2.00000000	10.00000000	0.02917756	0.00000000
C28	c	0.06045153	0.20291657	0.12709728	2.00000000	10.00000000	0.01480980	0.00000000
C29	c	0.14279891	0.17828967	0.25825982	2.00000000	10.00000000	0.02622200	0.00000000
C30	c	0.14143394	0.20820424	0.13589686	2.00000000	10.00000000	0.01378006	0.00000000

Q Vehicle fuel tank capacity /0.40000000/
C Vehicle load capacity /1.50000000/
r fuel consumption rate /0.25000000/
g inverse refueling rate /1.00000000/
v average Velocity /1.00000000/
