StringID	Type	x	y	demand	ReadyTime	DueDate	ServiceTime	altitude
D0	d	0.50000000	0.50000000	0.00000000	0.00000000	10.00000000	0.00000000	0.00000000
S0	f	0.26400336	0.98933771	0.00000000	0.00000000	10.00000000	0.00000000	0.00000000
S1	f	0.21923499	0.86594461	0.00000000	0.00000000	10.00000000	0.00000000	0.00000000
S2	f	0.97595205	0.48117215	0.00000000	0.00000000	10.00000000	0.00000000	0.00000000
S3	f	0.61330767	0.11001926	0.00000000	0.00000000	10.00000000	0.00000000	0.00000000
S4	f	0.37444593	0.04760176	0.00000000	0.00000000	10.00000000	0.00000000	0.00000000
S5	f	0.23009298	0.17812099	0.00000000	0.00000000	10.00000000	0.00000000	0.00000000
S6	f	0.89194416	0.28636242	0.00000000	0.00000000	10.00000000	0.00000000	0.00000000
S7	f	0.59385374	0.28519889	0.00000000	0.00000000	10.00000000	0.00000000	0.00000000
S8	f	0.60539790	0.32770702	0.00000000	0.00000000	10.00000000	0.00000000	0.00000000
S9	f	0.49801098	0.62746022	0.00000000	0.00000000	10.00000000	0.00000000	0.00000000
C1	c	0.78623703	0.27924875	0.13257945	0.00000000	8.00000000	0.01346029	0.00000000
C2	c	0.87382062	0.24751182	0.14707915	0.06000000	8.06000000	0.01186722	0.00000000
C3	c	0.77595181	0.27083444	0.15860262	0.12000000	8.12000000	0.02362920	0.00000000
C4	c	0.71328099	0.27103942	0.05342288	0.18000000	8.18000000	0.01754250	0.00000000
C5	c	0.84887816	0.25273588	0.14426249	0.24000000	8.24000000	0.01042400	0.00000000
C6	c	0.83284147	0.13784554	0.12340740	0.30000000	8.30000000	0.01825252	0.00000000
C7	c	0.37414330	0.37437476	0.04435072	0.36000000	8.36000000	0.02209326	0.00000000
C8	c	0.38524176	0.33579006	0.16254658	0.42000000	8.42000000	0.02093852	0.00000000
C9	c	0.35796134	0.42879201	0.03051239	0.48000000	8.48000000	0.01436725	0.00000000
C10	c	0.35172269	0.34678927	0.07845297	0.54000000	8.54000000	0.01301346	0.00000000
C11	c	0.29852466	0.37496634	0.10237238	0.60000000	8.60000000	0.02876561	0.00000000
C12	c	0.35189315	0.27233184	0.06171260	0.66000000	8.66000000	0.02362396	0.00000000
C13	c	0.26500896	0.29974667	0.04294497	0.72000000	8.72000000	0.02721234	0.00000000
C14	c	0.38922803	0.36422847	0.02070608	0.78000000	8.78000000	0.02644357	0.00000000
C15	c	0.38105255	0.29280597	0.13971652	0.84000000	8.84000000	0.01147301	0.00000000
C16	c	0.29971310	0.37563267	0.12939307	0.90000000	8.90000000	0.01358815	0.00000000
C17	c	0.39192602	0.32151353	0.15955207	0.96000000	8.96000000	0.01527302	0.00000000
C18	c	0.46169285	0.32938854	0.09027373	1.02000000	9.02000000	0.02863318	0.00000000
C19	c	0.46929616	0.32261606	0.05668115	1.08000000	9.08000000	0.02241369	0.00000000
C20	c	0.18979971	0.66107844	0.09601009	1.14000000	9.14000000	0.01647297	0.00000000
C21	c	0.24717394	0.61147498	0.06375159	1.20000000	9.20000000	0.01172221	0.00000000
C22	c	0.23784047	0.70158814	0.08107639	1.26000000	9.26000000	0.02496021	0.00000000
C23	c	0.19357389	0.68996387	0.13088264	1.32000000	9.32000000	0.01011971	0.00000000
C24	c	0.18574721	0.67517087	0.11945356	1.38000000	9.38000000	0.01250003	0.00000000
C25	c	0.31434267	0.62942952	0.05686626	1.44000000	9.44000000	0.02852411	0.00000000
C26	c	0.74297358	0.73422944	0.15737409	1.50000000	9.50000000	0.01649676	0.00000000
C27	c	0.73850192	0.80813089	0.11650800	1.56000000	9.56000000	0.02042989	0.00000000
C28	c	0.64997336	0.73532979	0.09713056	1.62000000	9.62000000	0.02434123	0.00000000
C29	c	0.71666343	0.80535119	0.03307119	1.68000000	9.68000000	0.01118616	0.00000000
C30	c	0.74373453	0.86801358	0.14910912	1.74000000	9.74000000	0.02032345	0.00000000
C31	c	0.66196720	0.78960956	0.10923840	1.80000000	9.80000000	0.02786453	0.00000000
C32	c	0.79016125	0.80266239	0.01487605	1.86000000	9.86000000	0.01087110	0.00000000
C33	c	0.76111786	0.78684443	0.06012356	1.92000000	9.92000000	0.01379325	0.00000000
C34	c	0.77808585	0.75776310	0.02358210	1.98000000	9.98000000	0.01478762	0.00000000
C35	c	0.75521378	0.81049382	0.12257562	2.00000000	10.00000000	0.02573753	0.00000000
C36	c	0.68167345	0.79005048	0.05073563	2.00000000	10.00000000	0.01553403	0.00000000
C37	c	0.71328844	0.79128447	0.03741398	2.00000000	10.00000000	0.01685278	0.00000000
C38	c	0.20413838	0.49891061	0.13176851	2.00000000	10.00000000	0.02087696	0.00000000
C39	c	0.24391016	0.52672348	0.07834287	2.00000000	10.00000000	0.01726232	0.00000000
C40	c	0.21885909	0.40609452	0.01626201	2.00000000	10.00000000	0.02856914	0.00000000
C41	c	0.58941479	0.48930697	0.04779598	2.00000000	10.00000000	0.02165000	0.00000000
C42	c	0.67365693	0.48737826	0.12871885	2.00000000	10.00000000	0.02578476	0.00000000
C43	c	0.63798519	0.56507831	0.01768314	2.00000000	10.00000000	0.01483050	0.00000000
C44	c	0.66913974	0.63422154	0.02616152	2.00000000	10.00000000	0.01464739	0.00000000
C45	c	0.58837342	0.59033229	0.02542200	2.00000000	10.00000000	0.02890937	0.00000000
C46	c	0.65685843	0.54624204	0.14375752	2.00000000	10.00000000	0.02522360	0.00000000
C47	c	0.66528776	0.50590481	0.10052099	2.00000000	10.00000000	0.02126195	0.00000000
C48	c	0.50658349	0.88641878	0.06874644	2.00000000	10.00000000	0.02045177	0.00000000
C49	c	0.54670029	0.93993055	0.15700251	2.00000000	10.00000000	0.01921364	0.00000000
C50	c	0.52994635	0.98093411	0.15946958	2.00000000	10.00000000	0.01561938	0.00000000

Q Vehicle fuel tank capacity /0.40000000/
C Vehicle load capacity /1.50000000/
r fuel consumption rate /0.25000000/
g inverse refueling rate /1.00000000/
v average Velocity /1.00000000/
