StringID	Type	x	y	demand	ReadyTime	DueDate	ServiceTime	altitude
D0	d	0.50000000	0.50000000	0.00000000	0.00000000	10.00000000	0.00000000	0.00000000
S0	f	0.19520010	0.18038956	0.00000000	0.00000000	10.00000000	0.00000000	0.00000000
S1	f	0.23268731	0.39272967	0.00000000	0.00000000	10.00000000	0.00000000	0.00000000
S2	f	0.07877807	0.90272570	0.00000000	0.00000000	10.00000000	0.00000000	0.00000000
S3	f	0.33531873	0.11605932	0.00000000	0.00000000	10.00000000	0.00000000	0.00000000
S4	f	0.61339714	0.70056979	0.00000000	0.00000000	10.00000000	0.00000000	0.00000000
S5	f	0.83784995	0.02666275	0.00000000	0.00000000	10.00000000	0.00000000	0.00000000
S6	f	0.25234477	0.05173203	0.00000000	0.00000000	10.00000000	0.00000000	0.00000000
S7	f	0.52496681	0.13809132	0.00000000	0.00000000	10.00000000	0.00000000	0.00000000
S8	f	0.60218210	0.52411875	0.00000000	0.00000000	10.00000000	0.00000000	0.00000000
S9	f	0.08500477	0.55114472	0.00000000	0.00000000	10.00000000	0.00000000	0.00000000
C1	c	0.42088596	0.56698093	0.08008861	0.00000000	8.00000000	0.02691406	0.00000000
C2	c	0.24605642	0.61739925	0.01974495	0.06000000	8.06000000	0.01495080	0.00000000
C3	c	0.32340992	0.65342733	0.06253660	0.12000000	8.12000000	0.01242393	0.00000000
C4	c	0.36305703	0.69696571	0.03876554	0.18000000	8.18000000	0.02109530	0.00000000
C5	c	0.32799132	0.66077069	0.07733190	0.24000000	8.24000000	0.02857166	0.00000000
C6	c	0.00000000	0.00000000	0.06165232	0.30000000	8.30000000	0.01021832	0.00000000
C7	c	0.06102992	0.00000000	0.08839420	0.36000000	8.36000000	0.01719538	0.00000000
C8	c	0.00000000	0.01779618	0.09011986	0.42000000	8.42000000	0.01006813	0.00000000
C9	c	0.02786491	0.00000000	0.04952399	0.48000000	8.48000000	0.02586287	0.00000000
C10	c	0.00523826	0.00000000	0.05527294	0.54000000	8.54000000	0.01667896	0.00000000
C11	c	0.04432225	0.06130424	0.18379662	0.60000000	8.60000000	0.01619551	0.00000000
C12	c	0.07813897	0.11338409	0.04069012	0.66000000	8.66000000	0.02102024	0.00000000
C13	c	0.34357381	0.19859895	0.09911356	0.72000000	8.72000000	0.01795692	0.00000000
C14	c	0.19714937	0.13824324	0.04236352	0.78000000	8.78000000	0.01090838	0.00000000
C15	c	0.19853609	0.13626275	0.10101947	0.84000000	8.84000000	0.01780376	0.00000000
C16	c	0.12588863	0.18664339	0.04834898	0.90000000	8.90000000	0.02558283	0.00000000
C17	c	0.06588482	0.77528680	0.04814930	0.96000000	8.96000000	0.01345830	0.00000000
C18	c	0.00272957	0.75600782	0.12246363	1.02000000	9.02000000	0.02134595	0.00000000
C19	c	0.00000000	0.85522279	0.06977778	1.08000000	9.08000000	0.02461765	0.00000000
C20	c	0.00000000	0.82365319	0.12728676	1.14000000	9.14000000	0.01189539	0.00000000
C21	c	0.00000000	0.76762207	0.02611121	1.20000000	9.20000000	0.02846512	0.00000000
C22	c	0.00000000	0.78679065	0.03137042	1.26000000	9.26000000	0.02985045	0.00000000
C23	c	0.07812768	0.75712255	0.14990654	1.32000000	9.32000000	0.02569230	0.00000000
C24	c	0.00000000	0.76863165	0.18007670	1.38000000	9.38000000	0.01193374	0.00000000
C25	c	0.00000000	0.79653211	0.03361408	1.44000000	9.44000000	0.01724785	0.00000000
C26	c	0.05008619	0.80587157	0.01840400	1.50000000	9.50000000	0.02144030	0.00000000
C27	c	0.00000000	0.72311929	0.13528870	1.56000000	9.56000000	0.01501850	0.00000000
C28	c	0.04535803	0.74108781	0.02264827	1.62000000	9.62000000	0.01588351	0.00000000
C29	c	0.93235981	0.79976644	0.17482690	1.68000000	9.68000000	0.01766379	0.00000000
C30	c	0.90653377	0.77467569	0.03549937	1.74000000	9.74000000	0.01812059	0.00000000
C31	c	0.93010414	0.73274464	0.18236049	1.80000000	9.80000000	0.01942996	0.00000000
C32	c	0.93776271	0.78267188	0.10574935	1.86000000	9.86000000	0.02336542	0.00000000
C33	c	0.87459137	0.62826031	0.13762318	1.92000000	9.92000000	0.02741140	0.00000000
C34	c	1.00000000	0.76141511	0.12691789	1.98000000	9.98000000	0.02016914	0.00000000
C35	c	0.92027422	0.72314549	0.01869192	2.00000000	10.00000000	0.01936098	0.00000000
C36	c	0.18488402	0.64426570	0.12072912	2.00000000	10.00000000	0.02800825	0.00000000
C37	c	0.12866500	0.68139144	0.02384595	2.00000000	10.00000000	0.02646206	0.00000000
C38	c	0.14579061	0.69991067	0.14962089	2.00000000	10.00000000	0.01603353	0.00000000
C39	c	0.14691956	0.61911079	0.14731202	2.00000000	10.00000000	0.01215292	0.00000000
C40	c	0.13312259	0.62257898	0.09467011	2.00000000	10.00000000	0.02143762	0.00000000
C41	c	0.14473044	0.60346335	0.15325346	2.00000000	10.00000000	0.01441519	0.00000000
C42	c	0.08004342	0.61048662	0.15376935	2.00000000	10.00000000	0.01088775	0.00000000
C43	c	0.14820201	0.70584429	0.04439755	2.00000000	10.00000000	0.02767666	0.00000000
C44	c	0.09979323	0.69926991	0.11894801	2.00000000	10.00000000	0.01975296	0.00000000
C45	c	0.07495975	0.69204060	0.10999366	2.00000000	10.00000000	0.01165449	0.00000000
C46	c	0.12132633	0.61829643	0.09179535	2.00000000	10.00000000	0.02099204	0.00000000
C47	c	0.39937222	0.96078784	0.06199902	2.00000000	10.00000000	0.01527385	0.00000000
C48	c	0.33857735	0.93354838	0.07765410	2.00000000	10.00000000	0.02901173	0.00000000
C49	c	0.25599068	0.95146519	0.16911724	2.00000000	10.00000000	0.01229088	0.00000000
C50	c	0.42882259	0.96320785	0.09736452	2.00000000	10.00000000	0.01463668	0.00000000

Q Vehicle fuel tank capacity /0.40000000/
C Vehicle load capacity /1.50000000/
r fuel consumption rate /0.25000000/
g inverse refueling rate /1.00000000/
v average Velocity /1.00000000/
