StringID	Type	x	y	demand	ReadyTime	DueDate	ServiceTime	altitude
D0	d	0.50000000	0.50000000	0.00000000	0.00000000	10.00000000	0.00000000	0.00000000
S0	f	0.67964711	0.50989667	0.00000000	0.00000000	10.00000000	0.00000000	0.00000000
S1	f	0.80424115	0.52932498	0.00000000	0.00000000	10.00000000	0.00000000	0.00000000
S2	f	0.81676329	0.37648795	0.00000000	0.00000000	10.00000000	0.00000000	0.00000000
S3	f	0.83237701	0.68716663	0.00000000	0.00000000	10.00000000	0.00000000	0.00000000
S4	f	0.45975528	0.31657746	0.00000000	0.00000000	10.00000000	0.00000000	0.00000000
S5	f	0.23530450	0.39938375	0.00000000	0.00000000	10.00000000	0.00000000	0.00000000
C1	c	0.77677750	0.74455953	0.18198779	0.00000000	8.00000000	0.02738400	0.00000000
C2	c	0.69677461	0.75432903	0.12605187	0.10000000	8.10000000	0.02384931	0.00000000
C3	c	0.59355723	0.67512978	0.21236526	0.20000000	8.20000000	0.02864878	0.00000000
C4	c	0.57368982	0.71827344	0.02533927	0.30000000	8.30000000	0.01719262	0.00000000
C5	c	0.72167326	0.72031055	0.04380958	0.40000000	8.40000000	0.02597398	0.00000000
C6	c	0.59211401	0.68102411	0.19884160	0.50000000	8.50000000	0.02123772	0.00000000
C7	c	0.64651562	0.64046752	0.21833129	0.60000000	8.60000000	0.02839667	0.00000000
C8	c	0.56270354	0.61358023	0.10390272	0.70000000	8.70000000	0.02613961	0.00000000
C9	c	0.71164462	0.74185764	0.23914240	0.80000000	8.80000000	0.01251285	0.00000000
C10	c	0.78614199	0.90538591	0.21118283	0.90000000	8.90000000	0.01905377	0.00000000
C11	c	0.68037024	0.71476365	0.23335753	1.00000000	9.00000000	0.01675875	0.00000000
C12	c	0.71758397	0.83394374	0.24413477	1.10000000	9.10000000	0.02331078	0.00000000
C13	c	0.74859686	0.81226296	0.13411520	1.20000000	9.20000000	0.02820495	0.00000000
C14	c	0.77917770	0.87209866	0.14372983	1.30000000	9.30000000	0.01059015	0.00000000
C15	c	0.28891894	0.60134216	0.07124626	1.40000000	9.40000000	0.02570216	0.00000000
C16	c	0.24516597	0.64827261	0.11460125	1.50000000	9.50000000	0.02954915	0.00000000
C17	c	0.29852072	0.58585553	0.26132957	1.60000000	9.60000000	0.02158752	0.00000000
C18	c	0.19516331	0.65619790	0.16797632	1.70000000	9.70000000	0.01615666	0.00000000
C19	c	0.32746130	0.58606208	0.03733862	1.80000000	9.80000000	0.02366982	0.00000000
C20	c	0.22935897	0.64180529	0.15732962	1.90000000	9.90000000	0.02915060	0.00000000
C21	c	0.22926328	0.70710233	0.10455592	2.00000000	10.00000000	0.02435967	0.00000000
C22	c	0.01272961	0.49232570	0.07688854	2.00000000	10.00000000	0.01152169	0.00000000
C23	c	0.03932822	0.57416468	0.04766865	2.00000000	10.00000000	0.02643447	0.00000000
C24	c	0.01570732	0.54529243	0.10535726	2.00000000	10.00000000	0.02015261	0.00000000
C25	c	0.04859722	0.55639565	0.06351316	2.00000000	10.00000000	0.02281459	0.00000000
C26	c	0.65093522	0.57143515	0.19887685	2.00000000	10.00000000	0.02155183	0.00000000
C27	c	0.61532995	0.55697465	0.26666731	2.00000000	10.00000000	0.02841851	0.00000000
C28	c	0.71881152	0.44789399	0.23811456	2.00000000	10.00000000	0.01905649	0.00000000
C29	c	0.72572590	0.57016056	0.03839504	2.00000000	10.00000000	0.01935916	0.00000000
C30	c	0.72849506	0.51481287	0.23384913	2.00000000	10.00000000	0.01812880	0.00000000

Q Vehicle fuel tank capacity /0.40000000/
C Vehicle load capacity /1.50000000/
r fuel consumption rate /0.25000000/
g inverse refueling rate /1.00000000/
v average Velocity /1.00000000/
