StringID	Type	x	y	demand	ReadyTime	DueDate	ServiceTime	altitude
D0	d	0.50000000	0.50000000	0.00000000	0.00000000	10.00000000	0.00000000	0.00000000
S0	f	0.40179669	0.42909451	0.00000000	0.00000000	10.00000000	0.00000000	0.00000000
S1	f	0.51935276	0.11213640	0.00000000	0.00000000	10.00000000	0.00000000	0.00000000
S2	f	0.93212290	0.26336309	0.00000000	0.00000000	10.00000000	0.00000000	0.00000000
S3	f	0.75462193	0.71222232	0.00000000	0.00000000	10.00000000	0.00000000	0.00000000
S4	f	0.02158044	0.63659955	0.00000000	0.00000000	10.00000000	0.00000000	0.00000000
S5	f	0.23494780	0.57049012	0.00000000	0.00000000	10.00000000	0.00000000	0.00000000
S6	f	0.70104649	0.10336118	0.00000000	0.00000000	10.00000000	0.00000000	0.00000000
S7	f	0.38456377	0.91513086	0.00000000	0.00000000	10.00000000	0.00000000	0.00000000
S8	f	0.21430936	0.96646390	0.00000000	0.00000000	10.00000000	0.00000000	0.00000000
S9	f	0.48820264	0.41684546	0.00000000	0.00000000	10.00000000	0.00000000	0.00000000
C1	c	0.88137508	0.91955123	0.02243432	0.00000000	8.00000000	0.02944849	0.00000000
C2	c	0.88589755	0.84761868	0.16261857	0.06000000	8.06000000	0.02167606	0.00000000
C3	c	0.79768379	0.92627623	0.11903744	0.12000000	8.12000000	0.01380886	0.00000000
C4	c	0.96341994	0.90804111	0.13868391	0.18000000	8.18000000	0.02435578	0.00000000
C5	c	0.87241518	0.82921052	0.16528060	0.24000000	8.24000000	0.01718910	0.00000000
C6	c	0.83600829	0.83033294	0.12811378	0.30000000	8.30000000	0.02972292	0.00000000
C7	c	0.72090089	0.27585942	0.02127459	0.36000000	8.36000000	0.02245068	0.00000000
C8	c	0.58437966	0.18243607	0.01550423	0.42000000	8.42000000	0.01231799	0.00000000
C9	c	0.62840743	0.17291405	0.15444748	0.48000000	8.48000000	0.01005254	0.00000000
C10	c	0.49439296	0.22978942	0.11840961	0.54000000	8.54000000	0.01375402	0.00000000
C11	c	0.62420185	0.27728276	0.09377569	0.60000000	8.60000000	0.01473166	0.00000000
C12	c	0.63412279	0.24132920	0.18909333	0.66000000	8.66000000	0.02297506	0.00000000
C13	c	0.22043586	0.47864608	0.07023233	0.72000000	8.72000000	0.02672289	0.00000000
C14	c	0.19538283	0.44317619	0.05651600	0.78000000	8.78000000	0.01332853	0.00000000
C15	c	0.25320530	0.45712422	0.08603453	0.84000000	8.84000000	0.01656588	0.00000000
C16	c	0.28329293	0.37794674	0.10434022	0.90000000	8.90000000	0.01753800	0.00000000
C17	c	0.30100980	0.44198232	0.02553553	0.96000000	8.96000000	0.01521400	0.00000000
C18	c	0.26533343	0.42619790	0.13321680	1.02000000	9.02000000	0.01352707	0.00000000
C19	c	0.22896575	0.45462312	0.09691442	1.08000000	9.08000000	0.01469253	0.00000000
C20	c	0.20012358	0.39202694	0.18762706	1.14000000	9.14000000	0.02654823	0.00000000
C21	c	0.31066492	0.33742820	0.06484954	1.20000000	9.20000000	0.02070944	0.00000000
C22	c	0.34107232	0.46066050	0.18455236	1.26000000	9.26000000	0.01688533	0.00000000
C23	c	0.34681711	0.42149193	0.06405943	1.32000000	9.32000000	0.01858657	0.00000000
C24	c	0.36603743	0.35136632	0.06939337	1.38000000	9.38000000	0.01400844	0.00000000
C25	c	0.29021152	0.35596655	0.10719733	1.44000000	9.44000000	0.02728838	0.00000000
C26	c	0.49071839	0.67464365	0.03905658	1.50000000	9.50000000	0.02110520	0.00000000
C27	c	0.47616808	0.64993408	0.05613209	1.56000000	9.56000000	0.02337786	0.00000000
C28	c	0.50962641	0.67831655	0.11857867	1.62000000	9.62000000	0.02379814	0.00000000
C29	c	0.45195231	0.63019322	0.01691601	1.68000000	9.68000000	0.01404387	0.00000000
C30	c	0.46324102	0.71883995	0.11328148	1.74000000	9.74000000	0.01479850	0.00000000
C31	c	0.54517089	0.62442496	0.17728782	1.80000000	9.80000000	0.01725354	0.00000000
C32	c	0.53057484	0.59250323	0.05800185	1.86000000	9.86000000	0.01280483	0.00000000
C33	c	0.45779662	0.61961404	0.16690939	1.92000000	9.92000000	0.02069698	0.00000000
C34	c	0.38211252	0.63124324	0.05036489	1.98000000	9.98000000	0.02474471	0.00000000
C35	c	0.48870429	0.62580556	0.02764616	2.00000000	10.00000000	0.02326268	0.00000000
C36	c	0.55482034	0.65000659	0.03391917	2.00000000	10.00000000	0.01740926	0.00000000
C37	c	0.54755426	0.64559141	0.03611746	2.00000000	10.00000000	0.01046246	0.00000000
C38	c	0.46202817	0.13304455	0.07049114	2.00000000	10.00000000	0.01162767	0.00000000
C39	c	0.49537580	0.16000966	0.03549479	2.00000000	10.00000000	0.02960669	0.00000000
C40	c	0.54987773	0.16966745	0.10114352	2.00000000	10.00000000	0.02943979	0.00000000
C41	c	0.46431708	0.19779266	0.05924250	2.00000000	10.00000000	0.01267370	0.00000000
C42	c	0.57606837	0.04123135	0.12743129	2.00000000	10.00000000	0.02002431	0.00000000
C43	c	0.30865559	0.39886400	0.04290102	2.00000000	10.00000000	0.02704981	0.00000000
C44	c	0.38090134	0.37881686	0.17291781	2.00000000	10.00000000	0.02807403	0.00000000
C45	c	0.45326404	0.35536867	0.01926505	2.00000000	10.00000000	0.02634869	0.00000000
C46	c	0.34288337	0.43232516	0.14292458	2.00000000	10.00000000	0.02334515	0.00000000
C47	c	0.38815330	0.35894497	0.04391958	2.00000000	10.00000000	0.01772026	0.00000000
C48	c	0.37411583	0.37847140	0.10061643	2.00000000	10.00000000	0.02756003	0.00000000
C49	c	0.39033797	0.39012297	0.06015405	2.00000000	10.00000000	0.02564003	0.00000000
C50	c	0.31836499	0.36794294	0.05014418	2.00000000	10.00000000	0.01943899	0.00000000

Q Vehicle fuel tank capacity /0.40000000/
C Vehicle load capacity /1.50000000/
r fuel consumption rate /0.25000000/
g inverse refueling rate /1.00000000/
v average Velocity /1.00000000/
