StringID	Type	x	y	demand	ReadyTime	DueDate	ServiceTime	altitude
D0	d	0.50000000	0.50000000	0.00000000	0.00000000	10.00000000	0.00000000	0.00000000
S0	f	0.18240513	0.70462521	0.00000000	0.00000000	10.00000000	0.00000000	0.00000000
S1	f	0.23027905	0.91869069	0.00000000	0.00000000	10.00000000	0.00000000	0.00000000
S2	f	0.77369752	0.37960439	0.00000000	0.00000000	10.00000000	0.00000000	0.00000000
S3	f	0.08563067	0.72988939	0.00000000	0.00000000	10.00000000	0.00000000	0.00000000
S4	f	0.07358256	0.62496924	0.00000000	0.00000000	10.00000000	0.00000000	0.00000000
S5	f	0.21025243	0.50901384	0.00000000	0.00000000	10.00000000	0.00000000	0.00000000
C1	c	0.62656049	0.73237185	0.18741758	0.00000000	8.00000000	0.02406432	0.00000000
C2	c	0.62395990	0.75035954	0.07373916	0.10000000	8.10000000	0.02978582	0.00000000
C3	c	0.55096361	0.76164404	0.22423266	0.20000000	8.20000000	0.02960961	0.00000000
C4	c	0.59506946	0.74267273	0.11163378	0.30000000	8.30000000	0.01165140	0.00000000
C5	c	0.93342194	0.46023782	0.17203715	0.40000000	8.40000000	0.01558296	0.00000000
C6	c	0.97991572	0.47592724	0.07198392	0.50000000	8.50000000	0.02118608	0.00000000
C7	c	0.97953609	0.32430175	0.25942093	0.60000000	8.60000000	0.01866423	0.00000000
C8	c	0.93078875	0.49883859	0.14182462	0.70000000	8.70000000	0.01981909	0.00000000
C9	c	0.95826960	0.48028998	0.26723677	0.80000000	8.80000000	0.02990276	0.00000000
C10	c	0.98099732	0.45906465	0.23127222	0.90000000	8.90000000	0.02762655	0.00000000
C11	c	0.91634347	0.39627837	0.06714119	1.00000000	9.00000000	0.02771463	0.00000000
C12	c	0.90807843	0.48348440	0.19713222	1.10000000	9.10000000	0.02179769	0.00000000
C13	c	0.58822805	0.58954697	0.22319821	1.20000000	9.20000000	0.01926016	0.00000000
C14	c	0.55317167	0.59234421	0.14020092	1.30000000	9.30000000	0.02464014	0.00000000
C15	c	0.51524901	0.61058982	0.16534134	1.40000000	9.40000000	0.02749648	0.00000000
C16	c	0.58779033	0.62530338	0.27355562	1.50000000	9.50000000	0.02349979	0.00000000
C17	c	0.29414310	0.00000000	0.21149297	1.60000000	9.60000000	0.02241461	0.00000000
C18	c	0.45230894	0.00000000	0.06576699	1.70000000	9.70000000	0.02916010	0.00000000
C19	c	0.45958907	0.09171927	0.06355176	1.80000000	9.80000000	0.01293261	0.00000000
C20	c	0.29029942	0.09770428	0.25803711	1.90000000	9.90000000	0.01606717	0.00000000
C21	c	0.30116696	0.07912771	0.02726084	2.00000000	10.00000000	0.01747130	0.00000000
C22	c	0.34415417	0.05489404	0.10562656	2.00000000	10.00000000	0.02553599	0.00000000
C23	c	0.30255835	0.00000000	0.06894260	2.00000000	10.00000000	0.02899039	0.00000000
C24	c	0.38243641	0.04149595	0.05437203	2.00000000	10.00000000	0.02436073	0.00000000
C25	c	0.35828688	0.12178220	0.06692731	2.00000000	10.00000000	0.02889211	0.00000000
C26	c	0.41851351	0.00508647	0.07473659	2.00000000	10.00000000	0.01383111	0.00000000
C27	c	0.10230954	0.53341525	0.24512055	2.00000000	10.00000000	0.01883220	0.00000000
C28	c	0.15460028	0.56683733	0.04647463	2.00000000	10.00000000	0.01921096	0.00000000
C29	c	0.20992810	0.57083957	0.14278450	2.00000000	10.00000000	0.01500745	0.00000000
C30	c	0.22321136	0.65875940	0.26153728	2.00000000	10.00000000	0.02063765	0.00000000

Q Vehicle fuel tank capacity /0.40000000/
C Vehicle load capacity /1.50000000/
r fuel consumption rate /0.25000000/
g inverse refueling rate /1.00000000/
v average Velocity /1.00000000/
