StringID	Type	x	y	demand	ReadyTime	DueDate	ServiceTime	altitude
D0	d	0.50000000	0.50000000	0.00000000	0.00000000	10.00000000	0.00000000	0.00000000
S0	f	0.37242452	0.51514711	0.00000000	0.00000000	10.00000000	0.00000000	0.00000000
S1	f	0.75444705	0.84257398	0.00000000	0.00000000	10.00000000	0.00000000	0.00000000
S2	f	0.12162981	0.00902375	0.00000000	0.00000000	10.00000000	0.00000000	0.00000000
S3	f	0.89768241	0.05713904	0.00000000	0.00000000	10.00000000	0.00000000	0.00000000
S4	f	0.58022905	0.03349259	0.00000000	0.00000000	10.00000000	0.00000000	0.00000000
S5	f	0.62178932	0.12808120	0.00000000	0.00000000	10.00000000	0.00000000	0.00000000
C1	c	0.63516400	0.98173180	0.29432383	0.00000000	8.00000000	0.01149256	0.00000000
C2	c	0.70850920	0.91707148	0.11157769	0.10000000	8.10000000	0.02077842	0.00000000
C3	c	0.62458477	0.94649366	0.22966318	0.20000000	8.20000000	0.02074550	0.00000000
C4	c	0.61327665	0.90131318	0.12520802	0.30000000	8.30000000	0.01626946	0.00000000
C5	c	0.65401380	0.92230718	0.03751442	0.40000000	8.40000000	0.01765266	0.00000000
C6	c	0.54209534	0.96384733	0.13309109	0.50000000	8.50000000	0.02253985	0.00000000
C7	c	0.92317066	0.30720956	0.24252247	0.60000000	8.60000000	0.01346492	0.00000000
C8	c	0.93661773	0.20217346	0.26525641	0.70000000	8.70000000	0.02142280	0.00000000
C9	c	0.90284529	0.26078826	0.31888993	0.80000000	8.80000000	0.01984397	0.00000000
C10	c	0.97105055	0.35080149	0.07816489	0.90000000	8.90000000	0.01736120	0.00000000
C11	c	0.96079733	0.27534089	0.08457567	1.00000000	9.00000000	0.02257705	0.00000000
C12	c	0.97817768	0.33570964	0.04307982	1.10000000	9.10000000	0.02396574	0.00000000
C13	c	0.96357077	0.64377252	0.20736219	1.20000000	9.20000000	0.01710736	0.00000000
C14	c	0.93459867	0.65867447	0.11199371	1.30000000	9.30000000	0.02754734	0.00000000
C15	c	0.84300598	0.53020080	0.13007336	1.40000000	9.40000000	0.01870616	0.00000000
C16	c	0.83767743	0.58275710	0.04280132	1.50000000	9.50000000	0.02247086	0.00000000
C17	c	0.88562407	0.60896645	0.13778923	1.60000000	9.60000000	0.01943714	0.00000000
C18	c	0.23749692	0.94090347	0.30044086	1.70000000	9.70000000	0.01090142	0.00000000
C19	c	0.29212625	1.00000000	0.22322193	1.80000000	9.80000000	0.01632969	0.00000000
C20	c	0.32789756	0.99886454	0.14147587	1.90000000	9.90000000	0.01373863	0.00000000
C21	c	0.31046203	1.00000000	0.05727169	2.00000000	10.00000000	0.02908310	0.00000000
C22	c	0.28517774	0.98838101	0.04252593	2.00000000	10.00000000	0.01836531	0.00000000
C23	c	0.31283667	1.00000000	0.05943951	2.00000000	10.00000000	0.01165017	0.00000000
C24	c	0.33712372	0.94651296	0.03037816	2.00000000	10.00000000	0.01275816	0.00000000
C25	c	0.01276393	0.94196407	0.09402517	2.00000000	10.00000000	0.01055312	0.00000000
C26	c	0.09562488	0.90971717	0.04784563	2.00000000	10.00000000	0.02854554	0.00000000
C27	c	0.00000000	0.81628739	0.18266946	2.00000000	10.00000000	0.02734361	0.00000000
C28	c	0.11379681	0.94176816	0.30382643	2.00000000	10.00000000	0.02461890	0.00000000
C29	c	0.02338516	0.83951186	0.33495747	2.00000000	10.00000000	0.02435384	0.00000000
C30	c	0.00000000	0.88516933	0.08803464	2.00000000	10.00000000	0.02124994	0.00000000

Q Vehicle fuel tank capacity /0.40000000/
C Vehicle load capacity /1.50000000/
r fuel consumption rate /0.25000000/
g inverse refueling rate /1.00000000/
v average Velocity /1.00000000/
