StringID	Type	x	y	demand	ReadyTime	DueDate	ServiceTime	altitude
D0	d	0.50000000	0.50000000	0.00000000	0.00000000	10.00000000	0.00000000	0.00000000
S0	f	0.86246947	0.11083290	0.00000000	0.00000000	10.00000000	0.00000000	0.00000000
S1	f	0.55220707	0.01998836	0.00000000	0.00000000	10.00000000	0.00000000	0.00000000
S2	f	0.89161730	0.30819225	0.00000000	0.00000000	10.00000000	0.00000000	0.00000000
S3	f	0.21729090	0.53129588	0.00000000	0.00000000	10.00000000	0.00000000	0.00000000
S4	f	0.45979126	0.75035125	0.00000000	0.00000000	10.00000000	0.00000000	0.00000000
S5	f	0.49214270	0.45456816	0.00000000	0.00000000	10.00000000	0.00000000	0.00000000
C1	c	0.65256028	0.48254637	0.10285986	0.00000000	8.00000000	0.02342006	0.00000000
C2	c	0.68015453	0.51391061	0.04974742	0.10000000	8.10000000	0.02727714	0.00000000
C3	c	0.60560700	0.45760142	0.11674246	0.20000000	8.20000000	0.02900940	0.00000000
C4	c	0.73336310	0.48576876	0.21004881	0.30000000	8.30000000	0.02767969	0.00000000
C5	c	0.75641579	0.40427912	0.09633992	0.40000000	8.40000000	0.01536810	0.00000000
C6	c	0.69640609	0.50783424	0.05631238	0.50000000	8.50000000	0.01878983	0.00000000
C7	c	0.73108277	0.44528134	0.18894923	0.60000000	8.60000000	0.01587627	0.00000000
C8	c	0.00000000	0.18643591	0.24931550	0.70000000	8.70000000	0.01429326	0.00000000
C9	c	0.00972116	0.22558952	0.02467322	0.80000000	8.80000000	0.01437282	0.00000000
C10	c	0.05148969	0.27254296	0.03853130	0.90000000	8.90000000	0.01389896	0.00000000
C11	c	0.00000000	0.13816367	0.24059535	1.00000000	9.00000000	0.01072204	0.00000000
C12	c	0.08422695	0.12515136	0.18608589	1.10000000	9.10000000	0.01607320	0.00000000
C13	c	0.00000000	0.13615267	0.11531212	1.20000000	9.20000000	0.01348018	0.00000000
C14	c	0.32673286	0.95848661	0.20754503	1.30000000	9.30000000	0.02501782	0.00000000
C15	c	0.32950029	0.92167399	0.32161944	1.40000000	9.40000000	0.01930146	0.00000000
C16	c	0.35448513	0.92382978	0.18395233	1.50000000	9.50000000	0.01782308	0.00000000
C17	c	0.30372479	1.00000000	0.13021548	1.60000000	9.60000000	0.01194492	0.00000000
C18	c	0.37471307	0.91689644	0.25129089	1.70000000	9.70000000	0.02573536	0.00000000
C19	c	0.32906862	0.96814877	0.10039785	1.80000000	9.80000000	0.01327682	0.00000000
C20	c	0.32568405	0.99884165	0.02283734	1.90000000	9.90000000	0.02815025	0.00000000
C21	c	0.28433620	1.00000000	0.19703718	2.00000000	10.00000000	0.02218493	0.00000000
C22	c	0.76705310	0.57043143	0.29545914	2.00000000	10.00000000	0.02341505	0.00000000
C23	c	0.71125192	0.61599155	0.11598449	2.00000000	10.00000000	0.01862392	0.00000000
C24	c	0.70893743	0.66571999	0.08480851	2.00000000	10.00000000	0.01991234	0.00000000
C25	c	0.00000000	0.80140599	0.30113583	2.00000000	10.00000000	0.01563761	0.00000000
C26	c	0.00000000	0.81291879	0.04587291	2.00000000	10.00000000	0.02108272	0.00000000
C27	c	0.03752354	0.86531442	0.26972028	2.00000000	10.00000000	0.02684980	0.00000000
C28	c	0.02162923	0.75851776	0.06082534	2.00000000	10.00000000	0.01068947	0.00000000
C29	c	0.02103855	0.81008067	0.06054106	2.00000000	10.00000000	0.02874751	0.00000000
C30	c	0.02123018	0.86298882	0.17524344	2.00000000	10.00000000	0.01907187	0.00000000

Q Vehicle fuel tank capacity /0.40000000/
C Vehicle load capacity /1.50000000/
r fuel consumption rate /0.25000000/
g inverse refueling rate /1.00000000/
v average Velocity /1.00000000/
