StringID	Type	x	y	demand	ReadyTime	DueDate	ServiceTime	altitude
D0	d	0.50000000	0.50000000	0.00000000	0.00000000	10.00000000	0.00000000	0.00000000
S0	f	0.93145797	0.68360095	0.00000000	0.00000000	10.00000000	0.00000000	0.00000000
S1	f	0.22772646	0.04906156	0.00000000	0.00000000	10.00000000	0.00000000	0.00000000
S2	f	0.87495890	0.31999330	0.00000000	0.00000000	10.00000000	0.00000000	0.00000000
S3	f	0.26665407	0.63878276	0.00000000	0.00000000	10.00000000	0.00000000	0.00000000
S4	f	0.36919595	0.08025335	0.00000000	0.00000000	10.00000000	0.00000000	0.00000000
S5	f	0.32738561	0.26839489	0.00000000	0.00000000	10.00000000	0.00000000	0.00000000
C1	c	0.36956572	0.87718051	0.21166257	0.00000000	8.00000000	0.02035558	0.00000000
C2	c	0.35070005	0.91167072	0.18623901	0.10000000	8.10000000	0.02109340	0.00000000
C3	c	0.36601880	0.85353826	0.24373247	0.20000000	8.20000000	0.02880382	0.00000000
C4	c	0.42888077	0.96886027	0.12409073	0.30000000	8.30000000	0.01493191	0.00000000
C5	c	0.33864503	1.00000000	0.14723832	0.40000000	8.40000000	0.01215640	0.00000000
C6	c	0.35096366	0.97068615	0.07275832	0.50000000	8.50000000	0.01255942	0.00000000
C7	c	0.43657719	0.86181804	0.08830676	0.60000000	8.60000000	0.02451471	0.00000000
C8	c	0.32813300	1.00000000	0.24653960	0.70000000	8.70000000	0.01091644	0.00000000
C9	c	0.40383382	0.94052392	0.23079638	0.80000000	8.80000000	0.01031119	0.00000000
C10	c	0.97448626	0.71239331	0.12102014	0.90000000	8.90000000	0.01323320	0.00000000
C11	c	1.00000000	0.66825495	0.21623046	1.00000000	9.00000000	0.01358200	0.00000000
C12	c	0.99175109	0.60602731	0.24492821	1.10000000	9.10000000	0.01054660	0.00000000
C13	c	0.98579471	0.67874303	0.05184728	1.20000000	9.20000000	0.02206282	0.00000000
C14	c	0.26369019	0.11725962	0.03937795	1.30000000	9.30000000	0.01171994	0.00000000
C15	c	0.13697983	0.01339078	0.06003073	1.40000000	9.40000000	0.01094003	0.00000000
C16	c	0.23577511	0.11062422	0.25007462	1.50000000	9.50000000	0.01231726	0.00000000
C17	c	0.27287534	0.08090823	0.13370871	1.60000000	9.60000000	0.02611390	0.00000000
C18	c	0.44405605	0.73748723	0.16962113	1.70000000	9.70000000	0.01974848	0.00000000
C19	c	0.51084386	0.80234368	0.07187976	1.80000000	9.80000000	0.01497928	0.00000000
C20	c	0.36724621	0.76191029	0.03412716	1.90000000	9.90000000	0.02075817	0.00000000
C21	c	0.53696119	0.77645363	0.07157574	2.00000000	10.00000000	0.02696768	0.00000000
C22	c	0.44604012	0.75247799	0.22374823	2.00000000	10.00000000	0.02187693	0.00000000
C23	c	0.42749916	0.76958596	0.09932319	2.00000000	10.00000000	0.01252814	0.00000000
C24	c	0.42228867	0.74402994	0.12787845	2.00000000	10.00000000	0.01955459	0.00000000
C25	c	0.89713632	0.54512905	0.13342648	2.00000000	10.00000000	0.02261611	0.00000000
C26	c	0.89176284	0.52616739	0.20856194	2.00000000	10.00000000	0.02946729	0.00000000
C27	c	0.81669243	0.44909744	0.16591496	2.00000000	10.00000000	0.01727623	0.00000000
C28	c	0.82090308	0.44667817	0.15831248	2.00000000	10.00000000	0.01592563	0.00000000
C29	c	0.86840991	0.44386269	0.14955416	2.00000000	10.00000000	0.01903449	0.00000000
C30	c	0.86293239	0.50344436	0.21749407	2.00000000	10.00000000	0.01531471	0.00000000

Q Vehicle fuel tank capacity /0.40000000/
C Vehicle load capacity /1.50000000/
r fuel consumption rate /0.25000000/
g inverse refueling rate /1.00000000/
v average Velocity /1.00000000/
