StringID	Type	x	y	demand	ReadyTime	DueDate	ServiceTime	altitude
D0	d	0.50000000	0.50000000	0.00000000	0.00000000	10.00000000	0.00000000	0.00000000
S0	f	0.82765429	0.45731689	0.00000000	0.00000000	10.00000000	0.00000000	0.00000000
S1	f	0.58560369	0.40790643	0.00000000	0.00000000	10.00000000	0.00000000	0.00000000
S2	f	0.79277844	0.06995484	0.00000000	0.00000000	10.00000000	0.00000000	0.00000000
S3	f	0.35460252	0.32073921	0.00000000	0.00000000	10.00000000	0.00000000	0.00000000
S4	f	0.16014738	0.06163937	0.00000000	0.00000000	10.00000000	0.00000000	0.00000000
S5	f	0.82762553	0.37253253	0.00000000	0.00000000	10.00000000	0.00000000	0.00000000
S6	f	0.51647603	0.03397251	0.00000000	0.00000000	10.00000000	0.00000000	0.00000000
S7	f	0.00859368	0.28259461	0.00000000	0.00000000	10.00000000	0.00000000	0.00000000
S8	f	0.58821109	0.20577347	0.00000000	0.00000000	10.00000000	0.00000000	0.00000000
S9	f	0.46457116	0.40177415	0.00000000	0.00000000	10.00000000	0.00000000	0.00000000
C1	c	0.68368710	0.69055252	0.05762958	0.00000000	8.00000000	0.02953858	0.00000000
C2	c	0.62045439	0.76021783	0.08084368	0.06000000	8.06000000	0.02202423	0.00000000
C3	c	0.60017525	0.65155794	0.01285664	0.12000000	8.12000000	0.02434835	0.00000000
C4	c	0.64324169	0.70058926	0.06868326	0.18000000	8.18000000	0.01652898	0.00000000
C5	c	0.64244843	0.85467554	0.02937256	0.24000000	8.24000000	0.02935178	0.00000000
C6	c	0.65909515	0.81510353	0.16466195	0.30000000	8.30000000	0.02513137	0.00000000
C7	c	0.67694517	0.65156726	0.12410981	0.36000000	8.36000000	0.01784050	0.00000000
C8	c	0.61645399	0.73079812	0.07619933	0.42000000	8.42000000	0.02475536	0.00000000
C9	c	0.58375068	0.71839744	0.08603184	0.48000000	8.48000000	0.02349361	0.00000000
C10	c	0.58796039	0.70874653	0.10381178	0.54000000	8.54000000	0.02441933	0.00000000
C11	c	0.49657243	0.72843025	0.10268231	0.60000000	8.60000000	0.02801805	0.00000000
C12	c	0.53070713	0.79964384	0.12386198	0.66000000	8.66000000	0.02421344	0.00000000
C13	c	0.55456236	0.74000607	0.14085861	0.72000000	8.72000000	0.02777620	0.00000000
C14	c	0.56412529	0.77136351	0.07240480	0.78000000	8.78000000	0.01876393	0.00000000
C15	c	0.57748535	0.77318568	0.10358776	0.84000000	8.84000000	0.02011240	0.00000000
C16	c	0.09127070	0.50537890	0.10321770	0.90000000	8.90000000	0.02855801	0.00000000
C17	c	0.07701534	0.52798631	0.08413865	0.96000000	8.96000000	0.02203217	0.00000000
C18	c	0.00000000	0.53405975	0.16043697	1.02000000	9.02000000	0.01023718	0.00000000
C19	c	0.05732146	0.59341139	0.16895708	1.08000000	9.08000000	0.01465294	0.00000000
C20	c	0.11172539	0.57167546	0.13499683	1.14000000	9.14000000	0.02261096	0.00000000
C21	c	0.07417000	0.55093460	0.14632634	1.20000000	9.20000000	0.01359969	0.00000000
C22	c	0.00000000	0.52647213	0.05668331	1.26000000	9.26000000	0.01531379	0.00000000
C23	c	0.31930348	0.15807014	0.11201557	1.32000000	9.32000000	0.01864468	0.00000000
C24	c	0.31038648	0.25844442	0.02343339	1.38000000	9.38000000	0.02331353	0.00000000
C25	c	0.34090711	0.24527377	0.04521389	1.44000000	9.44000000	0.02653517	0.00000000
C26	c	0.32107966	0.21089365	0.13682109	1.50000000	9.50000000	0.02297526	0.00000000
C27	c	0.31979265	0.25817805	0.07346614	1.56000000	9.56000000	0.01040377	0.00000000
C28	c	0.36593477	0.11107001	0.15674983	1.62000000	9.62000000	0.01207167	0.00000000
C29	c	0.93524756	0.89262424	0.11764195	1.68000000	9.68000000	0.01926744	0.00000000
C30	c	0.93898640	0.83360889	0.03063236	1.74000000	9.74000000	0.01505777	0.00000000
C31	c	0.90461613	0.72097778	0.08303751	1.80000000	9.80000000	0.01777779	0.00000000
C32	c	0.92076665	0.88085471	0.02181772	1.86000000	9.86000000	0.01302759	0.00000000
C33	c	1.00000000	0.72417489	0.16802375	1.92000000	9.92000000	0.02693869	0.00000000
C34	c	0.83970753	0.76084625	0.04119355	1.98000000	9.98000000	0.02110489	0.00000000
C35	c	0.90003219	0.78543087	0.16796103	2.00000000	10.00000000	0.02528823	0.00000000
C36	c	0.96152686	0.77753267	0.07484093	2.00000000	10.00000000	0.02628225	0.00000000
C37	c	0.86314134	0.79223927	0.14614247	2.00000000	10.00000000	0.02317089	0.00000000
C38	c	0.94856636	0.67498820	0.04354756	2.00000000	10.00000000	0.01762741	0.00000000
C39	c	0.85891230	0.66965000	0.05694570	2.00000000	10.00000000	0.01641930	0.00000000
C40	c	0.90012619	0.74758994	0.08731245	2.00000000	10.00000000	0.01965759	0.00000000
C41	c	0.91414180	0.70161887	0.13442361	2.00000000	10.00000000	0.02767188	0.00000000
C42	c	0.35095511	0.94032765	0.06014552	2.00000000	10.00000000	0.01972890	0.00000000
C43	c	0.35849422	0.98163035	0.06994219	2.00000000	10.00000000	0.02338840	0.00000000
C44	c	0.31081771	0.95682709	0.04616547	2.00000000	10.00000000	0.02741905	0.00000000
C45	c	0.36612571	0.91038753	0.11182572	2.00000000	10.00000000	0.02732401	0.00000000
C46	c	0.30845164	0.88931803	0.05150194	2.00000000	10.00000000	0.02906936	0.00000000
C47	c	0.35333023	0.92533431	0.04022100	2.00000000	10.00000000	0.02862509	0.00000000
C48	c	0.33510435	0.85951465	0.05366810	2.00000000	10.00000000	0.02910212	0.00000000
C49	c	0.32358347	0.90524568	0.02352599	2.00000000	10.00000000	0.01608224	0.00000000
C50	c	0.37955988	0.89307209	0.11943081	2.00000000	10.00000000	0.02768026	0.00000000

Q Vehicle fuel tank capacity /0.40000000/
C Vehicle load capacity /1.50000000/
r fuel consumption rate /0.25000000/
g inverse refueling rate /1.00000000/
v average Velocity /1.00000000/
