StringID	Type	x	y	demand	ReadyTime	DueDate	ServiceTime	altitude
D0	d	0.50000000	0.50000000	0.00000000	0.00000000	10.00000000	0.00000000	0.00000000
S0	f	0.30262189	0.14206976	0.00000000	0.00000000	10.00000000	0.00000000	0.00000000
S1	f	0.95285215	0.20668342	0.00000000	0.00000000	10.00000000	0.00000000	0.00000000
S2	f	0.60255068	0.76716402	0.00000000	0.00000000	10.00000000	0.00000000	0.00000000
S3	f	0.39363040	0.81291305	0.00000000	0.00000000	10.00000000	0.00000000	0.00000000
S4	f	0.73058733	0.95041566	0.00000000	0.00000000	10.00000000	0.00000000	0.00000000
S5	f	0.03123862	0.54180620	0.00000000	0.00000000	10.00000000	0.00000000	0.00000000
C1	c	0.78108930	0.10855700	0.19845380	0.00000000	8.00000000	0.01286151	0.00000000
C2	c	0.88510653	0.13942347	0.26645638	0.10000000	8.10000000	0.01683382	0.00000000
C3	c	0.89910541	0.12956567	0.03998303	0.20000000	8.20000000	0.02913560	0.00000000
C4	c	0.81958364	0.13917501	0.11668231	0.30000000	8.30000000	0.01438879	0.00000000
C5	c	0.82783194	0.04372976	0.16901770	0.40000000	8.40000000	0.01506824	0.00000000
C6	c	0.76416023	0.15027741	0.20278101	0.50000000	8.50000000	0.02312447	0.00000000
C7	c	0.83062455	0.20220251	0.02966183	0.60000000	8.60000000	0.01402134	0.00000000
C8	c	0.79610099	0.12777107	0.26504433	0.70000000	8.70000000	0.02906308	0.00000000
C9	c	0.85671550	0.15172125	0.05046414	0.80000000	8.80000000	0.01994994	0.00000000
C10	c	0.80402586	0.15155195	0.22978165	0.90000000	8.90000000	0.02245962	0.00000000
C11	c	0.33080689	0.06682787	0.20466696	1.00000000	9.00000000	0.01332194	0.00000000
C12	c	0.30995012	0.09877124	0.11955927	1.10000000	9.10000000	0.01789312	0.00000000
C13	c	0.19099442	0.15555929	0.14908750	1.20000000	9.20000000	0.01257859	0.00000000
C14	c	0.17508255	0.53699439	0.14965319	1.30000000	9.30000000	0.02918009	0.00000000
C15	c	0.17417909	0.59597016	0.12115945	1.40000000	9.40000000	0.01169315	0.00000000
C16	c	0.11593075	0.48154301	0.26195865	1.50000000	9.50000000	0.01905725	0.00000000
C17	c	0.14500634	0.42726845	0.11579089	1.60000000	9.60000000	0.01235174	0.00000000
C18	c	0.17258154	0.59571054	0.12921802	1.70000000	9.70000000	0.01269940	0.00000000
C19	c	0.12718859	0.57387457	0.14361373	1.80000000	9.80000000	0.01456879	0.00000000
C20	c	0.34565590	0.33106817	0.25106157	1.90000000	9.90000000	0.01855362	0.00000000
C21	c	0.33143851	0.25479057	0.23851964	2.00000000	10.00000000	0.02283791	0.00000000
C22	c	0.22829333	0.43038716	0.01855277	2.00000000	10.00000000	0.01441012	0.00000000
C23	c	0.37036988	0.29006142	0.16756405	2.00000000	10.00000000	0.01930824	0.00000000
C24	c	0.34617465	0.24330766	0.05774689	2.00000000	10.00000000	0.01498108	0.00000000
C25	c	0.41273741	0.34371053	0.06666148	2.00000000	10.00000000	0.01552826	0.00000000
C26	c	0.47012553	0.30950666	0.17136174	2.00000000	10.00000000	0.02006109	0.00000000
C27	c	0.36209594	0.44942574	0.07737618	2.00000000	10.00000000	0.01186345	0.00000000
C28	c	0.39734498	0.32823025	0.06341713	2.00000000	10.00000000	0.01732302	0.00000000
C29	c	0.35724059	0.53069106	0.15650533	2.00000000	10.00000000	0.01337822	0.00000000
C30	c	0.42980138	0.43393843	0.26819935	2.00000000	10.00000000	0.02727592	0.00000000

Q Vehicle fuel tank capacity /0.40000000/
C Vehicle load capacity /1.50000000/
r fuel consumption rate /0.25000000/
g inverse refueling rate /1.00000000/
v average Velocity /1.00000000/
