StringID	Type	x	y	demand	ReadyTime	DueDate	ServiceTime	altitude
D0	d	0.50000000	0.50000000	0.00000000	0.00000000	10.00000000	0.00000000	0.00000000
S0	f	0.05288414	0.90302480	0.00000000	0.00000000	10.00000000	0.00000000	0.00000000
S1	f	0.22713030	0.92384067	0.00000000	0.00000000	10.00000000	0.00000000	0.00000000
S2	f	0.40732481	0.90933008	0.00000000	0.00000000	10.00000000	0.00000000	0.00000000
S3	f	0.16116347	0.23367697	0.00000000	0.00000000	10.00000000	0.00000000	0.00000000
S4	f	0.95689720	0.97133257	0.00000000	0.00000000	10.00000000	0.00000000	0.00000000
S5	f	0.25046806	0.82972155	0.00000000	0.00000000	10.00000000	0.00000000	0.00000000
C1	c	0.03450291	0.82585432	0.06623616	0.00000000	8.00000000	0.01236103	0.00000000
C2	c	0.02019761	0.84211811	0.17785685	0.10000000	8.10000000	0.02385903	0.00000000
C3	c	0.10889821	0.99311488	0.24753942	0.20000000	8.20000000	0.02673618	0.00000000
C4	c	0.05265090	0.84964506	0.10841840	0.30000000	8.30000000	0.02231105	0.00000000
C5	c	0.52641143	0.69917357	0.05507595	0.40000000	8.40000000	0.02679591	0.00000000
C6	c	0.49938256	0.57562313	0.19363789	0.50000000	8.50000000	0.02897401	0.00000000
C7	c	0.49323074	0.57095876	0.10016766	0.60000000	8.60000000	0.02786198	0.00000000
C8	c	0.54776783	0.56692757	0.22355877	0.70000000	8.70000000	0.02365889	0.00000000
C9	c	0.47351850	0.53309530	0.02694553	0.80000000	8.80000000	0.01016578	0.00000000
C10	c	0.40000210	0.60533912	0.23253904	0.90000000	8.90000000	0.01031927	0.00000000
C11	c	0.65107140	0.59713234	0.07994040	1.00000000	9.00000000	0.02360431	0.00000000
C12	c	0.53557048	0.61794388	0.18124332	1.10000000	9.10000000	0.01229655	0.00000000
C13	c	0.54481467	0.63749644	0.11012887	1.20000000	9.20000000	0.01419228	0.00000000
C14	c	0.50053841	0.60960439	0.08685457	1.30000000	9.30000000	0.01806150	0.00000000
C15	c	0.02354216	0.26518628	0.07175933	1.40000000	9.40000000	0.02600704	0.00000000
C16	c	0.00629297	0.25066960	0.18399324	1.50000000	9.50000000	0.01040608	0.00000000
C17	c	0.05067366	0.32314158	0.12996726	1.60000000	9.60000000	0.02228075	0.00000000
C18	c	0.01057309	0.29122895	0.22939625	1.70000000	9.70000000	0.02174048	0.00000000
C19	c	0.02632506	0.29594235	0.14828626	1.80000000	9.80000000	0.01301258	0.00000000
C20	c	0.75121137	0.94047286	0.18676730	1.90000000	9.90000000	0.02963434	0.00000000
C21	c	0.74908519	0.83832809	0.25625604	2.00000000	10.00000000	0.01842885	0.00000000
C22	c	0.77885648	0.91641066	0.18899619	2.00000000	10.00000000	0.02251838	0.00000000
C23	c	0.80688567	0.94067160	0.24673573	2.00000000	10.00000000	0.01582837	0.00000000
C24	c	0.82278240	0.90249571	0.14931300	2.00000000	10.00000000	0.01770733	0.00000000
C25	c	0.78155096	0.94099899	0.10041650	2.00000000	10.00000000	0.02507537	0.00000000
C26	c	0.87439078	0.87044279	0.26069563	2.00000000	10.00000000	0.02414257	0.00000000
C27	c	0.84065596	0.90685443	0.18343373	2.00000000	10.00000000	0.01018255	0.00000000
C28	c	0.84523592	0.62185865	0.13982724	2.00000000	10.00000000	0.02767452	0.00000000
C29	c	0.72186823	0.62002846	0.09553843	2.00000000	10.00000000	0.01349883	0.00000000
C30	c	0.77706894	0.67145671	0.03847503	2.00000000	10.00000000	0.02030676	0.00000000

Q Vehicle fuel tank capacity /0.40000000/
C Vehicle load capacity /1.50000000/
r fuel consumption rate /0.25000000/
g inverse refueling rate /1.00000000/
v average Velocity /1.00000000/
