StringID	Type	x	y	demand	ReadyTime	DueDate	ServiceTime	altitude
D0	d	0.50000000	0.50000000	0.00000000	0.00000000	10.00000000	0.00000000	0.00000000
S0	f	0.51864866	0.44340556	0.00000000	0.00000000	10.00000000	0.00000000	0.00000000
S1	f	0.62030959	0.04676907	0.00000000	0.00000000	10.00000000	0.00000000	0.00000000
S2	f	0.81638564	0.17443232	0.00000000	0.00000000	10.00000000	0.00000000	0.00000000
S3	f	0.60267812	0.49278784	0.00000000	0.00000000	10.00000000	0.00000000	0.00000000
S4	f	0.48795092	0.10645065	0.00000000	0.00000000	10.00000000	0.00000000	0.00000000
S5	f	0.22732685	0.07324314	0.00000000	0.00000000	10.00000000	0.00000000	0.00000000
C1	c	0.34692701	0.09272379	0.11856092	0.00000000	8.00000000	0.02211574	0.00000000
C2	c	0.37298893	0.18648130	0.18599218	0.10000000	8.10000000	0.02696302	0.00000000
C3	c	0.34322871	0.03948855	0.22609223	0.20000000	8.20000000	0.02081038	0.00000000
C4	c	0.24698755	0.00647900	0.26054408	0.30000000	8.30000000	0.01753795	0.00000000
C5	c	0.29766563	0.06983114	0.22911311	0.40000000	8.40000000	0.01605255	0.00000000
C6	c	0.33078361	0.12481272	0.17269494	0.50000000	8.50000000	0.02998305	0.00000000
C7	c	0.29231225	0.39997595	0.09783903	0.60000000	8.60000000	0.01051971	0.00000000
C8	c	0.39995306	0.36621862	0.25555816	0.70000000	8.70000000	0.01767716	0.00000000
C9	c	0.30099950	0.35650174	0.07867750	0.80000000	8.80000000	0.02367825	0.00000000
C10	c	0.33537763	0.31978223	0.09136211	0.90000000	8.90000000	0.02915013	0.00000000
C11	c	0.22971689	0.17831895	0.08606018	1.00000000	9.00000000	0.01052629	0.00000000
C12	c	0.39711409	0.23951885	0.08129008	1.10000000	9.10000000	0.01121962	0.00000000
C13	c	0.11497704	0.98327892	0.07759725	1.20000000	9.20000000	0.01827780	0.00000000
C14	c	0.07101252	1.00000000	0.14328578	1.30000000	9.30000000	0.01837950	0.00000000
C15	c	0.10124853	1.00000000	0.03475388	1.40000000	9.40000000	0.01298653	0.00000000
C16	c	0.04677657	0.98556004	0.06741693	1.50000000	9.50000000	0.02128289	0.00000000
C17	c	0.07874958	0.93423229	0.21920694	1.60000000	9.60000000	0.01496649	0.00000000
C18	c	0.10036886	1.00000000	0.21465777	1.70000000	9.70000000	0.02434491	0.00000000
C19	c	0.09332157	0.99526112	0.02072493	1.80000000	9.80000000	0.02234714	0.00000000
C20	c	0.15281947	0.58113900	0.20580325	1.90000000	9.90000000	0.02381237	0.00000000
C21	c	0.04433272	0.66424335	0.15392630	2.00000000	10.00000000	0.02865132	0.00000000
C22	c	0.10377333	0.69604297	0.10962004	2.00000000	10.00000000	0.01439282	0.00000000
C23	c	0.43241282	0.59633975	0.26451327	2.00000000	10.00000000	0.02454276	0.00000000
C24	c	0.49356528	0.56964172	0.02049930	2.00000000	10.00000000	0.02739451	0.00000000
C25	c	0.46523713	0.56024254	0.05342925	2.00000000	10.00000000	0.01629454	0.00000000
C26	c	0.45165770	0.58436728	0.19225112	2.00000000	10.00000000	0.02078612	0.00000000
C27	c	0.41007304	0.46644273	0.22208836	2.00000000	10.00000000	0.01438505	0.00000000
C28	c	0.36212146	0.63220378	0.26890513	2.00000000	10.00000000	0.02141478	0.00000000
C29	c	0.49515570	0.54288247	0.15752375	2.00000000	10.00000000	0.01597580	0.00000000
C30	c	0.53096556	0.64438203	0.19001225	2.00000000	10.00000000	0.02103752	0.00000000

Q Vehicle fuel tank capacity /0.40000000/
C Vehicle load capacity /1.50000000/
r fuel consumption rate /0.25000000/
g inverse refueling rate /1.00000000/
v average Velocity /1.00000000/
