StringID	Type	x	y	demand	ReadyTime	DueDate	ServiceTime	altitude
D0	d	0.50000000	0.50000000	0.00000000	0.00000000	10.00000000	0.00000000	0.00000000
S0	f	0.87073155	0.02098020	0.00000000	0.00000000	10.00000000	0.00000000	0.00000000
S1	f	0.21055244	0.29892255	0.00000000	0.00000000	10.00000000	0.00000000	0.00000000
S2	f	0.24893617	0.90539901	0.00000000	0.00000000	10.00000000	0.00000000	0.00000000
S3	f	0.57171581	0.57874782	0.00000000	0.00000000	10.00000000	0.00000000	0.00000000
S4	f	0.77176998	0.68873235	0.00000000	0.00000000	10.00000000	0.00000000	0.00000000
S5	f	0.71994120	0.95211638	0.00000000	0.00000000	10.00000000	0.00000000	0.00000000
C1	c	0.12620669	0.28848880	0.06879947	0.00000000	8.00000000	0.02920044	0.00000000
C2	c	0.10699093	0.23073053	0.17358800	0.10000000	8.10000000	0.01432264	0.00000000
C3	c	0.05079218	0.25804235	0.16649990	0.20000000	8.20000000	0.01997539	0.00000000
C4	c	0.09556887	0.35523846	0.18247523	0.30000000	8.30000000	0.02181715	0.00000000
C5	c	0.09053485	0.32702270	0.25170701	0.40000000	8.40000000	0.02650025	0.00000000
C6	c	0.11887810	0.28095018	0.11199585	0.50000000	8.50000000	0.01551264	0.00000000
C7	c	0.01052990	0.30753339	0.18108453	0.60000000	8.60000000	0.01170019	0.00000000
C8	c	0.05301354	0.30599581	0.23530202	0.70000000	8.70000000	0.01169910	0.00000000
C9	c	0.10664184	0.93161774	0.14245219	0.80000000	8.80000000	0.01389536	0.00000000
C10	c	0.10285539	0.84612007	0.07505095	0.90000000	8.90000000	0.02381979	0.00000000
C11	c	0.44018979	0.47673925	0.23402345	1.00000000	9.00000000	0.02524475	0.00000000
C12	c	0.31969461	0.37355902	0.21961082	1.10000000	9.10000000	0.02927580	0.00000000
C13	c	0.41104870	0.39052342	0.04100117	1.20000000	9.20000000	0.02350326	0.00000000
C14	c	0.45760868	0.47144670	0.12424622	1.30000000	9.30000000	0.02457391	0.00000000
C15	c	0.41483827	0.43427842	0.04695672	1.40000000	9.40000000	0.01356417	0.00000000
C16	c	0.28404106	0.00336847	0.25245414	1.50000000	9.50000000	0.02442826	0.00000000
C17	c	0.38868333	0.03324782	0.15164600	1.60000000	9.60000000	0.02236228	0.00000000
C18	c	0.34736801	0.00000000	0.22037889	1.70000000	9.70000000	0.02785081	0.00000000
C19	c	0.40438255	0.00000000	0.19902991	1.80000000	9.80000000	0.02924848	0.00000000
C20	c	0.38004997	0.05285470	0.11874900	1.90000000	9.90000000	0.01721078	0.00000000
C21	c	0.17202356	0.00000000	0.23820860	2.00000000	10.00000000	0.02535188	0.00000000
C22	c	0.23330440	0.10736488	0.11805011	2.00000000	10.00000000	0.02521884	0.00000000
C23	c	0.33926971	0.07354707	0.07042241	2.00000000	10.00000000	0.01969601	0.00000000
C24	c	0.25756274	0.05632940	0.17986405	2.00000000	10.00000000	0.02413037	0.00000000
C25	c	0.28458032	0.21868911	0.07608423	2.00000000	10.00000000	0.01677971	0.00000000
C26	c	0.32068399	0.19713427	0.08321650	2.00000000	10.00000000	0.02835677	0.00000000
C27	c	0.25770279	0.17930158	0.10522940	2.00000000	10.00000000	0.01193676	0.00000000
C28	c	0.18191394	0.11241554	0.23023999	2.00000000	10.00000000	0.02421654	0.00000000
C29	c	0.29926333	0.19232939	0.13270925	2.00000000	10.00000000	0.01508651	0.00000000
C30	c	0.28179203	0.12754359	0.06892398	2.00000000	10.00000000	0.01763795	0.00000000

Q Vehicle fuel tank capacity /0.40000000/
C Vehicle load capacity /1.50000000/
r fuel consumption rate /0.25000000/
g inverse refueling rate /1.00000000/
v average Velocity /1.00000000/
