StringID	Type	x	y	demand	ReadyTime	DueDate	ServiceTime	altitude
D0	d	0.50000000	0.50000000	0.00000000	0.00000000	10.00000000	0.00000000	0.00000000
S0	f	0.26703657	0.08694475	0.00000000	0.00000000	10.00000000	0.00000000	0.00000000
S1	f	0.34644600	0.28810944	0.00000000	0.00000000	10.00000000	0.00000000	0.00000000
S2	f	0.09032984	0.11997181	0.00000000	0.00000000	10.00000000	0.00000000	0.00000000
S3	f	0.85850318	0.61277361	0.00000000	0.00000000	10.00000000	0.00000000	0.00000000
S4	f	0.58684176	0.64305370	0.00000000	0.00000000	10.00000000	0.00000000	0.00000000
S5	f	0.13173243	0.87525212	0.00000000	0.00000000	10.00000000	0.00000000	0.00000000
C1	c	0.69727512	0.63635498	0.21083075	0.00000000	8.00000000	0.02952000	0.00000000
C2	c	0.71557800	0.72355359	0.08715130	0.10000000	8.10000000	0.01332729	0.00000000
C3	c	0.70283339	0.63576043	0.09302396	0.20000000	8.20000000	0.02451304	0.00000000
C4	c	0.67547792	0.71466462	0.20297907	0.30000000	8.30000000	0.01510392	0.00000000
C5	c	0.70789422	0.78940976	0.26643332	0.40000000	8.40000000	0.01877479	0.00000000
C6	c	0.79170071	0.04930453	0.17532381	0.50000000	8.50000000	0.02605079	0.00000000
C7	c	0.68316303	0.00000000	0.04923754	0.60000000	8.60000000	0.01063719	0.00000000
C8	c	0.72947141	0.12049988	0.22843806	0.70000000	8.70000000	0.02323402	0.00000000
C9	c	0.71575239	0.07611524	0.23833984	0.80000000	8.80000000	0.02684564	0.00000000
C10	c	0.71997098	0.08039356	0.05205784	0.90000000	8.90000000	0.02285491	0.00000000
C11	c	0.30794191	0.07840995	0.14383975	1.00000000	9.00000000	0.02507474	0.00000000
C12	c	0.31918700	0.09115111	0.09559967	1.10000000	9.10000000	0.02979609	0.00000000
C13	c	0.24126800	0.12592295	0.17285818	1.20000000	9.20000000	0.01374034	0.00000000
C14	c	0.19536946	0.07629658	0.24219605	1.30000000	9.30000000	0.01498159	0.00000000
C15	c	0.11258073	0.29649123	0.12469772	1.40000000	9.40000000	0.01973821	0.00000000
C16	c	0.11024830	0.30777690	0.13145999	1.50000000	9.50000000	0.02783098	0.00000000
C17	c	0.14349269	0.21824297	0.04285635	1.60000000	9.60000000	0.02240463	0.00000000
C18	c	0.17085794	0.26351130	0.16695657	1.70000000	9.70000000	0.02930123	0.00000000
C19	c	0.22577089	0.23657355	0.21823568	1.80000000	9.80000000	0.01084314	0.00000000
C20	c	0.19629581	0.22744692	0.08595570	1.90000000	9.90000000	0.01744236	0.00000000
C21	c	0.43868161	0.40845948	0.26872093	2.00000000	10.00000000	0.02861432	0.00000000
C22	c	0.41953625	0.43840213	0.09871156	2.00000000	10.00000000	0.01783567	0.00000000
C23	c	0.45927422	0.48540972	0.15379320	2.00000000	10.00000000	0.02779143	0.00000000
C24	c	0.40262396	0.31681029	0.05234778	2.00000000	10.00000000	0.01868578	0.00000000
C25	c	0.36434698	0.34884176	0.19638502	2.00000000	10.00000000	0.02776613	0.00000000
C26	c	0.49227527	0.45925283	0.14992655	2.00000000	10.00000000	0.02660829	0.00000000
C27	c	0.46929953	0.52240671	0.21143233	2.00000000	10.00000000	0.01456580	0.00000000
C28	c	0.44865869	0.40018933	0.03202396	2.00000000	10.00000000	0.02949108	0.00000000
C29	c	0.44572663	0.48546791	0.13183470	2.00000000	10.00000000	0.01714956	0.00000000
C30	c	0.39179745	0.50171646	0.17635281	2.00000000	10.00000000	0.01796648	0.00000000

Q Vehicle fuel tank capacity /0.40000000/
C Vehicle load capacity /1.50000000/
r fuel consumption rate /0.25000000/
g inverse refueling rate /1.00000000/
v average Velocity /1.00000000/
