StringID	Type	x	y	demand	ReadyTime	DueDate	ServiceTime	altitude
D0	d	0.50000000	0.50000000	0.00000000	0.00000000	10.00000000	0.00000000	0.00000000
S0	f	0.30401028	0.11915678	0.00000000	0.00000000	10.00000000	0.00000000	0.00000000
S1	f	0.93270985	0.10483011	0.00000000	0.00000000	10.00000000	0.00000000	0.00000000
S2	f	0.62526329	0.08606600	0.00000000	0.00000000	10.00000000	0.00000000	0.00000000
S3	f	0.18695567	0.11168460	0.00000000	0.00000000	10.00000000	0.00000000	0.00000000
S4	f	0.03526085	0.29747530	0.00000000	0.00000000	10.00000000	0.00000000	0.00000000
S5	f	0.91800511	0.49040531	0.00000000	0.00000000	10.00000000	0.00000000	0.00000000
S6	f	0.93485111	0.19356468	0.00000000	0.00000000	10.00000000	0.00000000	0.00000000
S7	f	0.64707105	0.47969900	0.00000000	0.00000000	10.00000000	0.00000000	0.00000000
S8	f	0.99646404	0.97526838	0.00000000	0.00000000	10.00000000	0.00000000	0.00000000
S9	f	0.07382658	0.74466171	0.00000000	0.00000000	10.00000000	0.00000000	0.00000000
C1	c	0.41411654	0.60418555	0.07272927	0.00000000	8.00000000	0.01031505	0.00000000
C2	c	0.35775156	0.68283971	0.09792090	0.06000000	8.06000000	0.01510093	0.00000000
C3	c	0.41255586	0.73231380	0.01354834	0.12000000	8.12000000	0.01713954	0.00000000
C4	c	0.47860782	0.57824238	0.14249250	0.18000000	8.18000000	0.01142170	0.00000000
C5	c	0.40860745	0.68725224	0.14352172	0.24000000	8.24000000	0.02177328	0.00000000
C6	c	0.30769645	0.70928264	0.15685329	0.30000000	8.30000000	0.01935365	0.00000000
C7	c	0.24719250	0.77008923	0.04008097	0.36000000	8.36000000	0.01058982	0.00000000
C8	c	0.21850033	0.62385686	0.08862112	0.42000000	8.42000000	0.01398182	0.00000000
C9	c	0.12951083	0.80238033	0.06171215	0.48000000	8.48000000	0.02377599	0.00000000
C10	c	0.14195646	0.76301853	0.03618996	0.54000000	8.54000000	0.02064497	0.00000000
C11	c	0.78077235	0.66639848	0.07643177	0.60000000	8.60000000	0.02921742	0.00000000
C12	c	0.87866278	0.56662661	0.12942550	0.66000000	8.66000000	0.02022544	0.00000000
C13	c	0.70184210	0.60878358	0.11038325	0.72000000	8.72000000	0.01573427	0.00000000
C14	c	0.76218482	0.60785968	0.05519034	0.78000000	8.78000000	0.01278075	0.00000000
C15	c	0.83633018	0.62635740	0.13597867	0.84000000	8.84000000	0.02388078	0.00000000
C16	c	0.82278230	0.57134072	0.12618176	0.90000000	8.90000000	0.01113050	0.00000000
C17	c	0.86462954	0.52909985	0.09852805	0.96000000	8.96000000	0.01086885	0.00000000
C18	c	0.79801184	0.53529316	0.07663780	1.02000000	9.02000000	0.01209461	0.00000000
C19	c	0.76663334	0.51364817	0.04907500	1.08000000	9.08000000	0.02257903	0.00000000
C20	c	0.87904419	0.59783488	0.11852755	1.14000000	9.14000000	0.02744445	0.00000000
C21	c	0.79449842	0.54669345	0.15738836	1.20000000	9.20000000	0.02033105	0.00000000
C22	c	0.80337046	0.60763810	0.04373452	1.26000000	9.26000000	0.02052747	0.00000000
C23	c	0.21522615	0.39420366	0.12114162	1.32000000	9.32000000	0.01820715	0.00000000
C24	c	0.24603980	0.36779815	0.05336377	1.38000000	9.38000000	0.01753472	0.00000000
C25	c	0.29953105	0.25474208	0.08512909	1.44000000	9.44000000	0.01611939	0.00000000
C26	c	0.22834698	0.43730428	0.12053606	1.50000000	9.50000000	0.01540561	0.00000000
C27	c	0.30964448	0.16680036	0.06777281	1.56000000	9.56000000	0.01817211	0.00000000
C28	c	0.43181386	0.30527597	0.07302422	1.62000000	9.62000000	0.02522960	0.00000000
C29	c	0.33268114	0.20305016	0.08670196	1.68000000	9.68000000	0.02141801	0.00000000
C30	c	0.35898864	0.27901074	0.07751361	1.74000000	9.74000000	0.01628722	0.00000000
C31	c	0.25890607	0.30120477	0.11035484	1.80000000	9.80000000	0.01582703	0.00000000
C32	c	0.31221713	0.28679800	0.11474396	1.86000000	9.86000000	0.02180145	0.00000000
C33	c	0.40684614	0.27026358	0.15820716	1.92000000	9.92000000	0.01933879	0.00000000
C34	c	0.32922262	0.26229837	0.13988840	1.98000000	9.98000000	0.02604972	0.00000000
C35	c	0.34541169	0.18545433	0.12302168	2.00000000	10.00000000	0.01276504	0.00000000
C36	c	0.35080026	0.86942948	0.10206170	2.00000000	10.00000000	0.01358155	0.00000000
C37	c	0.42331598	0.88695917	0.04976866	2.00000000	10.00000000	0.02941890	0.00000000
C38	c	0.37822020	0.90337668	0.04633561	2.00000000	10.00000000	0.02639380	0.00000000
C39	c	0.35185841	0.93558201	0.06066586	2.00000000	10.00000000	0.01909638	0.00000000
C40	c	0.42131926	0.91472367	0.04536336	2.00000000	10.00000000	0.01662150	0.00000000
C41	c	0.52248891	0.56184772	0.12926276	2.00000000	10.00000000	0.01485561	0.00000000
C42	c	0.46217027	0.54517074	0.09856126	2.00000000	10.00000000	0.02479943	0.00000000
C43	c	0.49069745	0.53453052	0.03820023	2.00000000	10.00000000	0.02354108	0.00000000
C44	c	0.49937713	0.62736587	0.04947811	2.00000000	10.00000000	0.02562349	0.00000000
C45	c	0.51440588	0.61193713	0.09943884	2.00000000	10.00000000	0.01074405	0.00000000
C46	c	0.44129744	0.60173483	0.12802888	2.00000000	10.00000000	0.02341895	0.00000000
C47	c	0.50696378	0.62250499	0.06750065	2.00000000	10.00000000	0.02391899	0.00000000
C48	c	0.53571986	0.58433758	0.05439696	2.00000000	10.00000000	0.02677263	0.00000000
C49	c	0.50685638	0.58113792	0.08264268	2.00000000	10.00000000	0.02090885	0.00000000
C50	c	0.42407154	0.63400075	0.08574247	2.00000000	10.00000000	0.01502766	0.00000000

Q Vehicle fuel tank capacity /0.40000000/
C Vehicle load capacity /1.50000000/
r fuel consumption rate /0.25000000/
g inverse refueling rate /1.00000000/
v average Velocity /1.00000000/
