StringID	Type	x	y	demand	ReadyTime	DueDate	ServiceTime	altitude
D0	d	0.50000000	0.50000000	0.00000000	0.00000000	10.00000000	0.00000000	0.00000000
S0	f	0.92485164	0.63693420	0.00000000	0.00000000	10.00000000	0.00000000	0.00000000
S1	f	0.55158738	0.53794161	0.00000000	0.00000000	10.00000000	0.00000000	0.00000000
S2	f	0.48590354	0.65783355	0.00000000	0.00000000	10.00000000	0.00000000	0.00000000
S3	f	0.95558011	0.05514409	0.00000000	0.00000000	10.00000000	0.00000000	0.00000000
S4	f	0.08320556	0.88343400	0.00000000	0.00000000	10.00000000	0.00000000	0.00000000
S5	f	0.39301480	0.20603089	0.00000000	0.00000000	10.00000000	0.00000000	0.00000000
S6	f	0.88723194	0.91719343	0.00000000	0.00000000	10.00000000	0.00000000	0.00000000
S7	f	0.67549175	0.27477588	0.00000000	0.00000000	10.00000000	0.00000000	0.00000000
S8	f	0.12630620	0.88115989	0.00000000	0.00000000	10.00000000	0.00000000	0.00000000
S9	f	0.30973541	0.74214794	0.00000000	0.00000000	10.00000000	0.00000000	0.00000000
C1	c	0.26613702	0.65834390	0.02052031	0.00000000	8.00000000	0.02664555	0.00000000
C2	c	0.24087756	0.69292885	0.09986030	0.06000000	8.06000000	0.02697005	0.00000000
C3	c	0.23696930	0.68292933	0.14471438	0.12000000	8.12000000	0.01446465	0.00000000
C4	c	0.23828149	0.66269738	0.12826103	0.18000000	8.18000000	0.01467860	0.00000000
C5	c	0.22956850	0.65364572	0.07803596	0.24000000	8.24000000	0.02005339	0.00000000
C6	c	0.19384149	0.57749987	0.10705183	0.30000000	8.30000000	0.01241662	0.00000000
C7	c	0.17101963	0.67282659	0.10638391	0.36000000	8.36000000	0.01345263	0.00000000
C8	c	0.70735172	0.80751164	0.13695382	0.42000000	8.42000000	0.02346955	0.00000000
C9	c	0.68665807	0.83492829	0.15853301	0.48000000	8.48000000	0.01586458	0.00000000
C10	c	0.73289317	0.87033346	0.08829532	0.54000000	8.54000000	0.02870121	0.00000000
C11	c	0.78820181	0.83974972	0.09896616	0.60000000	8.60000000	0.01394500	0.00000000
C12	c	0.68246124	0.81068721	0.09370999	0.66000000	8.66000000	0.02996304	0.00000000
C13	c	0.73882483	0.82348708	0.03486858	0.72000000	8.72000000	0.02190701	0.00000000
C14	c	0.71171222	0.78255049	0.10473182	0.78000000	8.78000000	0.02558060	0.00000000
C15	c	0.96461230	0.78056004	0.05507263	0.84000000	8.84000000	0.02433102	0.00000000
C16	c	0.93914411	0.71034330	0.04125136	0.90000000	8.90000000	0.01771629	0.00000000
C17	c	0.93686577	0.77161612	0.03060942	0.96000000	8.96000000	0.02950017	0.00000000
C18	c	0.99084116	0.68544679	0.07893785	1.02000000	9.02000000	0.02103569	0.00000000
C19	c	0.91672138	0.75694032	0.01842807	1.08000000	9.08000000	0.01322190	0.00000000
C20	c	0.97223931	0.89153017	0.01660786	1.14000000	9.14000000	0.01224634	0.00000000
C21	c	1.00000000	0.71356497	0.02907065	1.20000000	9.20000000	0.01803610	0.00000000
C22	c	0.00000000	0.26148854	0.06277274	1.26000000	9.26000000	0.01693073	0.00000000
C23	c	0.05943610	0.37526181	0.04616940	1.32000000	9.32000000	0.01016826	0.00000000
C24	c	0.08690477	0.27789082	0.10943761	1.38000000	9.38000000	0.02465164	0.00000000
C25	c	0.22077799	0.32100096	0.13370798	1.44000000	9.44000000	0.02535427	0.00000000
C26	c	0.00000000	0.27039100	0.11292896	1.50000000	9.50000000	0.02999890	0.00000000
C27	c	0.00000000	0.28502854	0.04161936	1.56000000	9.56000000	0.02558662	0.00000000
C28	c	0.14512641	0.23883068	0.10528937	1.62000000	9.62000000	0.01668050	0.00000000
C29	c	0.00000000	0.21235045	0.15946128	1.68000000	9.68000000	0.01736910	0.00000000
C30	c	0.12948555	0.37795624	0.06186540	1.74000000	9.74000000	0.02737960	0.00000000
C31	c	0.12611577	0.28784775	0.14787728	1.80000000	9.80000000	0.02064272	0.00000000
C32	c	0.03963222	0.32765815	0.11866719	1.86000000	9.86000000	0.01351071	0.00000000
C33	c	0.03941175	0.29231523	0.14823087	1.92000000	9.92000000	0.01867646	0.00000000
C34	c	0.14176777	0.29661351	0.13162658	1.98000000	9.98000000	0.02478554	0.00000000
C35	c	0.05549612	0.29335504	0.15579988	2.00000000	10.00000000	0.02462544	0.00000000
C36	c	0.05133004	0.41022371	0.02810864	2.00000000	10.00000000	0.01559101	0.00000000
C37	c	0.13485833	0.37142177	0.14537591	2.00000000	10.00000000	0.02989799	0.00000000
C38	c	0.09951452	0.35761310	0.14135625	2.00000000	10.00000000	0.02130178	0.00000000
C39	c	0.08272902	0.29234838	0.04093220	2.00000000	10.00000000	0.02839935	0.00000000
C40	c	0.14392763	0.34139999	0.12766461	2.00000000	10.00000000	0.02319379	0.00000000
C41	c	0.97322264	0.63064108	0.04545755	2.00000000	10.00000000	0.01078770	0.00000000
C42	c	0.99327306	0.62949021	0.06581840	2.00000000	10.00000000	0.01896793	0.00000000
C43	c	0.96741398	0.67551775	0.12524034	2.00000000	10.00000000	0.02668243	0.00000000
C44	c	0.93967367	0.34725385	0.05820388	2.00000000	10.00000000	0.02866305	0.00000000
C45	c	0.94018248	0.34619749	0.01227569	2.00000000	10.00000000	0.01206149	0.00000000
C46	c	0.96075698	0.47525058	0.13595309	2.00000000	10.00000000	0.02118328	0.00000000
C47	c	1.00000000	0.33093835	0.13581260	2.00000000	10.00000000	0.01321411	0.00000000
C48	c	1.00000000	0.39507354	0.02471278	2.00000000	10.00000000	0.02800723	0.00000000
C49	c	0.96233369	0.35124313	0.13674797	2.00000000	10.00000000	0.02972612	0.00000000
C50	c	1.00000000	0.29745214	0.07002190	2.00000000	10.00000000	0.01200314	0.00000000

Q Vehicle fuel tank capacity /0.40000000/
C Vehicle load capacity /1.50000000/
r fuel consumption rate /0.25000000/
g inverse refueling rate /1.00000000/
v average Velocity /1.00000000/
