StringID	Type	x	y	demand	ReadyTime	DueDate	ServiceTime	altitude
D0	d	0.50000000	0.50000000	0.00000000	0.00000000	10.00000000	0.00000000	0.00000000
S0	f	0.23447030	0.45673359	0.00000000	0.00000000	10.00000000	0.00000000	0.00000000
S1	f	0.46764119	0.05634340	0.00000000	0.00000000	10.00000000	0.00000000	0.00000000
S2	f	0.98838658	0.35416185	0.00000000	0.00000000	10.00000000	0.00000000	0.00000000
S3	f	0.77010205	0.09841684	0.00000000	0.00000000	10.00000000	0.00000000	0.00000000
S4	f	0.86991693	0.30756922	0.00000000	0.00000000	10.00000000	0.00000000	0.00000000
S5	f	0.66295209	0.12412552	0.00000000	0.00000000	10.00000000	0.00000000	0.00000000
C1	c	0.57248818	0.56557204	0.13706814	0.00000000	8.00000000	0.02478925	0.00000000
C2	c	0.60397993	0.60600545	0.02587283	0.10000000	8.10000000	0.01929581	0.00000000
C3	c	0.61141186	0.63730210	0.19299322	0.20000000	8.20000000	0.01955679	0.00000000
C4	c	0.54792548	0.53725717	0.18192698	0.30000000	8.30000000	0.02323140	0.00000000
C5	c	0.48223621	0.59396341	0.18472188	0.40000000	8.40000000	0.02687547	0.00000000
C6	c	0.59380550	0.53376467	0.17248793	0.50000000	8.50000000	0.01701083	0.00000000
C7	c	0.49159071	0.72415055	0.18482697	0.60000000	8.60000000	0.02477464	0.00000000
C8	c	0.53632697	0.71497549	0.02788235	0.70000000	8.70000000	0.01986716	0.00000000
C9	c	0.42296977	0.68456529	0.16536323	0.80000000	8.80000000	0.02544103	0.00000000
C10	c	0.88671369	0.14684720	0.12172034	0.90000000	8.90000000	0.02919979	0.00000000
C11	c	0.92932549	0.18837201	0.17186681	1.00000000	9.00000000	0.02190058	0.00000000
C12	c	0.86450559	0.12534046	0.26946970	1.10000000	9.10000000	0.02478216	0.00000000
C13	c	0.91023752	0.09781405	0.26387431	1.20000000	9.20000000	0.01980617	0.00000000
C14	c	0.92951228	0.16912203	0.10534944	1.30000000	9.30000000	0.02252692	0.00000000
C15	c	0.97913942	0.13444050	0.11754534	1.40000000	9.40000000	0.01205701	0.00000000
C16	c	0.95973547	0.10704228	0.09045806	1.50000000	9.50000000	0.01392232	0.00000000
C17	c	0.91031324	0.13355936	0.03249351	1.60000000	9.60000000	0.02848926	0.00000000
C18	c	0.88913367	0.12125705	0.22731594	1.70000000	9.70000000	0.01897760	0.00000000
C19	c	0.95585273	0.14414883	0.12715449	1.80000000	9.80000000	0.01070399	0.00000000
C20	c	1.00000000	0.15600883	0.14079718	1.90000000	9.90000000	0.01972163	0.00000000
C21	c	1.00000000	0.07521871	0.17256279	2.00000000	10.00000000	0.01635295	0.00000000
C22	c	0.16811875	0.40943940	0.02987385	2.00000000	10.00000000	0.02478935	0.00000000
C23	c	0.28155721	0.61392488	0.23513108	2.00000000	10.00000000	0.02893209	0.00000000
C24	c	0.22222963	0.38487696	0.08877736	2.00000000	10.00000000	0.02510069	0.00000000
C25	c	0.34769151	0.52190423	0.26287725	2.00000000	10.00000000	0.01600950	0.00000000
C26	c	0.60439740	0.82044611	0.06093306	2.00000000	10.00000000	0.02457131	0.00000000
C27	c	0.59938549	0.77369776	0.28386536	2.00000000	10.00000000	0.01685982	0.00000000
C28	c	0.66340518	0.86548725	0.22441872	2.00000000	10.00000000	0.02714311	0.00000000
C29	c	0.62325638	0.90870257	0.09064997	2.00000000	10.00000000	0.02015153	0.00000000
C30	c	0.62429765	0.78845714	0.10972190	2.00000000	10.00000000	0.02594666	0.00000000

Q Vehicle fuel tank capacity /0.40000000/
C Vehicle load capacity /1.50000000/
r fuel consumption rate /0.25000000/
g inverse refueling rate /1.00000000/
v average Velocity /1.00000000/
