StringID	Type	x	y	demand	ReadyTime	DueDate	ServiceTime	altitude
D0	d	0.50000000	0.50000000	0.00000000	0.00000000	10.00000000	0.00000000	0.00000000
S0	f	0.25481674	0.88776827	0.00000000	0.00000000	10.00000000	0.00000000	0.00000000
S1	f	0.74525325	0.10675361	0.00000000	0.00000000	10.00000000	0.00000000	0.00000000
S2	f	0.90940850	0.57578428	0.00000000	0.00000000	10.00000000	0.00000000	0.00000000
S3	f	0.76705392	0.97745021	0.00000000	0.00000000	10.00000000	0.00000000	0.00000000
S4	f	0.26198204	0.46418601	0.00000000	0.00000000	10.00000000	0.00000000	0.00000000
S5	f	0.06458196	0.57596412	0.00000000	0.00000000	10.00000000	0.00000000	0.00000000
C1	c	0.53478528	0.26398002	0.08869250	0.00000000	8.00000000	0.01301755	0.00000000
C2	c	0.51055818	0.15284104	0.07437833	0.10000000	8.10000000	0.01837229	0.00000000
C3	c	0.48016141	0.16693259	0.21900091	0.20000000	8.20000000	0.02722889	0.00000000
C4	c	0.49812056	0.23399372	0.04162340	0.30000000	8.30000000	0.02054647	0.00000000
C5	c	0.18144576	0.68563115	0.17724100	0.40000000	8.40000000	0.01638253	0.00000000
C6	c	0.19558638	0.67897637	0.05788168	0.50000000	8.50000000	0.01039461	0.00000000
C7	c	0.24494327	0.51873757	0.22640000	0.60000000	8.60000000	0.01175357	0.00000000
C8	c	0.27531324	0.67270480	0.19231851	0.70000000	8.70000000	0.01755670	0.00000000
C9	c	0.21124039	0.64727995	0.21348161	0.80000000	8.80000000	0.01285982	0.00000000
C10	c	0.30103147	0.56899094	0.24191677	0.90000000	8.90000000	0.02356114	0.00000000
C11	c	0.20958727	0.61534520	0.08971636	1.00000000	9.00000000	0.02981184	0.00000000
C12	c	0.25478103	0.60694379	0.14030513	1.10000000	9.10000000	0.02718358	0.00000000
C13	c	0.15123292	0.59110205	0.07332218	1.20000000	9.20000000	0.01666534	0.00000000
C14	c	0.05349405	0.38216863	0.11073125	1.30000000	9.30000000	0.01713207	0.00000000
C15	c	0.03250317	0.42335242	0.25105528	1.40000000	9.40000000	0.01567820	0.00000000
C16	c	0.09628730	0.43843808	0.18203918	1.50000000	9.50000000	0.02839115	0.00000000
C17	c	0.00316982	0.42291279	0.20355175	1.60000000	9.60000000	0.02471458	0.00000000
C18	c	0.00195843	0.41220932	0.14595476	1.70000000	9.70000000	0.02852184	0.00000000
C19	c	0.06584036	0.49690084	0.25192636	1.80000000	9.80000000	0.01548388	0.00000000
C20	c	0.00000000	0.44464543	0.22938093	1.90000000	9.90000000	0.02012696	0.00000000
C21	c	0.72820435	0.57804179	0.22437555	2.00000000	10.00000000	0.02409306	0.00000000
C22	c	0.64606986	0.56090728	0.25215612	2.00000000	10.00000000	0.01278350	0.00000000
C23	c	0.76883762	0.55932353	0.05445686	2.00000000	10.00000000	0.01289151	0.00000000
C24	c	0.78633909	0.81682886	0.14271419	2.00000000	10.00000000	0.02260448	0.00000000
C25	c	0.75333607	0.77604979	0.02090034	2.00000000	10.00000000	0.02570447	0.00000000
C26	c	0.81260307	0.88022727	0.02817991	2.00000000	10.00000000	0.01424379	0.00000000
C27	c	0.70490506	0.71693377	0.06560037	2.00000000	10.00000000	0.01215249	0.00000000
C28	c	0.78693334	0.77903566	0.22086146	2.00000000	10.00000000	0.01535778	0.00000000
C29	c	0.68955566	0.76076519	0.13422421	2.00000000	10.00000000	0.01622515	0.00000000
C30	c	0.74675490	0.82196230	0.14561308	2.00000000	10.00000000	0.02740279	0.00000000

Q Vehicle fuel tank capacity /0.40000000/
C Vehicle load capacity /1.50000000/
r fuel consumption rate /0.25000000/
g inverse refueling rate /1.00000000/
v average Velocity /1.00000000/
