StringID	Type	x	y	demand	ReadyTime	DueDate	ServiceTime	altitude
D0	d	0.50000000	0.50000000	0.00000000	0.00000000	10.00000000	0.00000000	0.00000000
S0	f	0.82778231	0.60097117	0.00000000	0.00000000	10.00000000	0.00000000	0.00000000
S1	f	0.34021179	0.85859498	0.00000000	0.00000000	10.00000000	0.00000000	0.00000000
S2	f	0.22115703	0.37664332	0.00000000	0.00000000	10.00000000	0.00000000	0.00000000
S3	f	0.26388891	0.04356427	0.00000000	0.00000000	10.00000000	0.00000000	0.00000000
S4	f	0.16256780	0.31112911	0.00000000	0.00000000	10.00000000	0.00000000	0.00000000
S5	f	0.70865654	0.39358792	0.00000000	0.00000000	10.00000000	0.00000000	0.00000000
C1	c	0.09065099	0.05507077	0.25093506	0.00000000	8.00000000	0.02871327	0.00000000
C2	c	0.07932422	0.06808093	0.20384350	0.10000000	8.10000000	0.02857494	0.00000000
C3	c	0.04733979	0.11707400	0.19412723	0.20000000	8.20000000	0.01912321	0.00000000
C4	c	0.05268810	0.15216062	0.08221328	0.30000000	8.30000000	0.01000956	0.00000000
C5	c	0.06292553	0.09911701	0.21812126	0.40000000	8.40000000	0.01529103	0.00000000
C6	c	0.60586183	0.42063832	0.16925137	0.50000000	8.50000000	0.01965322	0.00000000
C7	c	0.47449618	0.42815744	0.26279933	0.60000000	8.60000000	0.01065259	0.00000000
C8	c	0.61540817	0.29011648	0.23620049	0.70000000	8.70000000	0.01841306	0.00000000
C9	c	0.54634900	0.30034564	0.04038527	0.80000000	8.80000000	0.01184775	0.00000000
C10	c	0.60832487	0.31625046	0.07546058	0.90000000	8.90000000	0.01769492	0.00000000
C11	c	0.55341801	0.28603191	0.02719137	1.00000000	9.00000000	0.01039817	0.00000000
C12	c	0.56145741	0.25205030	0.07086342	1.10000000	9.10000000	0.01411466	0.00000000
C13	c	0.49930973	0.43088437	0.15458218	1.20000000	9.20000000	0.01322005	0.00000000
C14	c	0.51548986	0.28238818	0.12069206	1.30000000	9.30000000	0.02718212	0.00000000
C15	c	0.77481815	0.62445606	0.18352256	1.40000000	9.40000000	0.02572742	0.00000000
C16	c	0.90945224	0.54174753	0.21868633	1.50000000	9.50000000	0.01024797	0.00000000
C17	c	0.86569812	0.57328029	0.05660135	1.60000000	9.60000000	0.01044984	0.00000000
C18	c	0.83862927	0.55057009	0.23290910	1.70000000	9.70000000	0.02617191	0.00000000
C19	c	0.71738553	0.14289659	0.25933109	1.80000000	9.80000000	0.01286705	0.00000000
C20	c	0.66261115	0.12001625	0.07238996	1.90000000	9.90000000	0.02251299	0.00000000
C21	c	0.69200273	0.07998317	0.17444465	2.00000000	10.00000000	0.02451705	0.00000000
C22	c	0.71277778	0.09025867	0.15329088	2.00000000	10.00000000	0.01828685	0.00000000
C23	c	0.73258500	0.11177666	0.14214505	2.00000000	10.00000000	0.02654156	0.00000000
C24	c	0.62610472	0.08544142	0.08629731	2.00000000	10.00000000	0.02672732	0.00000000
C25	c	0.67955355	0.03354418	0.13677515	2.00000000	10.00000000	0.02846095	0.00000000
C26	c	0.63793625	0.11775696	0.10452917	2.00000000	10.00000000	0.01957354	0.00000000
C27	c	0.67329810	0.13959203	0.25764934	2.00000000	10.00000000	0.01288296	0.00000000
C28	c	0.64426161	0.10757848	0.18641192	2.00000000	10.00000000	0.01116901	0.00000000
C29	c	0.75329217	0.10383591	0.08707440	2.00000000	10.00000000	0.02271932	0.00000000
C30	c	0.70052235	0.08301651	0.04127533	2.00000000	10.00000000	0.02640669	0.00000000

Q Vehicle fuel tank capacity /0.40000000/
C Vehicle load capacity /1.50000000/
r fuel consumption rate /0.25000000/
g inverse refueling rate /1.00000000/
v average Velocity /1.00000000/
