StringID	Type	x	y	demand	ReadyTime	DueDate	ServiceTime	altitude
D0	d	0.50000000	0.50000000	0.00000000	0.00000000	10.00000000	0.00000000	0.00000000
S0	f	0.58100338	0.46531799	0.00000000	0.00000000	10.00000000	0.00000000	0.00000000
S1	f	0.32798106	0.19546848	0.00000000	0.00000000	10.00000000	0.00000000	0.00000000
S2	f	0.20914356	0.28608751	0.00000000	0.00000000	10.00000000	0.00000000	0.00000000
S3	f	0.50115592	0.15557769	0.00000000	0.00000000	10.00000000	0.00000000	0.00000000
S4	f	0.25541668	0.70590161	0.00000000	0.00000000	10.00000000	0.00000000	0.00000000
S5	f	0.03499651	0.69045983	0.00000000	0.00000000	10.00000000	0.00000000	0.00000000
C1	c	0.53037995	0.78052602	0.16311315	0.00000000	8.00000000	0.02920421	0.00000000
C2	c	0.57986334	0.70876277	0.23209278	0.10000000	8.10000000	0.01120752	0.00000000
C3	c	0.56858437	0.78309090	0.11253531	0.20000000	8.20000000	0.01254456	0.00000000
C4	c	0.51292037	0.64747643	0.19524993	0.30000000	8.30000000	0.02527192	0.00000000
C5	c	0.57176653	0.79964797	0.20464945	0.40000000	8.40000000	0.02360475	0.00000000
C6	c	0.55537183	0.72419116	0.06935334	0.50000000	8.50000000	0.01625228	0.00000000
C7	c	0.22219457	0.59350237	0.23011186	0.60000000	8.60000000	0.02834197	0.00000000
C8	c	0.22765559	0.61517010	0.16493338	0.70000000	8.70000000	0.02201151	0.00000000
C9	c	0.30456891	0.69276180	0.08772643	0.80000000	8.80000000	0.02900209	0.00000000
C10	c	0.27017389	0.60289807	0.26776690	0.90000000	8.90000000	0.01997568	0.00000000
C11	c	0.25786641	0.59010284	0.21216699	1.00000000	9.00000000	0.01875262	0.00000000
C12	c	0.34745419	0.64285478	0.05728187	1.10000000	9.10000000	0.02632672	0.00000000
C13	c	0.87948250	0.38055030	0.11990245	1.20000000	9.20000000	0.01191904	0.00000000
C14	c	0.83940093	0.35617235	0.13512112	1.30000000	9.30000000	0.02961177	0.00000000
C15	c	0.90538336	0.40526433	0.20824213	1.40000000	9.40000000	0.01644899	0.00000000
C16	c	0.90060202	0.45913841	0.08908987	1.50000000	9.50000000	0.02459827	0.00000000
C17	c	0.82859870	0.31427499	0.10047069	1.60000000	9.60000000	0.02076699	0.00000000
C18	c	0.67513232	0.11407216	0.13957271	1.70000000	9.70000000	0.01390368	0.00000000
C19	c	0.71574399	0.20239318	0.09034156	1.80000000	9.80000000	0.01291018	0.00000000
C20	c	0.63127718	0.19515257	0.24989143	1.90000000	9.90000000	0.02897233	0.00000000
C21	c	0.67452439	0.22825529	0.11370649	2.00000000	10.00000000	0.02416655	0.00000000
C22	c	0.70139077	0.21195381	0.20905138	2.00000000	10.00000000	0.02474005	0.00000000
C23	c	0.30201730	0.81913275	0.25467347	2.00000000	10.00000000	0.01280097	0.00000000
C24	c	0.34397304	0.85462334	0.08267488	2.00000000	10.00000000	0.01963607	0.00000000
C25	c	0.27037618	0.76375129	0.03961339	2.00000000	10.00000000	0.01799630	0.00000000
C26	c	0.31784840	0.74537189	0.08893857	2.00000000	10.00000000	0.02974847	0.00000000
C27	c	0.26587106	0.79645706	0.19898760	2.00000000	10.00000000	0.02458947	0.00000000
C28	c	0.34287399	0.89715770	0.01977651	2.00000000	10.00000000	0.02794179	0.00000000
C29	c	0.25826272	0.92237793	0.18998193	2.00000000	10.00000000	0.01184986	0.00000000
C30	c	0.26357990	0.75307419	0.17298245	2.00000000	10.00000000	0.02292810	0.00000000

Q Vehicle fuel tank capacity /0.40000000/
C Vehicle load capacity /1.50000000/
r fuel consumption rate /0.25000000/
g inverse refueling rate /1.00000000/
v average Velocity /1.00000000/
