StringID	Type	x	y	demand	ReadyTime	DueDate	ServiceTime	altitude
D0	d	0.50000000	0.50000000	0.00000000	0.00000000	10.00000000	0.00000000	0.00000000
S0	f	0.13477932	0.41921566	0.00000000	0.00000000	10.00000000	0.00000000	0.00000000
S1	f	0.70722243	0.30853426	0.00000000	0.00000000	10.00000000	0.00000000	0.00000000
S2	f	0.12506475	0.25114012	0.00000000	0.00000000	10.00000000	0.00000000	0.00000000
S3	f	0.13587279	0.32423222	0.00000000	0.00000000	10.00000000	0.00000000	0.00000000
S4	f	0.14828821	0.84245746	0.00000000	0.00000000	10.00000000	0.00000000	0.00000000
S5	f	0.50665621	0.67860254	0.00000000	0.00000000	10.00000000	0.00000000	0.00000000
S6	f	0.45674408	0.22214858	0.00000000	0.00000000	10.00000000	0.00000000	0.00000000
S7	f	0.14623559	0.75261042	0.00000000	0.00000000	10.00000000	0.00000000	0.00000000
S8	f	0.41675143	0.73854819	0.00000000	0.00000000	10.00000000	0.00000000	0.00000000
S9	f	0.90212922	0.49698700	0.00000000	0.00000000	10.00000000	0.00000000	0.00000000
C1	c	0.28665104	0.72910043	0.10139197	0.00000000	8.00000000	0.01484949	0.00000000
C2	c	0.27887159	0.80460768	0.03309185	0.06000000	8.06000000	0.01631836	0.00000000
C3	c	0.22888058	0.81973370	0.08941977	0.12000000	8.12000000	0.01818988	0.00000000
C4	c	0.28252345	0.77343197	0.09798567	0.18000000	8.18000000	0.01482800	0.00000000
C5	c	0.30377696	0.71636599	0.14538605	0.24000000	8.24000000	0.01466421	0.00000000
C6	c	0.29304177	0.79958994	0.13890836	0.30000000	8.30000000	0.02876710	0.00000000
C7	c	0.24847146	0.71839361	0.11614732	0.36000000	8.36000000	0.01952204	0.00000000
C8	c	0.29719888	0.75039014	0.14612515	0.42000000	8.42000000	0.02484691	0.00000000
C9	c	0.47492543	0.90004926	0.04202100	0.48000000	8.48000000	0.01901092	0.00000000
C10	c	0.58321794	0.84534355	0.10845882	0.54000000	8.54000000	0.02497851	0.00000000
C11	c	0.50759463	0.84503735	0.05832243	0.60000000	8.60000000	0.02733552	0.00000000
C12	c	0.44379088	0.81504105	0.08182157	0.66000000	8.66000000	0.02048263	0.00000000
C13	c	0.50511710	0.92813869	0.12814559	0.72000000	8.72000000	0.02317498	0.00000000
C14	c	0.46429808	0.79908587	0.11928272	0.78000000	8.78000000	0.01956272	0.00000000
C15	c	0.19485452	0.40780943	0.14404371	0.84000000	8.84000000	0.01308557	0.00000000
C16	c	0.06870550	0.39070874	0.09622580	0.90000000	8.90000000	0.02420087	0.00000000
C17	c	0.06572270	0.39523784	0.02564071	0.96000000	8.96000000	0.01266713	0.00000000
C18	c	0.17525837	0.40495756	0.14734672	1.02000000	9.02000000	0.02986333	0.00000000
C19	c	0.08795521	0.56471727	0.09607741	1.08000000	9.08000000	0.01846155	0.00000000
C20	c	0.12031885	0.52489055	0.11280843	1.14000000	9.14000000	0.01834655	0.00000000
C21	c	0.06820704	0.51488666	0.07891788	1.20000000	9.20000000	0.02129010	0.00000000
C22	c	0.12106063	0.59130593	0.03344256	1.26000000	9.26000000	0.01670785	0.00000000
C23	c	0.14969205	0.62016157	0.12885681	1.32000000	9.32000000	0.01811459	0.00000000
C24	c	0.21422603	0.64490300	0.14418180	1.38000000	9.38000000	0.02632987	0.00000000
C25	c	0.44281546	0.11340591	0.09062799	1.44000000	9.44000000	0.02140335	0.00000000
C26	c	0.43154190	0.14284854	0.14061405	1.50000000	9.50000000	0.02695133	0.00000000
C27	c	0.55492984	0.10907481	0.14117601	1.56000000	9.56000000	0.02492928	0.00000000
C28	c	0.44674943	0.07698438	0.07112918	1.62000000	9.62000000	0.02199106	0.00000000
C29	c	0.40414378	0.09947875	0.05948576	1.68000000	9.68000000	0.01629004	0.00000000
C30	c	0.49550987	0.15410491	0.02071213	1.74000000	9.74000000	0.01338967	0.00000000
C31	c	0.31031937	0.14887172	0.01180569	1.80000000	9.80000000	0.02719557	0.00000000
C32	c	0.45737659	0.09823308	0.02258739	1.86000000	9.86000000	0.02048962	0.00000000
C33	c	0.28872958	0.00000000	0.06216428	1.92000000	9.92000000	0.01757732	0.00000000
C34	c	0.39561352	0.07963436	0.04009011	1.98000000	9.98000000	0.01883229	0.00000000
C35	c	0.35907528	0.14545217	0.01254033	2.00000000	10.00000000	0.01528503	0.00000000
C36	c	0.31671780	0.03247588	0.12977637	2.00000000	10.00000000	0.02075108	0.00000000
C37	c	0.33511132	0.00944431	0.07001849	2.00000000	10.00000000	0.02844856	0.00000000
C38	c	0.36184117	0.09262659	0.13495272	2.00000000	10.00000000	0.01115494	0.00000000
C39	c	0.38400162	0.03464657	0.05990344	2.00000000	10.00000000	0.01919717	0.00000000
C40	c	0.69452330	0.80601100	0.12203802	2.00000000	10.00000000	0.02690950	0.00000000
C41	c	0.64231012	0.75992297	0.08739314	2.00000000	10.00000000	0.02655795	0.00000000
C42	c	0.53274888	0.79170437	0.01802037	2.00000000	10.00000000	0.01104455	0.00000000
C43	c	0.63882229	0.90312575	0.05033985	2.00000000	10.00000000	0.02034491	0.00000000
C44	c	0.67613605	0.86274699	0.09589801	2.00000000	10.00000000	0.01149266	0.00000000
C45	c	0.68156513	0.85458716	0.13231474	2.00000000	10.00000000	0.02036580	0.00000000
C46	c	0.68974367	0.76754415	0.11405906	2.00000000	10.00000000	0.01448331	0.00000000
C47	c	0.62158076	0.78649074	0.05112794	2.00000000	10.00000000	0.01997670	0.00000000
C48	c	0.73814680	0.85292114	0.11764858	2.00000000	10.00000000	0.02167238	0.00000000
C49	c	0.66715570	0.78441302	0.08556004	2.00000000	10.00000000	0.01070427	0.00000000
C50	c	0.67830443	0.74291115	0.14396626	2.00000000	10.00000000	0.02026427	0.00000000

Q Vehicle fuel tank capacity /0.40000000/
C Vehicle load capacity /1.50000000/
r fuel consumption rate /0.25000000/
g inverse refueling rate /1.00000000/
v average Velocity /1.00000000/
