StringID	Type	x	y	demand	ReadyTime	DueDate	ServiceTime	altitude
D0	d	0.50000000	0.50000000	0.00000000	0.00000000	10.00000000	0.00000000	0.00000000
S0	f	0.94707613	0.95996421	0.00000000	0.00000000	10.00000000	0.00000000	0.00000000
S1	f	0.03707916	0.19934628	0.00000000	0.00000000	10.00000000	0.00000000	0.00000000
S2	f	0.23238396	0.93782035	0.00000000	0.00000000	10.00000000	0.00000000	0.00000000
S3	f	0.63388586	0.99284250	0.00000000	0.00000000	10.00000000	0.00000000	0.00000000
S4	f	0.46489145	0.45796256	0.00000000	0.00000000	10.00000000	0.00000000	0.00000000
S5	f	0.87276257	0.63765308	0.00000000	0.00000000	10.00000000	0.00000000	0.00000000
C1	c	0.33989551	0.60601675	0.03272028	0.00000000	8.00000000	0.01838151	0.00000000
C2	c	0.38134758	0.59780329	0.16728030	0.10000000	8.10000000	0.01303503	0.00000000
C3	c	0.39911728	0.67571733	0.14052590	0.20000000	8.20000000	0.02867568	0.00000000
C4	c	0.33617502	0.67985972	0.07889535	0.30000000	8.30000000	0.01538411	0.00000000
C5	c	0.46085020	0.63919373	0.24916410	0.40000000	8.40000000	0.01742252	0.00000000
C6	c	0.36373825	0.59898292	0.10650586	0.50000000	8.50000000	0.01391191	0.00000000
C7	c	0.44325675	0.69732433	0.10066753	0.60000000	8.60000000	0.02932073	0.00000000
C8	c	0.40469535	0.70583435	0.14524578	0.70000000	8.70000000	0.02657525	0.00000000
C9	c	0.37321421	0.66527333	0.24865175	0.80000000	8.80000000	0.01582549	0.00000000
C10	c	0.37977955	0.60604820	0.12632014	0.90000000	8.90000000	0.01540054	0.00000000
C11	c	0.31992469	0.54245342	0.10833176	1.00000000	9.00000000	0.02518507	0.00000000
C12	c	0.32187351	0.50353515	0.21054923	1.10000000	9.10000000	0.01070994	0.00000000
C13	c	0.28864613	0.54461067	0.20348475	1.20000000	9.20000000	0.01659321	0.00000000
C14	c	0.26551454	0.46020634	0.22500314	1.30000000	9.30000000	0.02631913	0.00000000
C15	c	0.30276100	0.47995797	0.06749363	1.40000000	9.40000000	0.01923985	0.00000000
C16	c	0.22283659	0.50130836	0.26166343	1.50000000	9.50000000	0.02377554	0.00000000
C17	c	0.26769728	0.44774968	0.18831710	1.60000000	9.60000000	0.02166238	0.00000000
C18	c	0.24987604	0.43058544	0.16192089	1.70000000	9.70000000	0.02511832	0.00000000
C19	c	0.26231696	0.40826360	0.13498531	1.80000000	9.80000000	0.02628745	0.00000000
C20	c	0.16754093	0.32628961	0.11457663	1.90000000	9.90000000	0.02340597	0.00000000
C21	c	0.56535978	0.03126137	0.13055513	2.00000000	10.00000000	0.01403835	0.00000000
C22	c	0.58244388	0.06942781	0.05559952	2.00000000	10.00000000	0.01471993	0.00000000
C23	c	0.56934079	0.07402466	0.22104888	2.00000000	10.00000000	0.02774808	0.00000000
C24	c	0.56421055	0.01014380	0.02364418	2.00000000	10.00000000	0.02540175	0.00000000
C25	c	0.09798682	0.61563936	0.25174427	2.00000000	10.00000000	0.02655344	0.00000000
C26	c	0.14628450	0.71470932	0.09347396	2.00000000	10.00000000	0.01319461	0.00000000
C27	c	0.05669788	0.61660157	0.08314559	2.00000000	10.00000000	0.02532916	0.00000000
C28	c	0.02859664	0.65795688	0.17160486	2.00000000	10.00000000	0.02715080	0.00000000
C29	c	0.06595778	0.64562690	0.25014741	2.00000000	10.00000000	0.01869365	0.00000000
C30	c	0.15034431	0.70364851	0.14673334	2.00000000	10.00000000	0.02437830	0.00000000

Q Vehicle fuel tank capacity /0.40000000/
C Vehicle load capacity /1.50000000/
r fuel consumption rate /0.25000000/
g inverse refueling rate /1.00000000/
v average Velocity /1.00000000/
