StringID	Type	x	y	demand	ReadyTime	DueDate	ServiceTime	altitude
D0	d	0.50000000	0.50000000	0.00000000	0.00000000	10.00000000	0.00000000	0.00000000
S0	f	0.94333411	0.41317636	0.00000000	0.00000000	10.00000000	0.00000000	0.00000000
S1	f	0.66507076	0.00899829	0.00000000	0.00000000	10.00000000	0.00000000	0.00000000
S2	f	0.84195060	0.55478272	0.00000000	0.00000000	10.00000000	0.00000000	0.00000000
S3	f	0.65677947	0.88708736	0.00000000	0.00000000	10.00000000	0.00000000	0.00000000
S4	f	0.00712651	0.45823525	0.00000000	0.00000000	10.00000000	0.00000000	0.00000000
S5	f	0.01507575	0.41249644	0.00000000	0.00000000	10.00000000	0.00000000	0.00000000
C1	c	0.23659623	0.61194622	0.20373491	0.00000000	8.00000000	0.01625303	0.00000000
C2	c	0.22055020	0.60600022	0.28108410	0.10000000	8.10000000	0.01097027	0.00000000
C3	c	0.26969078	0.69584550	0.21640144	0.20000000	8.20000000	0.01635643	0.00000000
C4	c	0.23118456	0.67067746	0.03746049	0.30000000	8.30000000	0.02854888	0.00000000
C5	c	0.22954351	0.66463122	0.02778243	0.40000000	8.40000000	0.01600494	0.00000000
C6	c	0.38325951	0.65847449	0.11814418	0.50000000	8.50000000	0.02414248	0.00000000
C7	c	0.27519721	0.60664379	0.13647042	0.60000000	8.60000000	0.01572195	0.00000000
C8	c	0.17768628	0.65440542	0.07439111	0.70000000	8.70000000	0.01401945	0.00000000
C9	c	0.63889871	0.40851099	0.26904044	0.80000000	8.80000000	0.01414550	0.00000000
C10	c	0.68269801	0.53780725	0.07047626	0.90000000	8.90000000	0.01902449	0.00000000
C11	c	0.63178444	0.51584461	0.05634542	1.00000000	9.00000000	0.02493685	0.00000000
C12	c	0.68927186	0.55794400	0.11537010	1.10000000	9.10000000	0.01622067	0.00000000
C13	c	0.65221207	0.61837238	0.23731880	1.20000000	9.20000000	0.01721342	0.00000000
C14	c	0.64238492	0.58052089	0.05968532	1.30000000	9.30000000	0.02091390	0.00000000
C15	c	0.09712342	0.76248712	0.17833583	1.40000000	9.40000000	0.02694328	0.00000000
C16	c	0.08868959	0.72364577	0.21959196	1.50000000	9.50000000	0.02119192	0.00000000
C17	c	0.10922836	0.80408501	0.21153311	1.60000000	9.60000000	0.02146653	0.00000000
C18	c	0.07330156	0.76598207	0.14357121	1.70000000	9.70000000	0.01869438	0.00000000
C19	c	0.13654016	0.72013296	0.10630248	1.80000000	9.80000000	0.02042716	0.00000000
C20	c	0.05935912	0.79298486	0.12476400	1.90000000	9.90000000	0.02114988	0.00000000
C21	c	0.96569901	0.45103447	0.26819548	2.00000000	10.00000000	0.01946398	0.00000000
C22	c	0.90486618	0.36300138	0.08887098	2.00000000	10.00000000	0.02673486	0.00000000
C23	c	0.91326836	0.34759727	0.30616280	2.00000000	10.00000000	0.01621350	0.00000000
C24	c	0.95079862	0.36184933	0.05901561	2.00000000	10.00000000	0.01987203	0.00000000
C25	c	0.99162404	0.44725114	0.29687254	2.00000000	10.00000000	0.01655492	0.00000000
C26	c	1.00000000	0.40166413	0.22553663	2.00000000	10.00000000	0.01305002	0.00000000
C27	c	0.93070499	0.45194490	0.10185307	2.00000000	10.00000000	0.01221200	0.00000000
C28	c	0.61808226	0.00000000	0.03351453	2.00000000	10.00000000	0.02150605	0.00000000
C29	c	0.73344214	0.05153003	0.15076096	2.00000000	10.00000000	0.02396297	0.00000000
C30	c	0.65506046	0.09505008	0.08141343	2.00000000	10.00000000	0.02079657	0.00000000

Q Vehicle fuel tank capacity /0.40000000/
C Vehicle load capacity /1.50000000/
r fuel consumption rate /0.25000000/
g inverse refueling rate /1.00000000/
v average Velocity /1.00000000/
