StringID	Type	x	y	demand	ReadyTime	DueDate	ServiceTime	altitude
D0	d	0.50000000	0.50000000	0.00000000	0.00000000	10.00000000	0.00000000	0.00000000
S0	f	0.48492427	0.65824892	0.00000000	0.00000000	10.00000000	0.00000000	0.00000000
S1	f	0.74613381	0.46769038	0.00000000	0.00000000	10.00000000	0.00000000	0.00000000
S2	f	0.10012821	0.58531038	0.00000000	0.00000000	10.00000000	0.00000000	0.00000000
S3	f	0.59536620	0.49824575	0.00000000	0.00000000	10.00000000	0.00000000	0.00000000
S4	f	0.91905213	0.86641229	0.00000000	0.00000000	10.00000000	0.00000000	0.00000000
S5	f	0.95234082	0.63149972	0.00000000	0.00000000	10.00000000	0.00000000	0.00000000
C1	c	0.30625651	0.64278416	0.17513837	0.00000000	8.00000000	0.01147586	0.00000000
C2	c	0.26121777	0.74961233	0.10077165	0.10000000	8.10000000	0.01168387	0.00000000
C3	c	0.21482504	0.77887670	0.06131394	0.20000000	8.20000000	0.02354972	0.00000000
C4	c	0.45793726	0.69255964	0.23970205	0.30000000	8.30000000	0.02110684	0.00000000
C5	c	0.44802929	0.57074369	0.17123331	0.40000000	8.40000000	0.02082036	0.00000000
C6	c	0.56633716	0.59578828	0.07272567	0.50000000	8.50000000	0.02695900	0.00000000
C7	c	0.42505754	0.63340239	0.07421843	0.60000000	8.60000000	0.01084382	0.00000000
C8	c	0.58582677	0.74068599	0.24761939	0.70000000	8.70000000	0.01241317	0.00000000
C9	c	0.48003706	0.56803818	0.10953978	0.80000000	8.80000000	0.02564093	0.00000000
C10	c	0.40916812	0.64860637	0.06154923	0.90000000	8.90000000	0.01109801	0.00000000
C11	c	0.52179912	0.45470200	0.20412192	1.00000000	9.00000000	0.01558825	0.00000000
C12	c	0.51456099	0.42514287	0.21454784	1.10000000	9.10000000	0.02484194	0.00000000
C13	c	0.39821654	0.48700068	0.25001019	1.20000000	9.20000000	0.01571880	0.00000000
C14	c	0.46636150	0.45289838	0.21307576	1.30000000	9.30000000	0.02850518	0.00000000
C15	c	0.40563423	0.44248697	0.24294131	1.40000000	9.40000000	0.01843334	0.00000000
C16	c	0.48619862	0.52071827	0.08851762	1.50000000	9.50000000	0.02743626	0.00000000
C17	c	0.41264626	0.52391086	0.09810227	1.60000000	9.60000000	0.02818416	0.00000000
C18	c	0.79125276	0.50037245	0.09663708	1.70000000	9.70000000	0.02476340	0.00000000
C19	c	0.79925136	0.44342605	0.22508842	1.80000000	9.80000000	0.01397711	0.00000000
C20	c	0.72742696	0.50885262	0.07827688	1.90000000	9.90000000	0.02339360	0.00000000
C21	c	0.72522557	0.51028867	0.17497560	2.00000000	10.00000000	0.01666432	0.00000000
C22	c	0.78231910	0.42817751	0.05663021	2.00000000	10.00000000	0.02655518	0.00000000
C23	c	0.78316842	0.42860072	0.06332145	2.00000000	10.00000000	0.02326856	0.00000000
C24	c	0.71283777	0.87198412	0.14318296	2.00000000	10.00000000	0.01351683	0.00000000
C25	c	0.67794417	0.81642779	0.20731535	2.00000000	10.00000000	0.01926826	0.00000000
C26	c	0.72646161	0.94335887	0.17864117	2.00000000	10.00000000	0.02324151	0.00000000
C27	c	0.70223598	0.86282115	0.21640807	2.00000000	10.00000000	0.01327257	0.00000000
C28	c	0.66252245	0.93419122	0.11658549	2.00000000	10.00000000	0.01411970	0.00000000
C29	c	0.69755156	0.89860908	0.14932366	2.00000000	10.00000000	0.02662187	0.00000000
C30	c	0.66845075	0.88711499	0.16848490	2.00000000	10.00000000	0.01765341	0.00000000

Q Vehicle fuel tank capacity /0.40000000/
C Vehicle load capacity /1.50000000/
r fuel consumption rate /0.25000000/
g inverse refueling rate /1.00000000/
v average Velocity /1.00000000/
