StringID	Type	x	y	demand	ReadyTime	DueDate	ServiceTime	altitude
D0	d	0.50000000	0.50000000	0.00000000	0.00000000	10.00000000	0.00000000	0.00000000
S0	f	0.40892417	0.93350484	0.00000000	0.00000000	10.00000000	0.00000000	0.00000000
S1	f	0.81705520	0.68623069	0.00000000	0.00000000	10.00000000	0.00000000	0.00000000
S2	f	0.45302742	0.39810763	0.00000000	0.00000000	10.00000000	0.00000000	0.00000000
S3	f	0.52541342	0.32004338	0.00000000	0.00000000	10.00000000	0.00000000	0.00000000
S4	f	0.65135417	0.64736493	0.00000000	0.00000000	10.00000000	0.00000000	0.00000000
S5	f	0.89811684	0.02177568	0.00000000	0.00000000	10.00000000	0.00000000	0.00000000
C1	c	0.93189064	0.90422795	0.05847907	0.00000000	8.00000000	0.02473300	0.00000000
C2	c	0.99024526	0.97706570	0.17027719	0.10000000	8.10000000	0.01477118	0.00000000
C3	c	0.93933866	0.91169002	0.10906206	0.20000000	8.20000000	0.01271656	0.00000000
C4	c	0.93541806	0.89837683	0.26713798	0.30000000	8.30000000	0.02991244	0.00000000
C5	c	0.98534433	0.87031664	0.13541552	0.40000000	8.40000000	0.01346204	0.00000000
C6	c	0.12335835	0.21975405	0.05654681	0.50000000	8.50000000	0.02816650	0.00000000
C7	c	0.04620456	0.31290775	0.21718826	0.60000000	8.60000000	0.01118031	0.00000000
C8	c	0.04250575	0.31255348	0.21820426	0.70000000	8.70000000	0.01319519	0.00000000
C9	c	0.05154905	0.30560429	0.21433187	0.80000000	8.80000000	0.01689468	0.00000000
C10	c	0.00000000	0.37896514	0.12226571	0.90000000	8.90000000	0.02314446	0.00000000
C11	c	0.00000000	0.33442945	0.09489789	1.00000000	9.00000000	0.02798811	0.00000000
C12	c	0.08417131	0.33596313	0.09537540	1.10000000	9.10000000	0.01698315	0.00000000
C13	c	0.00000000	0.37813441	0.07840525	1.20000000	9.20000000	0.01034537	0.00000000
C14	c	0.00000000	0.35391353	0.20645189	1.30000000	9.30000000	0.02769465	0.00000000
C15	c	0.03353752	0.38203595	0.18845828	1.40000000	9.40000000	0.02729959	0.00000000
C16	c	0.61626589	0.68510677	0.08036693	1.50000000	9.50000000	0.01257831	0.00000000
C17	c	0.55320822	0.73637748	0.09481081	1.60000000	9.60000000	0.01139266	0.00000000
C18	c	0.58233441	0.70440343	0.12565706	1.70000000	9.70000000	0.02255968	0.00000000
C19	c	0.51978475	0.66791735	0.26259539	1.80000000	9.80000000	0.01129613	0.00000000
C20	c	0.44322362	0.64914437	0.05960392	1.90000000	9.90000000	0.01703814	0.00000000
C21	c	0.52718423	0.74070352	0.25568637	2.00000000	10.00000000	0.01978723	0.00000000
C22	c	0.59302815	0.66890801	0.21675084	2.00000000	10.00000000	0.02368629	0.00000000
C23	c	0.79863027	0.89630357	0.25802995	2.00000000	10.00000000	0.02074965	0.00000000
C24	c	0.80595786	0.88295214	0.11866009	2.00000000	10.00000000	0.02029231	0.00000000
C25	c	0.76242670	0.84173846	0.10236360	2.00000000	10.00000000	0.02910357	0.00000000
C26	c	0.77137029	0.87749541	0.13481719	2.00000000	10.00000000	0.01567659	0.00000000
C27	c	0.68032788	0.86576976	0.03382485	2.00000000	10.00000000	0.02137454	0.00000000
C28	c	0.83642342	0.49820023	0.08435933	2.00000000	10.00000000	0.02302157	0.00000000
C29	c	0.83538096	0.45221171	0.24133247	2.00000000	10.00000000	0.01915797	0.00000000
C30	c	0.73972503	0.50606534	0.19864376	2.00000000	10.00000000	0.01218520	0.00000000

Q Vehicle fuel tank capacity /0.40000000/
C Vehicle load capacity /1.50000000/
r fuel consumption rate /0.25000000/
g inverse refueling rate /1.00000000/
v average Velocity /1.00000000/
