StringID	Type	x	y	demand	ReadyTime	DueDate	ServiceTime	altitude
D0	d	0.50000000	0.50000000	0.00000000	0.00000000	10.00000000	0.00000000	0.00000000
S0	f	0.59853489	0.43691569	0.00000000	0.00000000	10.00000000	0.00000000	0.00000000
S1	f	0.32677816	0.74479657	0.00000000	0.00000000	10.00000000	0.00000000	0.00000000
S2	f	0.52072098	0.37089686	0.00000000	0.00000000	10.00000000	0.00000000	0.00000000
S3	f	0.99244160	0.44111505	0.00000000	0.00000000	10.00000000	0.00000000	0.00000000
S4	f	0.76175414	0.97493508	0.00000000	0.00000000	10.00000000	0.00000000	0.00000000
S5	f	0.34535670	0.87341104	0.00000000	0.00000000	10.00000000	0.00000000	0.00000000
C1	c	0.78650448	0.50304438	0.11522455	0.00000000	8.00000000	0.01180992	0.00000000
C2	c	0.79357667	0.44506234	0.19881346	0.10000000	8.10000000	0.02386517	0.00000000
C3	c	0.65692490	0.50408969	0.19130690	0.20000000	8.20000000	0.01286247	0.00000000
C4	c	0.77421632	0.52783348	0.12422195	0.30000000	8.30000000	0.02529114	0.00000000
C5	c	0.72690627	0.56355091	0.06800706	0.40000000	8.40000000	0.01249906	0.00000000
C6	c	0.77668099	0.54323123	0.05651150	0.50000000	8.50000000	0.02610019	0.00000000
C7	c	0.97171355	0.74398208	0.25084446	0.60000000	8.60000000	0.01010004	0.00000000
C8	c	0.92837637	0.79768790	0.11473372	0.70000000	8.70000000	0.01420879	0.00000000
C9	c	0.97767361	0.77537544	0.16695728	0.80000000	8.80000000	0.02428998	0.00000000
C10	c	1.00000000	0.74476363	0.14887284	0.90000000	8.90000000	0.02601148	0.00000000
C11	c	0.98075205	0.78416083	0.15157538	1.00000000	9.00000000	0.02535918	0.00000000
C12	c	0.94189286	0.77120488	0.08709729	1.10000000	9.10000000	0.01360422	0.00000000
C13	c	0.48747667	0.89985889	0.07215986	1.20000000	9.20000000	0.02323061	0.00000000
C14	c	0.48798174	0.85990163	0.20422218	1.30000000	9.30000000	0.01433788	0.00000000
C15	c	0.49292100	0.83719179	0.20801046	1.40000000	9.40000000	0.02025522	0.00000000
C16	c	0.51651926	0.84938646	0.11335467	1.50000000	9.50000000	0.02156090	0.00000000
C17	c	0.47033636	0.92033862	0.14472781	1.60000000	9.60000000	0.02976180	0.00000000
C18	c	0.85852949	0.55651307	0.21131023	1.70000000	9.70000000	0.02228602	0.00000000
C19	c	0.98299233	0.61063595	0.08023693	1.80000000	9.80000000	0.01607556	0.00000000
C20	c	0.92995667	0.60297648	0.26495639	1.90000000	9.90000000	0.02705269	0.00000000
C21	c	0.88974813	0.53351376	0.18225854	2.00000000	10.00000000	0.01235526	0.00000000
C22	c	0.92768860	0.54372231	0.24819830	2.00000000	10.00000000	0.01111346	0.00000000
C23	c	0.92810804	0.50872317	0.24016704	2.00000000	10.00000000	0.02394898	0.00000000
C24	c	0.94839945	0.53082157	0.02837931	2.00000000	10.00000000	0.01129482	0.00000000
C25	c	0.91304553	0.59042552	0.07887844	2.00000000	10.00000000	0.02827291	0.00000000
C26	c	0.15562809	0.39084364	0.20471650	2.00000000	10.00000000	0.01946850	0.00000000
C27	c	0.18862582	0.25933066	0.04583327	2.00000000	10.00000000	0.01366106	0.00000000
C28	c	0.13250028	0.38528993	0.22555547	2.00000000	10.00000000	0.02209118	0.00000000
C29	c	0.13387397	0.37629284	0.17424114	2.00000000	10.00000000	0.02414324	0.00000000
C30	c	0.12010441	0.33394423	0.09862707	2.00000000	10.00000000	0.02961412	0.00000000

Q Vehicle fuel tank capacity /0.40000000/
C Vehicle load capacity /1.50000000/
r fuel consumption rate /0.25000000/
g inverse refueling rate /1.00000000/
v average Velocity /1.00000000/
