StringID	Type	x	y	demand	ReadyTime	DueDate	ServiceTime	altitude
D0	d	0.50000000	0.50000000	0.00000000	0.00000000	10.00000000	0.00000000	0.00000000
S0	f	0.26975512	0.03874607	0.00000000	0.00000000	10.00000000	0.00000000	0.00000000
S1	f	0.33099904	0.00095564	0.00000000	0.00000000	10.00000000	0.00000000	0.00000000
S2	f	0.43839948	0.60116639	0.00000000	0.00000000	10.00000000	0.00000000	0.00000000
S3	f	0.04956373	0.91489805	0.00000000	0.00000000	10.00000000	0.00000000	0.00000000
S4	f	0.10206959	0.48963731	0.00000000	0.00000000	10.00000000	0.00000000	0.00000000
S5	f	0.15288845	0.08161423	0.00000000	0.00000000	10.00000000	0.00000000	0.00000000
S6	f	0.61880244	0.36211207	0.00000000	0.00000000	10.00000000	0.00000000	0.00000000
S7	f	0.99202045	0.53710257	0.00000000	0.00000000	10.00000000	0.00000000	0.00000000
S8	f	0.23139740	0.75851721	0.00000000	0.00000000	10.00000000	0.00000000	0.00000000
S9	f	0.60288963	0.45844242	0.00000000	0.00000000	10.00000000	0.00000000	0.00000000
C1	c	0.48369280	0.20481719	0.03051547	0.00000000	8.00000000	0.01556811	0.00000000
C2	c	0.49254495	0.06569458	0.07173103	0.06000000	8.06000000	0.02305961	0.00000000
C3	c	0.52281305	0.10627751	0.10636726	0.12000000	8.12000000	0.02090978	0.00000000
C4	c	0.36673844	0.09701489	0.10568494	0.18000000	8.18000000	0.01046326	0.00000000
C5	c	0.37192620	0.18802092	0.14815588	0.24000000	8.24000000	0.01297951	0.00000000
C6	c	0.52460858	0.05145555	0.14752102	0.30000000	8.30000000	0.01807557	0.00000000
C7	c	0.43990286	0.02304742	0.02454617	0.36000000	8.36000000	0.02256029	0.00000000
C8	c	0.46231359	0.11127926	0.10310360	0.42000000	8.42000000	0.02374484	0.00000000
C9	c	0.47054054	0.17825043	0.07480518	0.48000000	8.48000000	0.01274272	0.00000000
C10	c	0.66425020	0.55923105	0.13544270	0.54000000	8.54000000	0.02581126	0.00000000
C11	c	0.83153495	0.53565917	0.02653224	0.60000000	8.60000000	0.02623192	0.00000000
C12	c	0.76306821	0.50910062	0.02719486	0.66000000	8.66000000	0.01809051	0.00000000
C13	c	0.82941029	0.60800591	0.04810551	0.72000000	8.72000000	0.02452496	0.00000000
C14	c	0.78049833	0.64272713	0.05693067	0.78000000	8.78000000	0.01578825	0.00000000
C15	c	0.80166904	0.55984736	0.14091163	0.84000000	8.84000000	0.02643843	0.00000000
C16	c	0.73205232	0.58178693	0.13394916	0.90000000	8.90000000	0.02101373	0.00000000
C17	c	0.71886983	0.61232789	0.07146846	0.96000000	8.96000000	0.02831112	0.00000000
C18	c	0.83613345	0.66739443	0.08373783	1.02000000	9.02000000	0.01975689	0.00000000
C19	c	0.79775409	0.67828742	0.06098051	1.08000000	9.08000000	0.02849710	0.00000000
C20	c	0.86903330	0.68848852	0.05910199	1.14000000	9.14000000	0.02413094	0.00000000
C21	c	0.90333041	0.72312703	0.06628398	1.20000000	9.20000000	0.02251503	0.00000000
C22	c	0.94091965	0.75281920	0.03309529	1.26000000	9.26000000	0.02656848	0.00000000
C23	c	0.80256764	0.54211362	0.16270163	1.32000000	9.32000000	0.02369303	0.00000000
C24	c	0.85337369	0.69018310	0.12803951	1.38000000	9.38000000	0.01402586	0.00000000
C25	c	0.74422170	0.64594566	0.10539410	1.44000000	9.44000000	0.02648492	0.00000000
C26	c	0.72027551	0.76014619	0.13444669	1.50000000	9.50000000	0.01022935	0.00000000
C27	c	0.64360539	0.70569011	0.03106032	1.56000000	9.56000000	0.01832300	0.00000000
C28	c	0.77766815	0.82484981	0.08558730	1.62000000	9.62000000	0.02535441	0.00000000
C29	c	0.64300093	0.69216018	0.01649239	1.68000000	9.68000000	0.02971171	0.00000000
C30	c	0.78686923	0.75258648	0.10833184	1.74000000	9.74000000	0.01777184	0.00000000
C31	c	0.61863356	0.89567754	0.08578398	1.80000000	9.80000000	0.02229841	0.00000000
C32	c	0.69853396	0.79049460	0.12623518	1.86000000	9.86000000	0.01633726	0.00000000
C33	c	1.00000000	0.43184208	0.07704724	1.92000000	9.92000000	0.02985161	0.00000000
C34	c	0.95884188	0.39646340	0.10770567	1.98000000	9.98000000	0.02813512	0.00000000
C35	c	0.97343481	0.43008332	0.08605338	2.00000000	10.00000000	0.02349993	0.00000000
C36	c	0.53440560	0.00782255	0.15083014	2.00000000	10.00000000	0.02812117	0.00000000
C37	c	0.52618626	0.06399574	0.07374652	2.00000000	10.00000000	0.02935255	0.00000000
C38	c	0.49727516	0.05976856	0.13198000	2.00000000	10.00000000	0.01354368	0.00000000
C39	c	0.55674251	0.06390446	0.10010649	2.00000000	10.00000000	0.01439090	0.00000000
C40	c	0.47617475	0.06591699	0.12561690	2.00000000	10.00000000	0.01935158	0.00000000
C41	c	0.52751490	0.00000000	0.06260126	2.00000000	10.00000000	0.01691565	0.00000000
C42	c	0.55811809	0.08478596	0.15669165	2.00000000	10.00000000	0.02503156	0.00000000
C43	c	0.53588957	0.07845828	0.11772782	2.00000000	10.00000000	0.02100882	0.00000000
C44	c	0.56383126	0.00799074	0.12330058	2.00000000	10.00000000	0.02201326	0.00000000
C45	c	0.46404292	0.03189477	0.10627936	2.00000000	10.00000000	0.01654050	0.00000000
C46	c	0.52287856	0.04111576	0.01481927	2.00000000	10.00000000	0.02164155	0.00000000
C47	c	0.55417598	0.05087924	0.10728884	2.00000000	10.00000000	0.01076632	0.00000000
C48	c	0.65715097	0.09982787	0.10283554	2.00000000	10.00000000	0.01075516	0.00000000
C49	c	0.50569578	0.01402240	0.01180949	2.00000000	10.00000000	0.01167118	0.00000000
C50	c	0.55665353	0.02049298	0.10332154	2.00000000	10.00000000	0.01593345	0.00000000

Q Vehicle fuel tank capacity /0.40000000/
C Vehicle load capacity /1.50000000/
r fuel consumption rate /0.25000000/
g inverse refueling rate /1.00000000/
v average Velocity /1.00000000/
