StringID	Type	x	y	demand	ReadyTime	DueDate	ServiceTime	altitude
D0	d	0.50000000	0.50000000	0.00000000	0.00000000	10.00000000	0.00000000	0.00000000
S0	f	0.18261127	0.68533938	0.00000000	0.00000000	10.00000000	0.00000000	0.00000000
S1	f	0.60012924	0.07348959	0.00000000	0.00000000	10.00000000	0.00000000	0.00000000
S2	f	0.83120368	0.73291653	0.00000000	0.00000000	10.00000000	0.00000000	0.00000000
S3	f	0.58321029	0.21694618	0.00000000	0.00000000	10.00000000	0.00000000	0.00000000
S4	f	0.75487041	0.28555186	0.00000000	0.00000000	10.00000000	0.00000000	0.00000000
S5	f	0.38148475	0.26467367	0.00000000	0.00000000	10.00000000	0.00000000	0.00000000
C1	c	0.02900251	0.92265729	0.08991857	0.00000000	8.00000000	0.02476938	0.00000000
C2	c	0.19603547	0.95197893	0.03260320	0.10000000	8.10000000	0.02148336	0.00000000
C3	c	0.09069404	0.98808593	0.25811723	0.20000000	8.20000000	0.02417016	0.00000000
C4	c	0.08154672	0.99931322	0.23882476	0.30000000	8.30000000	0.02538921	0.00000000
C5	c	0.11003181	0.92944891	0.09514909	0.40000000	8.40000000	0.02503850	0.00000000
C6	c	0.09281931	1.00000000	0.19375513	0.50000000	8.50000000	0.02048634	0.00000000
C7	c	0.09456259	0.73906763	0.23543297	0.60000000	8.60000000	0.01507475	0.00000000
C8	c	0.10481268	0.78675944	0.12794781	0.70000000	8.70000000	0.01628026	0.00000000
C9	c	0.21281592	0.65362528	0.16017153	0.80000000	8.80000000	0.02574841	0.00000000
C10	c	0.38015449	0.21834846	0.25341331	0.90000000	8.90000000	0.01248038	0.00000000
C11	c	0.37095125	0.11728166	0.26039887	1.00000000	9.00000000	0.01817551	0.00000000
C12	c	0.45938785	0.14832326	0.10431155	1.10000000	9.10000000	0.02941842	0.00000000
C13	c	0.44539624	0.07221678	0.04351009	1.20000000	9.20000000	0.02648353	0.00000000
C14	c	0.39215336	0.13165512	0.17799899	1.30000000	9.30000000	0.01479854	0.00000000
C15	c	0.45045852	0.07805578	0.02327609	1.40000000	9.40000000	0.02889716	0.00000000
C16	c	0.33296892	0.06812389	0.08172769	1.50000000	9.50000000	0.01495581	0.00000000
C17	c	0.64690311	0.83313544	0.21171894	1.60000000	9.60000000	0.02914737	0.00000000
C18	c	0.43694349	0.75814496	0.19985617	1.70000000	9.70000000	0.01078782	0.00000000
C19	c	0.57902753	0.65664482	0.18670060	1.80000000	9.80000000	0.02088641	0.00000000
C20	c	0.61198360	0.72748664	0.17237893	1.90000000	9.90000000	0.01525137	0.00000000
C21	c	0.57524827	0.74303454	0.06097120	2.00000000	10.00000000	0.01875988	0.00000000
C22	c	0.59490272	0.74284655	0.22077072	2.00000000	10.00000000	0.02134957	0.00000000
C23	c	0.48051067	0.72279702	0.07876444	2.00000000	10.00000000	0.01117799	0.00000000
C24	c	0.57295061	0.43157055	0.04832056	2.00000000	10.00000000	0.01867242	0.00000000
C25	c	0.48744865	0.57406277	0.26218031	2.00000000	10.00000000	0.02595055	0.00000000
C26	c	0.57981938	0.43066900	0.30456283	2.00000000	10.00000000	0.01778768	0.00000000
C27	c	0.48486208	0.57612369	0.12270783	2.00000000	10.00000000	0.02186858	0.00000000
C28	c	0.56080977	0.54043094	0.09210223	2.00000000	10.00000000	0.02331073	0.00000000
C29	c	0.56002369	0.49512931	0.06251930	2.00000000	10.00000000	0.01407382	0.00000000
C30	c	0.51430172	0.44178713	0.09988907	2.00000000	10.00000000	0.02580533	0.00000000

Q Vehicle fuel tank capacity /0.40000000/
C Vehicle load capacity /1.50000000/
r fuel consumption rate /0.25000000/
g inverse refueling rate /1.00000000/
v average Velocity /1.00000000/
