StringID	Type	x	y	demand	ReadyTime	DueDate	ServiceTime	altitude
D0	d	0.50000000	0.50000000	0.00000000	0.00000000	10.00000000	0.00000000	0.00000000
S0	f	0.10449296	0.62552533	0.00000000	0.00000000	10.00000000	0.00000000	0.00000000
S1	f	0.92396316	0.54135923	0.00000000	0.00000000	10.00000000	0.00000000	0.00000000
S2	f	0.86843156	0.80902708	0.00000000	0.00000000	10.00000000	0.00000000	0.00000000
S3	f	0.16536412	0.50761063	0.00000000	0.00000000	10.00000000	0.00000000	0.00000000
S4	f	0.43054025	0.83549444	0.00000000	0.00000000	10.00000000	0.00000000	0.00000000
S5	f	0.71967350	0.51897414	0.00000000	0.00000000	10.00000000	0.00000000	0.00000000
S6	f	0.73851703	0.12522471	0.00000000	0.00000000	10.00000000	0.00000000	0.00000000
S7	f	0.93033628	0.00555387	0.00000000	0.00000000	10.00000000	0.00000000	0.00000000
S8	f	0.93611436	0.13573832	0.00000000	0.00000000	10.00000000	0.00000000	0.00000000
S9	f	0.10113394	0.98194443	0.00000000	0.00000000	10.00000000	0.00000000	0.00000000
C1	c	0.38243441	0.82024109	0.13199816	0.00000000	8.00000000	0.02765929	0.00000000
C2	c	0.41580102	0.71598736	0.07008143	0.06000000	8.06000000	0.01335744	0.00000000
C3	c	0.31139195	0.82408133	0.08259356	0.12000000	8.12000000	0.01179245	0.00000000
C4	c	0.35676178	0.81120962	0.02165428	0.18000000	8.18000000	0.02187475	0.00000000
C5	c	0.34868647	0.53605393	0.09403118	0.24000000	8.24000000	0.01310009	0.00000000
C6	c	0.42263449	0.53550201	0.07848335	0.30000000	8.30000000	0.01383958	0.00000000
C7	c	0.31083100	0.58934589	0.09661540	0.36000000	8.36000000	0.01357943	0.00000000
C8	c	0.40778848	0.47683881	0.15609731	0.42000000	8.42000000	0.02441652	0.00000000
C9	c	0.43398952	0.49154712	0.17477085	0.48000000	8.48000000	0.01431294	0.00000000
C10	c	0.29864758	0.54137094	0.10816727	0.54000000	8.54000000	0.01683580	0.00000000
C11	c	0.38272710	0.59416725	0.16744466	0.60000000	8.60000000	0.02699736	0.00000000
C12	c	0.40272249	0.57731126	0.02064275	0.66000000	8.66000000	0.01549974	0.00000000
C13	c	0.73314192	0.17886216	0.02207523	0.72000000	8.72000000	0.02283436	0.00000000
C14	c	0.75071640	0.07287594	0.02378645	0.78000000	8.78000000	0.01005736	0.00000000
C15	c	0.88592000	0.20370340	0.17761600	0.84000000	8.84000000	0.02092877	0.00000000
C16	c	0.83008603	0.17807950	0.15606052	0.90000000	8.90000000	0.01335453	0.00000000
C17	c	0.85615362	0.05184785	0.02719297	0.96000000	8.96000000	0.02524302	0.00000000
C18	c	0.78640046	0.15946461	0.17056687	1.02000000	9.02000000	0.02449546	0.00000000
C19	c	0.74362783	0.16773035	0.15493610	1.08000000	9.08000000	0.01235090	0.00000000
C20	c	0.83650182	0.19453241	0.17721309	1.14000000	9.14000000	0.01991692	0.00000000
C21	c	0.76509513	0.18025229	0.13803875	1.20000000	9.20000000	0.02841765	0.00000000
C22	c	0.80237262	0.04325750	0.03922324	1.26000000	9.26000000	0.02341833	0.00000000
C23	c	0.71051146	0.15624405	0.03024658	1.32000000	9.32000000	0.01745464	0.00000000
C24	c	0.94237747	0.44692904	0.01960206	1.38000000	9.38000000	0.01578525	0.00000000
C25	c	0.92924161	0.47792284	0.13440737	1.44000000	9.44000000	0.02999154	0.00000000
C26	c	0.86063454	0.45785588	0.14611455	1.50000000	9.50000000	0.01815378	0.00000000
C27	c	0.92362004	0.40487029	0.02232010	1.56000000	9.56000000	0.01963042	0.00000000
C28	c	0.97557380	0.30192940	0.11335853	1.62000000	9.62000000	0.01188997	0.00000000
C29	c	0.96384443	0.37545842	0.01442902	1.68000000	9.68000000	0.02984955	0.00000000
C30	c	0.88723071	0.32649506	0.02838188	1.74000000	9.74000000	0.01555360	0.00000000
C31	c	0.32765470	0.35384231	0.17692265	1.80000000	9.80000000	0.01898321	0.00000000
C32	c	0.31545363	0.50698895	0.14093756	1.86000000	9.86000000	0.01668330	0.00000000
C33	c	0.28220457	0.47625090	0.01547843	1.92000000	9.92000000	0.01313396	0.00000000
C34	c	0.23248883	0.48435567	0.04913918	1.98000000	9.98000000	0.01578144	0.00000000
C35	c	0.25717158	0.37929443	0.11651452	2.00000000	10.00000000	0.01743504	0.00000000
C36	c	0.32515306	0.41928975	0.11151936	2.00000000	10.00000000	0.02317168	0.00000000
C37	c	0.24395295	0.41451354	0.04879839	2.00000000	10.00000000	0.01595507	0.00000000
C38	c	0.20061013	0.44029241	0.04755916	2.00000000	10.00000000	0.02267118	0.00000000
C39	c	0.26752157	0.45342873	0.01480787	2.00000000	10.00000000	0.01828908	0.00000000
C40	c	0.24208223	0.37879485	0.11779150	2.00000000	10.00000000	0.01844644	0.00000000
C41	c	0.18893289	0.28472940	0.02480178	2.00000000	10.00000000	0.01062344	0.00000000
C42	c	0.12411410	0.24938860	0.17569745	2.00000000	10.00000000	0.02285322	0.00000000
C43	c	0.23315088	0.35444117	0.05073155	2.00000000	10.00000000	0.01349816	0.00000000
C44	c	0.07122544	0.31493316	0.12801144	2.00000000	10.00000000	0.02609326	0.00000000
C45	c	0.31604063	0.29390535	0.06247717	2.00000000	10.00000000	0.01417320	0.00000000
C46	c	0.14140969	0.27758783	0.11073559	2.00000000	10.00000000	0.02566580	0.00000000
C47	c	0.02282767	0.07857700	0.04360555	2.00000000	10.00000000	0.02375059	0.00000000
C48	c	0.07182853	0.06884372	0.02994535	2.00000000	10.00000000	0.01221543	0.00000000
C49	c	0.00000000	0.00000000	0.10231363	2.00000000	10.00000000	0.02581815	0.00000000
C50	c	0.00000000	0.03615388	0.13406238	2.00000000	10.00000000	0.01251911	0.00000000

Q Vehicle fuel tank capacity /0.40000000/
C Vehicle load capacity /1.50000000/
r fuel consumption rate /0.25000000/
g inverse refueling rate /1.00000000/
v average Velocity /1.00000000/
