StringID	Type	x	y	demand	ReadyTime	DueDate	ServiceTime	altitude
D0	d	0.50000000	0.50000000	0.00000000	0.00000000	10.00000000	0.00000000	0.00000000
S0	f	0.10562439	0.08205923	0.00000000	0.00000000	10.00000000	0.00000000	0.00000000
S1	f	0.75734842	0.86977825	0.00000000	0.00000000	10.00000000	0.00000000	0.00000000
S2	f	0.18331738	0.30022513	0.00000000	0.00000000	10.00000000	0.00000000	0.00000000
S3	f	0.11481391	0.87785282	0.00000000	0.00000000	10.00000000	0.00000000	0.00000000
S4	f	0.51172420	0.38077250	0.00000000	0.00000000	10.00000000	0.00000000	0.00000000
S5	f	0.26424153	0.26272695	0.00000000	0.00000000	10.00000000	0.00000000	0.00000000
S6	f	0.56044296	0.88165839	0.00000000	0.00000000	10.00000000	0.00000000	0.00000000
S7	f	0.75005582	0.78522712	0.00000000	0.00000000	10.00000000	0.00000000	0.00000000
S8	f	0.74700743	0.92679553	0.00000000	0.00000000	10.00000000	0.00000000	0.00000000
S9	f	0.73569473	0.74175253	0.00000000	0.00000000	10.00000000	0.00000000	0.00000000
C1	c	0.66997270	0.14830401	0.07223087	0.00000000	8.00000000	0.01793219	0.00000000
C2	c	0.64620017	0.14504106	0.09471610	0.06000000	8.06000000	0.01963916	0.00000000
C3	c	0.63275240	0.14608647	0.10839967	0.12000000	8.12000000	0.01891592	0.00000000
C4	c	0.65908688	0.12453226	0.10413894	0.18000000	8.18000000	0.02343125	0.00000000
C5	c	0.57597821	0.21576341	0.15488965	0.24000000	8.24000000	0.02594411	0.00000000
C6	c	0.60269848	0.26105044	0.10532067	0.30000000	8.30000000	0.02736701	0.00000000
C7	c	0.66404947	0.16731962	0.09674056	0.36000000	8.36000000	0.02984149	0.00000000
C8	c	0.74937048	0.08016937	0.15367791	0.42000000	8.42000000	0.02888447	0.00000000
C9	c	0.63257082	0.11620612	0.05543217	0.48000000	8.48000000	0.01552739	0.00000000
C10	c	0.82850569	0.47124965	0.05861517	0.54000000	8.54000000	0.01564725	0.00000000
C11	c	0.80204658	0.49626461	0.12110504	0.60000000	8.60000000	0.02577044	0.00000000
C12	c	0.80743137	0.55719202	0.06767058	0.66000000	8.66000000	0.02965726	0.00000000
C13	c	0.75901685	0.43541959	0.01606651	0.72000000	8.72000000	0.02552785	0.00000000
C14	c	0.74996091	0.53680239	0.13527209	0.78000000	8.78000000	0.02966315	0.00000000
C15	c	0.82105889	0.53012498	0.08458937	0.84000000	8.84000000	0.01231441	0.00000000
C16	c	0.85172578	0.46569361	0.07794567	0.90000000	8.90000000	0.01689341	0.00000000
C17	c	0.77402142	0.48965635	0.09301576	0.96000000	8.96000000	0.02114913	0.00000000
C18	c	0.82731162	0.47550877	0.13885129	1.02000000	9.02000000	0.01708145	0.00000000
C19	c	0.75151508	0.44607553	0.12522103	1.08000000	9.08000000	0.02099741	0.00000000
C20	c	0.33296369	0.73725867	0.14665226	1.14000000	9.14000000	0.02567901	0.00000000
C21	c	0.39785120	0.81994180	0.15599203	1.20000000	9.20000000	0.02888505	0.00000000
C22	c	0.37017896	0.75681446	0.09170107	1.26000000	9.26000000	0.01370920	0.00000000
C23	c	0.29581102	0.81573657	0.03077270	1.32000000	9.32000000	0.02934831	0.00000000
C24	c	0.15334438	0.15191975	0.02322785	1.38000000	9.38000000	0.02620206	0.00000000
C25	c	0.09071294	0.25223708	0.01601237	1.44000000	9.44000000	0.01472541	0.00000000
C26	c	0.14876146	0.24862758	0.13568324	1.50000000	9.50000000	0.02936425	0.00000000
C27	c	0.06295837	0.18441642	0.05007240	1.56000000	9.56000000	0.01761614	0.00000000
C28	c	0.12459536	0.25222131	0.09385807	1.62000000	9.62000000	0.01823311	0.00000000
C29	c	0.15568312	0.24730936	0.12588467	1.68000000	9.68000000	0.02947231	0.00000000
C30	c	0.57351187	0.14362899	0.12352663	1.74000000	9.74000000	0.01434870	0.00000000
C31	c	0.63668772	0.17925834	0.14104764	1.80000000	9.80000000	0.02159046	0.00000000
C32	c	0.48686667	0.26335659	0.01561388	1.86000000	9.86000000	0.01606992	0.00000000
C33	c	0.57427429	0.17900430	0.16138037	1.92000000	9.92000000	0.01106950	0.00000000
C34	c	0.09350236	0.02890985	0.10473013	1.98000000	9.98000000	0.02569794	0.00000000
C35	c	0.03247474	0.10688873	0.05527738	2.00000000	10.00000000	0.01527762	0.00000000
C36	c	0.00000000	0.06287900	0.05145012	2.00000000	10.00000000	0.01152909	0.00000000
C37	c	0.05491530	0.06445249	0.02938664	2.00000000	10.00000000	0.01064757	0.00000000
C38	c	0.12565099	0.04009075	0.02808601	2.00000000	10.00000000	0.02622818	0.00000000
C39	c	0.15750090	0.00951338	0.01741399	2.00000000	10.00000000	0.01366371	0.00000000
C40	c	0.14286247	0.14560916	0.09282734	2.00000000	10.00000000	0.02619549	0.00000000
C41	c	0.18600417	0.07835010	0.08264300	2.00000000	10.00000000	0.01378254	0.00000000
C42	c	0.12265817	0.02652762	0.05743152	2.00000000	10.00000000	0.02296566	0.00000000
C43	c	0.03240989	0.04005096	0.15215598	2.00000000	10.00000000	0.01947596	0.00000000
C44	c	0.05972325	0.12936849	0.03721911	2.00000000	10.00000000	0.02413757	0.00000000
C45	c	0.78891735	0.48370716	0.12932176	2.00000000	10.00000000	0.02756283	0.00000000
C46	c	0.87589735	0.51158644	0.10173033	2.00000000	10.00000000	0.02087420	0.00000000
C47	c	0.86394593	0.51521369	0.16631083	2.00000000	10.00000000	0.01513744	0.00000000
C48	c	0.86168092	0.49726170	0.01401599	2.00000000	10.00000000	0.02170163	0.00000000
C49	c	0.81749565	0.42936059	0.14941489	2.00000000	10.00000000	0.02086179	0.00000000
C50	c	0.88624307	0.48120375	0.05526076	2.00000000	10.00000000	0.02306410	0.00000000

Q Vehicle fuel tank capacity /0.40000000/
C Vehicle load capacity /1.50000000/
r fuel consumption rate /0.25000000/
g inverse refueling rate /1.00000000/
v average Velocity /1.00000000/
