StringID	Type	x	y	demand	ReadyTime	DueDate	ServiceTime	altitude
D0	d	0.50000000	0.50000000	0.00000000	0.00000000	10.00000000	0.00000000	0.00000000
S0	f	0.69593565	0.23757269	0.00000000	0.00000000	10.00000000	0.00000000	0.00000000
S1	f	0.69469370	0.05060467	0.00000000	0.00000000	10.00000000	0.00000000	0.00000000
S2	f	0.35543516	0.38467877	0.00000000	0.00000000	10.00000000	0.00000000	0.00000000
S3	f	0.00057875	0.29844250	0.00000000	0.00000000	10.00000000	0.00000000	0.00000000
S4	f	0.58591091	0.19505744	0.00000000	0.00000000	10.00000000	0.00000000	0.00000000
S5	f	0.29937108	0.12577693	0.00000000	0.00000000	10.00000000	0.00000000	0.00000000
S6	f	0.72016182	0.94310203	0.00000000	0.00000000	10.00000000	0.00000000	0.00000000
S7	f	0.51173729	0.88361210	0.00000000	0.00000000	10.00000000	0.00000000	0.00000000
S8	f	0.62813500	0.97024007	0.00000000	0.00000000	10.00000000	0.00000000	0.00000000
S9	f	0.06207857	0.49711594	0.00000000	0.00000000	10.00000000	0.00000000	0.00000000
C1	c	0.27773156	0.39235285	0.18074563	0.00000000	8.00000000	0.01391422	0.00000000
C2	c	0.23358754	0.37987085	0.11345433	0.06000000	8.06000000	0.02470277	0.00000000
C3	c	0.31884714	0.43909160	0.01578419	0.12000000	8.12000000	0.02850200	0.00000000
C4	c	0.31825746	0.41003033	0.09433551	0.18000000	8.18000000	0.01686574	0.00000000
C5	c	0.29006754	0.43423200	0.11053194	0.24000000	8.24000000	0.01645698	0.00000000
C6	c	0.25339738	0.42101910	0.15059056	0.30000000	8.30000000	0.02278181	0.00000000
C7	c	0.27894598	0.35586493	0.05659474	0.36000000	8.36000000	0.02760441	0.00000000
C8	c	0.26624093	0.39300871	0.04203297	0.42000000	8.42000000	0.01920167	0.00000000
C9	c	0.10925366	1.00000000	0.11404712	0.48000000	8.48000000	0.02025742	0.00000000
C10	c	0.18223759	0.98544714	0.17067537	0.54000000	8.54000000	0.01416716	0.00000000
C11	c	0.12263417	0.94702564	0.11323709	0.60000000	8.60000000	0.01328786	0.00000000
C12	c	0.09041448	0.92903128	0.04693506	0.66000000	8.66000000	0.01627491	0.00000000
C13	c	0.18627812	0.99954465	0.11447969	0.72000000	8.72000000	0.01070659	0.00000000
C14	c	0.15796664	0.48433368	0.13125529	0.78000000	8.78000000	0.01534572	0.00000000
C15	c	0.00533009	0.44867481	0.16313546	0.84000000	8.84000000	0.02652475	0.00000000
C16	c	0.02601492	0.40248981	0.14373544	0.90000000	8.90000000	0.02950925	0.00000000
C17	c	0.12874690	0.47571081	0.02708144	0.96000000	8.96000000	0.01270665	0.00000000
C18	c	0.10636929	0.47541334	0.17718844	1.02000000	9.02000000	0.01766852	0.00000000
C19	c	0.08805965	0.44438256	0.07601382	1.08000000	9.08000000	0.01485557	0.00000000
C20	c	0.10119493	0.54546704	0.08377922	1.14000000	9.14000000	0.01293090	0.00000000
C21	c	0.11196876	0.46755434	0.06472685	1.20000000	9.20000000	0.01539183	0.00000000
C22	c	0.11697088	0.40953077	0.01702746	1.26000000	9.26000000	0.01008542	0.00000000
C23	c	0.02199564	0.11108942	0.03939858	1.32000000	9.32000000	0.01628496	0.00000000
C24	c	0.00000000	0.11937545	0.06390694	1.38000000	9.38000000	0.02251569	0.00000000
C25	c	0.05954608	0.11690554	0.04573491	1.44000000	9.44000000	0.01213116	0.00000000
C26	c	0.72726348	0.79448157	0.17883028	1.50000000	9.50000000	0.01875913	0.00000000
C27	c	0.63974629	0.74903348	0.06505092	1.56000000	9.56000000	0.01424560	0.00000000
C28	c	0.65325497	0.78651640	0.08088739	1.62000000	9.62000000	0.01620701	0.00000000
C29	c	0.71964326	0.88946876	0.02248260	1.68000000	9.68000000	0.01413665	0.00000000
C30	c	0.68096665	0.78116945	0.18111707	1.74000000	9.74000000	0.01533426	0.00000000
C31	c	0.62397253	0.76257105	0.14591856	1.80000000	9.80000000	0.02806863	0.00000000
C32	c	0.74246114	0.78987892	0.08207469	1.86000000	9.86000000	0.02565634	0.00000000
C33	c	0.72244920	0.75224801	0.11145878	1.92000000	9.92000000	0.02717228	0.00000000
C34	c	0.71990604	0.72167759	0.11180145	1.98000000	9.98000000	0.01880129	0.00000000
C35	c	0.63233583	0.80841471	0.08612869	2.00000000	10.00000000	0.02261274	0.00000000
C36	c	0.66127737	0.84674323	0.08275237	2.00000000	10.00000000	0.02844928	0.00000000
C37	c	0.67844597	0.78708246	0.06283467	2.00000000	10.00000000	0.02564233	0.00000000
C38	c	0.73816680	0.83001402	0.05562020	2.00000000	10.00000000	0.02661113	0.00000000
C39	c	0.65358736	0.86686253	0.02675773	2.00000000	10.00000000	0.01618564	0.00000000
C40	c	0.62522949	0.78592523	0.13621630	2.00000000	10.00000000	0.02494010	0.00000000
C41	c	0.37812051	0.70907495	0.04102183	2.00000000	10.00000000	0.02408518	0.00000000
C42	c	0.40149332	0.60224432	0.10172539	2.00000000	10.00000000	0.02937481	0.00000000
C43	c	0.38360844	0.64615614	0.01797716	2.00000000	10.00000000	0.01812348	0.00000000
C44	c	0.37970556	0.61423785	0.05293109	2.00000000	10.00000000	0.01670370	0.00000000
C45	c	0.37001580	0.64254733	0.02044417	2.00000000	10.00000000	0.01656526	0.00000000
C46	c	0.36221774	0.62071268	0.01652279	2.00000000	10.00000000	0.02545334	0.00000000
C47	c	0.36630529	0.56324383	0.13573233	2.00000000	10.00000000	0.01054447	0.00000000
C48	c	0.41582040	0.70252789	0.13131952	2.00000000	10.00000000	0.01686815	0.00000000
C49	c	0.41815665	0.59030662	0.02824630	2.00000000	10.00000000	0.01983556	0.00000000
C50	c	0.35191985	0.59741021	0.16771968	2.00000000	10.00000000	0.02423601	0.00000000

Q Vehicle fuel tank capacity /0.40000000/
C Vehicle load capacity /1.50000000/
r fuel consumption rate /0.25000000/
g inverse refueling rate /1.00000000/
v average Velocity /1.00000000/
