StringID	Type	x	y	demand	ReadyTime	DueDate	ServiceTime	altitude
D0	d	0.50000000	0.50000000	0.00000000	0.00000000	10.00000000	0.00000000	0.00000000
S0	f	0.06841213	0.06535582	0.00000000	0.00000000	10.00000000	0.00000000	0.00000000
S1	f	0.10985876	0.66319572	0.00000000	0.00000000	10.00000000	0.00000000	0.00000000
S2	f	0.28114595	0.26041115	0.00000000	0.00000000	10.00000000	0.00000000	0.00000000
S3	f	0.97244904	0.82207038	0.00000000	0.00000000	10.00000000	0.00000000	0.00000000
S4	f	0.18454411	0.48380418	0.00000000	0.00000000	10.00000000	0.00000000	0.00000000
S5	f	0.44502779	0.81862082	0.00000000	0.00000000	10.00000000	0.00000000	0.00000000
C1	c	0.49836139	0.52712140	0.24684224	0.00000000	8.00000000	0.01858544	0.00000000
C2	c	0.45073516	0.52275409	0.08385561	0.10000000	8.10000000	0.02142196	0.00000000
C3	c	0.50106304	0.51806188	0.29309660	0.20000000	8.20000000	0.01093689	0.00000000
C4	c	0.03600870	0.08990546	0.06726515	0.30000000	8.30000000	0.01294590	0.00000000
C5	c	0.02057419	0.09947566	0.11103270	0.40000000	8.40000000	0.02993114	0.00000000
C6	c	0.01687613	0.08932889	0.03056145	0.50000000	8.50000000	0.01331442	0.00000000
C7	c	0.14788279	0.06962624	0.15327221	0.60000000	8.60000000	0.02955094	0.00000000
C8	c	0.14024778	0.02432511	0.12859640	0.70000000	8.70000000	0.02838934	0.00000000
C9	c	0.02647709	0.06190951	0.26577334	0.80000000	8.80000000	0.02057429	0.00000000
C10	c	0.11744163	0.07606699	0.07093909	0.90000000	8.90000000	0.01335226	0.00000000
C11	c	0.00000000	0.12088349	0.27966698	1.00000000	9.00000000	0.01282192	0.00000000
C12	c	0.84867924	0.82545055	0.20293115	1.10000000	9.10000000	0.02351598	0.00000000
C13	c	0.82633525	0.82835525	0.10274629	1.20000000	9.20000000	0.01982881	0.00000000
C14	c	0.83870700	0.74164975	0.24039787	1.30000000	9.30000000	0.02364537	0.00000000
C15	c	0.77100241	0.71646172	0.08707186	1.40000000	9.40000000	0.01452486	0.00000000
C16	c	0.80815155	0.73739091	0.07218589	1.50000000	9.50000000	0.02753323	0.00000000
C17	c	0.00000000	0.42366284	0.27210793	1.60000000	9.60000000	0.02343262	0.00000000
C18	c	0.10333708	0.46734194	0.21812829	1.70000000	9.70000000	0.01004052	0.00000000
C19	c	0.06464148	0.44450935	0.22097808	1.80000000	9.80000000	0.01477342	0.00000000
C20	c	0.02247964	0.40941893	0.25127673	1.90000000	9.90000000	0.01861921	0.00000000
C21	c	0.12314886	0.39327813	0.08804174	2.00000000	10.00000000	0.02012048	0.00000000
C22	c	0.06144124	0.45910369	0.06120084	2.00000000	10.00000000	0.01961352	0.00000000
C23	c	0.60415523	0.68532330	0.24036169	2.00000000	10.00000000	0.01101764	0.00000000
C24	c	0.58021242	0.76084464	0.04782229	2.00000000	10.00000000	0.02401943	0.00000000
C25	c	0.67005632	0.71891909	0.14895641	2.00000000	10.00000000	0.02786755	0.00000000
C26	c	0.59268782	0.72062039	0.04702186	2.00000000	10.00000000	0.01942409	0.00000000
C27	c	0.72208084	0.73377604	0.13889187	2.00000000	10.00000000	0.02161006	0.00000000
C28	c	0.61644538	0.77800452	0.10984814	2.00000000	10.00000000	0.01443022	0.00000000
C29	c	0.65100566	0.67562826	0.13114569	2.00000000	10.00000000	0.02213382	0.00000000
C30	c	0.61493839	0.76542584	0.08798362	2.00000000	10.00000000	0.02167844	0.00000000

Q Vehicle fuel tank capacity /0.40000000/
C Vehicle load capacity /1.50000000/
r fuel consumption rate /0.25000000/
g inverse refueling rate /1.00000000/
v average Velocity /1.00000000/
