StringID	Type	x	y	demand	ReadyTime	DueDate	ServiceTime	altitude
D0	d	0.50000000	0.50000000	0.00000000	0.00000000	10.00000000	0.00000000	0.00000000
S0	f	0.95664482	0.20755694	0.00000000	0.00000000	10.00000000	0.00000000	0.00000000
S1	f	0.79778334	0.33301230	0.00000000	0.00000000	10.00000000	0.00000000	0.00000000
S2	f	0.71395388	0.00598616	0.00000000	0.00000000	10.00000000	0.00000000	0.00000000
S3	f	0.00817955	0.79925490	0.00000000	0.00000000	10.00000000	0.00000000	0.00000000
S4	f	0.68977480	0.53763508	0.00000000	0.00000000	10.00000000	0.00000000	0.00000000
S5	f	0.31522549	0.54820810	0.00000000	0.00000000	10.00000000	0.00000000	0.00000000
C1	c	0.99429452	0.79066538	0.17943295	0.00000000	8.00000000	0.02468715	0.00000000
C2	c	0.97834439	0.78867945	0.16455318	0.10000000	8.10000000	0.02538439	0.00000000
C3	c	1.00000000	0.78040010	0.01878753	0.20000000	8.20000000	0.01170866	0.00000000
C4	c	1.00000000	0.80718034	0.19537153	0.30000000	8.30000000	0.01664744	0.00000000
C5	c	0.99669741	0.71241201	0.12404720	0.40000000	8.40000000	0.02836784	0.00000000
C6	c	0.97969516	0.77664983	0.10053763	0.50000000	8.50000000	0.01629628	0.00000000
C7	c	1.00000000	0.64735023	0.19597242	0.60000000	8.60000000	0.02675173	0.00000000
C8	c	0.90697647	0.22608232	0.20693467	0.70000000	8.70000000	0.01744725	0.00000000
C9	c	0.06766780	0.68956408	0.22474136	0.80000000	8.80000000	0.01752802	0.00000000
C10	c	0.17036321	0.65189268	0.24712742	0.90000000	8.90000000	0.02456508	0.00000000
C11	c	0.07311935	0.66074135	0.02011735	1.00000000	9.00000000	0.01198245	0.00000000
C12	c	0.08238035	0.71094480	0.03949989	1.10000000	9.10000000	0.02407825	0.00000000
C13	c	0.12870033	0.60576526	0.08075513	1.20000000	9.20000000	0.02317339	0.00000000
C14	c	0.17172323	0.65557464	0.07453393	1.30000000	9.30000000	0.01374208	0.00000000
C15	c	0.00270053	0.62181545	0.17968753	1.40000000	9.40000000	0.01380886	0.00000000
C16	c	0.00000000	0.61308693	0.23856845	1.50000000	9.50000000	0.02141229	0.00000000
C17	c	0.07346838	0.61805220	0.15240470	1.60000000	9.60000000	0.01761011	0.00000000
C18	c	0.74777235	0.29875631	0.17660079	1.70000000	9.70000000	0.01618249	0.00000000
C19	c	0.72913353	0.32354098	0.20255990	1.80000000	9.80000000	0.01766624	0.00000000
C20	c	0.71132251	0.28442325	0.02656330	1.90000000	9.90000000	0.02998055	0.00000000
C21	c	0.81782324	0.28830477	0.19980777	2.00000000	10.00000000	0.02320001	0.00000000
C22	c	0.70777800	0.25451500	0.22453438	2.00000000	10.00000000	0.02307484	0.00000000
C23	c	0.24931871	0.53448393	0.09988412	2.00000000	10.00000000	0.01481668	0.00000000
C24	c	0.15225126	0.68500358	0.21027447	2.00000000	10.00000000	0.02474194	0.00000000
C25	c	0.24171876	0.59177459	0.27089998	2.00000000	10.00000000	0.02166217	0.00000000
C26	c	0.26188136	0.57543416	0.21343979	2.00000000	10.00000000	0.01558404	0.00000000
C27	c	0.25465577	0.63197707	0.14707821	2.00000000	10.00000000	0.01915722	0.00000000
C28	c	0.24644795	0.60292089	0.14797362	2.00000000	10.00000000	0.02350111	0.00000000
C29	c	0.27671520	0.63667690	0.06931718	2.00000000	10.00000000	0.01481907	0.00000000
C30	c	0.18430383	0.59389256	0.06799360	2.00000000	10.00000000	0.02038560	0.00000000

Q Vehicle fuel tank capacity /0.40000000/
C Vehicle load capacity /1.50000000/
r fuel consumption rate /0.25000000/
g inverse refueling rate /1.00000000/
v average Velocity /1.00000000/
