StringID	Type	x	y	demand	ReadyTime	DueDate	ServiceTime	altitude
D0	d	0.50000000	0.50000000	0.00000000	0.00000000	10.00000000	0.00000000	0.00000000
S0	f	0.81629714	0.40512775	0.00000000	0.00000000	10.00000000	0.00000000	0.00000000
S1	f	0.11701467	0.20378624	0.00000000	0.00000000	10.00000000	0.00000000	0.00000000
S2	f	0.86373099	0.83824979	0.00000000	0.00000000	10.00000000	0.00000000	0.00000000
S3	f	0.26487151	0.19949529	0.00000000	0.00000000	10.00000000	0.00000000	0.00000000
S4	f	0.07021239	0.51460285	0.00000000	0.00000000	10.00000000	0.00000000	0.00000000
S5	f	0.09993346	0.37975360	0.00000000	0.00000000	10.00000000	0.00000000	0.00000000
S6	f	0.74370875	0.52843483	0.00000000	0.00000000	10.00000000	0.00000000	0.00000000
S7	f	0.71484208	0.35541765	0.00000000	0.00000000	10.00000000	0.00000000	0.00000000
S8	f	0.17319332	0.26608676	0.00000000	0.00000000	10.00000000	0.00000000	0.00000000
S9	f	0.90218297	0.41268924	0.00000000	0.00000000	10.00000000	0.00000000	0.00000000
C1	c	0.94855935	0.18030187	0.07515407	0.00000000	8.00000000	0.02123677	0.00000000
C2	c	0.97962340	0.02449920	0.11906952	0.06000000	8.06000000	0.02461068	0.00000000
C3	c	0.87534686	0.11228481	0.14777528	0.12000000	8.12000000	0.02488732	0.00000000
C4	c	0.91072535	0.11114193	0.04678474	0.18000000	8.18000000	0.02933506	0.00000000
C5	c	1.00000000	0.12801902	0.03362972	0.24000000	8.24000000	0.01883914	0.00000000
C6	c	0.86226988	0.04483902	0.15312073	0.30000000	8.30000000	0.01520721	0.00000000
C7	c	0.86793425	0.04033956	0.07501443	0.36000000	8.36000000	0.01961953	0.00000000
C8	c	0.95088949	0.08906334	0.15762044	0.42000000	8.42000000	0.01578247	0.00000000
C9	c	0.88400664	0.08725205	0.13077464	0.48000000	8.48000000	0.02183292	0.00000000
C10	c	0.54473848	0.30856635	0.06514015	0.54000000	8.54000000	0.01998486	0.00000000
C11	c	0.55762238	0.32284875	0.12556886	0.60000000	8.60000000	0.02920951	0.00000000
C12	c	0.50276054	0.22284218	0.04073518	0.66000000	8.66000000	0.02182487	0.00000000
C13	c	0.53852538	0.30919198	0.09012013	0.72000000	8.72000000	0.01047841	0.00000000
C14	c	0.56347173	0.28471415	0.07076622	0.78000000	8.78000000	0.02718098	0.00000000
C15	c	0.53581342	0.26057474	0.11810254	0.84000000	8.84000000	0.02601454	0.00000000
C16	c	0.94087566	0.38747614	0.02847261	0.90000000	8.90000000	0.02692785	0.00000000
C17	c	0.97125877	0.37233594	0.11823229	0.96000000	8.96000000	0.02725684	0.00000000
C18	c	1.00000000	0.39709281	0.08157171	1.02000000	9.02000000	0.01977406	0.00000000
C19	c	1.00000000	0.32170406	0.14600578	1.08000000	9.08000000	0.02069543	0.00000000
C20	c	0.18904748	0.49431346	0.05969482	1.14000000	9.14000000	0.01036244	0.00000000
C21	c	0.29496043	0.42518375	0.03339225	1.20000000	9.20000000	0.02620724	0.00000000
C22	c	0.34591783	0.47321964	0.16206448	1.26000000	9.26000000	0.01824101	0.00000000
C23	c	0.25608512	0.47136124	0.11769757	1.32000000	9.32000000	0.02012835	0.00000000
C24	c	0.28347691	0.47063922	0.06021561	1.38000000	9.38000000	0.02715005	0.00000000
C25	c	0.28206796	0.47901930	0.10039949	1.44000000	9.44000000	0.01693645	0.00000000
C26	c	0.32623602	0.98032371	0.15562013	1.50000000	9.50000000	0.02526163	0.00000000
C27	c	0.27810128	0.90074137	0.01745320	1.56000000	9.56000000	0.01857892	0.00000000
C28	c	0.22510478	0.98649486	0.01878998	1.62000000	9.62000000	0.02038547	0.00000000
C29	c	0.30435671	0.96190247	0.01998938	1.68000000	9.68000000	0.01693311	0.00000000
C30	c	0.31783872	0.95935660	0.12713509	1.74000000	9.74000000	0.02225826	0.00000000
C31	c	0.28000145	0.99849186	0.15763095	1.80000000	9.80000000	0.02904694	0.00000000
C32	c	0.27379952	1.00000000	0.07282337	1.86000000	9.86000000	0.02921724	0.00000000
C33	c	0.24967223	0.93707595	0.13078657	1.92000000	9.92000000	0.01473615	0.00000000
C34	c	0.31520080	0.93519000	0.16372637	1.98000000	9.98000000	0.02691175	0.00000000
C35	c	0.35557816	1.00000000	0.12752471	2.00000000	10.00000000	0.02373862	0.00000000
C36	c	0.20670790	0.94565649	0.07154308	2.00000000	10.00000000	0.01583737	0.00000000
C37	c	0.50604138	0.70843802	0.09418938	2.00000000	10.00000000	0.01977037	0.00000000
C38	c	0.37845259	0.80593653	0.01539743	2.00000000	10.00000000	0.02084962	0.00000000
C39	c	0.39190158	0.83322316	0.13937557	2.00000000	10.00000000	0.02241470	0.00000000
C40	c	0.52786456	0.73037278	0.02159109	2.00000000	10.00000000	0.02535701	0.00000000
C41	c	0.48834635	0.78273611	0.10984024	2.00000000	10.00000000	0.02443213	0.00000000
C42	c	0.51330993	0.74624197	0.11133155	2.00000000	10.00000000	0.01669555	0.00000000
C43	c	0.40880034	0.91901107	0.05190143	2.00000000	10.00000000	0.01702089	0.00000000
C44	c	0.43685908	0.82080144	0.14826785	2.00000000	10.00000000	0.02074883	0.00000000
C45	c	0.51300387	0.78102420	0.02757537	2.00000000	10.00000000	0.02551843	0.00000000
C46	c	0.34699979	0.45349180	0.14010104	2.00000000	10.00000000	0.01681259	0.00000000
C47	c	0.27616971	0.48819962	0.04494234	2.00000000	10.00000000	0.01112344	0.00000000
C48	c	0.30633061	0.50576619	0.08671066	2.00000000	10.00000000	0.01109821	0.00000000
C49	c	0.27728809	0.53430305	0.04754646	2.00000000	10.00000000	0.01844578	0.00000000
C50	c	0.30898173	0.42685354	0.04108352	2.00000000	10.00000000	0.01109454	0.00000000

Q Vehicle fuel tank capacity /0.40000000/
C Vehicle load capacity /1.50000000/
r fuel consumption rate /0.25000000/
g inverse refueling rate /1.00000000/
v average Velocity /1.00000000/
