StringID	Type	x	y	demand	ReadyTime	DueDate	ServiceTime	altitude
D0	d	0.50000000	0.50000000	0.00000000	0.00000000	10.00000000	0.00000000	0.00000000
S0	f	0.27109613	0.60494607	0.00000000	0.00000000	10.00000000	0.00000000	0.00000000
S1	f	0.08455067	0.11339011	0.00000000	0.00000000	10.00000000	0.00000000	0.00000000
S2	f	0.20436483	0.00076213	0.00000000	0.00000000	10.00000000	0.00000000	0.00000000
S3	f	0.08997529	0.99074438	0.00000000	0.00000000	10.00000000	0.00000000	0.00000000
S4	f	0.26111998	0.17507486	0.00000000	0.00000000	10.00000000	0.00000000	0.00000000
S5	f	0.79685827	0.70423881	0.00000000	0.00000000	10.00000000	0.00000000	0.00000000
S6	f	0.54858725	0.45899297	0.00000000	0.00000000	10.00000000	0.00000000	0.00000000
S7	f	0.02817270	0.85449058	0.00000000	0.00000000	10.00000000	0.00000000	0.00000000
S8	f	0.90692272	0.95311883	0.00000000	0.00000000	10.00000000	0.00000000	0.00000000
S9	f	0.79187720	0.88635630	0.00000000	0.00000000	10.00000000	0.00000000	0.00000000
C1	c	0.12030838	0.24773369	0.05943536	0.00000000	8.00000000	0.02114090	0.00000000
C2	c	0.14354390	0.17531218	0.06256371	0.06000000	8.06000000	0.01017829	0.00000000
C3	c	0.08853921	0.36079726	0.07787914	0.12000000	8.12000000	0.02884845	0.00000000
C4	c	0.09887980	0.37947664	0.15846866	0.18000000	8.18000000	0.02836260	0.00000000
C5	c	0.09745544	0.24651637	0.13237609	0.24000000	8.24000000	0.02990823	0.00000000
C6	c	0.72048251	0.65011435	0.02720877	0.30000000	8.30000000	0.01077441	0.00000000
C7	c	0.67394213	0.66938532	0.09793942	0.36000000	8.36000000	0.01590200	0.00000000
C8	c	0.67846788	0.62810391	0.06249644	0.42000000	8.42000000	0.01753842	0.00000000
C9	c	0.63713246	0.60822287	0.01542447	0.48000000	8.48000000	0.01917216	0.00000000
C10	c	0.72022595	0.65149795	0.03243784	0.54000000	8.54000000	0.01454328	0.00000000
C11	c	0.96867777	0.94030320	0.01691362	0.60000000	8.60000000	0.02499773	0.00000000
C12	c	0.97757027	0.84942516	0.15706559	0.66000000	8.66000000	0.01727359	0.00000000
C13	c	0.96226523	0.80138711	0.09977714	0.72000000	8.72000000	0.01460919	0.00000000
C14	c	0.98258025	0.89133367	0.12137508	0.78000000	8.78000000	0.02304576	0.00000000
C15	c	1.00000000	0.91236626	0.14965755	0.84000000	8.84000000	0.02267989	0.00000000
C16	c	1.00000000	0.80390457	0.01293435	0.90000000	8.90000000	0.02564319	0.00000000
C17	c	0.19184834	0.65739827	0.06100467	0.96000000	8.96000000	0.02540911	0.00000000
C18	c	0.20134992	0.64011120	0.06665725	1.02000000	9.02000000	0.02676330	0.00000000
C19	c	0.03455197	0.09899003	0.06873028	1.08000000	9.08000000	0.01710615	0.00000000
C20	c	0.07234004	0.06309485	0.07047306	1.14000000	9.14000000	0.01033964	0.00000000
C21	c	0.14806098	0.08323241	0.13065111	1.20000000	9.20000000	0.02119664	0.00000000
C22	c	0.24236738	0.07728285	0.04792539	1.26000000	9.26000000	0.01010196	0.00000000
C23	c	0.08191796	0.06428290	0.03134286	1.32000000	9.32000000	0.01864387	0.00000000
C24	c	0.09069381	0.26873075	0.08668713	1.38000000	9.38000000	0.01226005	0.00000000
C25	c	0.10944072	0.04844389	0.14953144	1.44000000	9.44000000	0.01607111	0.00000000
C26	c	0.06945938	0.74764111	0.14666021	1.50000000	9.50000000	0.02039959	0.00000000
C27	c	0.10752338	0.63482649	0.07761402	1.56000000	9.56000000	0.02369263	0.00000000
C28	c	0.07225537	0.69723017	0.04285504	1.62000000	9.62000000	0.01326590	0.00000000
C29	c	0.09028441	0.70159390	0.07165285	1.68000000	9.68000000	0.02276653	0.00000000
C30	c	0.06125655	0.65187243	0.04983173	1.74000000	9.74000000	0.02405501	0.00000000
C31	c	0.18478016	0.70227627	0.12153633	1.80000000	9.80000000	0.02526443	0.00000000
C32	c	0.11070215	0.65079837	0.06986302	1.86000000	9.86000000	0.01906561	0.00000000
C33	c	0.13514428	0.77123404	0.16504420	1.92000000	9.92000000	0.02906026	0.00000000
C34	c	0.07389061	0.66396585	0.07506061	1.98000000	9.98000000	0.01642232	0.00000000
C35	c	0.10144325	0.62433718	0.14822930	2.00000000	10.00000000	0.01240253	0.00000000
C36	c	0.14570598	0.62020734	0.09518037	2.00000000	10.00000000	0.02832807	0.00000000
C37	c	0.12753197	0.67508598	0.09027976	2.00000000	10.00000000	0.02137583	0.00000000
C38	c	0.08513332	0.68261196	0.03764666	2.00000000	10.00000000	0.02132421	0.00000000
C39	c	0.15949789	0.79822704	0.12558163	2.00000000	10.00000000	0.02227323	0.00000000
C40	c	0.09289204	0.63858728	0.16782682	2.00000000	10.00000000	0.02629751	0.00000000
C41	c	0.09866808	0.64785436	0.17385177	2.00000000	10.00000000	0.01643191	0.00000000
C42	c	0.00177024	0.70162660	0.16226447	2.00000000	10.00000000	0.01689863	0.00000000
C43	c	0.08586667	0.62488153	0.08703388	2.00000000	10.00000000	0.01369956	0.00000000
C44	c	0.60899116	0.82210677	0.02417155	2.00000000	10.00000000	0.02626462	0.00000000
C45	c	0.54485102	0.81399164	0.12185961	2.00000000	10.00000000	0.02968942	0.00000000
C46	c	0.66005665	0.78916873	0.12169217	2.00000000	10.00000000	0.02671995	0.00000000
C47	c	0.55726776	0.84504647	0.12729166	2.00000000	10.00000000	0.01118758	0.00000000
C48	c	0.60526287	0.75354864	0.02779571	2.00000000	10.00000000	0.01549960	0.00000000
C49	c	0.68522371	0.78071666	0.08035991	2.00000000	10.00000000	0.01792442	0.00000000
C50	c	0.56083306	0.76668946	0.09186034	2.00000000	10.00000000	0.01238175	0.00000000

Q Vehicle fuel tank capacity /0.40000000/
C Vehicle load capacity /1.50000000/
r fuel consumption rate /0.25000000/
g inverse refueling rate /1.00000000/
v average Velocity /1.00000000/
