StringID	Type	x	y	demand	ReadyTime	DueDate	ServiceTime	altitude
D0	d	0.50000000	0.50000000	0.00000000	0.00000000	10.00000000	0.00000000	0.00000000
S0	f	0.25169295	0.16783211	0.00000000	0.00000000	10.00000000	0.00000000	0.00000000
S1	f	0.45987875	0.07738402	0.00000000	0.00000000	10.00000000	0.00000000	0.00000000
S2	f	0.28587309	0.25420848	0.00000000	0.00000000	10.00000000	0.00000000	0.00000000
S3	f	0.23961691	0.60389638	0.00000000	0.00000000	10.00000000	0.00000000	0.00000000
S4	f	0.28755526	0.75338882	0.00000000	0.00000000	10.00000000	0.00000000	0.00000000
S5	f	0.05728939	0.88366482	0.00000000	0.00000000	10.00000000	0.00000000	0.00000000
C1	c	0.64206405	0.05693336	0.06894995	0.00000000	8.00000000	0.02998150	0.00000000
C2	c	0.72267877	0.04675214	0.08024445	0.10000000	8.10000000	0.01137709	0.00000000
C3	c	0.73581805	0.01802423	0.15133208	0.20000000	8.20000000	0.01704154	0.00000000
C4	c	0.72541996	0.04683817	0.17499894	0.30000000	8.30000000	0.01890260	0.00000000
C5	c	0.17148542	0.30119356	0.25197361	0.40000000	8.40000000	0.01072419	0.00000000
C6	c	0.22350286	0.28662617	0.24741526	0.50000000	8.50000000	0.02350314	0.00000000
C7	c	0.16200823	0.30919533	0.25398022	0.60000000	8.60000000	0.01345640	0.00000000
C8	c	0.05041945	0.34254607	0.23735903	0.70000000	8.70000000	0.02532792	0.00000000
C9	c	0.56813533	0.65450816	0.17561264	0.80000000	8.80000000	0.01335135	0.00000000
C10	c	0.49784654	0.61486888	0.11576655	0.90000000	8.90000000	0.02803351	0.00000000
C11	c	0.45288120	0.66072668	0.15914966	1.00000000	9.00000000	0.02166327	0.00000000
C12	c	0.41344407	0.63262604	0.21932197	1.10000000	9.10000000	0.01520131	0.00000000
C13	c	0.48789424	0.65734251	0.19182014	1.20000000	9.20000000	0.02250990	0.00000000
C14	c	0.62940481	0.48631463	0.17313613	1.30000000	9.30000000	0.02146591	0.00000000
C15	c	0.66371994	0.52201707	0.02219027	1.40000000	9.40000000	0.02977313	0.00000000
C16	c	0.63002445	0.52680887	0.21694341	1.50000000	9.50000000	0.01333115	0.00000000
C17	c	0.62995159	0.53509202	0.20900950	1.60000000	9.60000000	0.01639173	0.00000000
C18	c	0.59724781	0.56850499	0.18926353	1.70000000	9.70000000	0.02280324	0.00000000
C19	c	0.58829350	0.52043396	0.19240786	1.80000000	9.80000000	0.01411396	0.00000000
C20	c	0.69474233	0.65490181	0.06481913	1.90000000	9.90000000	0.01985562	0.00000000
C21	c	0.75692099	0.46310911	0.03452193	2.00000000	10.00000000	0.01190325	0.00000000
C22	c	0.87838964	0.54470677	0.06902351	2.00000000	10.00000000	0.01583579	0.00000000
C23	c	0.79661337	0.54135999	0.22814874	2.00000000	10.00000000	0.02542239	0.00000000
C24	c	0.83508768	0.55208607	0.02512867	2.00000000	10.00000000	0.02281537	0.00000000
C25	c	0.82018994	0.55874698	0.02182798	2.00000000	10.00000000	0.01201190	0.00000000
C26	c	0.84131647	0.51462676	0.13875311	2.00000000	10.00000000	0.01215105	0.00000000
C27	c	0.80156059	0.56187129	0.20111273	2.00000000	10.00000000	0.01319406	0.00000000
C28	c	0.80386937	0.55717444	0.17570887	2.00000000	10.00000000	0.01163585	0.00000000
C29	c	0.83654169	0.58206621	0.10574597	2.00000000	10.00000000	0.01603848	0.00000000
C30	c	0.81312149	0.50191670	0.10433414	2.00000000	10.00000000	0.01282613	0.00000000

Q Vehicle fuel tank capacity /0.40000000/
C Vehicle load capacity /1.50000000/
r fuel consumption rate /0.25000000/
g inverse refueling rate /1.00000000/
v average Velocity /1.00000000/
