StringID	Type	x	y	demand	ReadyTime	DueDate	ServiceTime	altitude
D0	d	0.50000000	0.50000000	0.00000000	0.00000000	10.00000000	0.00000000	0.00000000
S0	f	0.31316405	0.72893214	0.00000000	0.00000000	10.00000000	0.00000000	0.00000000
S1	f	0.17679227	0.30806804	0.00000000	0.00000000	10.00000000	0.00000000	0.00000000
S2	f	0.73004416	0.33122567	0.00000000	0.00000000	10.00000000	0.00000000	0.00000000
S3	f	0.64946931	0.59459901	0.00000000	0.00000000	10.00000000	0.00000000	0.00000000
S4	f	0.10305809	0.09024171	0.00000000	0.00000000	10.00000000	0.00000000	0.00000000
S5	f	0.60117641	0.67388617	0.00000000	0.00000000	10.00000000	0.00000000	0.00000000
S6	f	0.54405441	0.46399155	0.00000000	0.00000000	10.00000000	0.00000000	0.00000000
S7	f	0.09414822	0.48068218	0.00000000	0.00000000	10.00000000	0.00000000	0.00000000
S8	f	0.49920873	0.55588329	0.00000000	0.00000000	10.00000000	0.00000000	0.00000000
S9	f	0.54018025	0.84507341	0.00000000	0.00000000	10.00000000	0.00000000	0.00000000
C1	c	0.26258300	0.02835915	0.08855523	0.00000000	8.00000000	0.02538056	0.00000000
C2	c	0.34615237	0.07802745	0.12525220	0.06000000	8.06000000	0.01205775	0.00000000
C3	c	0.20669995	0.00970674	0.11964951	0.12000000	8.12000000	0.02468149	0.00000000
C4	c	0.32008949	0.00552538	0.02271073	0.18000000	8.18000000	0.02599451	0.00000000
C5	c	0.17293576	0.02721567	0.06161256	0.24000000	8.24000000	0.01640754	0.00000000
C6	c	0.25894863	0.05512972	0.17128349	0.30000000	8.30000000	0.01482603	0.00000000
C7	c	0.32739170	0.11441978	0.03178614	0.36000000	8.36000000	0.01700831	0.00000000
C8	c	0.26090687	0.05719807	0.02377485	0.42000000	8.42000000	0.02834487	0.00000000
C9	c	0.18892231	0.16169790	0.11424907	0.48000000	8.48000000	0.02275218	0.00000000
C10	c	0.19253520	0.16710949	0.02596441	0.54000000	8.54000000	0.01525094	0.00000000
C11	c	0.25099743	0.08153050	0.15214799	0.60000000	8.60000000	0.01110059	0.00000000
C12	c	0.18834522	0.11675101	0.12319478	0.66000000	8.66000000	0.01705718	0.00000000
C13	c	0.23769621	0.10133859	0.09837113	0.72000000	8.72000000	0.02212238	0.00000000
C14	c	0.21494256	0.03834196	0.02191431	0.78000000	8.78000000	0.01496291	0.00000000
C15	c	0.45871854	0.67845930	0.10909696	0.84000000	8.84000000	0.02524040	0.00000000
C16	c	0.51026781	0.63272956	0.12374756	0.90000000	8.90000000	0.01199608	0.00000000
C17	c	0.55790606	0.70430871	0.12268974	0.96000000	8.96000000	0.02000543	0.00000000
C18	c	0.51800539	0.66720192	0.11310035	1.02000000	9.02000000	0.02482203	0.00000000
C19	c	0.49157967	0.72182321	0.02720028	1.08000000	9.08000000	0.01134765	0.00000000
C20	c	0.53572023	0.62817964	0.10741716	1.14000000	9.14000000	0.01286762	0.00000000
C21	c	0.98747490	0.52993836	0.11293174	1.20000000	9.20000000	0.02057068	0.00000000
C22	c	0.97790441	0.52719367	0.01337298	1.26000000	9.26000000	0.01281435	0.00000000
C23	c	0.95348797	0.55800199	0.17510753	1.32000000	9.32000000	0.01033968	0.00000000
C24	c	1.00000000	0.55508950	0.12644253	1.38000000	9.38000000	0.02464320	0.00000000
C25	c	0.94211753	0.65903973	0.06337844	1.44000000	9.44000000	0.01938798	0.00000000
C26	c	0.98708537	0.63476222	0.13101638	1.50000000	9.50000000	0.02462429	0.00000000
C27	c	0.97748481	0.50236709	0.08470643	1.56000000	9.56000000	0.01600695	0.00000000
C28	c	0.99310066	0.54448603	0.04854690	1.62000000	9.62000000	0.01734892	0.00000000
C29	c	0.92770511	0.52435113	0.08789873	1.68000000	9.68000000	0.02137087	0.00000000
C30	c	0.75037589	0.75087311	0.07348728	1.74000000	9.74000000	0.01025982	0.00000000
C31	c	0.69588499	0.89578381	0.18803086	1.80000000	9.80000000	0.02193171	0.00000000
C32	c	0.73219781	0.85119980	0.03564293	1.86000000	9.86000000	0.02970635	0.00000000
C33	c	0.69313581	0.80313940	0.03066544	1.92000000	9.92000000	0.02387918	0.00000000
C34	c	0.66536984	0.84498044	0.06545355	1.98000000	9.98000000	0.02296857	0.00000000
C35	c	0.66560372	0.87915359	0.09921761	2.00000000	10.00000000	0.02676133	0.00000000
C36	c	0.66872842	0.87084115	0.05769555	2.00000000	10.00000000	0.01742033	0.00000000
C37	c	0.63837275	0.76564732	0.14439230	2.00000000	10.00000000	0.01878503	0.00000000
C38	c	0.37002480	0.24713735	0.17890342	2.00000000	10.00000000	0.01583262	0.00000000
C39	c	0.35244849	0.20383578	0.02063920	2.00000000	10.00000000	0.02112348	0.00000000
C40	c	0.23871217	0.31900554	0.07146036	2.00000000	10.00000000	0.01063718	0.00000000
C41	c	0.41830682	0.23302297	0.16456249	2.00000000	10.00000000	0.01110103	0.00000000
C42	c	0.24823984	0.24158300	0.07008338	2.00000000	10.00000000	0.02311894	0.00000000
C43	c	0.46178332	0.23551278	0.12069955	2.00000000	10.00000000	0.02507836	0.00000000
C44	c	0.37363447	0.23707364	0.01788345	2.00000000	10.00000000	0.02433314	0.00000000
C45	c	0.35218150	0.33817136	0.04406476	2.00000000	10.00000000	0.02860942	0.00000000
C46	c	0.36372237	0.09199616	0.06283973	2.00000000	10.00000000	0.01743090	0.00000000
C47	c	0.36273653	0.11271099	0.10096986	2.00000000	10.00000000	0.01552652	0.00000000
C48	c	0.39739262	0.16961234	0.10302117	2.00000000	10.00000000	0.01619464	0.00000000
C49	c	0.34949776	0.08490063	0.15675542	2.00000000	10.00000000	0.02475621	0.00000000
C50	c	0.27289009	0.15820375	0.06641157	2.00000000	10.00000000	0.02176362	0.00000000

Q Vehicle fuel tank capacity /0.40000000/
C Vehicle load capacity /1.50000000/
r fuel consumption rate /0.25000000/
g inverse refueling rate /1.00000000/
v average Velocity /1.00000000/
