StringID	Type	x	y	demand	ReadyTime	DueDate	ServiceTime	altitude
D0	d	0.50000000	0.50000000	0.00000000	0.00000000	10.00000000	0.00000000	0.00000000
S0	f	0.74291809	0.81212311	0.00000000	0.00000000	10.00000000	0.00000000	0.00000000
S1	f	0.58066718	0.12709587	0.00000000	0.00000000	10.00000000	0.00000000	0.00000000
S2	f	0.43928419	0.03415360	0.00000000	0.00000000	10.00000000	0.00000000	0.00000000
S3	f	0.26267933	0.17660457	0.00000000	0.00000000	10.00000000	0.00000000	0.00000000
S4	f	0.08940117	0.96405356	0.00000000	0.00000000	10.00000000	0.00000000	0.00000000
S5	f	0.92846057	0.90928552	0.00000000	0.00000000	10.00000000	0.00000000	0.00000000
S6	f	0.71189916	0.35180367	0.00000000	0.00000000	10.00000000	0.00000000	0.00000000
S7	f	0.94064305	0.13530344	0.00000000	0.00000000	10.00000000	0.00000000	0.00000000
S8	f	0.86210716	0.73855414	0.00000000	0.00000000	10.00000000	0.00000000	0.00000000
S9	f	0.44864798	0.65358036	0.00000000	0.00000000	10.00000000	0.00000000	0.00000000
C1	c	0.55608250	0.80574785	0.08576912	0.00000000	8.00000000	0.02030975	0.00000000
C2	c	0.58959120	0.90335319	0.12458633	0.06000000	8.06000000	0.01394096	0.00000000
C3	c	0.50751798	0.84563632	0.05884108	0.12000000	8.12000000	0.01413956	0.00000000
C4	c	0.66364150	0.89873791	0.03574780	0.18000000	8.18000000	0.01159039	0.00000000
C5	c	0.52979016	0.83122248	0.13631630	0.24000000	8.24000000	0.01639951	0.00000000
C6	c	0.51128890	0.74370388	0.07433342	0.30000000	8.30000000	0.02470104	0.00000000
C7	c	0.53705105	0.79350811	0.07312660	0.36000000	8.36000000	0.01210739	0.00000000
C8	c	0.62495203	0.87138846	0.13783161	0.42000000	8.42000000	0.02315543	0.00000000
C9	c	0.61076322	0.85395319	0.04631001	0.48000000	8.48000000	0.01741144	0.00000000
C10	c	0.33435338	0.84066907	0.08045738	0.54000000	8.54000000	0.02114890	0.00000000
C11	c	0.27270251	0.76536943	0.08475185	0.60000000	8.60000000	0.02059175	0.00000000
C12	c	0.37265067	0.88470986	0.12391132	0.66000000	8.66000000	0.02800365	0.00000000
C13	c	0.29736111	0.82837947	0.14668277	0.72000000	8.72000000	0.01539787	0.00000000
C14	c	0.26075352	0.84896874	0.12681807	0.78000000	8.78000000	0.02792952	0.00000000
C15	c	0.31967488	0.79150782	0.13561409	0.84000000	8.84000000	0.01548246	0.00000000
C16	c	0.40760649	0.76321981	0.07430995	0.90000000	8.90000000	0.02112111	0.00000000
C17	c	0.20896391	0.81735056	0.05183304	0.96000000	8.96000000	0.01154331	0.00000000
C18	c	0.32844754	0.97343474	0.05814406	1.02000000	9.02000000	0.01969989	0.00000000
C19	c	0.21399900	0.48958069	0.10717112	1.08000000	9.08000000	0.02846428	0.00000000
C20	c	0.18124619	0.45048839	0.11750031	1.14000000	9.14000000	0.02174186	0.00000000
C21	c	0.25972554	0.53238874	0.04815803	1.20000000	9.20000000	0.02359914	0.00000000
C22	c	0.28294951	0.50098117	0.11278794	1.26000000	9.26000000	0.02258918	0.00000000
C23	c	0.25648000	0.44019105	0.11966344	1.32000000	9.32000000	0.02437719	0.00000000
C24	c	0.28147693	0.46325914	0.08700222	1.38000000	9.38000000	0.02299916	0.00000000
C25	c	0.20883773	0.37927124	0.15524566	1.44000000	9.44000000	0.02076687	0.00000000
C26	c	0.85045524	0.40074877	0.10321388	1.50000000	9.50000000	0.01124804	0.00000000
C27	c	0.77473757	0.38772193	0.04851233	1.56000000	9.56000000	0.01422354	0.00000000
C28	c	0.82514993	0.43163108	0.01243154	1.62000000	9.62000000	0.01258783	0.00000000
C29	c	0.85820123	0.35734652	0.08888581	1.68000000	9.68000000	0.02013476	0.00000000
C30	c	0.97336347	0.29078957	0.08112272	1.74000000	9.74000000	0.01365531	0.00000000
C31	c	0.94800281	0.25157926	0.01762399	1.80000000	9.80000000	0.02691448	0.00000000
C32	c	0.91594375	0.27744206	0.10048788	1.86000000	9.86000000	0.02621192	0.00000000
C33	c	0.99413758	0.19844909	0.14634361	1.92000000	9.92000000	0.01371298	0.00000000
C34	c	0.89127312	0.30843155	0.10830225	1.98000000	9.98000000	0.01871113	0.00000000
C35	c	0.96097841	0.21932363	0.12974466	2.00000000	10.00000000	0.01706821	0.00000000
C36	c	1.00000000	0.19220180	0.02381430	2.00000000	10.00000000	0.02242183	0.00000000
C37	c	0.33325103	0.73478372	0.06029188	2.00000000	10.00000000	0.02996748	0.00000000
C38	c	0.35771263	0.74511059	0.12557064	2.00000000	10.00000000	0.02298173	0.00000000
C39	c	0.34891838	0.70178350	0.04994801	2.00000000	10.00000000	0.02160068	0.00000000
C40	c	0.40913504	0.64173577	0.09698351	2.00000000	10.00000000	0.02705663	0.00000000
C41	c	0.98601096	0.81610772	0.06204584	2.00000000	10.00000000	0.02970495	0.00000000
C42	c	0.94492565	0.79495495	0.11888132	2.00000000	10.00000000	0.01046023	0.00000000
C43	c	1.00000000	0.77050853	0.11200674	2.00000000	10.00000000	0.01170382	0.00000000
C44	c	0.98044185	0.77577629	0.08012079	2.00000000	10.00000000	0.01281515	0.00000000
C45	c	0.87954070	0.79054955	0.14769915	2.00000000	10.00000000	0.02339319	0.00000000
C46	c	0.97740325	0.75587841	0.03144143	2.00000000	10.00000000	0.01980042	0.00000000
C47	c	1.00000000	0.74825109	0.02184497	2.00000000	10.00000000	0.02897196	0.00000000
C48	c	0.99194264	0.81473160	0.12416012	2.00000000	10.00000000	0.02600351	0.00000000
C49	c	0.93303847	0.85852335	0.13023198	2.00000000	10.00000000	0.01037112	0.00000000
C50	c	1.00000000	0.80538154	0.07537714	2.00000000	10.00000000	0.01055898	0.00000000

Q Vehicle fuel tank capacity /0.40000000/
C Vehicle load capacity /1.50000000/
r fuel consumption rate /0.25000000/
g inverse refueling rate /1.00000000/
v average Velocity /1.00000000/
