StringID	Type	x	y	demand	ReadyTime	DueDate	ServiceTime	altitude
D0	d	0.50000000	0.50000000	0.00000000	0.00000000	10.00000000	0.00000000	0.00000000
S0	f	0.96282771	0.24441188	0.00000000	0.00000000	10.00000000	0.00000000	0.00000000
S1	f	0.99592030	0.92430019	0.00000000	0.00000000	10.00000000	0.00000000	0.00000000
S2	f	0.94514462	0.58594253	0.00000000	0.00000000	10.00000000	0.00000000	0.00000000
S3	f	0.88844746	0.87764072	0.00000000	0.00000000	10.00000000	0.00000000	0.00000000
S4	f	0.31145598	0.77977542	0.00000000	0.00000000	10.00000000	0.00000000	0.00000000
S5	f	0.73178326	0.14258029	0.00000000	0.00000000	10.00000000	0.00000000	0.00000000
S6	f	0.41252587	0.38064110	0.00000000	0.00000000	10.00000000	0.00000000	0.00000000
S7	f	0.62675363	0.38637817	0.00000000	0.00000000	10.00000000	0.00000000	0.00000000
S8	f	0.39648018	0.26288233	0.00000000	0.00000000	10.00000000	0.00000000	0.00000000
S9	f	0.17458496	0.33426686	0.00000000	0.00000000	10.00000000	0.00000000	0.00000000
C1	c	0.30437835	0.86980266	0.03715763	0.00000000	8.00000000	0.01752590	0.00000000
C2	c	0.22240369	0.90016631	0.06892209	0.06000000	8.06000000	0.02417302	0.00000000
C3	c	0.23827417	0.83986279	0.10977049	0.12000000	8.12000000	0.01731582	0.00000000
C4	c	0.24617962	0.80446567	0.16210257	0.18000000	8.18000000	0.02357878	0.00000000
C5	c	0.27812981	0.81921084	0.16251417	0.24000000	8.24000000	0.02443313	0.00000000
C6	c	0.16680186	0.82727605	0.07133541	0.30000000	8.30000000	0.01821314	0.00000000
C7	c	0.27132981	0.84120042	0.08353761	0.36000000	8.36000000	0.02436246	0.00000000
C8	c	0.15915301	0.83635239	0.02612960	0.42000000	8.42000000	0.01876652	0.00000000
C9	c	0.25027061	0.84653621	0.11748697	0.48000000	8.48000000	0.02382035	0.00000000
C10	c	0.25616685	0.82850702	0.15024279	0.54000000	8.54000000	0.02716290	0.00000000
C11	c	0.27665909	0.71514259	0.04426190	0.60000000	8.60000000	0.01418164	0.00000000
C12	c	0.21444721	0.76676641	0.16930934	0.66000000	8.66000000	0.01967172	0.00000000
C13	c	0.23656870	0.38314619	0.13785823	0.72000000	8.72000000	0.01161376	0.00000000
C14	c	0.17315738	0.26478015	0.08301666	0.78000000	8.78000000	0.02858475	0.00000000
C15	c	0.27571942	0.28318201	0.15939022	0.84000000	8.84000000	0.02854432	0.00000000
C16	c	0.21510997	0.31374740	0.01993440	0.90000000	8.90000000	0.02557475	0.00000000
C17	c	0.15520185	0.40574497	0.02259340	0.96000000	8.96000000	0.02565539	0.00000000
C18	c	0.71504587	0.91207487	0.10625767	1.02000000	9.02000000	0.01156406	0.00000000
C19	c	0.72002627	0.87528548	0.06949496	1.08000000	9.08000000	0.01310411	0.00000000
C20	c	0.69260591	0.90005850	0.02835096	1.14000000	9.14000000	0.01493042	0.00000000
C21	c	0.68003100	0.84794906	0.03878397	1.20000000	9.20000000	0.01377336	0.00000000
C22	c	0.78320080	0.81615267	0.08166601	1.26000000	9.26000000	0.02352714	0.00000000
C23	c	0.70409888	0.91974767	0.02667023	1.32000000	9.32000000	0.01499845	0.00000000
C24	c	0.79560397	0.95109474	0.09928197	1.38000000	9.38000000	0.01398396	0.00000000
C25	c	0.68394978	0.89075396	0.08099430	1.44000000	9.44000000	0.02313782	0.00000000
C26	c	0.76687236	0.78365570	0.09083323	1.50000000	9.50000000	0.02396269	0.00000000
C27	c	0.78867337	0.78379252	0.08742203	1.56000000	9.56000000	0.01967011	0.00000000
C28	c	0.81002787	0.77792875	0.13349170	1.62000000	9.62000000	0.02592880	0.00000000
C29	c	0.85029976	0.71734822	0.08158110	1.68000000	9.68000000	0.01317495	0.00000000
C30	c	0.79852486	0.71373585	0.15233520	1.74000000	9.74000000	0.02750998	0.00000000
C31	c	0.82861218	0.67696894	0.04203355	1.80000000	9.80000000	0.01111320	0.00000000
C32	c	0.82005306	0.72490158	0.04061974	1.86000000	9.86000000	0.01089569	0.00000000
C33	c	0.85767972	0.74513513	0.16408988	1.92000000	9.92000000	0.02295550	0.00000000
C34	c	0.61807563	0.49732681	0.07656172	1.98000000	9.98000000	0.02935392	0.00000000
C35	c	0.59671565	0.52821077	0.05825727	2.00000000	10.00000000	0.02919968	0.00000000
C36	c	0.69059692	0.52211831	0.13959525	2.00000000	10.00000000	0.01920082	0.00000000
C37	c	0.67534174	0.58710369	0.16446233	2.00000000	10.00000000	0.01164866	0.00000000
C38	c	0.54465824	0.58545556	0.14246583	2.00000000	10.00000000	0.01743182	0.00000000
C39	c	0.57866601	0.56537765	0.10045985	2.00000000	10.00000000	0.01915969	0.00000000
C40	c	0.55326848	0.45199358	0.09518351	2.00000000	10.00000000	0.02311990	0.00000000
C41	c	0.82713688	0.00000000	0.11142495	2.00000000	10.00000000	0.01889235	0.00000000
C42	c	0.77042688	0.02638737	0.01203345	2.00000000	10.00000000	0.01531853	0.00000000
C43	c	0.77396701	0.00000000	0.01523989	2.00000000	10.00000000	0.02607683	0.00000000
C44	c	0.75916381	0.01337273	0.14153896	2.00000000	10.00000000	0.02068121	0.00000000
C45	c	0.70196055	0.02471284	0.11681867	2.00000000	10.00000000	0.02118685	0.00000000
C46	c	0.65739908	0.00000000	0.03715265	2.00000000	10.00000000	0.01986769	0.00000000
C47	c	0.76752327	0.02925737	0.08174721	2.00000000	10.00000000	0.01729396	0.00000000
C48	c	0.78800142	0.00000000	0.09476168	2.00000000	10.00000000	0.01252867	0.00000000
C49	c	0.80090817	0.03576317	0.01418158	2.00000000	10.00000000	0.02320756	0.00000000
C50	c	0.76176758	0.00000000	0.14864523	2.00000000	10.00000000	0.02939999	0.00000000

Q Vehicle fuel tank capacity /0.40000000/
C Vehicle load capacity /1.50000000/
r fuel consumption rate /0.25000000/
g inverse refueling rate /1.00000000/
v average Velocity /1.00000000/
