StringID	Type	x	y	demand	ReadyTime	DueDate	ServiceTime	altitude
D0	d	0.50000000	0.50000000	0.00000000	0.00000000	10.00000000	0.00000000	0.00000000
S0	f	0.82208835	0.40764064	0.00000000	0.00000000	10.00000000	0.00000000	0.00000000
S1	f	0.87413494	0.92411538	0.00000000	0.00000000	10.00000000	0.00000000	0.00000000
S2	f	0.28014553	0.47226390	0.00000000	0.00000000	10.00000000	0.00000000	0.00000000
S3	f	0.71864737	0.08708805	0.00000000	0.00000000	10.00000000	0.00000000	0.00000000
S4	f	0.18588290	0.24896635	0.00000000	0.00000000	10.00000000	0.00000000	0.00000000
S5	f	0.49179084	0.07893895	0.00000000	0.00000000	10.00000000	0.00000000	0.00000000
S6	f	0.61730870	0.11771110	0.00000000	0.00000000	10.00000000	0.00000000	0.00000000
S7	f	0.40775969	0.34842943	0.00000000	0.00000000	10.00000000	0.00000000	0.00000000
S8	f	0.04488353	0.27375191	0.00000000	0.00000000	10.00000000	0.00000000	0.00000000
S9	f	0.03876998	0.68734297	0.00000000	0.00000000	10.00000000	0.00000000	0.00000000
C1	c	0.59186644	0.61163379	0.11520344	0.00000000	8.00000000	0.01855729	0.00000000
C2	c	0.61060201	0.48686291	0.03531374	0.06000000	8.06000000	0.01416072	0.00000000
C3	c	0.58770417	0.63480982	0.06100192	0.12000000	8.12000000	0.02493704	0.00000000
C4	c	0.53573538	0.49379981	0.11983711	0.18000000	8.18000000	0.02347205	0.00000000
C5	c	0.66434015	0.45820006	0.08055669	0.24000000	8.24000000	0.02409174	0.00000000
C6	c	0.64763902	0.54160615	0.03169940	0.30000000	8.30000000	0.01908860	0.00000000
C7	c	0.62618257	0.49868688	0.14294040	0.36000000	8.36000000	0.01215098	0.00000000
C8	c	0.68244645	0.52918678	0.08805235	0.42000000	8.42000000	0.01897685	0.00000000
C9	c	0.61904297	0.59949432	0.08320499	0.48000000	8.48000000	0.02672657	0.00000000
C10	c	0.64215474	0.57598769	0.05926075	0.54000000	8.54000000	0.02216488	0.00000000
C11	c	0.63198652	0.38681044	0.07452598	0.60000000	8.60000000	0.02921640	0.00000000
C12	c	0.57459692	0.35140541	0.11080123	0.66000000	8.66000000	0.02520672	0.00000000
C13	c	0.48179622	0.30495970	0.16429503	0.72000000	8.72000000	0.01615400	0.00000000
C14	c	0.65350805	0.40984966	0.11131053	0.78000000	8.78000000	0.02079669	0.00000000
C15	c	0.59574495	0.34466489	0.02839886	0.84000000	8.84000000	0.01247826	0.00000000
C16	c	0.60350537	0.30057909	0.09498959	0.90000000	8.90000000	0.02559645	0.00000000
C17	c	0.58825950	0.36236108	0.16046688	0.96000000	8.96000000	0.02467330	0.00000000
C18	c	0.56587920	0.36462974	0.03051280	1.02000000	9.02000000	0.01107477	0.00000000
C19	c	0.50292538	0.35236737	0.08449741	1.08000000	9.08000000	0.01042780	0.00000000
C20	c	0.57520318	0.31109988	0.08092179	1.14000000	9.14000000	0.01114944	0.00000000
C21	c	0.53470244	0.80787102	0.03585060	1.20000000	9.20000000	0.02481286	0.00000000
C22	c	0.51035902	0.80172164	0.12268357	1.26000000	9.26000000	0.02058288	0.00000000
C23	c	0.53422840	0.88929069	0.11107404	1.32000000	9.32000000	0.01093779	0.00000000
C24	c	0.53982733	0.86611884	0.13167552	1.38000000	9.38000000	0.01895361	0.00000000
C25	c	0.61769541	0.76951576	0.06215866	1.44000000	9.44000000	0.02741880	0.00000000
C26	c	0.34243179	0.94339794	0.07260063	1.50000000	9.50000000	0.01107516	0.00000000
C27	c	0.35600781	0.78051050	0.16793537	1.56000000	9.56000000	0.01328303	0.00000000
C28	c	0.31796192	0.82538355	0.03997936	1.62000000	9.62000000	0.02067522	0.00000000
C29	c	0.32451112	0.79696596	0.02212846	1.68000000	9.68000000	0.02103808	0.00000000
C30	c	0.37193833	0.78789448	0.12776524	1.74000000	9.74000000	0.02788288	0.00000000
C31	c	0.30397312	0.95052522	0.16800199	1.80000000	9.80000000	0.02644759	0.00000000
C32	c	0.76366247	0.38628254	0.11396295	1.86000000	9.86000000	0.01284996	0.00000000
C33	c	0.79633022	0.34762316	0.14542836	1.92000000	9.92000000	0.02717050	0.00000000
C34	c	0.69374821	0.47032958	0.17895042	1.98000000	9.98000000	0.01580551	0.00000000
C35	c	0.78264839	0.37761422	0.15641282	2.00000000	10.00000000	0.02729481	0.00000000
C36	c	0.75129386	0.37460944	0.11700797	2.00000000	10.00000000	0.02310911	0.00000000
C37	c	0.84713896	0.47828527	0.04812896	2.00000000	10.00000000	0.01987456	0.00000000
C38	c	0.86926673	0.41524035	0.09578868	2.00000000	10.00000000	0.02988126	0.00000000
C39	c	0.42669083	0.88164888	0.11538583	2.00000000	10.00000000	0.02138852	0.00000000
C40	c	0.33666489	0.89103207	0.06795684	2.00000000	10.00000000	0.02300077	0.00000000
C41	c	0.40888790	0.85289357	0.01316792	2.00000000	10.00000000	0.01175111	0.00000000
C42	c	0.43064342	0.85836367	0.03891487	2.00000000	10.00000000	0.01441454	0.00000000
C43	c	0.64745690	0.23200394	0.03686872	2.00000000	10.00000000	0.02830378	0.00000000
C44	c	0.76031792	0.29257049	0.07280189	2.00000000	10.00000000	0.02293794	0.00000000
C45	c	0.63415067	0.26559659	0.05211421	2.00000000	10.00000000	0.02095435	0.00000000
C46	c	0.68862517	0.22536100	0.13430237	2.00000000	10.00000000	0.02940616	0.00000000
C47	c	0.75594554	0.26218986	0.08157382	2.00000000	10.00000000	0.01730338	0.00000000
C48	c	0.70039402	0.24581871	0.07257704	2.00000000	10.00000000	0.01204647	0.00000000
C49	c	0.81912123	0.27815243	0.07746190	2.00000000	10.00000000	0.01554370	0.00000000
C50	c	0.67012641	0.24918170	0.06155007	2.00000000	10.00000000	0.02277275	0.00000000

Q Vehicle fuel tank capacity /0.40000000/
C Vehicle load capacity /1.50000000/
r fuel consumption rate /0.25000000/
g inverse refueling rate /1.00000000/
v average Velocity /1.00000000/
