StringID	Type	x	y	demand	ReadyTime	DueDate	ServiceTime	altitude
D0	d	0.50000000	0.50000000	0.00000000	0.00000000	10.00000000	0.00000000	0.00000000
S0	f	0.86394990	0.31065180	0.00000000	0.00000000	10.00000000	0.00000000	0.00000000
S1	f	0.18134308	0.76731447	0.00000000	0.00000000	10.00000000	0.00000000	0.00000000
S2	f	0.23952318	0.59961849	0.00000000	0.00000000	10.00000000	0.00000000	0.00000000
S3	f	0.81980014	0.55113545	0.00000000	0.00000000	10.00000000	0.00000000	0.00000000
S4	f	0.06844363	0.68958250	0.00000000	0.00000000	10.00000000	0.00000000	0.00000000
S5	f	0.12859950	0.45415618	0.00000000	0.00000000	10.00000000	0.00000000	0.00000000
C1	c	0.82484433	0.45039682	0.18773249	0.00000000	8.00000000	0.02217743	0.00000000
C2	c	0.86610258	0.45745789	0.15974786	0.10000000	8.10000000	0.02003773	0.00000000
C3	c	0.91498456	0.45200749	0.21193906	0.20000000	8.20000000	0.01432661	0.00000000
C4	c	0.84993333	0.42555772	0.16318487	0.30000000	8.30000000	0.01337089	0.00000000
C5	c	0.13792515	0.20075147	0.05511324	0.40000000	8.40000000	0.02224059	0.00000000
C6	c	0.16236387	0.17982722	0.10351985	0.50000000	8.50000000	0.02201696	0.00000000
C7	c	0.16497064	0.15896296	0.23470228	0.60000000	8.60000000	0.01334220	0.00000000
C8	c	0.11994214	0.24644182	0.05216345	0.70000000	8.70000000	0.02281511	0.00000000
C9	c	0.20347267	0.20994184	0.03393489	0.80000000	8.80000000	0.01024416	0.00000000
C10	c	0.14583500	0.19557694	0.17912924	0.90000000	8.90000000	0.02249010	0.00000000
C11	c	0.12085201	0.21393381	0.08111189	1.00000000	9.00000000	0.01197158	0.00000000
C12	c	0.15427959	0.10850795	0.21058626	1.10000000	9.10000000	0.02957730	0.00000000
C13	c	0.05107348	0.08851560	0.04661848	1.20000000	9.20000000	0.02616160	0.00000000
C14	c	0.00000000	0.10643502	0.21472636	1.30000000	9.30000000	0.01244374	0.00000000
C15	c	0.02108812	0.00000000	0.13731211	1.40000000	9.40000000	0.02358287	0.00000000
C16	c	0.00000000	0.02531857	0.23471201	1.50000000	9.50000000	0.01887037	0.00000000
C17	c	0.04094550	0.05001328	0.04688815	1.60000000	9.60000000	0.01468356	0.00000000
C18	c	0.72352433	0.89604447	0.18060791	1.70000000	9.70000000	0.02492185	0.00000000
C19	c	0.79605584	0.83309933	0.13205780	1.80000000	9.80000000	0.01217941	0.00000000
C20	c	0.78948935	0.81007672	0.03055876	1.90000000	9.90000000	0.02479954	0.00000000
C21	c	0.80051151	0.95627182	0.19468708	2.00000000	10.00000000	0.01748668	0.00000000
C22	c	0.78068015	0.84738783	0.14018284	2.00000000	10.00000000	0.02001747	0.00000000
C23	c	0.74885954	0.92001287	0.13747679	2.00000000	10.00000000	0.02186595	0.00000000
C24	c	0.84580739	0.87720361	0.20390884	2.00000000	10.00000000	0.02197863	0.00000000
C25	c	0.89998953	0.28278315	0.23151945	2.00000000	10.00000000	0.01964725	0.00000000
C26	c	0.82849601	0.37859258	0.21596868	2.00000000	10.00000000	0.01914625	0.00000000
C27	c	0.75265511	0.29044285	0.15543874	2.00000000	10.00000000	0.01826346	0.00000000
C28	c	0.80105064	0.24163521	0.21068680	2.00000000	10.00000000	0.02946622	0.00000000
C29	c	0.86494817	0.22632459	0.13976668	2.00000000	10.00000000	0.01993452	0.00000000
C30	c	0.89924291	0.25893878	0.17401716	2.00000000	10.00000000	0.02411182	0.00000000

Q Vehicle fuel tank capacity /0.40000000/
C Vehicle load capacity /1.50000000/
r fuel consumption rate /0.25000000/
g inverse refueling rate /1.00000000/
v average Velocity /1.00000000/
