StringID	Type	x	y	demand	ReadyTime	DueDate	ServiceTime	altitude
D0	d	0.50000000	0.50000000	0.00000000	0.00000000	10.00000000	0.00000000	0.00000000
S0	f	0.97074741	0.42331556	0.00000000	0.00000000	10.00000000	0.00000000	0.00000000
S1	f	0.09521422	0.09487154	0.00000000	0.00000000	10.00000000	0.00000000	0.00000000
S2	f	0.12421226	0.03006441	0.00000000	0.00000000	10.00000000	0.00000000	0.00000000
S3	f	0.78717463	0.35093169	0.00000000	0.00000000	10.00000000	0.00000000	0.00000000
S4	f	0.75565027	0.50810842	0.00000000	0.00000000	10.00000000	0.00000000	0.00000000
S5	f	0.20481794	0.93258123	0.00000000	0.00000000	10.00000000	0.00000000	0.00000000
C1	c	0.65627951	0.79239986	0.20312722	0.00000000	8.00000000	0.02282122	0.00000000
C2	c	0.56317182	0.77353240	0.03602556	0.10000000	8.10000000	0.02982682	0.00000000
C3	c	0.58228284	0.79130278	0.23889111	0.20000000	8.20000000	0.02935837	0.00000000
C4	c	0.63654610	0.74576023	0.24401386	0.30000000	8.30000000	0.01390643	0.00000000
C5	c	0.56843877	0.81354594	0.04021207	0.40000000	8.40000000	0.01112101	0.00000000
C6	c	0.51182025	0.78337791	0.16837530	0.50000000	8.50000000	0.02581085	0.00000000
C7	c	0.67839745	0.74371849	0.12791101	0.60000000	8.60000000	0.02791599	0.00000000
C8	c	0.53614846	0.77197628	0.24668485	0.70000000	8.70000000	0.02851280	0.00000000
C9	c	0.56472932	0.76821944	0.24904989	0.80000000	8.80000000	0.02091235	0.00000000
C10	c	0.44464758	0.76975571	0.23171669	0.90000000	8.90000000	0.02833003	0.00000000
C11	c	0.27092298	0.51306156	0.20681328	1.00000000	9.00000000	0.02871476	0.00000000
C12	c	0.29402202	0.60507244	0.07116535	1.10000000	9.10000000	0.02815854	0.00000000
C13	c	0.30501198	0.57952552	0.13004512	1.20000000	9.20000000	0.01927340	0.00000000
C14	c	0.32875585	0.59953696	0.06678308	1.30000000	9.30000000	0.01338131	0.00000000
C15	c	0.38012034	0.56226212	0.09026350	1.40000000	9.40000000	0.02023335	0.00000000
C16	c	0.27702776	1.00000000	0.24192741	1.50000000	9.50000000	0.02946331	0.00000000
C17	c	0.19996830	0.99536787	0.10097779	1.60000000	9.60000000	0.02044426	0.00000000
C18	c	0.28651375	0.95150471	0.12107070	1.70000000	9.70000000	0.02925558	0.00000000
C19	c	0.00000000	0.83017578	0.01844954	1.80000000	9.80000000	0.02336672	0.00000000
C20	c	0.00176250	0.95127409	0.01876214	1.90000000	9.90000000	0.02264647	0.00000000
C21	c	0.05489531	0.90457109	0.19343161	2.00000000	10.00000000	0.02173727	0.00000000
C22	c	0.00000000	0.84821781	0.03603027	2.00000000	10.00000000	0.02688352	0.00000000
C23	c	0.87603643	0.57962399	0.14337417	2.00000000	10.00000000	0.01845181	0.00000000
C24	c	0.90965349	0.54252606	0.08921102	2.00000000	10.00000000	0.01486806	0.00000000
C25	c	0.90794351	0.56998272	0.07525160	2.00000000	10.00000000	0.01897999	0.00000000
C26	c	0.80731606	0.59127892	0.24558492	2.00000000	10.00000000	0.02858413	0.00000000
C27	c	0.86227765	0.50311353	0.19305340	2.00000000	10.00000000	0.01753867	0.00000000
C28	c	0.84988033	0.61924352	0.19088957	2.00000000	10.00000000	0.02907441	0.00000000
C29	c	0.85143233	0.55169718	0.25714511	2.00000000	10.00000000	0.02199808	0.00000000
C30	c	0.82734924	0.57915684	0.22376287	2.00000000	10.00000000	0.02070301	0.00000000

Q Vehicle fuel tank capacity /0.40000000/
C Vehicle load capacity /1.50000000/
r fuel consumption rate /0.25000000/
g inverse refueling rate /1.00000000/
v average Velocity /1.00000000/
