StringID	Type	x	y	demand	ReadyTime	DueDate	ServiceTime	altitude
D0	d	0.50000000	0.50000000	0.00000000	0.00000000	10.00000000	0.00000000	0.00000000
S0	f	0.17649810	0.58327099	0.00000000	0.00000000	10.00000000	0.00000000	0.00000000
S1	f	0.04424901	0.90235680	0.00000000	0.00000000	10.00000000	0.00000000	0.00000000
S2	f	0.05411374	0.21648659	0.00000000	0.00000000	10.00000000	0.00000000	0.00000000
S3	f	0.85574122	0.18014188	0.00000000	0.00000000	10.00000000	0.00000000	0.00000000
S4	f	0.93429331	0.36917635	0.00000000	0.00000000	10.00000000	0.00000000	0.00000000
S5	f	0.37185856	0.53967809	0.00000000	0.00000000	10.00000000	0.00000000	0.00000000
S6	f	0.51565287	0.19910004	0.00000000	0.00000000	10.00000000	0.00000000	0.00000000
S7	f	0.23096582	0.40250218	0.00000000	0.00000000	10.00000000	0.00000000	0.00000000
S8	f	0.98218582	0.43141726	0.00000000	0.00000000	10.00000000	0.00000000	0.00000000
S9	f	0.67476202	0.90919215	0.00000000	0.00000000	10.00000000	0.00000000	0.00000000
C1	c	0.11270224	0.60411591	0.06225896	0.00000000	8.00000000	0.01913348	0.00000000
C2	c	0.13628700	0.46759027	0.10665463	0.06000000	8.06000000	0.01669694	0.00000000
C3	c	0.23988225	0.54424031	0.09231234	0.12000000	8.12000000	0.01526290	0.00000000
C4	c	0.47122542	0.28942027	0.13586225	0.18000000	8.18000000	0.01218600	0.00000000
C5	c	0.38424664	0.32149203	0.12173716	0.24000000	8.24000000	0.02818194	0.00000000
C6	c	0.38507772	0.35458561	0.04002093	0.30000000	8.30000000	0.01497671	0.00000000
C7	c	0.49350902	0.31996180	0.13600001	0.36000000	8.36000000	0.01144729	0.00000000
C8	c	0.57314489	0.37884258	0.10258546	0.42000000	8.42000000	0.02795744	0.00000000
C9	c	0.44796968	0.30093488	0.05259380	0.48000000	8.48000000	0.02714175	0.00000000
C10	c	0.45565598	0.28950197	0.03408291	0.54000000	8.54000000	0.01052716	0.00000000
C11	c	0.53416105	0.34227939	0.06623220	0.60000000	8.60000000	0.01923974	0.00000000
C12	c	0.49129972	0.37030729	0.12534671	0.66000000	8.66000000	0.01983955	0.00000000
C13	c	0.47368481	0.32303780	0.09027415	0.72000000	8.72000000	0.02681541	0.00000000
C14	c	0.48164476	0.35684400	0.12630150	0.78000000	8.78000000	0.02783223	0.00000000
C15	c	0.33814160	0.84962638	0.10947935	0.84000000	8.84000000	0.02846841	0.00000000
C16	c	0.42366856	0.73819893	0.02682812	0.90000000	8.90000000	0.01027593	0.00000000
C17	c	0.43993583	0.79286193	0.07919728	0.96000000	8.96000000	0.02458308	0.00000000
C18	c	0.38417627	0.74104596	0.04837634	1.02000000	9.02000000	0.02842586	0.00000000
C19	c	0.60280003	0.53184185	0.12670116	1.08000000	9.08000000	0.01436326	0.00000000
C20	c	0.67535302	0.51291109	0.10717589	1.14000000	9.14000000	0.01625291	0.00000000
C21	c	0.72672233	0.40327178	0.08452851	1.20000000	9.20000000	0.01078894	0.00000000
C22	c	0.74335423	0.47915572	0.14525073	1.26000000	9.26000000	0.02762741	0.00000000
C23	c	0.76532908	0.48126585	0.02699737	1.32000000	9.32000000	0.02309613	0.00000000
C24	c	0.62633170	0.47057019	0.07518830	1.38000000	9.38000000	0.01601917	0.00000000
C25	c	0.45513158	0.50726072	0.02296822	1.44000000	9.44000000	0.01628162	0.00000000
C26	c	0.39659942	0.48967243	0.13857154	1.50000000	9.50000000	0.01520927	0.00000000
C27	c	0.56790373	0.48279955	0.09162007	1.56000000	9.56000000	0.02289790	0.00000000
C28	c	0.41282148	0.54057883	0.12977849	1.62000000	9.62000000	0.01128874	0.00000000
C29	c	0.49959967	0.51370274	0.11665724	1.68000000	9.68000000	0.01947675	0.00000000
C30	c	0.41794703	0.45640305	0.11452197	1.74000000	9.74000000	0.01430923	0.00000000
C31	c	0.54784390	0.51860700	0.12043717	1.80000000	9.80000000	0.02552675	0.00000000
C32	c	0.49486384	0.56678922	0.07927806	1.86000000	9.86000000	0.02414474	0.00000000
C33	c	0.44372504	0.61485779	0.04957006	1.92000000	9.92000000	0.02863661	0.00000000
C34	c	0.15717846	0.18762869	0.12773398	1.98000000	9.98000000	0.02812751	0.00000000
C35	c	0.12614577	0.12257127	0.04862976	2.00000000	10.00000000	0.01214650	0.00000000
C36	c	0.08096655	0.12236752	0.09275610	2.00000000	10.00000000	0.01156540	0.00000000
C37	c	0.21838166	0.20222954	0.02005664	2.00000000	10.00000000	0.02944772	0.00000000
C38	c	0.14331127	0.12244260	0.14164483	2.00000000	10.00000000	0.01932176	0.00000000
C39	c	0.20782520	0.12232344	0.08088467	2.00000000	10.00000000	0.01577589	0.00000000
C40	c	0.10023446	0.14016144	0.01981382	2.00000000	10.00000000	0.01370615	0.00000000
C41	c	0.23320016	0.05179693	0.07975196	2.00000000	10.00000000	0.01001569	0.00000000
C42	c	0.47160568	0.43171212	0.12932614	2.00000000	10.00000000	0.02448939	0.00000000
C43	c	0.40874966	0.39711269	0.06267538	2.00000000	10.00000000	0.02207917	0.00000000
C44	c	0.39574191	0.43634340	0.12768669	2.00000000	10.00000000	0.01150333	0.00000000
C45	c	0.42483510	0.39912818	0.11897850	2.00000000	10.00000000	0.02238530	0.00000000
C46	c	0.51514094	0.38854696	0.01373603	2.00000000	10.00000000	0.01906386	0.00000000
C47	c	0.46122648	0.48628912	0.09362682	2.00000000	10.00000000	0.01452734	0.00000000
C48	c	0.47468532	0.40390259	0.13113710	2.00000000	10.00000000	0.01532500	0.00000000
C49	c	0.48320039	0.37100138	0.11689616	2.00000000	10.00000000	0.01547970	0.00000000
C50	c	0.36981909	0.46057087	0.10927655	2.00000000	10.00000000	0.01050953	0.00000000

Q Vehicle fuel tank capacity /0.40000000/
C Vehicle load capacity /1.50000000/
r fuel consumption rate /0.25000000/
g inverse refueling rate /1.00000000/
v average Velocity /1.00000000/
