StringID	Type	x	y	demand	ReadyTime	DueDate	ServiceTime	altitude
D0	d	0.50000000	0.50000000	0.00000000	0.00000000	10.00000000	0.00000000	0.00000000
S0	f	0.84239917	0.13830025	0.00000000	0.00000000	10.00000000	0.00000000	0.00000000
S1	f	0.38010863	0.42786437	0.00000000	0.00000000	10.00000000	0.00000000	0.00000000
S2	f	0.91611755	0.65970931	0.00000000	0.00000000	10.00000000	0.00000000	0.00000000
S3	f	0.61658493	0.32365926	0.00000000	0.00000000	10.00000000	0.00000000	0.00000000
S4	f	0.59978083	0.42779765	0.00000000	0.00000000	10.00000000	0.00000000	0.00000000
S5	f	0.52702400	0.80284322	0.00000000	0.00000000	10.00000000	0.00000000	0.00000000
S6	f	0.45091612	0.90736768	0.00000000	0.00000000	10.00000000	0.00000000	0.00000000
S7	f	0.96049950	0.41113844	0.00000000	0.00000000	10.00000000	0.00000000	0.00000000
S8	f	0.10580045	0.15950060	0.00000000	0.00000000	10.00000000	0.00000000	0.00000000
S9	f	0.87770075	0.21050392	0.00000000	0.00000000	10.00000000	0.00000000	0.00000000
C1	c	0.90991821	0.78014377	0.01528001	0.00000000	8.00000000	0.01480148	0.00000000
C2	c	0.82424732	0.79716982	0.13896214	0.06000000	8.06000000	0.01268047	0.00000000
C3	c	0.82529491	0.87672973	0.06102693	0.12000000	8.12000000	0.01915788	0.00000000
C4	c	0.86623732	0.82087317	0.11306984	0.18000000	8.18000000	0.02651649	0.00000000
C5	c	0.85740735	0.94319431	0.16256701	0.24000000	8.24000000	0.02152418	0.00000000
C6	c	0.80220954	0.85419058	0.19084839	0.30000000	8.30000000	0.02714781	0.00000000
C7	c	0.75379927	0.86012922	0.01508871	0.36000000	8.36000000	0.02306261	0.00000000
C8	c	0.84683029	0.79557306	0.09604955	0.42000000	8.42000000	0.01092832	0.00000000
C9	c	0.85061362	0.86109011	0.11638603	0.48000000	8.48000000	0.02266415	0.00000000
C10	c	0.83639590	0.81879943	0.14312806	0.54000000	8.54000000	0.02176500	0.00000000
C11	c	0.57616422	0.76830434	0.12890682	0.60000000	8.60000000	0.01431003	0.00000000
C12	c	0.62705513	0.65249664	0.06167547	0.66000000	8.66000000	0.02320297	0.00000000
C13	c	0.58600218	0.76199510	0.11943333	0.72000000	8.72000000	0.02009159	0.00000000
C14	c	0.62585952	0.69145919	0.16708349	0.78000000	8.78000000	0.02010460	0.00000000
C15	c	0.86869715	0.86009491	0.10724338	0.84000000	8.84000000	0.01855661	0.00000000
C16	c	0.79372478	0.90648638	0.04132471	0.90000000	8.90000000	0.01899266	0.00000000
C17	c	0.75091190	0.84040085	0.09455434	0.96000000	8.96000000	0.02855336	0.00000000
C18	c	0.80696254	0.95668152	0.12576638	1.02000000	9.02000000	0.01331409	0.00000000
C19	c	0.75815717	0.94558545	0.17920399	1.08000000	9.08000000	0.02081706	0.00000000
C20	c	0.78559711	0.90522145	0.04479106	1.14000000	9.14000000	0.01153791	0.00000000
C21	c	0.51686011	0.62489728	0.09081806	1.20000000	9.20000000	0.02913182	0.00000000
C22	c	0.54103735	0.70597922	0.06356190	1.26000000	9.26000000	0.02242128	0.00000000
C23	c	0.51786976	0.76345208	0.01332898	1.32000000	9.32000000	0.02607920	0.00000000
C24	c	0.51175544	0.73102508	0.13453488	1.38000000	9.38000000	0.01308683	0.00000000
C25	c	0.51184652	0.70559047	0.06034352	1.44000000	9.44000000	0.02196552	0.00000000
C26	c	0.62470581	0.73749902	0.17087072	1.50000000	9.50000000	0.01439013	0.00000000
C27	c	0.53769214	0.70296083	0.04435169	1.56000000	9.56000000	0.01107249	0.00000000
C28	c	0.72406121	0.00000000	0.01794344	1.62000000	9.62000000	0.02304450	0.00000000
C29	c	0.62427268	0.00000000	0.10616297	1.68000000	9.68000000	0.02020797	0.00000000
C30	c	0.53222385	0.00321170	0.03248883	1.74000000	9.74000000	0.01157757	0.00000000
C31	c	0.66965737	0.00000000	0.01977930	1.80000000	9.80000000	0.01917949	0.00000000
C32	c	0.60033403	0.00000000	0.13086962	1.86000000	9.86000000	0.02912145	0.00000000
C33	c	0.56287935	0.01000306	0.17580248	1.92000000	9.92000000	0.02773447	0.00000000
C34	c	0.52480767	0.02180878	0.06395374	1.98000000	9.98000000	0.02864264	0.00000000
C35	c	0.52425044	0.05379713	0.03254369	2.00000000	10.00000000	0.01772535	0.00000000
C36	c	0.55278551	0.08519677	0.08881475	2.00000000	10.00000000	0.02996608	0.00000000
C37	c	0.58700485	0.04923411	0.08766348	2.00000000	10.00000000	0.02809540	0.00000000
C38	c	0.59724679	0.05144847	0.03967071	2.00000000	10.00000000	0.01894402	0.00000000
C39	c	0.38098074	0.75743508	0.07961396	2.00000000	10.00000000	0.01898171	0.00000000
C40	c	0.33696844	0.72331375	0.07900924	2.00000000	10.00000000	0.01072457	0.00000000
C41	c	0.40831695	0.69927793	0.18690318	2.00000000	10.00000000	0.02725434	0.00000000
C42	c	0.38831038	0.77066807	0.04975830	2.00000000	10.00000000	0.01217916	0.00000000
C43	c	0.30593965	0.64447232	0.05176295	2.00000000	10.00000000	0.01732461	0.00000000
C44	c	0.30462946	0.64266695	0.04160503	2.00000000	10.00000000	0.01859087	0.00000000
C45	c	0.32419470	0.73468917	0.07471899	2.00000000	10.00000000	0.01198218	0.00000000
C46	c	0.75094249	0.21910211	0.09009008	2.00000000	10.00000000	0.01117551	0.00000000
C47	c	0.68142582	0.19270738	0.05938054	2.00000000	10.00000000	0.02919842	0.00000000
C48	c	0.68776418	0.12548293	0.06697867	2.00000000	10.00000000	0.02794624	0.00000000
C49	c	0.73641848	0.20474867	0.09414225	2.00000000	10.00000000	0.01412204	0.00000000
C50	c	0.70705367	0.21822902	0.13014441	2.00000000	10.00000000	0.02797322	0.00000000

Q Vehicle fuel tank capacity /0.40000000/
C Vehicle load capacity /1.50000000/
r fuel consumption rate /0.25000000/
g inverse refueling rate /1.00000000/
v average Velocity /1.00000000/
