StringID	Type	x	y	demand	ReadyTime	DueDate	ServiceTime	altitude
D0	d	0.50000000	0.50000000	0.00000000	0.00000000	10.00000000	0.00000000	0.00000000
S0	f	0.65654211	0.90587195	0.00000000	0.00000000	10.00000000	0.00000000	0.00000000
S1	f	0.90322775	0.41509882	0.00000000	0.00000000	10.00000000	0.00000000	0.00000000
S2	f	0.30492170	0.53765234	0.00000000	0.00000000	10.00000000	0.00000000	0.00000000
S3	f	0.48780984	0.26587299	0.00000000	0.00000000	10.00000000	0.00000000	0.00000000
S4	f	0.36394910	0.93271984	0.00000000	0.00000000	10.00000000	0.00000000	0.00000000
S5	f	0.95560001	0.30257910	0.00000000	0.00000000	10.00000000	0.00000000	0.00000000
S6	f	0.39534920	0.05487366	0.00000000	0.00000000	10.00000000	0.00000000	0.00000000
S7	f	0.40341627	0.20501386	0.00000000	0.00000000	10.00000000	0.00000000	0.00000000
S8	f	0.11932384	0.00931429	0.00000000	0.00000000	10.00000000	0.00000000	0.00000000
S9	f	0.05247069	0.23377060	0.00000000	0.00000000	10.00000000	0.00000000	0.00000000
C1	c	0.60813170	0.92519788	0.03122100	0.00000000	8.00000000	0.02678583	0.00000000
C2	c	0.66729163	0.94709700	0.11365042	0.06000000	8.06000000	0.01838116	0.00000000
C3	c	0.63519376	0.86425311	0.06710348	0.12000000	8.12000000	0.02434272	0.00000000
C4	c	0.73112216	0.90462108	0.15572291	0.18000000	8.18000000	0.02020901	0.00000000
C5	c	0.62200319	0.94661434	0.13534475	0.24000000	8.24000000	0.01940141	0.00000000
C6	c	0.58092421	0.98597013	0.06244282	0.30000000	8.30000000	0.01448086	0.00000000
C7	c	0.58134651	0.50285582	0.16228611	0.36000000	8.36000000	0.02944264	0.00000000
C8	c	0.67507167	0.57676312	0.09159637	0.42000000	8.42000000	0.01357838	0.00000000
C9	c	0.58120554	0.51580430	0.09372992	0.48000000	8.48000000	0.02514552	0.00000000
C10	c	0.62730774	0.54249919	0.08933124	0.54000000	8.54000000	0.01758289	0.00000000
C11	c	0.64891644	0.49918289	0.07939649	0.60000000	8.60000000	0.02422295	0.00000000
C12	c	0.56635581	0.53855242	0.08953955	0.66000000	8.66000000	0.02558093	0.00000000
C13	c	0.60963220	0.63058252	0.08741149	0.72000000	8.72000000	0.02024386	0.00000000
C14	c	0.93706546	0.19380985	0.17351318	0.78000000	8.78000000	0.02259151	0.00000000
C15	c	0.93290235	0.16417776	0.12414544	0.84000000	8.84000000	0.02551934	0.00000000
C16	c	0.88649726	0.06368805	0.14250066	0.90000000	8.90000000	0.01668923	0.00000000
C17	c	0.83643630	0.14032511	0.02448190	0.96000000	8.96000000	0.01728781	0.00000000
C18	c	0.89249644	0.13062439	0.10225577	1.02000000	9.02000000	0.02253845	0.00000000
C19	c	0.92288741	0.15189135	0.15415349	1.08000000	9.08000000	0.02694153	0.00000000
C20	c	0.88412134	0.08530487	0.10078213	1.14000000	9.14000000	0.01930753	0.00000000
C21	c	0.42503871	0.54397041	0.01687743	1.20000000	9.20000000	0.01936081	0.00000000
C22	c	0.47916148	0.61644259	0.18412269	1.26000000	9.26000000	0.01910040	0.00000000
C23	c	0.42732843	0.51030002	0.09055803	1.32000000	9.32000000	0.01465423	0.00000000
C24	c	0.39537986	0.48297330	0.02668539	1.38000000	9.38000000	0.01257653	0.00000000
C25	c	0.47073405	0.57221170	0.01985913	1.44000000	9.44000000	0.02490128	0.00000000
C26	c	0.46340737	0.62772609	0.02578547	1.50000000	9.50000000	0.01850953	0.00000000
C27	c	1.00000000	0.39771390	0.08690922	1.56000000	9.56000000	0.02913913	0.00000000
C28	c	0.94729629	0.41920729	0.17238416	1.62000000	9.62000000	0.01967989	0.00000000
C29	c	0.90455802	0.46286277	0.05566142	1.68000000	9.68000000	0.02451327	0.00000000
C30	c	0.94002334	0.34562575	0.04789410	1.74000000	9.74000000	0.01431817	0.00000000
C31	c	0.86998429	0.49188146	0.11064365	1.80000000	9.80000000	0.01891452	0.00000000
C32	c	0.91502767	0.37201642	0.07826774	1.86000000	9.86000000	0.01277505	0.00000000
C33	c	0.82222833	0.36996183	0.08457233	1.92000000	9.92000000	0.02162314	0.00000000
C34	c	0.18327368	0.99900315	0.02555694	1.98000000	9.98000000	0.02960420	0.00000000
C35	c	0.21841918	0.94824189	0.03208663	2.00000000	10.00000000	0.02467468	0.00000000
C36	c	0.25172899	0.97739057	0.03403553	2.00000000	10.00000000	0.01489774	0.00000000
C37	c	0.21346460	0.97755564	0.10610981	2.00000000	10.00000000	0.01045619	0.00000000
C38	c	0.16270441	0.90974513	0.02404340	2.00000000	10.00000000	0.02898075	0.00000000
C39	c	0.21803147	0.96104495	0.17526010	2.00000000	10.00000000	0.01997812	0.00000000
C40	c	0.28414535	0.93191594	0.12757558	2.00000000	10.00000000	0.02267294	0.00000000
C41	c	0.18887074	1.00000000	0.17487956	2.00000000	10.00000000	0.02035777	0.00000000
C42	c	0.21338285	1.00000000	0.06865823	2.00000000	10.00000000	0.01865459	0.00000000
C43	c	0.23356311	0.93522843	0.13918769	2.00000000	10.00000000	0.02138749	0.00000000
C44	c	0.29262386	1.00000000	0.05448749	2.00000000	10.00000000	0.01526113	0.00000000
C45	c	0.14172091	0.97633211	0.16773731	2.00000000	10.00000000	0.02479928	0.00000000
C46	c	0.95495783	0.01115248	0.02655748	2.00000000	10.00000000	0.02480070	0.00000000
C47	c	0.90364898	0.09655827	0.05854913	2.00000000	10.00000000	0.02897565	0.00000000
C48	c	0.99290810	0.05853309	0.03442213	2.00000000	10.00000000	0.01144330	0.00000000
C49	c	0.89302054	0.02578580	0.14728239	2.00000000	10.00000000	0.02449149	0.00000000
C50	c	0.93661936	0.03764033	0.02274073	2.00000000	10.00000000	0.02876582	0.00000000

Q Vehicle fuel tank capacity /0.40000000/
C Vehicle load capacity /1.50000000/
r fuel consumption rate /0.25000000/
g inverse refueling rate /1.00000000/
v average Velocity /1.00000000/
