StringID	Type	x	y	demand	ReadyTime	DueDate	ServiceTime	altitude
D0	d	0.50000000	0.50000000	0.00000000	0.00000000	10.00000000	0.00000000	0.00000000
S0	f	0.97848881	0.86693887	0.00000000	0.00000000	10.00000000	0.00000000	0.00000000
S1	f	0.54468751	0.79533352	0.00000000	0.00000000	10.00000000	0.00000000	0.00000000
S2	f	0.99748962	0.56227053	0.00000000	0.00000000	10.00000000	0.00000000	0.00000000
S3	f	0.88105083	0.62004338	0.00000000	0.00000000	10.00000000	0.00000000	0.00000000
S4	f	0.86397223	0.40931870	0.00000000	0.00000000	10.00000000	0.00000000	0.00000000
S5	f	0.20567009	0.01762503	0.00000000	0.00000000	10.00000000	0.00000000	0.00000000
C1	c	0.43170308	0.21983282	0.18827074	0.00000000	8.00000000	0.02220547	0.00000000
C2	c	0.51429548	0.31048234	0.15053683	0.10000000	8.10000000	0.02010199	0.00000000
C3	c	0.40514419	0.28481880	0.16221220	0.20000000	8.20000000	0.01242535	0.00000000
C4	c	0.34306760	0.28631355	0.28117986	0.30000000	8.30000000	0.01035081	0.00000000
C5	c	0.34717494	0.26131259	0.03173073	0.40000000	8.40000000	0.01659029	0.00000000
C6	c	0.33836335	0.19285991	0.15807160	0.50000000	8.50000000	0.02729425	0.00000000
C7	c	0.39027545	0.32151077	0.08643642	0.60000000	8.60000000	0.02529120	0.00000000
C8	c	0.36963246	0.26624452	0.08915764	0.70000000	8.70000000	0.01035968	0.00000000
C9	c	0.44807752	0.25456487	0.27062129	0.80000000	8.80000000	0.02884428	0.00000000
C10	c	0.44139178	0.23395844	0.11627507	0.90000000	8.90000000	0.02603691	0.00000000
C11	c	0.31317920	0.28879598	0.24629455	1.00000000	9.00000000	0.01411627	0.00000000
C12	c	0.33150323	0.93582764	0.03526775	1.10000000	9.10000000	0.01409354	0.00000000
C13	c	0.28395034	0.94839505	0.25866841	1.20000000	9.20000000	0.02118435	0.00000000
C14	c	0.36737562	0.96064996	0.08945486	1.30000000	9.30000000	0.01901984	0.00000000
C15	c	0.30026379	0.84347426	0.03437027	1.40000000	9.40000000	0.02229381	0.00000000
C16	c	0.30455103	0.89544404	0.19674330	1.50000000	9.50000000	0.02258807	0.00000000
C17	c	0.39222322	0.94333634	0.08688174	1.60000000	9.60000000	0.02800463	0.00000000
C18	c	0.33074332	0.98060471	0.26679957	1.70000000	9.70000000	0.01085346	0.00000000
C19	c	0.50865380	0.20435004	0.08097453	1.80000000	9.80000000	0.02857107	0.00000000
C20	c	0.47976041	0.21421333	0.04701049	1.90000000	9.90000000	0.01247684	0.00000000
C21	c	0.55961638	0.24230141	0.10039287	2.00000000	10.00000000	0.01450765	0.00000000
C22	c	0.45677599	0.21029867	0.07638548	2.00000000	10.00000000	0.01195648	0.00000000
C23	c	0.96574413	0.25979555	0.11346454	2.00000000	10.00000000	0.01980431	0.00000000
C24	c	0.94331551	0.18641095	0.22575048	2.00000000	10.00000000	0.02561243	0.00000000
C25	c	1.00000000	0.20988599	0.15653553	2.00000000	10.00000000	0.02952677	0.00000000
C26	c	0.95749311	0.32180697	0.18960212	2.00000000	10.00000000	0.01433893	0.00000000
C27	c	0.98230827	0.20468191	0.27344276	2.00000000	10.00000000	0.01545504	0.00000000
C28	c	0.76765011	0.55864981	0.13932851	2.00000000	10.00000000	0.02897874	0.00000000
C29	c	0.69783927	0.45684005	0.11853529	2.00000000	10.00000000	0.02737074	0.00000000
C30	c	0.73036031	0.46050785	0.22960457	2.00000000	10.00000000	0.01091250	0.00000000

Q Vehicle fuel tank capacity /0.40000000/
C Vehicle load capacity /1.50000000/
r fuel consumption rate /0.25000000/
g inverse refueling rate /1.00000000/
v average Velocity /1.00000000/
