StringID	Type	x	y	demand	ReadyTime	DueDate	ServiceTime	altitude
D0	d	0.50000000	0.50000000	0.00000000	0.00000000	10.00000000	0.00000000	0.00000000
S0	f	0.76002731	0.70478675	0.00000000	0.00000000	10.00000000	0.00000000	0.00000000
S1	f	0.00928395	0.07272587	0.00000000	0.00000000	10.00000000	0.00000000	0.00000000
S2	f	0.67945818	0.65899028	0.00000000	0.00000000	10.00000000	0.00000000	0.00000000
S3	f	0.98432401	0.65591543	0.00000000	0.00000000	10.00000000	0.00000000	0.00000000
S4	f	0.30615455	0.86208129	0.00000000	0.00000000	10.00000000	0.00000000	0.00000000
S5	f	0.61021649	0.47205035	0.00000000	0.00000000	10.00000000	0.00000000	0.00000000
C1	c	0.85070197	0.71052013	0.07452246	0.00000000	8.00000000	0.02047874	0.00000000
C2	c	0.04102961	0.95555735	0.09209281	0.10000000	8.10000000	0.01641140	0.00000000
C3	c	0.07151053	0.99616636	0.23748252	0.20000000	8.20000000	0.01792891	0.00000000
C4	c	0.00000000	0.88500689	0.25512725	0.30000000	8.30000000	0.02146449	0.00000000
C5	c	0.04546515	0.83179718	0.11631342	0.40000000	8.40000000	0.02971858	0.00000000
C6	c	0.61570870	0.72665889	0.07523977	0.50000000	8.50000000	0.02331211	0.00000000
C7	c	0.64654338	0.68632439	0.06430291	0.60000000	8.60000000	0.01523197	0.00000000
C8	c	0.64310096	0.73034687	0.14447725	0.70000000	8.70000000	0.01011603	0.00000000
C9	c	0.58888178	0.73786180	0.18801377	0.80000000	8.80000000	0.01762564	0.00000000
C10	c	0.60173309	0.67385245	0.10467137	0.90000000	8.90000000	0.02916629	0.00000000
C11	c	0.61038604	0.81855477	0.13980887	1.00000000	9.00000000	0.02649565	0.00000000
C12	c	0.69246117	0.83672155	0.23047011	1.10000000	9.10000000	0.02680098	0.00000000
C13	c	0.54555739	0.77953969	0.25181803	1.20000000	9.20000000	0.02886667	0.00000000
C14	c	0.68076455	0.73311516	0.17811389	1.30000000	9.30000000	0.02487687	0.00000000
C15	c	0.45644555	0.70992578	0.09057055	1.40000000	9.40000000	0.01545017	0.00000000
C16	c	0.50954489	0.74354112	0.22824906	1.50000000	9.50000000	0.01815083	0.00000000
C17	c	0.46720077	0.78197603	0.13141002	1.60000000	9.60000000	0.01109248	0.00000000
C18	c	0.52667327	0.78574730	0.03531222	1.70000000	9.70000000	0.02511334	0.00000000
C19	c	0.46385392	0.89014960	0.26216486	1.80000000	9.80000000	0.01205801	0.00000000
C20	c	0.47253622	0.85722832	0.05202716	1.90000000	9.90000000	0.01850152	0.00000000
C21	c	0.41365251	0.81058663	0.07352205	2.00000000	10.00000000	0.02820003	0.00000000
C22	c	0.49680475	0.78840605	0.26484072	2.00000000	10.00000000	0.02070904	0.00000000
C23	c	0.48698072	0.76820948	0.06470171	2.00000000	10.00000000	0.02836598	0.00000000
C24	c	0.12035496	0.26238775	0.24382709	2.00000000	10.00000000	0.01281560	0.00000000
C25	c	0.15321302	0.33519131	0.12276436	2.00000000	10.00000000	0.01534015	0.00000000
C26	c	0.19215033	0.32618003	0.10707646	2.00000000	10.00000000	0.01089138	0.00000000
C27	c	0.17405734	0.32892271	0.12216916	2.00000000	10.00000000	0.01933634	0.00000000
C28	c	0.20623682	0.31770909	0.15388166	2.00000000	10.00000000	0.01932092	0.00000000
C29	c	0.20816412	0.32761681	0.21016378	2.00000000	10.00000000	0.01971046	0.00000000
C30	c	0.17122021	0.35205785	0.18486469	2.00000000	10.00000000	0.02199577	0.00000000

Q Vehicle fuel tank capacity /0.40000000/
C Vehicle load capacity /1.50000000/
r fuel consumption rate /0.25000000/
g inverse refueling rate /1.00000000/
v average Velocity /1.00000000/
