StringID	Type	x	y	demand	ReadyTime	DueDate	ServiceTime	altitude
D0	d	0.50000000	0.50000000	0.00000000	0.00000000	10.00000000	0.00000000	0.00000000
S0	f	0.26850666	0.65419255	0.00000000	0.00000000	10.00000000	0.00000000	0.00000000
S1	f	0.35928117	0.10674780	0.00000000	0.00000000	10.00000000	0.00000000	0.00000000
S2	f	0.26661144	0.01571605	0.00000000	0.00000000	10.00000000	0.00000000	0.00000000
S3	f	0.71914949	0.79673325	0.00000000	0.00000000	10.00000000	0.00000000	0.00000000
S4	f	0.37344417	0.83196272	0.00000000	0.00000000	10.00000000	0.00000000	0.00000000
S5	f	0.57268614	0.85751994	0.00000000	0.00000000	10.00000000	0.00000000	0.00000000
C1	c	0.34996210	0.72113324	0.20569187	0.00000000	8.00000000	0.02720510	0.00000000
C2	c	0.45796586	0.75650385	0.02770889	0.10000000	8.10000000	0.01620129	0.00000000
C3	c	0.40795556	0.67387043	0.20763608	0.20000000	8.20000000	0.01937595	0.00000000
C4	c	0.33579741	0.77208059	0.20384452	0.30000000	8.30000000	0.02265216	0.00000000
C5	c	0.31424390	0.83529924	0.04909576	0.40000000	8.40000000	0.02938244	0.00000000
C6	c	0.53377950	0.65492608	0.13590961	0.50000000	8.50000000	0.02455097	0.00000000
C7	c	0.62874049	0.77080064	0.08698239	0.60000000	8.60000000	0.01105475	0.00000000
C8	c	0.57096682	0.69591001	0.14875359	0.70000000	8.70000000	0.01952480	0.00000000
C9	c	0.62530425	0.61485798	0.11298563	0.80000000	8.80000000	0.01106492	0.00000000
C10	c	0.58869708	0.99790295	0.23135230	0.90000000	8.90000000	0.02875345	0.00000000
C11	c	0.53640716	0.97689828	0.19170932	1.00000000	9.00000000	0.02609195	0.00000000
C12	c	0.70155040	0.86761814	0.16362993	1.10000000	9.10000000	0.02242178	0.00000000
C13	c	0.50322311	0.83295377	0.13560293	1.20000000	9.20000000	0.01944233	0.00000000
C14	c	0.58034613	0.95460834	0.23424451	1.30000000	9.30000000	0.02283893	0.00000000
C15	c	0.51809313	0.91310756	0.04257386	1.40000000	9.40000000	0.01840848	0.00000000
C16	c	0.22760889	0.67159123	0.20289925	1.50000000	9.50000000	0.02438458	0.00000000
C17	c	0.21960080	0.64377480	0.09898148	1.60000000	9.60000000	0.01892017	0.00000000
C18	c	0.28221281	0.75835981	0.24507531	1.70000000	9.70000000	0.01605966	0.00000000
C19	c	0.27773482	0.37342204	0.26623037	1.80000000	9.80000000	0.02534845	0.00000000
C20	c	0.33382062	0.38444482	0.02605215	1.90000000	9.90000000	0.01954100	0.00000000
C21	c	0.34720856	0.30316778	0.25993885	2.00000000	10.00000000	0.02829677	0.00000000
C22	c	0.37501384	0.33879010	0.11754824	2.00000000	10.00000000	0.02369218	0.00000000
C23	c	0.25696243	0.44467085	0.19723854	2.00000000	10.00000000	0.02415487	0.00000000
C24	c	0.35977997	0.40457745	0.06003027	2.00000000	10.00000000	0.01774647	0.00000000
C25	c	0.28577148	0.31529481	0.05640670	2.00000000	10.00000000	0.02828264	0.00000000
C26	c	0.34652805	0.40035472	0.13998048	2.00000000	10.00000000	0.01125213	0.00000000
C27	c	0.37939486	0.33673209	0.24610665	2.00000000	10.00000000	0.01048508	0.00000000
C28	c	0.35112340	0.37620738	0.12310802	2.00000000	10.00000000	0.01526670	0.00000000
C29	c	0.26687804	0.31501168	0.24861216	2.00000000	10.00000000	0.02659816	0.00000000
C30	c	0.29373325	0.27009668	0.03407034	2.00000000	10.00000000	0.01032690	0.00000000

Q Vehicle fuel tank capacity /0.40000000/
C Vehicle load capacity /1.50000000/
r fuel consumption rate /0.25000000/
g inverse refueling rate /1.00000000/
v average Velocity /1.00000000/
