StringID	Type	x	y	demand	ReadyTime	DueDate	ServiceTime	altitude
D0	d	0.50000000	0.50000000	0.00000000	0.00000000	10.00000000	0.00000000	0.00000000
S0	f	0.39525852	0.80049913	0.00000000	0.00000000	10.00000000	0.00000000	0.00000000
S1	f	0.14639536	0.78957848	0.00000000	0.00000000	10.00000000	0.00000000	0.00000000
S2	f	0.23979687	0.43886814	0.00000000	0.00000000	10.00000000	0.00000000	0.00000000
S3	f	0.78428542	0.05310021	0.00000000	0.00000000	10.00000000	0.00000000	0.00000000
S4	f	0.28669857	0.95733056	0.00000000	0.00000000	10.00000000	0.00000000	0.00000000
S5	f	0.73018640	0.22374312	0.00000000	0.00000000	10.00000000	0.00000000	0.00000000
C1	c	0.37037056	0.73864646	0.04620686	0.00000000	8.00000000	0.02648065	0.00000000
C2	c	0.43354586	0.74913836	0.24295382	0.10000000	8.10000000	0.02653556	0.00000000
C3	c	0.33671503	0.86563183	0.24321510	0.20000000	8.20000000	0.01849779	0.00000000
C4	c	0.37272056	0.89827423	0.22937795	0.30000000	8.30000000	0.02641231	0.00000000
C5	c	0.50494084	0.02908088	0.04966610	0.40000000	8.40000000	0.01362054	0.00000000
C6	c	0.48614500	0.00000000	0.11284533	0.50000000	8.50000000	0.01006622	0.00000000
C7	c	0.56197805	0.09194603	0.03552299	0.60000000	8.60000000	0.01390114	0.00000000
C8	c	0.52537175	0.01666829	0.18688326	0.70000000	8.70000000	0.01979618	0.00000000
C9	c	0.51225962	0.10795695	0.25357320	0.80000000	8.80000000	0.02601379	0.00000000
C10	c	0.54900190	0.00000000	0.15666304	0.90000000	8.90000000	0.01051472	0.00000000
C11	c	0.47960736	0.29236027	0.05455715	1.00000000	9.00000000	0.01968224	0.00000000
C12	c	0.46406045	0.27307410	0.10874307	1.10000000	9.10000000	0.02855164	0.00000000
C13	c	0.46097736	0.27166296	0.23701401	1.20000000	9.20000000	0.02460111	0.00000000
C14	c	0.50860597	0.29964760	0.10129983	1.30000000	9.30000000	0.02138279	0.00000000
C15	c	0.43799922	0.18850688	0.18938689	1.40000000	9.40000000	0.02566141	0.00000000
C16	c	0.48108812	0.32075371	0.23532743	1.50000000	9.50000000	0.02383184	0.00000000
C17	c	0.49848657	0.26096657	0.23416358	1.60000000	9.60000000	0.01674175	0.00000000
C18	c	0.41508158	0.32444001	0.20676203	1.70000000	9.70000000	0.01767663	0.00000000
C19	c	0.17248018	0.74189195	0.05477506	1.80000000	9.80000000	0.01561833	0.00000000
C20	c	0.09832241	0.78738970	0.11530870	1.90000000	9.90000000	0.01629575	0.00000000
C21	c	0.22222321	0.69864262	0.17149059	2.00000000	10.00000000	0.02588418	0.00000000
C22	c	0.93350520	0.32519776	0.17238407	2.00000000	10.00000000	0.01949574	0.00000000
C23	c	0.78498184	0.32691705	0.16724698	2.00000000	10.00000000	0.02444617	0.00000000
C24	c	1.00000000	0.31836830	0.14879732	2.00000000	10.00000000	0.02655252	0.00000000
C25	c	0.93146866	0.36981043	0.24865672	2.00000000	10.00000000	0.02864456	0.00000000
C26	c	0.97141084	0.35270307	0.13667665	2.00000000	10.00000000	0.01644739	0.00000000
C27	c	0.90245163	0.28411780	0.20249556	2.00000000	10.00000000	0.02669871	0.00000000
C28	c	0.88886817	0.29812262	0.07566034	2.00000000	10.00000000	0.01894454	0.00000000
C29	c	0.99741538	0.30080530	0.05961222	2.00000000	10.00000000	0.01716460	0.00000000
C30	c	0.94077359	0.41676751	0.02273416	2.00000000	10.00000000	0.02423929	0.00000000

Q Vehicle fuel tank capacity /0.40000000/
C Vehicle load capacity /1.50000000/
r fuel consumption rate /0.25000000/
g inverse refueling rate /1.00000000/
v average Velocity /1.00000000/
