StringID	Type	x	y	demand	ReadyTime	DueDate	ServiceTime	altitude
D0	d	0.50000000	0.50000000	0.00000000	0.00000000	10.00000000	0.00000000	0.00000000
S0	f	0.82689200	0.65890161	0.00000000	0.00000000	10.00000000	0.00000000	0.00000000
S1	f	0.54752263	0.00122315	0.00000000	0.00000000	10.00000000	0.00000000	0.00000000
S2	f	0.63587175	0.08586483	0.00000000	0.00000000	10.00000000	0.00000000	0.00000000
S3	f	0.68513000	0.80666365	0.00000000	0.00000000	10.00000000	0.00000000	0.00000000
S4	f	0.97718526	0.91109671	0.00000000	0.00000000	10.00000000	0.00000000	0.00000000
S5	f	0.43745611	0.87904018	0.00000000	0.00000000	10.00000000	0.00000000	0.00000000
S6	f	0.15104300	0.26215903	0.00000000	0.00000000	10.00000000	0.00000000	0.00000000
S7	f	0.63975390	0.84850673	0.00000000	0.00000000	10.00000000	0.00000000	0.00000000
S8	f	0.59887747	0.21015800	0.00000000	0.00000000	10.00000000	0.00000000	0.00000000
S9	f	0.41138154	0.27665800	0.00000000	0.00000000	10.00000000	0.00000000	0.00000000
C1	c	0.90592316	0.50251395	0.06176788	0.00000000	8.00000000	0.01981791	0.00000000
C2	c	0.91695420	0.50357916	0.05235494	0.06000000	8.06000000	0.02022941	0.00000000
C3	c	0.93947691	0.55206813	0.02622528	0.12000000	8.12000000	0.01810383	0.00000000
C4	c	0.98472408	0.52765668	0.11071789	0.18000000	8.18000000	0.02396472	0.00000000
C5	c	0.89025740	0.50588118	0.11688395	0.24000000	8.24000000	0.02361402	0.00000000
C6	c	0.93550535	0.51917023	0.02184882	0.30000000	8.30000000	0.01825524	0.00000000
C7	c	0.92620089	0.59301435	0.06856450	0.36000000	8.36000000	0.01222133	0.00000000
C8	c	0.29905794	0.23788304	0.14589173	0.42000000	8.42000000	0.02052645	0.00000000
C9	c	0.26783741	0.24126320	0.07206904	0.48000000	8.48000000	0.02374815	0.00000000
C10	c	0.32778013	0.23672665	0.13002526	0.54000000	8.54000000	0.02505613	0.00000000
C11	c	0.39199277	0.22432107	0.03226187	0.60000000	8.60000000	0.01180913	0.00000000
C12	c	0.23131073	0.26151169	0.05195818	0.66000000	8.66000000	0.02122149	0.00000000
C13	c	0.25810116	0.24868113	0.15218751	0.72000000	8.72000000	0.02393098	0.00000000
C14	c	0.29701573	0.20081448	0.09128790	0.78000000	8.78000000	0.01929898	0.00000000
C15	c	0.51914065	0.21001793	0.15568137	0.84000000	8.84000000	0.02656905	0.00000000
C16	c	0.50465769	0.17508668	0.09351841	0.90000000	8.90000000	0.02602341	0.00000000
C17	c	0.44273434	0.22535027	0.07967168	0.96000000	8.96000000	0.02071649	0.00000000
C18	c	0.43593509	0.22010734	0.14786999	1.02000000	9.02000000	0.02041315	0.00000000
C19	c	0.55254516	0.17270565	0.11591587	1.08000000	9.08000000	0.01765317	0.00000000
C20	c	0.47464356	0.24585466	0.13426038	1.14000000	9.14000000	0.01718369	0.00000000
C21	c	0.52801031	0.19867202	0.15144609	1.20000000	9.20000000	0.02312380	0.00000000
C22	c	0.52608105	0.11335391	0.10952630	1.26000000	9.26000000	0.02110505	0.00000000
C23	c	0.44284755	0.12787582	0.14864814	1.32000000	9.32000000	0.02317737	0.00000000
C24	c	0.77862690	0.89833218	0.15765111	1.38000000	9.38000000	0.01116635	0.00000000
C25	c	0.72485211	0.93771252	0.11775565	1.44000000	9.44000000	0.02900169	0.00000000
C26	c	0.64800415	0.96879014	0.11697249	1.50000000	9.50000000	0.01094600	0.00000000
C27	c	0.71276857	1.00000000	0.11911758	1.56000000	9.56000000	0.02809055	0.00000000
C28	c	0.64290518	0.95542745	0.01985865	1.62000000	9.62000000	0.02238655	0.00000000
C29	c	0.73889948	0.93486155	0.04869531	1.68000000	9.68000000	0.02820251	0.00000000
C30	c	0.69104210	1.00000000	0.09354904	1.74000000	9.74000000	0.01963087	0.00000000
C31	c	0.72374376	0.86234299	0.02465425	1.80000000	9.80000000	0.02368025	0.00000000
C32	c	0.76371347	0.92737397	0.13390914	1.86000000	9.86000000	0.01557856	0.00000000
C33	c	0.77690982	1.00000000	0.03319231	1.92000000	9.92000000	0.01824456	0.00000000
C34	c	0.81883134	0.86727594	0.02540549	1.98000000	9.98000000	0.02871724	0.00000000
C35	c	0.78205936	0.97671164	0.08098564	2.00000000	10.00000000	0.02696424	0.00000000
C36	c	0.88474272	0.93163127	0.03072958	2.00000000	10.00000000	0.01841008	0.00000000
C37	c	0.79744524	0.90779609	0.05478150	2.00000000	10.00000000	0.01930392	0.00000000
C38	c	0.86759959	0.96541289	0.05435143	2.00000000	10.00000000	0.01714977	0.00000000
C39	c	0.77003237	0.95833134	0.05705214	2.00000000	10.00000000	0.01831446	0.00000000
C40	c	0.86421710	0.94225686	0.07745379	2.00000000	10.00000000	0.01164761	0.00000000
C41	c	0.91226522	0.76805894	0.04901820	2.00000000	10.00000000	0.01799004	0.00000000
C42	c	0.95004594	0.85783639	0.04232267	2.00000000	10.00000000	0.02977188	0.00000000
C43	c	1.00000000	0.84468968	0.15261175	2.00000000	10.00000000	0.01753610	0.00000000
C44	c	0.95989912	0.77719302	0.12635902	2.00000000	10.00000000	0.02388360	0.00000000
C45	c	0.98514768	0.66632962	0.04411927	2.00000000	10.00000000	0.02181840	0.00000000
C46	c	0.99341881	0.80019530	0.12261284	2.00000000	10.00000000	0.01956033	0.00000000
C47	c	0.96279720	0.74884977	0.12627024	2.00000000	10.00000000	0.01428980	0.00000000
C48	c	1.00000000	0.76603123	0.10320410	2.00000000	10.00000000	0.01151389	0.00000000
C49	c	0.17930729	0.06941660	0.16033500	2.00000000	10.00000000	0.01217655	0.00000000
C50	c	0.22237265	0.00798504	0.05644885	2.00000000	10.00000000	0.02747193	0.00000000

Q Vehicle fuel tank capacity /0.40000000/
C Vehicle load capacity /1.50000000/
r fuel consumption rate /0.25000000/
g inverse refueling rate /1.00000000/
v average Velocity /1.00000000/
