StringID	Type	x	y	demand	ReadyTime	DueDate	ServiceTime	altitude
D0	d	0.50000000	0.50000000	0.00000000	0.00000000	10.00000000	0.00000000	0.00000000
S0	f	0.10493615	0.74385810	0.00000000	0.00000000	10.00000000	0.00000000	0.00000000
S1	f	0.47316641	0.62102974	0.00000000	0.00000000	10.00000000	0.00000000	0.00000000
S2	f	0.47332261	0.32079016	0.00000000	0.00000000	10.00000000	0.00000000	0.00000000
S3	f	0.29958346	0.50320074	0.00000000	0.00000000	10.00000000	0.00000000	0.00000000
S4	f	0.38733720	0.79517835	0.00000000	0.00000000	10.00000000	0.00000000	0.00000000
S5	f	0.33695339	0.14889867	0.00000000	0.00000000	10.00000000	0.00000000	0.00000000
S6	f	0.31144715	0.54740405	0.00000000	0.00000000	10.00000000	0.00000000	0.00000000
S7	f	0.19053357	0.44836800	0.00000000	0.00000000	10.00000000	0.00000000	0.00000000
S8	f	0.19432474	0.35986837	0.00000000	0.00000000	10.00000000	0.00000000	0.00000000
S9	f	0.32715765	0.77533445	0.00000000	0.00000000	10.00000000	0.00000000	0.00000000
C1	c	0.10638287	0.96974181	0.02615500	0.00000000	8.00000000	0.01194671	0.00000000
C2	c	0.08998720	0.94806794	0.02465120	0.06000000	8.06000000	0.01654649	0.00000000
C3	c	0.00416710	0.96293934	0.06894569	0.12000000	8.12000000	0.01828899	0.00000000
C4	c	0.04334168	0.95318548	0.13210341	0.18000000	8.18000000	0.02296727	0.00000000
C5	c	0.78880993	0.28244825	0.12880798	0.24000000	8.24000000	0.02531003	0.00000000
C6	c	0.73717788	0.34548061	0.05253774	0.30000000	8.30000000	0.01635985	0.00000000
C7	c	0.84005403	0.16873942	0.11294391	0.36000000	8.36000000	0.02495976	0.00000000
C8	c	0.81900215	0.23829060	0.09476801	0.42000000	8.42000000	0.02769352	0.00000000
C9	c	0.90044899	0.21274083	0.14576312	0.48000000	8.48000000	0.02383198	0.00000000
C10	c	0.76677089	0.15720412	0.09121681	0.54000000	8.54000000	0.02971375	0.00000000
C11	c	0.79768387	0.26566612	0.15177027	0.60000000	8.60000000	0.02416130	0.00000000
C12	c	0.86952033	0.20674637	0.15188838	0.66000000	8.66000000	0.02607465	0.00000000
C13	c	0.73302454	0.30402291	0.12577363	0.72000000	8.72000000	0.02117971	0.00000000
C14	c	0.88560914	0.58457447	0.03084624	0.78000000	8.78000000	0.01231201	0.00000000
C15	c	0.84377101	0.65391879	0.04500956	0.84000000	8.84000000	0.02768559	0.00000000
C16	c	0.94915692	0.70409740	0.07645485	0.90000000	8.90000000	0.02650760	0.00000000
C17	c	0.79930452	0.66022346	0.12369187	0.96000000	8.96000000	0.01637384	0.00000000
C18	c	0.80435118	0.68271442	0.04899284	1.02000000	9.02000000	0.01694488	0.00000000
C19	c	0.77242914	0.71190481	0.10439765	1.08000000	9.08000000	0.02198280	0.00000000
C20	c	0.91659167	0.58025434	0.01303128	1.14000000	9.14000000	0.01446723	0.00000000
C21	c	0.63689642	0.36773142	0.13062164	1.20000000	9.20000000	0.01519089	0.00000000
C22	c	0.62792578	0.32431950	0.14826790	1.26000000	9.26000000	0.02919420	0.00000000
C23	c	0.65124753	0.39074184	0.09414200	1.32000000	9.32000000	0.02504491	0.00000000
C24	c	0.58037074	0.36406439	0.06094964	1.38000000	9.38000000	0.02395473	0.00000000
C25	c	0.66218193	0.38493339	0.13994191	1.44000000	9.44000000	0.02571363	0.00000000
C26	c	0.55279644	0.25183512	0.06706480	1.50000000	9.50000000	0.01321043	0.00000000
C27	c	0.56041675	0.36983394	0.06538404	1.56000000	9.56000000	0.01063152	0.00000000
C28	c	0.66864538	0.30259867	0.02253952	1.62000000	9.62000000	0.02311447	0.00000000
C29	c	0.20770703	0.79362129	0.03525939	1.68000000	9.68000000	0.02681057	0.00000000
C30	c	0.19080873	0.68307635	0.03038692	1.74000000	9.74000000	0.01976706	0.00000000
C31	c	0.27833103	0.69189811	0.14421554	1.80000000	9.80000000	0.02887930	0.00000000
C32	c	0.24513999	0.76734605	0.07192643	1.86000000	9.86000000	0.02640588	0.00000000
C33	c	0.18746090	0.75459055	0.08937274	1.92000000	9.92000000	0.02809049	0.00000000
C34	c	0.18953049	0.71576669	0.14137782	1.98000000	9.98000000	0.01835009	0.00000000
C35	c	0.19954970	0.65134044	0.11519190	2.00000000	10.00000000	0.02683812	0.00000000
C36	c	0.83498851	0.34232221	0.13225985	2.00000000	10.00000000	0.01938017	0.00000000
C37	c	0.96082854	0.39154950	0.11164014	2.00000000	10.00000000	0.01546761	0.00000000
C38	c	0.94058963	0.36807215	0.13720287	2.00000000	10.00000000	0.01769803	0.00000000
C39	c	0.95612097	0.23928987	0.14513672	2.00000000	10.00000000	0.02522101	0.00000000
C40	c	0.89888043	0.37488756	0.02952008	2.00000000	10.00000000	0.02557006	0.00000000
C41	c	0.95379355	0.40728209	0.13087593	2.00000000	10.00000000	0.01631493	0.00000000
C42	c	0.94294330	0.36208794	0.02670351	2.00000000	10.00000000	0.01062824	0.00000000
C43	c	0.90494807	0.19695533	0.08410635	2.00000000	10.00000000	0.02130538	0.00000000
C44	c	0.91840671	0.09484481	0.06303028	2.00000000	10.00000000	0.02376474	0.00000000
C45	c	0.92392321	0.12984707	0.10553063	2.00000000	10.00000000	0.02181079	0.00000000
C46	c	0.90265698	0.08672762	0.01853028	2.00000000	10.00000000	0.02602916	0.00000000
C47	c	0.83279959	0.14362282	0.11874084	2.00000000	10.00000000	0.01829473	0.00000000
C48	c	0.95580096	0.14472012	0.09306597	2.00000000	10.00000000	0.01810741	0.00000000
C49	c	0.93248275	0.09020756	0.08910690	2.00000000	10.00000000	0.01230240	0.00000000
C50	c	0.88665505	0.18038528	0.10815803	2.00000000	10.00000000	0.01203489	0.00000000

Q Vehicle fuel tank capacity /0.40000000/
C Vehicle load capacity /1.50000000/
r fuel consumption rate /0.25000000/
g inverse refueling rate /1.00000000/
v average Velocity /1.00000000/
