StringID	Type	x	y	demand	ReadyTime	DueDate	ServiceTime	altitude
D0	d	0.50000000	0.50000000	0.00000000	0.00000000	10.00000000	0.00000000	0.00000000
S0	f	0.58388809	0.44566417	0.00000000	0.00000000	10.00000000	0.00000000	0.00000000
S1	f	0.86969999	0.85413423	0.00000000	0.00000000	10.00000000	0.00000000	0.00000000
S2	f	0.56569722	0.95616121	0.00000000	0.00000000	10.00000000	0.00000000	0.00000000
S3	f	0.45856113	0.60051061	0.00000000	0.00000000	10.00000000	0.00000000	0.00000000
S4	f	0.29970737	0.74796413	0.00000000	0.00000000	10.00000000	0.00000000	0.00000000
S5	f	0.53111354	0.67948202	0.00000000	0.00000000	10.00000000	0.00000000	0.00000000
C1	c	0.60354240	0.76462250	0.04807217	0.00000000	8.00000000	0.02533422	0.00000000
C2	c	0.67968076	0.67708179	0.24910761	0.10000000	8.10000000	0.01243721	0.00000000
C3	c	0.62072018	0.67040526	0.07837360	0.20000000	8.20000000	0.02127427	0.00000000
C4	c	0.72250218	0.69854234	0.20546622	0.30000000	8.30000000	0.01781412	0.00000000
C5	c	0.63069366	0.69790083	0.13299242	0.40000000	8.40000000	0.02708247	0.00000000
C6	c	0.65156265	0.77068386	0.21581799	0.50000000	8.50000000	0.02683785	0.00000000
C7	c	0.77676127	0.61750427	0.18917175	0.60000000	8.60000000	0.02172658	0.00000000
C8	c	0.88963210	0.57968916	0.16264421	0.70000000	8.70000000	0.02215911	0.00000000
C9	c	0.76585239	0.68305679	0.03853075	0.80000000	8.80000000	0.01346229	0.00000000
C10	c	0.88591495	0.55667623	0.19217958	0.90000000	8.90000000	0.01093954	0.00000000
C11	c	0.87241368	0.61385796	0.10482268	1.00000000	9.00000000	0.02913083	0.00000000
C12	c	0.84817339	0.64230409	0.25320765	1.10000000	9.10000000	0.01282009	0.00000000
C13	c	0.32755132	0.27817282	0.25472175	1.20000000	9.20000000	0.02121136	0.00000000
C14	c	0.27894017	0.33772042	0.10548413	1.30000000	9.30000000	0.02560566	0.00000000
C15	c	0.27982054	0.24535530	0.18275524	1.40000000	9.40000000	0.02863812	0.00000000
C16	c	0.30789861	0.24856652	0.19048234	1.50000000	9.50000000	0.02445918	0.00000000
C17	c	0.29862798	0.27627003	0.02260991	1.60000000	9.60000000	0.02026807	0.00000000
C18	c	0.38294030	0.37193660	0.10091989	1.70000000	9.70000000	0.02689333	0.00000000
C19	c	0.26849516	0.32397602	0.15644409	1.80000000	9.80000000	0.01097878	0.00000000
C20	c	0.24689799	0.37887903	0.14753929	1.90000000	9.90000000	0.02911415	0.00000000
C21	c	0.91747882	0.35902130	0.05819836	2.00000000	10.00000000	0.01749302	0.00000000
C22	c	0.92269265	0.28358375	0.25054828	2.00000000	10.00000000	0.02144956	0.00000000
C23	c	0.95720606	0.37233645	0.16203454	2.00000000	10.00000000	0.02886553	0.00000000
C24	c	0.93480108	0.28138654	0.17281709	2.00000000	10.00000000	0.01707650	0.00000000
C25	c	0.92473724	0.28395294	0.03893752	2.00000000	10.00000000	0.01650040	0.00000000
C26	c	0.93396872	0.36310927	0.07917377	2.00000000	10.00000000	0.02250097	0.00000000
C27	c	0.81303622	0.33143369	0.15063950	2.00000000	10.00000000	0.02505016	0.00000000
C28	c	0.34759217	0.20361694	0.10777907	2.00000000	10.00000000	0.01144249	0.00000000
C29	c	0.15349790	0.28443677	0.22285227	2.00000000	10.00000000	0.02432208	0.00000000
C30	c	0.25618709	0.29449569	0.22567634	2.00000000	10.00000000	0.01013648	0.00000000

Q Vehicle fuel tank capacity /0.40000000/
C Vehicle load capacity /1.50000000/
r fuel consumption rate /0.25000000/
g inverse refueling rate /1.00000000/
v average Velocity /1.00000000/
