StringID	Type	x	y	demand	ReadyTime	DueDate	ServiceTime	altitude
D0	d	0.50000000	0.50000000	0.00000000	0.00000000	10.00000000	0.00000000	0.00000000
S0	f	0.14863494	0.32364376	0.00000000	0.00000000	10.00000000	0.00000000	0.00000000
S1	f	0.16825403	0.02639571	0.00000000	0.00000000	10.00000000	0.00000000	0.00000000
S2	f	0.99144557	0.74215490	0.00000000	0.00000000	10.00000000	0.00000000	0.00000000
S3	f	0.75690427	0.76089829	0.00000000	0.00000000	10.00000000	0.00000000	0.00000000
S4	f	0.83664907	0.62092542	0.00000000	0.00000000	10.00000000	0.00000000	0.00000000
S5	f	0.20776483	0.19602353	0.00000000	0.00000000	10.00000000	0.00000000	0.00000000
S6	f	0.75534984	0.65647225	0.00000000	0.00000000	10.00000000	0.00000000	0.00000000
S7	f	0.06200240	0.27153895	0.00000000	0.00000000	10.00000000	0.00000000	0.00000000
S8	f	0.09051577	0.38881127	0.00000000	0.00000000	10.00000000	0.00000000	0.00000000
S9	f	0.57207664	0.93017321	0.00000000	0.00000000	10.00000000	0.00000000	0.00000000
C1	c	0.10906636	0.48879332	0.03311283	0.00000000	8.00000000	0.01753274	0.00000000
C2	c	0.17515209	0.50302670	0.09781080	0.06000000	8.06000000	0.01645770	0.00000000
C3	c	0.11282546	0.54469865	0.15679473	0.12000000	8.12000000	0.02245059	0.00000000
C4	c	0.29267728	0.53758001	0.14403358	0.18000000	8.18000000	0.02309540	0.00000000
C5	c	0.28405546	0.48739963	0.15084813	0.24000000	8.24000000	0.02401557	0.00000000
C6	c	0.17317551	0.55353627	0.02893179	0.30000000	8.30000000	0.01640462	0.00000000
C7	c	0.22741445	0.53350688	0.03695530	0.36000000	8.36000000	0.01825930	0.00000000
C8	c	0.16108780	0.46580586	0.06420604	0.42000000	8.42000000	0.02454136	0.00000000
C9	c	0.16172517	0.59370269	0.15536817	0.48000000	8.48000000	0.01171743	0.00000000
C10	c	0.16211785	0.60071344	0.02104956	0.54000000	8.54000000	0.01181734	0.00000000
C11	c	0.14149554	0.46683337	0.11692890	0.60000000	8.60000000	0.01439337	0.00000000
C12	c	0.20168827	0.47618090	0.12393241	0.66000000	8.66000000	0.02539952	0.00000000
C13	c	0.16654750	0.55766751	0.03965897	0.72000000	8.72000000	0.01469945	0.00000000
C14	c	0.19749851	0.48439037	0.10432687	0.78000000	8.78000000	0.02652338	0.00000000
C15	c	0.14263046	0.84337987	0.03313022	0.84000000	8.84000000	0.01629744	0.00000000
C16	c	0.15407057	0.79533196	0.14786038	0.90000000	8.90000000	0.01142093	0.00000000
C17	c	0.05224455	0.87509867	0.13103338	0.96000000	8.96000000	0.02089522	0.00000000
C18	c	0.09305116	0.88591572	0.12125375	1.02000000	9.02000000	0.02228228	0.00000000
C19	c	0.12029990	0.75192105	0.13673096	1.08000000	9.08000000	0.01858326	0.00000000
C20	c	0.11929639	0.80769291	0.06850613	1.14000000	9.14000000	0.01124991	0.00000000
C21	c	0.00902256	0.80374035	0.06244369	1.20000000	9.20000000	0.01424193	0.00000000
C22	c	0.38553531	0.58737520	0.10348854	1.26000000	9.26000000	0.02182014	0.00000000
C23	c	0.49210473	0.63544537	0.01793187	1.32000000	9.32000000	0.01564871	0.00000000
C24	c	0.46470292	0.56159933	0.02489783	1.38000000	9.38000000	0.01442278	0.00000000
C25	c	0.44309516	0.60439753	0.05121363	1.44000000	9.44000000	0.01606992	0.00000000
C26	c	0.57791169	0.62344761	0.13712481	1.50000000	9.50000000	0.02795314	0.00000000
C27	c	0.46675292	0.50264858	0.12129513	1.56000000	9.56000000	0.02456456	0.00000000
C28	c	0.48356295	0.62840040	0.06737399	1.62000000	9.62000000	0.01799446	0.00000000
C29	c	0.12315618	0.29108768	0.10525533	1.68000000	9.68000000	0.01565285	0.00000000
C30	c	0.19938323	0.39992194	0.07641386	1.74000000	9.74000000	0.02108851	0.00000000
C31	c	0.15017495	0.25335316	0.06593867	1.80000000	9.80000000	0.02553523	0.00000000
C32	c	0.21070149	0.33896699	0.06279902	1.86000000	9.86000000	0.02059842	0.00000000
C33	c	0.15730927	0.27437023	0.04291641	1.92000000	9.92000000	0.02665070	0.00000000
C34	c	0.17504587	0.28612772	0.03469690	1.98000000	9.98000000	0.02318256	0.00000000
C35	c	0.18138993	0.36992009	0.15279747	2.00000000	10.00000000	0.02622065	0.00000000
C36	c	0.23137272	0.00713070	0.14230813	2.00000000	10.00000000	0.02156623	0.00000000
C37	c	0.06286749	0.00000000	0.07574069	2.00000000	10.00000000	0.01397501	0.00000000
C38	c	0.23916410	0.00000000	0.07688028	2.00000000	10.00000000	0.01426788	0.00000000
C39	c	0.20202783	0.00000000	0.13919775	2.00000000	10.00000000	0.02651773	0.00000000
C40	c	0.12773870	0.00000000	0.10806785	2.00000000	10.00000000	0.02262480	0.00000000
C41	c	0.12084033	0.13661762	0.06619362	2.00000000	10.00000000	0.02764942	0.00000000
C42	c	0.20370840	0.06273854	0.07148700	2.00000000	10.00000000	0.01896815	0.00000000
C43	c	0.51381806	0.40651839	0.12669059	2.00000000	10.00000000	0.01629510	0.00000000
C44	c	0.51229493	0.43179073	0.13730018	2.00000000	10.00000000	0.02697283	0.00000000
C45	c	0.53197642	0.45874767	0.05081723	2.00000000	10.00000000	0.01892959	0.00000000
C46	c	0.56049625	0.40300567	0.06216974	2.00000000	10.00000000	0.01157629	0.00000000
C47	c	0.61902207	0.02851037	0.05356022	2.00000000	10.00000000	0.02565941	0.00000000
C48	c	0.63143378	0.02495457	0.13116153	2.00000000	10.00000000	0.02981971	0.00000000
C49	c	0.72776082	0.00000000	0.15354185	2.00000000	10.00000000	0.01433814	0.00000000
C50	c	0.70173112	0.04283991	0.06582331	2.00000000	10.00000000	0.02149603	0.00000000

Q Vehicle fuel tank capacity /0.40000000/
C Vehicle load capacity /1.50000000/
r fuel consumption rate /0.25000000/
g inverse refueling rate /1.00000000/
v average Velocity /1.00000000/
