StringID	Type	x	y	demand	ReadyTime	DueDate	ServiceTime	altitude
D0	d	0.50000000	0.50000000	0.00000000	0.00000000	10.00000000	0.00000000	0.00000000
S0	f	0.75022393	0.34062161	0.00000000	0.00000000	10.00000000	0.00000000	0.00000000
S1	f	0.87554087	0.98662086	0.00000000	0.00000000	10.00000000	0.00000000	0.00000000
S2	f	0.58567250	0.73623009	0.00000000	0.00000000	10.00000000	0.00000000	0.00000000
S3	f	0.03405847	0.76993201	0.00000000	0.00000000	10.00000000	0.00000000	0.00000000
S4	f	0.30662030	0.12310218	0.00000000	0.00000000	10.00000000	0.00000000	0.00000000
S5	f	0.67200879	0.00076588	0.00000000	0.00000000	10.00000000	0.00000000	0.00000000
C1	c	0.76744722	0.23283814	0.18650183	0.00000000	8.00000000	0.02258572	0.00000000
C2	c	0.70333580	0.34081973	0.12718014	0.10000000	8.10000000	0.02818545	0.00000000
C3	c	0.68997318	0.36838353	0.03432433	0.20000000	8.20000000	0.01070974	0.00000000
C4	c	0.65304162	0.19845993	0.16423499	0.30000000	8.30000000	0.02093395	0.00000000
C5	c	0.79465109	0.29703819	0.03228696	0.40000000	8.40000000	0.02828223	0.00000000
C6	c	0.83146106	0.38341202	0.10336205	0.50000000	8.50000000	0.01735231	0.00000000
C7	c	0.55025519	0.08076885	0.13012118	0.60000000	8.60000000	0.01887501	0.00000000
C8	c	0.56656539	0.14580406	0.08363207	0.70000000	8.70000000	0.01551418	0.00000000
C9	c	0.65739273	0.12147424	0.20116253	0.80000000	8.80000000	0.01513278	0.00000000
C10	c	0.54829575	0.19315057	0.17970037	0.90000000	8.90000000	0.01797783	0.00000000
C11	c	0.50567010	0.23127647	0.15967383	1.00000000	9.00000000	0.01354213	0.00000000
C12	c	0.63727025	0.13621114	0.14658190	1.10000000	9.10000000	0.02820647	0.00000000
C13	c	0.59371319	0.12567263	0.20535581	1.20000000	9.20000000	0.02396228	0.00000000
C14	c	0.83680488	1.00000000	0.18044162	1.30000000	9.30000000	0.01964928	0.00000000
C15	c	0.81859153	0.97842359	0.13557717	1.40000000	9.40000000	0.02195899	0.00000000
C16	c	0.60178620	0.19835957	0.13543609	1.50000000	9.50000000	0.01825986	0.00000000
C17	c	0.58747630	0.22284963	0.19746772	1.60000000	9.60000000	0.02761301	0.00000000
C18	c	0.57743430	0.20099330	0.20919652	1.70000000	9.70000000	0.01365226	0.00000000
C19	c	0.54888923	0.15874836	0.19829312	1.80000000	9.80000000	0.02856586	0.00000000
C20	c	0.71519038	0.26178031	0.14970422	1.90000000	9.90000000	0.02136650	0.00000000
C21	c	0.61178507	0.22431942	0.15975842	2.00000000	10.00000000	0.02796829	0.00000000
C22	c	0.57140248	0.20172927	0.19661745	2.00000000	10.00000000	0.01959356	0.00000000
C23	c	0.57137920	0.27014990	0.05497760	2.00000000	10.00000000	0.01470414	0.00000000
C24	c	0.53083457	0.16241543	0.17825246	2.00000000	10.00000000	0.01315210	0.00000000
C25	c	0.52014744	0.27534022	0.18106600	2.00000000	10.00000000	0.01787325	0.00000000
C26	c	0.51447630	0.23323155	0.08294988	2.00000000	10.00000000	0.02253196	0.00000000
C27	c	0.52154739	0.29247084	0.16788623	2.00000000	10.00000000	0.01431114	0.00000000
C28	c	0.60376144	0.24462347	0.14354679	2.00000000	10.00000000	0.01822791	0.00000000
C29	c	0.52047754	0.26980129	0.20901623	2.00000000	10.00000000	0.01164283	0.00000000
C30	c	0.49702406	0.23793989	0.16569450	2.00000000	10.00000000	0.01731648	0.00000000

Q Vehicle fuel tank capacity /0.40000000/
C Vehicle load capacity /1.50000000/
r fuel consumption rate /0.25000000/
g inverse refueling rate /1.00000000/
v average Velocity /1.00000000/
