StringID	Type	x	y	demand	ReadyTime	DueDate	ServiceTime	altitude
D0	d	0.50000000	0.50000000	0.00000000	0.00000000	10.00000000	0.00000000	0.00000000
S0	f	0.05374062	0.72343726	0.00000000	0.00000000	10.00000000	0.00000000	0.00000000
S1	f	0.84759065	0.29145511	0.00000000	0.00000000	10.00000000	0.00000000	0.00000000
S2	f	0.19276050	0.64966272	0.00000000	0.00000000	10.00000000	0.00000000	0.00000000
S3	f	0.71313330	0.02128463	0.00000000	0.00000000	10.00000000	0.00000000	0.00000000
S4	f	0.75868018	0.23620519	0.00000000	0.00000000	10.00000000	0.00000000	0.00000000
S5	f	0.37309660	0.22105285	0.00000000	0.00000000	10.00000000	0.00000000	0.00000000
S6	f	0.25586835	0.81577167	0.00000000	0.00000000	10.00000000	0.00000000	0.00000000
S7	f	0.44197880	0.32101817	0.00000000	0.00000000	10.00000000	0.00000000	0.00000000
S8	f	0.43535545	0.09712436	0.00000000	0.00000000	10.00000000	0.00000000	0.00000000
S9	f	0.42066657	0.90787325	0.00000000	0.00000000	10.00000000	0.00000000	0.00000000
C1	c	0.34418432	0.51643481	0.16605304	0.00000000	8.00000000	0.01799497	0.00000000
C2	c	0.36013462	0.41039340	0.09923947	0.06000000	8.06000000	0.01759653	0.00000000
C3	c	0.32465059	0.38749442	0.09735331	0.12000000	8.12000000	0.02896645	0.00000000
C4	c	0.38415094	0.37724332	0.06971847	0.18000000	8.18000000	0.02687082	0.00000000
C5	c	0.38618526	0.52643865	0.08875803	0.24000000	8.24000000	0.01139339	0.00000000
C6	c	0.30148816	0.40133255	0.04135837	0.30000000	8.30000000	0.02110856	0.00000000
C7	c	0.31639259	0.44218351	0.07055165	0.36000000	8.36000000	0.02151716	0.00000000
C8	c	0.31684454	0.41008901	0.02442755	0.42000000	8.42000000	0.02895876	0.00000000
C9	c	0.27761449	0.46162281	0.01977667	0.48000000	8.48000000	0.01047374	0.00000000
C10	c	0.39112011	0.48267823	0.06418989	0.54000000	8.54000000	0.01401384	0.00000000
C11	c	0.08696343	0.76152562	0.13544629	0.60000000	8.60000000	0.02751982	0.00000000
C12	c	0.07176773	0.63650285	0.04389030	0.66000000	8.66000000	0.02870529	0.00000000
C13	c	0.00000000	0.65232627	0.08614749	0.72000000	8.72000000	0.01047395	0.00000000
C14	c	0.02037064	0.68822428	0.14880271	0.78000000	8.78000000	0.01260306	0.00000000
C15	c	0.07884744	0.69108543	0.13556962	0.84000000	8.84000000	0.01555616	0.00000000
C16	c	0.08431733	0.27022125	0.06534418	0.90000000	8.90000000	0.02187011	0.00000000
C17	c	0.11354484	0.25558910	0.12480818	0.96000000	8.96000000	0.02089707	0.00000000
C18	c	0.05370370	0.24022142	0.06109392	1.02000000	9.02000000	0.01590289	0.00000000
C19	c	0.00020493	0.18569627	0.01875162	1.08000000	9.08000000	0.01080695	0.00000000
C20	c	0.03557421	0.26111400	0.11270042	1.14000000	9.14000000	0.01148823	0.00000000
C21	c	0.13966287	0.98313751	0.17141130	1.20000000	9.20000000	0.01693140	0.00000000
C22	c	0.23092842	0.89956973	0.05551930	1.26000000	9.26000000	0.01446802	0.00000000
C23	c	0.22778398	1.00000000	0.04756836	1.32000000	9.32000000	0.02823276	0.00000000
C24	c	0.13059631	0.93855863	0.17762141	1.38000000	9.38000000	0.02393567	0.00000000
C25	c	0.18886957	0.90306859	0.11065115	1.44000000	9.44000000	0.02643242	0.00000000
C26	c	0.22023189	1.00000000	0.10505032	1.50000000	9.50000000	0.02547011	0.00000000
C27	c	0.19082349	0.93388275	0.06259669	1.56000000	9.56000000	0.01291872	0.00000000
C28	c	0.14101907	1.00000000	0.10895051	1.62000000	9.62000000	0.02878825	0.00000000
C29	c	0.88667810	0.05550822	0.01437916	1.68000000	9.68000000	0.02696261	0.00000000
C30	c	0.82667918	0.13378552	0.16981804	1.74000000	9.74000000	0.02978455	0.00000000
C31	c	0.85740656	0.00000000	0.12889986	1.80000000	9.80000000	0.01019346	0.00000000
C32	c	0.81779995	0.03467410	0.14711295	1.86000000	9.86000000	0.01905317	0.00000000
C33	c	0.85746144	0.02987726	0.05940877	1.92000000	9.92000000	0.02890083	0.00000000
C34	c	0.90441230	0.00000000	0.11388533	1.98000000	9.98000000	0.01630841	0.00000000
C35	c	0.82513833	0.09911818	0.04159997	2.00000000	10.00000000	0.01591024	0.00000000
C36	c	0.76579501	0.07066364	0.05490578	2.00000000	10.00000000	0.02913568	0.00000000
C37	c	0.88685729	0.05531075	0.02731178	2.00000000	10.00000000	0.02188617	0.00000000
C38	c	0.26261168	0.13571052	0.01693703	2.00000000	10.00000000	0.02229829	0.00000000
C39	c	0.31412544	0.14956265	0.13649477	2.00000000	10.00000000	0.01086535	0.00000000
C40	c	0.39652539	0.13578470	0.05535071	2.00000000	10.00000000	0.01419670	0.00000000
C41	c	0.00824078	0.58330426	0.10639045	2.00000000	10.00000000	0.01913810	0.00000000
C42	c	0.01533399	0.48123667	0.07491919	2.00000000	10.00000000	0.01702693	0.00000000
C43	c	0.00000000	0.53561786	0.07385297	2.00000000	10.00000000	0.02628675	0.00000000
C44	c	0.06286407	0.51733500	0.16538516	2.00000000	10.00000000	0.02091449	0.00000000
C45	c	0.02951326	0.59384187	0.01260544	2.00000000	10.00000000	0.02226454	0.00000000
C46	c	0.09489193	0.49318372	0.13527934	2.00000000	10.00000000	0.01252459	0.00000000
C47	c	0.02245825	0.60645265	0.13128493	2.00000000	10.00000000	0.02916460	0.00000000
C48	c	0.08247188	0.61277498	0.13863019	2.00000000	10.00000000	0.02941001	0.00000000
C49	c	0.04863876	0.54615351	0.11509896	2.00000000	10.00000000	0.01361256	0.00000000
C50	c	0.09199225	0.62742364	0.06709901	2.00000000	10.00000000	0.02728899	0.00000000

Q Vehicle fuel tank capacity /0.40000000/
C Vehicle load capacity /1.50000000/
r fuel consumption rate /0.25000000/
g inverse refueling rate /1.00000000/
v average Velocity /1.00000000/
