StringID	Type	x	y	demand	ReadyTime	DueDate	ServiceTime	altitude
D0	d	0.50000000	0.50000000	0.00000000	0.00000000	10.00000000	0.00000000	0.00000000
S0	f	0.52306311	0.99025425	0.00000000	0.00000000	10.00000000	0.00000000	0.00000000
S1	f	0.66264447	0.73014228	0.00000000	0.00000000	10.00000000	0.00000000	0.00000000
S2	f	0.52467276	0.10333580	0.00000000	0.00000000	10.00000000	0.00000000	0.00000000
S3	f	0.05652928	0.45420427	0.00000000	0.00000000	10.00000000	0.00000000	0.00000000
S4	f	0.70820757	0.14113002	0.00000000	0.00000000	10.00000000	0.00000000	0.00000000
S5	f	0.16845211	0.06371495	0.00000000	0.00000000	10.00000000	0.00000000	0.00000000
C1	c	0.46162072	0.97874365	0.07470373	0.00000000	8.00000000	0.01565076	0.00000000
C2	c	0.47399912	0.97116381	0.13070064	0.10000000	8.10000000	0.01581045	0.00000000
C3	c	0.64351074	0.92198097	0.26008445	0.20000000	8.20000000	0.01406472	0.00000000
C4	c	0.60072310	1.00000000	0.02252678	0.30000000	8.30000000	0.01801866	0.00000000
C5	c	0.57347496	1.00000000	0.23202030	0.40000000	8.40000000	0.01275048	0.00000000
C6	c	0.45081782	1.00000000	0.22097016	0.50000000	8.50000000	0.02039111	0.00000000
C7	c	0.54347900	0.24246871	0.22138092	0.60000000	8.60000000	0.01192887	0.00000000
C8	c	0.64095316	0.29950580	0.07604429	0.70000000	8.70000000	0.02047556	0.00000000
C9	c	0.57966946	0.31368557	0.13083440	0.80000000	8.80000000	0.01197000	0.00000000
C10	c	0.63577723	0.77087126	0.22822548	0.90000000	8.90000000	0.02181421	0.00000000
C11	c	0.65667318	0.77152933	0.21886151	1.00000000	9.00000000	0.01646398	0.00000000
C12	c	0.68767336	0.76689018	0.07990162	1.10000000	9.10000000	0.01149724	0.00000000
C13	c	0.69848533	0.75305739	0.19718789	1.20000000	9.20000000	0.01253069	0.00000000
C14	c	0.68681109	0.99349253	0.11895036	1.30000000	9.30000000	0.01298033	0.00000000
C15	c	0.75059211	1.00000000	0.02661086	1.40000000	9.40000000	0.02308414	0.00000000
C16	c	0.68553437	1.00000000	0.22107765	1.50000000	9.50000000	0.01918997	0.00000000
C17	c	0.78728517	1.00000000	0.11725194	1.60000000	9.60000000	0.01679819	0.00000000
C18	c	0.74292472	0.99834610	0.18630897	1.70000000	9.70000000	0.02589525	0.00000000
C19	c	0.71754080	1.00000000	0.11834759	1.80000000	9.80000000	0.02557070	0.00000000
C20	c	0.74865130	0.97648467	0.15201538	1.90000000	9.90000000	0.01233708	0.00000000
C21	c	0.78312424	1.00000000	0.25192905	2.00000000	10.00000000	0.02337607	0.00000000
C22	c	0.42013940	0.49839719	0.12189332	2.00000000	10.00000000	0.02548637	0.00000000
C23	c	0.30141646	0.51584883	0.22177905	2.00000000	10.00000000	0.01258584	0.00000000
C24	c	0.36750662	0.56292075	0.23594223	2.00000000	10.00000000	0.02271190	0.00000000
C25	c	0.35022717	0.61576036	0.02167569	2.00000000	10.00000000	0.02534433	0.00000000
C26	c	0.30682739	0.60575895	0.18873051	2.00000000	10.00000000	0.02218022	0.00000000
C27	c	0.38205176	0.45779969	0.03719243	2.00000000	10.00000000	0.01284493	0.00000000
C28	c	0.32454095	0.59811531	0.22337962	2.00000000	10.00000000	0.02583016	0.00000000
C29	c	0.36944114	0.56875708	0.09305871	2.00000000	10.00000000	0.02999142	0.00000000
C30	c	0.35966457	0.52655880	0.07041447	2.00000000	10.00000000	0.02588196	0.00000000

Q Vehicle fuel tank capacity /0.40000000/
C Vehicle load capacity /1.50000000/
r fuel consumption rate /0.25000000/
g inverse refueling rate /1.00000000/
v average Velocity /1.00000000/
