StringID	Type	x	y	demand	ReadyTime	DueDate	ServiceTime	altitude
D0	d	0.50000000	0.50000000	0.00000000	0.00000000	10.00000000	0.00000000	0.00000000
S0	f	0.73361392	0.26457366	0.00000000	0.00000000	10.00000000	0.00000000	0.00000000
S1	f	0.25175366	0.74665263	0.00000000	0.00000000	10.00000000	0.00000000	0.00000000
S2	f	0.62817797	0.13794931	0.00000000	0.00000000	10.00000000	0.00000000	0.00000000
S3	f	0.95590692	0.61580878	0.00000000	0.00000000	10.00000000	0.00000000	0.00000000
S4	f	0.94187252	0.09187132	0.00000000	0.00000000	10.00000000	0.00000000	0.00000000
S5	f	0.61288491	0.47089180	0.00000000	0.00000000	10.00000000	0.00000000	0.00000000
C1	c	0.17312427	0.00000000	0.08920530	0.00000000	8.00000000	0.02644641	0.00000000
C2	c	0.12291806	0.02241149	0.13986135	0.10000000	8.10000000	0.02968856	0.00000000
C3	c	0.20321467	0.00000000	0.20204700	0.20000000	8.20000000	0.02187004	0.00000000
C4	c	0.06479540	0.00000000	0.23911153	0.30000000	8.30000000	0.02056499	0.00000000
C5	c	0.19854273	0.00000000	0.14085030	0.40000000	8.40000000	0.01604935	0.00000000
C6	c	0.13626787	0.00000000	0.05971957	0.50000000	8.50000000	0.02492579	0.00000000
C7	c	0.03883629	0.01356361	0.05763172	0.60000000	8.60000000	0.01248055	0.00000000
C8	c	0.69844520	0.31622134	0.18943436	0.70000000	8.70000000	0.01653490	0.00000000
C9	c	0.68114312	0.30812162	0.23074319	0.80000000	8.80000000	0.02876933	0.00000000
C10	c	0.12401513	0.88840403	0.04003011	0.90000000	8.90000000	0.02862511	0.00000000
C11	c	0.20404144	0.88279600	0.25769365	1.00000000	9.00000000	0.02696392	0.00000000
C12	c	0.14550252	0.93623007	0.03685088	1.10000000	9.10000000	0.02708597	0.00000000
C13	c	0.21023692	0.85061965	0.15395255	1.20000000	9.20000000	0.02215884	0.00000000
C14	c	0.19756632	0.94375842	0.11851278	1.30000000	9.30000000	0.02058747	0.00000000
C15	c	0.10262835	0.83359819	0.17307192	1.40000000	9.40000000	0.01070969	0.00000000
C16	c	0.55916635	0.03340795	0.07556661	1.50000000	9.50000000	0.02046656	0.00000000
C17	c	0.60210832	0.05504163	0.21812969	1.60000000	9.60000000	0.02511112	0.00000000
C18	c	0.49878757	0.00290925	0.21113827	1.70000000	9.70000000	0.02801820	0.00000000
C19	c	0.66167595	0.01363671	0.22697357	1.80000000	9.80000000	0.02907875	0.00000000
C20	c	0.62123206	0.05306347	0.20235906	1.90000000	9.90000000	0.02429426	0.00000000
C21	c	0.59229684	0.05214008	0.13867275	2.00000000	10.00000000	0.02527327	0.00000000
C22	c	0.53087878	0.04306348	0.18088662	2.00000000	10.00000000	0.01880855	0.00000000
C23	c	0.65023742	0.06779622	0.12123607	2.00000000	10.00000000	0.02424620	0.00000000
C24	c	0.54335834	0.10132033	0.24773775	2.00000000	10.00000000	0.02874437	0.00000000
C25	c	0.34825034	0.10777888	0.19782234	2.00000000	10.00000000	0.01014859	0.00000000
C26	c	0.41173835	0.10371881	0.03933214	2.00000000	10.00000000	0.01694517	0.00000000
C27	c	0.28201556	0.11693439	0.15915392	2.00000000	10.00000000	0.01809034	0.00000000
C28	c	0.35120167	0.12057045	0.11576939	2.00000000	10.00000000	0.01682467	0.00000000
C29	c	0.33052525	0.12944976	0.14347992	2.00000000	10.00000000	0.02606999	0.00000000
C30	c	0.37558180	0.24531544	0.09302568	2.00000000	10.00000000	0.02905134	0.00000000

Q Vehicle fuel tank capacity /0.40000000/
C Vehicle load capacity /1.50000000/
r fuel consumption rate /0.25000000/
g inverse refueling rate /1.00000000/
v average Velocity /1.00000000/
