StringID	Type	x	y	demand	ReadyTime	DueDate	ServiceTime	altitude
D0	d	0.50000000	0.50000000	0.00000000	0.00000000	10.00000000	0.00000000	0.00000000
S0	f	0.13058406	0.67890599	0.00000000	0.00000000	10.00000000	0.00000000	0.00000000
S1	f	0.04985855	0.40157984	0.00000000	0.00000000	10.00000000	0.00000000	0.00000000
S2	f	0.24069873	0.95372457	0.00000000	0.00000000	10.00000000	0.00000000	0.00000000
S3	f	0.14301214	0.48776519	0.00000000	0.00000000	10.00000000	0.00000000	0.00000000
S4	f	0.82348453	0.65298067	0.00000000	0.00000000	10.00000000	0.00000000	0.00000000
S5	f	0.92165605	0.78066552	0.00000000	0.00000000	10.00000000	0.00000000	0.00000000
C1	c	0.80367222	0.10940342	0.04745941	0.00000000	8.00000000	0.02643310	0.00000000
C2	c	0.84795814	0.20334288	0.15329742	0.10000000	8.10000000	0.01139852	0.00000000
C3	c	0.77134694	0.20660969	0.26453644	0.20000000	8.20000000	0.01848333	0.00000000
C4	c	0.37132806	0.43283623	0.03524356	0.30000000	8.30000000	0.02519297	0.00000000
C5	c	0.40099904	0.47899324	0.29186558	0.40000000	8.40000000	0.01808901	0.00000000
C6	c	0.28319014	0.48332312	0.03329237	0.50000000	8.50000000	0.02888638	0.00000000
C7	c	0.37135587	0.43176318	0.21878527	0.60000000	8.60000000	0.02430367	0.00000000
C8	c	0.35372940	0.46708380	0.10923225	0.70000000	8.70000000	0.01864079	0.00000000
C9	c	0.24134674	0.40654169	0.28504749	0.80000000	8.80000000	0.02015990	0.00000000
C10	c	0.43014052	0.68340397	0.02532287	0.90000000	8.90000000	0.01750734	0.00000000
C11	c	0.52234111	0.65802628	0.18901005	1.00000000	9.00000000	0.02431772	0.00000000
C12	c	0.53929155	0.59704667	0.19215975	1.10000000	9.10000000	0.02918824	0.00000000
C13	c	0.44872622	0.62513737	0.12469306	1.20000000	9.20000000	0.02620088	0.00000000
C14	c	0.55624796	0.68735368	0.11637421	1.30000000	9.30000000	0.02130830	0.00000000
C15	c	0.65357800	0.38364875	0.20347752	1.40000000	9.40000000	0.02289421	0.00000000
C16	c	0.68352238	0.30571325	0.13197113	1.50000000	9.50000000	0.02386825	0.00000000
C17	c	0.80581002	0.39749181	0.02870901	1.60000000	9.60000000	0.01205900	0.00000000
C18	c	0.71858109	0.42943971	0.21263331	1.70000000	9.70000000	0.02241626	0.00000000
C19	c	0.62184796	0.37384823	0.04422510	1.80000000	9.80000000	0.02207839	0.00000000
C20	c	0.62893907	0.41891839	0.08139053	1.90000000	9.90000000	0.01293091	0.00000000
C21	c	0.76718420	0.36376348	0.11728619	2.00000000	10.00000000	0.01309049	0.00000000
C22	c	0.66165316	0.38918651	0.03856374	2.00000000	10.00000000	0.01108531	0.00000000
C23	c	0.56570277	0.35617475	0.06057855	2.00000000	10.00000000	0.01194908	0.00000000
C24	c	0.68670179	0.34265601	0.23669923	2.00000000	10.00000000	0.02338752	0.00000000
C25	c	0.68009046	0.30456130	0.24401741	2.00000000	10.00000000	0.01207602	0.00000000
C26	c	0.08274352	0.72457613	0.17982703	2.00000000	10.00000000	0.02860039	0.00000000
C27	c	0.21596863	0.68964233	0.27567492	2.00000000	10.00000000	0.02110565	0.00000000
C28	c	0.15276483	0.71897707	0.29911156	2.00000000	10.00000000	0.02872926	0.00000000
C29	c	0.09808954	0.64762971	0.12612712	2.00000000	10.00000000	0.02479161	0.00000000
C30	c	0.16559132	0.73780591	0.13338793	2.00000000	10.00000000	0.01725516	0.00000000

Q Vehicle fuel tank capacity /0.40000000/
C Vehicle load capacity /1.50000000/
r fuel consumption rate /0.25000000/
g inverse refueling rate /1.00000000/
v average Velocity /1.00000000/
