StringID	Type	x	y	demand	ReadyTime	DueDate	ServiceTime	altitude
D0	d	0.50000000	0.50000000	0.00000000	0.00000000	10.00000000	0.00000000	0.00000000
S0	f	0.25962455	0.70064688	0.00000000	0.00000000	10.00000000	0.00000000	0.00000000
S1	f	0.05363287	0.13741419	0.00000000	0.00000000	10.00000000	0.00000000	0.00000000
S2	f	0.40825472	0.00785678	0.00000000	0.00000000	10.00000000	0.00000000	0.00000000
S3	f	0.37400016	0.28603973	0.00000000	0.00000000	10.00000000	0.00000000	0.00000000
S4	f	0.32335548	0.94354440	0.00000000	0.00000000	10.00000000	0.00000000	0.00000000
S5	f	0.43000916	0.68546901	0.00000000	0.00000000	10.00000000	0.00000000	0.00000000
C1	c	1.00000000	0.16653272	0.25196934	0.00000000	8.00000000	0.01648228	0.00000000
C2	c	0.92266912	0.09406710	0.08101716	0.10000000	8.10000000	0.02256896	0.00000000
C3	c	0.93735584	0.16620098	0.06381630	0.20000000	8.20000000	0.01289382	0.00000000
C4	c	0.35492108	0.46081070	0.24278310	0.30000000	8.30000000	0.01463345	0.00000000
C5	c	0.41722851	0.47539678	0.25658515	0.40000000	8.40000000	0.01539647	0.00000000
C6	c	0.41205845	0.54136870	0.03875566	0.50000000	8.50000000	0.02210809	0.00000000
C7	c	0.37368724	0.46512307	0.02751314	0.60000000	8.60000000	0.02420674	0.00000000
C8	c	0.31008102	0.64563394	0.19244297	0.70000000	8.70000000	0.02113187	0.00000000
C9	c	0.23580139	0.59852301	0.22096635	0.80000000	8.80000000	0.01753256	0.00000000
C10	c	0.27932613	0.60326299	0.26735003	0.90000000	8.90000000	0.02664941	0.00000000
C11	c	0.24940031	0.64575325	0.03653277	1.00000000	9.00000000	0.01939332	0.00000000
C12	c	0.25521696	0.75022831	0.18696558	1.10000000	9.10000000	0.01139471	0.00000000
C13	c	0.19592667	0.66403793	0.27715334	1.20000000	9.20000000	0.01389824	0.00000000
C14	c	0.24734010	0.74142565	0.23613584	1.30000000	9.30000000	0.01418546	0.00000000
C15	c	0.60806427	0.10121076	0.26900967	1.40000000	9.40000000	0.01250417	0.00000000
C16	c	0.57838694	0.16151161	0.14299365	1.50000000	9.50000000	0.01846441	0.00000000
C17	c	0.59287970	0.19375372	0.02565151	1.60000000	9.60000000	0.02889427	0.00000000
C18	c	0.24350134	0.39777584	0.11640591	1.70000000	9.70000000	0.01970742	0.00000000
C19	c	0.35075258	0.42671109	0.20252223	1.80000000	9.80000000	0.01439182	0.00000000
C20	c	0.27435505	0.49037555	0.05568671	1.90000000	9.90000000	0.01700431	0.00000000
C21	c	0.32963922	0.46713701	0.03106427	2.00000000	10.00000000	0.02855422	0.00000000
C22	c	0.29667328	0.49212133	0.20965724	2.00000000	10.00000000	0.02871998	0.00000000
C23	c	0.33288813	0.34666848	0.06797505	2.00000000	10.00000000	0.02793361	0.00000000
C24	c	0.24993184	0.43712362	0.06661435	2.00000000	10.00000000	0.01037165	0.00000000
C25	c	0.30298246	0.44643898	0.10787842	2.00000000	10.00000000	0.02353824	0.00000000
C26	c	0.25034398	0.41001482	0.22330370	2.00000000	10.00000000	0.01348243	0.00000000
C27	c	0.26627386	0.44550551	0.21956731	2.00000000	10.00000000	0.02834783	0.00000000
C28	c	0.30204115	0.42059299	0.26090800	2.00000000	10.00000000	0.02119225	0.00000000
C29	c	0.26524004	0.52818115	0.03803906	2.00000000	10.00000000	0.02324110	0.00000000
C30	c	0.21819339	0.53959925	0.08273618	2.00000000	10.00000000	0.02634350	0.00000000

Q Vehicle fuel tank capacity /0.40000000/
C Vehicle load capacity /1.50000000/
r fuel consumption rate /0.25000000/
g inverse refueling rate /1.00000000/
v average Velocity /1.00000000/
