StringID	Type	x	y	demand	ReadyTime	DueDate	ServiceTime	altitude
D0	d	0.50000000	0.50000000	0.00000000	0.00000000	10.00000000	0.00000000	0.00000000
S0	f	0.93711252	0.18798867	0.00000000	0.00000000	10.00000000	0.00000000	0.00000000
S1	f	0.78462431	0.04878087	0.00000000	0.00000000	10.00000000	0.00000000	0.00000000
S2	f	0.13798094	0.68584133	0.00000000	0.00000000	10.00000000	0.00000000	0.00000000
S3	f	0.45499731	0.91872254	0.00000000	0.00000000	10.00000000	0.00000000	0.00000000
S4	f	0.21057284	0.85234122	0.00000000	0.00000000	10.00000000	0.00000000	0.00000000
S5	f	0.49346533	0.95213078	0.00000000	0.00000000	10.00000000	0.00000000	0.00000000
C1	c	0.31050565	0.77693084	0.02439568	0.00000000	8.00000000	0.01624424	0.00000000
C2	c	0.30388005	0.87408051	0.04992170	0.10000000	8.10000000	0.01409618	0.00000000
C3	c	0.37524155	0.84177671	0.21345969	0.20000000	8.20000000	0.02780231	0.00000000
C4	c	0.35614004	0.90806815	0.24218858	0.30000000	8.30000000	0.02776771	0.00000000
C5	c	0.38454742	0.85481807	0.09785521	0.40000000	8.40000000	0.02692081	0.00000000
C6	c	0.36416452	0.87005123	0.11190383	0.50000000	8.50000000	0.02531483	0.00000000
C7	c	0.26353818	0.78548876	0.15325460	0.60000000	8.60000000	0.01630890	0.00000000
C8	c	0.41142065	0.80678411	0.16639387	0.70000000	8.70000000	0.02821998	0.00000000
C9	c	0.37336673	0.42487027	0.25934182	0.80000000	8.80000000	0.01422436	0.00000000
C10	c	0.31515162	0.44789524	0.23697100	0.90000000	8.90000000	0.02546808	0.00000000
C11	c	0.89900048	0.21724232	0.10610184	1.00000000	9.00000000	0.02232962	0.00000000
C12	c	0.83063015	0.12169451	0.26129009	1.10000000	9.10000000	0.01071649	0.00000000
C13	c	0.86525280	0.14384216	0.19904056	1.20000000	9.20000000	0.01494912	0.00000000
C14	c	0.84813497	0.27756720	0.16605906	1.30000000	9.30000000	0.02880228	0.00000000
C15	c	0.44391809	0.04669464	0.21687034	1.40000000	9.40000000	0.01232502	0.00000000
C16	c	0.50595790	0.11697579	0.19035359	1.50000000	9.50000000	0.01486384	0.00000000
C17	c	0.45490034	0.11894927	0.09725573	1.60000000	9.60000000	0.02401277	0.00000000
C18	c	0.45076029	0.06814243	0.27624897	1.70000000	9.70000000	0.01141899	0.00000000
C19	c	0.43885321	0.09161097	0.09145632	1.80000000	9.80000000	0.02564308	0.00000000
C20	c	0.45981644	0.07386645	0.19885091	1.90000000	9.90000000	0.02221494	0.00000000
C21	c	0.40438700	0.06483493	0.02810115	2.00000000	10.00000000	0.02288297	0.00000000
C22	c	0.43234461	0.02856877	0.11546547	2.00000000	10.00000000	0.01164098	0.00000000
C23	c	0.55041104	0.03906479	0.11068927	2.00000000	10.00000000	0.02933198	0.00000000
C24	c	0.89074573	0.16954914	0.06523800	2.00000000	10.00000000	0.01316594	0.00000000
C25	c	0.98895033	0.25204025	0.03463224	2.00000000	10.00000000	0.01954952	0.00000000
C26	c	0.86317784	0.24443928	0.06608618	2.00000000	10.00000000	0.01895881	0.00000000
C27	c	0.91639612	0.13589391	0.09261869	2.00000000	10.00000000	0.02329017	0.00000000
C28	c	0.95241719	0.10615014	0.19045862	2.00000000	10.00000000	0.02494422	0.00000000
C29	c	1.00000000	0.22030908	0.16985025	2.00000000	10.00000000	0.02872822	0.00000000
C30	c	1.00000000	0.15430244	0.26764675	2.00000000	10.00000000	0.01379958	0.00000000

Q Vehicle fuel tank capacity /0.40000000/
C Vehicle load capacity /1.50000000/
r fuel consumption rate /0.25000000/
g inverse refueling rate /1.00000000/
v average Velocity /1.00000000/
