StringID	Type	x	y	demand	ReadyTime	DueDate	ServiceTime	altitude
D0	d	0.50000000	0.50000000	0.00000000	0.00000000	10.00000000	0.00000000	0.00000000
S0	f	0.33864440	0.42517304	0.00000000	0.00000000	10.00000000	0.00000000	0.00000000
S1	f	0.62220678	0.45313282	0.00000000	0.00000000	10.00000000	0.00000000	0.00000000
S2	f	0.22244955	0.96194072	0.00000000	0.00000000	10.00000000	0.00000000	0.00000000
S3	f	0.79600287	0.46248850	0.00000000	0.00000000	10.00000000	0.00000000	0.00000000
S4	f	0.58356861	0.16819918	0.00000000	0.00000000	10.00000000	0.00000000	0.00000000
S5	f	0.34221024	0.16679456	0.00000000	0.00000000	10.00000000	0.00000000	0.00000000
S6	f	0.83820102	0.21948575	0.00000000	0.00000000	10.00000000	0.00000000	0.00000000
S7	f	0.87149100	0.19029017	0.00000000	0.00000000	10.00000000	0.00000000	0.00000000
S8	f	0.94842083	0.19498596	0.00000000	0.00000000	10.00000000	0.00000000	0.00000000
S9	f	0.79642451	0.58544185	0.00000000	0.00000000	10.00000000	0.00000000	0.00000000
C1	c	0.98752439	0.93305659	0.05247542	0.00000000	8.00000000	0.01421138	0.00000000
C2	c	1.00000000	1.00000000	0.12608816	0.06000000	8.06000000	0.02962242	0.00000000
C3	c	0.94815904	0.98715082	0.07275820	0.12000000	8.12000000	0.02815048	0.00000000
C4	c	0.98507021	0.97144585	0.14260068	0.18000000	8.18000000	0.02738477	0.00000000
C5	c	1.00000000	0.96022813	0.12521953	0.24000000	8.24000000	0.02059508	0.00000000
C6	c	0.94458764	0.92680503	0.12252515	0.30000000	8.30000000	0.01814031	0.00000000
C7	c	0.96760568	0.98269358	0.02313551	0.36000000	8.36000000	0.01420841	0.00000000
C8	c	0.93298225	0.96242340	0.10115060	0.42000000	8.42000000	0.01476144	0.00000000
C9	c	0.98248716	0.90997370	0.08516555	0.48000000	8.48000000	0.01267782	0.00000000
C10	c	0.93192088	1.00000000	0.05603251	0.54000000	8.54000000	0.02384584	0.00000000
C11	c	0.95806124	0.90410244	0.09490222	0.60000000	8.60000000	0.02979761	0.00000000
C12	c	1.00000000	1.00000000	0.14043976	0.66000000	8.66000000	0.01902633	0.00000000
C13	c	0.53240629	0.63568827	0.06205996	0.72000000	8.72000000	0.01467473	0.00000000
C14	c	0.49102013	0.69056357	0.09097583	0.78000000	8.78000000	0.02061736	0.00000000
C15	c	0.61110049	0.69566238	0.08854667	0.84000000	8.84000000	0.01552003	0.00000000
C16	c	0.59046409	0.68688801	0.10439185	0.90000000	8.90000000	0.02143053	0.00000000
C17	c	0.00000000	0.39444482	0.07025654	0.96000000	8.96000000	0.02014468	0.00000000
C18	c	0.08732094	0.31372805	0.14994277	1.02000000	9.02000000	0.01192700	0.00000000
C19	c	0.10248810	0.30571694	0.15034343	1.08000000	9.08000000	0.01569508	0.00000000
C20	c	0.19300254	0.35976435	0.13400574	1.14000000	9.14000000	0.02216052	0.00000000
C21	c	0.06702744	0.36839286	0.09420332	1.20000000	9.20000000	0.02774904	0.00000000
C22	c	0.07592644	0.39289535	0.09439992	1.26000000	9.26000000	0.02931251	0.00000000
C23	c	0.08371658	0.32995458	0.05035408	1.32000000	9.32000000	0.01822374	0.00000000
C24	c	0.05437369	0.31746600	0.08034903	1.38000000	9.38000000	0.01072638	0.00000000
C25	c	0.09424751	0.31328793	0.07148284	1.44000000	9.44000000	0.02112266	0.00000000
C26	c	0.53459283	0.41795419	0.14598342	1.50000000	9.50000000	0.02576415	0.00000000
C27	c	0.50836373	0.44255922	0.14183138	1.56000000	9.56000000	0.02221681	0.00000000
C28	c	0.55224633	0.32358662	0.05931188	1.62000000	9.62000000	0.02291149	0.00000000
C29	c	0.53053479	0.35922941	0.08513000	1.68000000	9.68000000	0.01016930	0.00000000
C30	c	0.55468479	0.32992600	0.09863341	1.74000000	9.74000000	0.02958052	0.00000000
C31	c	1.00000000	0.00000000	0.03533782	1.80000000	9.80000000	0.01449230	0.00000000
C32	c	0.96607627	0.00937547	0.03578796	1.86000000	9.86000000	0.01743798	0.00000000
C33	c	1.00000000	0.00000000	0.06860654	1.92000000	9.92000000	0.02964931	0.00000000
C34	c	0.90238666	0.06207343	0.12851977	1.98000000	9.98000000	0.01320689	0.00000000
C35	c	1.00000000	0.08888814	0.13734555	2.00000000	10.00000000	0.02601256	0.00000000
C36	c	0.94277953	0.00000000	0.05772933	2.00000000	10.00000000	0.02717673	0.00000000
C37	c	0.94938974	0.03585375	0.13362980	2.00000000	10.00000000	0.02441620	0.00000000
C38	c	1.00000000	0.02588561	0.11094796	2.00000000	10.00000000	0.02770353	0.00000000
C39	c	0.06067030	0.21780055	0.03871241	2.00000000	10.00000000	0.01870946	0.00000000
C40	c	0.09951480	0.09856854	0.09469380	2.00000000	10.00000000	0.01725076	0.00000000
C41	c	0.14205343	0.23237436	0.06803974	2.00000000	10.00000000	0.02566065	0.00000000
C42	c	0.00295366	0.22384781	0.03362993	2.00000000	10.00000000	0.02204046	0.00000000
C43	c	0.07376915	0.08920331	0.10583949	2.00000000	10.00000000	0.01290113	0.00000000
C44	c	0.09077236	0.95968347	0.03714525	2.00000000	10.00000000	0.02877775	0.00000000
C45	c	0.00000000	0.94966596	0.06222593	2.00000000	10.00000000	0.02907986	0.00000000
C46	c	0.06412125	0.93763246	0.02642528	2.00000000	10.00000000	0.01848519	0.00000000
C47	c	0.00000000	0.93754763	0.12943416	2.00000000	10.00000000	0.01708192	0.00000000
C48	c	0.00000000	0.95849397	0.08962400	2.00000000	10.00000000	0.02895595	0.00000000
C49	c	0.00000000	0.99107707	0.12467395	2.00000000	10.00000000	0.01730419	0.00000000
C50	c	0.07150610	0.92799643	0.06695596	2.00000000	10.00000000	0.01866207	0.00000000

Q Vehicle fuel tank capacity /0.40000000/
C Vehicle load capacity /1.50000000/
r fuel consumption rate /0.25000000/
g inverse refueling rate /1.00000000/
v average Velocity /1.00000000/
