StringID	Type	x	y	demand	ReadyTime	DueDate	ServiceTime	altitude
D0	d	0.50000000	0.50000000	0.00000000	0.00000000	10.00000000	0.00000000	0.00000000
S0	f	0.97249892	0.84660715	0.00000000	0.00000000	10.00000000	0.00000000	0.00000000
S1	f	0.91744063	0.09569313	0.00000000	0.00000000	10.00000000	0.00000000	0.00000000
S2	f	0.07013372	0.13135703	0.00000000	0.00000000	10.00000000	0.00000000	0.00000000
S3	f	0.97391102	0.07086397	0.00000000	0.00000000	10.00000000	0.00000000	0.00000000
S4	f	0.31013319	0.83001957	0.00000000	0.00000000	10.00000000	0.00000000	0.00000000
S5	f	0.89648436	0.91992120	0.00000000	0.00000000	10.00000000	0.00000000	0.00000000
C1	c	0.35249641	0.28093833	0.22206614	0.00000000	8.00000000	0.02519048	0.00000000
C2	c	0.47920023	0.31860067	0.05944669	0.10000000	8.10000000	0.02766132	0.00000000
C3	c	0.44969408	0.30151281	0.15795561	0.20000000	8.20000000	0.01705075	0.00000000
C4	c	0.41999073	0.38825023	0.03813697	0.30000000	8.30000000	0.01607002	0.00000000
C5	c	0.53488935	0.40899366	0.16484336	0.40000000	8.40000000	0.01556645	0.00000000
C6	c	0.41612605	0.32189548	0.21099352	0.50000000	8.50000000	0.01685182	0.00000000
C7	c	0.38700813	0.42281194	0.08829128	0.60000000	8.60000000	0.01361112	0.00000000
C8	c	0.43355185	0.26361510	0.21442617	0.70000000	8.70000000	0.02743219	0.00000000
C9	c	0.44643450	0.39812946	0.07882230	0.80000000	8.80000000	0.02444261	0.00000000
C10	c	0.94544275	0.94304017	0.10011754	0.90000000	8.90000000	0.01309845	0.00000000
C11	c	1.00000000	0.79023496	0.19414696	1.00000000	9.00000000	0.01139589	0.00000000
C12	c	1.00000000	0.89969939	0.21069561	1.10000000	9.10000000	0.02009134	0.00000000
C13	c	0.86250958	0.07021739	0.19816688	1.20000000	9.20000000	0.02805261	0.00000000
C14	c	0.86871765	0.23356676	0.07003392	1.30000000	9.30000000	0.02233520	0.00000000
C15	c	0.82715613	0.28812747	0.11785700	1.40000000	9.40000000	0.01116748	0.00000000
C16	c	0.71753092	0.07953034	0.04509926	1.50000000	9.50000000	0.02400208	0.00000000
C17	c	0.73424172	0.07426609	0.20800305	1.60000000	9.60000000	0.01678261	0.00000000
C18	c	0.69226378	0.03108908	0.12505092	1.70000000	9.70000000	0.01687015	0.00000000
C19	c	0.76915442	0.18092172	0.10230474	1.80000000	9.80000000	0.02750341	0.00000000
C20	c	0.77527216	0.00863085	0.23715923	1.90000000	9.90000000	0.01418161	0.00000000
C21	c	0.84897967	0.14725178	0.24200249	2.00000000	10.00000000	0.01704077	0.00000000
C22	c	0.85897688	0.16370300	0.03228531	2.00000000	10.00000000	0.01558799	0.00000000
C23	c	0.90298701	0.24212382	0.22539736	2.00000000	10.00000000	0.02543131	0.00000000
C24	c	0.91712551	0.20482162	0.12771480	2.00000000	10.00000000	0.01004603	0.00000000
C25	c	0.98174462	0.16103086	0.16564922	2.00000000	10.00000000	0.01891390	0.00000000
C26	c	0.85410234	0.14304086	0.21253504	2.00000000	10.00000000	0.01284429	0.00000000
C27	c	0.87508137	0.17564814	0.19843266	2.00000000	10.00000000	0.02158797	0.00000000
C28	c	0.91109054	0.22740744	0.04002180	2.00000000	10.00000000	0.01337803	0.00000000
C29	c	0.89694940	0.19401857	0.19442555	2.00000000	10.00000000	0.01323317	0.00000000
C30	c	0.88914584	0.13966751	0.21791861	2.00000000	10.00000000	0.02998202	0.00000000

Q Vehicle fuel tank capacity /0.40000000/
C Vehicle load capacity /1.50000000/
r fuel consumption rate /0.25000000/
g inverse refueling rate /1.00000000/
v average Velocity /1.00000000/
