StringID	Type	x	y	demand	ReadyTime	DueDate	ServiceTime	altitude
D0	d	0.50000000	0.50000000	0.00000000	0.00000000	10.00000000	0.00000000	0.00000000
S0	f	0.73524009	0.95431866	0.00000000	0.00000000	10.00000000	0.00000000	0.00000000
S1	f	0.05907768	0.99268949	0.00000000	0.00000000	10.00000000	0.00000000	0.00000000
S2	f	0.27760374	0.80057126	0.00000000	0.00000000	10.00000000	0.00000000	0.00000000
S3	f	0.99264333	0.80030094	0.00000000	0.00000000	10.00000000	0.00000000	0.00000000
S4	f	0.54817906	0.60986376	0.00000000	0.00000000	10.00000000	0.00000000	0.00000000
S5	f	0.40058922	0.93850961	0.00000000	0.00000000	10.00000000	0.00000000	0.00000000
C1	c	0.04599233	0.17495204	0.02922100	0.00000000	8.00000000	0.02004679	0.00000000
C2	c	0.00000000	0.11393429	0.25261981	0.10000000	8.10000000	0.02011552	0.00000000
C3	c	0.00000000	0.00863551	0.05235424	0.20000000	8.20000000	0.01607098	0.00000000
C4	c	0.86435547	0.56219963	0.06985714	0.30000000	8.30000000	0.02131045	0.00000000
C5	c	0.83787005	0.59232414	0.13606127	0.40000000	8.40000000	0.01468949	0.00000000
C6	c	0.86052361	0.59882523	0.20932438	0.50000000	8.50000000	0.01192914	0.00000000
C7	c	0.78134250	0.64161500	0.10639893	0.60000000	8.60000000	0.02544705	0.00000000
C8	c	0.94476676	0.64329594	0.12182910	0.70000000	8.70000000	0.02903686	0.00000000
C9	c	0.82476163	0.62343310	0.26403241	0.80000000	8.80000000	0.01941730	0.00000000
C10	c	1.00000000	0.69247962	0.18109095	0.90000000	8.90000000	0.02447781	0.00000000
C11	c	0.82492454	0.59867880	0.21064091	1.00000000	9.00000000	0.01615101	0.00000000
C12	c	0.83399383	0.56013003	0.02558913	1.10000000	9.10000000	0.01349175	0.00000000
C13	c	0.75745304	0.55399383	0.24199082	1.20000000	9.20000000	0.02492461	0.00000000
C14	c	0.81049573	0.72070522	0.27163235	1.30000000	9.30000000	0.02246286	0.00000000
C15	c	0.90851299	0.60984154	0.22663933	1.40000000	9.40000000	0.01056630	0.00000000
C16	c	0.77401884	0.59818286	0.13621569	1.50000000	9.50000000	0.02128667	0.00000000
C17	c	0.82986977	0.32895059	0.06216657	1.60000000	9.60000000	0.01915770	0.00000000
C18	c	0.76089303	0.32039143	0.19709440	1.70000000	9.70000000	0.02505232	0.00000000
C19	c	0.84151340	0.27559019	0.14462688	1.80000000	9.80000000	0.02476034	0.00000000
C20	c	0.89343144	0.24939481	0.07860929	1.90000000	9.90000000	0.01356001	0.00000000
C21	c	0.76225391	0.98764624	0.16885804	2.00000000	10.00000000	0.01019393	0.00000000
C22	c	0.74668455	0.88934997	0.22837941	2.00000000	10.00000000	0.02933210	0.00000000
C23	c	0.68356739	0.79962381	0.04378786	2.00000000	10.00000000	0.02781772	0.00000000
C24	c	0.66946832	0.92195591	0.03594353	2.00000000	10.00000000	0.01260347	0.00000000
C25	c	0.66242609	0.89431752	0.23407113	2.00000000	10.00000000	0.02366112	0.00000000
C26	c	0.70860158	0.92333140	0.16016333	2.00000000	10.00000000	0.02085702	0.00000000
C27	c	0.83929407	0.04475029	0.22069436	2.00000000	10.00000000	0.02216429	0.00000000
C28	c	0.92412046	0.07123454	0.10838647	2.00000000	10.00000000	0.02960280	0.00000000
C29	c	0.87778752	0.00000000	0.17910176	2.00000000	10.00000000	0.02856772	0.00000000
C30	c	0.87353368	0.04921895	0.10261952	2.00000000	10.00000000	0.01041871	0.00000000

Q Vehicle fuel tank capacity /0.40000000/
C Vehicle load capacity /1.50000000/
r fuel consumption rate /0.25000000/
g inverse refueling rate /1.00000000/
v average Velocity /1.00000000/
