StringID	Type	x	y	demand	ReadyTime	DueDate	ServiceTime	altitude
D0	d	0.50000000	0.50000000	0.00000000	0.00000000	10.00000000	0.00000000	0.00000000
S0	f	0.54720016	0.62400516	0.00000000	0.00000000	10.00000000	0.00000000	0.00000000
S1	f	0.72872261	0.17792857	0.00000000	0.00000000	10.00000000	0.00000000	0.00000000
S2	f	0.01676366	0.83088088	0.00000000	0.00000000	10.00000000	0.00000000	0.00000000
S3	f	0.31565226	0.35806024	0.00000000	0.00000000	10.00000000	0.00000000	0.00000000
S4	f	0.14601236	0.27890350	0.00000000	0.00000000	10.00000000	0.00000000	0.00000000
S5	f	0.39041462	0.64121388	0.00000000	0.00000000	10.00000000	0.00000000	0.00000000
S6	f	0.97655022	0.15753121	0.00000000	0.00000000	10.00000000	0.00000000	0.00000000
S7	f	0.19355094	0.51722524	0.00000000	0.00000000	10.00000000	0.00000000	0.00000000
S8	f	0.66361229	0.95923452	0.00000000	0.00000000	10.00000000	0.00000000	0.00000000
S9	f	0.60414111	0.93322684	0.00000000	0.00000000	10.00000000	0.00000000	0.00000000
C1	c	0.17050623	0.75004348	0.07131073	0.00000000	8.00000000	0.01675001	0.00000000
C2	c	0.15897385	0.74235723	0.02614401	0.06000000	8.06000000	0.02211031	0.00000000
C3	c	0.19404003	0.78717264	0.05835364	0.12000000	8.12000000	0.02591246	0.00000000
C4	c	0.17686231	0.74980574	0.11148486	0.18000000	8.18000000	0.01944062	0.00000000
C5	c	0.18689590	0.67915842	0.10508709	0.24000000	8.24000000	0.01119679	0.00000000
C6	c	0.09531018	0.70271735	0.01648065	0.30000000	8.30000000	0.02702023	0.00000000
C7	c	0.15433992	0.79721633	0.10236477	0.36000000	8.36000000	0.02743063	0.00000000
C8	c	0.15951216	0.72875070	0.12886450	0.42000000	8.42000000	0.02167947	0.00000000
C9	c	0.11757092	0.74745812	0.15963253	0.48000000	8.48000000	0.01861854	0.00000000
C10	c	0.51065136	0.73077352	0.09008279	0.54000000	8.54000000	0.01452399	0.00000000
C11	c	0.58810251	0.62305439	0.12590402	0.60000000	8.60000000	0.02258080	0.00000000
C12	c	0.61541493	0.57045621	0.02462323	0.66000000	8.66000000	0.02053378	0.00000000
C13	c	0.44882260	0.63716787	0.03081292	0.72000000	8.72000000	0.01815604	0.00000000
C14	c	0.50963132	0.56054669	0.10559184	0.78000000	8.78000000	0.01083005	0.00000000
C15	c	0.53870713	0.15113133	0.04940615	0.84000000	8.84000000	0.01843792	0.00000000
C16	c	0.62326287	0.23851563	0.15753206	0.90000000	8.90000000	0.01425015	0.00000000
C17	c	0.59316199	0.17591180	0.14845404	0.96000000	8.96000000	0.02680783	0.00000000
C18	c	0.51644124	0.14142012	0.09711228	1.02000000	9.02000000	0.02859453	0.00000000
C19	c	0.49057269	0.23362562	0.12508839	1.08000000	9.08000000	0.02853794	0.00000000
C20	c	0.45807868	0.21639936	0.01824472	1.14000000	9.14000000	0.01125923	0.00000000
C21	c	0.47079537	0.28192223	0.06612788	1.20000000	9.20000000	0.01994230	0.00000000
C22	c	0.45445770	0.15442469	0.08389286	1.26000000	9.26000000	0.02515076	0.00000000
C23	c	0.54078449	0.23209768	0.14578160	1.32000000	9.32000000	0.01398921	0.00000000
C24	c	0.41211166	0.17895709	0.15609002	1.38000000	9.38000000	0.02968320	0.00000000
C25	c	0.49131584	0.28154823	0.11189679	1.44000000	9.44000000	0.01712745	0.00000000
C26	c	0.56012899	0.07286654	0.05167588	1.50000000	9.50000000	0.02840279	0.00000000
C27	c	0.50267854	0.13886471	0.16447328	1.56000000	9.56000000	0.01214139	0.00000000
C28	c	0.53233842	0.17106532	0.04269308	1.62000000	9.62000000	0.02976544	0.00000000
C29	c	0.79467416	0.36110143	0.08468983	1.68000000	9.68000000	0.01485036	0.00000000
C30	c	0.79337795	0.39379983	0.12385243	1.74000000	9.74000000	0.02750846	0.00000000
C31	c	0.73468379	0.38907860	0.09480109	1.80000000	9.80000000	0.02118999	0.00000000
C32	c	0.71830117	0.36436607	0.16718229	1.86000000	9.86000000	0.02890235	0.00000000
C33	c	0.84866550	0.45328457	0.12776020	1.92000000	9.92000000	0.02446244	0.00000000
C34	c	0.78302169	0.32742744	0.04729002	1.98000000	9.98000000	0.01067658	0.00000000
C35	c	0.39763420	0.10947234	0.11499587	2.00000000	10.00000000	0.02101331	0.00000000
C36	c	0.39984570	0.08155249	0.12387174	2.00000000	10.00000000	0.01711936	0.00000000
C37	c	0.39286656	0.05963501	0.06565552	2.00000000	10.00000000	0.02801088	0.00000000
C38	c	0.47132089	0.06062357	0.03047211	2.00000000	10.00000000	0.01776277	0.00000000
C39	c	0.41035734	0.09678621	0.05487726	2.00000000	10.00000000	0.02701031	0.00000000
C40	c	0.48683717	0.00560381	0.16031448	2.00000000	10.00000000	0.01228378	0.00000000
C41	c	0.42008343	0.05350019	0.12223491	2.00000000	10.00000000	0.01894059	0.00000000
C42	c	0.53311694	0.11426239	0.06174874	2.00000000	10.00000000	0.01468369	0.00000000
C43	c	0.67462408	0.27654337	0.02731525	2.00000000	10.00000000	0.02631691	0.00000000
C44	c	0.61202513	0.14173033	0.15482916	2.00000000	10.00000000	0.01383163	0.00000000
C45	c	0.57493655	0.12787370	0.16047114	2.00000000	10.00000000	0.01471945	0.00000000
C46	c	0.65495015	0.13937988	0.07643984	2.00000000	10.00000000	0.02941954	0.00000000
C47	c	0.69942185	0.14824064	0.07370648	2.00000000	10.00000000	0.02293469	0.00000000
C48	c	0.60027865	0.09587910	0.01868810	2.00000000	10.00000000	0.01574113	0.00000000
C49	c	0.57203983	0.14146469	0.01465525	2.00000000	10.00000000	0.01673793	0.00000000
C50	c	0.71050573	0.21822777	0.01894167	2.00000000	10.00000000	0.01044623	0.00000000

Q Vehicle fuel tank capacity /0.40000000/
C Vehicle load capacity /1.50000000/
r fuel consumption rate /0.25000000/
g inverse refueling rate /1.00000000/
v average Velocity /1.00000000/
