StringID	Type	x	y	demand	ReadyTime	DueDate	ServiceTime	altitude
D0	d	0.50000000	0.50000000	0.00000000	0.00000000	10.00000000	0.00000000	0.00000000
S0	f	0.17543541	0.93857000	0.00000000	0.00000000	10.00000000	0.00000000	0.00000000
S1	f	0.66036659	0.03433920	0.00000000	0.00000000	10.00000000	0.00000000	0.00000000
S2	f	0.33893255	0.74276157	0.00000000	0.00000000	10.00000000	0.00000000	0.00000000
S3	f	0.62793633	0.43087060	0.00000000	0.00000000	10.00000000	0.00000000	0.00000000
S4	f	0.49673370	0.59442216	0.00000000	0.00000000	10.00000000	0.00000000	0.00000000
S5	f	0.15295185	0.56979379	0.00000000	0.00000000	10.00000000	0.00000000	0.00000000
C1	c	0.18234174	0.29957808	0.15323156	0.00000000	8.00000000	0.02055575	0.00000000
C2	c	0.06819842	0.29303294	0.22061714	0.10000000	8.10000000	0.02554668	0.00000000
C3	c	0.15967535	0.37268153	0.04425765	0.20000000	8.20000000	0.01461050	0.00000000
C4	c	0.09565298	0.42976866	0.23874740	0.30000000	8.30000000	0.01562623	0.00000000
C5	c	0.11739357	0.34574719	0.21205765	0.40000000	8.40000000	0.02903615	0.00000000
C6	c	0.20108234	0.32975617	0.16961576	0.50000000	8.50000000	0.02209965	0.00000000
C7	c	0.17488083	0.38619423	0.23393374	0.60000000	8.60000000	0.01828238	0.00000000
C8	c	0.23692361	1.00000000	0.25384196	0.70000000	8.70000000	0.01509106	0.00000000
C9	c	0.17141793	0.98899939	0.05096936	0.80000000	8.80000000	0.02232381	0.00000000
C10	c	0.84394506	0.64146267	0.07495127	0.90000000	8.90000000	0.01381961	0.00000000
C11	c	0.80202990	0.64870331	0.16251106	1.00000000	9.00000000	0.01762074	0.00000000
C12	c	0.91956924	0.69504629	0.13787166	1.10000000	9.10000000	0.01953552	0.00000000
C13	c	0.86731913	0.72314305	0.10672446	1.20000000	9.20000000	0.02931554	0.00000000
C14	c	0.87498363	0.62169095	0.10633330	1.30000000	9.30000000	0.02909923	0.00000000
C15	c	0.88619446	0.69121260	0.19503280	1.40000000	9.40000000	0.02608570	0.00000000
C16	c	0.13249277	0.98097987	0.13270027	1.50000000	9.50000000	0.02548859	0.00000000
C17	c	0.11208208	0.96815176	0.11331113	1.60000000	9.60000000	0.01798645	0.00000000
C18	c	0.03926191	0.98807363	0.06300708	1.70000000	9.70000000	0.02946004	0.00000000
C19	c	0.07469400	0.91981852	0.19654367	1.80000000	9.80000000	0.01197184	0.00000000
C20	c	0.10732449	1.00000000	0.07046160	1.90000000	9.90000000	0.01722410	0.00000000
C21	c	0.04857070	1.00000000	0.26962346	2.00000000	10.00000000	0.02671630	0.00000000
C22	c	0.09472705	0.99181107	0.06829343	2.00000000	10.00000000	0.01042772	0.00000000
C23	c	0.04258754	0.96042019	0.09990895	2.00000000	10.00000000	0.01781719	0.00000000
C24	c	0.03044112	1.00000000	0.20272691	2.00000000	10.00000000	0.02452928	0.00000000
C25	c	0.88168619	0.56312399	0.28292811	2.00000000	10.00000000	0.01846481	0.00000000
C26	c	0.85811688	0.63386170	0.05812041	2.00000000	10.00000000	0.01887211	0.00000000
C27	c	0.83355082	0.53449812	0.23719058	2.00000000	10.00000000	0.02815609	0.00000000
C28	c	0.86329963	0.58926465	0.13595469	2.00000000	10.00000000	0.02655769	0.00000000
C29	c	0.82039776	0.54778541	0.10775721	2.00000000	10.00000000	0.02401357	0.00000000
C30	c	0.84681318	0.55754072	0.10077575	2.00000000	10.00000000	0.02422053	0.00000000

Q Vehicle fuel tank capacity /0.40000000/
C Vehicle load capacity /1.50000000/
r fuel consumption rate /0.25000000/
g inverse refueling rate /1.00000000/
v average Velocity /1.00000000/
