StringID	Type	x	y	demand	ReadyTime	DueDate	ServiceTime	altitude
D0	d	0.50000000	0.50000000	0.00000000	0.00000000	10.00000000	0.00000000	0.00000000
S0	f	0.95228988	0.14485261	0.00000000	0.00000000	10.00000000	0.00000000	0.00000000
S1	f	0.51700543	0.16245692	0.00000000	0.00000000	10.00000000	0.00000000	0.00000000
S2	f	0.37238748	0.28746156	0.00000000	0.00000000	10.00000000	0.00000000	0.00000000
S3	f	0.95133999	0.73309664	0.00000000	0.00000000	10.00000000	0.00000000	0.00000000
S4	f	0.42311483	0.11713280	0.00000000	0.00000000	10.00000000	0.00000000	0.00000000
S5	f	0.20069311	0.78974277	0.00000000	0.00000000	10.00000000	0.00000000	0.00000000
C1	c	0.12541503	0.49025386	0.20165909	0.00000000	8.00000000	0.02075978	0.00000000
C2	c	0.05928027	0.34381076	0.13067079	0.10000000	8.10000000	0.02810342	0.00000000
C3	c	0.15282999	0.43938515	0.14156372	0.20000000	8.20000000	0.02049444	0.00000000
C4	c	0.10806866	0.39054198	0.17906399	0.30000000	8.30000000	0.01497931	0.00000000
C5	c	0.11124255	0.39496361	0.28425093	0.40000000	8.40000000	0.01160136	0.00000000
C6	c	0.12270840	0.32829619	0.22814301	0.50000000	8.50000000	0.01442557	0.00000000
C7	c	1.00000000	0.17784652	0.08435681	0.60000000	8.60000000	0.02679084	0.00000000
C8	c	0.89052487	0.16658018	0.10803483	0.70000000	8.70000000	0.02924882	0.00000000
C9	c	0.93390088	0.26207898	0.04996193	0.80000000	8.80000000	0.02094605	0.00000000
C10	c	0.91047960	0.20861334	0.02685804	0.90000000	8.90000000	0.02593310	0.00000000
C11	c	0.87299167	0.29668590	0.14517231	1.00000000	9.00000000	0.02770245	0.00000000
C12	c	0.89174198	0.32547493	0.22464842	1.10000000	9.10000000	0.01028111	0.00000000
C13	c	0.86574375	0.35734288	0.15633019	1.20000000	9.20000000	0.01150709	0.00000000
C14	c	0.84747992	0.28604493	0.14551534	1.30000000	9.30000000	0.01614413	0.00000000
C15	c	0.85312145	0.27778912	0.07000459	1.40000000	9.40000000	0.01841879	0.00000000
C16	c	0.88304356	0.31295829	0.08082458	1.50000000	9.50000000	0.02207566	0.00000000
C17	c	0.91401357	0.31731572	0.05894394	1.60000000	9.60000000	0.02860170	0.00000000
C18	c	0.88439941	0.29400175	0.02427098	1.70000000	9.70000000	0.01427886	0.00000000
C19	c	0.93279594	0.28715457	0.24615515	1.80000000	9.80000000	0.01288579	0.00000000
C20	c	0.91150799	0.19726611	0.10392213	1.90000000	9.90000000	0.01729698	0.00000000
C21	c	0.87475673	0.24098186	0.28347448	2.00000000	10.00000000	0.02549907	0.00000000
C22	c	0.81870655	0.24008367	0.14898459	2.00000000	10.00000000	0.01018075	0.00000000
C23	c	0.97424290	0.67342737	0.03775775	2.00000000	10.00000000	0.02953197	0.00000000
C24	c	0.99255149	0.61463374	0.25657963	2.00000000	10.00000000	0.01338536	0.00000000
C25	c	1.00000000	0.66114514	0.16270095	2.00000000	10.00000000	0.02136225	0.00000000
C26	c	1.00000000	0.64452325	0.09793553	2.00000000	10.00000000	0.02375637	0.00000000
C27	c	0.98182806	0.57325187	0.17269449	2.00000000	10.00000000	0.02178647	0.00000000
C28	c	0.98783190	0.58935208	0.27867609	2.00000000	10.00000000	0.02707562	0.00000000
C29	c	0.98980682	0.62908650	0.17377373	2.00000000	10.00000000	0.01727918	0.00000000
C30	c	0.94548691	0.64102231	0.19707198	2.00000000	10.00000000	0.01750675	0.00000000

Q Vehicle fuel tank capacity /0.40000000/
C Vehicle load capacity /1.50000000/
r fuel consumption rate /0.25000000/
g inverse refueling rate /1.00000000/
v average Velocity /1.00000000/
