StringID	Type	x	y	demand	ReadyTime	DueDate	ServiceTime	altitude
D0	d	0.50000000	0.50000000	0.00000000	0.00000000	10.00000000	0.00000000	0.00000000
S0	f	0.91173769	0.33409032	0.00000000	0.00000000	10.00000000	0.00000000	0.00000000
S1	f	0.08442987	0.92110759	0.00000000	0.00000000	10.00000000	0.00000000	0.00000000
S2	f	0.54832165	0.93725116	0.00000000	0.00000000	10.00000000	0.00000000	0.00000000
S3	f	0.59546371	0.97692290	0.00000000	0.00000000	10.00000000	0.00000000	0.00000000
S4	f	0.88342062	0.73101543	0.00000000	0.00000000	10.00000000	0.00000000	0.00000000
S5	f	0.90418310	0.04092395	0.00000000	0.00000000	10.00000000	0.00000000	0.00000000
C1	c	0.39653479	0.10546395	0.10884254	0.00000000	8.00000000	0.01964051	0.00000000
C2	c	0.45851503	0.30435031	0.24324322	0.10000000	8.10000000	0.01652323	0.00000000
C3	c	0.43278755	0.16954822	0.11118437	0.20000000	8.20000000	0.01202977	0.00000000
C4	c	0.43869858	0.17699791	0.15230740	0.30000000	8.30000000	0.01774524	0.00000000
C5	c	0.48929538	0.18976527	0.23149310	0.40000000	8.40000000	0.01676318	0.00000000
C6	c	0.42567656	0.15713316	0.06710279	0.50000000	8.50000000	0.01448704	0.00000000
C7	c	0.38367207	0.07166197	0.12799578	0.60000000	8.60000000	0.01404129	0.00000000
C8	c	0.41108411	0.07608957	0.16169163	0.70000000	8.70000000	0.02726138	0.00000000
C9	c	0.35860303	0.13540798	0.19704218	0.80000000	8.80000000	0.02321574	0.00000000
C10	c	0.43956142	0.06646776	0.07529415	0.90000000	8.90000000	0.02204817	0.00000000
C11	c	0.45612611	0.05355658	0.12772025	1.00000000	9.00000000	0.01238063	0.00000000
C12	c	0.46424302	0.10529400	0.12334975	1.10000000	9.10000000	0.02401070	0.00000000
C13	c	0.44134470	0.14256518	0.23024490	1.20000000	9.20000000	0.02495023	0.00000000
C14	c	0.54718673	0.54987365	0.09403638	1.30000000	9.30000000	0.01034021	0.00000000
C15	c	0.53206449	0.52781493	0.10194533	1.40000000	9.40000000	0.01448978	0.00000000
C16	c	0.63811007	0.57135396	0.02780694	1.50000000	9.50000000	0.01695705	0.00000000
C17	c	0.55856659	0.56858072	0.10624651	1.60000000	9.60000000	0.02057246	0.00000000
C18	c	0.63181236	0.43466143	0.15316656	1.70000000	9.70000000	0.01144206	0.00000000
C19	c	0.65805613	0.56650161	0.13632146	1.80000000	9.80000000	0.01808618	0.00000000
C20	c	0.91754038	0.26330773	0.17669644	1.90000000	9.90000000	0.01306593	0.00000000
C21	c	0.88661868	0.39485671	0.15350555	2.00000000	10.00000000	0.02841782	0.00000000
C22	c	0.96297640	0.34292105	0.20162840	2.00000000	10.00000000	0.02074226	0.00000000
C23	c	0.94334730	0.25233184	0.22696018	2.00000000	10.00000000	0.02277160	0.00000000
C24	c	0.88424340	0.25984614	0.16890993	2.00000000	10.00000000	0.01025038	0.00000000
C25	c	0.92030777	0.25038149	0.16780595	2.00000000	10.00000000	0.02115610	0.00000000
C26	c	0.98787145	0.31689856	0.23505489	2.00000000	10.00000000	0.02525511	0.00000000
C27	c	0.95079571	0.34925573	0.12827855	2.00000000	10.00000000	0.01537345	0.00000000
C28	c	0.63058915	0.44918639	0.13912202	2.00000000	10.00000000	0.02289576	0.00000000
C29	c	0.63349156	0.43910037	0.22975689	2.00000000	10.00000000	0.01860778	0.00000000
C30	c	0.60074366	0.49288872	0.09524595	2.00000000	10.00000000	0.02598345	0.00000000

Q Vehicle fuel tank capacity /0.40000000/
C Vehicle load capacity /1.50000000/
r fuel consumption rate /0.25000000/
g inverse refueling rate /1.00000000/
v average Velocity /1.00000000/
