StringID	Type	x	y	demand	ReadyTime	DueDate	ServiceTime	altitude
D0	d	0.50000000	0.50000000	0.00000000	0.00000000	10.00000000	0.00000000	0.00000000
S0	f	0.62999190	0.27599875	0.00000000	0.00000000	10.00000000	0.00000000	0.00000000
S1	f	0.47782684	0.23658745	0.00000000	0.00000000	10.00000000	0.00000000	0.00000000
S2	f	0.59519993	0.22653022	0.00000000	0.00000000	10.00000000	0.00000000	0.00000000
S3	f	0.78714522	0.65213494	0.00000000	0.00000000	10.00000000	0.00000000	0.00000000
S4	f	0.16292290	0.61976662	0.00000000	0.00000000	10.00000000	0.00000000	0.00000000
S5	f	0.94141858	0.98392148	0.00000000	0.00000000	10.00000000	0.00000000	0.00000000
S6	f	0.38654513	0.26000559	0.00000000	0.00000000	10.00000000	0.00000000	0.00000000
S7	f	0.83124838	0.04820438	0.00000000	0.00000000	10.00000000	0.00000000	0.00000000
S8	f	0.23391183	0.48624884	0.00000000	0.00000000	10.00000000	0.00000000	0.00000000
S9	f	0.96765881	0.50705425	0.00000000	0.00000000	10.00000000	0.00000000	0.00000000
C1	c	0.32154006	0.56767572	0.12579380	0.00000000	8.00000000	0.02349641	0.00000000
C2	c	0.38053810	0.63537444	0.09142780	0.06000000	8.06000000	0.02571623	0.00000000
C3	c	0.40092362	0.59532892	0.13304679	0.12000000	8.12000000	0.01870577	0.00000000
C4	c	0.33924586	0.44934908	0.03489966	0.18000000	8.18000000	0.01130788	0.00000000
C5	c	0.36824625	0.56069085	0.13811768	0.24000000	8.24000000	0.01968427	0.00000000
C6	c	0.32735111	0.60366478	0.14731561	0.30000000	8.30000000	0.01027994	0.00000000
C7	c	0.48333080	0.64701765	0.10202285	0.36000000	8.36000000	0.02170299	0.00000000
C8	c	0.32736084	0.54993517	0.07810538	0.42000000	8.42000000	0.01280889	0.00000000
C9	c	0.13399106	0.12297228	0.11424199	0.48000000	8.48000000	0.01709217	0.00000000
C10	c	0.23645497	0.07960156	0.17350157	0.54000000	8.54000000	0.01999688	0.00000000
C11	c	0.18116667	0.05170795	0.16714205	0.60000000	8.60000000	0.02490342	0.00000000
C12	c	0.18708018	0.09250323	0.03177197	0.66000000	8.66000000	0.02867935	0.00000000
C13	c	0.09971027	0.07454964	0.09596544	0.72000000	8.72000000	0.02483165	0.00000000
C14	c	0.42579673	0.42064981	0.01627994	0.78000000	8.78000000	0.02612784	0.00000000
C15	c	0.49278773	0.53662894	0.03083737	0.84000000	8.84000000	0.01842806	0.00000000
C16	c	0.39836381	0.52126405	0.01291099	0.90000000	8.90000000	0.02711299	0.00000000
C17	c	0.55382020	0.53968517	0.07347028	0.96000000	8.96000000	0.02563600	0.00000000
C18	c	0.46177450	0.47833031	0.09222054	1.02000000	9.02000000	0.01592615	0.00000000
C19	c	0.41107460	0.43838473	0.03824189	1.08000000	9.08000000	0.01207060	0.00000000
C20	c	0.46003259	0.50130416	0.09062644	1.14000000	9.14000000	0.02456253	0.00000000
C21	c	0.98499019	0.58177532	0.06829766	1.20000000	9.20000000	0.02314265	0.00000000
C22	c	1.00000000	0.63377685	0.03229682	1.26000000	9.26000000	0.02268416	0.00000000
C23	c	0.95727409	0.58501946	0.01568124	1.32000000	9.32000000	0.01314911	0.00000000
C24	c	0.94505858	0.56657710	0.16652582	1.38000000	9.38000000	0.01731231	0.00000000
C25	c	0.87302480	0.52928188	0.09133659	1.44000000	9.44000000	0.01396327	0.00000000
C26	c	0.89771147	0.55483829	0.14005772	1.50000000	9.50000000	0.02227279	0.00000000
C27	c	0.15876515	0.13928969	0.05098293	1.56000000	9.56000000	0.02111889	0.00000000
C28	c	0.11754578	0.33915903	0.13395307	1.62000000	9.62000000	0.01780807	0.00000000
C29	c	0.13321413	0.36841989	0.10702054	1.68000000	9.68000000	0.02790563	0.00000000
C30	c	0.13605379	0.28220763	0.09795545	1.74000000	9.74000000	0.02400407	0.00000000
C31	c	0.24605197	0.24676246	0.09872738	1.80000000	9.80000000	0.01420334	0.00000000
C32	c	0.07699346	0.25611814	0.10595075	1.86000000	9.86000000	0.02092726	0.00000000
C33	c	0.14592742	0.25701821	0.06453879	1.92000000	9.92000000	0.01243789	0.00000000
C34	c	0.18101974	0.29148652	0.06934626	1.98000000	9.98000000	0.01282060	0.00000000
C35	c	0.12725190	0.23696730	0.08624147	2.00000000	10.00000000	0.02099267	0.00000000
C36	c	1.00000000	0.81551669	0.10340866	2.00000000	10.00000000	0.02425429	0.00000000
C37	c	0.94390471	0.82204526	0.03703446	2.00000000	10.00000000	0.01225759	0.00000000
C38	c	0.94644007	0.85076237	0.09337595	2.00000000	10.00000000	0.01478685	0.00000000
C39	c	0.92983640	0.81697662	0.12753597	2.00000000	10.00000000	0.01521075	0.00000000
C40	c	0.89754077	0.77432381	0.04616895	2.00000000	10.00000000	0.02746466	0.00000000
C41	c	0.86712128	0.76992989	0.14375840	2.00000000	10.00000000	0.02600991	0.00000000
C42	c	0.76332616	0.30452906	0.18162396	2.00000000	10.00000000	0.01479146	0.00000000
C43	c	0.66328415	0.39703712	0.01397718	2.00000000	10.00000000	0.02989568	0.00000000
C44	c	0.69586310	0.44060170	0.08059431	2.00000000	10.00000000	0.02832615	0.00000000
C45	c	0.63532865	0.34398602	0.07489357	2.00000000	10.00000000	0.02315772	0.00000000
C46	c	0.71842964	0.41631064	0.16714377	2.00000000	10.00000000	0.01709215	0.00000000
C47	c	0.67223519	0.36101356	0.09126752	2.00000000	10.00000000	0.01099555	0.00000000
C48	c	0.61645589	0.42889773	0.04490721	2.00000000	10.00000000	0.01746642	0.00000000
C49	c	0.63844698	0.41293991	0.14012697	2.00000000	10.00000000	0.01805031	0.00000000
C50	c	0.64235715	0.46231051	0.03733058	2.00000000	10.00000000	0.02856351	0.00000000

Q Vehicle fuel tank capacity /0.40000000/
C Vehicle load capacity /1.50000000/
r fuel consumption rate /0.25000000/
g inverse refueling rate /1.00000000/
v average Velocity /1.00000000/
