StringID	Type	x	y	demand	ReadyTime	DueDate	ServiceTime	altitude
D0	d	0.50000000	0.50000000	0.00000000	0.00000000	10.00000000	0.00000000	0.00000000
S0	f	0.39018617	0.95967711	0.00000000	0.00000000	10.00000000	0.00000000	0.00000000
S1	f	0.15321612	0.57491633	0.00000000	0.00000000	10.00000000	0.00000000	0.00000000
S2	f	0.98359103	0.12224156	0.00000000	0.00000000	10.00000000	0.00000000	0.00000000
S3	f	0.11538746	0.45211444	0.00000000	0.00000000	10.00000000	0.00000000	0.00000000
S4	f	0.77210076	0.04224873	0.00000000	0.00000000	10.00000000	0.00000000	0.00000000
S5	f	0.91971075	0.62534432	0.00000000	0.00000000	10.00000000	0.00000000	0.00000000
S6	f	0.50095008	0.32181319	0.00000000	0.00000000	10.00000000	0.00000000	0.00000000
S7	f	0.58194676	0.63226803	0.00000000	0.00000000	10.00000000	0.00000000	0.00000000
S8	f	0.30754952	0.28472817	0.00000000	0.00000000	10.00000000	0.00000000	0.00000000
S9	f	0.09004117	0.65074191	0.00000000	0.00000000	10.00000000	0.00000000	0.00000000
C1	c	0.18910857	0.71975102	0.12144056	0.00000000	8.00000000	0.02235413	0.00000000
C2	c	0.33095990	0.74363909	0.12514696	0.06000000	8.06000000	0.02171757	0.00000000
C3	c	0.28677776	0.76179897	0.14688719	0.12000000	8.12000000	0.01345919	0.00000000
C4	c	0.30676609	0.71027691	0.14691684	0.18000000	8.18000000	0.01203023	0.00000000
C5	c	0.38175033	0.75563459	0.10956382	0.24000000	8.24000000	0.02593917	0.00000000
C6	c	0.32689366	0.78191585	0.02804297	0.30000000	8.30000000	0.01426685	0.00000000
C7	c	0.59255373	0.77806897	0.07145169	0.36000000	8.36000000	0.01894957	0.00000000
C8	c	0.49638411	0.71079763	0.11057949	0.42000000	8.42000000	0.01335914	0.00000000
C9	c	0.46254996	0.72438393	0.12692548	0.48000000	8.48000000	0.02544799	0.00000000
C10	c	0.61416463	0.85714902	0.02712883	0.54000000	8.54000000	0.02503249	0.00000000
C11	c	0.52074534	0.72072857	0.15023400	0.60000000	8.60000000	0.02792250	0.00000000
C12	c	0.43690131	0.88259112	0.13573548	0.66000000	8.66000000	0.02898025	0.00000000
C13	c	0.59026964	0.82599539	0.10329779	0.72000000	8.72000000	0.01865354	0.00000000
C14	c	0.55733618	0.82370611	0.06350858	0.78000000	8.78000000	0.01584921	0.00000000
C15	c	0.53326323	0.76872582	0.03599927	0.84000000	8.84000000	0.01067687	0.00000000
C16	c	0.56191794	0.77924211	0.07924932	0.90000000	8.90000000	0.02183250	0.00000000
C17	c	0.54550663	0.69261926	0.06167924	0.96000000	8.96000000	0.01783014	0.00000000
C18	c	0.63994878	0.77408551	0.09435669	1.02000000	9.02000000	0.01593972	0.00000000
C19	c	0.19975650	0.65528722	0.15596963	1.08000000	9.08000000	0.01019262	0.00000000
C20	c	0.13251750	0.73575960	0.04680783	1.14000000	9.14000000	0.01495981	0.00000000
C21	c	0.18444911	0.61720062	0.13071276	1.20000000	9.20000000	0.01766137	0.00000000
C22	c	0.16954250	0.66930392	0.06018672	1.26000000	9.26000000	0.02701304	0.00000000
C23	c	0.56375184	0.91109383	0.15109889	1.32000000	9.32000000	0.01063842	0.00000000
C24	c	0.52594121	1.00000000	0.14075721	1.38000000	9.38000000	0.02392822	0.00000000
C25	c	0.55983884	0.93184272	0.10141963	1.44000000	9.44000000	0.01634887	0.00000000
C26	c	0.56956428	0.87083662	0.04157556	1.50000000	9.50000000	0.02835571	0.00000000
C27	c	0.59492591	0.94166271	0.02626543	1.56000000	9.56000000	0.01072590	0.00000000
C28	c	0.53056699	0.92852745	0.12557048	1.62000000	9.62000000	0.02488241	0.00000000
C29	c	0.44951901	0.93554668	0.15356620	1.68000000	9.68000000	0.02416882	0.00000000
C30	c	0.00039211	1.00000000	0.03380257	1.74000000	9.74000000	0.01765400	0.00000000
C31	c	0.00000000	0.91449796	0.11449168	1.80000000	9.80000000	0.02217433	0.00000000
C32	c	0.05271320	0.96925490	0.11890762	1.86000000	9.86000000	0.01632874	0.00000000
C33	c	0.00000000	0.92737260	0.10030012	1.92000000	9.92000000	0.01279525	0.00000000
C34	c	0.00000000	0.98038329	0.16807790	1.98000000	9.98000000	0.02689566	0.00000000
C35	c	0.04936527	1.00000000	0.05361282	2.00000000	10.00000000	0.01198889	0.00000000
C36	c	0.00000000	1.00000000	0.01431526	2.00000000	10.00000000	0.01045388	0.00000000
C37	c	0.00407226	0.95970112	0.09291507	2.00000000	10.00000000	0.01975031	0.00000000
C38	c	0.02682552	0.99985430	0.08613143	2.00000000	10.00000000	0.01594862	0.00000000
C39	c	0.04900842	0.93431876	0.15758113	2.00000000	10.00000000	0.02914744	0.00000000
C40	c	0.03697944	0.99102171	0.01334918	2.00000000	10.00000000	0.01702092	0.00000000
C41	c	0.02516873	1.00000000	0.02129474	2.00000000	10.00000000	0.01194343	0.00000000
C42	c	0.87776875	0.53512264	0.01638674	2.00000000	10.00000000	0.02060772	0.00000000
C43	c	0.87850034	0.38990317	0.04875858	2.00000000	10.00000000	0.02609507	0.00000000
C44	c	0.89625927	0.43392969	0.11368142	2.00000000	10.00000000	0.02939188	0.00000000
C45	c	0.82716607	0.40435802	0.03477249	2.00000000	10.00000000	0.02124011	0.00000000
C46	c	0.86636264	0.49791439	0.16274131	2.00000000	10.00000000	0.01564912	0.00000000
C47	c	0.86198383	0.44774402	0.05590185	2.00000000	10.00000000	0.02612043	0.00000000
C48	c	0.90019417	0.51047942	0.06077709	2.00000000	10.00000000	0.01426357	0.00000000
C49	c	0.84928910	0.36349381	0.02681500	2.00000000	10.00000000	0.01165386	0.00000000
C50	c	0.80007038	0.45197658	0.13331148	2.00000000	10.00000000	0.02509886	0.00000000

Q Vehicle fuel tank capacity /0.40000000/
C Vehicle load capacity /1.50000000/
r fuel consumption rate /0.25000000/
g inverse refueling rate /1.00000000/
v average Velocity /1.00000000/
