StringID	Type	x	y	demand	ReadyTime	DueDate	ServiceTime	altitude
D0	d	0.50000000	0.50000000	0.00000000	0.00000000	10.00000000	0.00000000	0.00000000
S0	f	0.83985329	0.90511743	0.00000000	0.00000000	10.00000000	0.00000000	0.00000000
S1	f	0.70683827	0.91324072	0.00000000	0.00000000	10.00000000	0.00000000	0.00000000
S2	f	0.93572357	0.59557225	0.00000000	0.00000000	10.00000000	0.00000000	0.00000000
S3	f	0.26190504	0.92654371	0.00000000	0.00000000	10.00000000	0.00000000	0.00000000
S4	f	0.93998122	0.20753170	0.00000000	0.00000000	10.00000000	0.00000000	0.00000000
S5	f	0.92462632	0.12280452	0.00000000	0.00000000	10.00000000	0.00000000	0.00000000
C1	c	0.62384143	0.35089071	0.22714484	0.00000000	8.00000000	0.01189374	0.00000000
C2	c	0.57511314	0.26730023	0.14699251	0.10000000	8.10000000	0.02573169	0.00000000
C3	c	0.58997526	0.36371352	0.09026374	0.20000000	8.20000000	0.02954783	0.00000000
C4	c	0.53363130	0.33734124	0.17550452	0.30000000	8.30000000	0.02459638	0.00000000
C5	c	0.58870243	0.28209936	0.18143878	0.40000000	8.40000000	0.02326637	0.00000000
C6	c	0.51915619	0.40609975	0.16357352	0.50000000	8.50000000	0.02044777	0.00000000
C7	c	0.83548316	0.85322471	0.23308266	0.60000000	8.60000000	0.01343329	0.00000000
C8	c	0.90847659	0.84124507	0.19768309	0.70000000	8.70000000	0.02572554	0.00000000
C9	c	0.78464781	0.91013344	0.22468387	0.80000000	8.80000000	0.01896232	0.00000000
C10	c	0.84424834	0.84871113	0.10072999	0.90000000	8.90000000	0.02913606	0.00000000
C11	c	0.92143468	0.87711508	0.09394441	1.00000000	9.00000000	0.02020992	0.00000000
C12	c	0.46908843	0.25589612	0.20485454	1.10000000	9.10000000	0.02446945	0.00000000
C13	c	0.43643999	0.12826446	0.16930797	1.20000000	9.20000000	0.02373939	0.00000000
C14	c	0.45966408	0.21901928	0.21991105	1.30000000	9.30000000	0.02846707	0.00000000
C15	c	0.51451361	0.24834958	0.04290892	1.40000000	9.40000000	0.01352795	0.00000000
C16	c	0.48833932	0.26048256	0.24605633	1.50000000	9.50000000	0.01840298	0.00000000
C17	c	0.45517991	0.28985128	0.17063770	1.60000000	9.60000000	0.02802124	0.00000000
C18	c	0.38784314	0.23056411	0.17414241	1.70000000	9.70000000	0.01805589	0.00000000
C19	c	0.31796429	0.05466605	0.05794517	1.80000000	9.80000000	0.02047811	0.00000000
C20	c	0.18981463	0.00000000	0.25243822	1.90000000	9.90000000	0.02581371	0.00000000
C21	c	0.23759501	0.05207314	0.02344466	2.00000000	10.00000000	0.01994319	0.00000000
C22	c	0.27364761	0.02637231	0.04188408	2.00000000	10.00000000	0.02575476	0.00000000
C23	c	0.33133890	0.00000000	0.12679952	2.00000000	10.00000000	0.02915840	0.00000000
C24	c	0.25242131	0.10207018	0.02857920	2.00000000	10.00000000	0.02301546	0.00000000
C25	c	0.29535934	0.02287609	0.18250668	2.00000000	10.00000000	0.02744668	0.00000000
C26	c	0.29294391	0.08431822	0.05214520	2.00000000	10.00000000	0.02113587	0.00000000
C27	c	0.10737257	0.38646398	0.15049661	2.00000000	10.00000000	0.01603329	0.00000000
C28	c	0.14513696	0.44297898	0.17565566	2.00000000	10.00000000	0.02501142	0.00000000
C29	c	0.17887833	0.42212624	0.22641823	2.00000000	10.00000000	0.02371054	0.00000000
C30	c	0.19923762	0.42771689	0.11882591	2.00000000	10.00000000	0.01568988	0.00000000

Q Vehicle fuel tank capacity /0.40000000/
C Vehicle load capacity /1.50000000/
r fuel consumption rate /0.25000000/
g inverse refueling rate /1.00000000/
v average Velocity /1.00000000/
