StringID	Type	x	y	demand	ReadyTime	DueDate	ServiceTime	altitude
D0	d	0.50000000	0.50000000	0.00000000	0.00000000	10.00000000	0.00000000	0.00000000
S0	f	0.83555893	0.75352867	0.00000000	0.00000000	10.00000000	0.00000000	0.00000000
S1	f	0.46994672	0.42042777	0.00000000	0.00000000	10.00000000	0.00000000	0.00000000
S2	f	0.29071468	0.68481480	0.00000000	0.00000000	10.00000000	0.00000000	0.00000000
S3	f	0.33340811	0.48981498	0.00000000	0.00000000	10.00000000	0.00000000	0.00000000
S4	f	0.53382946	0.25665413	0.00000000	0.00000000	10.00000000	0.00000000	0.00000000
S5	f	0.45380026	0.88770425	0.00000000	0.00000000	10.00000000	0.00000000	0.00000000
S6	f	0.61273655	0.52561536	0.00000000	0.00000000	10.00000000	0.00000000	0.00000000
S7	f	0.35158283	0.88516361	0.00000000	0.00000000	10.00000000	0.00000000	0.00000000
S8	f	0.56795767	0.37480755	0.00000000	0.00000000	10.00000000	0.00000000	0.00000000
S9	f	0.67946631	0.80472751	0.00000000	0.00000000	10.00000000	0.00000000	0.00000000
C1	c	0.28179653	0.46436143	0.14055619	0.00000000	8.00000000	0.02531238	0.00000000
C2	c	0.38817838	0.49185697	0.12628633	0.06000000	8.06000000	0.02186546	0.00000000
C3	c	0.39238521	0.49458441	0.01451283	0.12000000	8.12000000	0.01603121	0.00000000
C4	c	0.22601821	0.46186761	0.12416365	0.18000000	8.18000000	0.01728771	0.00000000
C5	c	0.36082052	0.52410899	0.11976391	0.24000000	8.24000000	0.02096735	0.00000000
C6	c	0.34246151	0.54286357	0.07308106	0.30000000	8.30000000	0.01046472	0.00000000
C7	c	0.36249693	0.44315201	0.10777039	0.36000000	8.36000000	0.02784537	0.00000000
C8	c	0.87992402	0.95501374	0.07321025	0.42000000	8.42000000	0.01021756	0.00000000
C9	c	0.90698824	0.98265849	0.14813879	0.48000000	8.48000000	0.02608309	0.00000000
C10	c	0.87898350	1.00000000	0.04593507	0.54000000	8.54000000	0.01367413	0.00000000
C11	c	0.91897375	0.93140344	0.14491774	0.60000000	8.60000000	0.01878577	0.00000000
C12	c	0.82028715	0.98364465	0.07879423	0.66000000	8.66000000	0.01996030	0.00000000
C13	c	0.76833473	0.92224347	0.12358819	0.72000000	8.72000000	0.02200597	0.00000000
C14	c	0.87432463	0.98510854	0.06125393	0.78000000	8.78000000	0.01230901	0.00000000
C15	c	0.15905253	1.00000000	0.11897592	0.84000000	8.84000000	0.01518840	0.00000000
C16	c	0.14415561	0.94744474	0.12904040	0.90000000	8.90000000	0.01543108	0.00000000
C17	c	0.05524205	1.00000000	0.04421829	0.96000000	8.96000000	0.02689138	0.00000000
C18	c	0.05646571	1.00000000	0.11170224	1.02000000	9.02000000	0.02714065	0.00000000
C19	c	0.00322963	0.95612406	0.14520107	1.08000000	9.08000000	0.01368759	0.00000000
C20	c	0.00000000	0.99523515	0.06738325	1.14000000	9.14000000	0.01084048	0.00000000
C21	c	0.81747828	1.00000000	0.08810526	1.20000000	9.20000000	0.02758997	0.00000000
C22	c	0.77034473	0.94837976	0.04553780	1.26000000	9.26000000	0.01198646	0.00000000
C23	c	0.72014501	1.00000000	0.07815118	1.32000000	9.32000000	0.02085792	0.00000000
C24	c	0.72518531	0.99094902	0.10063745	1.38000000	9.38000000	0.02924781	0.00000000
C25	c	0.73791310	0.99311365	0.04892898	1.44000000	9.44000000	0.01717591	0.00000000
C26	c	0.76549930	1.00000000	0.03748215	1.50000000	9.50000000	0.01132226	0.00000000
C27	c	0.78299952	1.00000000	0.01299984	1.56000000	9.56000000	0.02204041	0.00000000
C28	c	0.89772680	0.94837681	0.14725008	1.62000000	9.62000000	0.01719741	0.00000000
C29	c	0.74137194	0.73568274	0.11076119	1.68000000	9.68000000	0.02903374	0.00000000
C30	c	0.83093031	0.80656952	0.11400342	1.74000000	9.74000000	0.01628416	0.00000000
C31	c	0.81511398	0.81336109	0.06356602	1.80000000	9.80000000	0.02868623	0.00000000
C32	c	0.86607549	0.72537143	0.11688342	1.86000000	9.86000000	0.02318921	0.00000000
C33	c	0.83040764	0.69080873	0.08763489	1.92000000	9.92000000	0.01693987	0.00000000
C34	c	0.86500676	0.68014881	0.15343033	1.98000000	9.98000000	0.02984240	0.00000000
C35	c	0.03264509	0.78815622	0.10330350	2.00000000	10.00000000	0.01702758	0.00000000
C36	c	0.03541022	0.76416176	0.03975277	2.00000000	10.00000000	0.01960410	0.00000000
C37	c	0.07862445	0.71133789	0.12300326	2.00000000	10.00000000	0.01451164	0.00000000
C38	c	0.05632667	0.65296837	0.10276702	2.00000000	10.00000000	0.01699192	0.00000000
C39	c	0.01202524	0.86311707	0.02852254	2.00000000	10.00000000	0.01092537	0.00000000
C40	c	0.03728450	0.76430740	0.12776005	2.00000000	10.00000000	0.01732783	0.00000000
C41	c	0.09196576	0.84284280	0.04555600	2.00000000	10.00000000	0.01836163	0.00000000
C42	c	0.00000000	0.81734874	0.11108636	2.00000000	10.00000000	0.02151233	0.00000000
C43	c	0.04494903	0.80658533	0.02785254	2.00000000	10.00000000	0.02533584	0.00000000
C44	c	0.66939547	0.29266945	0.03126423	2.00000000	10.00000000	0.02321348	0.00000000
C45	c	0.68130631	0.32343646	0.04809926	2.00000000	10.00000000	0.01524123	0.00000000
C46	c	0.72601287	0.40732908	0.15619212	2.00000000	10.00000000	0.02295916	0.00000000
C47	c	0.75174674	0.30022541	0.11146436	2.00000000	10.00000000	0.01546094	0.00000000
C48	c	0.71647844	0.36428491	0.11110114	2.00000000	10.00000000	0.01870067	0.00000000
C49	c	0.66617764	0.39239863	0.05507888	2.00000000	10.00000000	0.01023052	0.00000000
C50	c	0.62629976	0.30117574	0.07333021	2.00000000	10.00000000	0.01187612	0.00000000

Q Vehicle fuel tank capacity /0.40000000/
C Vehicle load capacity /1.50000000/
r fuel consumption rate /0.25000000/
g inverse refueling rate /1.00000000/
v average Velocity /1.00000000/
