StringID	Type	x	y	demand	ReadyTime	DueDate	ServiceTime	altitude
D0	d	0.50000000	0.50000000	0.00000000	0.00000000	10.00000000	0.00000000	0.00000000
S0	f	0.23097261	0.79848257	0.00000000	0.00000000	10.00000000	0.00000000	0.00000000
S1	f	0.56529069	0.23817898	0.00000000	0.00000000	10.00000000	0.00000000	0.00000000
S2	f	0.36351378	0.36240839	0.00000000	0.00000000	10.00000000	0.00000000	0.00000000
S3	f	0.00558405	0.58428412	0.00000000	0.00000000	10.00000000	0.00000000	0.00000000
S4	f	0.10972689	0.49162696	0.00000000	0.00000000	10.00000000	0.00000000	0.00000000
S5	f	0.56882956	0.34258922	0.00000000	0.00000000	10.00000000	0.00000000	0.00000000
C1	c	0.63367591	0.51872912	0.04062479	0.00000000	8.00000000	0.02664842	0.00000000
C2	c	0.50329043	0.55366261	0.11539051	0.10000000	8.10000000	0.02784054	0.00000000
C3	c	0.57580322	0.64355602	0.20101425	0.20000000	8.20000000	0.01162435	0.00000000
C4	c	0.68761072	0.49713973	0.08896669	0.30000000	8.30000000	0.02352636	0.00000000
C5	c	0.70718293	0.53956640	0.20132781	0.40000000	8.40000000	0.02516131	0.00000000
C6	c	0.64231869	0.52905779	0.18619337	0.50000000	8.50000000	0.02321860	0.00000000
C7	c	0.22063062	0.87293745	0.25528359	0.60000000	8.60000000	0.02222442	0.00000000
C8	c	0.29244834	0.87071398	0.03941167	0.70000000	8.70000000	0.02415073	0.00000000
C9	c	0.21689936	0.85905796	0.03306746	0.80000000	8.80000000	0.01197539	0.00000000
C10	c	0.38075490	0.88228941	0.25444659	0.90000000	8.90000000	0.02396479	0.00000000
C11	c	0.06596448	0.56732231	0.04567800	1.00000000	9.00000000	0.01836186	0.00000000
C12	c	0.02249404	0.53461474	0.07182954	1.10000000	9.10000000	0.01980139	0.00000000
C13	c	0.07733442	0.55488216	0.10985752	1.20000000	9.20000000	0.02589509	0.00000000
C14	c	0.13437359	0.63941766	0.20337880	1.30000000	9.30000000	0.01120578	0.00000000
C15	c	0.17169319	0.63248928	0.16330256	1.40000000	9.40000000	0.02135980	0.00000000
C16	c	0.16886005	0.60109674	0.08988567	1.50000000	9.50000000	0.02762393	0.00000000
C17	c	0.54051305	0.00000000	0.11622637	1.60000000	9.60000000	0.02888584	0.00000000
C18	c	0.34487138	0.00000000	0.08481993	1.70000000	9.70000000	0.01660720	0.00000000
C19	c	0.38725802	0.00000000	0.10290965	1.80000000	9.80000000	0.02369272	0.00000000
C20	c	0.50309210	0.00000000	0.15123618	1.90000000	9.90000000	0.01337253	0.00000000
C21	c	0.40842097	0.00000000	0.10588459	2.00000000	10.00000000	0.01492744	0.00000000
C22	c	0.45894100	0.00000000	0.15493992	2.00000000	10.00000000	0.02865274	0.00000000
C23	c	0.01368941	0.00016256	0.25223596	2.00000000	10.00000000	0.01729666	0.00000000
C24	c	0.00000000	0.00000000	0.16590465	2.00000000	10.00000000	0.02770035	0.00000000
C25	c	0.08243370	0.09082016	0.22584662	2.00000000	10.00000000	0.01557869	0.00000000
C26	c	0.04620242	0.00261307	0.24314824	2.00000000	10.00000000	0.02740836	0.00000000
C27	c	0.01167376	0.05935436	0.24326613	2.00000000	10.00000000	0.01280468	0.00000000
C28	c	0.00000000	0.01786728	0.20015831	2.00000000	10.00000000	0.01811295	0.00000000
C29	c	0.02184180	0.02737096	0.19427258	2.00000000	10.00000000	0.01088840	0.00000000
C30	c	0.00000000	0.09193195	0.15949205	2.00000000	10.00000000	0.01385228	0.00000000

Q Vehicle fuel tank capacity /0.40000000/
C Vehicle load capacity /1.50000000/
r fuel consumption rate /0.25000000/
g inverse refueling rate /1.00000000/
v average Velocity /1.00000000/
