StringID	Type	x	y	demand	ReadyTime	DueDate	ServiceTime	altitude
D0	d	0.50000000	0.50000000	0.00000000	0.00000000	10.00000000	0.00000000	0.00000000
S0	f	0.49422305	0.76809636	0.00000000	0.00000000	10.00000000	0.00000000	0.00000000
S1	f	0.87932512	0.39960801	0.00000000	0.00000000	10.00000000	0.00000000	0.00000000
S2	f	0.80946165	0.94572234	0.00000000	0.00000000	10.00000000	0.00000000	0.00000000
S3	f	0.27146703	0.86564418	0.00000000	0.00000000	10.00000000	0.00000000	0.00000000
S4	f	0.01558521	0.26921408	0.00000000	0.00000000	10.00000000	0.00000000	0.00000000
S5	f	0.25714772	0.66891923	0.00000000	0.00000000	10.00000000	0.00000000	0.00000000
S6	f	0.33473940	0.82789919	0.00000000	0.00000000	10.00000000	0.00000000	0.00000000
S7	f	0.69309234	0.17769769	0.00000000	0.00000000	10.00000000	0.00000000	0.00000000
S8	f	0.05895525	0.91084418	0.00000000	0.00000000	10.00000000	0.00000000	0.00000000
S9	f	0.90583562	0.79562686	0.00000000	0.00000000	10.00000000	0.00000000	0.00000000
C1	c	0.00000000	0.62937345	0.10849123	0.00000000	8.00000000	0.01044342	0.00000000
C2	c	0.01386104	0.62947461	0.07681246	0.06000000	8.06000000	0.01326074	0.00000000
C3	c	0.07677793	0.61577046	0.11626750	0.12000000	8.12000000	0.01800148	0.00000000
C4	c	0.04947094	0.71888891	0.08982727	0.18000000	8.18000000	0.01911945	0.00000000
C5	c	0.07218219	0.66847135	0.11568444	0.24000000	8.24000000	0.02562081	0.00000000
C6	c	0.18059166	0.74483738	0.06993218	0.30000000	8.30000000	0.01813294	0.00000000
C7	c	0.01244270	0.65363893	0.14418225	0.36000000	8.36000000	0.01067465	0.00000000
C8	c	0.75305805	0.08542724	0.13350159	0.42000000	8.42000000	0.01918543	0.00000000
C9	c	0.68808445	0.00000000	0.11680419	0.48000000	8.48000000	0.02793471	0.00000000
C10	c	0.78653214	0.03359670	0.11383152	0.54000000	8.54000000	0.01779911	0.00000000
C11	c	0.77490252	0.07170688	0.14354860	0.60000000	8.60000000	0.02592639	0.00000000
C12	c	0.78737108	0.02353766	0.04221858	0.66000000	8.66000000	0.01861202	0.00000000
C13	c	0.71032960	0.07457765	0.10235180	0.72000000	8.72000000	0.02053244	0.00000000
C14	c	0.74066391	0.09953794	0.16899968	0.78000000	8.78000000	0.01604416	0.00000000
C15	c	0.74286087	0.00000000	0.09519010	0.84000000	8.84000000	0.02242136	0.00000000
C16	c	0.80305255	0.05608503	0.16553812	0.90000000	8.90000000	0.02504573	0.00000000
C17	c	0.33617667	0.67218887	0.13979622	0.96000000	8.96000000	0.01572602	0.00000000
C18	c	0.33432082	0.68875251	0.13960742	1.02000000	9.02000000	0.01068210	0.00000000
C19	c	0.37700643	0.77591629	0.02726448	1.08000000	9.08000000	0.02184168	0.00000000
C20	c	0.34686921	0.75188564	0.08478234	1.14000000	9.14000000	0.02073089	0.00000000
C21	c	0.39690144	0.70054369	0.03288463	1.20000000	9.20000000	0.02508699	0.00000000
C22	c	0.37402957	0.75755337	0.06220746	1.26000000	9.26000000	0.02071136	0.00000000
C23	c	0.32625433	0.94212361	0.08426086	1.32000000	9.32000000	0.01445243	0.00000000
C24	c	0.29360648	0.93283766	0.16219669	1.38000000	9.38000000	0.01020137	0.00000000
C25	c	0.36002125	0.96905180	0.04522018	1.44000000	9.44000000	0.02466184	0.00000000
C26	c	0.36866147	0.89490515	0.11847202	1.50000000	9.50000000	0.02516869	0.00000000
C27	c	0.31293742	0.92630083	0.03285271	1.56000000	9.56000000	0.01376118	0.00000000
C28	c	0.33787549	1.00000000	0.03420581	1.62000000	9.62000000	0.01131123	0.00000000
C29	c	0.39956677	0.24457265	0.03442044	1.68000000	9.68000000	0.01890362	0.00000000
C30	c	0.37540294	0.19479653	0.08603097	1.74000000	9.74000000	0.02079072	0.00000000
C31	c	0.34355210	0.33307979	0.07092786	1.80000000	9.80000000	0.01904737	0.00000000
C32	c	0.47973458	0.40284267	0.04104257	1.86000000	9.86000000	0.01433579	0.00000000
C33	c	0.47751060	0.31501628	0.03021346	1.92000000	9.92000000	0.01776715	0.00000000
C34	c	0.36955323	0.32840531	0.04558040	1.98000000	9.98000000	0.01946161	0.00000000
C35	c	0.46972253	0.39529489	0.13497040	2.00000000	10.00000000	0.01390354	0.00000000
C36	c	0.49425285	0.38401890	0.07223699	2.00000000	10.00000000	0.01735892	0.00000000
C37	c	0.38831618	0.26736969	0.08569926	2.00000000	10.00000000	0.01091167	0.00000000
C38	c	0.42191633	0.36478198	0.15330701	2.00000000	10.00000000	0.02129221	0.00000000
C39	c	0.63907599	0.27955478	0.16605932	2.00000000	10.00000000	0.01158893	0.00000000
C40	c	0.68547454	0.38030258	0.01577336	2.00000000	10.00000000	0.01761080	0.00000000
C41	c	0.64370173	0.26966954	0.09161964	2.00000000	10.00000000	0.01121310	0.00000000
C42	c	0.68073223	0.25655187	0.15197730	2.00000000	10.00000000	0.01908638	0.00000000
C43	c	0.60289917	0.34638416	0.08423336	2.00000000	10.00000000	0.02774292	0.00000000
C44	c	0.65701508	0.29484481	0.05308703	2.00000000	10.00000000	0.01880583	0.00000000
C45	c	0.34192385	0.38512500	0.06165159	2.00000000	10.00000000	0.02997118	0.00000000
C46	c	0.36523925	0.43324892	0.05692941	2.00000000	10.00000000	0.02773815	0.00000000
C47	c	0.38579563	0.48574234	0.08601224	2.00000000	10.00000000	0.02350793	0.00000000
C48	c	0.35084832	0.37024795	0.03014763	2.00000000	10.00000000	0.02690203	0.00000000
C49	c	0.36688699	0.38581902	0.12983998	2.00000000	10.00000000	0.02839576	0.00000000
C50	c	0.41686549	0.40922085	0.05130743	2.00000000	10.00000000	0.01662983	0.00000000

Q Vehicle fuel tank capacity /0.40000000/
C Vehicle load capacity /1.50000000/
r fuel consumption rate /0.25000000/
g inverse refueling rate /1.00000000/
v average Velocity /1.00000000/
