StringID	Type	x	y	demand	ReadyTime	DueDate	ServiceTime	altitude
D0	d	0.50000000	0.50000000	0.00000000	0.00000000	10.00000000	0.00000000	0.00000000
S0	f	0.30126259	0.16076190	0.00000000	0.00000000	10.00000000	0.00000000	0.00000000
S1	f	0.13016042	0.63094488	0.00000000	0.00000000	10.00000000	0.00000000	0.00000000
S2	f	0.45028483	0.28453731	0.00000000	0.00000000	10.00000000	0.00000000	0.00000000
S3	f	0.14609389	0.44988929	0.00000000	0.00000000	10.00000000	0.00000000	0.00000000
S4	f	0.57447559	0.80685105	0.00000000	0.00000000	10.00000000	0.00000000	0.00000000
S5	f	0.42299313	0.36385935	0.00000000	0.00000000	10.00000000	0.00000000	0.00000000
S6	f	0.81078604	0.24020565	0.00000000	0.00000000	10.00000000	0.00000000	0.00000000
S7	f	0.90291091	0.30417901	0.00000000	0.00000000	10.00000000	0.00000000	0.00000000
S8	f	0.54355024	0.06400463	0.00000000	0.00000000	10.00000000	0.00000000	0.00000000
S9	f	0.31002790	0.47891634	0.00000000	0.00000000	10.00000000	0.00000000	0.00000000
C1	c	0.27762794	0.11633235	0.05795013	0.00000000	8.00000000	0.02801515	0.00000000
C2	c	0.26829782	0.06934465	0.13622262	0.06000000	8.06000000	0.02681162	0.00000000
C3	c	0.31311450	0.02553964	0.02131829	0.12000000	8.12000000	0.01209961	0.00000000
C4	c	0.27643926	0.20367512	0.15213670	0.18000000	8.18000000	0.02561623	0.00000000
C5	c	0.35816970	0.07980479	0.04366242	0.24000000	8.24000000	0.02685617	0.00000000
C6	c	0.25264447	0.10792563	0.08929582	0.30000000	8.30000000	0.01523193	0.00000000
C7	c	0.33084411	0.23587157	0.01765920	0.36000000	8.36000000	0.02849909	0.00000000
C8	c	0.10789497	0.70583241	0.15777014	0.42000000	8.42000000	0.02043724	0.00000000
C9	c	0.08615641	0.64676922	0.04472074	0.48000000	8.48000000	0.01062680	0.00000000
C10	c	0.04642439	0.60736340	0.03890127	0.54000000	8.54000000	0.01707488	0.00000000
C11	c	0.10579268	0.67820714	0.09966824	0.60000000	8.60000000	0.02317958	0.00000000
C12	c	0.18995308	0.57879010	0.12357960	0.66000000	8.66000000	0.01010557	0.00000000
C13	c	0.17739893	0.62467175	0.13733226	0.72000000	8.72000000	0.02235779	0.00000000
C14	c	0.12488068	0.25319737	0.15489369	0.78000000	8.78000000	0.01284921	0.00000000
C15	c	0.00354576	0.34838087	0.13556183	0.84000000	8.84000000	0.02280618	0.00000000
C16	c	0.00000000	0.30895027	0.05543403	0.90000000	8.90000000	0.02481627	0.00000000
C17	c	0.01018071	0.34633306	0.10285456	0.96000000	8.96000000	0.01763167	0.00000000
C18	c	0.04537290	0.28515186	0.08445363	1.02000000	9.02000000	0.01556898	0.00000000
C19	c	1.00000000	0.75349527	0.15337152	1.08000000	9.08000000	0.02401124	0.00000000
C20	c	1.00000000	0.79226210	0.08818646	1.14000000	9.14000000	0.01702428	0.00000000
C21	c	1.00000000	0.86450954	0.04492011	1.20000000	9.20000000	0.02995763	0.00000000
C22	c	1.00000000	0.71424082	0.06626880	1.26000000	9.26000000	0.01163851	0.00000000
C23	c	0.93529911	0.75503275	0.12393334	1.32000000	9.32000000	0.01058770	0.00000000
C24	c	0.94055100	0.83748584	0.14524412	1.38000000	9.38000000	0.02047742	0.00000000
C25	c	0.94684387	0.84417673	0.15644750	1.44000000	9.44000000	0.01051170	0.00000000
C26	c	0.95567230	0.80165239	0.11649203	1.50000000	9.50000000	0.02937707	0.00000000
C27	c	0.71241259	0.75612644	0.01575800	1.56000000	9.56000000	0.02246708	0.00000000
C28	c	0.69218356	0.75512884	0.03750163	1.62000000	9.62000000	0.02731578	0.00000000
C29	c	0.67537340	0.72730057	0.06531432	1.68000000	9.68000000	0.02250110	0.00000000
C30	c	0.72726724	0.69892761	0.06186920	1.74000000	9.74000000	0.01252639	0.00000000
C31	c	0.63142784	0.82016300	0.06406669	1.80000000	9.80000000	0.02584773	0.00000000
C32	c	0.66011961	0.86803001	0.06259210	1.86000000	9.86000000	0.02673050	0.00000000
C33	c	0.69913837	0.79566436	0.14026786	1.92000000	9.92000000	0.01883302	0.00000000
C34	c	0.81200363	0.97364847	0.01539879	1.98000000	9.98000000	0.02361292	0.00000000
C35	c	0.70153669	0.95874329	0.14046924	2.00000000	10.00000000	0.02067092	0.00000000
C36	c	0.75618824	1.00000000	0.02344543	2.00000000	10.00000000	0.01521935	0.00000000
C37	c	0.74547455	0.97184909	0.05713986	2.00000000	10.00000000	0.02998219	0.00000000
C38	c	0.76033625	0.95887581	0.13558343	2.00000000	10.00000000	0.02105097	0.00000000
C39	c	0.71473993	1.00000000	0.06034885	2.00000000	10.00000000	0.01439426	0.00000000
C40	c	0.88579165	0.48521752	0.02775666	2.00000000	10.00000000	0.01703324	0.00000000
C41	c	0.89529069	0.54894061	0.09479978	2.00000000	10.00000000	0.01325123	0.00000000
C42	c	0.81254232	0.53763542	0.08812144	2.00000000	10.00000000	0.02210103	0.00000000
C43	c	0.87147664	0.46752528	0.14605399	2.00000000	10.00000000	0.02698706	0.00000000
C44	c	0.91604589	0.41973030	0.07349180	2.00000000	10.00000000	0.02284322	0.00000000
C45	c	0.92274955	0.53189180	0.12255337	2.00000000	10.00000000	0.01961814	0.00000000
C46	c	0.88202726	0.47844602	0.11490053	2.00000000	10.00000000	0.02696311	0.00000000
C47	c	0.92321015	0.52085419	0.07680004	2.00000000	10.00000000	0.01785253	0.00000000
C48	c	0.83368625	0.52944360	0.13416663	2.00000000	10.00000000	0.02178492	0.00000000
C49	c	0.87142112	0.47336176	0.14937477	2.00000000	10.00000000	0.02990179	0.00000000
C50	c	0.93721804	0.45180343	0.04394652	2.00000000	10.00000000	0.02521428	0.00000000

Q Vehicle fuel tank capacity /0.40000000/
C Vehicle load capacity /1.50000000/
r fuel consumption rate /0.25000000/
g inverse refueling rate /1.00000000/
v average Velocity /1.00000000/
