StringID	Type	x	y	demand	ReadyTime	DueDate	ServiceTime	altitude
D0	d	0.50000000	0.50000000	0.00000000	0.00000000	10.00000000	0.00000000	0.00000000
S0	f	0.88087445	0.30624156	0.00000000	0.00000000	10.00000000	0.00000000	0.00000000
S1	f	0.47898460	0.07820847	0.00000000	0.00000000	10.00000000	0.00000000	0.00000000
S2	f	0.88997580	0.59290817	0.00000000	0.00000000	10.00000000	0.00000000	0.00000000
S3	f	0.05073963	0.32585814	0.00000000	0.00000000	10.00000000	0.00000000	0.00000000
S4	f	0.63911039	0.93918127	0.00000000	0.00000000	10.00000000	0.00000000	0.00000000
S5	f	0.96575032	0.74703187	0.00000000	0.00000000	10.00000000	0.00000000	0.00000000
C1	c	0.35623770	0.94344526	0.04736477	0.00000000	8.00000000	0.02462438	0.00000000
C2	c	0.28100606	0.81624352	0.04573333	0.10000000	8.10000000	0.02910541	0.00000000
C3	c	0.40573417	0.92384106	0.05467252	0.20000000	8.20000000	0.01772985	0.00000000
C4	c	0.41188606	0.95399978	0.29867944	0.30000000	8.30000000	0.02154720	0.00000000
C5	c	0.40340266	0.76971103	0.21136149	0.40000000	8.40000000	0.01304382	0.00000000
C6	c	0.29774610	0.93915909	0.21044623	0.50000000	8.50000000	0.02722465	0.00000000
C7	c	0.35817876	0.87626576	0.26806115	0.60000000	8.60000000	0.01735892	0.00000000
C8	c	0.39424721	0.85459035	0.27515905	0.70000000	8.70000000	0.02224073	0.00000000
C9	c	0.34973834	0.86484147	0.29084178	0.80000000	8.80000000	0.02155254	0.00000000
C10	c	0.82803550	0.20993580	0.10430242	0.90000000	8.90000000	0.02276051	0.00000000
C11	c	0.87512338	0.36503717	0.05608667	1.00000000	9.00000000	0.02765567	0.00000000
C12	c	0.95014281	0.31051915	0.06794837	1.10000000	9.10000000	0.02119467	0.00000000
C13	c	0.82742173	0.39625048	0.25299965	1.20000000	9.20000000	0.01804540	0.00000000
C14	c	0.90088506	0.13377910	0.19414515	1.30000000	9.30000000	0.02101235	0.00000000
C15	c	0.88165963	0.35025843	0.02923951	1.40000000	9.40000000	0.02581881	0.00000000
C16	c	0.39791722	0.04934593	0.11603671	1.50000000	9.50000000	0.02848226	0.00000000
C17	c	0.58123017	0.15939489	0.15981581	1.60000000	9.60000000	0.01562543	0.00000000
C18	c	0.84072823	0.34475895	0.23260642	1.70000000	9.70000000	0.01984769	0.00000000
C19	c	0.71575667	0.48726870	0.08814237	1.80000000	9.80000000	0.01259713	0.00000000
C20	c	0.69981927	0.47830472	0.08252893	1.90000000	9.90000000	0.01464287	0.00000000
C21	c	0.80943700	0.51740406	0.20221069	2.00000000	10.00000000	0.01443542	0.00000000
C22	c	0.64652589	0.43588960	0.12319828	2.00000000	10.00000000	0.02467260	0.00000000
C23	c	0.70158775	0.42933795	0.12539316	2.00000000	10.00000000	0.02954547	0.00000000
C24	c	0.27396128	0.34216628	0.12496239	2.00000000	10.00000000	0.02273451	0.00000000
C25	c	0.21626100	0.36342449	0.08902645	2.00000000	10.00000000	0.02346698	0.00000000
C26	c	0.26422328	0.40728948	0.18004042	2.00000000	10.00000000	0.02691255	0.00000000
C27	c	0.24480141	0.40211551	0.04651526	2.00000000	10.00000000	0.01776205	0.00000000
C28	c	0.32624815	0.42780828	0.10074930	2.00000000	10.00000000	0.01068062	0.00000000
C29	c	0.20805439	0.32553845	0.12352686	2.00000000	10.00000000	0.01649105	0.00000000
C30	c	0.26607539	0.24862757	0.29820541	2.00000000	10.00000000	0.01541268	0.00000000

Q Vehicle fuel tank capacity /0.40000000/
C Vehicle load capacity /1.50000000/
r fuel consumption rate /0.25000000/
g inverse refueling rate /1.00000000/
v average Velocity /1.00000000/
