StringID	Type	x	y	demand	ReadyTime	DueDate	ServiceTime	altitude
D0	d	0.50000000	0.50000000	0.00000000	0.00000000	10.00000000	0.00000000	0.00000000
S0	f	0.71966911	0.18721125	0.00000000	0.00000000	10.00000000	0.00000000	0.00000000
S1	f	0.11850586	0.35412351	0.00000000	0.00000000	10.00000000	0.00000000	0.00000000
S2	f	0.87263587	0.54104346	0.00000000	0.00000000	10.00000000	0.00000000	0.00000000
S3	f	0.06583869	0.67171950	0.00000000	0.00000000	10.00000000	0.00000000	0.00000000
S4	f	0.14041149	0.81802504	0.00000000	0.00000000	10.00000000	0.00000000	0.00000000
S5	f	0.65171448	0.49074944	0.00000000	0.00000000	10.00000000	0.00000000	0.00000000
S6	f	0.34465447	0.15512132	0.00000000	0.00000000	10.00000000	0.00000000	0.00000000
S7	f	0.26607191	0.85335931	0.00000000	0.00000000	10.00000000	0.00000000	0.00000000
S8	f	0.03978090	0.31737807	0.00000000	0.00000000	10.00000000	0.00000000	0.00000000
S9	f	0.27889659	0.50908607	0.00000000	0.00000000	10.00000000	0.00000000	0.00000000
C1	c	0.57664926	0.27830709	0.13353372	0.00000000	8.00000000	0.01192787	0.00000000
C2	c	0.60811015	0.21868601	0.08056722	0.06000000	8.06000000	0.01796219	0.00000000
C3	c	0.48505632	0.32476003	0.14999256	0.12000000	8.12000000	0.02808950	0.00000000
C4	c	0.58227282	0.25488659	0.10004146	0.18000000	8.18000000	0.01879283	0.00000000
C5	c	0.60104417	0.33590744	0.01503623	0.24000000	8.24000000	0.02705050	0.00000000
C6	c	0.62089763	0.30954099	0.10137349	0.30000000	8.30000000	0.02154281	0.00000000
C7	c	0.58071117	0.31521103	0.06999991	0.36000000	8.36000000	0.02092170	0.00000000
C8	c	0.77122517	0.22266940	0.13103386	0.42000000	8.42000000	0.02201380	0.00000000
C9	c	0.68409143	0.20780613	0.07174820	0.48000000	8.48000000	0.01228156	0.00000000
C10	c	0.83422049	0.17496379	0.10504970	0.54000000	8.54000000	0.02705656	0.00000000
C11	c	0.75993683	0.19793520	0.11546903	0.60000000	8.60000000	0.01845077	0.00000000
C12	c	0.79568957	0.17588714	0.14046300	0.66000000	8.66000000	0.02424935	0.00000000
C13	c	0.61981843	0.14129763	0.15533445	0.72000000	8.72000000	0.02277684	0.00000000
C14	c	0.70090379	0.25022655	0.07251979	0.78000000	8.78000000	0.01472312	0.00000000
C15	c	0.76699024	0.32078518	0.10648925	0.84000000	8.84000000	0.02688723	0.00000000
C16	c	0.84218904	0.14958284	0.01301605	0.90000000	8.90000000	0.01558305	0.00000000
C17	c	0.69383177	0.14097896	0.06205173	0.96000000	8.96000000	0.02767066	0.00000000
C18	c	0.69626047	0.13287462	0.10533760	1.02000000	9.02000000	0.01875582	0.00000000
C19	c	0.05177705	0.54114556	0.16032202	1.08000000	9.08000000	0.01598986	0.00000000
C20	c	0.03141307	0.41083248	0.03995858	1.14000000	9.14000000	0.01969087	0.00000000
C21	c	0.06787886	0.50637623	0.01971344	1.20000000	9.20000000	0.02550886	0.00000000
C22	c	0.00521381	0.46116742	0.09715649	1.26000000	9.26000000	0.01715034	0.00000000
C23	c	0.15038300	0.57592356	0.13298015	1.32000000	9.32000000	0.01383870	0.00000000
C24	c	0.03562930	0.49486793	0.04141955	1.38000000	9.38000000	0.01550139	0.00000000
C25	c	0.03735639	0.53307051	0.11219333	1.44000000	9.44000000	0.02668911	0.00000000
C26	c	0.01470465	0.48795731	0.13317134	1.50000000	9.50000000	0.01923577	0.00000000
C27	c	0.05819630	0.41298478	0.05218864	1.56000000	9.56000000	0.02084508	0.00000000
C28	c	0.54157455	0.82797862	0.04737832	1.62000000	9.62000000	0.02666967	0.00000000
C29	c	0.39942742	0.90104378	0.16320734	1.68000000	9.68000000	0.01573725	0.00000000
C30	c	0.48302746	0.94164277	0.09265262	1.74000000	9.74000000	0.01104497	0.00000000
C31	c	0.51173691	0.84896933	0.01544299	1.80000000	9.80000000	0.01597443	0.00000000
C32	c	0.44206905	0.84690169	0.15636308	1.86000000	9.86000000	0.02570377	0.00000000
C33	c	0.46413628	0.88166452	0.12168204	1.92000000	9.92000000	0.01714121	0.00000000
C34	c	0.15830386	0.31233670	0.06083893	1.98000000	9.98000000	0.02573987	0.00000000
C35	c	0.10558988	0.27472771	0.14835061	2.00000000	10.00000000	0.01719901	0.00000000
C36	c	0.01424781	0.25297347	0.11552190	2.00000000	10.00000000	0.02811943	0.00000000
C37	c	0.55280619	0.29963809	0.01534497	2.00000000	10.00000000	0.02693408	0.00000000
C38	c	0.59080483	0.39214101	0.05730995	2.00000000	10.00000000	0.01349568	0.00000000
C39	c	0.63829140	0.31225674	0.05192804	2.00000000	10.00000000	0.01767647	0.00000000
C40	c	0.58872629	0.33684997	0.13015134	2.00000000	10.00000000	0.02671132	0.00000000
C41	c	0.62135297	0.38431619	0.04082837	2.00000000	10.00000000	0.01930009	0.00000000
C42	c	0.54782479	0.41589026	0.10518180	2.00000000	10.00000000	0.01022163	0.00000000
C43	c	0.53240085	0.34915528	0.03919233	2.00000000	10.00000000	0.01623447	0.00000000
C44	c	0.61205221	0.27779031	0.15481171	2.00000000	10.00000000	0.02004849	0.00000000
C45	c	0.89202307	0.93984847	0.06471803	2.00000000	10.00000000	0.01406743	0.00000000
C46	c	0.85433868	0.88201356	0.10137965	2.00000000	10.00000000	0.01362254	0.00000000
C47	c	0.88741807	0.86348760	0.12782772	2.00000000	10.00000000	0.02263596	0.00000000
C48	c	0.85057998	0.86436557	0.04298753	2.00000000	10.00000000	0.02156984	0.00000000
C49	c	0.91898629	0.90572421	0.09519352	2.00000000	10.00000000	0.02697089	0.00000000
C50	c	0.80407075	0.87323136	0.03354643	2.00000000	10.00000000	0.02236249	0.00000000

Q Vehicle fuel tank capacity /0.40000000/
C Vehicle load capacity /1.50000000/
r fuel consumption rate /0.25000000/
g inverse refueling rate /1.00000000/
v average Velocity /1.00000000/
