StringID	Type	x	y	demand	ReadyTime	DueDate	ServiceTime	altitude
D0	d	0.50000000	0.50000000	0.00000000	0.00000000	10.00000000	0.00000000	0.00000000
S0	f	0.24187872	0.70719758	0.00000000	0.00000000	10.00000000	0.00000000	0.00000000
S1	f	0.22195952	0.41314129	0.00000000	0.00000000	10.00000000	0.00000000	0.00000000
S2	f	0.38269054	0.39018371	0.00000000	0.00000000	10.00000000	0.00000000	0.00000000
S3	f	0.20583810	0.67012309	0.00000000	0.00000000	10.00000000	0.00000000	0.00000000
S4	f	0.71455110	0.17020670	0.00000000	0.00000000	10.00000000	0.00000000	0.00000000
S5	f	0.19414806	0.76793849	0.00000000	0.00000000	10.00000000	0.00000000	0.00000000
S6	f	0.39704032	0.68429311	0.00000000	0.00000000	10.00000000	0.00000000	0.00000000
S7	f	0.46381481	0.62626656	0.00000000	0.00000000	10.00000000	0.00000000	0.00000000
S8	f	0.94987137	0.31252653	0.00000000	0.00000000	10.00000000	0.00000000	0.00000000
S9	f	0.35009413	0.48925493	0.00000000	0.00000000	10.00000000	0.00000000	0.00000000
C1	c	0.19260239	0.11527971	0.09333173	0.00000000	8.00000000	0.02162041	0.00000000
C2	c	0.18949877	0.08916843	0.06643880	0.06000000	8.06000000	0.01480923	0.00000000
C3	c	0.22636825	0.06369834	0.10008773	0.12000000	8.12000000	0.01334195	0.00000000
C4	c	0.22000125	0.09551186	0.09649854	0.18000000	8.18000000	0.02968081	0.00000000
C5	c	0.14339314	0.07993580	0.05340227	0.24000000	8.24000000	0.01741072	0.00000000
C6	c	0.09724631	0.55824491	0.02917840	0.30000000	8.30000000	0.02807053	0.00000000
C7	c	0.02795711	0.58666229	0.14086938	0.36000000	8.36000000	0.01891497	0.00000000
C8	c	0.14212568	0.54735271	0.16537415	0.42000000	8.42000000	0.01008990	0.00000000
C9	c	0.08234423	0.66527865	0.09686524	0.48000000	8.48000000	0.01096545	0.00000000
C10	c	0.17590926	0.51371200	0.13110530	0.54000000	8.54000000	0.02993793	0.00000000
C11	c	0.57515849	0.99678257	0.15261484	0.60000000	8.60000000	0.01728225	0.00000000
C12	c	0.60051594	0.88159314	0.06297758	0.66000000	8.66000000	0.02823897	0.00000000
C13	c	0.61459086	1.00000000	0.01277609	0.72000000	8.72000000	0.02915776	0.00000000
C14	c	0.58802506	1.00000000	0.07250405	0.78000000	8.78000000	0.02466021	0.00000000
C15	c	0.54791464	1.00000000	0.07747457	0.84000000	8.84000000	0.01454832	0.00000000
C16	c	0.60174211	0.95763349	0.08616115	0.90000000	8.90000000	0.02360510	0.00000000
C17	c	0.52017658	0.87880070	0.01616678	0.96000000	8.96000000	0.02892862	0.00000000
C18	c	0.52736843	0.85749306	0.04750936	1.02000000	9.02000000	0.01894884	0.00000000
C19	c	0.56022464	0.85419792	0.10987822	1.08000000	9.08000000	0.02683771	0.00000000
C20	c	0.52169702	0.77623463	0.10523106	1.14000000	9.14000000	0.01982905	0.00000000
C21	c	0.54990235	0.80401910	0.05949205	1.20000000	9.20000000	0.01247094	0.00000000
C22	c	0.48111003	0.73342558	0.02270328	1.26000000	9.26000000	0.01970808	0.00000000
C23	c	0.50699851	0.74091733	0.14363079	1.32000000	9.32000000	0.01796411	0.00000000
C24	c	0.45820346	0.72976011	0.05721659	1.38000000	9.38000000	0.01718817	0.00000000
C25	c	0.56283611	0.76107202	0.12364046	1.44000000	9.44000000	0.02354262	0.00000000
C26	c	0.56781566	0.78388924	0.15535237	1.50000000	9.50000000	0.01824475	0.00000000
C27	c	0.67967093	0.78288420	0.09540977	1.56000000	9.56000000	0.02080176	0.00000000
C28	c	0.73009541	0.76781362	0.14678368	1.62000000	9.62000000	0.02647514	0.00000000
C29	c	0.73217995	0.86961349	0.02252192	1.68000000	9.68000000	0.02189706	0.00000000
C30	c	0.67813562	0.92037528	0.14621613	1.74000000	9.74000000	0.01527479	0.00000000
C31	c	0.69902786	0.80119857	0.11251824	1.80000000	9.80000000	0.01791958	0.00000000
C32	c	0.59648625	0.79310357	0.09895151	1.86000000	9.86000000	0.01390964	0.00000000
C33	c	0.58312118	0.82867116	0.17340420	1.92000000	9.92000000	0.02731952	0.00000000
C34	c	0.51670185	0.88976291	0.16652227	1.98000000	9.98000000	0.02160127	0.00000000
C35	c	0.56890022	0.89506854	0.17158177	2.00000000	10.00000000	0.01443053	0.00000000
C36	c	0.50879342	0.89609593	0.05826763	2.00000000	10.00000000	0.02486350	0.00000000
C37	c	0.46934816	0.78561311	0.05672858	2.00000000	10.00000000	0.02178922	0.00000000
C38	c	0.47813012	0.80919404	0.04766246	2.00000000	10.00000000	0.01046197	0.00000000
C39	c	0.56098971	0.68967377	0.11765290	2.00000000	10.00000000	0.02291891	0.00000000
C40	c	0.46144694	0.79134133	0.06287431	2.00000000	10.00000000	0.02148350	0.00000000
C41	c	0.49282461	0.77477353	0.12288944	2.00000000	10.00000000	0.01493726	0.00000000
C42	c	0.37041168	0.23291563	0.03228042	2.00000000	10.00000000	0.01445437	0.00000000
C43	c	0.37127410	0.17854577	0.01807740	2.00000000	10.00000000	0.02876533	0.00000000
C44	c	0.39871868	0.12409102	0.05720691	2.00000000	10.00000000	0.02488466	0.00000000
C45	c	0.42514990	0.25962680	0.03000601	2.00000000	10.00000000	0.01394877	0.00000000
C46	c	0.32715944	0.14164367	0.13994118	2.00000000	10.00000000	0.02661214	0.00000000
C47	c	0.39385959	0.17225958	0.06943510	2.00000000	10.00000000	0.02065071	0.00000000
C48	c	0.32830165	0.22838296	0.03836824	2.00000000	10.00000000	0.01327732	0.00000000
C49	c	0.47538750	0.20225521	0.08343903	2.00000000	10.00000000	0.01917743	0.00000000
C50	c	0.33004690	0.20273734	0.15278011	2.00000000	10.00000000	0.02162237	0.00000000

Q Vehicle fuel tank capacity /0.40000000/
C Vehicle load capacity /1.50000000/
r fuel consumption rate /0.25000000/
g inverse refueling rate /1.00000000/
v average Velocity /1.00000000/
