StringID	Type	x	y	demand	ReadyTime	DueDate	ServiceTime	altitude
D0	d	0.50000000	0.50000000	0.00000000	0.00000000	10.00000000	0.00000000	0.00000000
S0	f	0.24237441	0.98977961	0.00000000	0.00000000	10.00000000	0.00000000	0.00000000
S1	f	0.01641364	0.51715160	0.00000000	0.00000000	10.00000000	0.00000000	0.00000000
S2	f	0.38818100	0.99051337	0.00000000	0.00000000	10.00000000	0.00000000	0.00000000
S3	f	0.29813812	0.39240800	0.00000000	0.00000000	10.00000000	0.00000000	0.00000000
S4	f	0.61237426	0.75478311	0.00000000	0.00000000	10.00000000	0.00000000	0.00000000
S5	f	0.65649213	0.09059728	0.00000000	0.00000000	10.00000000	0.00000000	0.00000000
S6	f	0.61397745	0.03642174	0.00000000	0.00000000	10.00000000	0.00000000	0.00000000
S7	f	0.01314080	0.33852371	0.00000000	0.00000000	10.00000000	0.00000000	0.00000000
S8	f	0.08136992	0.73444291	0.00000000	0.00000000	10.00000000	0.00000000	0.00000000
S9	f	0.92857869	0.98035060	0.00000000	0.00000000	10.00000000	0.00000000	0.00000000
C1	c	0.18870343	0.94670453	0.06276317	0.00000000	8.00000000	0.02518215	0.00000000
C2	c	0.33242760	0.95373790	0.13773949	0.06000000	8.06000000	0.02625417	0.00000000
C3	c	0.23005182	0.89514445	0.07318377	0.12000000	8.12000000	0.01115628	0.00000000
C4	c	0.16014792	0.90882848	0.03836950	0.18000000	8.18000000	0.01425000	0.00000000
C5	c	0.20133905	1.00000000	0.14431017	0.24000000	8.24000000	0.01345462	0.00000000
C6	c	0.83991666	0.37682753	0.09372357	0.30000000	8.30000000	0.01985599	0.00000000
C7	c	0.73024731	0.42341879	0.08396333	0.36000000	8.36000000	0.02792833	0.00000000
C8	c	0.60680547	0.52431155	0.11022265	0.42000000	8.42000000	0.02674214	0.00000000
C9	c	0.79751416	0.48730687	0.01294101	0.48000000	8.48000000	0.02624845	0.00000000
C10	c	0.76262303	0.47603150	0.03038182	0.54000000	8.54000000	0.01759079	0.00000000
C11	c	0.75576871	0.41969391	0.11666465	0.60000000	8.60000000	0.02952133	0.00000000
C12	c	0.74975344	0.45087649	0.13991526	0.66000000	8.66000000	0.02346662	0.00000000
C13	c	0.82441824	0.46471121	0.02082101	0.72000000	8.72000000	0.01283314	0.00000000
C14	c	0.79569622	0.40830050	0.08346291	0.78000000	8.78000000	0.02221106	0.00000000
C15	c	0.75688493	0.51359824	0.08665798	0.84000000	8.84000000	0.02004616	0.00000000
C16	c	0.75305783	0.46726890	0.09905106	0.90000000	8.90000000	0.02973557	0.00000000
C17	c	0.70218999	0.52091853	0.13925702	0.96000000	8.96000000	0.01465266	0.00000000
C18	c	0.93107567	0.44735933	0.04155396	1.02000000	9.02000000	0.01576804	0.00000000
C19	c	0.74766050	0.38370968	0.05888839	1.08000000	9.08000000	0.01028397	0.00000000
C20	c	0.42971114	1.00000000	0.14855090	1.14000000	9.14000000	0.01679516	0.00000000
C21	c	0.37049375	0.92991977	0.06367483	1.20000000	9.20000000	0.02320078	0.00000000
C22	c	0.43982805	0.83377326	0.10440247	1.26000000	9.26000000	0.02078895	0.00000000
C23	c	0.54588623	0.87023557	0.03137496	1.32000000	9.32000000	0.02319797	0.00000000
C24	c	0.52477802	0.91509289	0.09705254	1.38000000	9.38000000	0.01193274	0.00000000
C25	c	0.53320462	0.84282711	0.14722712	1.44000000	9.44000000	0.01392233	0.00000000
C26	c	0.47962518	0.86676162	0.11808589	1.50000000	9.50000000	0.01016582	0.00000000
C27	c	0.52282370	0.82918850	0.03077780	1.56000000	9.56000000	0.02832252	0.00000000
C28	c	0.44103869	0.82688094	0.08095392	1.62000000	9.62000000	0.01900388	0.00000000
C29	c	0.80475401	0.87712001	0.14923352	1.68000000	9.68000000	0.01823371	0.00000000
C30	c	0.79284634	0.87521073	0.10943417	1.74000000	9.74000000	0.02183464	0.00000000
C31	c	0.80010216	0.88461200	0.10858464	1.80000000	9.80000000	0.01389513	0.00000000
C32	c	0.80067753	0.78672823	0.14438968	1.86000000	9.86000000	0.02775424	0.00000000
C33	c	0.75899855	0.84362004	0.14065172	1.92000000	9.92000000	0.01377007	0.00000000
C34	c	0.74724502	0.98469306	0.05537722	1.98000000	9.98000000	0.02161133	0.00000000
C35	c	0.71826520	0.82271707	0.11569225	2.00000000	10.00000000	0.02341459	0.00000000
C36	c	0.38447201	0.13727112	0.08572669	2.00000000	10.00000000	0.02339717	0.00000000
C37	c	0.44419935	0.15528524	0.05348504	2.00000000	10.00000000	0.01278635	0.00000000
C38	c	0.35966447	0.17939420	0.10373000	2.00000000	10.00000000	0.01832194	0.00000000
C39	c	0.38880934	0.09111492	0.04024033	2.00000000	10.00000000	0.02277571	0.00000000
C40	c	0.40085172	0.25113091	0.12722819	2.00000000	10.00000000	0.01728970	0.00000000
C41	c	0.46336649	0.12209893	0.11460709	2.00000000	10.00000000	0.01549468	0.00000000
C42	c	0.41109454	0.19085005	0.14396433	2.00000000	10.00000000	0.01680892	0.00000000
C43	c	0.42088765	0.13492473	0.05140288	2.00000000	10.00000000	0.01563095	0.00000000
C44	c	0.43347146	0.13165684	0.08566888	2.00000000	10.00000000	0.01769733	0.00000000
C45	c	0.41520314	0.14823670	0.07203158	2.00000000	10.00000000	0.02714335	0.00000000
C46	c	0.42078859	0.12915367	0.14056582	2.00000000	10.00000000	0.02790692	0.00000000
C47	c	0.36667023	0.19920620	0.11236555	2.00000000	10.00000000	0.02617915	0.00000000
C48	c	0.79074259	0.33473483	0.02979974	2.00000000	10.00000000	0.02222328	0.00000000
C49	c	0.88188821	0.27515053	0.07450423	2.00000000	10.00000000	0.02658403	0.00000000
C50	c	0.88836892	0.32829702	0.04534529	2.00000000	10.00000000	0.02291576	0.00000000

Q Vehicle fuel tank capacity /0.40000000/
C Vehicle load capacity /1.50000000/
r fuel consumption rate /0.25000000/
g inverse refueling rate /1.00000000/
v average Velocity /1.00000000/
