StringID	Type	x	y	demand	ReadyTime	DueDate	ServiceTime	altitude
D0	d	0.50000000	0.50000000	0.00000000	0.00000000	10.00000000	0.00000000	0.00000000
S0	f	0.55490192	0.82154230	0.00000000	0.00000000	10.00000000	0.00000000	0.00000000
S1	f	0.94408588	0.91542169	0.00000000	0.00000000	10.00000000	0.00000000	0.00000000
S2	f	0.45443764	0.99258605	0.00000000	0.00000000	10.00000000	0.00000000	0.00000000
S3	f	0.27564764	0.00326944	0.00000000	0.00000000	10.00000000	0.00000000	0.00000000
S4	f	0.13379163	0.05029142	0.00000000	0.00000000	10.00000000	0.00000000	0.00000000
S5	f	0.32767076	0.05390318	0.00000000	0.00000000	10.00000000	0.00000000	0.00000000
S6	f	0.10653244	0.67352358	0.00000000	0.00000000	10.00000000	0.00000000	0.00000000
S7	f	0.45061023	0.78355619	0.00000000	0.00000000	10.00000000	0.00000000	0.00000000
S8	f	0.10986303	0.89777892	0.00000000	0.00000000	10.00000000	0.00000000	0.00000000
S9	f	0.81227281	0.46865294	0.00000000	0.00000000	10.00000000	0.00000000	0.00000000
C1	c	0.49338174	0.77334610	0.03110694	0.00000000	8.00000000	0.01926284	0.00000000
C2	c	0.62003874	0.86927413	0.02800015	0.06000000	8.06000000	0.02846699	0.00000000
C3	c	0.55756201	0.73852836	0.02553467	0.12000000	8.12000000	0.01258799	0.00000000
C4	c	0.62927844	0.79749404	0.15885938	0.18000000	8.18000000	0.01044064	0.00000000
C5	c	0.48593473	0.83139295	0.14294297	0.24000000	8.24000000	0.01647395	0.00000000
C6	c	0.59532837	0.86321737	0.12517399	0.30000000	8.30000000	0.01992845	0.00000000
C7	c	0.53268659	0.76402656	0.07829582	0.36000000	8.36000000	0.01337559	0.00000000
C8	c	0.05479162	0.57737408	0.13025170	0.42000000	8.42000000	0.02403055	0.00000000
C9	c	0.00749381	0.64565025	0.05708143	0.48000000	8.48000000	0.02830142	0.00000000
C10	c	0.00480623	0.65928797	0.02591970	0.54000000	8.54000000	0.02254870	0.00000000
C11	c	0.06378160	0.61448309	0.07343647	0.60000000	8.60000000	0.02840086	0.00000000
C12	c	0.04557549	0.57302792	0.08447452	0.66000000	8.66000000	0.01056406	0.00000000
C13	c	0.05825456	0.72225713	0.11262820	0.72000000	8.72000000	0.02172321	0.00000000
C14	c	0.04772482	0.67377474	0.14375052	0.78000000	8.78000000	0.02940661	0.00000000
C15	c	0.00000000	0.50246314	0.16249856	0.84000000	8.84000000	0.01240012	0.00000000
C16	c	0.10512599	0.72619720	0.16776914	0.90000000	8.90000000	0.02943557	0.00000000
C17	c	0.00000000	0.58360246	0.04598419	0.96000000	8.96000000	0.01156301	0.00000000
C18	c	0.11613770	0.57095148	0.10509104	1.02000000	9.02000000	0.01290259	0.00000000
C19	c	0.07464384	0.62165922	0.12329885	1.08000000	9.08000000	0.02690412	0.00000000
C20	c	0.10485724	0.57948477	0.01824882	1.14000000	9.14000000	0.01009246	0.00000000
C21	c	0.02332761	0.66942688	0.06472365	1.20000000	9.20000000	0.02143574	0.00000000
C22	c	0.38032860	0.25615584	0.11920148	1.26000000	9.26000000	0.02868909	0.00000000
C23	c	0.36691358	0.25568225	0.11256390	1.32000000	9.32000000	0.02874493	0.00000000
C24	c	0.38054763	0.17839667	0.15374821	1.38000000	9.38000000	0.01279968	0.00000000
C25	c	0.30838581	0.23580136	0.15867216	1.44000000	9.44000000	0.01217661	0.00000000
C26	c	0.98720346	0.90348008	0.06747430	1.50000000	9.50000000	0.02263800	0.00000000
C27	c	0.41693565	0.15576522	0.09749461	1.56000000	9.56000000	0.02721029	0.00000000
C28	c	0.40807783	0.36226581	0.02806600	1.62000000	9.62000000	0.02864255	0.00000000
C29	c	0.45125592	0.24246970	0.01293851	1.68000000	9.68000000	0.02140891	0.00000000
C30	c	0.48445074	0.20895149	0.06715266	1.74000000	9.74000000	0.02531903	0.00000000
C31	c	0.45692724	0.28454249	0.11743811	1.80000000	9.80000000	0.01309313	0.00000000
C32	c	0.86214355	0.58549151	0.14735492	1.86000000	9.86000000	0.02023243	0.00000000
C33	c	0.80945124	0.59691995	0.07144429	1.92000000	9.92000000	0.02874272	0.00000000
C34	c	0.84807820	0.65683007	0.10987995	1.98000000	9.98000000	0.01486214	0.00000000
C35	c	0.88904631	0.60309693	0.08418907	2.00000000	10.00000000	0.02898243	0.00000000
C36	c	0.86223758	0.59493707	0.16218614	2.00000000	10.00000000	0.01339151	0.00000000
C37	c	0.81321468	0.64269023	0.16352810	2.00000000	10.00000000	0.01179278	0.00000000
C38	c	0.97313792	0.53877422	0.05323651	2.00000000	10.00000000	0.01146026	0.00000000
C39	c	0.89748735	0.62307530	0.15718282	2.00000000	10.00000000	0.01822209	0.00000000
C40	c	0.90619281	0.63676348	0.08895571	2.00000000	10.00000000	0.01824147	0.00000000
C41	c	0.92606753	0.55862312	0.08660244	2.00000000	10.00000000	0.01472425	0.00000000
C42	c	0.97788852	0.55782665	0.16809298	2.00000000	10.00000000	0.02590771	0.00000000
C43	c	0.97037121	0.51669832	0.09597888	2.00000000	10.00000000	0.01056968	0.00000000
C44	c	0.95820071	0.56441540	0.01278472	2.00000000	10.00000000	0.01496060	0.00000000
C45	c	0.90869690	0.56157141	0.01362972	2.00000000	10.00000000	0.01501603	0.00000000
C46	c	0.84166145	0.59881639	0.03888730	2.00000000	10.00000000	0.01020229	0.00000000
C47	c	0.98803691	0.54695162	0.03572934	2.00000000	10.00000000	0.02832196	0.00000000
C48	c	0.92677205	0.56169258	0.04419799	2.00000000	10.00000000	0.02448777	0.00000000
C49	c	0.98609445	0.71828870	0.01756444	2.00000000	10.00000000	0.01829742	0.00000000
C50	c	1.00000000	0.58368451	0.10875406	2.00000000	10.00000000	0.02430907	0.00000000

Q Vehicle fuel tank capacity /0.40000000/
C Vehicle load capacity /1.50000000/
r fuel consumption rate /0.25000000/
g inverse refueling rate /1.00000000/
v average Velocity /1.00000000/
