StringID	Type	x	y	demand	ReadyTime	DueDate	ServiceTime	altitude
D0	d	0.50000000	0.50000000	0.00000000	0.00000000	10.00000000	0.00000000	0.00000000
S0	f	0.09138448	0.70792041	0.00000000	0.00000000	10.00000000	0.00000000	0.00000000
S1	f	0.87907877	0.02746606	0.00000000	0.00000000	10.00000000	0.00000000	0.00000000
S2	f	0.02830835	0.55627207	0.00000000	0.00000000	10.00000000	0.00000000	0.00000000
S3	f	0.18863133	0.74134618	0.00000000	0.00000000	10.00000000	0.00000000	0.00000000
S4	f	0.08709542	0.52033456	0.00000000	0.00000000	10.00000000	0.00000000	0.00000000
S5	f	0.24148063	0.92009758	0.00000000	0.00000000	10.00000000	0.00000000	0.00000000
C1	c	0.31900953	0.00000000	0.18697564	0.00000000	8.00000000	0.01440839	0.00000000
C2	c	0.33597286	0.08535110	0.20111186	0.10000000	8.10000000	0.01705331	0.00000000
C3	c	0.40247898	0.04632230	0.05724662	0.20000000	8.20000000	0.02014455	0.00000000
C4	c	0.28587635	0.12972833	0.12432323	0.30000000	8.30000000	0.01367246	0.00000000
C5	c	0.28592517	0.06796472	0.15907882	0.40000000	8.40000000	0.01800074	0.00000000
C6	c	0.29978156	0.05763808	0.15780045	0.50000000	8.50000000	0.01390759	0.00000000
C7	c	0.37158794	0.08381762	0.11277054	0.60000000	8.60000000	0.01000336	0.00000000
C8	c	0.27092001	0.09315848	0.18978396	0.70000000	8.70000000	0.02392221	0.00000000
C9	c	0.19242525	0.01247005	0.05488177	0.80000000	8.80000000	0.01583241	0.00000000
C10	c	0.38256228	0.39841971	0.09242429	0.90000000	8.90000000	0.02042508	0.00000000
C11	c	0.44385776	0.35634792	0.20921290	1.00000000	9.00000000	0.01535072	0.00000000
C12	c	0.00000000	0.71707459	0.27657774	1.10000000	9.10000000	0.02376246	0.00000000
C13	c	0.03872610	0.71098069	0.08933278	1.20000000	9.20000000	0.02393705	0.00000000
C14	c	0.13414455	0.70251135	0.27526908	1.30000000	9.30000000	0.02584231	0.00000000
C15	c	0.33747517	0.39421769	0.13922884	1.40000000	9.40000000	0.01576733	0.00000000
C16	c	0.35674199	0.37440073	0.18716170	1.50000000	9.50000000	0.01305349	0.00000000
C17	c	0.30407197	0.25200643	0.24528435	1.60000000	9.60000000	0.02636436	0.00000000
C18	c	0.35447407	0.41271508	0.08791511	1.70000000	9.70000000	0.02193892	0.00000000
C19	c	0.26373420	0.22701032	0.20974443	1.80000000	9.80000000	0.02180660	0.00000000
C20	c	0.33339787	0.39687433	0.18361884	1.90000000	9.90000000	0.01959145	0.00000000
C21	c	0.34230643	0.41175553	0.03680483	2.00000000	10.00000000	0.01155137	0.00000000
C22	c	0.33714570	0.39269304	0.09099289	2.00000000	10.00000000	0.01489485	0.00000000
C23	c	0.54008053	0.19031846	0.24767563	2.00000000	10.00000000	0.02120120	0.00000000
C24	c	0.49404584	0.23093402	0.02734254	2.00000000	10.00000000	0.02241794	0.00000000
C25	c	0.45103464	0.20169097	0.03053368	2.00000000	10.00000000	0.01987885	0.00000000
C26	c	0.47240761	0.16093391	0.05444384	2.00000000	10.00000000	0.02886303	0.00000000
C27	c	0.52641176	0.27054918	0.11534966	2.00000000	10.00000000	0.02096479	0.00000000
C28	c	0.45277318	0.10631220	0.24015368	2.00000000	10.00000000	0.01856398	0.00000000
C29	c	0.47596712	0.15653679	0.18876432	2.00000000	10.00000000	0.02222337	0.00000000
C30	c	0.39188727	0.29025534	0.22819598	2.00000000	10.00000000	0.02437205	0.00000000

Q Vehicle fuel tank capacity /0.40000000/
C Vehicle load capacity /1.50000000/
r fuel consumption rate /0.25000000/
g inverse refueling rate /1.00000000/
v average Velocity /1.00000000/
