StringID	Type	x	y	demand	ReadyTime	DueDate	ServiceTime	altitude
D0	d	0.50000000	0.50000000	0.00000000	0.00000000	10.00000000	0.00000000	0.00000000
S0	f	0.88743729	0.68968605	0.00000000	0.00000000	10.00000000	0.00000000	0.00000000
S1	f	0.59602488	0.70279038	0.00000000	0.00000000	10.00000000	0.00000000	0.00000000
S2	f	0.29406969	0.18562633	0.00000000	0.00000000	10.00000000	0.00000000	0.00000000
S3	f	0.22263576	0.12129184	0.00000000	0.00000000	10.00000000	0.00000000	0.00000000
S4	f	0.25083294	0.15519478	0.00000000	0.00000000	10.00000000	0.00000000	0.00000000
S5	f	0.53283131	0.22704059	0.00000000	0.00000000	10.00000000	0.00000000	0.00000000
C1	c	1.00000000	0.89875178	0.03311083	0.00000000	8.00000000	0.01694793	0.00000000
C2	c	0.97192951	0.88266532	0.05132438	0.10000000	8.10000000	0.02408904	0.00000000
C3	c	0.95372184	0.82468573	0.02095745	0.20000000	8.20000000	0.01450201	0.00000000
C4	c	0.97919754	0.94120579	0.25872715	0.30000000	8.30000000	0.02795032	0.00000000
C5	c	0.97326573	0.77226601	0.08881148	0.40000000	8.40000000	0.01983875	0.00000000
C6	c	0.91649510	0.91416936	0.30013294	0.50000000	8.50000000	0.02759260	0.00000000
C7	c	0.76105493	0.82342154	0.04518320	0.60000000	8.60000000	0.02194662	0.00000000
C8	c	0.85776197	0.85271780	0.19799857	0.70000000	8.70000000	0.01832709	0.00000000
C9	c	0.85617195	0.80284522	0.12564517	0.80000000	8.80000000	0.01404645	0.00000000
C10	c	0.87317015	0.82356633	0.09974351	0.90000000	8.90000000	0.01314839	0.00000000
C11	c	0.78443420	0.81018594	0.14502960	1.00000000	9.00000000	0.01463929	0.00000000
C12	c	0.89851220	0.87994523	0.28301870	1.10000000	9.10000000	0.02176239	0.00000000
C13	c	0.82597422	0.79333477	0.04224588	1.20000000	9.20000000	0.01184840	0.00000000
C14	c	0.65659114	0.52903263	0.19876599	1.30000000	9.30000000	0.01259454	0.00000000
C15	c	0.68511512	0.45005521	0.02373656	1.40000000	9.40000000	0.02135982	0.00000000
C16	c	0.69184251	0.48631750	0.09822274	1.50000000	9.50000000	0.02191410	0.00000000
C17	c	0.68640586	0.51393124	0.12629151	1.60000000	9.60000000	0.02527203	0.00000000
C18	c	0.71912421	0.50358303	0.25982013	1.70000000	9.70000000	0.02847424	0.00000000
C19	c	1.00000000	0.56539869	0.10703239	1.80000000	9.80000000	0.01065019	0.00000000
C20	c	0.83537038	0.66722791	0.21732011	1.90000000	9.90000000	0.02444748	0.00000000
C21	c	0.82252642	0.68632511	0.17457110	2.00000000	10.00000000	0.02766671	0.00000000
C22	c	0.94747601	0.66885125	0.14708487	2.00000000	10.00000000	0.01627085	0.00000000
C23	c	0.69407442	0.64636317	0.02885878	2.00000000	10.00000000	0.02991003	0.00000000
C24	c	0.82237669	0.56941445	0.29048991	2.00000000	10.00000000	0.02786697	0.00000000
C25	c	0.75543585	0.62931341	0.11271379	2.00000000	10.00000000	0.01868748	0.00000000
C26	c	0.77192862	0.58968274	0.25774870	2.00000000	10.00000000	0.02175409	0.00000000
C27	c	0.73536745	0.58990755	0.16837122	2.00000000	10.00000000	0.01978978	0.00000000
C28	c	0.74579040	0.56822743	0.06039189	2.00000000	10.00000000	0.02951417	0.00000000
C29	c	0.73313833	0.67351549	0.26653708	2.00000000	10.00000000	0.01323521	0.00000000
C30	c	0.83325105	0.61950980	0.27011437	2.00000000	10.00000000	0.01974616	0.00000000

Q Vehicle fuel tank capacity /0.40000000/
C Vehicle load capacity /1.50000000/
r fuel consumption rate /0.25000000/
g inverse refueling rate /1.00000000/
v average Velocity /1.00000000/
