StringID	Type	x	y	demand	ReadyTime	DueDate	ServiceTime	altitude
D0	d	0.50000000	0.50000000	0.00000000	0.00000000	10.00000000	0.00000000	0.00000000
S0	f	0.91633056	0.63776353	0.00000000	0.00000000	10.00000000	0.00000000	0.00000000
S1	f	0.24856324	0.71915208	0.00000000	0.00000000	10.00000000	0.00000000	0.00000000
S2	f	0.33085793	0.40422311	0.00000000	0.00000000	10.00000000	0.00000000	0.00000000
S3	f	0.93156851	0.40335220	0.00000000	0.00000000	10.00000000	0.00000000	0.00000000
S4	f	0.20371217	0.58142832	0.00000000	0.00000000	10.00000000	0.00000000	0.00000000
S5	f	0.74626883	0.02818598	0.00000000	0.00000000	10.00000000	0.00000000	0.00000000
S6	f	0.49558271	0.22868287	0.00000000	0.00000000	10.00000000	0.00000000	0.00000000
S7	f	0.86892812	0.17785814	0.00000000	0.00000000	10.00000000	0.00000000	0.00000000
S8	f	0.92739272	0.02136625	0.00000000	0.00000000	10.00000000	0.00000000	0.00000000
S9	f	0.48731087	0.71634373	0.00000000	0.00000000	10.00000000	0.00000000	0.00000000
C1	c	0.91922426	0.96819225	0.02069172	0.00000000	8.00000000	0.02648531	0.00000000
C2	c	0.83935143	0.95687228	0.14538615	0.06000000	8.06000000	0.01658077	0.00000000
C3	c	0.90367321	1.00000000	0.01241068	0.12000000	8.12000000	0.01127722	0.00000000
C4	c	0.82693558	0.92138870	0.08731916	0.18000000	8.18000000	0.01672072	0.00000000
C5	c	0.87256157	1.00000000	0.14324146	0.24000000	8.24000000	0.02469380	0.00000000
C6	c	0.93115860	0.98313549	0.04075845	0.30000000	8.30000000	0.01531271	0.00000000
C7	c	0.80601681	0.96676494	0.14520984	0.36000000	8.36000000	0.01172983	0.00000000
C8	c	0.77677159	0.90846393	0.06982187	0.42000000	8.42000000	0.02420753	0.00000000
C9	c	0.84663116	0.92431080	0.03986436	0.48000000	8.48000000	0.02165896	0.00000000
C10	c	0.94532575	0.93174577	0.09107974	0.54000000	8.54000000	0.02670541	0.00000000
C11	c	0.92909862	0.96225325	0.12063126	0.60000000	8.60000000	0.02480489	0.00000000
C12	c	0.66330532	0.13424549	0.11971825	0.66000000	8.66000000	0.02675586	0.00000000
C13	c	0.64540200	0.16936666	0.07698274	0.72000000	8.72000000	0.01622215	0.00000000
C14	c	0.61957431	0.14745666	0.05361478	0.78000000	8.78000000	0.02102475	0.00000000
C15	c	0.63943575	0.16863422	0.15616636	0.84000000	8.84000000	0.01010413	0.00000000
C16	c	0.70107853	0.25598451	0.10493392	0.90000000	8.90000000	0.01577848	0.00000000
C17	c	0.71243175	0.10203782	0.07149167	0.96000000	8.96000000	0.02491333	0.00000000
C18	c	0.58397608	0.12100221	0.12099813	1.02000000	9.02000000	0.01787731	0.00000000
C19	c	0.82046665	0.43371121	0.13342369	1.08000000	9.08000000	0.02484411	0.00000000
C20	c	0.74204623	0.42260504	0.05126818	1.14000000	9.14000000	0.02720093	0.00000000
C21	c	0.78283631	0.41445998	0.03034824	1.20000000	9.20000000	0.01058799	0.00000000
C22	c	0.80227004	0.44707101	0.08545060	1.26000000	9.26000000	0.01981790	0.00000000
C23	c	0.75940829	0.42675207	0.11298684	1.32000000	9.32000000	0.01620538	0.00000000
C24	c	0.80959179	0.47070174	0.08118410	1.38000000	9.38000000	0.01200475	0.00000000
C25	c	0.70776329	0.38098027	0.05905534	1.44000000	9.44000000	0.02130096	0.00000000
C26	c	0.85981316	0.49613569	0.11394068	1.50000000	9.50000000	0.01939217	0.00000000
C27	c	0.00000000	0.87009327	0.14927456	1.56000000	9.56000000	0.02019965	0.00000000
C28	c	0.00000000	0.94294058	0.11950355	1.62000000	9.62000000	0.02521392	0.00000000
C29	c	0.05454893	0.92918873	0.14076323	1.68000000	9.68000000	0.02260107	0.00000000
C30	c	0.04320183	0.93156769	0.08929616	1.74000000	9.74000000	0.02937152	0.00000000
C31	c	0.02130043	0.91903330	0.09813515	1.80000000	9.80000000	0.02515767	0.00000000
C32	c	0.01593821	0.21837274	0.06380339	1.86000000	9.86000000	0.01508114	0.00000000
C33	c	0.06954458	0.14361199	0.12176805	1.92000000	9.92000000	0.02194322	0.00000000
C34	c	0.04279414	0.21085862	0.11841690	1.98000000	9.98000000	0.02309231	0.00000000
C35	c	0.06370105	0.26250284	0.03958085	2.00000000	10.00000000	0.01209644	0.00000000
C36	c	0.00210141	0.22383220	0.14997216	2.00000000	10.00000000	0.02277400	0.00000000
C37	c	0.75004150	0.85894208	0.11533582	2.00000000	10.00000000	0.01286024	0.00000000
C38	c	0.78263507	0.81239083	0.05690374	2.00000000	10.00000000	0.01311976	0.00000000
C39	c	0.68879155	0.83541444	0.06914481	2.00000000	10.00000000	0.01592126	0.00000000
C40	c	0.76309180	0.86306487	0.11866013	2.00000000	10.00000000	0.02036772	0.00000000
C41	c	0.74652250	0.82813087	0.01605661	2.00000000	10.00000000	0.01020062	0.00000000
C42	c	0.82738867	0.77152404	0.14327296	2.00000000	10.00000000	0.01062833	0.00000000
C43	c	0.82120467	0.83934680	0.12442710	2.00000000	10.00000000	0.01557401	0.00000000
C44	c	0.77943472	0.68263939	0.05356368	2.00000000	10.00000000	0.02369928	0.00000000
C45	c	0.91455936	0.56701480	0.08796860	2.00000000	10.00000000	0.01404006	0.00000000
C46	c	0.76614457	0.50109973	0.05213889	2.00000000	10.00000000	0.02430107	0.00000000
C47	c	0.74466362	0.49487205	0.05540246	2.00000000	10.00000000	0.02176988	0.00000000
C48	c	0.78555950	0.55585944	0.04997878	2.00000000	10.00000000	0.01608103	0.00000000
C49	c	0.82894807	0.55027646	0.03151278	2.00000000	10.00000000	0.01003602	0.00000000
C50	c	0.80073168	0.54295066	0.14714142	2.00000000	10.00000000	0.01969858	0.00000000

Q Vehicle fuel tank capacity /0.40000000/
C Vehicle load capacity /1.50000000/
r fuel consumption rate /0.25000000/
g inverse refueling rate /1.00000000/
v average Velocity /1.00000000/
