StringID	Type	x	y	demand	ReadyTime	DueDate	ServiceTime	altitude
D0	d	0.50000000	0.50000000	0.00000000	0.00000000	10.00000000	0.00000000	0.00000000
S0	f	0.16882864	0.15811127	0.00000000	0.00000000	10.00000000	0.00000000	0.00000000
S1	f	0.68538263	0.06294492	0.00000000	0.00000000	10.00000000	0.00000000	0.00000000
S2	f	0.58620447	0.51712397	0.00000000	0.00000000	10.00000000	0.00000000	0.00000000
S3	f	0.04944887	0.40041668	0.00000000	0.00000000	10.00000000	0.00000000	0.00000000
S4	f	0.70085741	0.30391203	0.00000000	0.00000000	10.00000000	0.00000000	0.00000000
S5	f	0.06038543	0.88425311	0.00000000	0.00000000	10.00000000	0.00000000	0.00000000
C1	c	0.62435090	0.62476356	0.02219903	0.00000000	8.00000000	0.02972144	0.00000000
C2	c	0.57838574	0.59707512	0.21111299	0.10000000	8.10000000	0.01924766	0.00000000
C3	c	0.59893981	0.62554367	0.04269136	0.20000000	8.20000000	0.01276916	0.00000000
C4	c	0.64601050	0.63993474	0.18933092	0.30000000	8.30000000	0.01676141	0.00000000
C5	c	0.69464370	0.58532115	0.26374065	0.40000000	8.40000000	0.01515343	0.00000000
C6	c	0.73294798	0.60615923	0.11739077	0.50000000	8.50000000	0.02149994	0.00000000
C7	c	0.61083820	0.66813974	0.03662926	0.60000000	8.60000000	0.01370159	0.00000000
C8	c	0.20878877	0.17477863	0.19594621	0.70000000	8.70000000	0.01171313	0.00000000
C9	c	0.13233407	0.14099086	0.08674687	0.80000000	8.80000000	0.01290051	0.00000000
C10	c	0.19360128	0.09637034	0.15897172	0.90000000	8.90000000	0.02985670	0.00000000
C11	c	0.37080873	0.89768495	0.26193367	1.00000000	9.00000000	0.02731676	0.00000000
C12	c	0.34283085	0.87593568	0.09062143	1.10000000	9.10000000	0.02101171	0.00000000
C13	c	0.34561374	0.90508121	0.24627100	1.20000000	9.20000000	0.02518699	0.00000000
C14	c	0.40369210	0.86654084	0.07064782	1.30000000	9.30000000	0.02282046	0.00000000
C15	c	0.37163139	0.88336712	0.10165148	1.40000000	9.40000000	0.01353699	0.00000000
C16	c	0.37602248	0.86087049	0.12842391	1.50000000	9.50000000	0.02074166	0.00000000
C17	c	0.40468540	0.93794323	0.04697911	1.60000000	9.60000000	0.02484998	0.00000000
C18	c	0.89896904	0.92035303	0.19589513	1.70000000	9.70000000	0.01764847	0.00000000
C19	c	0.90271492	0.90765632	0.19147847	1.80000000	9.80000000	0.02062199	0.00000000
C20	c	0.75837802	0.90740339	0.21168635	1.90000000	9.90000000	0.01579058	0.00000000
C21	c	0.81238318	0.86171435	0.01871913	2.00000000	10.00000000	0.02839792	0.00000000
C22	c	0.88272817	0.92188675	0.18846195	2.00000000	10.00000000	0.02069508	0.00000000
C23	c	0.76727351	1.00000000	0.09026137	2.00000000	10.00000000	0.01912263	0.00000000
C24	c	0.89181954	0.89687121	0.19108391	2.00000000	10.00000000	0.01326228	0.00000000
C25	c	0.64949349	0.86813243	0.17335477	2.00000000	10.00000000	0.02127754	0.00000000
C26	c	0.61628511	0.73326736	0.15028365	2.00000000	10.00000000	0.01810523	0.00000000
C27	c	0.63066831	0.91422902	0.23344242	2.00000000	10.00000000	0.02251946	0.00000000
C28	c	0.61284878	0.86208715	0.17648815	2.00000000	10.00000000	0.01036897	0.00000000
C29	c	0.58282490	0.86443522	0.17890265	2.00000000	10.00000000	0.02954888	0.00000000
C30	c	0.61348955	0.87923218	0.22865385	2.00000000	10.00000000	0.02924235	0.00000000

Q Vehicle fuel tank capacity /0.40000000/
C Vehicle load capacity /1.50000000/
r fuel consumption rate /0.25000000/
g inverse refueling rate /1.00000000/
v average Velocity /1.00000000/
