StringID	Type	x	y	demand	ReadyTime	DueDate	ServiceTime	altitude
D0	d	0.50000000	0.50000000	0.00000000	0.00000000	10.00000000	0.00000000	0.00000000
S0	f	0.77219657	0.62716163	0.00000000	0.00000000	10.00000000	0.00000000	0.00000000
S1	f	0.28276637	0.00385287	0.00000000	0.00000000	10.00000000	0.00000000	0.00000000
S2	f	0.96586427	0.78216232	0.00000000	0.00000000	10.00000000	0.00000000	0.00000000
S3	f	0.67218595	0.76137802	0.00000000	0.00000000	10.00000000	0.00000000	0.00000000
S4	f	0.60662675	0.87779191	0.00000000	0.00000000	10.00000000	0.00000000	0.00000000
S5	f	0.16392202	0.41002071	0.00000000	0.00000000	10.00000000	0.00000000	0.00000000
C1	c	0.06726734	0.77998751	0.10286780	0.00000000	8.00000000	0.02527103	0.00000000
C2	c	0.05960289	0.80559935	0.18503662	0.10000000	8.10000000	0.02000553	0.00000000
C3	c	0.06997199	0.81500785	0.06109416	0.20000000	8.20000000	0.02492548	0.00000000
C4	c	0.04658983	0.79692272	0.21796226	0.30000000	8.30000000	0.01453539	0.00000000
C5	c	0.00000000	0.79525010	0.14681524	0.40000000	8.40000000	0.01769921	0.00000000
C6	c	0.04302766	0.82187284	0.21097561	0.50000000	8.50000000	0.01402574	0.00000000
C7	c	0.01493533	0.80621048	0.19533540	0.60000000	8.60000000	0.02410536	0.00000000
C8	c	0.06536810	0.75126374	0.20166271	0.70000000	8.70000000	0.01599864	0.00000000
C9	c	0.74465437	0.84569308	0.03461191	0.80000000	8.80000000	0.02440721	0.00000000
C10	c	0.71791792	0.93637772	0.09929180	0.90000000	8.90000000	0.02684417	0.00000000
C11	c	0.72431428	0.88940175	0.25272052	1.00000000	9.00000000	0.01583881	0.00000000
C12	c	0.75459549	0.88745066	0.19164358	1.10000000	9.10000000	0.02158041	0.00000000
C13	c	0.74324167	0.81019906	0.12050673	1.20000000	9.20000000	0.01033567	0.00000000
C14	c	0.72905406	0.82314522	0.18341660	1.30000000	9.30000000	0.02603417	0.00000000
C15	c	0.67063551	0.60888459	0.22672367	1.40000000	9.40000000	0.01815251	0.00000000
C16	c	0.65271165	0.55093730	0.14833286	1.50000000	9.50000000	0.02064605	0.00000000
C17	c	0.74539808	0.45994920	0.07074337	1.60000000	9.60000000	0.02956492	0.00000000
C18	c	0.71291953	0.64627507	0.14157514	1.70000000	9.70000000	0.01481536	0.00000000
C19	c	0.40460516	0.29505979	0.21494049	1.80000000	9.80000000	0.02253924	0.00000000
C20	c	0.43156646	0.39768635	0.10218500	1.90000000	9.90000000	0.02484223	0.00000000
C21	c	0.61381771	0.50419420	0.03260793	2.00000000	10.00000000	0.02076562	0.00000000
C22	c	0.73446426	0.67368151	0.04845200	2.00000000	10.00000000	0.02521700	0.00000000
C23	c	0.66765281	0.58665514	0.16353185	2.00000000	10.00000000	0.01145493	0.00000000
C24	c	0.76293496	0.48654874	0.06029076	2.00000000	10.00000000	0.02854800	0.00000000
C25	c	0.78001433	0.56339135	0.05938893	2.00000000	10.00000000	0.02271102	0.00000000
C26	c	0.71881331	0.53687988	0.25964926	2.00000000	10.00000000	0.01955770	0.00000000
C27	c	0.75556938	0.51367193	0.23939172	2.00000000	10.00000000	0.01782550	0.00000000
C28	c	0.66418388	0.64246068	0.19979978	2.00000000	10.00000000	0.01045109	0.00000000
C29	c	0.72505779	0.63651002	0.12415996	2.00000000	10.00000000	0.02801307	0.00000000
C30	c	0.76865344	0.55890545	0.20428634	2.00000000	10.00000000	0.02201071	0.00000000

Q Vehicle fuel tank capacity /0.40000000/
C Vehicle load capacity /1.50000000/
r fuel consumption rate /0.25000000/
g inverse refueling rate /1.00000000/
v average Velocity /1.00000000/
