StringID	Type	x	y	demand	ReadyTime	DueDate	ServiceTime	altitude
D0	d	0.50000000	0.50000000	0.00000000	0.00000000	10.00000000	0.00000000	0.00000000
S0	f	0.82736945	0.04976599	0.00000000	0.00000000	10.00000000	0.00000000	0.00000000
S1	f	0.54106986	0.99147462	0.00000000	0.00000000	10.00000000	0.00000000	0.00000000
S2	f	0.68610811	0.54798137	0.00000000	0.00000000	10.00000000	0.00000000	0.00000000
S3	f	0.88871145	0.59700656	0.00000000	0.00000000	10.00000000	0.00000000	0.00000000
S4	f	0.39798762	0.55974379	0.00000000	0.00000000	10.00000000	0.00000000	0.00000000
S5	f	0.29799934	0.57173023	0.00000000	0.00000000	10.00000000	0.00000000	0.00000000
S6	f	0.98020750	0.59684903	0.00000000	0.00000000	10.00000000	0.00000000	0.00000000
S7	f	0.69074142	0.18372184	0.00000000	0.00000000	10.00000000	0.00000000	0.00000000
S8	f	0.25103837	0.68895724	0.00000000	0.00000000	10.00000000	0.00000000	0.00000000
S9	f	0.04569394	0.45362456	0.00000000	0.00000000	10.00000000	0.00000000	0.00000000
C1	c	0.68435826	0.94871604	0.14478587	0.00000000	8.00000000	0.02544522	0.00000000
C2	c	0.62212804	0.86592824	0.15488145	0.06000000	8.06000000	0.02592020	0.00000000
C3	c	0.62695575	0.82735567	0.02290793	0.12000000	8.12000000	0.02316104	0.00000000
C4	c	0.59548859	0.91594283	0.08820393	0.18000000	8.18000000	0.01985916	0.00000000
C5	c	0.65626567	0.92700053	0.09499788	0.24000000	8.24000000	0.02990840	0.00000000
C6	c	0.69970277	0.99826892	0.09747361	0.30000000	8.30000000	0.01797269	0.00000000
C7	c	0.66901480	0.95259610	0.04725150	0.36000000	8.36000000	0.01070578	0.00000000
C8	c	0.47160561	0.19460590	0.07192717	0.42000000	8.42000000	0.01280763	0.00000000
C9	c	0.48199516	0.21548634	0.13578784	0.48000000	8.48000000	0.01829266	0.00000000
C10	c	0.38994651	0.20191409	0.12104705	0.54000000	8.54000000	0.02300295	0.00000000
C11	c	0.47912400	0.12194774	0.02359314	0.60000000	8.60000000	0.01021158	0.00000000
C12	c	0.30732135	0.12831327	0.07944626	0.66000000	8.66000000	0.01027447	0.00000000
C13	c	0.29479054	0.20918411	0.10323066	0.72000000	8.72000000	0.02283640	0.00000000
C14	c	0.39115717	0.21411522	0.11607440	0.78000000	8.78000000	0.02365265	0.00000000
C15	c	0.39523624	0.20084459	0.02533479	0.84000000	8.84000000	0.02947767	0.00000000
C16	c	0.37859084	0.19507596	0.02847452	0.90000000	8.90000000	0.02524943	0.00000000
C17	c	0.38720250	0.18920851	0.07995125	0.96000000	8.96000000	0.01671242	0.00000000
C18	c	0.48050365	0.18531619	0.10961405	1.02000000	9.02000000	0.01786747	0.00000000
C19	c	0.36664983	0.16302575	0.13242798	1.08000000	9.08000000	0.02840968	0.00000000
C20	c	0.44623445	0.23803804	0.13039115	1.14000000	9.14000000	0.02195524	0.00000000
C21	c	0.85624368	0.16821091	0.07431781	1.20000000	9.20000000	0.02128307	0.00000000
C22	c	0.77805548	0.10451225	0.14888225	1.26000000	9.26000000	0.01022575	0.00000000
C23	c	0.77504374	0.05783128	0.08000839	1.32000000	9.32000000	0.02583304	0.00000000
C24	c	0.86431181	0.00000000	0.10896458	1.38000000	9.38000000	0.01014653	0.00000000
C25	c	0.86591681	0.08629460	0.15753177	1.44000000	9.44000000	0.01269461	0.00000000
C26	c	0.91029508	0.08034530	0.08867829	1.50000000	9.50000000	0.01954567	0.00000000
C27	c	0.72329790	0.06154357	0.13003581	1.56000000	9.56000000	0.02455876	0.00000000
C28	c	0.70708034	0.47104156	0.12972891	1.62000000	9.62000000	0.02195599	0.00000000
C29	c	0.79715418	0.55588187	0.11089684	1.68000000	9.68000000	0.02333834	0.00000000
C30	c	0.75455530	0.59532989	0.10328453	1.74000000	9.74000000	0.01109360	0.00000000
C31	c	0.76379287	0.52946650	0.07316735	1.80000000	9.80000000	0.02950454	0.00000000
C32	c	0.72898259	0.51358706	0.03917888	1.86000000	9.86000000	0.01259117	0.00000000
C33	c	0.78283086	0.64732037	0.09588748	1.92000000	9.92000000	0.02799071	0.00000000
C34	c	0.18707597	0.97894817	0.01185333	1.98000000	9.98000000	0.01847577	0.00000000
C35	c	0.15649273	0.98358918	0.08017452	2.00000000	10.00000000	0.01933558	0.00000000
C36	c	0.14186560	0.96997653	0.06065578	2.00000000	10.00000000	0.01838582	0.00000000
C37	c	0.17322698	0.98062903	0.13424370	2.00000000	10.00000000	0.01303394	0.00000000
C38	c	0.10327891	0.92759295	0.02063206	2.00000000	10.00000000	0.01460816	0.00000000
C39	c	0.17178038	1.00000000	0.15593496	2.00000000	10.00000000	0.01356976	0.00000000
C40	c	0.16122069	0.99037166	0.09668450	2.00000000	10.00000000	0.01687305	0.00000000
C41	c	0.20005386	0.95863372	0.06102645	2.00000000	10.00000000	0.02581873	0.00000000
C42	c	0.74436220	0.28989176	0.03584178	2.00000000	10.00000000	0.01568856	0.00000000
C43	c	0.75851215	0.31575396	0.12438133	2.00000000	10.00000000	0.02278084	0.00000000
C44	c	0.85313503	0.40976842	0.02237847	2.00000000	10.00000000	0.01047999	0.00000000
C45	c	0.65820177	0.31399050	0.11636250	2.00000000	10.00000000	0.02414776	0.00000000
C46	c	0.80785827	0.41231445	0.14937215	2.00000000	10.00000000	0.02891968	0.00000000
C47	c	0.92098472	0.54346480	0.06640805	2.00000000	10.00000000	0.02168362	0.00000000
C48	c	0.94118277	0.46790230	0.06579365	2.00000000	10.00000000	0.01404532	0.00000000
C49	c	0.91271131	0.54499118	0.04041730	2.00000000	10.00000000	0.02092086	0.00000000
C50	c	0.97111148	0.53211476	0.10947417	2.00000000	10.00000000	0.01906878	0.00000000

Q Vehicle fuel tank capacity /0.40000000/
C Vehicle load capacity /1.50000000/
r fuel consumption rate /0.25000000/
g inverse refueling rate /1.00000000/
v average Velocity /1.00000000/
