StringID	Type	x	y	demand	ReadyTime	DueDate	ServiceTime	altitude
D0	d	0.50000000	0.50000000	0.00000000	0.00000000	10.00000000	0.00000000	0.00000000
S0	f	0.93459065	0.28587770	0.00000000	0.00000000	10.00000000	0.00000000	0.00000000
S1	f	0.11436918	0.15565851	0.00000000	0.00000000	10.00000000	0.00000000	0.00000000
S2	f	0.83752058	0.42132842	0.00000000	0.00000000	10.00000000	0.00000000	0.00000000
S3	f	0.91323689	0.79686374	0.00000000	0.00000000	10.00000000	0.00000000	0.00000000
S4	f	0.35226794	0.46928873	0.00000000	0.00000000	10.00000000	0.00000000	0.00000000
S5	f	0.85025471	0.17066124	0.00000000	0.00000000	10.00000000	0.00000000	0.00000000
C1	c	0.01773197	0.65719827	0.01755587	0.00000000	8.00000000	0.01184647	0.00000000
C2	c	0.19228825	0.60807067	0.14009676	0.10000000	8.10000000	0.01210281	0.00000000
C3	c	0.11025444	0.59744678	0.23041138	0.20000000	8.20000000	0.01341530	0.00000000
C4	c	0.11230051	0.57018166	0.05579931	0.30000000	8.30000000	0.02393656	0.00000000
C5	c	0.20982264	0.61218043	0.22493108	0.40000000	8.40000000	0.01500230	0.00000000
C6	c	0.12137482	0.66037149	0.24076809	0.50000000	8.50000000	0.02700377	0.00000000
C7	c	0.00491141	0.58306122	0.08549968	0.60000000	8.60000000	0.02516235	0.00000000
C8	c	0.11387324	0.60341690	0.21476054	0.70000000	8.70000000	0.01612349	0.00000000
C9	c	0.96424382	0.33004092	0.22588404	0.80000000	8.80000000	0.01443552	0.00000000
C10	c	0.96609049	0.24516861	0.17058258	0.90000000	8.90000000	0.01548958	0.00000000
C11	c	0.86299173	0.31495670	0.04846696	1.00000000	9.00000000	0.02455226	0.00000000
C12	c	0.98665659	0.34392542	0.08508862	1.10000000	9.10000000	0.02167608	0.00000000
C13	c	0.98063421	0.28833433	0.16215849	1.20000000	9.20000000	0.01521381	0.00000000
C14	c	0.20868387	0.81778122	0.18656476	1.30000000	9.30000000	0.01838704	0.00000000
C15	c	0.19825065	0.87841096	0.18959699	1.40000000	9.40000000	0.02900179	0.00000000
C16	c	0.17061674	0.95193088	0.21782126	1.50000000	9.50000000	0.02479040	0.00000000
C17	c	0.27388042	0.86571659	0.15716945	1.60000000	9.60000000	0.01414832	0.00000000
C18	c	0.12044725	0.81340134	0.12985711	1.70000000	9.70000000	0.02568541	0.00000000
C19	c	0.23052688	0.80448774	0.15854649	1.80000000	9.80000000	0.02238254	0.00000000
C20	c	0.19706925	0.76839011	0.16363682	1.90000000	9.90000000	0.02990336	0.00000000
C21	c	0.19379040	0.82211258	0.12824321	2.00000000	10.00000000	0.01023604	0.00000000
C22	c	0.05572101	0.13433510	0.16924266	2.00000000	10.00000000	0.02449789	0.00000000
C23	c	0.20661319	0.20374576	0.21969606	2.00000000	10.00000000	0.01310526	0.00000000
C24	c	0.10809182	0.19642181	0.11687734	2.00000000	10.00000000	0.01651208	0.00000000
C25	c	0.08730759	0.10860540	0.01761699	2.00000000	10.00000000	0.02202902	0.00000000
C26	c	0.05941985	0.13046091	0.07502429	2.00000000	10.00000000	0.02226013	0.00000000
C27	c	0.21001589	0.09913198	0.17666405	2.00000000	10.00000000	0.01566059	0.00000000
C28	c	0.21571959	0.94670853	0.10461284	2.00000000	10.00000000	0.02638475	0.00000000
C29	c	0.18068453	0.95240762	0.16339614	2.00000000	10.00000000	0.02715726	0.00000000
C30	c	0.25201643	0.92847693	0.22343014	2.00000000	10.00000000	0.02889323	0.00000000

Q Vehicle fuel tank capacity /0.40000000/
C Vehicle load capacity /1.50000000/
r fuel consumption rate /0.25000000/
g inverse refueling rate /1.00000000/
v average Velocity /1.00000000/
