StringID	Type	x	y	demand	ReadyTime	DueDate	ServiceTime	altitude
D0	d	0.50000000	0.50000000	0.00000000	0.00000000	10.00000000	0.00000000	0.00000000
S0	f	0.81409092	0.89974910	0.00000000	0.00000000	10.00000000	0.00000000	0.00000000
S1	f	0.91394787	0.70854075	0.00000000	0.00000000	10.00000000	0.00000000	0.00000000
S2	f	0.83063208	0.98628566	0.00000000	0.00000000	10.00000000	0.00000000	0.00000000
S3	f	0.65580714	0.98742241	0.00000000	0.00000000	10.00000000	0.00000000	0.00000000
S4	f	0.38603963	0.24469072	0.00000000	0.00000000	10.00000000	0.00000000	0.00000000
S5	f	0.43367065	0.38566615	0.00000000	0.00000000	10.00000000	0.00000000	0.00000000
C1	c	0.94251881	1.00000000	0.09430873	0.00000000	8.00000000	0.02157672	0.00000000
C2	c	0.94242457	0.93358410	0.14067128	0.10000000	8.10000000	0.02299541	0.00000000
C3	c	0.93857544	1.00000000	0.29495784	0.20000000	8.20000000	0.02651454	0.00000000
C4	c	0.94157474	0.93656586	0.23146379	0.30000000	8.30000000	0.01453607	0.00000000
C5	c	0.90825879	1.00000000	0.02966782	0.40000000	8.40000000	0.02286421	0.00000000
C6	c	0.91611334	0.91026523	0.25896946	0.50000000	8.50000000	0.02597935	0.00000000
C7	c	0.90237491	1.00000000	0.24638361	0.60000000	8.60000000	0.02562501	0.00000000
C8	c	0.92042282	1.00000000	0.17371606	0.70000000	8.70000000	0.02015135	0.00000000
C9	c	0.95562960	1.00000000	0.28038061	0.80000000	8.80000000	0.01521925	0.00000000
C10	c	0.07190549	0.18774826	0.04983104	0.90000000	8.90000000	0.02728343	0.00000000
C11	c	0.05059858	0.25488168	0.02262667	1.00000000	9.00000000	0.01928759	0.00000000
C12	c	0.03225626	0.15876985	0.20909530	1.10000000	9.10000000	0.02764734	0.00000000
C13	c	0.03587533	0.22253322	0.13521717	1.20000000	9.20000000	0.02732471	0.00000000
C14	c	0.08055828	0.11537814	0.08944293	1.30000000	9.30000000	0.01807486	0.00000000
C15	c	0.07587733	0.13286374	0.21931937	1.40000000	9.40000000	0.02585470	0.00000000
C16	c	0.70152577	0.17053680	0.15579010	1.50000000	9.50000000	0.02603581	0.00000000
C17	c	0.73750977	0.13262275	0.19598448	1.60000000	9.60000000	0.02034277	0.00000000
C18	c	0.91254296	0.19860045	0.25244850	1.70000000	9.70000000	0.01546755	0.00000000
C19	c	0.80618153	0.09197963	0.15904642	1.80000000	9.80000000	0.02771350	0.00000000
C20	c	0.81577560	0.16240903	0.12164902	1.90000000	9.90000000	0.02798731	0.00000000
C21	c	0.75432311	0.19665708	0.08472802	2.00000000	10.00000000	0.02444652	0.00000000
C22	c	0.78880679	0.18425184	0.08249929	2.00000000	10.00000000	0.02186600	0.00000000
C23	c	0.22316581	0.34450312	0.07801916	2.00000000	10.00000000	0.02476164	0.00000000
C24	c	0.35866140	0.35902784	0.17641499	2.00000000	10.00000000	0.01585904	0.00000000
C25	c	0.37632898	0.37579146	0.05438855	2.00000000	10.00000000	0.01618632	0.00000000
C26	c	0.32019866	0.41246854	0.05396217	2.00000000	10.00000000	0.01980911	0.00000000
C27	c	0.37740033	0.41014666	0.20049297	2.00000000	10.00000000	0.01216659	0.00000000
C28	c	0.34196314	0.38124164	0.08583692	2.00000000	10.00000000	0.01886108	0.00000000
C29	c	0.40892568	0.49804653	0.27491251	2.00000000	10.00000000	0.02825011	0.00000000
C30	c	0.83631588	0.86251327	0.04777522	2.00000000	10.00000000	0.01447140	0.00000000

Q Vehicle fuel tank capacity /0.40000000/
C Vehicle load capacity /1.50000000/
r fuel consumption rate /0.25000000/
g inverse refueling rate /1.00000000/
v average Velocity /1.00000000/
