StringID	Type	x	y	demand	ReadyTime	DueDate	ServiceTime	altitude
D0	d	0.50000000	0.50000000	0.00000000	0.00000000	10.00000000	0.00000000	0.00000000
S0	f	0.67689392	0.98549428	0.00000000	0.00000000	10.00000000	0.00000000	0.00000000
S1	f	0.90835171	0.00315175	0.00000000	0.00000000	10.00000000	0.00000000	0.00000000
S2	f	0.75104757	0.48981090	0.00000000	0.00000000	10.00000000	0.00000000	0.00000000
S3	f	0.26849553	0.54106155	0.00000000	0.00000000	10.00000000	0.00000000	0.00000000
S4	f	0.71013210	0.39042094	0.00000000	0.00000000	10.00000000	0.00000000	0.00000000
S5	f	0.03871363	0.28338895	0.00000000	0.00000000	10.00000000	0.00000000	0.00000000
C1	c	0.14629460	0.12845099	0.11348364	0.00000000	8.00000000	0.01233763	0.00000000
C2	c	0.20747675	0.15327200	0.10724887	0.10000000	8.10000000	0.01967059	0.00000000
C3	c	0.13307443	0.17810526	0.18405164	0.20000000	8.20000000	0.01643091	0.00000000
C4	c	0.20690795	0.10108080	0.07160765	0.30000000	8.30000000	0.02320352	0.00000000
C5	c	0.14671862	0.11516845	0.07272763	0.40000000	8.40000000	0.01175873	0.00000000
C6	c	0.18485612	0.14272233	0.09359469	0.50000000	8.50000000	0.01872547	0.00000000
C7	c	0.12545813	0.09895116	0.22224026	0.60000000	8.60000000	0.02323256	0.00000000
C8	c	0.03544704	0.23797223	0.10797704	0.70000000	8.70000000	0.01069123	0.00000000
C9	c	0.20194870	0.14016577	0.24540841	0.80000000	8.80000000	0.02266916	0.00000000
C10	c	0.61118774	0.97699587	0.14168288	0.90000000	8.90000000	0.02821145	0.00000000
C11	c	0.28669476	0.44339043	0.07852744	1.00000000	9.00000000	0.02859041	0.00000000
C12	c	0.30681017	0.47068703	0.25584261	1.10000000	9.10000000	0.02910352	0.00000000
C13	c	0.33601964	0.39801262	0.20613230	1.20000000	9.20000000	0.02721683	0.00000000
C14	c	0.41930710	0.44624634	0.21973104	1.30000000	9.30000000	0.01830983	0.00000000
C15	c	0.29029446	0.44546464	0.27898544	1.40000000	9.40000000	0.01001399	0.00000000
C16	c	0.30492065	0.41397626	0.12204295	1.50000000	9.50000000	0.02985293	0.00000000
C17	c	0.29519282	0.43804131	0.17826295	1.60000000	9.60000000	0.02938463	0.00000000
C18	c	0.31126642	0.49757652	0.05597928	1.70000000	9.70000000	0.01451484	0.00000000
C19	c	0.41374831	0.85981146	0.12184736	1.80000000	9.80000000	0.01423248	0.00000000
C20	c	0.41547732	0.80076835	0.10247281	1.90000000	9.90000000	0.01177898	0.00000000
C21	c	0.40413440	0.77573908	0.23510352	2.00000000	10.00000000	0.02584152	0.00000000
C22	c	0.42319351	0.83455623	0.09110935	2.00000000	10.00000000	0.01992926	0.00000000
C23	c	0.45555279	0.83447604	0.04403142	2.00000000	10.00000000	0.02063772	0.00000000
C24	c	0.49305586	0.85990226	0.25595462	2.00000000	10.00000000	0.01061252	0.00000000
C25	c	0.20889456	0.33471755	0.03442642	2.00000000	10.00000000	0.01081539	0.00000000
C26	c	0.25625067	0.44811956	0.10776246	2.00000000	10.00000000	0.01806369	0.00000000
C27	c	0.27646601	0.39850597	0.23979845	2.00000000	10.00000000	0.02284952	0.00000000
C28	c	0.16676463	0.30879399	0.19358921	2.00000000	10.00000000	0.02111978	0.00000000
C29	c	0.28514867	0.26866954	0.22257101	2.00000000	10.00000000	0.02823554	0.00000000
C30	c	0.24623872	0.34953036	0.09580666	2.00000000	10.00000000	0.02532360	0.00000000

Q Vehicle fuel tank capacity /0.40000000/
C Vehicle load capacity /1.50000000/
r fuel consumption rate /0.25000000/
g inverse refueling rate /1.00000000/
v average Velocity /1.00000000/
