StringID	Type	x	y	demand	ReadyTime	DueDate	ServiceTime	altitude
D0	d	0.50000000	0.50000000	0.00000000	0.00000000	10.00000000	0.00000000	0.00000000
S0	f	0.34492455	0.08169050	0.00000000	0.00000000	10.00000000	0.00000000	0.00000000
S1	f	0.65744830	0.53169473	0.00000000	0.00000000	10.00000000	0.00000000	0.00000000
S2	f	0.84092198	0.85319451	0.00000000	0.00000000	10.00000000	0.00000000	0.00000000
S3	f	0.84667706	0.23619295	0.00000000	0.00000000	10.00000000	0.00000000	0.00000000
S4	f	0.55783908	0.49130664	0.00000000	0.00000000	10.00000000	0.00000000	0.00000000
S5	f	0.13910165	0.10899320	0.00000000	0.00000000	10.00000000	0.00000000	0.00000000
S6	f	0.06453915	0.76487276	0.00000000	0.00000000	10.00000000	0.00000000	0.00000000
S7	f	0.27288104	0.98869152	0.00000000	0.00000000	10.00000000	0.00000000	0.00000000
S8	f	0.52862754	0.68764538	0.00000000	0.00000000	10.00000000	0.00000000	0.00000000
S9	f	0.33772102	0.90439521	0.00000000	0.00000000	10.00000000	0.00000000	0.00000000
C1	c	0.17777084	0.44179066	0.12648239	0.00000000	8.00000000	0.01310765	0.00000000
C2	c	0.19773408	0.41109422	0.04355270	0.06000000	8.06000000	0.01415887	0.00000000
C3	c	0.12318923	0.40489998	0.06949545	0.12000000	8.12000000	0.01760189	0.00000000
C4	c	0.00000000	0.40934802	0.08356414	0.18000000	8.18000000	0.02749189	0.00000000
C5	c	0.04138648	0.41313271	0.14100745	0.24000000	8.24000000	0.02073474	0.00000000
C6	c	0.09219914	0.39108472	0.15849132	0.30000000	8.30000000	0.01404304	0.00000000
C7	c	0.10567657	0.42359906	0.14108250	0.36000000	8.36000000	0.01719971	0.00000000
C8	c	0.20395177	0.42023249	0.09592656	0.42000000	8.42000000	0.01810638	0.00000000
C9	c	0.08592112	0.49460649	0.14769986	0.48000000	8.48000000	0.01665933	0.00000000
C10	c	0.19832660	0.51885969	0.14722330	0.54000000	8.54000000	0.02522303	0.00000000
C11	c	0.31835036	0.59960530	0.09699276	0.60000000	8.60000000	0.02996307	0.00000000
C12	c	0.28263882	0.57144545	0.02935069	0.66000000	8.66000000	0.01448308	0.00000000
C13	c	0.36197744	0.65527253	0.11601083	0.72000000	8.72000000	0.01010912	0.00000000
C14	c	0.39563106	0.66028863	0.12322011	0.78000000	8.78000000	0.01830878	0.00000000
C15	c	0.28632382	0.76334853	0.02218348	0.84000000	8.84000000	0.01892845	0.00000000
C16	c	0.28969517	0.51195761	0.07396738	0.90000000	8.90000000	0.02256461	0.00000000
C17	c	0.23526598	0.55123282	0.10472288	0.96000000	8.96000000	0.01410560	0.00000000
C18	c	0.28283219	0.59711861	0.01499547	1.02000000	9.02000000	0.02163640	0.00000000
C19	c	0.27197296	0.62946494	0.04142396	1.08000000	9.08000000	0.01892423	0.00000000
C20	c	0.45229034	0.35956186	0.16456358	1.14000000	9.14000000	0.02056379	0.00000000
C21	c	0.42078455	0.37266446	0.06812237	1.20000000	9.20000000	0.02382992	0.00000000
C22	c	0.50881915	0.42228500	0.11440742	1.26000000	9.26000000	0.01971964	0.00000000
C23	c	0.40752187	0.44442986	0.14807533	1.32000000	9.32000000	0.02909926	0.00000000
C24	c	0.44723690	0.35488517	0.05183622	1.38000000	9.38000000	0.02081223	0.00000000
C25	c	0.49782275	0.28718385	0.01136628	1.44000000	9.44000000	0.02134308	0.00000000
C26	c	0.37587649	0.36243501	0.03762104	1.50000000	9.50000000	0.02626927	0.00000000
C27	c	0.38728145	0.31136484	0.02376409	1.56000000	9.56000000	0.02206723	0.00000000
C28	c	0.27277704	0.72319208	0.09048675	1.62000000	9.62000000	0.01311393	0.00000000
C29	c	0.18361180	0.78023416	0.04887329	1.68000000	9.68000000	0.01923004	0.00000000
C30	c	0.22218676	0.72638307	0.03733394	1.74000000	9.74000000	0.01580961	0.00000000
C31	c	0.29945688	0.82633257	0.14324663	1.80000000	9.80000000	0.01663785	0.00000000
C32	c	0.17243327	0.41379885	0.14319444	1.86000000	9.86000000	0.01181015	0.00000000
C33	c	0.18676217	0.38423840	0.13706907	1.92000000	9.92000000	0.02535643	0.00000000
C34	c	0.23378582	0.38836264	0.09714494	1.98000000	9.98000000	0.01231112	0.00000000
C35	c	0.21002715	0.47182233	0.01945683	2.00000000	10.00000000	0.01984835	0.00000000
C36	c	0.17861713	0.38463199	0.05074108	2.00000000	10.00000000	0.01533429	0.00000000
C37	c	0.16019580	0.45264699	0.02320162	2.00000000	10.00000000	0.02161377	0.00000000
C38	c	0.23071593	0.39724179	0.16029475	2.00000000	10.00000000	0.01670047	0.00000000
C39	c	0.34732041	0.13613425	0.03005447	2.00000000	10.00000000	0.01585546	0.00000000
C40	c	0.31861362	0.12698048	0.12961403	2.00000000	10.00000000	0.02056257	0.00000000
C41	c	0.33190579	0.15592470	0.14262610	2.00000000	10.00000000	0.02818331	0.00000000
C42	c	0.30259139	0.05564468	0.13337539	2.00000000	10.00000000	0.02506384	0.00000000
C43	c	0.31569573	0.04878342	0.14740936	2.00000000	10.00000000	0.02142592	0.00000000
C44	c	0.29302298	0.17723314	0.02300134	2.00000000	10.00000000	0.02396345	0.00000000
C45	c	0.67605103	0.58225605	0.08670171	2.00000000	10.00000000	0.01159167	0.00000000
C46	c	0.68056789	0.45962146	0.01227442	2.00000000	10.00000000	0.02893036	0.00000000
C47	c	0.72258807	0.52242491	0.13772316	2.00000000	10.00000000	0.01009828	0.00000000
C48	c	0.69153215	0.61442416	0.14081552	2.00000000	10.00000000	0.02604114	0.00000000
C49	c	0.66111979	0.46068109	0.08222717	2.00000000	10.00000000	0.01047503	0.00000000
C50	c	0.61578457	0.48583349	0.08598441	2.00000000	10.00000000	0.01228273	0.00000000

Q Vehicle fuel tank capacity /0.40000000/
C Vehicle load capacity /1.50000000/
r fuel consumption rate /0.25000000/
g inverse refueling rate /1.00000000/
v average Velocity /1.00000000/
