StringID	Type	x	y	demand	ReadyTime	DueDate	ServiceTime	altitude
D0	d	0.50000000	0.50000000	0.00000000	0.00000000	10.00000000	0.00000000	0.00000000
S0	f	0.11282001	0.62119329	0.00000000	0.00000000	10.00000000	0.00000000	0.00000000
S1	f	0.02969807	0.19760814	0.00000000	0.00000000	10.00000000	0.00000000	0.00000000
S2	f	0.85145108	0.03990540	0.00000000	0.00000000	10.00000000	0.00000000	0.00000000
S3	f	0.15363241	0.26242725	0.00000000	0.00000000	10.00000000	0.00000000	0.00000000
S4	f	0.82362037	0.71786605	0.00000000	0.00000000	10.00000000	0.00000000	0.00000000
S5	f	0.11236626	0.92089528	0.00000000	0.00000000	10.00000000	0.00000000	0.00000000
C1	c	1.00000000	0.61692368	0.19048547	0.00000000	8.00000000	0.02610254	0.00000000
C2	c	0.99521517	0.58564760	0.20621380	0.10000000	8.10000000	0.02363060	0.00000000
C3	c	1.00000000	0.54701240	0.09199790	0.20000000	8.20000000	0.02883485	0.00000000
C4	c	0.59588488	0.90897395	0.12961493	0.30000000	8.30000000	0.02218393	0.00000000
C5	c	0.79107704	0.95662611	0.05828751	0.40000000	8.40000000	0.02700844	0.00000000
C6	c	0.68749065	0.94216393	0.22515829	0.50000000	8.50000000	0.01033949	0.00000000
C7	c	0.71233560	0.92713939	0.20378219	0.60000000	8.60000000	0.01837325	0.00000000
C8	c	0.67260223	0.89302322	0.22847108	0.70000000	8.70000000	0.01728984	0.00000000
C9	c	0.68004417	0.96107631	0.29169148	0.80000000	8.80000000	0.02425230	0.00000000
C10	c	0.69328583	0.92106922	0.03847202	0.90000000	8.90000000	0.02553193	0.00000000
C11	c	0.33543803	0.92542197	0.05959759	1.00000000	9.00000000	0.02128298	0.00000000
C12	c	0.35924169	0.93954670	0.09572211	1.10000000	9.10000000	0.02839429	0.00000000
C13	c	0.37187436	0.98079690	0.16038779	1.20000000	9.20000000	0.02173862	0.00000000
C14	c	0.06584607	0.06564996	0.02342979	1.30000000	9.30000000	0.02998663	0.00000000
C15	c	0.14942021	0.01951386	0.16281828	1.40000000	9.40000000	0.01551278	0.00000000
C16	c	0.14159302	0.03721975	0.12753673	1.50000000	9.50000000	0.02806296	0.00000000
C17	c	0.11964804	0.02550504	0.09167422	1.60000000	9.60000000	0.02701684	0.00000000
C18	c	0.16225579	0.01936919	0.19512550	1.70000000	9.70000000	0.01273635	0.00000000
C19	c	0.11483786	0.12376041	0.03386231	1.80000000	9.80000000	0.02052353	0.00000000
C20	c	0.25426830	0.15954302	0.21981700	1.90000000	9.90000000	0.02805908	0.00000000
C21	c	0.05953419	0.05478906	0.17760820	2.00000000	10.00000000	0.02203822	0.00000000
C22	c	0.13646681	0.10950212	0.05479641	2.00000000	10.00000000	0.02395670	0.00000000
C23	c	0.05353410	0.00000000	0.27550363	2.00000000	10.00000000	0.01602083	0.00000000
C24	c	0.06771674	0.00000000	0.14219858	2.00000000	10.00000000	0.02951326	0.00000000
C25	c	0.02345525	0.00000000	0.20045996	2.00000000	10.00000000	0.02438128	0.00000000
C26	c	0.04595810	0.04142169	0.03034629	2.00000000	10.00000000	0.02000757	0.00000000
C27	c	0.04923982	0.04054227	0.15671737	2.00000000	10.00000000	0.01410706	0.00000000
C28	c	0.01865147	0.03738623	0.16935156	2.00000000	10.00000000	0.01711056	0.00000000
C29	c	0.10986562	0.08823019	0.20534492	2.00000000	10.00000000	0.01381814	0.00000000
C30	c	0.03995113	0.00000000	0.25352711	2.00000000	10.00000000	0.01916969	0.00000000

Q Vehicle fuel tank capacity /0.40000000/
C Vehicle load capacity /1.50000000/
r fuel consumption rate /0.25000000/
g inverse refueling rate /1.00000000/
v average Velocity /1.00000000/
