StringID	Type	x	y	demand	ReadyTime	DueDate	ServiceTime	altitude
D0	d	0.50000000	0.50000000	0.00000000	0.00000000	10.00000000	0.00000000	0.00000000
S0	f	0.41380124	0.89531321	0.00000000	0.00000000	10.00000000	0.00000000	0.00000000
S1	f	0.89664055	0.20840544	0.00000000	0.00000000	10.00000000	0.00000000	0.00000000
S2	f	0.99463580	0.06286061	0.00000000	0.00000000	10.00000000	0.00000000	0.00000000
S3	f	0.79137717	0.64914432	0.00000000	0.00000000	10.00000000	0.00000000	0.00000000
S4	f	0.83439493	0.09428612	0.00000000	0.00000000	10.00000000	0.00000000	0.00000000
S5	f	0.03641861	0.18758028	0.00000000	0.00000000	10.00000000	0.00000000	0.00000000
C1	c	0.63256827	0.66780691	0.22856022	0.00000000	8.00000000	0.01845116	0.00000000
C2	c	0.67721496	0.74036709	0.12090147	0.10000000	8.10000000	0.01052641	0.00000000
C3	c	0.61328767	0.75157659	0.17240807	0.20000000	8.20000000	0.01947989	0.00000000
C4	c	0.58630261	0.73092778	0.20602297	0.30000000	8.30000000	0.01114133	0.00000000
C5	c	0.71258334	0.65936806	0.11850253	0.40000000	8.40000000	0.01112545	0.00000000
C6	c	0.59994354	0.63297620	0.11125791	0.50000000	8.50000000	0.02411482	0.00000000
C7	c	0.55484895	0.72809453	0.18757664	0.60000000	8.60000000	0.01662325	0.00000000
C8	c	0.56993978	0.76237523	0.02155657	0.70000000	8.70000000	0.01935153	0.00000000
C9	c	0.64033592	0.72487306	0.24121353	0.80000000	8.80000000	0.01052727	0.00000000
C10	c	0.61854191	0.16882286	0.14729074	0.90000000	8.90000000	0.01358276	0.00000000
C11	c	0.54300106	0.24368984	0.08758673	1.00000000	9.00000000	0.01543276	0.00000000
C12	c	0.58399163	0.19212439	0.14470289	1.10000000	9.10000000	0.02985724	0.00000000
C13	c	0.54387465	0.13850615	0.13964953	1.20000000	9.20000000	0.01715932	0.00000000
C14	c	0.69432213	0.46443230	0.20420815	1.30000000	9.30000000	0.01904391	0.00000000
C15	c	0.68901788	0.42444651	0.14832335	1.40000000	9.40000000	0.01358700	0.00000000
C16	c	0.78213197	0.33528079	0.26870117	1.50000000	9.50000000	0.01458077	0.00000000
C17	c	0.70336915	0.32413348	0.09927200	1.60000000	9.60000000	0.01746400	0.00000000
C18	c	0.66446599	0.41039006	0.18152371	1.70000000	9.70000000	0.01482219	0.00000000
C19	c	0.70376905	0.39700345	0.03684425	1.80000000	9.80000000	0.01737569	0.00000000
C20	c	0.66556592	0.42602146	0.20973479	1.90000000	9.90000000	0.01899445	0.00000000
C21	c	0.68327534	0.39910746	0.17340107	2.00000000	10.00000000	0.02066164	0.00000000
C22	c	0.65474765	0.28547250	0.17460888	2.00000000	10.00000000	0.01257464	0.00000000
C23	c	0.76938186	0.34309865	0.20342647	2.00000000	10.00000000	0.01465082	0.00000000
C24	c	0.66925553	0.38497971	0.08531890	2.00000000	10.00000000	0.02419725	0.00000000
C25	c	0.91722228	0.75827850	0.19093836	2.00000000	10.00000000	0.01132967	0.00000000
C26	c	0.31741145	0.92715838	0.15565661	2.00000000	10.00000000	0.01870280	0.00000000
C27	c	0.47494508	0.91388326	0.07584215	2.00000000	10.00000000	0.01686983	0.00000000
C28	c	0.32751066	0.95361479	0.05387508	2.00000000	10.00000000	0.02376018	0.00000000
C29	c	0.27059044	0.82651841	0.05718840	2.00000000	10.00000000	0.02251823	0.00000000
C30	c	0.37739280	0.86183303	0.25390686	2.00000000	10.00000000	0.01569184	0.00000000

Q Vehicle fuel tank capacity /0.40000000/
C Vehicle load capacity /1.50000000/
r fuel consumption rate /0.25000000/
g inverse refueling rate /1.00000000/
v average Velocity /1.00000000/
