StringID	Type	x	y	demand	ReadyTime	DueDate	ServiceTime	altitude
D0	d	0.50000000	0.50000000	0.00000000	0.00000000	10.00000000	0.00000000	0.00000000
S0	f	0.77182183	0.37538093	0.00000000	0.00000000	10.00000000	0.00000000	0.00000000
S1	f	0.34933547	0.05050456	0.00000000	0.00000000	10.00000000	0.00000000	0.00000000
S2	f	0.61651240	0.30926651	0.00000000	0.00000000	10.00000000	0.00000000	0.00000000
S3	f	0.85826855	0.05995532	0.00000000	0.00000000	10.00000000	0.00000000	0.00000000
S4	f	0.29500252	0.85104514	0.00000000	0.00000000	10.00000000	0.00000000	0.00000000
S5	f	0.24194429	0.43129531	0.00000000	0.00000000	10.00000000	0.00000000	0.00000000
S6	f	0.87554883	0.68113711	0.00000000	0.00000000	10.00000000	0.00000000	0.00000000
S7	f	0.75018404	0.96380617	0.00000000	0.00000000	10.00000000	0.00000000	0.00000000
S8	f	0.58661278	0.18371399	0.00000000	0.00000000	10.00000000	0.00000000	0.00000000
S9	f	0.20549438	0.09809459	0.00000000	0.00000000	10.00000000	0.00000000	0.00000000
C1	c	0.33663787	0.14398730	0.13813987	0.00000000	8.00000000	0.01472076	0.00000000
C2	c	0.39641712	0.07324885	0.05919416	0.06000000	8.06000000	0.02534612	0.00000000
C3	c	0.41458283	0.07298101	0.14497393	0.12000000	8.12000000	0.02301622	0.00000000
C4	c	0.35288240	0.13816480	0.06511491	0.18000000	8.18000000	0.02136727	0.00000000
C5	c	0.36850366	0.00695737	0.09428678	0.24000000	8.24000000	0.01694597	0.00000000
C6	c	0.40430013	0.12903628	0.18491946	0.30000000	8.30000000	0.02691411	0.00000000
C7	c	0.78830588	0.70305866	0.07004755	0.36000000	8.36000000	0.01849711	0.00000000
C8	c	0.76988005	0.60370178	0.16227834	0.42000000	8.42000000	0.01991992	0.00000000
C9	c	0.75730873	0.71664037	0.12334768	0.48000000	8.48000000	0.02477225	0.00000000
C10	c	0.80882773	0.60993564	0.11516983	0.54000000	8.54000000	0.01484486	0.00000000
C11	c	0.22995130	0.98475883	0.04585675	0.60000000	8.60000000	0.01418178	0.00000000
C12	c	0.18093607	0.91103115	0.14301252	0.66000000	8.66000000	0.02573669	0.00000000
C13	c	0.16246330	0.90226831	0.06877792	0.72000000	8.72000000	0.01686085	0.00000000
C14	c	0.22908737	0.94662813	0.04020317	0.78000000	8.78000000	0.02928053	0.00000000
C15	c	0.16129056	0.90801607	0.11152077	0.84000000	8.84000000	0.01719964	0.00000000
C16	c	0.16895686	0.95500967	0.02589559	0.90000000	8.90000000	0.02139953	0.00000000
C17	c	0.22988368	0.93311351	0.07271690	0.96000000	8.96000000	0.01438039	0.00000000
C18	c	0.22515343	0.89785250	0.19039563	1.02000000	9.02000000	0.02146618	0.00000000
C19	c	0.18498556	0.92718155	0.08279980	1.08000000	9.08000000	0.01618435	0.00000000
C20	c	0.27329217	0.81280483	0.13345391	1.14000000	9.14000000	0.01968514	0.00000000
C21	c	0.26345565	0.79253355	0.11296284	1.20000000	9.20000000	0.02361346	0.00000000
C22	c	0.28206000	0.72795999	0.04758073	1.26000000	9.26000000	0.01738070	0.00000000
C23	c	0.33877548	0.78834511	0.11101597	1.32000000	9.32000000	0.01133216	0.00000000
C24	c	0.34264380	0.76927154	0.15905534	1.38000000	9.38000000	0.02509025	0.00000000
C25	c	0.33124469	0.79508907	0.04027114	1.44000000	9.44000000	0.01256087	0.00000000
C26	c	0.13194848	0.69392483	0.02395253	1.50000000	9.50000000	0.02853400	0.00000000
C27	c	0.21588631	0.58213306	0.11731886	1.56000000	9.56000000	0.01623029	0.00000000
C28	c	0.18127325	0.63032611	0.04260168	1.62000000	9.62000000	0.01370533	0.00000000
C29	c	0.14478654	0.65090507	0.01631264	1.68000000	9.68000000	0.02315776	0.00000000
C30	c	0.17229355	0.77482728	0.03543009	1.74000000	9.74000000	0.01700968	0.00000000
C31	c	0.14978803	0.65363706	0.02229211	1.80000000	9.80000000	0.01347649	0.00000000
C32	c	0.20743519	0.70521123	0.16528759	1.86000000	9.86000000	0.01202036	0.00000000
C33	c	0.25761323	0.71090462	0.06729332	1.92000000	9.92000000	0.02975634	0.00000000
C34	c	0.24972031	0.62144236	0.15912209	1.98000000	9.98000000	0.01323616	0.00000000
C35	c	0.10339832	0.59516898	0.12266857	2.00000000	10.00000000	0.02264738	0.00000000
C36	c	0.14729064	0.58840138	0.04054242	2.00000000	10.00000000	0.01536053	0.00000000
C37	c	0.82004734	0.25954287	0.03709124	2.00000000	10.00000000	0.02860719	0.00000000
C38	c	0.74660302	0.28993187	0.13177858	2.00000000	10.00000000	0.02364471	0.00000000
C39	c	0.86060884	0.42594063	0.10777656	2.00000000	10.00000000	0.02916591	0.00000000
C40	c	0.83012553	0.41444072	0.08700482	2.00000000	10.00000000	0.01355351	0.00000000
C41	c	0.59451163	0.00000000	0.08279566	2.00000000	10.00000000	0.02899782	0.00000000
C42	c	0.64965692	0.02338522	0.14089602	2.00000000	10.00000000	0.02165718	0.00000000
C43	c	0.63043044	0.00000000	0.04216935	2.00000000	10.00000000	0.02090878	0.00000000
C44	c	0.69415443	0.04303378	0.04660852	2.00000000	10.00000000	0.01455559	0.00000000
C45	c	0.54211371	0.03727970	0.05376476	2.00000000	10.00000000	0.01605760	0.00000000
C46	c	0.71019429	0.00000000	0.01412161	2.00000000	10.00000000	0.01500242	0.00000000
C47	c	0.62963698	0.02412970	0.02832745	2.00000000	10.00000000	0.01638339	0.00000000
C48	c	0.63909856	0.00000000	0.11403287	2.00000000	10.00000000	0.01396721	0.00000000
C49	c	0.68457022	0.11628882	0.10729685	2.00000000	10.00000000	0.02148307	0.00000000
C50	c	0.58429602	0.06464175	0.15052232	2.00000000	10.00000000	0.01240770	0.00000000

Q Vehicle fuel tank capacity /0.40000000/
C Vehicle load capacity /1.50000000/
r fuel consumption rate /0.25000000/
g inverse refueling rate /1.00000000/
v average Velocity /1.00000000/
