StringID	Type	x	y	demand	ReadyTime	DueDate	ServiceTime	altitude
D0	d	0.50000000	0.50000000	0.00000000	0.00000000	10.00000000	0.00000000	0.00000000
S0	f	0.13943108	0.00379085	0.00000000	0.00000000	10.00000000	0.00000000	0.00000000
S1	f	0.64059707	0.30936067	0.00000000	0.00000000	10.00000000	0.00000000	0.00000000
S2	f	0.80322763	0.61766880	0.00000000	0.00000000	10.00000000	0.00000000	0.00000000
S3	f	0.69187125	0.51177396	0.00000000	0.00000000	10.00000000	0.00000000	0.00000000
S4	f	0.45410653	0.07137463	0.00000000	0.00000000	10.00000000	0.00000000	0.00000000
S5	f	0.36096857	0.20185463	0.00000000	0.00000000	10.00000000	0.00000000	0.00000000
S6	f	0.06162306	0.81945681	0.00000000	0.00000000	10.00000000	0.00000000	0.00000000
S7	f	0.70417720	0.88662899	0.00000000	0.00000000	10.00000000	0.00000000	0.00000000
S8	f	0.04643286	0.12969311	0.00000000	0.00000000	10.00000000	0.00000000	0.00000000
S9	f	0.83170234	0.12509454	0.00000000	0.00000000	10.00000000	0.00000000	0.00000000
C1	c	0.35731677	0.44341250	0.14211365	0.00000000	8.00000000	0.02004498	0.00000000
C2	c	0.28604393	0.40766943	0.03589853	0.06000000	8.06000000	0.02417301	0.00000000
C3	c	0.24978991	0.49841540	0.13745328	0.12000000	8.12000000	0.01960378	0.00000000
C4	c	0.45737762	0.49617193	0.09579698	0.18000000	8.18000000	0.01125218	0.00000000
C5	c	0.88012568	0.85901471	0.03881494	0.24000000	8.24000000	0.02675287	0.00000000
C6	c	0.93384849	0.88654380	0.07260726	0.30000000	8.30000000	0.01737475	0.00000000
C7	c	0.59751202	0.01745203	0.08334669	0.36000000	8.36000000	0.02924573	0.00000000
C8	c	0.62171030	0.01485521	0.07624666	0.42000000	8.42000000	0.01928208	0.00000000
C9	c	0.56552845	0.03132462	0.09662265	0.48000000	8.48000000	0.02978316	0.00000000
C10	c	0.62010771	0.04216048	0.03564952	0.54000000	8.54000000	0.01063874	0.00000000
C11	c	0.61203876	0.02962449	0.03728120	0.60000000	8.60000000	0.02740050	0.00000000
C12	c	0.55704420	0.07995260	0.11126306	0.66000000	8.66000000	0.02186200	0.00000000
C13	c	0.59762536	0.04404597	0.11527820	0.72000000	8.72000000	0.02918972	0.00000000
C14	c	0.58693250	0.06059654	0.13308036	0.78000000	8.78000000	0.01085243	0.00000000
C15	c	0.53130603	0.01557496	0.12299359	0.84000000	8.84000000	0.01625027	0.00000000
C16	c	0.57578886	0.00000000	0.10735611	0.90000000	8.90000000	0.02208888	0.00000000
C17	c	1.00000000	0.24534770	0.13387060	0.96000000	8.96000000	0.01573886	0.00000000
C18	c	0.94483272	0.26501516	0.13990164	1.02000000	9.02000000	0.01775046	0.00000000
C19	c	0.89631654	0.27924278	0.01337728	1.08000000	9.08000000	0.01400173	0.00000000
C20	c	1.00000000	0.18343511	0.04123053	1.14000000	9.14000000	0.01497789	0.00000000
C21	c	0.95354511	0.24115451	0.10537426	1.20000000	9.20000000	0.01427204	0.00000000
C22	c	1.00000000	0.26404327	0.15394470	1.26000000	9.26000000	0.02586266	0.00000000
C23	c	1.00000000	0.18030496	0.12617819	1.32000000	9.32000000	0.01309646	0.00000000
C24	c	0.47168546	0.91020660	0.09019816	1.38000000	9.38000000	0.02502557	0.00000000
C25	c	0.38666011	0.82714829	0.07966582	1.44000000	9.44000000	0.02426091	0.00000000
C26	c	0.42738683	0.82488868	0.07991340	1.50000000	9.50000000	0.01002782	0.00000000
C27	c	0.52001996	0.89395501	0.13431600	1.56000000	9.56000000	0.01663499	0.00000000
C28	c	0.47628628	0.92578654	0.08260225	1.62000000	9.62000000	0.02814991	0.00000000
C29	c	0.52169062	0.85212497	0.06973796	1.68000000	9.68000000	0.01350803	0.00000000
C30	c	0.42584083	0.93001019	0.15692927	1.74000000	9.74000000	0.01945363	0.00000000
C31	c	0.57563975	0.83539458	0.15460237	1.80000000	9.80000000	0.01948312	0.00000000
C32	c	0.53579296	0.90616794	0.09409719	1.86000000	9.86000000	0.02320034	0.00000000
C33	c	0.52180759	0.86039467	0.07944551	1.92000000	9.92000000	0.01530599	0.00000000
C34	c	0.54918617	0.91076398	0.08321337	1.98000000	9.98000000	0.02042683	0.00000000
C35	c	0.88658502	0.23661186	0.09947750	2.00000000	10.00000000	0.01105658	0.00000000
C36	c	0.87918599	0.33969747	0.02368329	2.00000000	10.00000000	0.01861453	0.00000000
C37	c	0.89168030	0.31341532	0.07373363	2.00000000	10.00000000	0.01872657	0.00000000
C38	c	0.92211280	0.20758905	0.03677926	2.00000000	10.00000000	0.01432485	0.00000000
C39	c	0.87983770	0.33727021	0.14786554	2.00000000	10.00000000	0.02481028	0.00000000
C40	c	0.91822134	0.28852237	0.01433940	2.00000000	10.00000000	0.02426690	0.00000000
C41	c	1.00000000	0.25719705	0.09721548	2.00000000	10.00000000	0.02962080	0.00000000
C42	c	0.92974894	0.21114429	0.12667839	2.00000000	10.00000000	0.02962646	0.00000000
C43	c	0.80120123	0.30987743	0.03240751	2.00000000	10.00000000	0.01762657	0.00000000
C44	c	0.43169274	0.50648875	0.15227465	2.00000000	10.00000000	0.02014183	0.00000000
C45	c	0.33258941	0.50625751	0.01969854	2.00000000	10.00000000	0.01428010	0.00000000
C46	c	0.35425593	0.49347146	0.02251275	2.00000000	10.00000000	0.01755520	0.00000000
C47	c	0.37127650	0.56616384	0.15053772	2.00000000	10.00000000	0.01731836	0.00000000
C48	c	0.35460882	0.49205058	0.07754520	2.00000000	10.00000000	0.01783859	0.00000000
C49	c	0.38344765	0.49743065	0.11339684	2.00000000	10.00000000	0.02929980	0.00000000
C50	c	0.32411835	0.45044849	0.05145314	2.00000000	10.00000000	0.01373279	0.00000000

Q Vehicle fuel tank capacity /0.40000000/
C Vehicle load capacity /1.50000000/
r fuel consumption rate /0.25000000/
g inverse refueling rate /1.00000000/
v average Velocity /1.00000000/
