StringID	Type	x	y	demand	ReadyTime	DueDate	ServiceTime	altitude
D0	d	0.50000000	0.50000000	0.00000000	0.00000000	10.00000000	0.00000000	0.00000000
S0	f	0.17785002	0.76808396	0.00000000	0.00000000	10.00000000	0.00000000	0.00000000
S1	f	0.33314048	0.13943531	0.00000000	0.00000000	10.00000000	0.00000000	0.00000000
S2	f	0.11274874	0.64777732	0.00000000	0.00000000	10.00000000	0.00000000	0.00000000
S3	f	0.77755920	0.64211512	0.00000000	0.00000000	10.00000000	0.00000000	0.00000000
S4	f	0.77538017	0.79768720	0.00000000	0.00000000	10.00000000	0.00000000	0.00000000
S5	f	0.03754754	0.30280067	0.00000000	0.00000000	10.00000000	0.00000000	0.00000000
S6	f	0.35187653	0.75847355	0.00000000	0.00000000	10.00000000	0.00000000	0.00000000
S7	f	0.44298776	0.36056509	0.00000000	0.00000000	10.00000000	0.00000000	0.00000000
S8	f	0.40079042	0.97960431	0.00000000	0.00000000	10.00000000	0.00000000	0.00000000
S9	f	0.88367336	0.07382072	0.00000000	0.00000000	10.00000000	0.00000000	0.00000000
C1	c	0.50828800	0.19270282	0.11093040	0.00000000	8.00000000	0.02654357	0.00000000
C2	c	0.51403016	0.17996190	0.05207489	0.06000000	8.06000000	0.01220524	0.00000000
C3	c	0.43422933	0.16558980	0.15277408	0.12000000	8.12000000	0.01860514	0.00000000
C4	c	0.55416849	0.27871304	0.15360072	0.18000000	8.18000000	0.01009417	0.00000000
C5	c	0.53839954	0.21251062	0.09176423	0.24000000	8.24000000	0.01837451	0.00000000
C6	c	0.52872945	0.21374031	0.08545455	0.30000000	8.30000000	0.02330485	0.00000000
C7	c	0.63233015	0.70268735	0.10719366	0.36000000	8.36000000	0.01408290	0.00000000
C8	c	0.70760307	0.64190119	0.01118325	0.42000000	8.42000000	0.01721441	0.00000000
C9	c	0.63410394	0.71838861	0.07918762	0.48000000	8.48000000	0.02378835	0.00000000
C10	c	0.64143702	0.70797431	0.14028765	0.54000000	8.54000000	0.02937005	0.00000000
C11	c	0.68070457	0.69912664	0.13327803	0.60000000	8.60000000	0.02516176	0.00000000
C12	c	0.68991352	0.38641491	0.10303244	0.66000000	8.66000000	0.02192643	0.00000000
C13	c	0.66196598	0.35424907	0.15309043	0.72000000	8.72000000	0.02920839	0.00000000
C14	c	0.74611422	0.44136128	0.11042416	0.78000000	8.78000000	0.01895690	0.00000000
C15	c	0.81619123	0.45479795	0.11412698	0.84000000	8.84000000	0.01013539	0.00000000
C16	c	0.65396203	0.48457108	0.02869558	0.90000000	8.90000000	0.01865461	0.00000000
C17	c	0.65551883	0.44536852	0.03360398	0.96000000	8.96000000	0.01152546	0.00000000
C18	c	0.54965437	0.41135113	0.04600695	1.02000000	9.02000000	0.01344192	0.00000000
C19	c	0.61879831	0.41970267	0.10190768	1.08000000	9.08000000	0.02696376	0.00000000
C20	c	0.63092017	0.42735832	0.04756758	1.14000000	9.14000000	0.02871055	0.00000000
C21	c	0.57509046	0.45596495	0.02224958	1.20000000	9.20000000	0.01926465	0.00000000
C22	c	0.52972586	0.29479719	0.09952354	1.26000000	9.26000000	0.01216943	0.00000000
C23	c	0.54912116	0.40309309	0.09936952	1.32000000	9.32000000	0.01234950	0.00000000
C24	c	0.56210633	0.28815656	0.05590102	1.38000000	9.38000000	0.02627429	0.00000000
C25	c	0.66558357	0.45881088	0.03959482	1.44000000	9.44000000	0.01517552	0.00000000
C26	c	0.65025777	0.48848831	0.12625450	1.50000000	9.50000000	0.01955931	0.00000000
C27	c	0.73558257	0.51349458	0.01423893	1.56000000	9.56000000	0.01553166	0.00000000
C28	c	0.68474087	0.51324038	0.01582166	1.62000000	9.62000000	0.02559899	0.00000000
C29	c	0.62255026	0.55349645	0.06175846	1.68000000	9.68000000	0.01679405	0.00000000
C30	c	0.63787470	0.57913646	0.14487201	1.74000000	9.74000000	0.02910931	0.00000000
C31	c	0.70020505	0.54487198	0.10465008	1.80000000	9.80000000	0.02269835	0.00000000
C32	c	0.68582346	0.56308472	0.13831669	1.86000000	9.86000000	0.02954397	0.00000000
C33	c	0.70762015	0.57846454	0.06081455	1.92000000	9.92000000	0.02731173	0.00000000
C34	c	0.63345883	0.60925300	0.02876203	1.98000000	9.98000000	0.02935504	0.00000000
C35	c	0.66455021	0.52575573	0.12221363	2.00000000	10.00000000	0.02849730	0.00000000
C36	c	0.62200649	0.33770848	0.13715852	2.00000000	10.00000000	0.01500383	0.00000000
C37	c	0.59717062	0.26803230	0.05447766	2.00000000	10.00000000	0.02452482	0.00000000
C38	c	0.61217389	0.25425245	0.14946861	2.00000000	10.00000000	0.01143912	0.00000000
C39	c	0.45836335	0.29520475	0.11563806	2.00000000	10.00000000	0.01544779	0.00000000
C40	c	0.65291305	0.43881786	0.11755973	2.00000000	10.00000000	0.01178011	0.00000000
C41	c	0.67384191	0.24319776	0.04644128	2.00000000	10.00000000	0.02747503	0.00000000
C42	c	0.60271630	0.32571970	0.08180372	2.00000000	10.00000000	0.02693612	0.00000000
C43	c	0.61915055	0.26687202	0.14169522	2.00000000	10.00000000	0.01204973	0.00000000
C44	c	0.24702912	0.70165918	0.07403465	2.00000000	10.00000000	0.01865925	0.00000000
C45	c	0.18343458	0.85051447	0.11433733	2.00000000	10.00000000	0.01461300	0.00000000
C46	c	0.22642382	0.90365584	0.14402543	2.00000000	10.00000000	0.01572013	0.00000000
C47	c	0.22563535	0.76813857	0.12377645	2.00000000	10.00000000	0.01510633	0.00000000
C48	c	0.23811325	0.80005948	0.05826338	2.00000000	10.00000000	0.01367744	0.00000000
C49	c	0.19051775	0.71024399	0.06060840	2.00000000	10.00000000	0.02446218	0.00000000
C50	c	0.11081393	0.68854399	0.09018570	2.00000000	10.00000000	0.02550364	0.00000000

Q Vehicle fuel tank capacity /0.40000000/
C Vehicle load capacity /1.50000000/
r fuel consumption rate /0.25000000/
g inverse refueling rate /1.00000000/
v average Velocity /1.00000000/
