StringID	Type	x	y	demand	ReadyTime	DueDate	ServiceTime	altitude
D0	d	0.50000000	0.50000000	0.00000000	0.00000000	10.00000000	0.00000000	0.00000000
S0	f	0.03181527	0.73609057	0.00000000	0.00000000	10.00000000	0.00000000	0.00000000
S1	f	0.04014704	0.13407376	0.00000000	0.00000000	10.00000000	0.00000000	0.00000000
S2	f	0.03434956	0.08631130	0.00000000	0.00000000	10.00000000	0.00000000	0.00000000
S3	f	0.04174395	0.83997401	0.00000000	0.00000000	10.00000000	0.00000000	0.00000000
S4	f	0.35161544	0.33008116	0.00000000	0.00000000	10.00000000	0.00000000	0.00000000
S5	f	0.61086800	0.02089841	0.00000000	0.00000000	10.00000000	0.00000000	0.00000000
C1	c	0.41764944	0.04126463	0.23546285	0.00000000	8.00000000	0.02665756	0.00000000
C2	c	0.41587522	0.00000000	0.20922275	0.10000000	8.10000000	0.01086124	0.00000000
C3	c	0.90219961	0.33425221	0.06759236	0.20000000	8.20000000	0.01064510	0.00000000
C4	c	0.85924918	0.15081665	0.14629729	0.30000000	8.30000000	0.01345848	0.00000000
C5	c	0.86724967	0.24936847	0.11039991	0.40000000	8.40000000	0.01620339	0.00000000
C6	c	0.93625243	0.24606808	0.12105572	0.50000000	8.50000000	0.02432849	0.00000000
C7	c	0.85916896	0.25689690	0.14253462	0.60000000	8.60000000	0.02027666	0.00000000
C8	c	0.92763388	0.26732236	0.20892156	0.70000000	8.70000000	0.01856189	0.00000000
C9	c	0.93284408	0.20474772	0.01829224	0.80000000	8.80000000	0.01820778	0.00000000
C10	c	0.92803208	0.24788572	0.09788700	0.90000000	8.90000000	0.02272517	0.00000000
C11	c	0.37109889	0.00000000	0.23191364	1.00000000	9.00000000	0.02534322	0.00000000
C12	c	0.33135888	0.00074045	0.20535706	1.10000000	9.10000000	0.02159628	0.00000000
C13	c	0.29320072	0.08332670	0.25453736	1.20000000	9.20000000	0.01759853	0.00000000
C14	c	0.34629120	0.03020077	0.14811930	1.30000000	9.30000000	0.01791966	0.00000000
C15	c	0.31984899	0.04447329	0.03923637	1.40000000	9.40000000	0.02834666	0.00000000
C16	c	0.36984180	0.07363735	0.07604164	1.50000000	9.50000000	0.02121474	0.00000000
C17	c	0.34387840	0.00000000	0.17779478	1.60000000	9.60000000	0.01962362	0.00000000
C18	c	0.31991523	0.84915583	0.24136777	1.70000000	9.70000000	0.01660266	0.00000000
C19	c	0.38020912	0.87147930	0.19423228	1.80000000	9.80000000	0.02122125	0.00000000
C20	c	0.40742829	0.86478074	0.18427087	1.90000000	9.90000000	0.02930219	0.00000000
C21	c	0.39298703	0.79878870	0.10958288	2.00000000	10.00000000	0.01704999	0.00000000
C22	c	0.34314485	0.82509266	0.16473920	2.00000000	10.00000000	0.02629197	0.00000000
C23	c	0.37649622	0.80578004	0.06080900	2.00000000	10.00000000	0.02298172	0.00000000
C24	c	0.35897324	0.78882639	0.09884252	2.00000000	10.00000000	0.02865908	0.00000000
C25	c	0.38029220	0.84682836	0.13102711	2.00000000	10.00000000	0.01244272	0.00000000
C26	c	0.35065120	0.80059719	0.17483659	2.00000000	10.00000000	0.02592909	0.00000000
C27	c	0.42987033	0.84638321	0.09486597	2.00000000	10.00000000	0.01490190	0.00000000
C28	c	0.45549358	0.82927257	0.21352517	2.00000000	10.00000000	0.01189688	0.00000000
C29	c	0.54390877	0.86941310	0.12770606	2.00000000	10.00000000	0.02916202	0.00000000
C30	c	0.45712436	0.90327544	0.21352816	2.00000000	10.00000000	0.01986108	0.00000000

Q Vehicle fuel tank capacity /0.40000000/
C Vehicle load capacity /1.50000000/
r fuel consumption rate /0.25000000/
g inverse refueling rate /1.00000000/
v average Velocity /1.00000000/
