StringID	Type	x	y	demand	ReadyTime	DueDate	ServiceTime	altitude
D0	d	0.50000000	0.50000000	0.00000000	0.00000000	10.00000000	0.00000000	0.00000000
S0	f	0.50582333	0.67638603	0.00000000	0.00000000	10.00000000	0.00000000	0.00000000
S1	f	0.54724711	0.50410972	0.00000000	0.00000000	10.00000000	0.00000000	0.00000000
S2	f	0.16432532	0.03568061	0.00000000	0.00000000	10.00000000	0.00000000	0.00000000
S3	f	0.28070459	0.75612971	0.00000000	0.00000000	10.00000000	0.00000000	0.00000000
S4	f	0.37452735	0.46313536	0.00000000	0.00000000	10.00000000	0.00000000	0.00000000
S5	f	0.33781110	0.93340843	0.00000000	0.00000000	10.00000000	0.00000000	0.00000000
C1	c	0.91704069	0.29593236	0.19730823	0.00000000	8.00000000	0.01190192	0.00000000
C2	c	0.83561456	0.29534664	0.19652957	0.10000000	8.10000000	0.01736402	0.00000000
C3	c	0.85286751	0.26522230	0.10474235	0.20000000	8.20000000	0.01422552	0.00000000
C4	c	0.79314377	0.23728715	0.14279608	0.30000000	8.30000000	0.01163014	0.00000000
C5	c	0.54478641	0.70095718	0.12421876	0.40000000	8.40000000	0.02694178	0.00000000
C6	c	0.57006537	0.71923090	0.04742502	0.50000000	8.50000000	0.01415211	0.00000000
C7	c	0.48359261	0.63300596	0.07698374	0.60000000	8.60000000	0.02137887	0.00000000
C8	c	0.61053937	0.60818932	0.15700872	0.70000000	8.70000000	0.02475293	0.00000000
C9	c	0.64611350	0.53571361	0.23950459	0.80000000	8.80000000	0.02157399	0.00000000
C10	c	0.48989450	0.52603050	0.20005727	0.90000000	8.90000000	0.01898230	0.00000000
C11	c	0.43682350	0.48015885	0.15869567	1.00000000	9.00000000	0.01445205	0.00000000
C12	c	0.59322507	0.51217626	0.03268653	1.10000000	9.10000000	0.01750580	0.00000000
C13	c	0.56109073	0.55283839	0.08086890	1.20000000	9.20000000	0.02118330	0.00000000
C14	c	0.44707833	0.06326728	0.14540437	1.30000000	9.30000000	0.02985496	0.00000000
C15	c	0.29924320	0.09877031	0.14653830	1.40000000	9.40000000	0.02869037	0.00000000
C16	c	0.46117222	0.00569287	0.19786673	1.50000000	9.50000000	0.02559526	0.00000000
C17	c	0.43747725	0.02499275	0.20948086	1.60000000	9.60000000	0.02818929	0.00000000
C18	c	0.48032327	0.00014397	0.03426120	1.70000000	9.70000000	0.01211030	0.00000000
C19	c	0.45024708	0.11730986	0.11021764	1.80000000	9.80000000	0.01826839	0.00000000
C20	c	0.45470811	0.13458361	0.19219984	1.90000000	9.90000000	0.02847236	0.00000000
C21	c	0.44517381	0.07045167	0.12985291	2.00000000	10.00000000	0.02847996	0.00000000
C22	c	0.46681982	0.00000000	0.02156537	2.00000000	10.00000000	0.02134473	0.00000000
C23	c	0.34846908	0.08450309	0.12876639	2.00000000	10.00000000	0.01397281	0.00000000
C24	c	0.32199235	0.15686613	0.20263610	2.00000000	10.00000000	0.01580863	0.00000000
C25	c	0.33100059	0.20058080	0.26711348	2.00000000	10.00000000	0.02112133	0.00000000
C26	c	0.32848509	0.24350834	0.15596724	2.00000000	10.00000000	0.01158393	0.00000000
C27	c	0.33489162	0.24650459	0.27878313	2.00000000	10.00000000	0.01779089	0.00000000
C28	c	0.26924884	0.25516984	0.24921104	2.00000000	10.00000000	0.01434804	0.00000000
C29	c	0.30140818	0.26743022	0.08789411	2.00000000	10.00000000	0.02170936	0.00000000
C30	c	0.26022747	0.23244934	0.18341585	2.00000000	10.00000000	0.02275235	0.00000000

Q Vehicle fuel tank capacity /0.40000000/
C Vehicle load capacity /1.50000000/
r fuel consumption rate /0.25000000/
g inverse refueling rate /1.00000000/
v average Velocity /1.00000000/
