StringID	Type	x	y	demand	ReadyTime	DueDate	ServiceTime	altitude
D0	d	0.50000000	0.50000000	0.00000000	0.00000000	10.00000000	0.00000000	0.00000000
S0	f	0.28252003	0.30419034	0.00000000	0.00000000	10.00000000	0.00000000	0.00000000
S1	f	0.17630000	0.52683669	0.00000000	0.00000000	10.00000000	0.00000000	0.00000000
S2	f	0.50316216	0.90577980	0.00000000	0.00000000	10.00000000	0.00000000	0.00000000
S3	f	0.50088893	0.18949986	0.00000000	0.00000000	10.00000000	0.00000000	0.00000000
S4	f	0.66751273	0.61530850	0.00000000	0.00000000	10.00000000	0.00000000	0.00000000
S5	f	0.57163023	0.19233233	0.00000000	0.00000000	10.00000000	0.00000000	0.00000000
S6	f	0.57389888	0.59374794	0.00000000	0.00000000	10.00000000	0.00000000	0.00000000
S7	f	0.51839185	0.31796635	0.00000000	0.00000000	10.00000000	0.00000000	0.00000000
S8	f	0.55972234	0.68463726	0.00000000	0.00000000	10.00000000	0.00000000	0.00000000
S9	f	0.68373908	0.85162314	0.00000000	0.00000000	10.00000000	0.00000000	0.00000000
C1	c	0.35720065	0.45284411	0.10889471	0.00000000	8.00000000	0.02764735	0.00000000
C2	c	0.37488733	0.50463254	0.01947879	0.06000000	8.06000000	0.01463823	0.00000000
C3	c	0.32094058	0.45218805	0.08219760	0.12000000	8.12000000	0.01602235	0.00000000
C4	c	0.32524055	0.46097574	0.05176155	0.18000000	8.18000000	0.02220536	0.00000000
C5	c	0.36509194	0.39942704	0.09334552	0.24000000	8.24000000	0.02225505	0.00000000
C6	c	0.43673712	0.47730204	0.15504370	0.30000000	8.30000000	0.02329872	0.00000000
C7	c	0.09518657	0.26614730	0.13061879	0.36000000	8.36000000	0.01295820	0.00000000
C8	c	0.12054580	0.28413292	0.06944516	0.42000000	8.42000000	0.02960738	0.00000000
C9	c	0.04690362	0.19697635	0.13591827	0.48000000	8.48000000	0.01611690	0.00000000
C10	c	0.09852379	0.26308026	0.02443718	0.54000000	8.54000000	0.02396073	0.00000000
C11	c	0.13355329	0.22086570	0.15399401	0.60000000	8.60000000	0.01361293	0.00000000
C12	c	0.16601321	0.20193158	0.11005621	0.66000000	8.66000000	0.01338578	0.00000000
C13	c	0.62412680	0.91747544	0.04732483	0.72000000	8.72000000	0.02944840	0.00000000
C14	c	0.65563101	0.98600372	0.09598513	0.78000000	8.78000000	0.02455054	0.00000000
C15	c	0.61137390	0.90748037	0.12159116	0.84000000	8.84000000	0.01495432	0.00000000
C16	c	0.60717445	1.00000000	0.05728691	0.90000000	8.90000000	0.01805914	0.00000000
C17	c	0.54726036	0.93718854	0.14932943	0.96000000	8.96000000	0.01943721	0.00000000
C18	c	0.99881060	0.53463013	0.16355228	1.02000000	9.02000000	0.01749406	0.00000000
C19	c	0.93253417	0.45910062	0.10897248	1.08000000	9.08000000	0.02077411	0.00000000
C20	c	0.95084408	0.46102468	0.08772969	1.14000000	9.14000000	0.01317962	0.00000000
C21	c	0.92071311	0.41345995	0.03755351	1.20000000	9.20000000	0.02789007	0.00000000
C22	c	0.95553409	0.48236532	0.12514860	1.26000000	9.26000000	0.02217810	0.00000000
C23	c	0.97940323	0.44495242	0.15034146	1.32000000	9.32000000	0.02774982	0.00000000
C24	c	0.97993694	0.53239153	0.06982354	1.38000000	9.38000000	0.01310542	0.00000000
C25	c	0.95015472	0.36846090	0.02568587	1.44000000	9.44000000	0.01400333	0.00000000
C26	c	0.92610362	0.56714043	0.12778296	1.50000000	9.50000000	0.02031434	0.00000000
C27	c	0.90531231	0.56286566	0.06311235	1.56000000	9.56000000	0.01379848	0.00000000
C28	c	0.98736137	0.56373365	0.01975830	1.62000000	9.62000000	0.01750472	0.00000000
C29	c	0.94536344	0.53725634	0.14666321	1.68000000	9.68000000	0.01819427	0.00000000
C30	c	0.86393208	0.57412273	0.03273344	1.74000000	9.74000000	0.02154522	0.00000000
C31	c	0.90581129	0.46534579	0.12931000	1.80000000	9.80000000	0.01568946	0.00000000
C32	c	0.89618569	0.51494402	0.05737107	1.86000000	9.86000000	0.02707630	0.00000000
C33	c	0.93875163	0.61265761	0.14877055	1.92000000	9.92000000	0.02983543	0.00000000
C34	c	0.41431266	0.73171882	0.10512829	1.98000000	9.98000000	0.02866501	0.00000000
C35	c	0.47716644	0.66919108	0.05543116	2.00000000	10.00000000	0.01034595	0.00000000
C36	c	0.41124055	0.76734401	0.05906250	2.00000000	10.00000000	0.01780130	0.00000000
C37	c	0.40542570	0.65467526	0.09333144	2.00000000	10.00000000	0.01322506	0.00000000
C38	c	0.33262706	0.72760601	0.12062554	2.00000000	10.00000000	0.01469715	0.00000000
C39	c	0.48190757	0.63218640	0.13950477	2.00000000	10.00000000	0.02502750	0.00000000
C40	c	0.35971737	0.70561759	0.05836145	2.00000000	10.00000000	0.02474672	0.00000000
C41	c	0.34798223	0.70242801	0.09914618	2.00000000	10.00000000	0.01989571	0.00000000
C42	c	0.37550698	0.63769167	0.10126731	2.00000000	10.00000000	0.02011032	0.00000000
C43	c	0.40726180	0.68511432	0.05084559	2.00000000	10.00000000	0.02985503	0.00000000
C44	c	0.36545838	0.69922654	0.13315395	2.00000000	10.00000000	0.02497498	0.00000000
C45	c	0.28653419	0.68626862	0.04890192	2.00000000	10.00000000	0.02991832	0.00000000
C46	c	0.24604347	0.65946256	0.08390576	2.00000000	10.00000000	0.02856535	0.00000000
C47	c	0.26211427	0.75686168	0.02209591	2.00000000	10.00000000	0.02337886	0.00000000
C48	c	0.19022380	0.70488933	0.08132488	2.00000000	10.00000000	0.01683232	0.00000000
C49	c	0.29078334	0.70068629	0.13459949	2.00000000	10.00000000	0.02930923	0.00000000
C50	c	0.31797292	0.75878089	0.01229560	2.00000000	10.00000000	0.01576117	0.00000000

Q Vehicle fuel tank capacity /0.40000000/
C Vehicle load capacity /1.50000000/
r fuel consumption rate /0.25000000/
g inverse refueling rate /1.00000000/
v average Velocity /1.00000000/
