StringID	Type	x	y	demand	ReadyTime	DueDate	ServiceTime	altitude
D0	d	0.50000000	0.50000000	0.00000000	0.00000000	10.00000000	0.00000000	0.00000000
S0	f	0.26395843	0.41523702	0.00000000	0.00000000	10.00000000	0.00000000	0.00000000
S1	f	0.81964267	0.84721698	0.00000000	0.00000000	10.00000000	0.00000000	0.00000000
S2	f	0.81125345	0.23767067	0.00000000	0.00000000	10.00000000	0.00000000	0.00000000
S3	f	0.98090926	0.98619174	0.00000000	0.00000000	10.00000000	0.00000000	0.00000000
S4	f	0.62116242	0.45952794	0.00000000	0.00000000	10.00000000	0.00000000	0.00000000
S5	f	0.75975408	0.46060638	0.00000000	0.00000000	10.00000000	0.00000000	0.00000000
C1	c	0.14694949	0.45943401	0.06879453	0.00000000	8.00000000	0.02720364	0.00000000
C2	c	0.00000000	0.62610020	0.03886442	0.10000000	8.10000000	0.02583533	0.00000000
C3	c	0.05550193	0.44095698	0.20210785	0.20000000	8.20000000	0.01462401	0.00000000
C4	c	0.04233540	0.47560310	0.03545409	0.30000000	8.30000000	0.02148057	0.00000000
C5	c	0.05401861	0.55337209	0.08958216	0.40000000	8.40000000	0.02322455	0.00000000
C6	c	0.07699622	0.50692419	0.10382134	0.50000000	8.50000000	0.01323103	0.00000000
C7	c	0.09711755	0.42952781	0.16494177	0.60000000	8.60000000	0.02788616	0.00000000
C8	c	0.07046227	0.57446896	0.09656004	0.70000000	8.70000000	0.02065965	0.00000000
C9	c	0.90121935	0.33314731	0.09220894	0.80000000	8.80000000	0.02548909	0.00000000
C10	c	1.00000000	0.39340626	0.15852467	0.90000000	8.90000000	0.02560864	0.00000000
C11	c	0.92309950	0.29967720	0.18380101	1.00000000	9.00000000	0.02005674	0.00000000
C12	c	0.95999930	0.38183520	0.16699990	1.10000000	9.10000000	0.02196357	0.00000000
C13	c	0.98635098	0.24560532	0.25521930	1.20000000	9.20000000	0.01724487	0.00000000
C14	c	0.98670889	0.33823408	0.29815924	1.30000000	9.30000000	0.01932244	0.00000000
C15	c	0.97811306	0.28271826	0.07352267	1.40000000	9.40000000	0.02284259	0.00000000
C16	c	0.92752274	0.33967267	0.16022742	1.50000000	9.50000000	0.02277876	0.00000000
C17	c	0.10582002	0.75515176	0.11274725	1.60000000	9.60000000	0.01664440	0.00000000
C18	c	0.28159723	0.73745849	0.27039479	1.70000000	9.70000000	0.01100362	0.00000000
C19	c	0.05908001	0.77455810	0.03051878	1.80000000	9.80000000	0.02654199	0.00000000
C20	c	0.19308730	0.78119743	0.28461532	1.90000000	9.90000000	0.01489403	0.00000000
C21	c	0.24939343	0.71238903	0.02804001	2.00000000	10.00000000	0.02845722	0.00000000
C22	c	0.20038881	0.72438220	0.05420170	2.00000000	10.00000000	0.02543053	0.00000000
C23	c	0.41141185	0.04989962	0.20951723	2.00000000	10.00000000	0.02120329	0.00000000
C24	c	0.43313619	0.03023810	0.07095313	2.00000000	10.00000000	0.01801108	0.00000000
C25	c	0.47299862	0.09681289	0.33689144	2.00000000	10.00000000	0.02395064	0.00000000
C26	c	0.22400672	0.41223925	0.08092138	2.00000000	10.00000000	0.02588148	0.00000000
C27	c	0.25760174	0.36041819	0.22179081	2.00000000	10.00000000	0.01050909	0.00000000
C28	c	0.24700844	0.51033208	0.27718409	2.00000000	10.00000000	0.01470551	0.00000000
C29	c	0.35427761	0.42642914	0.27047352	2.00000000	10.00000000	0.01342288	0.00000000
C30	c	0.26999151	0.36670997	0.06296120	2.00000000	10.00000000	0.01870675	0.00000000

Q Vehicle fuel tank capacity /0.40000000/
C Vehicle load capacity /1.50000000/
r fuel consumption rate /0.25000000/
g inverse refueling rate /1.00000000/
v average Velocity /1.00000000/
