StringID	Type	x	y	demand	ReadyTime	DueDate	ServiceTime	altitude
D0	d	0.50000000	0.50000000	0.00000000	0.00000000	10.00000000	0.00000000	0.00000000
S0	f	0.76506254	0.60275951	0.00000000	0.00000000	10.00000000	0.00000000	0.00000000
S1	f	0.46086476	0.18197575	0.00000000	0.00000000	10.00000000	0.00000000	0.00000000
S2	f	0.65743789	0.55519945	0.00000000	0.00000000	10.00000000	0.00000000	0.00000000
S3	f	0.44389975	0.29169753	0.00000000	0.00000000	10.00000000	0.00000000	0.00000000
S4	f	0.29974944	0.28018445	0.00000000	0.00000000	10.00000000	0.00000000	0.00000000
S5	f	0.43263755	0.59412514	0.00000000	0.00000000	10.00000000	0.00000000	0.00000000
C1	c	0.19497804	0.33099165	0.06631358	0.00000000	8.00000000	0.01743169	0.00000000
C2	c	0.19247353	0.32605978	0.12210783	0.10000000	8.10000000	0.02946260	0.00000000
C3	c	0.11676088	0.28066910	0.10295498	0.20000000	8.20000000	0.01184804	0.00000000
C4	c	0.20011875	0.29447555	0.17059004	0.30000000	8.30000000	0.02285977	0.00000000
C5	c	0.20041218	0.34036646	0.26350652	0.40000000	8.40000000	0.01185474	0.00000000
C6	c	0.18444462	0.25581162	0.25609971	0.50000000	8.50000000	0.01460046	0.00000000
C7	c	0.13261090	0.29331099	0.06140507	0.60000000	8.60000000	0.01561502	0.00000000
C8	c	0.18483764	0.31988757	0.06515653	0.70000000	8.70000000	0.01817628	0.00000000
C9	c	0.63241849	0.06147000	0.22180839	0.80000000	8.80000000	0.02522018	0.00000000
C10	c	0.71437233	0.15173284	0.25473048	0.90000000	8.90000000	0.02696184	0.00000000
C11	c	0.59789417	0.11177520	0.03734246	1.00000000	9.00000000	0.01221886	0.00000000
C12	c	0.52655662	0.06762394	0.05030593	1.10000000	9.10000000	0.01213829	0.00000000
C13	c	0.62561277	0.11429463	0.10921332	1.20000000	9.20000000	0.01409245	0.00000000
C14	c	0.69341251	0.19645291	0.10302955	1.30000000	9.30000000	0.01662343	0.00000000
C15	c	0.44763247	0.98449616	0.10882373	1.40000000	9.40000000	0.02692856	0.00000000
C16	c	0.39451404	0.94678013	0.09159974	1.50000000	9.50000000	0.02158303	0.00000000
C17	c	0.49552146	0.87255274	0.19733754	1.60000000	9.60000000	0.01150700	0.00000000
C18	c	0.46381107	0.92837856	0.07546082	1.70000000	9.70000000	0.01802811	0.00000000
C19	c	0.46091616	0.94607697	0.17137722	1.80000000	9.80000000	0.02615001	0.00000000
C20	c	0.54765182	0.92035267	0.30049855	1.90000000	9.90000000	0.01759791	0.00000000
C21	c	0.48088586	0.95440908	0.15387449	2.00000000	10.00000000	0.02747771	0.00000000
C22	c	0.40996331	0.85563505	0.20211124	2.00000000	10.00000000	0.02307113	0.00000000
C23	c	0.49577241	0.88063299	0.14604468	2.00000000	10.00000000	0.02534043	0.00000000
C24	c	0.53269108	0.30139216	0.08601080	2.00000000	10.00000000	0.02510030	0.00000000
C25	c	0.48435420	0.29127165	0.21495547	2.00000000	10.00000000	0.02341898	0.00000000
C26	c	0.63869883	0.32147117	0.08943329	2.00000000	10.00000000	0.01238902	0.00000000
C27	c	0.54051732	0.41771276	0.21788652	2.00000000	10.00000000	0.01353140	0.00000000
C28	c	0.60381731	0.34474112	0.24719824	2.00000000	10.00000000	0.02780481	0.00000000
C29	c	0.58008084	0.33993986	0.06659881	2.00000000	10.00000000	0.02832019	0.00000000
C30	c	0.59161619	0.38640841	0.24622447	2.00000000	10.00000000	0.01729752	0.00000000

Q Vehicle fuel tank capacity /0.40000000/
C Vehicle load capacity /1.50000000/
r fuel consumption rate /0.25000000/
g inverse refueling rate /1.00000000/
v average Velocity /1.00000000/
