StringID	Type	x	y	demand	ReadyTime	DueDate	ServiceTime	altitude
D0	d	0.50000000	0.50000000	0.00000000	0.00000000	10.00000000	0.00000000	0.00000000
S0	f	0.45490343	0.59242897	0.00000000	0.00000000	10.00000000	0.00000000	0.00000000
S1	f	0.56749947	0.26908202	0.00000000	0.00000000	10.00000000	0.00000000	0.00000000
S2	f	0.90460325	0.26124889	0.00000000	0.00000000	10.00000000	0.00000000	0.00000000
S3	f	0.47424541	0.73286667	0.00000000	0.00000000	10.00000000	0.00000000	0.00000000
S4	f	0.76497641	0.19350120	0.00000000	0.00000000	10.00000000	0.00000000	0.00000000
S5	f	0.84305507	0.72965476	0.00000000	0.00000000	10.00000000	0.00000000	0.00000000
S6	f	0.96621462	0.25854099	0.00000000	0.00000000	10.00000000	0.00000000	0.00000000
S7	f	0.61281642	0.38879990	0.00000000	0.00000000	10.00000000	0.00000000	0.00000000
S8	f	0.08148402	0.84204933	0.00000000	0.00000000	10.00000000	0.00000000	0.00000000
S9	f	0.87735094	0.23188058	0.00000000	0.00000000	10.00000000	0.00000000	0.00000000
C1	c	0.43109651	0.44469617	0.15908022	0.00000000	8.00000000	0.01788121	0.00000000
C2	c	0.47095956	0.39110947	0.07478633	0.06000000	8.06000000	0.01940266	0.00000000
C3	c	0.44168420	0.50293751	0.08909948	0.12000000	8.12000000	0.02371963	0.00000000
C4	c	0.48720626	0.38103030	0.04083047	0.18000000	8.18000000	0.02421885	0.00000000
C5	c	0.40870223	0.56299104	0.11364964	0.24000000	8.24000000	0.02570199	0.00000000
C6	c	0.38921323	0.47429005	0.14602025	0.30000000	8.30000000	0.02020432	0.00000000
C7	c	0.51340781	0.45398976	0.01453827	0.36000000	8.36000000	0.01840206	0.00000000
C8	c	0.41054887	0.67297362	0.09474704	0.42000000	8.42000000	0.02157811	0.00000000
C9	c	0.32945096	0.51907703	0.03380363	0.48000000	8.48000000	0.01048300	0.00000000
C10	c	0.25886816	0.55368727	0.16432522	0.54000000	8.54000000	0.01856909	0.00000000
C11	c	0.33148183	0.67607537	0.03222758	0.60000000	8.60000000	0.01667955	0.00000000
C12	c	0.30657508	0.43168934	0.06102390	0.66000000	8.66000000	0.01307784	0.00000000
C13	c	0.36088046	0.56539987	0.10661226	0.72000000	8.72000000	0.01751069	0.00000000
C14	c	0.32251721	0.54821614	0.10011671	0.78000000	8.78000000	0.01221904	0.00000000
C15	c	0.33872028	0.57150655	0.12026372	0.84000000	8.84000000	0.01040635	0.00000000
C16	c	0.36374309	0.15063930	0.09370807	0.90000000	8.90000000	0.01961598	0.00000000
C17	c	0.46102997	0.18597646	0.02141437	0.96000000	8.96000000	0.01182123	0.00000000
C18	c	0.38969041	0.15212884	0.03553915	1.02000000	9.02000000	0.01817939	0.00000000
C19	c	0.46691859	0.12871314	0.09421435	1.08000000	9.08000000	0.02257904	0.00000000
C20	c	0.40052531	0.17351358	0.15446195	1.14000000	9.14000000	0.01170590	0.00000000
C21	c	0.46245644	0.15222729	0.15296076	1.20000000	9.20000000	0.01729357	0.00000000
C22	c	0.36217797	0.26733731	0.01113967	1.26000000	9.26000000	0.01659751	0.00000000
C23	c	0.81407177	0.01132971	0.11411016	1.32000000	9.32000000	0.01923845	0.00000000
C24	c	0.84729031	0.08124633	0.12252317	1.38000000	9.38000000	0.02217145	0.00000000
C25	c	0.81073606	0.07910942	0.14164393	1.44000000	9.44000000	0.02744207	0.00000000
C26	c	0.88478361	0.02252361	0.10662891	1.50000000	9.50000000	0.02868517	0.00000000
C27	c	0.84632079	0.04920622	0.06826063	1.56000000	9.56000000	0.02664252	0.00000000
C28	c	0.90771805	0.00000000	0.07488470	1.62000000	9.62000000	0.01317252	0.00000000
C29	c	0.22711821	0.78703863	0.14813012	1.68000000	9.68000000	0.01774799	0.00000000
C30	c	0.19650189	0.83573048	0.12074917	1.74000000	9.74000000	0.02206823	0.00000000
C31	c	0.15274794	0.81787168	0.06374887	1.80000000	9.80000000	0.01603536	0.00000000
C32	c	0.27838871	0.88022389	0.10330665	1.86000000	9.86000000	0.02134658	0.00000000
C33	c	0.19158984	0.87003929	0.16374294	1.92000000	9.92000000	0.02211455	0.00000000
C34	c	0.22813833	0.88046408	0.01163905	1.98000000	9.98000000	0.02976143	0.00000000
C35	c	0.24833150	0.78710052	0.12870866	2.00000000	10.00000000	0.02678509	0.00000000
C36	c	0.19804448	0.75958424	0.02116870	2.00000000	10.00000000	0.01148904	0.00000000
C37	c	0.25387298	0.83901691	0.10428412	2.00000000	10.00000000	0.01255714	0.00000000
C38	c	0.24633871	0.81812387	0.11767658	2.00000000	10.00000000	0.01655640	0.00000000
C39	c	0.43534492	0.85382040	0.15002373	2.00000000	10.00000000	0.01792643	0.00000000
C40	c	0.37900468	0.82754934	0.09848311	2.00000000	10.00000000	0.02849248	0.00000000
C41	c	0.45052151	0.90216918	0.07893152	2.00000000	10.00000000	0.01236859	0.00000000
C42	c	0.46590212	0.90727003	0.14997517	2.00000000	10.00000000	0.02500260	0.00000000
C43	c	0.40284640	0.86466739	0.02812811	2.00000000	10.00000000	0.01804990	0.00000000
C44	c	0.72250370	0.44611888	0.04616687	2.00000000	10.00000000	0.02648576	0.00000000
C45	c	0.77321133	0.47870985	0.04226850	2.00000000	10.00000000	0.02793755	0.00000000
C46	c	0.77408156	0.46638915	0.02303871	2.00000000	10.00000000	0.01283590	0.00000000
C47	c	0.62151806	0.55296163	0.07974659	2.00000000	10.00000000	0.01448078	0.00000000
C48	c	0.75854092	0.54154305	0.02718617	2.00000000	10.00000000	0.02502646	0.00000000
C49	c	0.71740646	0.50388051	0.09097392	2.00000000	10.00000000	0.01285284	0.00000000
C50	c	0.75548931	0.55149823	0.15930819	2.00000000	10.00000000	0.02263520	0.00000000

Q Vehicle fuel tank capacity /0.40000000/
C Vehicle load capacity /1.50000000/
r fuel consumption rate /0.25000000/
g inverse refueling rate /1.00000000/
v average Velocity /1.00000000/
