StringID	Type	x	y	demand	ReadyTime	DueDate	ServiceTime	altitude
D0	d	0.50000000	0.50000000	0.00000000	0.00000000	10.00000000	0.00000000	0.00000000
S0	f	0.21896635	0.70024857	0.00000000	0.00000000	10.00000000	0.00000000	0.00000000
S1	f	0.69428075	0.10279472	0.00000000	0.00000000	10.00000000	0.00000000	0.00000000
S2	f	0.15859638	0.50121490	0.00000000	0.00000000	10.00000000	0.00000000	0.00000000
S3	f	0.30644350	0.84301353	0.00000000	0.00000000	10.00000000	0.00000000	0.00000000
S4	f	0.69603662	0.03903618	0.00000000	0.00000000	10.00000000	0.00000000	0.00000000
S5	f	0.56220822	0.56042907	0.00000000	0.00000000	10.00000000	0.00000000	0.00000000
C1	c	0.17395160	0.14485278	0.19086593	0.00000000	8.00000000	0.01802298	0.00000000
C2	c	0.11914610	0.21931152	0.08878882	0.10000000	8.10000000	0.02535778	0.00000000
C3	c	0.21318435	0.17283277	0.14189032	0.20000000	8.20000000	0.02723307	0.00000000
C4	c	0.17884491	0.10642246	0.27182512	0.30000000	8.30000000	0.01823803	0.00000000
C5	c	0.11387041	0.27179736	0.12760468	0.40000000	8.40000000	0.02140516	0.00000000
C6	c	0.06379306	0.16550959	0.20523997	0.50000000	8.50000000	0.02661728	0.00000000
C7	c	0.05101670	0.32709063	0.04883047	0.60000000	8.60000000	0.02894864	0.00000000
C8	c	0.04849758	0.24077468	0.30702371	0.70000000	8.70000000	0.02313782	0.00000000
C9	c	0.04375932	0.26836102	0.20271373	0.80000000	8.80000000	0.02257377	0.00000000
C10	c	0.08500785	0.22063261	0.17552827	0.90000000	8.90000000	0.01109521	0.00000000
C11	c	0.11394752	0.28567255	0.18063643	1.00000000	9.00000000	0.02514748	0.00000000
C12	c	0.09061930	0.27905105	0.29307917	1.10000000	9.10000000	0.02559887	0.00000000
C13	c	0.70981165	0.81597591	0.27862420	1.20000000	9.20000000	0.01170872	0.00000000
C14	c	0.64913090	0.82295833	0.26335765	1.30000000	9.30000000	0.02440797	0.00000000
C15	c	0.68286296	0.74270539	0.04676890	1.40000000	9.40000000	0.01530501	0.00000000
C16	c	0.69703873	0.87348900	0.06539936	1.50000000	9.50000000	0.01815694	0.00000000
C17	c	0.62120402	0.75519816	0.09653146	1.60000000	9.60000000	0.01280757	0.00000000
C18	c	0.61490297	0.79871407	0.18957501	1.70000000	9.70000000	0.01463914	0.00000000
C19	c	0.57263454	0.81328173	0.29750844	1.80000000	9.80000000	0.01126896	0.00000000
C20	c	0.35257590	0.25366060	0.08892674	1.90000000	9.90000000	0.02326419	0.00000000
C21	c	0.32929425	0.19939023	0.16143144	2.00000000	10.00000000	0.01701887	0.00000000
C22	c	0.45971466	0.16459561	0.04755848	2.00000000	10.00000000	0.01381101	0.00000000
C23	c	0.00000000	0.89884795	0.05496676	2.00000000	10.00000000	0.01574976	0.00000000
C24	c	0.00000000	0.93935546	0.05294607	2.00000000	10.00000000	0.02044498	0.00000000
C25	c	0.01485354	0.99418774	0.03624786	2.00000000	10.00000000	0.02160964	0.00000000
C26	c	0.02210401	0.96711290	0.05855533	2.00000000	10.00000000	0.01606707	0.00000000
C27	c	0.08518606	0.87336331	0.23528919	2.00000000	10.00000000	0.01588949	0.00000000
C28	c	0.00667524	0.96430374	0.13623035	2.00000000	10.00000000	0.01915987	0.00000000
C29	c	0.00729882	0.90271618	0.04485806	2.00000000	10.00000000	0.02851932	0.00000000
C30	c	0.00030234	0.96365502	0.11119810	2.00000000	10.00000000	0.01370072	0.00000000

Q Vehicle fuel tank capacity /0.40000000/
C Vehicle load capacity /1.50000000/
r fuel consumption rate /0.25000000/
g inverse refueling rate /1.00000000/
v average Velocity /1.00000000/
