StringID	Type	x	y	demand	ReadyTime	DueDate	ServiceTime	altitude
D0	d	0.50000000	0.50000000	0.00000000	0.00000000	10.00000000	0.00000000	0.00000000
S0	f	0.83333045	0.47753488	0.00000000	0.00000000	10.00000000	0.00000000	0.00000000
S1	f	0.25794137	0.93640943	0.00000000	0.00000000	10.00000000	0.00000000	0.00000000
S2	f	0.76112123	0.44485064	0.00000000	0.00000000	10.00000000	0.00000000	0.00000000
S3	f	0.99937799	0.56048459	0.00000000	0.00000000	10.00000000	0.00000000	0.00000000
S4	f	0.03584759	0.62139772	0.00000000	0.00000000	10.00000000	0.00000000	0.00000000
S5	f	0.48485397	0.71804310	0.00000000	0.00000000	10.00000000	0.00000000	0.00000000
S6	f	0.20955863	0.94688792	0.00000000	0.00000000	10.00000000	0.00000000	0.00000000
S7	f	0.17093106	0.45119273	0.00000000	0.00000000	10.00000000	0.00000000	0.00000000
S8	f	0.89556126	0.90418849	0.00000000	0.00000000	10.00000000	0.00000000	0.00000000
S9	f	0.14063580	0.62131804	0.00000000	0.00000000	10.00000000	0.00000000	0.00000000
C1	c	0.56381345	0.30966649	0.02351481	0.00000000	8.00000000	0.01951429	0.00000000
C2	c	0.59865412	0.28533260	0.14538751	0.06000000	8.06000000	0.01753302	0.00000000
C3	c	0.47695125	0.20878471	0.04016205	0.12000000	8.12000000	0.02992773	0.00000000
C4	c	0.50758065	0.28360159	0.06627501	0.18000000	8.18000000	0.02108389	0.00000000
C5	c	0.55929475	0.30834467	0.14980885	0.24000000	8.24000000	0.01869474	0.00000000
C6	c	0.54099799	0.27306575	0.03811480	0.30000000	8.30000000	0.02919234	0.00000000
C7	c	0.52508731	0.15153990	0.03291058	0.36000000	8.36000000	0.01839103	0.00000000
C8	c	0.57497994	0.22267280	0.07006128	0.42000000	8.42000000	0.01123087	0.00000000
C9	c	0.58109623	0.18348873	0.14598971	0.48000000	8.48000000	0.01641196	0.00000000
C10	c	0.96293489	0.81821613	0.15164236	0.54000000	8.54000000	0.02885485	0.00000000
C11	c	0.94830382	0.81942782	0.10165943	0.60000000	8.60000000	0.02904257	0.00000000
C12	c	0.90649636	0.86145183	0.12575139	0.66000000	8.66000000	0.02597589	0.00000000
C13	c	0.98160050	0.84944266	0.15154084	0.72000000	8.72000000	0.02488039	0.00000000
C14	c	0.85979873	0.78550391	0.04063287	0.78000000	8.78000000	0.02046436	0.00000000
C15	c	0.95398126	0.90415104	0.13623858	0.84000000	8.84000000	0.01648715	0.00000000
C16	c	0.88182095	0.43492593	0.15844980	0.90000000	8.90000000	0.01988581	0.00000000
C17	c	0.75499250	0.52342157	0.12144202	0.96000000	8.96000000	0.02115714	0.00000000
C18	c	0.04299254	0.14439583	0.09368459	1.02000000	9.02000000	0.02820341	0.00000000
C19	c	0.02497566	0.03514771	0.04299386	1.08000000	9.08000000	0.01455282	0.00000000
C20	c	0.04624546	0.03172960	0.06505304	1.14000000	9.14000000	0.02222185	0.00000000
C21	c	0.04560499	0.15543442	0.01435410	1.20000000	9.20000000	0.01237222	0.00000000
C22	c	0.05698118	0.17718849	0.14240026	1.26000000	9.26000000	0.02041475	0.00000000
C23	c	0.00000000	0.20219917	0.12838619	1.32000000	9.32000000	0.01704190	0.00000000
C24	c	0.00000000	0.21989927	0.06638210	1.38000000	9.38000000	0.01707867	0.00000000
C25	c	0.16312097	0.22387243	0.06666393	1.44000000	9.44000000	0.01420538	0.00000000
C26	c	0.06416191	0.32703679	0.12074604	1.50000000	9.50000000	0.02395742	0.00000000
C27	c	0.00096479	0.36199188	0.07204426	1.56000000	9.56000000	0.02150818	0.00000000
C28	c	0.03618788	0.26321750	0.04792614	1.62000000	9.62000000	0.02022024	0.00000000
C29	c	0.00000000	0.16261243	0.14541882	1.68000000	9.68000000	0.01539211	0.00000000
C30	c	0.15454627	0.16283421	0.03161392	1.74000000	9.74000000	0.02613545	0.00000000
C31	c	0.06826639	0.23245720	0.06568074	1.80000000	9.80000000	0.02753939	0.00000000
C32	c	0.00694389	0.24371061	0.01657382	1.86000000	9.86000000	0.02106260	0.00000000
C33	c	0.14534334	0.27526893	0.11254543	1.92000000	9.92000000	0.02946757	0.00000000
C34	c	0.01440568	0.28759598	0.02500961	1.98000000	9.98000000	0.02404104	0.00000000
C35	c	0.08745469	0.19750315	0.06196618	2.00000000	10.00000000	0.01082060	0.00000000
C36	c	0.14096712	0.30908218	0.03476495	2.00000000	10.00000000	0.02163152	0.00000000
C37	c	0.11189376	0.22936407	0.11457757	2.00000000	10.00000000	0.02962092	0.00000000
C38	c	0.14823958	0.23559865	0.07252421	2.00000000	10.00000000	0.02324353	0.00000000
C39	c	0.08716996	0.14664298	0.08768939	2.00000000	10.00000000	0.02871139	0.00000000
C40	c	0.09939383	0.25708914	0.08425909	2.00000000	10.00000000	0.02265730	0.00000000
C41	c	0.20995126	0.99748110	0.13695622	2.00000000	10.00000000	0.02375808	0.00000000
C42	c	0.33803913	0.91983505	0.04402923	2.00000000	10.00000000	0.02130588	0.00000000
C43	c	0.29653574	0.90625015	0.11764175	2.00000000	10.00000000	0.01873990	0.00000000
C44	c	0.30755353	0.89420571	0.14993076	2.00000000	10.00000000	0.01631104	0.00000000
C45	c	0.32296870	0.92424816	0.06146861	2.00000000	10.00000000	0.01266899	0.00000000
C46	c	0.83810671	0.98511020	0.13828884	2.00000000	10.00000000	0.02546206	0.00000000
C47	c	0.82748633	0.90221968	0.12179912	2.00000000	10.00000000	0.02198099	0.00000000
C48	c	0.87940808	0.97679301	0.12234247	2.00000000	10.00000000	0.02091577	0.00000000
C49	c	0.85356007	0.99530898	0.08814767	2.00000000	10.00000000	0.01299162	0.00000000
C50	c	0.74185770	0.90904606	0.10655522	2.00000000	10.00000000	0.01486329	0.00000000

Q Vehicle fuel tank capacity /0.40000000/
C Vehicle load capacity /1.50000000/
r fuel consumption rate /0.25000000/
g inverse refueling rate /1.00000000/
v average Velocity /1.00000000/
