StringID	Type	x	y	demand	ReadyTime	DueDate	ServiceTime	altitude
D0	d	0.50000000	0.50000000	0.00000000	0.00000000	10.00000000	0.00000000	0.00000000
S0	f	0.31196616	0.54538585	0.00000000	0.00000000	10.00000000	0.00000000	0.00000000
S1	f	0.96809936	0.56638610	0.00000000	0.00000000	10.00000000	0.00000000	0.00000000
S2	f	0.03604523	0.86778847	0.00000000	0.00000000	10.00000000	0.00000000	0.00000000
S3	f	0.59604581	0.65747324	0.00000000	0.00000000	10.00000000	0.00000000	0.00000000
S4	f	0.76888740	0.38412635	0.00000000	0.00000000	10.00000000	0.00000000	0.00000000
S5	f	0.26520230	0.99955443	0.00000000	0.00000000	10.00000000	0.00000000	0.00000000
S6	f	0.15015284	0.55516730	0.00000000	0.00000000	10.00000000	0.00000000	0.00000000
S7	f	0.63280650	0.44049654	0.00000000	0.00000000	10.00000000	0.00000000	0.00000000
S8	f	0.40270337	0.62321000	0.00000000	0.00000000	10.00000000	0.00000000	0.00000000
S9	f	0.17277611	0.44580317	0.00000000	0.00000000	10.00000000	0.00000000	0.00000000
C1	c	0.61304936	0.53534963	0.02515728	0.00000000	8.00000000	0.02038136	0.00000000
C2	c	0.57765355	0.56204287	0.06820300	0.06000000	8.06000000	0.02081609	0.00000000
C3	c	0.59355634	0.49784596	0.05832608	0.12000000	8.12000000	0.02206215	0.00000000
C4	c	0.35359192	0.54694950	0.04517964	0.18000000	8.18000000	0.01428463	0.00000000
C5	c	0.37542921	0.54740523	0.02187550	0.24000000	8.24000000	0.01701967	0.00000000
C6	c	0.26958579	0.52852223	0.04676815	0.30000000	8.30000000	0.02823898	0.00000000
C7	c	0.20120653	0.52560577	0.10428420	0.36000000	8.36000000	0.02216741	0.00000000
C8	c	0.51658718	0.25312644	0.15533731	0.42000000	8.42000000	0.02436081	0.00000000
C9	c	0.45108841	0.17511540	0.06359772	0.48000000	8.48000000	0.01347799	0.00000000
C10	c	0.42541630	0.16375957	0.10612841	0.54000000	8.54000000	0.01712010	0.00000000
C11	c	0.56573094	0.13573319	0.11799951	0.60000000	8.60000000	0.01920851	0.00000000
C12	c	0.39327501	0.28293292	0.13136254	0.66000000	8.66000000	0.02893394	0.00000000
C13	c	0.45272780	0.10601947	0.13913703	0.72000000	8.72000000	0.01124555	0.00000000
C14	c	0.48852377	0.18511200	0.02302325	0.78000000	8.78000000	0.01731197	0.00000000
C15	c	0.42208517	0.21081759	0.10649427	0.84000000	8.84000000	0.01288063	0.00000000
C16	c	0.48322770	0.23699770	0.15264009	0.90000000	8.90000000	0.02474209	0.00000000
C17	c	0.50379516	0.26795453	0.03643373	0.96000000	8.96000000	0.01602026	0.00000000
C18	c	0.41833133	0.14006288	0.12248885	1.02000000	9.02000000	0.01438612	0.00000000
C19	c	0.55588283	0.23266960	0.11502039	1.08000000	9.08000000	0.02946658	0.00000000
C20	c	0.42674370	0.18864293	0.04064468	1.14000000	9.14000000	0.02008545	0.00000000
C21	c	0.54151887	0.22476109	0.08638100	1.20000000	9.20000000	0.01259442	0.00000000
C22	c	0.05427089	0.41431415	0.14836896	1.26000000	9.26000000	0.01863371	0.00000000
C23	c	0.00000000	0.41627482	0.07592775	1.32000000	9.32000000	0.01193086	0.00000000
C24	c	0.00000000	0.42121104	0.15563595	1.38000000	9.38000000	0.02659442	0.00000000
C25	c	0.14546779	0.47795972	0.11264209	1.44000000	9.44000000	0.01593582	0.00000000
C26	c	0.00000000	0.52649452	0.09312231	1.50000000	9.50000000	0.02015293	0.00000000
C27	c	0.00000000	0.42348911	0.12787807	1.56000000	9.56000000	0.01528440	0.00000000
C28	c	0.06245155	0.48932073	0.06486187	1.62000000	9.62000000	0.02285572	0.00000000
C29	c	0.04144256	0.45468412	0.05064060	1.68000000	9.68000000	0.02300790	0.00000000
C30	c	0.09916817	0.21576729	0.10910023	1.74000000	9.74000000	0.01729192	0.00000000
C31	c	0.08163415	0.04582153	0.08773690	1.80000000	9.80000000	0.02808617	0.00000000
C32	c	0.08123753	0.08922245	0.04143366	1.86000000	9.86000000	0.01984667	0.00000000
C33	c	0.95615011	0.51671734	0.14336375	1.92000000	9.92000000	0.02012876	0.00000000
C34	c	0.97644813	0.43625254	0.04213558	1.98000000	9.98000000	0.01360645	0.00000000
C35	c	1.00000000	0.44330189	0.10696823	2.00000000	10.00000000	0.02978177	0.00000000
C36	c	0.99799562	0.42263287	0.14200615	2.00000000	10.00000000	0.02673138	0.00000000
C37	c	0.91862336	0.29790656	0.11407725	2.00000000	10.00000000	0.01028914	0.00000000
C38	c	0.92370810	0.45404736	0.02827119	2.00000000	10.00000000	0.01314669	0.00000000
C39	c	0.90465009	0.37295869	0.11672731	2.00000000	10.00000000	0.01179437	0.00000000
C40	c	0.87148410	0.34350183	0.10316610	2.00000000	10.00000000	0.01276225	0.00000000
C41	c	1.00000000	0.48323840	0.07625748	2.00000000	10.00000000	0.02221509	0.00000000
C42	c	0.96561756	0.38606590	0.05879414	2.00000000	10.00000000	0.02403184	0.00000000
C43	c	0.94099604	0.35666879	0.08082676	2.00000000	10.00000000	0.02844188	0.00000000
C44	c	0.00000000	0.16494389	0.05059498	2.00000000	10.00000000	0.01340070	0.00000000
C45	c	0.00000000	0.15355998	0.03716861	2.00000000	10.00000000	0.02491829	0.00000000
C46	c	0.02080217	0.15854993	0.12513236	2.00000000	10.00000000	0.02961862	0.00000000
C47	c	0.11273529	0.12052354	0.14223262	2.00000000	10.00000000	0.02601172	0.00000000
C48	c	0.00000000	0.14022434	0.12788199	2.00000000	10.00000000	0.01353629	0.00000000
C49	c	0.00000000	0.08759449	0.07293406	2.00000000	10.00000000	0.01916896	0.00000000
C50	c	0.07089063	0.15756632	0.09763042	2.00000000	10.00000000	0.02536747	0.00000000

Q Vehicle fuel tank capacity /0.40000000/
C Vehicle load capacity /1.50000000/
r fuel consumption rate /0.25000000/
g inverse refueling rate /1.00000000/
v average Velocity /1.00000000/
