StringID	Type	x	y	demand	ReadyTime	DueDate	ServiceTime	altitude
D0	d	0.50000000	0.50000000	0.00000000	0.00000000	10.00000000	0.00000000	0.00000000
S0	f	0.29656501	0.25643483	0.00000000	0.00000000	10.00000000	0.00000000	0.00000000
S1	f	0.51479558	0.01380199	0.00000000	0.00000000	10.00000000	0.00000000	0.00000000
S2	f	0.75054003	0.93201694	0.00000000	0.00000000	10.00000000	0.00000000	0.00000000
S3	f	0.68943882	0.30167410	0.00000000	0.00000000	10.00000000	0.00000000	0.00000000
S4	f	0.17777777	0.74305007	0.00000000	0.00000000	10.00000000	0.00000000	0.00000000
S5	f	0.83978794	0.10637874	0.00000000	0.00000000	10.00000000	0.00000000	0.00000000
C1	c	0.58487453	0.42018370	0.29260026	0.00000000	8.00000000	0.01733940	0.00000000
C2	c	0.60063165	0.43274427	0.11568813	0.10000000	8.10000000	0.02865671	0.00000000
C3	c	0.54824199	0.45120450	0.21235115	0.20000000	8.20000000	0.02132411	0.00000000
C4	c	0.53329900	0.35438814	0.15514482	0.30000000	8.30000000	0.01241719	0.00000000
C5	c	0.50510524	0.33759178	0.04814511	0.40000000	8.40000000	0.02241414	0.00000000
C6	c	0.65013784	0.50641169	0.09610609	0.50000000	8.50000000	0.01981015	0.00000000
C7	c	0.21857646	0.23517468	0.07190439	0.60000000	8.60000000	0.01417710	0.00000000
C8	c	0.27328961	0.32822518	0.15145695	0.70000000	8.70000000	0.02949382	0.00000000
C9	c	0.55486743	0.83793361	0.07077427	0.80000000	8.80000000	0.02282769	0.00000000
C10	c	0.50362605	0.75755609	0.14837817	0.90000000	8.90000000	0.01976561	0.00000000
C11	c	0.48862853	0.77369875	0.26045831	1.00000000	9.00000000	0.02228684	0.00000000
C12	c	0.58613038	0.77595082	0.15903125	1.10000000	9.10000000	0.01802369	0.00000000
C13	c	0.50280243	0.74432889	0.13644063	1.20000000	9.20000000	0.01674289	0.00000000
C14	c	0.56628130	0.76674710	0.09143304	1.30000000	9.30000000	0.02307051	0.00000000
C15	c	0.47029169	0.71897697	0.28338023	1.40000000	9.40000000	0.01828382	0.00000000
C16	c	0.03317677	0.36745197	0.23120374	1.50000000	9.50000000	0.02193615	0.00000000
C17	c	0.00000000	0.38353205	0.15713516	1.60000000	9.60000000	0.01589315	0.00000000
C18	c	0.04521323	0.54235206	0.16833919	1.70000000	9.70000000	0.01790365	0.00000000
C19	c	0.00000000	0.34788480	0.15043564	1.80000000	9.80000000	0.01038229	0.00000000
C20	c	0.00000000	0.45798214	0.12427002	1.90000000	9.90000000	0.02043347	0.00000000
C21	c	0.00000000	0.37850591	0.09723000	2.00000000	10.00000000	0.01075830	0.00000000
C22	c	0.05186660	0.34020735	0.27986259	2.00000000	10.00000000	0.02094026	0.00000000
C23	c	0.01862080	0.33376633	0.08159195	2.00000000	10.00000000	0.02961170	0.00000000
C24	c	0.00000000	0.38180314	0.20085253	2.00000000	10.00000000	0.02567777	0.00000000
C25	c	0.45744699	0.05203251	0.27421187	2.00000000	10.00000000	0.02357458	0.00000000
C26	c	0.44155894	0.00000000	0.05114690	2.00000000	10.00000000	0.01665834	0.00000000
C27	c	0.35231672	0.03208287	0.09586089	2.00000000	10.00000000	0.02679272	0.00000000
C28	c	0.39348145	0.03146735	0.04506007	2.00000000	10.00000000	0.02573803	0.00000000
C29	c	0.35756816	0.05822300	0.18754171	2.00000000	10.00000000	0.01394957	0.00000000
C30	c	0.43122851	0.08202715	0.06196494	2.00000000	10.00000000	0.02812748	0.00000000

Q Vehicle fuel tank capacity /0.40000000/
C Vehicle load capacity /1.50000000/
r fuel consumption rate /0.25000000/
g inverse refueling rate /1.00000000/
v average Velocity /1.00000000/
