StringID	Type	x	y	demand	ReadyTime	DueDate	ServiceTime	altitude
D0	d	0.50000000	0.50000000	0.00000000	0.00000000	10.00000000	0.00000000	0.00000000
S0	f	0.06577014	0.05615650	0.00000000	0.00000000	10.00000000	0.00000000	0.00000000
S1	f	0.74097568	0.79329593	0.00000000	0.00000000	10.00000000	0.00000000	0.00000000
S2	f	0.76060805	0.69959569	0.00000000	0.00000000	10.00000000	0.00000000	0.00000000
S3	f	0.00699669	0.65803038	0.00000000	0.00000000	10.00000000	0.00000000	0.00000000
S4	f	0.09353261	0.70005586	0.00000000	0.00000000	10.00000000	0.00000000	0.00000000
S5	f	0.77891254	0.32005661	0.00000000	0.00000000	10.00000000	0.00000000	0.00000000
S6	f	0.35428993	0.31454657	0.00000000	0.00000000	10.00000000	0.00000000	0.00000000
S7	f	0.47030948	0.64946217	0.00000000	0.00000000	10.00000000	0.00000000	0.00000000
S8	f	0.78401129	0.18147005	0.00000000	0.00000000	10.00000000	0.00000000	0.00000000
S9	f	0.91807749	0.26784368	0.00000000	0.00000000	10.00000000	0.00000000	0.00000000
C1	c	0.47390765	0.92857769	0.10032970	0.00000000	8.00000000	0.02784449	0.00000000
C2	c	0.52928870	0.86385116	0.06476892	0.06000000	8.06000000	0.01126315	0.00000000
C3	c	0.62770362	0.91350773	0.10316196	0.12000000	8.12000000	0.01361134	0.00000000
C4	c	0.51330449	0.92109074	0.07318471	0.18000000	8.18000000	0.02241024	0.00000000
C5	c	0.87280681	0.57656908	0.09178008	0.24000000	8.24000000	0.01820143	0.00000000
C6	c	0.91161358	0.67189458	0.15362736	0.30000000	8.30000000	0.02987105	0.00000000
C7	c	0.91947614	0.61880612	0.15398310	0.36000000	8.36000000	0.01489461	0.00000000
C8	c	0.87518793	0.63063634	0.13667603	0.42000000	8.42000000	0.02820464	0.00000000
C9	c	0.61817954	0.24322704	0.01749276	0.48000000	8.48000000	0.02168037	0.00000000
C10	c	0.70239741	0.36812588	0.03068201	0.54000000	8.54000000	0.01939903	0.00000000
C11	c	0.69904164	0.22099058	0.07715874	0.60000000	8.60000000	0.01810501	0.00000000
C12	c	0.57472306	0.19765248	0.08909810	0.66000000	8.66000000	0.02742184	0.00000000
C13	c	0.65245980	0.33539693	0.06760951	0.72000000	8.72000000	0.02766835	0.00000000
C14	c	0.61675994	0.24129030	0.12327146	0.78000000	8.78000000	0.01588563	0.00000000
C15	c	0.55603129	0.26210467	0.04327211	0.84000000	8.84000000	0.01732233	0.00000000
C16	c	0.59285922	0.24471901	0.12074104	0.90000000	8.90000000	0.02142774	0.00000000
C17	c	0.54277632	0.17240569	0.05547750	0.96000000	8.96000000	0.01112207	0.00000000
C18	c	0.61430925	0.20354297	0.05879001	1.02000000	9.02000000	0.02628065	0.00000000
C19	c	0.22097186	0.16297200	0.02887486	1.08000000	9.08000000	0.01863093	0.00000000
C20	c	0.22965755	0.26231119	0.15237346	1.14000000	9.14000000	0.02066044	0.00000000
C21	c	0.07253607	0.22300822	0.02907837	1.20000000	9.20000000	0.01483301	0.00000000
C22	c	0.07833227	0.29332575	0.12835348	1.26000000	9.26000000	0.02970636	0.00000000
C23	c	0.13180788	0.18857981	0.15270769	1.32000000	9.32000000	0.01231606	0.00000000
C24	c	0.19597287	0.18795579	0.05185857	1.38000000	9.38000000	0.02432576	0.00000000
C25	c	0.17007289	0.15549982	0.10346133	1.44000000	9.44000000	0.01166310	0.00000000
C26	c	0.13296405	0.26201865	0.15581306	1.50000000	9.50000000	0.01998989	0.00000000
C27	c	0.11504382	0.24881305	0.09684838	1.56000000	9.56000000	0.01815328	0.00000000
C28	c	0.17844042	0.26556302	0.08369964	1.62000000	9.62000000	0.02110759	0.00000000
C29	c	0.87921289	0.49618282	0.03742633	1.68000000	9.68000000	0.01398585	0.00000000
C30	c	0.91297461	0.42792531	0.07980118	1.74000000	9.74000000	0.02036092	0.00000000
C31	c	0.91824874	0.45856712	0.05042744	1.80000000	9.80000000	0.01144625	0.00000000
C32	c	0.85586444	0.43902539	0.13039263	1.86000000	9.86000000	0.02199628	0.00000000
C33	c	0.92926742	0.44999224	0.03523559	1.92000000	9.92000000	0.01430020	0.00000000
C34	c	0.93239256	0.43983478	0.04476814	1.98000000	9.98000000	0.02590305	0.00000000
C35	c	0.90915962	0.50120167	0.04027793	2.00000000	10.00000000	0.01047343	0.00000000
C36	c	0.96791402	0.31391278	0.13004591	2.00000000	10.00000000	0.02738744	0.00000000
C37	c	0.89667149	0.54797383	0.07821502	2.00000000	10.00000000	0.01717980	0.00000000
C38	c	0.72124416	0.96344710	0.08969078	2.00000000	10.00000000	0.01838572	0.00000000
C39	c	0.74287492	0.90910302	0.11574723	2.00000000	10.00000000	0.01538160	0.00000000
C40	c	0.81186090	1.00000000	0.04340774	2.00000000	10.00000000	0.02052336	0.00000000
C41	c	0.77623465	1.00000000	0.14545358	2.00000000	10.00000000	0.01812449	0.00000000
C42	c	0.70445887	1.00000000	0.14301231	2.00000000	10.00000000	0.01736106	0.00000000
C43	c	0.83923428	1.00000000	0.14529749	2.00000000	10.00000000	0.01120656	0.00000000
C44	c	0.74468631	0.96085808	0.10855362	2.00000000	10.00000000	0.02176617	0.00000000
C45	c	0.38579994	0.65993050	0.08046112	2.00000000	10.00000000	0.02278230	0.00000000
C46	c	0.38750371	0.67665335	0.14134144	2.00000000	10.00000000	0.01375009	0.00000000
C47	c	0.52687014	0.85207789	0.10551890	2.00000000	10.00000000	0.01577771	0.00000000
C48	c	0.45566698	0.68746779	0.09135129	2.00000000	10.00000000	0.02605893	0.00000000
C49	c	0.43478736	0.71788663	0.01365336	2.00000000	10.00000000	0.01891514	0.00000000
C50	c	0.37147536	0.76354983	0.10574704	2.00000000	10.00000000	0.02282395	0.00000000

Q Vehicle fuel tank capacity /0.40000000/
C Vehicle load capacity /1.50000000/
r fuel consumption rate /0.25000000/
g inverse refueling rate /1.00000000/
v average Velocity /1.00000000/
