StringID	Type	x	y	demand	ReadyTime	DueDate	ServiceTime	altitude
D0	d	0.50000000	0.50000000	0.00000000	0.00000000	10.00000000	0.00000000	0.00000000
S0	f	0.67648793	0.21435778	0.00000000	0.00000000	10.00000000	0.00000000	0.00000000
S1	f	0.83764536	0.93618309	0.00000000	0.00000000	10.00000000	0.00000000	0.00000000
S2	f	0.91202168	0.01300740	0.00000000	0.00000000	10.00000000	0.00000000	0.00000000
S3	f	0.30294863	0.73690706	0.00000000	0.00000000	10.00000000	0.00000000	0.00000000
S4	f	0.96630539	0.92148907	0.00000000	0.00000000	10.00000000	0.00000000	0.00000000
S5	f	0.59290703	0.12203449	0.00000000	0.00000000	10.00000000	0.00000000	0.00000000
C1	c	0.45951901	0.12339714	0.22401538	0.00000000	8.00000000	0.01898777	0.00000000
C2	c	0.51294640	0.04505228	0.19908064	0.10000000	8.10000000	0.01792947	0.00000000
C3	c	0.39345964	0.16276475	0.26478119	0.20000000	8.20000000	0.01775993	0.00000000
C4	c	0.38451665	0.18748710	0.07155195	0.30000000	8.30000000	0.02496044	0.00000000
C5	c	0.46878885	0.16257967	0.21082349	0.40000000	8.40000000	0.01151377	0.00000000
C6	c	0.48503113	0.16486750	0.03354445	0.50000000	8.50000000	0.02584627	0.00000000
C7	c	0.55508473	0.10389710	0.05232462	0.60000000	8.60000000	0.02487358	0.00000000
C8	c	0.55671697	0.14418844	0.02426333	0.70000000	8.70000000	0.01100794	0.00000000
C9	c	0.11297704	0.29706333	0.15395705	0.80000000	8.80000000	0.01629429	0.00000000
C10	c	0.07068209	0.39294408	0.28293057	0.90000000	8.90000000	0.02591507	0.00000000
C11	c	0.07341627	0.45388320	0.28124361	1.00000000	9.00000000	0.02569177	0.00000000
C12	c	0.03697274	0.37085082	0.06164306	1.10000000	9.10000000	0.01522979	0.00000000
C13	c	0.05352490	0.44482159	0.24797666	1.20000000	9.20000000	0.02521573	0.00000000
C14	c	0.06458225	0.49716055	0.07728630	1.30000000	9.30000000	0.01466777	0.00000000
C15	c	0.04037513	0.40210266	0.02817923	1.40000000	9.40000000	0.02990396	0.00000000
C16	c	0.00121343	0.31481280	0.17108475	1.50000000	9.50000000	0.02723849	0.00000000
C17	c	0.00000000	0.37964176	0.10223938	1.60000000	9.60000000	0.02069623	0.00000000
C18	c	0.79539253	0.15644843	0.20962261	1.70000000	9.70000000	0.01312717	0.00000000
C19	c	0.71665623	0.18909810	0.04895521	1.80000000	9.80000000	0.02759242	0.00000000
C20	c	0.75016676	0.20980619	0.08593502	1.90000000	9.90000000	0.01656949	0.00000000
C21	c	0.04972610	0.34589007	0.19723389	2.00000000	10.00000000	0.01806698	0.00000000
C22	c	0.00000000	0.29011277	0.02068938	2.00000000	10.00000000	0.01287993	0.00000000
C23	c	0.00000000	0.32741846	0.26281156	2.00000000	10.00000000	0.01285039	0.00000000
C24	c	0.00000000	0.25016527	0.27804516	2.00000000	10.00000000	0.01831819	0.00000000
C25	c	0.05767832	0.27799283	0.23477372	2.00000000	10.00000000	0.02197043	0.00000000
C26	c	0.05361319	0.36976669	0.17829403	2.00000000	10.00000000	0.01490062	0.00000000
C27	c	0.19151169	0.61631238	0.15044492	2.00000000	10.00000000	0.02067976	0.00000000
C28	c	0.27853415	0.58768446	0.13935645	2.00000000	10.00000000	0.02610896	0.00000000
C29	c	0.28862799	0.51021513	0.14752891	2.00000000	10.00000000	0.02482338	0.00000000
C30	c	0.28371184	0.56216985	0.05938350	2.00000000	10.00000000	0.02900826	0.00000000

Q Vehicle fuel tank capacity /0.40000000/
C Vehicle load capacity /1.50000000/
r fuel consumption rate /0.25000000/
g inverse refueling rate /1.00000000/
v average Velocity /1.00000000/
