StringID	Type	x	y	demand	ReadyTime	DueDate	ServiceTime	altitude
D0	d	0.50000000	0.50000000	0.00000000	0.00000000	10.00000000	0.00000000	0.00000000
S0	f	0.96971643	0.27437196	0.00000000	0.00000000	10.00000000	0.00000000	0.00000000
S1	f	0.19539270	0.84435151	0.00000000	0.00000000	10.00000000	0.00000000	0.00000000
S2	f	0.64897847	0.60053682	0.00000000	0.00000000	10.00000000	0.00000000	0.00000000
S3	f	0.33544637	0.88259136	0.00000000	0.00000000	10.00000000	0.00000000	0.00000000
S4	f	0.70181878	0.38795944	0.00000000	0.00000000	10.00000000	0.00000000	0.00000000
S5	f	0.69871930	0.65051970	0.00000000	0.00000000	10.00000000	0.00000000	0.00000000
C1	c	0.32425870	0.80733874	0.10441300	0.00000000	8.00000000	0.01051228	0.00000000
C2	c	0.44277334	0.75294559	0.15292453	0.10000000	8.10000000	0.02985610	0.00000000
C3	c	0.37392599	0.74893088	0.21840061	0.20000000	8.20000000	0.01104496	0.00000000
C4	c	0.37108974	0.73600598	0.13239455	0.30000000	8.30000000	0.01042494	0.00000000
C5	c	0.41726321	0.72727080	0.17595006	0.40000000	8.40000000	0.02225036	0.00000000
C6	c	0.37899221	0.80972312	0.26777561	0.50000000	8.50000000	0.02020482	0.00000000
C7	c	0.34546505	0.83118259	0.12795789	0.60000000	8.60000000	0.02114130	0.00000000
C8	c	0.30828092	0.78532615	0.21907409	0.70000000	8.70000000	0.01249995	0.00000000
C9	c	0.33570972	0.81831751	0.06009462	0.80000000	8.80000000	0.02785041	0.00000000
C10	c	0.36280340	0.78037026	0.17141376	0.90000000	8.90000000	0.01353292	0.00000000
C11	c	0.07238643	0.69921673	0.21436363	1.00000000	9.00000000	0.01902685	0.00000000
C12	c	0.07962684	0.80541150	0.19046735	1.10000000	9.10000000	0.01517062	0.00000000
C13	c	0.06404442	0.81085125	0.18314836	1.20000000	9.20000000	0.01586253	0.00000000
C14	c	0.00000000	0.70294564	0.14270644	1.30000000	9.30000000	0.02079930	0.00000000
C15	c	0.37413011	0.79064853	0.18198296	1.40000000	9.40000000	0.02320500	0.00000000
C16	c	0.44346940	0.79049331	0.09030801	1.50000000	9.50000000	0.02930367	0.00000000
C17	c	0.41872360	0.83846012	0.17556778	1.60000000	9.60000000	0.02232231	0.00000000
C18	c	0.35270809	0.83411468	0.03951420	1.70000000	9.70000000	0.02141717	0.00000000
C19	c	0.38016256	0.50808425	0.16410575	1.80000000	9.80000000	0.01900700	0.00000000
C20	c	0.34147675	0.59395809	0.09517956	1.90000000	9.90000000	0.02435583	0.00000000
C21	c	0.31017950	0.45359984	0.11879185	2.00000000	10.00000000	0.01737261	0.00000000
C22	c	0.39596049	0.48180172	0.14598355	2.00000000	10.00000000	0.01258375	0.00000000
C23	c	0.32350660	0.44697049	0.07500264	2.00000000	10.00000000	0.02821155	0.00000000
C24	c	0.32531918	0.47868326	0.15193657	2.00000000	10.00000000	0.02005186	0.00000000
C25	c	0.32883063	0.45526222	0.22614742	2.00000000	10.00000000	0.02783390	0.00000000
C26	c	0.33564293	0.52292781	0.10489636	2.00000000	10.00000000	0.01051254	0.00000000
C27	c	0.40185937	0.82253812	0.10644257	2.00000000	10.00000000	0.01859135	0.00000000
C28	c	0.48906223	0.96732799	0.05621896	2.00000000	10.00000000	0.01932745	0.00000000
C29	c	0.38555400	0.89932965	0.15408868	2.00000000	10.00000000	0.01820275	0.00000000
C30	c	0.46541301	0.89995955	0.25274863	2.00000000	10.00000000	0.02990137	0.00000000

Q Vehicle fuel tank capacity /0.40000000/
C Vehicle load capacity /1.50000000/
r fuel consumption rate /0.25000000/
g inverse refueling rate /1.00000000/
v average Velocity /1.00000000/
