StringID	Type	x	y	demand	ReadyTime	DueDate	ServiceTime	altitude
D0	d	0.50000000	0.50000000	0.00000000	0.00000000	10.00000000	0.00000000	0.00000000
S0	f	0.76494947	0.27852384	0.00000000	0.00000000	10.00000000	0.00000000	0.00000000
S1	f	0.54194045	0.88171436	0.00000000	0.00000000	10.00000000	0.00000000	0.00000000
S2	f	0.56112330	0.44058322	0.00000000	0.00000000	10.00000000	0.00000000	0.00000000
S3	f	0.61710749	0.57491360	0.00000000	0.00000000	10.00000000	0.00000000	0.00000000
S4	f	0.03793465	0.12214440	0.00000000	0.00000000	10.00000000	0.00000000	0.00000000
S5	f	0.46537091	0.52683052	0.00000000	0.00000000	10.00000000	0.00000000	0.00000000
S6	f	0.87945602	0.35345292	0.00000000	0.00000000	10.00000000	0.00000000	0.00000000
S7	f	0.09266287	0.47672341	0.00000000	0.00000000	10.00000000	0.00000000	0.00000000
S8	f	0.91820993	0.98597849	0.00000000	0.00000000	10.00000000	0.00000000	0.00000000
S9	f	0.80172704	0.25867354	0.00000000	0.00000000	10.00000000	0.00000000	0.00000000
C1	c	0.36507150	0.73268264	0.05609863	0.00000000	8.00000000	0.02429952	0.00000000
C2	c	0.49754099	0.65130171	0.00994538	0.06000000	8.06000000	0.01226719	0.00000000
C3	c	0.41326420	0.73012921	0.08035510	0.12000000	8.12000000	0.01700299	0.00000000
C4	c	0.42682884	0.58350980	0.05558983	0.18000000	8.18000000	0.01384799	0.00000000
C5	c	0.50669405	0.70813307	0.07020469	0.24000000	8.24000000	0.01227035	0.00000000
C6	c	0.44618615	0.63367297	0.14015878	0.30000000	8.30000000	0.02295091	0.00000000
C7	c	0.34626970	0.80956667	0.02365781	0.36000000	8.36000000	0.01813812	0.00000000
C8	c	0.44539886	0.68639574	0.06497190	0.42000000	8.42000000	0.02331217	0.00000000
C9	c	0.49795380	0.76328295	0.08446567	0.48000000	8.48000000	0.01644858	0.00000000
C10	c	0.02959245	0.34667560	0.12286329	0.54000000	8.54000000	0.02823081	0.00000000
C11	c	0.00000000	0.34824843	0.10637657	0.60000000	8.60000000	0.02469132	0.00000000
C12	c	0.05374357	0.37340109	0.04865590	0.66000000	8.66000000	0.01311002	0.00000000
C13	c	0.08168175	0.38801289	0.14101371	0.72000000	8.72000000	0.02327027	0.00000000
C14	c	0.02159983	0.37149319	0.12516272	0.78000000	8.78000000	0.01439933	0.00000000
C15	c	0.39854873	0.96999295	0.07962703	0.84000000	8.84000000	0.01859575	0.00000000
C16	c	0.41476314	0.93088942	0.12712334	0.90000000	8.90000000	0.01972829	0.00000000
C17	c	0.35971804	0.83784176	0.13977121	0.96000000	8.96000000	0.02329446	0.00000000
C18	c	0.37848300	0.92872516	0.10582404	1.02000000	9.02000000	0.01737170	0.00000000
C19	c	0.39710045	0.87026214	0.01848490	1.08000000	9.08000000	0.01040339	0.00000000
C20	c	0.41638342	0.92301639	0.06534736	1.14000000	9.14000000	0.01642452	0.00000000
C21	c	0.35155838	0.97423115	0.09496984	1.20000000	9.20000000	0.02319406	0.00000000
C22	c	0.78391489	0.00771398	0.13881980	1.26000000	9.26000000	0.02254171	0.00000000
C23	c	0.78864738	0.04308134	0.05390638	1.32000000	9.32000000	0.01099876	0.00000000
C24	c	0.72513129	0.03910839	0.02611421	1.38000000	9.38000000	0.02056460	0.00000000
C25	c	0.70782344	0.11757199	0.14051390	1.44000000	9.44000000	0.02563772	0.00000000
C26	c	0.71975462	0.15788716	0.14175260	1.50000000	9.50000000	0.01306504	0.00000000
C27	c	0.79010565	0.05626515	0.12792619	1.56000000	9.56000000	0.01065944	0.00000000
C28	c	0.82207336	0.01562729	0.02499007	1.62000000	9.62000000	0.01861577	0.00000000
C29	c	0.73600055	0.07407251	0.11899819	1.68000000	9.68000000	0.01988659	0.00000000
C30	c	0.72989812	0.10745706	0.01579215	1.74000000	9.74000000	0.02232340	0.00000000
C31	c	0.73073577	0.19955753	0.04902698	1.80000000	9.80000000	0.01350389	0.00000000
C32	c	0.02961929	0.23851606	0.14832147	1.86000000	9.86000000	0.02242658	0.00000000
C33	c	0.00000000	0.26596004	0.14011509	1.92000000	9.92000000	0.02865559	0.00000000
C34	c	0.09001484	0.39567175	0.06801749	1.98000000	9.98000000	0.02846517	0.00000000
C35	c	0.03085997	0.36130096	0.14251017	2.00000000	10.00000000	0.01317413	0.00000000
C36	c	0.04433686	0.40807687	0.14678030	2.00000000	10.00000000	0.02182493	0.00000000
C37	c	0.00000000	0.27743540	0.09852196	2.00000000	10.00000000	0.01479108	0.00000000
C38	c	0.07942192	0.33005180	0.13247836	2.00000000	10.00000000	0.01317992	0.00000000
C39	c	0.43719802	0.73391773	0.03329703	2.00000000	10.00000000	0.01637675	0.00000000
C40	c	0.43325258	0.66319993	0.12666756	2.00000000	10.00000000	0.01658730	0.00000000
C41	c	0.41143596	0.71417833	0.06577152	2.00000000	10.00000000	0.02715471	0.00000000
C42	c	0.48923560	0.71814629	0.12867390	2.00000000	10.00000000	0.01153225	0.00000000
C43	c	0.52780641	0.60714078	0.11507102	2.00000000	10.00000000	0.01322342	0.00000000
C44	c	0.48962643	0.63717627	0.02609088	2.00000000	10.00000000	0.02712902	0.00000000
C45	c	0.16135840	1.00000000	0.03948439	2.00000000	10.00000000	0.01392181	0.00000000
C46	c	0.18391680	0.98817318	0.13750057	2.00000000	10.00000000	0.02698256	0.00000000
C47	c	0.11131308	1.00000000	0.09109104	2.00000000	10.00000000	0.02368665	0.00000000
C48	c	0.14709547	0.97926419	0.05725948	2.00000000	10.00000000	0.02618647	0.00000000
C49	c	0.15045993	1.00000000	0.13184107	2.00000000	10.00000000	0.01912564	0.00000000
C50	c	0.28917712	1.00000000	0.07199851	2.00000000	10.00000000	0.02549644	0.00000000

Q Vehicle fuel tank capacity /0.40000000/
C Vehicle load capacity /1.50000000/
r fuel consumption rate /0.25000000/
g inverse refueling rate /1.00000000/
v average Velocity /1.00000000/
