StringID	Type	x	y	demand	ReadyTime	DueDate	ServiceTime	altitude
D0	d	0.50000000	0.50000000	0.00000000	0.00000000	10.00000000	0.00000000	0.00000000
S0	f	0.41801674	0.03400723	0.00000000	0.00000000	10.00000000	0.00000000	0.00000000
S1	f	0.78674045	0.10438293	0.00000000	0.00000000	10.00000000	0.00000000	0.00000000
S2	f	0.94887729	0.92918526	0.00000000	0.00000000	10.00000000	0.00000000	0.00000000
S3	f	0.18464169	0.02930064	0.00000000	0.00000000	10.00000000	0.00000000	0.00000000
S4	f	0.61304631	0.86996566	0.00000000	0.00000000	10.00000000	0.00000000	0.00000000
S5	f	0.15290356	0.22022513	0.00000000	0.00000000	10.00000000	0.00000000	0.00000000
C1	c	0.49184207	0.67356171	0.27713907	0.00000000	8.00000000	0.01712727	0.00000000
C2	c	0.40612218	0.53583722	0.06306123	0.10000000	8.10000000	0.02303478	0.00000000
C3	c	0.40928104	0.59622847	0.14211868	0.20000000	8.20000000	0.01384477	0.00000000
C4	c	0.40656192	0.64012351	0.17381704	0.30000000	8.30000000	0.01376062	0.00000000
C5	c	0.50274429	0.46722550	0.05093892	0.40000000	8.40000000	0.02617424	0.00000000
C6	c	0.50561773	0.59601799	0.22386623	0.50000000	8.50000000	0.02490770	0.00000000
C7	c	0.49133720	0.60111082	0.20676868	0.60000000	8.60000000	0.01956138	0.00000000
C8	c	0.38152696	0.49805541	0.26751257	0.70000000	8.70000000	0.02995641	0.00000000
C9	c	0.04977562	0.43254205	0.02054106	0.80000000	8.80000000	0.02587331	0.00000000
C10	c	0.07271271	0.38091073	0.03140929	0.90000000	8.90000000	0.01935713	0.00000000
C11	c	0.11797716	0.40235990	0.07356202	1.00000000	9.00000000	0.02577747	0.00000000
C12	c	0.05690017	0.39108328	0.18427760	1.10000000	9.10000000	0.01893519	0.00000000
C13	c	0.34345516	0.34437563	0.12990221	1.20000000	9.20000000	0.02160509	0.00000000
C14	c	0.45426018	0.42010917	0.24993789	1.30000000	9.30000000	0.02172412	0.00000000
C15	c	0.35651713	0.31148540	0.22003967	1.40000000	9.40000000	0.01627104	0.00000000
C16	c	0.47103154	0.45225625	0.28860668	1.50000000	9.50000000	0.01019067	0.00000000
C17	c	0.34864753	0.36472666	0.05426869	1.60000000	9.60000000	0.01814707	0.00000000
C18	c	0.36718192	0.40330782	0.25103411	1.70000000	9.70000000	0.02219837	0.00000000
C19	c	0.88822803	0.07540686	0.03990692	1.80000000	9.80000000	0.01816082	0.00000000
C20	c	0.92770401	0.02626659	0.20650124	1.90000000	9.90000000	0.01056602	0.00000000
C21	c	0.94527247	0.01173685	0.05320044	2.00000000	10.00000000	0.01683970	0.00000000
C22	c	0.89032780	0.30385565	0.22677099	2.00000000	10.00000000	0.01530831	0.00000000
C23	c	0.79840818	0.16802759	0.21069727	2.00000000	10.00000000	0.01006389	0.00000000
C24	c	0.74920456	0.32135296	0.12774011	2.00000000	10.00000000	0.02148320	0.00000000
C25	c	0.85496312	0.30836390	0.09545264	2.00000000	10.00000000	0.02119622	0.00000000
C26	c	0.81288855	0.22442360	0.04493984	2.00000000	10.00000000	0.02804642	0.00000000
C27	c	0.75441295	0.19109794	0.06105597	2.00000000	10.00000000	0.02906358	0.00000000
C28	c	0.78625411	0.25414543	0.27396209	2.00000000	10.00000000	0.01887961	0.00000000
C29	c	0.85504292	0.28305244	0.14507870	2.00000000	10.00000000	0.02337287	0.00000000
C30	c	0.84132708	0.26223932	0.10589218	2.00000000	10.00000000	0.02441721	0.00000000

Q Vehicle fuel tank capacity /0.40000000/
C Vehicle load capacity /1.50000000/
r fuel consumption rate /0.25000000/
g inverse refueling rate /1.00000000/
v average Velocity /1.00000000/
