StringID	Type	x	y	demand	ReadyTime	DueDate	ServiceTime	altitude
D0	d	0.50000000	0.50000000	0.00000000	0.00000000	10.00000000	0.00000000	0.00000000
S0	f	0.52495329	0.93990813	0.00000000	0.00000000	10.00000000	0.00000000	0.00000000
S1	f	0.21581069	0.88737711	0.00000000	0.00000000	10.00000000	0.00000000	0.00000000
S2	f	0.73270587	0.87008036	0.00000000	0.00000000	10.00000000	0.00000000	0.00000000
S3	f	0.12710863	0.79742961	0.00000000	0.00000000	10.00000000	0.00000000	0.00000000
S4	f	0.94389874	0.81171634	0.00000000	0.00000000	10.00000000	0.00000000	0.00000000
S5	f	0.55315713	0.82596726	0.00000000	0.00000000	10.00000000	0.00000000	0.00000000
S6	f	0.34160580	0.70092182	0.00000000	0.00000000	10.00000000	0.00000000	0.00000000
S7	f	0.60896204	0.92841579	0.00000000	0.00000000	10.00000000	0.00000000	0.00000000
S8	f	0.21621580	0.80686903	0.00000000	0.00000000	10.00000000	0.00000000	0.00000000
S9	f	0.19122301	0.74780935	0.00000000	0.00000000	10.00000000	0.00000000	0.00000000
C1	c	0.71323934	0.71853798	0.06908993	0.00000000	8.00000000	0.01570309	0.00000000
C2	c	0.73725123	0.64987701	0.15256626	0.06000000	8.06000000	0.02426925	0.00000000
C3	c	0.67712999	0.64874812	0.04757410	0.12000000	8.12000000	0.01636440	0.00000000
C4	c	0.74187864	0.72328241	0.06448878	0.18000000	8.18000000	0.02984532	0.00000000
C5	c	0.68028192	0.64030446	0.02217765	0.24000000	8.24000000	0.02090309	0.00000000
C6	c	0.80039000	0.63029096	0.13153294	0.30000000	8.30000000	0.01359040	0.00000000
C7	c	0.78908377	0.78348339	0.02115628	0.36000000	8.36000000	0.02422371	0.00000000
C8	c	0.84807760	0.96509038	0.02454965	0.42000000	8.42000000	0.02856904	0.00000000
C9	c	0.87433074	0.92393462	0.15182764	0.48000000	8.48000000	0.02289664	0.00000000
C10	c	0.87289390	0.95483950	0.05405494	0.54000000	8.54000000	0.02178025	0.00000000
C11	c	0.88256100	0.93678948	0.15306447	0.60000000	8.60000000	0.02361243	0.00000000
C12	c	0.87642521	1.00000000	0.14644743	0.66000000	8.66000000	0.01936687	0.00000000
C13	c	0.81165458	1.00000000	0.14246366	0.72000000	8.72000000	0.01187379	0.00000000
C14	c	0.88356030	0.99486880	0.07022336	0.78000000	8.78000000	0.01236702	0.00000000
C15	c	0.85485685	0.97589167	0.07235663	0.84000000	8.84000000	0.01313125	0.00000000
C16	c	0.85952686	1.00000000	0.15004228	0.90000000	8.90000000	0.02525435	0.00000000
C17	c	0.83042974	1.00000000	0.13154380	0.96000000	8.96000000	0.01703169	0.00000000
C18	c	0.85681708	0.96211658	0.14587518	1.02000000	9.02000000	0.01578771	0.00000000
C19	c	0.14798868	0.16566195	0.03210127	1.08000000	9.08000000	0.01148385	0.00000000
C20	c	0.31947454	0.09795706	0.11633570	1.14000000	9.14000000	0.02962659	0.00000000
C21	c	0.25808488	0.21356794	0.13295176	1.20000000	9.20000000	0.01808806	0.00000000
C22	c	0.19435622	0.10510056	0.04697616	1.26000000	9.26000000	0.01056624	0.00000000
C23	c	0.28295448	0.05033747	0.08551114	1.32000000	9.32000000	0.01129497	0.00000000
C24	c	0.17572362	0.05017762	0.14247878	1.38000000	9.38000000	0.02974251	0.00000000
C25	c	0.14235703	0.10820628	0.12267536	1.44000000	9.44000000	0.02152801	0.00000000
C26	c	0.20792475	0.06745293	0.03107697	1.50000000	9.50000000	0.02623239	0.00000000
C27	c	0.27028043	0.03480160	0.07566660	1.56000000	9.56000000	0.01621909	0.00000000
C28	c	0.13237223	0.15538546	0.04745902	1.62000000	9.62000000	0.01279083	0.00000000
C29	c	0.14660768	0.10480310	0.09473330	1.68000000	9.68000000	0.02143264	0.00000000
C30	c	0.30372562	0.05477013	0.01133685	1.74000000	9.74000000	0.01700951	0.00000000
C31	c	0.17685912	0.12846524	0.05845767	1.80000000	9.80000000	0.01064166	0.00000000
C32	c	0.13261236	0.10799754	0.13925072	1.86000000	9.86000000	0.02489551	0.00000000
C33	c	0.19854889	0.01702870	0.12720281	1.92000000	9.92000000	0.01545950	0.00000000
C34	c	0.59519994	0.11611883	0.10895804	1.98000000	9.98000000	0.02503031	0.00000000
C35	c	0.57140375	0.01923896	0.13791680	2.00000000	10.00000000	0.02782395	0.00000000
C36	c	0.63045504	0.00289587	0.08373333	2.00000000	10.00000000	0.01878335	0.00000000
C37	c	0.63649502	0.14466428	0.07081323	2.00000000	10.00000000	0.02476716	0.00000000
C38	c	0.63320903	0.00875488	0.05176068	2.00000000	10.00000000	0.02815037	0.00000000
C39	c	0.63966927	0.08070677	0.06129536	2.00000000	10.00000000	0.01361250	0.00000000
C40	c	0.68164124	0.10722826	0.03966735	2.00000000	10.00000000	0.01730925	0.00000000
C41	c	0.33373831	0.54003285	0.04681012	2.00000000	10.00000000	0.02326672	0.00000000
C42	c	0.41312828	0.46725558	0.10006325	2.00000000	10.00000000	0.01176590	0.00000000
C43	c	0.44036533	0.38851122	0.11588616	2.00000000	10.00000000	0.01212912	0.00000000
C44	c	0.45121432	0.47927311	0.07355283	2.00000000	10.00000000	0.02577479	0.00000000
C45	c	0.40662080	0.44336701	0.12285896	2.00000000	10.00000000	0.01565515	0.00000000
C46	c	0.30535508	0.38534775	0.14529697	2.00000000	10.00000000	0.01576266	0.00000000
C47	c	0.36306218	0.50992074	0.07064199	2.00000000	10.00000000	0.01378070	0.00000000
C48	c	0.82286131	0.99285729	0.15674444	2.00000000	10.00000000	0.02959236	0.00000000
C49	c	0.82010299	0.95355316	0.03750325	2.00000000	10.00000000	0.01541838	0.00000000
C50	c	0.72673571	1.00000000	0.06124815	2.00000000	10.00000000	0.01683357	0.00000000

Q Vehicle fuel tank capacity /0.40000000/
C Vehicle load capacity /1.50000000/
r fuel consumption rate /0.25000000/
g inverse refueling rate /1.00000000/
v average Velocity /1.00000000/
