StringID	Type	x	y	demand	ReadyTime	DueDate	ServiceTime	altitude
D0	d	0.50000000	0.50000000	0.00000000	0.00000000	10.00000000	0.00000000	0.00000000
S0	f	0.25078503	0.31152966	0.00000000	0.00000000	10.00000000	0.00000000	0.00000000
S1	f	0.95917833	0.82182354	0.00000000	0.00000000	10.00000000	0.00000000	0.00000000
S2	f	0.48026308	0.36191869	0.00000000	0.00000000	10.00000000	0.00000000	0.00000000
S3	f	0.37691948	0.11048644	0.00000000	0.00000000	10.00000000	0.00000000	0.00000000
S4	f	0.87719533	0.24054410	0.00000000	0.00000000	10.00000000	0.00000000	0.00000000
S5	f	0.49869824	0.43634471	0.00000000	0.00000000	10.00000000	0.00000000	0.00000000
S6	f	0.36052577	0.49193596	0.00000000	0.00000000	10.00000000	0.00000000	0.00000000
S7	f	0.76685779	0.61550752	0.00000000	0.00000000	10.00000000	0.00000000	0.00000000
S8	f	0.24775896	0.67781159	0.00000000	0.00000000	10.00000000	0.00000000	0.00000000
S9	f	0.64774077	0.51848580	0.00000000	0.00000000	10.00000000	0.00000000	0.00000000
C1	c	0.71600598	0.09970066	0.09402530	0.00000000	8.00000000	0.01668959	0.00000000
C2	c	0.82277210	0.04493220	0.04570108	0.06000000	8.06000000	0.02250563	0.00000000
C3	c	0.76840332	0.12097305	0.12988773	0.12000000	8.12000000	0.01317760	0.00000000
C4	c	0.72302670	0.01834716	0.11564451	0.18000000	8.18000000	0.02808155	0.00000000
C5	c	0.75968060	0.10959606	0.08852987	0.24000000	8.24000000	0.01025313	0.00000000
C6	c	0.77186477	0.10186431	0.10426765	0.30000000	8.30000000	0.02040921	0.00000000
C7	c	0.72570552	0.06090283	0.12216099	0.36000000	8.36000000	0.01614101	0.00000000
C8	c	0.66938078	0.02032682	0.02316412	0.42000000	8.42000000	0.02420594	0.00000000
C9	c	0.74722448	0.10789908	0.11770725	0.48000000	8.48000000	0.02620626	0.00000000
C10	c	0.70616185	0.09814848	0.12855402	0.54000000	8.54000000	0.02095612	0.00000000
C11	c	0.73082694	0.01703298	0.14504771	0.60000000	8.60000000	0.02211578	0.00000000
C12	c	0.78565178	0.02935696	0.05426811	0.66000000	8.66000000	0.02389101	0.00000000
C13	c	0.13227301	0.96733091	0.07208791	0.72000000	8.72000000	0.02291312	0.00000000
C14	c	0.13174848	0.95287823	0.12159499	0.78000000	8.78000000	0.02934324	0.00000000
C15	c	0.13074668	0.98530099	0.04004866	0.84000000	8.84000000	0.01788080	0.00000000
C16	c	0.13534255	0.87046748	0.14940895	0.90000000	8.90000000	0.01935909	0.00000000
C17	c	0.22502214	0.96834099	0.08230028	0.96000000	8.96000000	0.02770661	0.00000000
C18	c	0.13144098	0.94333584	0.11213440	1.02000000	9.02000000	0.02808955	0.00000000
C19	c	0.09264719	1.00000000	0.07577811	1.08000000	9.08000000	0.02406060	0.00000000
C20	c	0.19503369	0.96530057	0.12983067	1.14000000	9.14000000	0.01163190	0.00000000
C21	c	0.63525282	0.75974921	0.07096983	1.20000000	9.20000000	0.02406560	0.00000000
C22	c	0.63303017	0.78219490	0.12051432	1.26000000	9.26000000	0.01541430	0.00000000
C23	c	0.73856823	0.76824396	0.06311598	1.32000000	9.32000000	0.01977940	0.00000000
C24	c	0.62023791	0.81807904	0.08111220	1.38000000	9.38000000	0.02857281	0.00000000
C25	c	0.56492334	0.79652061	0.05186431	1.44000000	9.44000000	0.02769720	0.00000000
C26	c	0.59355313	0.67893482	0.09000314	1.50000000	9.50000000	0.01414151	0.00000000
C27	c	0.20627746	0.32406091	0.10187433	1.56000000	9.56000000	0.02021399	0.00000000
C28	c	0.24324755	0.36179498	0.03379894	1.62000000	9.62000000	0.01509373	0.00000000
C29	c	0.20795758	0.31544614	0.08491733	1.68000000	9.68000000	0.02354134	0.00000000
C30	c	0.18068890	0.27870972	0.06730587	1.74000000	9.74000000	0.02809423	0.00000000
C31	c	0.22181441	0.22956857	0.06227601	1.80000000	9.80000000	0.02329654	0.00000000
C32	c	0.03831190	0.76093010	0.02861264	1.86000000	9.86000000	0.02480838	0.00000000
C33	c	0.13555042	0.78019454	0.14215747	1.92000000	9.92000000	0.01989189	0.00000000
C34	c	0.03622298	0.77093955	0.09190889	1.98000000	9.98000000	0.02567986	0.00000000
C35	c	0.06272536	0.77267615	0.13263512	2.00000000	10.00000000	0.01538648	0.00000000
C36	c	0.09630799	0.86114386	0.10940143	2.00000000	10.00000000	0.02486770	0.00000000
C37	c	0.00000000	0.73543530	0.05574471	2.00000000	10.00000000	0.01695231	0.00000000
C38	c	0.14074170	0.64684799	0.09696877	2.00000000	10.00000000	0.01796962	0.00000000
C39	c	0.06672512	0.69820362	0.12502804	2.00000000	10.00000000	0.02593706	0.00000000
C40	c	0.07555383	0.62710759	0.12739627	2.00000000	10.00000000	0.01825292	0.00000000
C41	c	0.04865573	0.65022722	0.06755677	2.00000000	10.00000000	0.02597098	0.00000000
C42	c	0.00000000	0.93041328	0.14881207	2.00000000	10.00000000	0.01457356	0.00000000
C43	c	0.09708090	0.89009988	0.06040762	2.00000000	10.00000000	0.01135287	0.00000000
C44	c	0.04229418	0.88824948	0.06578418	2.00000000	10.00000000	0.01788693	0.00000000
C45	c	0.01191815	0.87206374	0.08221203	2.00000000	10.00000000	0.01885109	0.00000000
C46	c	0.00997240	0.89829866	0.06122563	2.00000000	10.00000000	0.01704266	0.00000000
C47	c	0.00051614	0.93988216	0.04472740	2.00000000	10.00000000	0.02906175	0.00000000
C48	c	0.00000000	0.82477179	0.09685820	2.00000000	10.00000000	0.01809587	0.00000000
C49	c	0.11552352	0.92958947	0.03598882	2.00000000	10.00000000	0.01945340	0.00000000
C50	c	0.01249108	0.85997317	0.14667939	2.00000000	10.00000000	0.01665129	0.00000000

Q Vehicle fuel tank capacity /0.40000000/
C Vehicle load capacity /1.50000000/
r fuel consumption rate /0.25000000/
g inverse refueling rate /1.00000000/
v average Velocity /1.00000000/
