StringID	Type	x	y	demand	ReadyTime	DueDate	ServiceTime	altitude
D0	d	0.50000000	0.50000000	0.00000000	0.00000000	10.00000000	0.00000000	0.00000000
S0	f	0.15971671	0.94494016	0.00000000	0.00000000	10.00000000	0.00000000	0.00000000
S1	f	0.68321413	0.44902563	0.00000000	0.00000000	10.00000000	0.00000000	0.00000000
S2	f	0.15185464	0.71406442	0.00000000	0.00000000	10.00000000	0.00000000	0.00000000
S3	f	0.60226659	0.36766802	0.00000000	0.00000000	10.00000000	0.00000000	0.00000000
S4	f	0.00744250	0.24313163	0.00000000	0.00000000	10.00000000	0.00000000	0.00000000
S5	f	0.94384560	0.06065277	0.00000000	0.00000000	10.00000000	0.00000000	0.00000000
S6	f	0.97824034	0.37699231	0.00000000	0.00000000	10.00000000	0.00000000	0.00000000
S7	f	0.20624988	0.16642245	0.00000000	0.00000000	10.00000000	0.00000000	0.00000000
S8	f	0.84526349	0.42590689	0.00000000	0.00000000	10.00000000	0.00000000	0.00000000
S9	f	0.74666363	0.74680620	0.00000000	0.00000000	10.00000000	0.00000000	0.00000000
C1	c	0.16323871	1.00000000	0.16667716	0.00000000	8.00000000	0.02419940	0.00000000
C2	c	0.11141531	0.96193899	0.03493346	0.06000000	8.06000000	0.02477199	0.00000000
C3	c	0.30813737	0.91043016	0.02587265	0.12000000	8.12000000	0.02836862	0.00000000
C4	c	0.20650148	0.94645657	0.05143701	0.18000000	8.18000000	0.02332968	0.00000000
C5	c	0.19793625	0.90419359	0.11506496	0.24000000	8.24000000	0.01290186	0.00000000
C6	c	0.22976016	0.99045730	0.15337577	0.30000000	8.30000000	0.02635653	0.00000000
C7	c	0.20275446	0.94697036	0.02914687	0.36000000	8.36000000	0.01327647	0.00000000
C8	c	0.20128621	0.98608361	0.01504819	0.42000000	8.42000000	0.01116806	0.00000000
C9	c	0.33789124	0.53913921	0.14416885	0.48000000	8.48000000	0.02090503	0.00000000
C10	c	0.33340526	0.55626591	0.10970313	0.54000000	8.54000000	0.01956115	0.00000000
C11	c	0.39136649	0.56142244	0.08781478	0.60000000	8.60000000	0.01796502	0.00000000
C12	c	0.26932283	0.56455832	0.02614096	0.66000000	8.66000000	0.01638336	0.00000000
C13	c	0.45929541	0.61643640	0.08055183	0.72000000	8.72000000	0.02218431	0.00000000
C14	c	0.34667012	0.64012329	0.16438687	0.78000000	8.78000000	0.01587501	0.00000000
C15	c	0.36750906	0.64855945	0.13406575	0.84000000	8.84000000	0.02481392	0.00000000
C16	c	0.67179317	0.84719856	0.03812402	0.90000000	8.90000000	0.01018071	0.00000000
C17	c	0.74580727	0.98249572	0.10872442	0.96000000	8.96000000	0.02987055	0.00000000
C18	c	0.68520685	0.89428953	0.12694856	1.02000000	9.02000000	0.02704446	0.00000000
C19	c	0.61266927	0.83068090	0.09698721	1.08000000	9.08000000	0.01471491	0.00000000
C20	c	0.61830809	0.91316142	0.11579466	1.14000000	9.14000000	0.02579777	0.00000000
C21	c	0.45495959	0.80721736	0.10151089	1.20000000	9.20000000	0.01269507	0.00000000
C22	c	0.43472703	0.78601031	0.16376709	1.26000000	9.26000000	0.01652335	0.00000000
C23	c	0.40601440	0.80747630	0.10213578	1.32000000	9.32000000	0.02996487	0.00000000
C24	c	0.40037443	0.88151014	0.10772463	1.38000000	9.38000000	0.02809631	0.00000000
C25	c	0.38635210	0.86595171	0.12878605	1.44000000	9.44000000	0.02474183	0.00000000
C26	c	0.32112535	0.87722738	0.12344007	1.50000000	9.50000000	0.02277850	0.00000000
C27	c	0.37534411	0.84626573	0.03126083	1.56000000	9.56000000	0.02461745	0.00000000
C28	c	0.39109233	0.82403198	0.09034563	1.62000000	9.62000000	0.02860288	0.00000000
C29	c	0.30289554	0.87839049	0.08353831	1.68000000	9.68000000	0.01397141	0.00000000
C30	c	0.61181653	0.61690464	0.08491425	1.74000000	9.74000000	0.02450802	0.00000000
C31	c	0.73233618	0.56888338	0.07908102	1.80000000	9.80000000	0.01020545	0.00000000
C32	c	0.63507567	0.64077695	0.05023643	1.86000000	9.86000000	0.02416203	0.00000000
C33	c	0.70634200	0.65318721	0.09788266	1.92000000	9.92000000	0.01538499	0.00000000
C34	c	0.69294356	0.60084391	0.01343039	1.98000000	9.98000000	0.02689839	0.00000000
C35	c	0.66004586	0.63856836	0.09779355	2.00000000	10.00000000	0.02079648	0.00000000
C36	c	0.70438336	0.66525410	0.05033940	2.00000000	10.00000000	0.01617659	0.00000000
C37	c	0.59768041	0.64865138	0.10841091	2.00000000	10.00000000	0.02403388	0.00000000
C38	c	0.30104621	0.96734953	0.11221772	2.00000000	10.00000000	0.02639163	0.00000000
C39	c	0.40268204	1.00000000	0.05302523	2.00000000	10.00000000	0.01506657	0.00000000
C40	c	0.34151778	1.00000000	0.08087405	2.00000000	10.00000000	0.02881270	0.00000000
C41	c	0.36613961	0.90264795	0.11367732	2.00000000	10.00000000	0.01112304	0.00000000
C42	c	0.44265568	0.89147613	0.08158632	2.00000000	10.00000000	0.01293972	0.00000000
C43	c	0.39641589	0.94677871	0.05652564	2.00000000	10.00000000	0.01721452	0.00000000
C44	c	0.63456569	1.00000000	0.12743775	2.00000000	10.00000000	0.02553082	0.00000000
C45	c	0.62818280	0.88691113	0.03522920	2.00000000	10.00000000	0.01368481	0.00000000
C46	c	0.62449625	0.87235994	0.07089541	2.00000000	10.00000000	0.02978826	0.00000000
C47	c	0.66240799	0.89891365	0.14279191	2.00000000	10.00000000	0.01414687	0.00000000
C48	c	0.68793910	0.94218297	0.15121377	2.00000000	10.00000000	0.02695035	0.00000000
C49	c	0.53163861	0.95222521	0.11305372	2.00000000	10.00000000	0.01439818	0.00000000
C50	c	0.52796630	0.93087464	0.02190699	2.00000000	10.00000000	0.01109057	0.00000000

Q Vehicle fuel tank capacity /0.40000000/
C Vehicle load capacity /1.50000000/
r fuel consumption rate /0.25000000/
g inverse refueling rate /1.00000000/
v average Velocity /1.00000000/
