StringID	Type	x	y	demand	ReadyTime	DueDate	ServiceTime	altitude
D0	d	0.50000000	0.50000000	0.00000000	0.00000000	10.00000000	0.00000000	0.00000000
S0	f	0.06126880	0.40629980	0.00000000	0.00000000	10.00000000	0.00000000	0.00000000
S1	f	0.53527692	0.01666626	0.00000000	0.00000000	10.00000000	0.00000000	0.00000000
S2	f	0.80753878	0.26845743	0.00000000	0.00000000	10.00000000	0.00000000	0.00000000
S3	f	0.48767998	0.15747057	0.00000000	0.00000000	10.00000000	0.00000000	0.00000000
S4	f	0.71783257	0.45805073	0.00000000	0.00000000	10.00000000	0.00000000	0.00000000
S5	f	0.54627532	0.53478958	0.00000000	0.00000000	10.00000000	0.00000000	0.00000000
S6	f	0.63652623	0.96219824	0.00000000	0.00000000	10.00000000	0.00000000	0.00000000
S7	f	0.41222079	0.65771722	0.00000000	0.00000000	10.00000000	0.00000000	0.00000000
S8	f	0.65900835	0.36424989	0.00000000	0.00000000	10.00000000	0.00000000	0.00000000
S9	f	0.74171231	0.15405963	0.00000000	0.00000000	10.00000000	0.00000000	0.00000000
C1	c	0.86859376	0.57716863	0.07900603	0.00000000	8.00000000	0.02833215	0.00000000
C2	c	0.86159092	0.61404254	0.04202610	0.06000000	8.06000000	0.01020274	0.00000000
C3	c	0.96004003	0.64102118	0.07078142	0.12000000	8.12000000	0.02026073	0.00000000
C4	c	0.88632289	0.62947043	0.01573652	0.18000000	8.18000000	0.02215499	0.00000000
C5	c	0.97717072	0.66159007	0.08119409	0.24000000	8.24000000	0.02889067	0.00000000
C6	c	0.96588998	0.60837174	0.13544407	0.30000000	8.30000000	0.02901710	0.00000000
C7	c	0.86016220	0.61814690	0.13689021	0.36000000	8.36000000	0.01905369	0.00000000
C8	c	0.21125470	0.54666936	0.04463529	0.42000000	8.42000000	0.01606025	0.00000000
C9	c	0.23757423	0.58269805	0.09132200	0.48000000	8.48000000	0.01272667	0.00000000
C10	c	0.27187291	0.65703422	0.09614157	0.54000000	8.54000000	0.01237220	0.00000000
C11	c	0.16145686	0.57691342	0.08077172	0.60000000	8.60000000	0.02367060	0.00000000
C12	c	0.24215694	0.55020083	0.08154808	0.66000000	8.66000000	0.02793251	0.00000000
C13	c	0.19525198	0.57660087	0.12818001	0.72000000	8.72000000	0.01222391	0.00000000
C14	c	0.22682189	0.59009476	0.14435583	0.78000000	8.78000000	0.02764033	0.00000000
C15	c	0.21150149	0.60606152	0.13622372	0.84000000	8.84000000	0.01278838	0.00000000
C16	c	0.27081931	0.56338970	0.03685077	0.90000000	8.90000000	0.02810868	0.00000000
C17	c	0.22319801	0.65876508	0.11456992	0.96000000	8.96000000	0.01766822	0.00000000
C18	c	0.17870232	0.73720457	0.14476944	1.02000000	9.02000000	0.01109526	0.00000000
C19	c	0.64277085	0.76418134	0.02822324	1.08000000	9.08000000	0.01599715	0.00000000
C20	c	0.73246422	0.69237998	0.12660984	1.14000000	9.14000000	0.02687389	0.00000000
C21	c	0.65374309	0.79656651	0.14166982	1.20000000	9.20000000	0.01846147	0.00000000
C22	c	0.69360774	0.73697161	0.03096436	1.26000000	9.26000000	0.02831871	0.00000000
C23	c	0.71032448	0.64980102	0.10749158	1.32000000	9.32000000	0.01744272	0.00000000
C24	c	0.80248711	0.79355492	0.06075700	1.38000000	9.38000000	0.02799825	0.00000000
C25	c	0.60096917	0.71664032	0.14800375	1.44000000	9.44000000	0.02370469	0.00000000
C26	c	0.03220875	0.46877202	0.04016073	1.50000000	9.50000000	0.02352025	0.00000000
C27	c	0.00000000	0.37248102	0.09071372	1.56000000	9.56000000	0.01864594	0.00000000
C28	c	0.13077905	0.46241485	0.04916780	1.62000000	9.62000000	0.01800521	0.00000000
C29	c	0.10085209	0.35712296	0.10337647	1.68000000	9.68000000	0.02605989	0.00000000
C30	c	0.10845482	0.35487343	0.04082699	1.74000000	9.74000000	0.02278510	0.00000000
C31	c	0.05478585	0.45879543	0.10998472	1.80000000	9.80000000	0.01436519	0.00000000
C32	c	0.11691236	0.41142400	0.03985202	1.86000000	9.86000000	0.01607188	0.00000000
C33	c	0.05708719	0.32181585	0.11401563	1.92000000	9.92000000	0.02961143	0.00000000
C34	c	0.05497964	0.91791967	0.11124311	1.98000000	9.98000000	0.02109145	0.00000000
C35	c	0.06713015	0.85303041	0.12630995	2.00000000	10.00000000	0.02220555	0.00000000
C36	c	0.10145671	0.90425112	0.09127803	2.00000000	10.00000000	0.02695167	0.00000000
C37	c	0.06998266	0.81078084	0.12602684	2.00000000	10.00000000	0.01778580	0.00000000
C38	c	0.08985358	0.95870977	0.11444425	2.00000000	10.00000000	0.01624257	0.00000000
C39	c	0.06223325	1.00000000	0.11990977	2.00000000	10.00000000	0.01128311	0.00000000
C40	c	0.06078060	1.00000000	0.07586025	2.00000000	10.00000000	0.01337931	0.00000000
C41	c	0.08991396	1.00000000	0.11186547	2.00000000	10.00000000	0.01302120	0.00000000
C42	c	0.15059474	0.98136363	0.09872206	2.00000000	10.00000000	0.02313117	0.00000000
C43	c	0.06221363	0.99744401	0.04616641	2.00000000	10.00000000	0.01693254	0.00000000
C44	c	0.08938239	1.00000000	0.08024046	2.00000000	10.00000000	0.02643351	0.00000000
C45	c	0.08889799	0.93242479	0.08121366	2.00000000	10.00000000	0.01813348	0.00000000
C46	c	0.12507387	1.00000000	0.06234978	2.00000000	10.00000000	0.02844855	0.00000000
C47	c	0.07000588	0.96776391	0.11872487	2.00000000	10.00000000	0.01568218	0.00000000
C48	c	0.00337425	0.97820859	0.01758004	2.00000000	10.00000000	0.02389680	0.00000000
C49	c	0.13057675	1.00000000	0.09338226	2.00000000	10.00000000	0.02657067	0.00000000
C50	c	0.07595332	1.00000000	0.13241833	2.00000000	10.00000000	0.02790708	0.00000000

Q Vehicle fuel tank capacity /0.40000000/
C Vehicle load capacity /1.50000000/
r fuel consumption rate /0.25000000/
g inverse refueling rate /1.00000000/
v average Velocity /1.00000000/
