StringID	Type	x	y	demand	ReadyTime	DueDate	ServiceTime	altitude
D0	d	0.50000000	0.50000000	0.00000000	0.00000000	10.00000000	0.00000000	0.00000000
S0	f	0.36762983	0.87718768	0.00000000	0.00000000	10.00000000	0.00000000	0.00000000
S1	f	0.15914739	0.48768786	0.00000000	0.00000000	10.00000000	0.00000000	0.00000000
S2	f	0.22901824	0.64134610	0.00000000	0.00000000	10.00000000	0.00000000	0.00000000
S3	f	0.61219649	0.47300233	0.00000000	0.00000000	10.00000000	0.00000000	0.00000000
S4	f	0.22559500	0.77287270	0.00000000	0.00000000	10.00000000	0.00000000	0.00000000
S5	f	0.46049693	0.87431972	0.00000000	0.00000000	10.00000000	0.00000000	0.00000000
S6	f	0.44660941	0.80894784	0.00000000	0.00000000	10.00000000	0.00000000	0.00000000
S7	f	0.76683420	0.92316873	0.00000000	0.00000000	10.00000000	0.00000000	0.00000000
S8	f	0.00674942	0.37178159	0.00000000	0.00000000	10.00000000	0.00000000	0.00000000
S9	f	0.36290936	0.58597175	0.00000000	0.00000000	10.00000000	0.00000000	0.00000000
C1	c	0.29349137	0.64874846	0.12146437	0.00000000	8.00000000	0.02908693	0.00000000
C2	c	0.17892876	0.55764230	0.02522041	0.06000000	8.06000000	0.01070910	0.00000000
C3	c	0.10706597	0.54100499	0.11084571	0.12000000	8.12000000	0.02564758	0.00000000
C4	c	0.10946197	0.62198346	0.07013679	0.18000000	8.18000000	0.02733642	0.00000000
C5	c	0.20559178	0.59388774	0.07663875	0.24000000	8.24000000	0.02527113	0.00000000
C6	c	0.61619085	0.17081200	0.02639018	0.30000000	8.30000000	0.01409967	0.00000000
C7	c	0.73726312	0.10416171	0.06007032	0.36000000	8.36000000	0.02057611	0.00000000
C8	c	0.62363344	0.08680364	0.06398682	0.42000000	8.42000000	0.02010133	0.00000000
C9	c	0.55998344	0.03472095	0.11121377	0.48000000	8.48000000	0.02401024	0.00000000
C10	c	0.73861030	0.08255385	0.13251037	0.54000000	8.54000000	0.02248581	0.00000000
C11	c	0.63950617	0.00567283	0.01629931	0.60000000	8.60000000	0.02077655	0.00000000
C12	c	0.71129060	0.05137913	0.06509907	0.66000000	8.66000000	0.02725304	0.00000000
C13	c	0.35454973	0.45452152	0.14437755	0.72000000	8.72000000	0.01139691	0.00000000
C14	c	0.28014579	0.41849820	0.07729747	0.78000000	8.78000000	0.01015778	0.00000000
C15	c	0.39712971	0.42952239	0.01861236	0.84000000	8.84000000	0.02966781	0.00000000
C16	c	0.27708322	0.44789572	0.15644336	0.90000000	8.90000000	0.02600633	0.00000000
C17	c	0.32218617	0.46184555	0.07686015	0.96000000	8.96000000	0.01134105	0.00000000
C18	c	0.29181109	0.55575536	0.03293775	1.02000000	9.02000000	0.01002907	0.00000000
C19	c	0.89533883	0.59301759	0.15150084	1.08000000	9.08000000	0.01808743	0.00000000
C20	c	0.84960862	0.59918402	0.13724448	1.14000000	9.14000000	0.02284749	0.00000000
C21	c	0.93960990	0.56562715	0.06271021	1.20000000	9.20000000	0.02421674	0.00000000
C22	c	0.84289119	0.68769439	0.09247226	1.26000000	9.26000000	0.01641481	0.00000000
C23	c	0.81861552	0.66180458	0.17642448	1.32000000	9.32000000	0.02210118	0.00000000
C24	c	0.85741110	0.57606981	0.11724681	1.38000000	9.38000000	0.02988429	0.00000000
C25	c	0.86256704	0.67872804	0.04508256	1.44000000	9.44000000	0.01916466	0.00000000
C26	c	0.86163195	0.63050186	0.08903802	1.50000000	9.50000000	0.01012757	0.00000000
C27	c	0.83876067	0.70650246	0.06465900	1.56000000	9.56000000	0.02650168	0.00000000
C28	c	0.09823187	1.00000000	0.10181217	1.62000000	9.62000000	0.01090630	0.00000000
C29	c	0.11816700	1.00000000	0.16644478	1.68000000	9.68000000	0.02824712	0.00000000
C30	c	0.09630572	0.91905168	0.11298628	1.74000000	9.74000000	0.01104184	0.00000000
C31	c	0.15110937	1.00000000	0.01316694	1.80000000	9.80000000	0.02535666	0.00000000
C32	c	0.12840718	1.00000000	0.13177078	1.86000000	9.86000000	0.01010864	0.00000000
C33	c	0.15171858	0.11380429	0.14609264	1.92000000	9.92000000	0.01742140	0.00000000
C34	c	0.11649038	0.13915091	0.11739788	1.98000000	9.98000000	0.02229340	0.00000000
C35	c	0.06588475	0.13766828	0.17238622	2.00000000	10.00000000	0.01779280	0.00000000
C36	c	0.16277908	0.14857208	0.13986853	2.00000000	10.00000000	0.01837914	0.00000000
C37	c	0.15848729	0.15228048	0.08562756	2.00000000	10.00000000	0.02634579	0.00000000
C38	c	0.10847691	0.20162675	0.16664979	2.00000000	10.00000000	0.02276501	0.00000000
C39	c	0.04699212	0.18369099	0.14492665	2.00000000	10.00000000	0.01555803	0.00000000
C40	c	0.09227781	0.13877419	0.03095055	2.00000000	10.00000000	0.02521121	0.00000000
C41	c	0.18724030	0.10556859	0.07016316	2.00000000	10.00000000	0.01881062	0.00000000
C42	c	0.03962977	0.14004549	0.09571327	2.00000000	10.00000000	0.02139736	0.00000000
C43	c	0.10903897	0.24008974	0.04509529	2.00000000	10.00000000	0.01174988	0.00000000
C44	c	0.08821119	0.20156627	0.18444447	2.00000000	10.00000000	0.01360674	0.00000000
C45	c	0.05641162	0.03591764	0.01322416	2.00000000	10.00000000	0.01756780	0.00000000
C46	c	0.10475546	0.11754525	0.03130489	2.00000000	10.00000000	0.02404916	0.00000000
C47	c	0.31010072	0.87514635	0.03256354	2.00000000	10.00000000	0.01722289	0.00000000
C48	c	0.37304766	0.95999418	0.04000954	2.00000000	10.00000000	0.01470708	0.00000000
C49	c	0.31908791	0.88511812	0.10013597	2.00000000	10.00000000	0.02754039	0.00000000
C50	c	0.34536379	0.82460045	0.03448173	2.00000000	10.00000000	0.01717236	0.00000000

Q Vehicle fuel tank capacity /0.40000000/
C Vehicle load capacity /1.50000000/
r fuel consumption rate /0.25000000/
g inverse refueling rate /1.00000000/
v average Velocity /1.00000000/
