StringID	Type	x	y	demand	ReadyTime	DueDate	ServiceTime	altitude
D0	d	0.50000000	0.50000000	0.00000000	0.00000000	10.00000000	0.00000000	0.00000000
S0	f	0.99315857	0.64202441	0.00000000	0.00000000	10.00000000	0.00000000	0.00000000
S1	f	0.55767500	0.83862836	0.00000000	0.00000000	10.00000000	0.00000000	0.00000000
S2	f	0.04948012	0.89013677	0.00000000	0.00000000	10.00000000	0.00000000	0.00000000
S3	f	0.70857283	0.80643626	0.00000000	0.00000000	10.00000000	0.00000000	0.00000000
S4	f	0.49332976	0.99872638	0.00000000	0.00000000	10.00000000	0.00000000	0.00000000
S5	f	0.13102080	0.36055029	0.00000000	0.00000000	10.00000000	0.00000000	0.00000000
C1	c	0.40032676	0.10489560	0.14597808	0.00000000	8.00000000	0.01365018	0.00000000
C2	c	0.41204770	0.00000000	0.22755489	0.10000000	8.10000000	0.01114645	0.00000000
C3	c	0.51618402	0.00473909	0.20675536	0.20000000	8.20000000	0.02751363	0.00000000
C4	c	0.43759899	0.05621576	0.07228164	0.30000000	8.30000000	0.01879132	0.00000000
C5	c	0.43663127	0.00000000	0.29621024	0.40000000	8.40000000	0.02560426	0.00000000
C6	c	0.42067140	0.09237445	0.20555618	0.50000000	8.50000000	0.02330177	0.00000000
C7	c	0.95522573	0.58604045	0.04310428	0.60000000	8.60000000	0.01122787	0.00000000
C8	c	0.93373656	0.61551860	0.11724586	0.70000000	8.70000000	0.01724054	0.00000000
C9	c	0.99787688	0.59924696	0.10905549	0.80000000	8.80000000	0.02297820	0.00000000
C10	c	0.91314577	0.65582052	0.17678211	0.90000000	8.90000000	0.01535377	0.00000000
C11	c	0.98429567	0.57809913	0.03140845	1.00000000	9.00000000	0.02231449	0.00000000
C12	c	0.95349703	0.68704134	0.13963125	1.10000000	9.10000000	0.01256474	0.00000000
C13	c	1.00000000	0.71907405	0.12728338	1.20000000	9.20000000	0.02789084	0.00000000
C14	c	1.00000000	0.57452983	0.18674339	1.30000000	9.30000000	0.01626927	0.00000000
C15	c	0.00000000	0.61835636	0.29103467	1.40000000	9.40000000	0.02495623	0.00000000
C16	c	0.00000000	0.59522863	0.09437289	1.50000000	9.50000000	0.01173771	0.00000000
C17	c	0.36252908	0.86430452	0.06143768	1.60000000	9.60000000	0.01518416	0.00000000
C18	c	0.44908429	0.74988807	0.08436965	1.70000000	9.70000000	0.02112295	0.00000000
C19	c	0.45955854	0.76569323	0.04060291	1.80000000	9.80000000	0.01417659	0.00000000
C20	c	0.43624249	0.82151493	0.21576258	1.90000000	9.90000000	0.02849672	0.00000000
C21	c	0.46977857	0.85495253	0.04019356	2.00000000	10.00000000	0.02609180	0.00000000
C22	c	0.43859642	0.79836361	0.29682467	2.00000000	10.00000000	0.02382633	0.00000000
C23	c	0.36683464	0.80723815	0.17904696	2.00000000	10.00000000	0.02786007	0.00000000
C24	c	0.44963778	0.77354563	0.08232803	2.00000000	10.00000000	0.01380388	0.00000000
C25	c	0.55615623	0.77913769	0.25204249	2.00000000	10.00000000	0.02017849	0.00000000
C26	c	0.00958504	1.00000000	0.23498951	2.00000000	10.00000000	0.01137966	0.00000000
C27	c	0.03539575	1.00000000	0.03557445	2.00000000	10.00000000	0.02825073	0.00000000
C28	c	0.00000000	0.95764207	0.16000211	2.00000000	10.00000000	0.01763365	0.00000000
C29	c	0.01154792	0.92709271	0.12063388	2.00000000	10.00000000	0.01589312	0.00000000
C30	c	0.00000000	0.96823408	0.22519335	2.00000000	10.00000000	0.02141331	0.00000000

Q Vehicle fuel tank capacity /0.40000000/
C Vehicle load capacity /1.50000000/
r fuel consumption rate /0.25000000/
g inverse refueling rate /1.00000000/
v average Velocity /1.00000000/
