StringID	Type	x	y	demand	ReadyTime	DueDate	ServiceTime	altitude
D0	d	0.50000000	0.50000000	0.00000000	0.00000000	10.00000000	0.00000000	0.00000000
S0	f	0.45242769	0.60335168	0.00000000	0.00000000	10.00000000	0.00000000	0.00000000
S1	f	0.26458777	0.81232721	0.00000000	0.00000000	10.00000000	0.00000000	0.00000000
S2	f	0.39961278	0.87389222	0.00000000	0.00000000	10.00000000	0.00000000	0.00000000
S3	f	0.52447516	0.98436117	0.00000000	0.00000000	10.00000000	0.00000000	0.00000000
S4	f	0.30364721	0.91365420	0.00000000	0.00000000	10.00000000	0.00000000	0.00000000
S5	f	0.99150438	0.16285661	0.00000000	0.00000000	10.00000000	0.00000000	0.00000000
C1	c	0.16042143	0.24329783	0.01950766	0.00000000	8.00000000	0.02424423	0.00000000
C2	c	0.21520454	0.37165912	0.12274279	0.10000000	8.10000000	0.01647333	0.00000000
C3	c	0.17093399	0.37772251	0.06077255	0.20000000	8.20000000	0.02724655	0.00000000
C4	c	0.19421061	0.32748206	0.25148173	0.30000000	8.30000000	0.01507654	0.00000000
C5	c	0.21681014	0.33309892	0.07949146	0.40000000	8.40000000	0.01144733	0.00000000
C6	c	0.61703175	0.74233685	0.15504397	0.50000000	8.50000000	0.01116513	0.00000000
C7	c	0.67778709	0.70880843	0.09608837	0.60000000	8.60000000	0.01336801	0.00000000
C8	c	0.57802550	0.70781165	0.24329408	0.70000000	8.70000000	0.01632514	0.00000000
C9	c	0.67344329	0.71129431	0.23522770	0.80000000	8.80000000	0.01866924	0.00000000
C10	c	0.60276917	0.67530942	0.24566995	0.90000000	8.90000000	0.01792954	0.00000000
C11	c	0.51973056	0.70636601	0.16581380	1.00000000	9.00000000	0.01311538	0.00000000
C12	c	0.60747903	0.70477861	0.10385703	1.10000000	9.10000000	0.02290256	0.00000000
C13	c	0.62809775	0.71854177	0.07917873	1.20000000	9.20000000	0.01535861	0.00000000
C14	c	0.45127692	0.66085703	0.05670673	1.30000000	9.30000000	0.02266306	0.00000000
C15	c	0.47294691	0.64451450	0.25404484	1.40000000	9.40000000	0.01554981	0.00000000
C16	c	0.52476178	0.51558218	0.20797636	1.50000000	9.50000000	0.02501117	0.00000000
C17	c	0.51898820	0.60234006	0.17132119	1.60000000	9.60000000	0.02854317	0.00000000
C18	c	0.50319917	0.58486419	0.22941980	1.70000000	9.70000000	0.02037368	0.00000000
C19	c	0.45197926	0.15432951	0.05086942	1.80000000	9.80000000	0.02528877	0.00000000
C20	c	0.43017393	0.12857211	0.21174016	1.90000000	9.90000000	0.02190187	0.00000000
C21	c	0.49691081	0.12719891	0.04174792	2.00000000	10.00000000	0.01457124	0.00000000
C22	c	0.48662622	0.12173370	0.13689604	2.00000000	10.00000000	0.02667509	0.00000000
C23	c	0.45726315	0.11619764	0.08535151	2.00000000	10.00000000	0.02622490	0.00000000
C24	c	0.45425114	0.10025972	0.09884240	2.00000000	10.00000000	0.01146102	0.00000000
C25	c	0.48859579	0.15950258	0.12364086	2.00000000	10.00000000	0.02248492	0.00000000
C26	c	0.55384103	0.20027516	0.26844444	2.00000000	10.00000000	0.02120100	0.00000000
C27	c	0.20006980	0.24967073	0.24064991	2.00000000	10.00000000	0.01045221	0.00000000
C28	c	0.25229270	0.25631067	0.26424039	2.00000000	10.00000000	0.02377442	0.00000000
C29	c	0.16564551	0.25797016	0.06146072	2.00000000	10.00000000	0.02096343	0.00000000
C30	c	0.14502307	0.30416647	0.13847748	2.00000000	10.00000000	0.01034302	0.00000000

Q Vehicle fuel tank capacity /0.40000000/
C Vehicle load capacity /1.50000000/
r fuel consumption rate /0.25000000/
g inverse refueling rate /1.00000000/
v average Velocity /1.00000000/
