StringID	Type	x	y	demand	ReadyTime	DueDate	ServiceTime	altitude
D0	d	0.50000000	0.50000000	0.00000000	0.00000000	10.00000000	0.00000000	0.00000000
S0	f	0.42222719	0.89904650	0.00000000	0.00000000	10.00000000	0.00000000	0.00000000
S1	f	0.50632646	0.59211231	0.00000000	0.00000000	10.00000000	0.00000000	0.00000000
S2	f	0.76989576	0.55479462	0.00000000	0.00000000	10.00000000	0.00000000	0.00000000
S3	f	0.69009569	0.85948788	0.00000000	0.00000000	10.00000000	0.00000000	0.00000000
S4	f	0.59348098	0.95063118	0.00000000	0.00000000	10.00000000	0.00000000	0.00000000
S5	f	0.42352873	0.18971642	0.00000000	0.00000000	10.00000000	0.00000000	0.00000000
C1	c	0.18882932	0.00000000	0.09324120	0.00000000	8.00000000	0.02659622	0.00000000
C2	c	0.29747503	0.00000000	0.22189926	0.10000000	8.10000000	0.01056279	0.00000000
C3	c	0.22464295	0.00000000	0.24295368	0.20000000	8.20000000	0.02379628	0.00000000
C4	c	0.20072580	0.00000000	0.20563613	0.30000000	8.30000000	0.01228490	0.00000000
C5	c	0.21379992	0.00000000	0.17492461	0.40000000	8.40000000	0.02961851	0.00000000
C6	c	0.28869605	0.00000000	0.14496238	0.50000000	8.50000000	0.01628330	0.00000000
C7	c	0.27903735	0.03794249	0.16132522	0.60000000	8.60000000	0.02330159	0.00000000
C8	c	0.33083859	0.12183783	0.22816127	0.70000000	8.70000000	0.02613354	0.00000000
C9	c	0.29273185	0.04552862	0.27060369	0.80000000	8.80000000	0.02299062	0.00000000
C10	c	0.27497404	0.05776676	0.28637382	0.90000000	8.90000000	0.02906104	0.00000000
C11	c	0.29294547	0.06387818	0.09910811	1.00000000	9.00000000	0.02477097	0.00000000
C12	c	0.23810580	0.05945278	0.12314514	1.10000000	9.10000000	0.01281205	0.00000000
C13	c	0.20219427	0.90404578	0.16216438	1.20000000	9.20000000	0.02351035	0.00000000
C14	c	0.18678638	1.00000000	0.10358443	1.30000000	9.30000000	0.02856492	0.00000000
C15	c	0.23355179	0.91716737	0.09493195	1.40000000	9.40000000	0.02131374	0.00000000
C16	c	0.24153251	0.93005020	0.22844875	1.50000000	9.50000000	0.02967280	0.00000000
C17	c	0.19487746	0.88503931	0.08947371	1.60000000	9.60000000	0.02093615	0.00000000
C18	c	0.28733854	0.98382800	0.14421581	1.70000000	9.70000000	0.01620591	0.00000000
C19	c	0.22513185	1.00000000	0.22900424	1.80000000	9.80000000	0.01366624	0.00000000
C20	c	0.15875239	0.90768934	0.04100765	1.90000000	9.90000000	0.01013720	0.00000000
C21	c	0.21791000	1.00000000	0.25572611	2.00000000	10.00000000	0.02718794	0.00000000
C22	c	0.15514226	0.95516739	0.04837169	2.00000000	10.00000000	0.01282891	0.00000000
C23	c	0.21197609	0.87672573	0.11383234	2.00000000	10.00000000	0.02890042	0.00000000
C24	c	0.20576701	0.95395017	0.02348348	2.00000000	10.00000000	0.02877815	0.00000000
C25	c	0.21500592	0.91734138	0.09359034	2.00000000	10.00000000	0.02454970	0.00000000
C26	c	0.46754497	0.87952134	0.25834948	2.00000000	10.00000000	0.02398662	0.00000000
C27	c	0.47295920	0.96156907	0.02082364	2.00000000	10.00000000	0.02814016	0.00000000
C28	c	0.42662799	0.85514516	0.10223197	2.00000000	10.00000000	0.02313153	0.00000000
C29	c	0.40825504	0.95352622	0.03840735	2.00000000	10.00000000	0.02434331	0.00000000
C30	c	0.33735191	0.80204495	0.20001817	2.00000000	10.00000000	0.02984369	0.00000000

Q Vehicle fuel tank capacity /0.40000000/
C Vehicle load capacity /1.50000000/
r fuel consumption rate /0.25000000/
g inverse refueling rate /1.00000000/
v average Velocity /1.00000000/
