StringID	Type	x	y	demand	ReadyTime	DueDate	ServiceTime	altitude
D0	d	0.50000000	0.50000000	0.00000000	0.00000000	10.00000000	0.00000000	0.00000000
S0	f	0.74889042	0.78319365	0.00000000	0.00000000	10.00000000	0.00000000	0.00000000
S1	f	0.64843535	0.52345958	0.00000000	0.00000000	10.00000000	0.00000000	0.00000000
S2	f	0.10440138	0.66755831	0.00000000	0.00000000	10.00000000	0.00000000	0.00000000
S3	f	0.86658390	0.60438128	0.00000000	0.00000000	10.00000000	0.00000000	0.00000000
S4	f	0.80473539	0.51288799	0.00000000	0.00000000	10.00000000	0.00000000	0.00000000
S5	f	0.86840856	0.04596028	0.00000000	0.00000000	10.00000000	0.00000000	0.00000000
C1	c	0.03150467	0.34691587	0.11662341	0.00000000	8.00000000	0.01568408	0.00000000
C2	c	0.00000000	0.37795726	0.17998613	0.10000000	8.10000000	0.01657385	0.00000000
C3	c	0.13290524	0.45216301	0.10713593	0.20000000	8.20000000	0.02624174	0.00000000
C4	c	0.00000000	0.36507486	0.17358834	0.30000000	8.30000000	0.02279759	0.00000000
C5	c	0.00000000	0.31483550	0.05809625	0.40000000	8.40000000	0.02982341	0.00000000
C6	c	0.00765886	0.29487903	0.07853138	0.50000000	8.50000000	0.02802737	0.00000000
C7	c	0.03094582	0.37397210	0.12738216	0.60000000	8.60000000	0.01628720	0.00000000
C8	c	0.06510957	0.37044444	0.22889234	0.70000000	8.70000000	0.01760016	0.00000000
C9	c	0.12855092	0.34406242	0.15742608	0.80000000	8.80000000	0.02561870	0.00000000
C10	c	0.09327380	0.29531155	0.18921769	0.90000000	8.90000000	0.02848209	0.00000000
C11	c	0.00000000	0.33420064	0.04092581	1.00000000	9.00000000	0.02122684	0.00000000
C12	c	0.07011019	0.33564844	0.08310441	1.10000000	9.10000000	0.01077297	0.00000000
C13	c	0.05345130	0.08564639	0.11593337	1.20000000	9.20000000	0.01610506	0.00000000
C14	c	0.00000000	0.10280554	0.17624276	1.30000000	9.30000000	0.02230063	0.00000000
C15	c	0.02469433	0.00904618	0.16316157	1.40000000	9.40000000	0.01893741	0.00000000
C16	c	0.00000000	0.05362094	0.24809541	1.50000000	9.50000000	0.02994621	0.00000000
C17	c	0.07760806	0.00000000	0.24665655	1.60000000	9.60000000	0.01333627	0.00000000
C18	c	0.99281130	0.64703786	0.07197246	1.70000000	9.70000000	0.01052700	0.00000000
C19	c	0.84351976	0.56509681	0.18805922	1.80000000	9.80000000	0.01368146	0.00000000
C20	c	1.00000000	0.66454025	0.16649575	1.90000000	9.90000000	0.01686880	0.00000000
C21	c	1.00000000	0.62121780	0.21713228	2.00000000	10.00000000	0.01156083	0.00000000
C22	c	1.00000000	0.62565183	0.17328763	2.00000000	10.00000000	0.02713880	0.00000000
C23	c	0.17644993	0.63583452	0.17699510	2.00000000	10.00000000	0.01204973	0.00000000
C24	c	0.30863188	0.66018595	0.16272709	2.00000000	10.00000000	0.01008227	0.00000000
C25	c	0.31690951	0.69103387	0.13593359	2.00000000	10.00000000	0.02759475	0.00000000
C26	c	0.26378271	0.62496176	0.07039108	2.00000000	10.00000000	0.01862396	0.00000000
C27	c	0.25600322	0.79787314	0.15719622	2.00000000	10.00000000	0.01367467	0.00000000
C28	c	0.38680428	0.39668052	0.22047707	2.00000000	10.00000000	0.01493920	0.00000000
C29	c	0.37461611	0.51954842	0.12704876	2.00000000	10.00000000	0.01433455	0.00000000
C30	c	0.41265462	0.41165076	0.14128416	2.00000000	10.00000000	0.01455053	0.00000000

Q Vehicle fuel tank capacity /0.40000000/
C Vehicle load capacity /1.50000000/
r fuel consumption rate /0.25000000/
g inverse refueling rate /1.00000000/
v average Velocity /1.00000000/
