StringID	Type	x	y	demand	ReadyTime	DueDate	ServiceTime	altitude
D0	d	0.50000000	0.50000000	0.00000000	0.00000000	10.00000000	0.00000000	0.00000000
S0	f	0.14653676	0.84249330	0.00000000	0.00000000	10.00000000	0.00000000	0.00000000
S1	f	0.10652883	0.54499694	0.00000000	0.00000000	10.00000000	0.00000000	0.00000000
S2	f	0.09963716	0.06101649	0.00000000	0.00000000	10.00000000	0.00000000	0.00000000
S3	f	0.21591020	0.30430495	0.00000000	0.00000000	10.00000000	0.00000000	0.00000000
S4	f	0.87848618	0.52502690	0.00000000	0.00000000	10.00000000	0.00000000	0.00000000
S5	f	0.51960799	0.83744378	0.00000000	0.00000000	10.00000000	0.00000000	0.00000000
S6	f	0.23666787	0.41412712	0.00000000	0.00000000	10.00000000	0.00000000	0.00000000
S7	f	0.68914282	0.95776599	0.00000000	0.00000000	10.00000000	0.00000000	0.00000000
S8	f	0.91343650	0.47974308	0.00000000	0.00000000	10.00000000	0.00000000	0.00000000
S9	f	0.30116239	0.02953149	0.00000000	0.00000000	10.00000000	0.00000000	0.00000000
C1	c	0.13167737	0.90079488	0.10019568	0.00000000	8.00000000	0.01914096	0.00000000
C2	c	0.12954875	0.93625088	0.14551852	0.06000000	8.06000000	0.01682609	0.00000000
C3	c	0.09528619	0.87334564	0.05687377	0.12000000	8.12000000	0.01548918	0.00000000
C4	c	0.08209774	0.79522305	0.03145633	0.18000000	8.18000000	0.02723661	0.00000000
C5	c	0.13102128	0.57768728	0.06217281	0.24000000	8.24000000	0.01829854	0.00000000
C6	c	0.11856122	0.48180328	0.11317744	0.30000000	8.30000000	0.02936880	0.00000000
C7	c	0.15021101	0.52181480	0.13284163	0.36000000	8.36000000	0.02370608	0.00000000
C8	c	0.15856747	0.67678349	0.01789834	0.42000000	8.42000000	0.01236843	0.00000000
C9	c	0.87050332	0.79889115	0.12128392	0.48000000	8.48000000	0.01258063	0.00000000
C10	c	0.95371615	0.81131338	0.06364302	0.54000000	8.54000000	0.02482500	0.00000000
C11	c	0.87826191	0.75787394	0.15818936	0.60000000	8.60000000	0.01479240	0.00000000
C12	c	0.97078090	0.81680175	0.08238918	0.66000000	8.66000000	0.01485439	0.00000000
C13	c	0.99644872	0.72039398	0.13229563	0.72000000	8.72000000	0.02275192	0.00000000
C14	c	0.89182551	0.80792760	0.05723565	0.78000000	8.78000000	0.01022044	0.00000000
C15	c	0.54788756	0.22846702	0.07565895	0.84000000	8.84000000	0.01657451	0.00000000
C16	c	0.56632634	0.32058220	0.12311299	0.90000000	8.90000000	0.01010149	0.00000000
C17	c	0.57567239	0.23960069	0.05016085	0.96000000	8.96000000	0.02887582	0.00000000
C18	c	0.53795348	0.20221292	0.11110235	1.02000000	9.02000000	0.01649594	0.00000000
C19	c	0.55881985	0.22539156	0.02978302	1.08000000	9.08000000	0.01281897	0.00000000
C20	c	0.58915584	0.06532238	0.01611115	1.14000000	9.14000000	0.02043475	0.00000000
C21	c	0.57307196	0.32370748	0.01430618	1.20000000	9.20000000	0.02900723	0.00000000
C22	c	0.47070274	0.23518240	0.15489812	1.26000000	9.26000000	0.01233460	0.00000000
C23	c	0.73499170	0.02704355	0.09831066	1.32000000	9.32000000	0.01824462	0.00000000
C24	c	0.52058327	0.19386168	0.07052091	1.38000000	9.38000000	0.02486060	0.00000000
C25	c	0.75241239	0.06029348	0.14776139	1.44000000	9.44000000	0.01588165	0.00000000
C26	c	0.71659330	0.07470772	0.15534174	1.50000000	9.50000000	0.01572340	0.00000000
C27	c	0.63726533	0.08126797	0.02943869	1.56000000	9.56000000	0.02994032	0.00000000
C28	c	0.67918858	0.06793905	0.04256747	1.62000000	9.62000000	0.01920927	0.00000000
C29	c	0.66547058	0.05041404	0.04861341	1.68000000	9.68000000	0.02904803	0.00000000
C30	c	0.76923164	0.19349200	0.04903829	1.74000000	9.74000000	0.02707855	0.00000000
C31	c	0.76071851	0.10205136	0.14860763	1.80000000	9.80000000	0.01514165	0.00000000
C32	c	0.73371787	0.03024365	0.03849240	1.86000000	9.86000000	0.01043926	0.00000000
C33	c	0.69872410	0.05196407	0.14314803	1.92000000	9.92000000	0.02366198	0.00000000
C34	c	0.66030730	0.17386428	0.10685978	1.98000000	9.98000000	0.02267221	0.00000000
C35	c	0.37282334	0.43624284	0.02224775	2.00000000	10.00000000	0.01234298	0.00000000
C36	c	0.43182648	0.65328162	0.02576516	2.00000000	10.00000000	0.01726427	0.00000000
C37	c	0.34914012	0.66475376	0.15806885	2.00000000	10.00000000	0.02404643	0.00000000
C38	c	0.42086770	0.57616948	0.06016098	2.00000000	10.00000000	0.02071076	0.00000000
C39	c	0.50274945	0.57604622	0.03699257	2.00000000	10.00000000	0.01203801	0.00000000
C40	c	0.45825162	0.60137174	0.10012965	2.00000000	10.00000000	0.02305267	0.00000000
C41	c	0.42040501	0.57357502	0.07779221	2.00000000	10.00000000	0.02194814	0.00000000
C42	c	0.39629056	0.63357701	0.15883126	2.00000000	10.00000000	0.01524751	0.00000000
C43	c	0.95521181	0.90257003	0.11497429	2.00000000	10.00000000	0.01096971	0.00000000
C44	c	0.88893833	0.95913746	0.15767652	2.00000000	10.00000000	0.01621744	0.00000000
C45	c	0.86006276	0.92383748	0.16434020	2.00000000	10.00000000	0.02062492	0.00000000
C46	c	0.84269545	0.99960991	0.06662008	2.00000000	10.00000000	0.01868837	0.00000000
C47	c	0.91759438	0.94725035	0.13523338	2.00000000	10.00000000	0.02397030	0.00000000
C48	c	0.96192054	0.96311795	0.06134748	2.00000000	10.00000000	0.02525913	0.00000000
C49	c	0.99998504	0.87000266	0.08368660	2.00000000	10.00000000	0.01898868	0.00000000
C50	c	0.90844998	0.98782256	0.14712770	2.00000000	10.00000000	0.02298494	0.00000000

Q Vehicle fuel tank capacity /0.40000000/
C Vehicle load capacity /1.50000000/
r fuel consumption rate /0.25000000/
g inverse refueling rate /1.00000000/
v average Velocity /1.00000000/
