StringID	Type	x	y	demand	ReadyTime	DueDate	ServiceTime	altitude
D0	d	0.50000000	0.50000000	0.00000000	0.00000000	10.00000000	0.00000000	0.00000000
S0	f	0.69665679	0.18822090	0.00000000	0.00000000	10.00000000	0.00000000	0.00000000
S1	f	0.82760960	0.68744754	0.00000000	0.00000000	10.00000000	0.00000000	0.00000000
S2	f	0.25890406	0.39834112	0.00000000	0.00000000	10.00000000	0.00000000	0.00000000
S3	f	0.79545258	0.26666461	0.00000000	0.00000000	10.00000000	0.00000000	0.00000000
S4	f	0.72811011	0.08841023	0.00000000	0.00000000	10.00000000	0.00000000	0.00000000
S5	f	0.09581264	0.00146922	0.00000000	0.00000000	10.00000000	0.00000000	0.00000000
C1	c	0.85795226	0.10504572	0.08063657	0.00000000	8.00000000	0.02786016	0.00000000
C2	c	0.64142272	0.18705193	0.06701978	0.10000000	8.10000000	0.01574052	0.00000000
C3	c	0.69600061	0.13394443	0.19090002	0.20000000	8.20000000	0.02469007	0.00000000
C4	c	0.75052218	0.27161580	0.13877520	0.30000000	8.30000000	0.01514311	0.00000000
C5	c	0.65090669	0.16568596	0.11035414	0.40000000	8.40000000	0.01407042	0.00000000
C6	c	0.80861662	0.73316623	0.12533234	0.50000000	8.50000000	0.01093559	0.00000000
C7	c	0.77575165	0.67503078	0.06145249	0.60000000	8.60000000	0.02072292	0.00000000
C8	c	0.73982044	0.73248680	0.23181254	0.70000000	8.70000000	0.02143469	0.00000000
C9	c	0.88913387	0.73968561	0.25396616	0.80000000	8.80000000	0.02192726	0.00000000
C10	c	0.77089535	0.72072534	0.08575116	0.90000000	8.90000000	0.01727032	0.00000000
C11	c	0.84270615	0.59723537	0.25879384	1.00000000	9.00000000	0.01315826	0.00000000
C12	c	0.41627520	0.05909593	0.03619543	1.10000000	9.10000000	0.02536436	0.00000000
C13	c	0.40057457	0.05774660	0.24933385	1.20000000	9.20000000	0.02192542	0.00000000
C14	c	0.43166570	0.02599543	0.25084349	1.30000000	9.30000000	0.02720693	0.00000000
C15	c	0.42266643	0.00000000	0.09770476	1.40000000	9.40000000	0.02953527	0.00000000
C16	c	0.39265382	0.00000000	0.03345079	1.50000000	9.50000000	0.02740151	0.00000000
C17	c	0.38065537	0.05921551	0.21027372	1.60000000	9.60000000	0.01151859	0.00000000
C18	c	0.43909551	0.01491761	0.25986982	1.70000000	9.70000000	0.01642072	0.00000000
C19	c	0.51991824	0.03856816	0.24548458	1.80000000	9.80000000	0.02250469	0.00000000
C20	c	0.10752688	0.25562816	0.12825345	1.90000000	9.90000000	0.02345792	0.00000000
C21	c	0.06579385	0.22489507	0.13392022	2.00000000	10.00000000	0.02069320	0.00000000
C22	c	0.00000000	0.35292010	0.19026360	2.00000000	10.00000000	0.02026185	0.00000000
C23	c	0.02174821	0.26649208	0.02044840	2.00000000	10.00000000	0.01255792	0.00000000
C24	c	0.33571238	0.40319623	0.11593687	2.00000000	10.00000000	0.02353492	0.00000000
C25	c	0.26612086	0.46968878	0.05135361	2.00000000	10.00000000	0.01070760	0.00000000
C26	c	0.35113823	0.33763648	0.25582380	2.00000000	10.00000000	0.02903480	0.00000000
C27	c	0.31438861	0.40775464	0.25120755	2.00000000	10.00000000	0.01623728	0.00000000
C28	c	0.34506974	0.38307103	0.13733817	2.00000000	10.00000000	0.02564692	0.00000000
C29	c	0.31641517	0.40114726	0.11014110	2.00000000	10.00000000	0.01090121	0.00000000
C30	c	0.34847003	0.42622431	0.11736255	2.00000000	10.00000000	0.02063027	0.00000000

Q Vehicle fuel tank capacity /0.40000000/
C Vehicle load capacity /1.50000000/
r fuel consumption rate /0.25000000/
g inverse refueling rate /1.00000000/
v average Velocity /1.00000000/
