StringID	Type	x	y	demand	ReadyTime	DueDate	ServiceTime	altitude
D0	d	0.50000000	0.50000000	0.00000000	0.00000000	10.00000000	0.00000000	0.00000000
S0	f	0.73725357	0.86004877	0.00000000	0.00000000	10.00000000	0.00000000	0.00000000
S1	f	0.83064392	0.27098677	0.00000000	0.00000000	10.00000000	0.00000000	0.00000000
S2	f	0.83704618	0.43328519	0.00000000	0.00000000	10.00000000	0.00000000	0.00000000
S3	f	0.45522919	0.00657144	0.00000000	0.00000000	10.00000000	0.00000000	0.00000000
S4	f	0.37822034	0.31109704	0.00000000	0.00000000	10.00000000	0.00000000	0.00000000
S5	f	0.07224872	0.71219035	0.00000000	0.00000000	10.00000000	0.00000000	0.00000000
S6	f	0.87350569	0.77283074	0.00000000	0.00000000	10.00000000	0.00000000	0.00000000
S7	f	0.62698111	0.56307744	0.00000000	0.00000000	10.00000000	0.00000000	0.00000000
S8	f	0.98800236	0.28782375	0.00000000	0.00000000	10.00000000	0.00000000	0.00000000
S9	f	0.89995234	0.06236240	0.00000000	0.00000000	10.00000000	0.00000000	0.00000000
C1	c	0.09013126	0.57093754	0.03820333	0.00000000	8.00000000	0.02136913	0.00000000
C2	c	0.09674800	0.59021447	0.04127369	0.06000000	8.06000000	0.01153511	0.00000000
C3	c	0.14446038	0.62466100	0.10669406	0.12000000	8.12000000	0.02389721	0.00000000
C4	c	0.16705294	0.55209450	0.09220792	0.18000000	8.18000000	0.02380118	0.00000000
C5	c	0.15615825	0.54468079	0.03952059	0.24000000	8.24000000	0.01638023	0.00000000
C6	c	0.06858582	0.57798363	0.03310164	0.30000000	8.30000000	0.02445661	0.00000000
C7	c	0.14753939	0.54870424	0.03631600	0.36000000	8.36000000	0.02482627	0.00000000
C8	c	0.62814102	0.12383906	0.13286343	0.42000000	8.42000000	0.02373196	0.00000000
C9	c	0.74856980	0.17696077	0.07357756	0.48000000	8.48000000	0.01072828	0.00000000
C10	c	0.77058833	0.10721011	0.03004595	0.54000000	8.54000000	0.01565819	0.00000000
C11	c	0.74603291	0.10727833	0.14057133	0.60000000	8.60000000	0.01553038	0.00000000
C12	c	0.79062993	0.14994492	0.03673527	0.66000000	8.66000000	0.02703171	0.00000000
C13	c	0.67588003	0.18357648	0.14169285	0.72000000	8.72000000	0.02490788	0.00000000
C14	c	0.77738184	0.14004434	0.09534100	0.78000000	8.78000000	0.02230939	0.00000000
C15	c	0.88897472	0.14295525	0.14636598	0.84000000	8.84000000	0.01807830	0.00000000
C16	c	0.70010353	0.15501542	0.09924843	0.90000000	8.90000000	0.02388387	0.00000000
C17	c	0.37176777	0.81621148	0.08710765	0.96000000	8.96000000	0.01357837	0.00000000
C18	c	0.37255404	0.71478642	0.02614742	1.02000000	9.02000000	0.01816186	0.00000000
C19	c	0.51145309	0.82884489	0.06619400	1.08000000	9.08000000	0.02156171	0.00000000
C20	c	0.47898474	0.87508728	0.06638418	1.14000000	9.14000000	0.02792907	0.00000000
C21	c	0.41313287	0.77273446	0.11365708	1.20000000	9.20000000	0.01286501	0.00000000
C22	c	0.53595922	0.72918151	0.15076242	1.26000000	9.26000000	0.02945411	0.00000000
C23	c	0.46692060	0.72772094	0.10325606	1.32000000	9.32000000	0.02197776	0.00000000
C24	c	0.55636548	0.76513981	0.10824764	1.38000000	9.38000000	0.02153460	0.00000000
C25	c	0.45099120	0.77364326	0.07539871	1.44000000	9.44000000	0.02377118	0.00000000
C26	c	0.78059395	0.82595653	0.06142127	1.50000000	9.50000000	0.02686548	0.00000000
C27	c	0.75290379	0.95499921	0.12098932	1.56000000	9.56000000	0.01517663	0.00000000
C28	c	0.70545382	0.81582446	0.07490343	1.62000000	9.62000000	0.02225388	0.00000000
C29	c	0.79610542	0.91234499	0.15838529	1.68000000	9.68000000	0.02702276	0.00000000
C30	c	0.63219243	0.88054837	0.12149852	1.74000000	9.74000000	0.01506708	0.00000000
C31	c	0.82921334	0.32050863	0.03670886	1.80000000	9.80000000	0.02160092	0.00000000
C32	c	0.92748502	0.34363469	0.05437998	1.86000000	9.86000000	0.01789210	0.00000000
C33	c	0.72698229	0.27188481	0.09195548	1.92000000	9.92000000	0.02519807	0.00000000
C34	c	0.90023062	0.31939651	0.08254709	1.98000000	9.98000000	0.01723657	0.00000000
C35	c	0.79287452	0.31554605	0.04546018	2.00000000	10.00000000	0.01855205	0.00000000
C36	c	0.86363346	0.30140053	0.07122250	2.00000000	10.00000000	0.01394299	0.00000000
C37	c	0.45514088	0.91015697	0.07851165	2.00000000	10.00000000	0.01524577	0.00000000
C38	c	0.53718334	0.81537487	0.11804483	2.00000000	10.00000000	0.01164805	0.00000000
C39	c	0.54701533	0.82658898	0.11081242	2.00000000	10.00000000	0.02064055	0.00000000
C40	c	0.58505544	0.99871614	0.09909743	2.00000000	10.00000000	0.01705604	0.00000000
C41	c	0.53301862	0.80439644	0.03822965	2.00000000	10.00000000	0.01069138	0.00000000
C42	c	0.56080039	0.84620412	0.08247642	2.00000000	10.00000000	0.01107420	0.00000000
C43	c	0.56908082	0.81676533	0.12687777	2.00000000	10.00000000	0.01994197	0.00000000
C44	c	0.51069522	0.89102837	0.14677781	2.00000000	10.00000000	0.02568663	0.00000000
C45	c	0.93571432	0.63487198	0.13913412	2.00000000	10.00000000	0.02722437	0.00000000
C46	c	0.75185921	0.60905037	0.15289736	2.00000000	10.00000000	0.01399708	0.00000000
C47	c	0.84688359	0.67886810	0.11967886	2.00000000	10.00000000	0.01833853	0.00000000
C48	c	0.76036643	0.70681736	0.12124017	2.00000000	10.00000000	0.02484545	0.00000000
C49	c	0.87103649	0.69124324	0.05035094	2.00000000	10.00000000	0.01319563	0.00000000
C50	c	0.84056512	0.62914389	0.11548445	2.00000000	10.00000000	0.02507958	0.00000000

Q Vehicle fuel tank capacity /0.40000000/
C Vehicle load capacity /1.50000000/
r fuel consumption rate /0.25000000/
g inverse refueling rate /1.00000000/
v average Velocity /1.00000000/
