StringID	Type	x	y	demand	ReadyTime	DueDate	ServiceTime	altitude
D0	d	0.50000000	0.50000000	0.00000000	0.00000000	10.00000000	0.00000000	0.00000000
S0	f	0.41090121	0.84248612	0.00000000	0.00000000	10.00000000	0.00000000	0.00000000
S1	f	0.24859508	0.10294696	0.00000000	0.00000000	10.00000000	0.00000000	0.00000000
S2	f	0.60108434	0.93133530	0.00000000	0.00000000	10.00000000	0.00000000	0.00000000
S3	f	0.53050735	0.91628193	0.00000000	0.00000000	10.00000000	0.00000000	0.00000000
S4	f	0.65220623	0.19853007	0.00000000	0.00000000	10.00000000	0.00000000	0.00000000
S5	f	0.98647023	0.30100995	0.00000000	0.00000000	10.00000000	0.00000000	0.00000000
C1	c	0.22546539	0.67902653	0.21256722	0.00000000	8.00000000	0.01774144	0.00000000
C2	c	0.26429517	0.56746579	0.09768565	0.10000000	8.10000000	0.01861462	0.00000000
C3	c	0.21071554	0.68376459	0.18137942	0.20000000	8.20000000	0.02324736	0.00000000
C4	c	0.22936291	0.65197826	0.28455822	0.30000000	8.30000000	0.01719404	0.00000000
C5	c	0.60476174	0.30994423	0.12936349	0.40000000	8.40000000	0.01849549	0.00000000
C6	c	0.58240081	0.33418690	0.16211046	0.50000000	8.50000000	0.01195494	0.00000000
C7	c	0.66269085	0.32133773	0.19929093	0.60000000	8.60000000	0.02916860	0.00000000
C8	c	0.60911300	0.30811178	0.13595245	0.70000000	8.70000000	0.01911814	0.00000000
C9	c	0.44940835	0.78818589	0.13669914	0.80000000	8.80000000	0.01763757	0.00000000
C10	c	0.37560687	0.76958621	0.16740154	0.90000000	8.90000000	0.02998221	0.00000000
C11	c	0.42723222	0.88722731	0.10672229	1.00000000	9.00000000	0.02804012	0.00000000
C12	c	0.46662427	0.86213641	0.16969393	1.10000000	9.10000000	0.01299482	0.00000000
C13	c	0.36838966	0.85659477	0.05239614	1.20000000	9.20000000	0.01986520	0.00000000
C14	c	0.41311158	0.88598226	0.03671505	1.30000000	9.30000000	0.01371179	0.00000000
C15	c	0.46453730	0.80700668	0.09579270	1.40000000	9.40000000	0.02513262	0.00000000
C16	c	0.30073294	0.83538269	0.20544253	1.50000000	9.50000000	0.01242519	0.00000000
C17	c	0.69406159	0.12814493	0.10809713	1.60000000	9.60000000	0.01968293	0.00000000
C18	c	0.76064806	0.07286143	0.09007359	1.70000000	9.70000000	0.01820618	0.00000000
C19	c	0.71415549	0.11488543	0.15035164	1.80000000	9.80000000	0.02430417	0.00000000
C20	c	0.64647363	0.07937631	0.03102250	1.90000000	9.90000000	0.02538317	0.00000000
C21	c	0.73051271	0.10497415	0.22319052	2.00000000	10.00000000	0.02793539	0.00000000
C22	c	0.76967785	0.06711522	0.25724205	2.00000000	10.00000000	0.02280322	0.00000000
C23	c	0.77128156	0.05229999	0.12579349	2.00000000	10.00000000	0.01858088	0.00000000
C24	c	0.67017777	0.09256880	0.06876166	2.00000000	10.00000000	0.01276929	0.00000000
C25	c	0.65009007	0.09974697	0.23452502	2.00000000	10.00000000	0.01828379	0.00000000
C26	c	0.70431759	0.17910737	0.27969266	2.00000000	10.00000000	0.02031530	0.00000000
C27	c	0.77270899	0.53083824	0.11372167	2.00000000	10.00000000	0.01541262	0.00000000
C28	c	0.75714601	0.44810753	0.19340533	2.00000000	10.00000000	0.02243978	0.00000000
C29	c	0.78937824	0.58501829	0.06218062	2.00000000	10.00000000	0.01703209	0.00000000
C30	c	0.83017281	0.51327275	0.18817095	2.00000000	10.00000000	0.02641383	0.00000000

Q Vehicle fuel tank capacity /0.40000000/
C Vehicle load capacity /1.50000000/
r fuel consumption rate /0.25000000/
g inverse refueling rate /1.00000000/
v average Velocity /1.00000000/
