StringID	Type	x	y	demand	ReadyTime	DueDate	ServiceTime	altitude
D0	d	0.50000000	0.50000000	0.00000000	0.00000000	10.00000000	0.00000000	0.00000000
S0	f	0.13188061	0.50027111	0.00000000	0.00000000	10.00000000	0.00000000	0.00000000
S1	f	0.35388120	0.19798667	0.00000000	0.00000000	10.00000000	0.00000000	0.00000000
S2	f	0.80290042	0.42682904	0.00000000	0.00000000	10.00000000	0.00000000	0.00000000
S3	f	0.96930969	0.75202904	0.00000000	0.00000000	10.00000000	0.00000000	0.00000000
S4	f	0.51173769	0.22355024	0.00000000	0.00000000	10.00000000	0.00000000	0.00000000
S5	f	0.59288589	0.38859046	0.00000000	0.00000000	10.00000000	0.00000000	0.00000000
C1	c	0.06281765	0.48056276	0.16788205	0.00000000	8.00000000	0.01452491	0.00000000
C2	c	0.19396014	0.50199500	0.21627679	0.10000000	8.10000000	0.01060965	0.00000000
C3	c	0.12514546	0.45116205	0.18304011	0.20000000	8.20000000	0.02822635	0.00000000
C4	c	0.08331508	0.50825131	0.18929811	0.30000000	8.30000000	0.01633512	0.00000000
C5	c	0.10478351	0.60377006	0.17045698	0.40000000	8.40000000	0.02566600	0.00000000
C6	c	1.00000000	0.91158561	0.02589983	0.50000000	8.50000000	0.01986135	0.00000000
C7	c	0.93132747	0.93914200	0.16572169	0.60000000	8.60000000	0.02518136	0.00000000
C8	c	1.00000000	0.84705471	0.06538738	0.70000000	8.70000000	0.02209035	0.00000000
C9	c	1.00000000	0.92508009	0.20734080	0.80000000	8.80000000	0.02009806	0.00000000
C10	c	0.86569117	0.68956008	0.05479252	0.90000000	8.90000000	0.02805414	0.00000000
C11	c	0.82052018	0.80832022	0.19641476	1.00000000	9.00000000	0.02919757	0.00000000
C12	c	0.89637238	0.69509598	0.20711907	1.10000000	9.10000000	0.01620180	0.00000000
C13	c	0.86693213	0.73574743	0.15445888	1.20000000	9.20000000	0.01006542	0.00000000
C14	c	0.91742475	0.75387298	0.15452930	1.30000000	9.30000000	0.01854844	0.00000000
C15	c	0.94252486	0.78260983	0.16771664	1.40000000	9.40000000	0.02899742	0.00000000
C16	c	0.89962415	0.71583189	0.11085299	1.50000000	9.50000000	0.02459249	0.00000000
C17	c	0.86257485	0.75912704	0.19413731	1.60000000	9.60000000	0.01501218	0.00000000
C18	c	0.85400151	0.75545206	0.07582416	1.70000000	9.70000000	0.01045409	0.00000000
C19	c	0.56487431	0.71301939	0.13884506	1.80000000	9.80000000	0.01344029	0.00000000
C20	c	0.64039266	0.67111895	0.08096524	1.90000000	9.90000000	0.01190925	0.00000000
C21	c	0.56684389	0.69593916	0.02830231	2.00000000	10.00000000	0.01755157	0.00000000
C22	c	0.55255973	0.61317921	0.23667952	2.00000000	10.00000000	0.01852945	0.00000000
C23	c	0.58211114	0.78777164	0.22975472	2.00000000	10.00000000	0.01149366	0.00000000
C24	c	0.58199937	0.70369039	0.22037439	2.00000000	10.00000000	0.02052741	0.00000000
C25	c	0.08166635	0.98644677	0.16655147	2.00000000	10.00000000	0.01620724	0.00000000
C26	c	0.13221899	0.91662048	0.21159089	2.00000000	10.00000000	0.02021745	0.00000000
C27	c	0.06969122	1.00000000	0.23411411	2.00000000	10.00000000	0.02812861	0.00000000
C28	c	0.13479634	0.92204381	0.02512369	2.00000000	10.00000000	0.01411885	0.00000000
C29	c	0.14718854	1.00000000	0.07966683	2.00000000	10.00000000	0.02240765	0.00000000
C30	c	0.13239886	0.90168438	0.14088242	2.00000000	10.00000000	0.01725747	0.00000000

Q Vehicle fuel tank capacity /0.40000000/
C Vehicle load capacity /1.50000000/
r fuel consumption rate /0.25000000/
g inverse refueling rate /1.00000000/
v average Velocity /1.00000000/
