StringID	Type	x	y	demand	ReadyTime	DueDate	ServiceTime	altitude
D0	d	0.50000000	0.50000000	0.00000000	0.00000000	10.00000000	0.00000000	0.00000000
S0	f	0.58670273	0.21640815	0.00000000	0.00000000	10.00000000	0.00000000	0.00000000
S1	f	0.08669083	0.76934598	0.00000000	0.00000000	10.00000000	0.00000000	0.00000000
S2	f	0.40464753	0.13884814	0.00000000	0.00000000	10.00000000	0.00000000	0.00000000
S3	f	0.07557886	0.98675149	0.00000000	0.00000000	10.00000000	0.00000000	0.00000000
S4	f	0.39855537	0.38072695	0.00000000	0.00000000	10.00000000	0.00000000	0.00000000
S5	f	0.54526378	0.65122388	0.00000000	0.00000000	10.00000000	0.00000000	0.00000000
C1	c	0.86979479	0.76627425	0.08456410	0.00000000	8.00000000	0.02802527	0.00000000
C2	c	0.85710332	0.85750938	0.22495197	0.10000000	8.10000000	0.02940312	0.00000000
C3	c	0.90559878	0.75514683	0.06684033	0.20000000	8.20000000	0.02137288	0.00000000
C4	c	0.86540201	0.74845094	0.30159678	0.30000000	8.30000000	0.02836867	0.00000000
C5	c	1.00000000	0.73004245	0.09155015	0.40000000	8.40000000	0.01331528	0.00000000
C6	c	0.90903697	0.69908713	0.13434964	0.50000000	8.50000000	0.01913849	0.00000000
C7	c	0.00812870	0.37251200	0.14931318	0.60000000	8.60000000	0.01556875	0.00000000
C8	c	0.06487763	0.39557528	0.02763881	0.70000000	8.70000000	0.02949942	0.00000000
C9	c	0.05862370	0.35875732	0.20548985	0.80000000	8.80000000	0.02066418	0.00000000
C10	c	0.15755268	0.30535061	0.10104508	0.90000000	8.90000000	0.02626661	0.00000000
C11	c	0.51916237	0.50086552	0.08078183	1.00000000	9.00000000	0.02138243	0.00000000
C12	c	0.54294424	0.53471654	0.08759478	1.10000000	9.10000000	0.01520649	0.00000000
C13	c	0.50305052	0.54140255	0.16542322	1.20000000	9.20000000	0.01969382	0.00000000
C14	c	0.52713232	0.57280630	0.17896098	1.30000000	9.30000000	0.01922077	0.00000000
C15	c	0.58313608	0.58483416	0.02610835	1.40000000	9.40000000	0.02902829	0.00000000
C16	c	0.62401206	0.51000799	0.29090337	1.50000000	9.50000000	0.01302546	0.00000000
C17	c	0.53771565	0.58876932	0.09244026	1.60000000	9.60000000	0.01101961	0.00000000
C18	c	0.53949301	0.59698306	0.14003170	1.70000000	9.70000000	0.01518949	0.00000000
C19	c	0.56300370	0.60581990	0.21575120	1.80000000	9.80000000	0.02522454	0.00000000
C20	c	0.59555657	0.50086550	0.31308463	1.90000000	9.90000000	0.01383445	0.00000000
C21	c	0.53819562	0.54569733	0.11604631	2.00000000	10.00000000	0.01056356	0.00000000
C22	c	0.49450654	0.60518990	0.09824251	2.00000000	10.00000000	0.01516246	0.00000000
C23	c	0.42001763	0.60748277	0.16691045	2.00000000	10.00000000	0.02005858	0.00000000
C24	c	0.15110123	0.55718986	0.26402083	2.00000000	10.00000000	0.02426339	0.00000000
C25	c	0.12210920	0.56455392	0.29922872	2.00000000	10.00000000	0.01558149	0.00000000
C26	c	0.08226753	0.56940960	0.09580605	2.00000000	10.00000000	0.02665421	0.00000000
C27	c	0.14166217	0.65306978	0.10734159	2.00000000	10.00000000	0.01992264	0.00000000
C28	c	0.10813629	0.60794234	0.12172941	2.00000000	10.00000000	0.01596430	0.00000000
C29	c	0.05867370	0.57362986	0.15864633	2.00000000	10.00000000	0.01283294	0.00000000
C30	c	0.12246981	0.60110281	0.09360757	2.00000000	10.00000000	0.01316185	0.00000000

Q Vehicle fuel tank capacity /0.40000000/
C Vehicle load capacity /1.50000000/
r fuel consumption rate /0.25000000/
g inverse refueling rate /1.00000000/
v average Velocity /1.00000000/
