StringID	Type	x	y	demand	ReadyTime	DueDate	ServiceTime	altitude
D0	d	0.50000000	0.50000000	0.00000000	0.00000000	10.00000000	0.00000000	0.00000000
S0	f	0.49387354	0.32657577	0.00000000	0.00000000	10.00000000	0.00000000	0.00000000
S1	f	0.69486659	0.92348237	0.00000000	0.00000000	10.00000000	0.00000000	0.00000000
S2	f	0.52956865	0.81424696	0.00000000	0.00000000	10.00000000	0.00000000	0.00000000
S3	f	0.95860940	0.07566103	0.00000000	0.00000000	10.00000000	0.00000000	0.00000000
S4	f	0.88308545	0.45810001	0.00000000	0.00000000	10.00000000	0.00000000	0.00000000
S5	f	0.76047931	0.11898100	0.00000000	0.00000000	10.00000000	0.00000000	0.00000000
S6	f	0.97374605	0.96424213	0.00000000	0.00000000	10.00000000	0.00000000	0.00000000
S7	f	0.03819510	0.60356068	0.00000000	0.00000000	10.00000000	0.00000000	0.00000000
S8	f	0.36271739	0.46727798	0.00000000	0.00000000	10.00000000	0.00000000	0.00000000
S9	f	0.68106257	0.26923980	0.00000000	0.00000000	10.00000000	0.00000000	0.00000000
C1	c	0.34961421	0.75308115	0.15002438	0.00000000	8.00000000	0.02873857	0.00000000
C2	c	0.40128324	0.76185366	0.07181278	0.06000000	8.06000000	0.01305188	0.00000000
C3	c	0.38841897	0.90910691	0.09900341	0.12000000	8.12000000	0.02520869	0.00000000
C4	c	0.39424060	0.82908111	0.12293385	0.18000000	8.18000000	0.02650475	0.00000000
C5	c	0.49585874	0.86827490	0.14098205	0.24000000	8.24000000	0.01009089	0.00000000
C6	c	0.46587135	0.74233224	0.04173880	0.30000000	8.30000000	0.02988390	0.00000000
C7	c	0.42643770	0.70457123	0.10962390	0.36000000	8.36000000	0.02687523	0.00000000
C8	c	0.80769053	0.17160672	0.08026781	0.42000000	8.42000000	0.01904409	0.00000000
C9	c	0.84958172	0.25801086	0.11712839	0.48000000	8.48000000	0.01266426	0.00000000
C10	c	0.93375798	0.33877878	0.05076553	0.54000000	8.54000000	0.01912058	0.00000000
C11	c	0.83561602	0.24244648	0.05438552	0.60000000	8.60000000	0.01824944	0.00000000
C12	c	0.97799709	0.25137987	0.13641874	0.66000000	8.66000000	0.01412457	0.00000000
C13	c	0.83984231	0.15730453	0.01771804	0.72000000	8.72000000	0.01069725	0.00000000
C14	c	0.64484823	0.14760760	0.03683924	0.78000000	8.78000000	0.02047398	0.00000000
C15	c	0.63521104	0.15783797	0.16165298	0.84000000	8.84000000	0.02893443	0.00000000
C16	c	0.61571204	0.15860895	0.15652491	0.90000000	8.90000000	0.02238820	0.00000000
C17	c	0.71240279	0.17896076	0.12651819	0.96000000	8.96000000	0.01259660	0.00000000
C18	c	0.63650233	0.09387002	0.05256095	1.02000000	9.02000000	0.02317336	0.00000000
C19	c	0.73398832	0.23230532	0.13994988	1.08000000	9.08000000	0.01830357	0.00000000
C20	c	0.66247906	0.21769966	0.08510187	1.14000000	9.14000000	0.02691889	0.00000000
C21	c	0.66933593	0.22285323	0.15121695	1.20000000	9.20000000	0.02768318	0.00000000
C22	c	0.67516383	0.17331914	0.13210648	1.26000000	9.26000000	0.02979636	0.00000000
C23	c	0.26300478	0.85425894	0.07354994	1.32000000	9.32000000	0.01310033	0.00000000
C24	c	0.26000770	0.91468994	0.06011142	1.38000000	9.38000000	0.02015522	0.00000000
C25	c	0.19832423	0.82479425	0.07757909	1.44000000	9.44000000	0.01135769	0.00000000
C26	c	0.24199079	0.85917730	0.02258764	1.50000000	9.50000000	0.02328545	0.00000000
C27	c	0.25664075	0.81274373	0.15926431	1.56000000	9.56000000	0.02950844	0.00000000
C28	c	0.17424052	0.86348137	0.01214741	1.62000000	9.62000000	0.02573646	0.00000000
C29	c	0.34674257	0.88492266	0.06908628	1.68000000	9.68000000	0.01177607	0.00000000
C30	c	0.18736558	0.86207947	0.05249918	1.74000000	9.74000000	0.01546962	0.00000000
C31	c	0.17695349	0.94960265	0.06563702	1.80000000	9.80000000	0.01034290	0.00000000
C32	c	0.27221922	0.78766917	0.02328475	1.86000000	9.86000000	0.02106217	0.00000000
C33	c	0.24332861	0.35753375	0.03917586	1.92000000	9.92000000	0.01804857	0.00000000
C34	c	0.19057772	0.27351929	0.06941037	1.98000000	9.98000000	0.02580935	0.00000000
C35	c	0.25246515	0.27554737	0.05447121	2.00000000	10.00000000	0.02009451	0.00000000
C36	c	0.25501169	0.41012912	0.09314367	2.00000000	10.00000000	0.01467042	0.00000000
C37	c	0.15612239	0.37568899	0.16390883	2.00000000	10.00000000	0.01296863	0.00000000
C38	c	0.25162011	0.37343272	0.10246007	2.00000000	10.00000000	0.02021717	0.00000000
C39	c	0.12744058	0.17114203	0.12386176	2.00000000	10.00000000	0.02634182	0.00000000
C40	c	0.13265924	0.14583997	0.09387971	2.00000000	10.00000000	0.02126593	0.00000000
C41	c	0.04376355	0.28094734	0.10950097	2.00000000	10.00000000	0.01366934	0.00000000
C42	c	0.10794468	0.18487117	0.14261575	2.00000000	10.00000000	0.01232687	0.00000000
C43	c	0.08286248	0.10935651	0.11842894	2.00000000	10.00000000	0.01454279	0.00000000
C44	c	0.09796104	0.12261333	0.03299975	2.00000000	10.00000000	0.02122182	0.00000000
C45	c	0.08829159	0.15780696	0.08870250	2.00000000	10.00000000	0.01350421	0.00000000
C46	c	0.09515017	0.14497942	0.16854126	2.00000000	10.00000000	0.02924752	0.00000000
C47	c	0.55620906	0.43917185	0.02788323	2.00000000	10.00000000	0.01347630	0.00000000
C48	c	0.53617894	0.39913346	0.03021951	2.00000000	10.00000000	0.01946657	0.00000000
C49	c	0.50259077	0.44911820	0.03771714	2.00000000	10.00000000	0.02192479	0.00000000
C50	c	0.50347534	0.39055253	0.15205776	2.00000000	10.00000000	0.02460293	0.00000000

Q Vehicle fuel tank capacity /0.40000000/
C Vehicle load capacity /1.50000000/
r fuel consumption rate /0.25000000/
g inverse refueling rate /1.00000000/
v average Velocity /1.00000000/
