StringID	Type	x	y	demand	ReadyTime	DueDate	ServiceTime	altitude
D0	d	0.50000000	0.50000000	0.00000000	0.00000000	10.00000000	0.00000000	0.00000000
S0	f	0.46068815	0.53437381	0.00000000	0.00000000	10.00000000	0.00000000	0.00000000
S1	f	0.21832598	0.80670559	0.00000000	0.00000000	10.00000000	0.00000000	0.00000000
S2	f	0.86684207	0.22470341	0.00000000	0.00000000	10.00000000	0.00000000	0.00000000
S3	f	0.84440700	0.16892564	0.00000000	0.00000000	10.00000000	0.00000000	0.00000000
S4	f	0.40527857	0.73425164	0.00000000	0.00000000	10.00000000	0.00000000	0.00000000
S5	f	0.74821242	0.50124563	0.00000000	0.00000000	10.00000000	0.00000000	0.00000000
S6	f	0.66154489	0.74317568	0.00000000	0.00000000	10.00000000	0.00000000	0.00000000
S7	f	0.03875347	0.52370608	0.00000000	0.00000000	10.00000000	0.00000000	0.00000000
S8	f	0.72708588	0.45837202	0.00000000	0.00000000	10.00000000	0.00000000	0.00000000
S9	f	0.36041058	0.79730125	0.00000000	0.00000000	10.00000000	0.00000000	0.00000000
C1	c	1.00000000	0.19704487	0.14235924	0.00000000	8.00000000	0.01321186	0.00000000
C2	c	0.92575023	0.21455768	0.15647658	0.06000000	8.06000000	0.02470625	0.00000000
C3	c	0.96519904	0.30417592	0.09852474	0.12000000	8.12000000	0.02530782	0.00000000
C4	c	0.96024687	0.23068352	0.10806668	0.18000000	8.18000000	0.01556047	0.00000000
C5	c	0.96030364	0.23419404	0.04274760	0.24000000	8.24000000	0.02274071	0.00000000
C6	c	0.11628341	0.39856295	0.13121002	0.30000000	8.30000000	0.02448667	0.00000000
C7	c	0.23284042	0.35089259	0.03265919	0.36000000	8.36000000	0.02383651	0.00000000
C8	c	0.27872860	0.40529836	0.13066311	0.42000000	8.42000000	0.02299568	0.00000000
C9	c	0.12232783	0.35816310	0.10536038	0.48000000	8.48000000	0.01190704	0.00000000
C10	c	0.18867966	0.30030540	0.07797743	0.54000000	8.54000000	0.01088951	0.00000000
C11	c	0.19171368	0.44609269	0.12708280	0.60000000	8.60000000	0.02783436	0.00000000
C12	c	0.16219727	0.30846487	0.12669335	0.66000000	8.66000000	0.01637041	0.00000000
C13	c	0.21094434	0.31590385	0.05525209	0.72000000	8.72000000	0.02379454	0.00000000
C14	c	0.15742544	0.35307998	0.15367309	0.78000000	8.78000000	0.01871645	0.00000000
C15	c	0.15923072	0.38187048	0.05394494	0.84000000	8.84000000	0.01822620	0.00000000
C16	c	0.11252587	0.31691433	0.02376654	0.90000000	8.90000000	0.02483983	0.00000000
C17	c	0.06586657	0.24592806	0.07711304	0.96000000	8.96000000	0.01619597	0.00000000
C18	c	0.03815541	0.25464966	0.02111780	1.02000000	9.02000000	0.02769588	0.00000000
C19	c	0.05821297	0.21137164	0.07846432	1.08000000	9.08000000	0.02944910	0.00000000
C20	c	0.18108671	0.28605567	0.10031559	1.14000000	9.14000000	0.01192392	0.00000000
C21	c	0.09403294	0.36183179	0.02693764	1.20000000	9.20000000	0.02786339	0.00000000
C22	c	0.14685573	0.25218419	0.15565084	1.26000000	9.26000000	0.02175407	0.00000000
C23	c	0.10837228	0.16204156	0.12927150	1.32000000	9.32000000	0.02803341	0.00000000
C24	c	0.17562923	0.24127489	0.08737101	1.38000000	9.38000000	0.02718375	0.00000000
C25	c	0.07971845	0.41270365	0.15851716	1.44000000	9.44000000	0.02611182	0.00000000
C26	c	0.92559917	0.47779966	0.14388538	1.50000000	9.50000000	0.02765874	0.00000000
C27	c	0.90983935	0.32354458	0.01618226	1.56000000	9.56000000	0.01403276	0.00000000
C28	c	0.90999599	0.39566873	0.04979388	1.62000000	9.62000000	0.02533117	0.00000000
C29	c	0.94935195	0.39149253	0.06689019	1.68000000	9.68000000	0.02210299	0.00000000
C30	c	1.00000000	0.44588213	0.16358752	1.74000000	9.74000000	0.01941325	0.00000000
C31	c	0.35844547	0.11936845	0.14999218	1.80000000	9.80000000	0.01094735	0.00000000
C32	c	0.27922931	0.06292683	0.12597384	1.86000000	9.86000000	0.01108741	0.00000000
C33	c	0.42164591	0.05876297	0.12065590	1.92000000	9.92000000	0.01151848	0.00000000
C34	c	0.26556470	0.09613733	0.16312013	1.98000000	9.98000000	0.02903738	0.00000000
C35	c	0.32367540	0.11487537	0.04005623	2.00000000	10.00000000	0.02779512	0.00000000
C36	c	0.32025144	0.07657565	0.04065472	2.00000000	10.00000000	0.01607348	0.00000000
C37	c	0.30399589	0.13440977	0.02227315	2.00000000	10.00000000	0.02012289	0.00000000
C38	c	0.25131959	0.03733195	0.03137465	2.00000000	10.00000000	0.01320031	0.00000000
C39	c	0.40978259	0.05379430	0.09087384	2.00000000	10.00000000	0.01413226	0.00000000
C40	c	0.46640028	0.61004642	0.01405383	2.00000000	10.00000000	0.02550693	0.00000000
C41	c	0.44936042	0.48368696	0.07884342	2.00000000	10.00000000	0.01681186	0.00000000
C42	c	0.43013746	0.39007553	0.01939021	2.00000000	10.00000000	0.02835701	0.00000000
C43	c	0.41709572	0.53967926	0.11719823	2.00000000	10.00000000	0.02426215	0.00000000
C44	c	0.78565964	0.39645381	0.16317870	2.00000000	10.00000000	0.01025495	0.00000000
C45	c	0.73105551	0.29741163	0.01910194	2.00000000	10.00000000	0.01458345	0.00000000
C46	c	0.73417505	0.41139867	0.05313754	2.00000000	10.00000000	0.02810123	0.00000000
C47	c	0.70356880	0.36263881	0.08861432	2.00000000	10.00000000	0.01241606	0.00000000
C48	c	0.67700898	0.36354167	0.05164353	2.00000000	10.00000000	0.01014310	0.00000000
C49	c	0.78503260	0.43055282	0.10610426	2.00000000	10.00000000	0.02553246	0.00000000
C50	c	0.76807394	0.34885725	0.16220345	2.00000000	10.00000000	0.02007077	0.00000000

Q Vehicle fuel tank capacity /0.40000000/
C Vehicle load capacity /1.50000000/
r fuel consumption rate /0.25000000/
g inverse refueling rate /1.00000000/
v average Velocity /1.00000000/
