StringID	Type	x	y	demand	ReadyTime	DueDate	ServiceTime	altitude
D0	d	0.50000000	0.50000000	0.00000000	0.00000000	10.00000000	0.00000000	0.00000000
S0	f	0.75625885	0.62429888	0.00000000	0.00000000	10.00000000	0.00000000	0.00000000
S1	f	0.60640156	0.86767570	0.00000000	0.00000000	10.00000000	0.00000000	0.00000000
S2	f	0.96895050	0.91868045	0.00000000	0.00000000	10.00000000	0.00000000	0.00000000
S3	f	0.35106039	0.33671772	0.00000000	0.00000000	10.00000000	0.00000000	0.00000000
S4	f	0.13520890	0.64048792	0.00000000	0.00000000	10.00000000	0.00000000	0.00000000
S5	f	0.58055591	0.29831615	0.00000000	0.00000000	10.00000000	0.00000000	0.00000000
S6	f	0.61273848	0.21740862	0.00000000	0.00000000	10.00000000	0.00000000	0.00000000
S7	f	0.71187330	0.30942334	0.00000000	0.00000000	10.00000000	0.00000000	0.00000000
S8	f	0.64595097	0.92723121	0.00000000	0.00000000	10.00000000	0.00000000	0.00000000
S9	f	0.84786243	0.48606082	0.00000000	0.00000000	10.00000000	0.00000000	0.00000000
C1	c	0.89652728	0.36850428	0.06095325	0.00000000	8.00000000	0.02839664	0.00000000
C2	c	0.87736389	0.28875112	0.13113130	0.06000000	8.06000000	0.01911606	0.00000000
C3	c	0.92493291	0.33832326	0.14131801	0.12000000	8.12000000	0.01485182	0.00000000
C4	c	0.96636420	0.34631815	0.14912210	0.18000000	8.18000000	0.02051886	0.00000000
C5	c	0.97422929	0.25243167	0.02374832	0.24000000	8.24000000	0.02450282	0.00000000
C6	c	1.00000000	0.38073850	0.15928699	0.30000000	8.30000000	0.01258185	0.00000000
C7	c	0.04466951	0.75448487	0.07511505	0.36000000	8.36000000	0.02243035	0.00000000
C8	c	0.08566539	0.70952334	0.06619091	0.42000000	8.42000000	0.01270224	0.00000000
C9	c	0.10062894	0.67823564	0.06494291	0.48000000	8.48000000	0.02711907	0.00000000
C10	c	0.06779754	0.72590066	0.05851701	0.54000000	8.54000000	0.01590749	0.00000000
C11	c	0.08772886	0.66525393	0.15766064	0.60000000	8.60000000	0.01742173	0.00000000
C12	c	0.01264488	0.59167984	0.15616338	0.66000000	8.66000000	0.02220331	0.00000000
C13	c	0.19979918	0.73016828	0.07779757	0.72000000	8.72000000	0.01660579	0.00000000
C14	c	0.27203239	0.76484202	0.01710969	0.78000000	8.78000000	0.01440014	0.00000000
C15	c	0.30161612	0.61449071	0.01988696	0.84000000	8.84000000	0.02302693	0.00000000
C16	c	0.24177850	0.72094902	0.15662363	0.90000000	8.90000000	0.01242908	0.00000000
C17	c	0.20254439	0.65031379	0.13416663	0.96000000	8.96000000	0.02424070	0.00000000
C18	c	0.71070314	0.63598071	0.03206759	1.02000000	9.02000000	0.02827686	0.00000000
C19	c	0.70366249	0.76901753	0.04106334	1.08000000	9.08000000	0.01111040	0.00000000
C20	c	0.79555865	0.55049057	0.07862630	1.14000000	9.14000000	0.01222924	0.00000000
C21	c	0.82466757	0.54123610	0.03605677	1.20000000	9.20000000	0.01705899	0.00000000
C22	c	0.81084193	0.60613145	0.08480036	1.26000000	9.26000000	0.02188427	0.00000000
C23	c	0.71271950	0.62610063	0.17462694	1.32000000	9.32000000	0.02646208	0.00000000
C24	c	0.78865126	0.58395499	0.06383043	1.38000000	9.38000000	0.02014743	0.00000000
C25	c	0.71078013	0.60401063	0.07090586	1.44000000	9.44000000	0.01189975	0.00000000
C26	c	0.74780572	0.66350856	0.09396271	1.50000000	9.50000000	0.02702322	0.00000000
C27	c	0.57730159	0.93308794	0.06600587	1.56000000	9.56000000	0.02417033	0.00000000
C28	c	0.72532419	0.92560827	0.03271097	1.62000000	9.62000000	0.01779599	0.00000000
C29	c	0.64283132	0.77180845	0.13643346	1.68000000	9.68000000	0.02795650	0.00000000
C30	c	0.71508058	0.88030907	0.13444024	1.74000000	9.74000000	0.01714263	0.00000000
C31	c	0.61985568	0.82427296	0.08715075	1.80000000	9.80000000	0.02305624	0.00000000
C32	c	0.57947439	0.92364919	0.07847771	1.86000000	9.86000000	0.01456309	0.00000000
C33	c	0.75807386	0.85216359	0.06221071	1.92000000	9.92000000	0.02593876	0.00000000
C34	c	0.65930116	0.86555797	0.15871893	1.98000000	9.98000000	0.01321969	0.00000000
C35	c	0.87921903	0.92621185	0.16604683	2.00000000	10.00000000	0.02634966	0.00000000
C36	c	0.86804779	0.90694302	0.14971798	2.00000000	10.00000000	0.01086337	0.00000000
C37	c	1.00000000	0.98663621	0.09008601	2.00000000	10.00000000	0.01979944	0.00000000
C38	c	0.93596170	0.89304754	0.08050813	2.00000000	10.00000000	0.02288155	0.00000000
C39	c	0.95771695	0.82376328	0.12097068	2.00000000	10.00000000	0.01088624	0.00000000
C40	c	0.90865983	0.96204351	0.01807704	2.00000000	10.00000000	0.01876969	0.00000000
C41	c	1.00000000	0.83880056	0.01763274	2.00000000	10.00000000	0.02157270	0.00000000
C42	c	0.92168416	0.02000792	0.02420138	2.00000000	10.00000000	0.01909863	0.00000000
C43	c	0.90750642	0.09103437	0.04958615	2.00000000	10.00000000	0.02132879	0.00000000
C44	c	0.92276231	0.24548647	0.12675305	2.00000000	10.00000000	0.01214183	0.00000000
C45	c	0.92393430	0.09581118	0.03977133	2.00000000	10.00000000	0.01457490	0.00000000
C46	c	0.94156942	0.14670766	0.17587581	2.00000000	10.00000000	0.01555571	0.00000000
C47	c	0.96132643	0.02942839	0.11620954	2.00000000	10.00000000	0.02608512	0.00000000
C48	c	0.90012412	0.12129917	0.01745097	2.00000000	10.00000000	0.01039325	0.00000000
C49	c	0.87024577	0.11258810	0.10037833	2.00000000	10.00000000	0.01737997	0.00000000
C50	c	0.88209596	0.07588423	0.12491072	2.00000000	10.00000000	0.01840285	0.00000000

Q Vehicle fuel tank capacity /0.40000000/
C Vehicle load capacity /1.50000000/
r fuel consumption rate /0.25000000/
g inverse refueling rate /1.00000000/
v average Velocity /1.00000000/
