StringID	Type	x	y	demand	ReadyTime	DueDate	ServiceTime	altitude
D0	d	0.50000000	0.50000000	0.00000000	0.00000000	10.00000000	0.00000000	0.00000000
S0	f	0.10962235	0.08767220	0.00000000	0.00000000	10.00000000	0.00000000	0.00000000
S1	f	0.03516366	0.49437556	0.00000000	0.00000000	10.00000000	0.00000000	0.00000000
S2	f	0.68765744	0.14547140	0.00000000	0.00000000	10.00000000	0.00000000	0.00000000
S3	f	0.70782776	0.46828844	0.00000000	0.00000000	10.00000000	0.00000000	0.00000000
S4	f	0.95284304	0.11929779	0.00000000	0.00000000	10.00000000	0.00000000	0.00000000
S5	f	0.22121932	0.07659098	0.00000000	0.00000000	10.00000000	0.00000000	0.00000000
C1	c	0.32511067	0.85180204	0.11572482	0.00000000	8.00000000	0.01708647	0.00000000
C2	c	0.40212428	0.84823422	0.22867019	0.10000000	8.10000000	0.02025948	0.00000000
C3	c	0.31805377	0.94605930	0.24932077	0.20000000	8.20000000	0.01242374	0.00000000
C4	c	0.46221894	0.29416133	0.23369714	0.30000000	8.30000000	0.02375603	0.00000000
C5	c	0.46606747	0.37230461	0.23942835	0.40000000	8.40000000	0.01112369	0.00000000
C6	c	0.40790373	0.40334907	0.12900117	0.50000000	8.50000000	0.02910634	0.00000000
C7	c	0.47786176	0.31533414	0.24288636	0.60000000	8.60000000	0.01352892	0.00000000
C8	c	0.76055238	0.26504163	0.09186549	0.70000000	8.70000000	0.01394829	0.00000000
C9	c	0.88949031	0.37156518	0.02990638	0.80000000	8.80000000	0.02025136	0.00000000
C10	c	0.79503515	0.43262831	0.08625704	0.90000000	8.90000000	0.02286112	0.00000000
C11	c	0.84721464	0.42694151	0.07741045	1.00000000	9.00000000	0.02139146	0.00000000
C12	c	0.50259640	0.23618301	0.02076502	1.10000000	9.10000000	0.02401806	0.00000000
C13	c	0.55131142	0.25343279	0.08053802	1.20000000	9.20000000	0.01388852	0.00000000
C14	c	0.48956385	0.29448306	0.16189602	1.30000000	9.30000000	0.02516183	0.00000000
C15	c	0.46693079	0.14143179	0.13186297	1.40000000	9.40000000	0.01524012	0.00000000
C16	c	0.49210795	0.16097190	0.25434852	1.50000000	9.50000000	0.01846880	0.00000000
C17	c	0.55535015	0.21293856	0.08053331	1.60000000	9.60000000	0.01574485	0.00000000
C18	c	0.61781153	0.21648261	0.16400238	1.70000000	9.70000000	0.02509465	0.00000000
C19	c	0.46469827	0.20721573	0.07935436	1.80000000	9.80000000	0.01356298	0.00000000
C20	c	0.57111523	0.12719806	0.09332531	1.90000000	9.90000000	0.01168676	0.00000000
C21	c	0.14104591	0.89409810	0.26595842	2.00000000	10.00000000	0.02950335	0.00000000
C22	c	0.10167772	0.92846505	0.25434007	2.00000000	10.00000000	0.01200031	0.00000000
C23	c	0.11841467	0.94049876	0.15830623	2.00000000	10.00000000	0.02761909	0.00000000
C24	c	0.13380569	0.95881450	0.14513444	2.00000000	10.00000000	0.02694831	0.00000000
C25	c	0.16998083	0.91197531	0.02409230	2.00000000	10.00000000	0.02400751	0.00000000
C26	c	0.19882520	0.90245156	0.07358551	2.00000000	10.00000000	0.01778727	0.00000000
C27	c	0.17486504	0.93307377	0.22675491	2.00000000	10.00000000	0.01215092	0.00000000
C28	c	0.14899080	0.91204991	0.09294481	2.00000000	10.00000000	0.01049329	0.00000000
C29	c	0.12480986	0.94863208	0.20409838	2.00000000	10.00000000	0.01229189	0.00000000
C30	c	0.11475815	0.83989289	0.26399085	2.00000000	10.00000000	0.01306958	0.00000000

Q Vehicle fuel tank capacity /0.40000000/
C Vehicle load capacity /1.50000000/
r fuel consumption rate /0.25000000/
g inverse refueling rate /1.00000000/
v average Velocity /1.00000000/
