StringID	Type	x	y	demand	ReadyTime	DueDate	ServiceTime	altitude
D0	d	0.50000000	0.50000000	0.00000000	0.00000000	10.00000000	0.00000000	0.00000000
S0	f	0.41198697	0.20497555	0.00000000	0.00000000	10.00000000	0.00000000	0.00000000
S1	f	0.39788932	0.37799330	0.00000000	0.00000000	10.00000000	0.00000000	0.00000000
S2	f	0.12634003	0.79170811	0.00000000	0.00000000	10.00000000	0.00000000	0.00000000
S3	f	0.85316873	0.04420059	0.00000000	0.00000000	10.00000000	0.00000000	0.00000000
S4	f	0.99765029	0.53235644	0.00000000	0.00000000	10.00000000	0.00000000	0.00000000
S5	f	0.86300925	0.83641115	0.00000000	0.00000000	10.00000000	0.00000000	0.00000000
C1	c	0.83908967	0.17727150	0.26406113	0.00000000	8.00000000	0.02381008	0.00000000
C2	c	0.89067456	0.13080042	0.12695386	0.10000000	8.10000000	0.02234309	0.00000000
C3	c	0.99633142	0.19600543	0.21327468	0.20000000	8.20000000	0.02219914	0.00000000
C4	c	0.90980385	0.10804471	0.11629853	0.30000000	8.30000000	0.01925549	0.00000000
C5	c	0.16060603	0.62291042	0.08876821	0.40000000	8.40000000	0.01974162	0.00000000
C6	c	0.14846617	0.63740007	0.15368129	0.50000000	8.50000000	0.01951386	0.00000000
C7	c	0.40133765	0.14433947	0.11523991	0.60000000	8.60000000	0.02771855	0.00000000
C8	c	0.49615940	0.10734528	0.17768678	0.70000000	8.70000000	0.01413930	0.00000000
C9	c	0.31789151	0.19116936	0.17361693	0.80000000	8.80000000	0.01477487	0.00000000
C10	c	0.42340910	0.24499619	0.14066026	0.90000000	8.90000000	0.01366003	0.00000000
C11	c	0.47599656	0.19555256	0.15286909	1.00000000	9.00000000	0.01493731	0.00000000
C12	c	0.35045884	0.22077273	0.27083035	1.10000000	9.10000000	0.02006433	0.00000000
C13	c	0.37112140	0.17073461	0.20327783	1.20000000	9.20000000	0.01059882	0.00000000
C14	c	0.88762570	0.68253997	0.26471240	1.30000000	9.30000000	0.01191620	0.00000000
C15	c	0.78552275	0.74422667	0.24073211	1.40000000	9.40000000	0.02920487	0.00000000
C16	c	0.78794515	0.61808336	0.25650790	1.50000000	9.50000000	0.02087681	0.00000000
C17	c	0.74079171	0.58882292	0.11382900	1.60000000	9.60000000	0.01998625	0.00000000
C18	c	0.79532490	0.69284184	0.05700868	1.70000000	9.70000000	0.02470819	0.00000000
C19	c	0.84308457	0.61835991	0.09991324	1.80000000	9.80000000	0.01907077	0.00000000
C20	c	0.88223590	0.72578744	0.09444869	1.90000000	9.90000000	0.01799561	0.00000000
C21	c	0.89832168	0.73670108	0.27356525	2.00000000	10.00000000	0.02761121	0.00000000
C22	c	0.18088345	0.09397463	0.02117067	2.00000000	10.00000000	0.02879600	0.00000000
C23	c	0.12129058	0.01423343	0.04109629	2.00000000	10.00000000	0.02319672	0.00000000
C24	c	0.21979658	0.04724898	0.07423425	2.00000000	10.00000000	0.02754691	0.00000000
C25	c	0.19157683	0.12176176	0.09436755	2.00000000	10.00000000	0.01512407	0.00000000
C26	c	0.23275854	0.02061567	0.26263545	2.00000000	10.00000000	0.02651620	0.00000000
C27	c	0.10477162	0.13506260	0.03524180	2.00000000	10.00000000	0.02371370	0.00000000
C28	c	0.26411976	0.06822459	0.16625554	2.00000000	10.00000000	0.01223194	0.00000000
C29	c	0.17318887	0.07473859	0.12186442	2.00000000	10.00000000	0.02725130	0.00000000
C30	c	0.15817483	0.04467021	0.08519792	2.00000000	10.00000000	0.02071924	0.00000000

Q Vehicle fuel tank capacity /0.40000000/
C Vehicle load capacity /1.50000000/
r fuel consumption rate /0.25000000/
g inverse refueling rate /1.00000000/
v average Velocity /1.00000000/
