StringID	Type	x	y	demand	ReadyTime	DueDate	ServiceTime	altitude
D0	d	0.50000000	0.50000000	0.00000000	0.00000000	10.00000000	0.00000000	0.00000000
S0	f	0.56582547	0.77250934	0.00000000	0.00000000	10.00000000	0.00000000	0.00000000
S1	f	0.10087676	0.82953230	0.00000000	0.00000000	10.00000000	0.00000000	0.00000000
S2	f	0.88246391	0.34789934	0.00000000	0.00000000	10.00000000	0.00000000	0.00000000
S3	f	0.74284102	0.55994047	0.00000000	0.00000000	10.00000000	0.00000000	0.00000000
S4	f	0.74455009	0.31081860	0.00000000	0.00000000	10.00000000	0.00000000	0.00000000
S5	f	0.67511441	0.61169890	0.00000000	0.00000000	10.00000000	0.00000000	0.00000000
S6	f	0.31960397	0.66065608	0.00000000	0.00000000	10.00000000	0.00000000	0.00000000
S7	f	0.76139377	0.37518117	0.00000000	0.00000000	10.00000000	0.00000000	0.00000000
S8	f	0.05387248	0.01889358	0.00000000	0.00000000	10.00000000	0.00000000	0.00000000
S9	f	0.27594674	0.12566179	0.00000000	0.00000000	10.00000000	0.00000000	0.00000000
C1	c	0.34877296	0.92790413	0.10531074	0.00000000	8.00000000	0.01158317	0.00000000
C2	c	0.32328722	0.89319142	0.03160203	0.06000000	8.06000000	0.02850705	0.00000000
C3	c	0.41881379	0.94277569	0.07921908	0.12000000	8.12000000	0.01530712	0.00000000
C4	c	0.37038427	0.86295692	0.03801060	0.18000000	8.18000000	0.01646446	0.00000000
C5	c	0.36573280	0.85468710	0.03813871	0.24000000	8.24000000	0.02929352	0.00000000
C6	c	0.38144545	0.86777651	0.13022237	0.30000000	8.30000000	0.01945968	0.00000000
C7	c	0.35731283	0.87493648	0.07492546	0.36000000	8.36000000	0.01188760	0.00000000
C8	c	0.81454681	0.96968479	0.12561893	0.42000000	8.42000000	0.01461819	0.00000000
C9	c	0.84327078	0.96956329	0.15900053	0.48000000	8.48000000	0.01656491	0.00000000
C10	c	0.77967552	0.93955260	0.01528246	0.54000000	8.54000000	0.01100205	0.00000000
C11	c	0.77909476	1.00000000	0.02872327	0.60000000	8.60000000	0.02888912	0.00000000
C12	c	0.78746600	1.00000000	0.11853239	0.66000000	8.66000000	0.01693224	0.00000000
C13	c	0.76648094	0.94912224	0.15852252	0.72000000	8.72000000	0.01339775	0.00000000
C14	c	0.86530810	0.98057241	0.16143820	0.78000000	8.78000000	0.02033047	0.00000000
C15	c	0.00000000	0.92502993	0.11054303	0.84000000	8.84000000	0.01036005	0.00000000
C16	c	0.04001300	0.87912035	0.09357182	0.90000000	8.90000000	0.01058613	0.00000000
C17	c	0.00000000	0.84168006	0.06314410	0.96000000	8.96000000	0.01263969	0.00000000
C18	c	0.00000000	0.88696315	0.11970825	1.02000000	9.02000000	0.01462939	0.00000000
C19	c	0.69110858	0.10086628	0.07825746	1.08000000	9.08000000	0.01967650	0.00000000
C20	c	0.67853521	0.08386285	0.02140866	1.14000000	9.14000000	0.02820847	0.00000000
C21	c	0.70935250	0.20228922	0.15590314	1.20000000	9.20000000	0.02196308	0.00000000
C22	c	0.75161540	0.14042255	0.01969378	1.26000000	9.26000000	0.01836531	0.00000000
C23	c	0.70366858	0.13666688	0.15668109	1.32000000	9.32000000	0.02949150	0.00000000
C24	c	0.60024118	0.12067503	0.06545404	1.38000000	9.38000000	0.01130595	0.00000000
C25	c	0.69160782	0.10579997	0.08328153	1.44000000	9.44000000	0.02656801	0.00000000
C26	c	0.64608055	0.16407442	0.08548179	1.50000000	9.50000000	0.01936295	0.00000000
C27	c	0.64461881	0.14526644	0.14381369	1.56000000	9.56000000	0.02067306	0.00000000
C28	c	0.69222701	0.11648198	0.01438276	1.62000000	9.62000000	0.02202465	0.00000000
C29	c	1.00000000	0.12883556	0.10064786	1.68000000	9.68000000	0.01021209	0.00000000
C30	c	1.00000000	0.13369327	0.09344040	1.74000000	9.74000000	0.02156601	0.00000000
C31	c	0.97436545	0.21536242	0.11151163	1.80000000	9.80000000	0.01307806	0.00000000
C32	c	1.00000000	0.04104297	0.01824799	1.86000000	9.86000000	0.01995892	0.00000000
C33	c	0.93942415	0.18408223	0.11519484	1.92000000	9.92000000	0.02027265	0.00000000
C34	c	0.96997902	0.13901148	0.05543706	1.98000000	9.98000000	0.02885639	0.00000000
C35	c	1.00000000	0.19634628	0.14995287	2.00000000	10.00000000	0.01491461	0.00000000
C36	c	1.00000000	0.19392097	0.13677093	2.00000000	10.00000000	0.02575396	0.00000000
C37	c	0.91885671	0.08642230	0.07875746	2.00000000	10.00000000	0.02953028	0.00000000
C38	c	1.00000000	0.16821965	0.05986594	2.00000000	10.00000000	0.01392620	0.00000000
C39	c	0.81070877	0.62545171	0.03273027	2.00000000	10.00000000	0.01231267	0.00000000
C40	c	0.86574122	0.64367612	0.13939502	2.00000000	10.00000000	0.02420005	0.00000000
C41	c	0.83204406	0.65190016	0.02090986	2.00000000	10.00000000	0.02543055	0.00000000
C42	c	0.82467536	0.71653181	0.12633288	2.00000000	10.00000000	0.01451304	0.00000000
C43	c	0.83319847	0.58957900	0.03220805	2.00000000	10.00000000	0.01385041	0.00000000
C44	c	0.55104266	0.70469288	0.03922223	2.00000000	10.00000000	0.01142863	0.00000000
C45	c	0.54229281	0.71608337	0.07216412	2.00000000	10.00000000	0.01355202	0.00000000
C46	c	0.50292321	0.75238701	0.14050173	2.00000000	10.00000000	0.02027397	0.00000000
C47	c	0.66283611	0.76588131	0.16497850	2.00000000	10.00000000	0.02913646	0.00000000
C48	c	0.60634074	0.78509512	0.06267404	2.00000000	10.00000000	0.02508762	0.00000000
C49	c	0.49527831	0.76598129	0.12794697	2.00000000	10.00000000	0.01347928	0.00000000
C50	c	0.58791582	0.83366447	0.14523696	2.00000000	10.00000000	0.01962652	0.00000000

Q Vehicle fuel tank capacity /0.40000000/
C Vehicle load capacity /1.50000000/
r fuel consumption rate /0.25000000/
g inverse refueling rate /1.00000000/
v average Velocity /1.00000000/
