StringID	Type	x	y	demand	ReadyTime	DueDate	ServiceTime	altitude
D0	d	0.50000000	0.50000000	0.00000000	0.00000000	10.00000000	0.00000000	0.00000000
S0	f	0.82223080	0.36313576	0.00000000	0.00000000	10.00000000	0.00000000	0.00000000
S1	f	0.20568082	0.76087409	0.00000000	0.00000000	10.00000000	0.00000000	0.00000000
S2	f	0.05920515	0.69094256	0.00000000	0.00000000	10.00000000	0.00000000	0.00000000
S3	f	0.19981234	0.05803470	0.00000000	0.00000000	10.00000000	0.00000000	0.00000000
S4	f	0.21534221	0.17099812	0.00000000	0.00000000	10.00000000	0.00000000	0.00000000
S5	f	0.24868555	0.19494227	0.00000000	0.00000000	10.00000000	0.00000000	0.00000000
S6	f	0.04215735	0.53634350	0.00000000	0.00000000	10.00000000	0.00000000	0.00000000
S7	f	0.27239273	0.56858028	0.00000000	0.00000000	10.00000000	0.00000000	0.00000000
S8	f	0.64430576	0.51266839	0.00000000	0.00000000	10.00000000	0.00000000	0.00000000
S9	f	0.81558631	0.80419165	0.00000000	0.00000000	10.00000000	0.00000000	0.00000000
C1	c	0.52711451	0.27042426	0.14027170	0.00000000	8.00000000	0.02883726	0.00000000
C2	c	0.59090620	0.33023495	0.07930813	0.06000000	8.06000000	0.01734504	0.00000000
C3	c	0.52759803	0.22777709	0.08307013	0.12000000	8.12000000	0.01735241	0.00000000
C4	c	0.60009669	0.27400694	0.09453410	0.18000000	8.18000000	0.01125673	0.00000000
C5	c	0.61087461	0.25052768	0.10907740	0.24000000	8.24000000	0.01834738	0.00000000
C6	c	0.10645449	0.42715282	0.13511231	0.30000000	8.30000000	0.02090675	0.00000000
C7	c	0.11351605	0.41657211	0.10444448	0.36000000	8.36000000	0.02312829	0.00000000
C8	c	0.09429617	0.45116887	0.07533999	0.42000000	8.42000000	0.01647399	0.00000000
C9	c	0.10493971	0.33573526	0.12555919	0.48000000	8.48000000	0.02730180	0.00000000
C10	c	0.07880093	0.47447379	0.06945712	0.54000000	8.54000000	0.01528013	0.00000000
C11	c	0.11237773	0.44767804	0.12526139	0.60000000	8.60000000	0.01170961	0.00000000
C12	c	0.09483168	0.52214173	0.04464519	0.66000000	8.66000000	0.02958599	0.00000000
C13	c	0.14978212	0.50437076	0.02349166	0.72000000	8.72000000	0.01360090	0.00000000
C14	c	0.09039406	0.50463787	0.09911835	0.78000000	8.78000000	0.01151850	0.00000000
C15	c	0.82600728	0.47545165	0.10470781	0.84000000	8.84000000	0.01174987	0.00000000
C16	c	0.84508340	0.27627967	0.09580037	0.90000000	8.90000000	0.02000973	0.00000000
C17	c	0.81059386	0.30098880	0.08739602	0.96000000	8.96000000	0.01005828	0.00000000
C18	c	0.84734731	0.39997716	0.08229225	1.02000000	9.02000000	0.01167708	0.00000000
C19	c	0.61465767	0.72120159	0.10626781	1.08000000	9.08000000	0.02693075	0.00000000
C20	c	0.44663487	0.73401550	0.11508107	1.14000000	9.14000000	0.01225387	0.00000000
C21	c	0.55735065	0.69559417	0.10698195	1.20000000	9.20000000	0.01856591	0.00000000
C22	c	0.47206847	0.71163609	0.04401602	1.26000000	9.26000000	0.02521263	0.00000000
C23	c	0.53938732	0.69745054	0.14947056	1.32000000	9.32000000	0.01478615	0.00000000
C24	c	0.48383007	0.70865256	0.11052946	1.38000000	9.38000000	0.02685043	0.00000000
C25	c	0.51469071	0.69499103	0.06394385	1.44000000	9.44000000	0.01748402	0.00000000
C26	c	0.44805690	0.71920639	0.06716431	1.50000000	9.50000000	0.02417798	0.00000000
C27	c	0.53607178	0.69039578	0.10793964	1.56000000	9.56000000	0.02347370	0.00000000
C28	c	0.17707196	0.60558349	0.12177525	1.62000000	9.62000000	0.02517073	0.00000000
C29	c	0.06596962	0.58212209	0.06092920	1.68000000	9.68000000	0.02519321	0.00000000
C30	c	0.14895785	0.61070350	0.08899905	1.74000000	9.74000000	0.01851714	0.00000000
C31	c	0.09458038	0.63565912	0.06703066	1.80000000	9.80000000	0.01651192	0.00000000
C32	c	0.05560148	0.49849224	0.04985388	1.86000000	9.86000000	0.01652122	0.00000000
C33	c	0.17061742	0.60764794	0.09715620	1.92000000	9.92000000	0.01304831	0.00000000
C34	c	0.41367372	0.29278999	0.09611797	1.98000000	9.98000000	0.01148349	0.00000000
C35	c	0.33242355	0.27389030	0.12695216	2.00000000	10.00000000	0.02190272	0.00000000
C36	c	0.38076125	0.34464736	0.01856322	2.00000000	10.00000000	0.01255144	0.00000000
C37	c	0.34615626	0.36398551	0.04416336	2.00000000	10.00000000	0.02706762	0.00000000
C38	c	0.31458267	0.24430565	0.10924062	2.00000000	10.00000000	0.01212100	0.00000000
C39	c	0.42950347	0.18095451	0.01429871	2.00000000	10.00000000	0.01340761	0.00000000
C40	c	0.37657838	0.26140374	0.04993700	2.00000000	10.00000000	0.01119174	0.00000000
C41	c	0.39666956	0.19678136	0.07967087	2.00000000	10.00000000	0.01294506	0.00000000
C42	c	0.43552501	0.26154503	0.13117088	2.00000000	10.00000000	0.02206492	0.00000000
C43	c	0.35052235	0.28788069	0.13167504	2.00000000	10.00000000	0.01525940	0.00000000
C44	c	0.39678602	0.16231936	0.12203996	2.00000000	10.00000000	0.02685029	0.00000000
C45	c	0.43882419	0.18698676	0.06134618	2.00000000	10.00000000	0.01566704	0.00000000
C46	c	0.45354209	0.16622247	0.02311784	2.00000000	10.00000000	0.01441538	0.00000000
C47	c	0.49240379	0.17132484	0.07611714	2.00000000	10.00000000	0.01909186	0.00000000
C48	c	0.50054735	0.24762902	0.10304822	2.00000000	10.00000000	0.01011660	0.00000000
C49	c	0.43141932	0.11869770	0.14156050	2.00000000	10.00000000	0.02633284	0.00000000
C50	c	0.51428690	0.16795943	0.13495386	2.00000000	10.00000000	0.02861950	0.00000000

Q Vehicle fuel tank capacity /0.40000000/
C Vehicle load capacity /1.50000000/
r fuel consumption rate /0.25000000/
g inverse refueling rate /1.00000000/
v average Velocity /1.00000000/
