StringID	Type	x	y	demand	ReadyTime	DueDate	ServiceTime	altitude
D0	d	0.50000000	0.50000000	0.00000000	0.00000000	10.00000000	0.00000000	0.00000000
S0	f	0.75364272	0.02435254	0.00000000	0.00000000	10.00000000	0.00000000	0.00000000
S1	f	0.68014199	0.65980612	0.00000000	0.00000000	10.00000000	0.00000000	0.00000000
S2	f	0.89785473	0.34138555	0.00000000	0.00000000	10.00000000	0.00000000	0.00000000
S3	f	0.84859833	0.75010275	0.00000000	0.00000000	10.00000000	0.00000000	0.00000000
S4	f	0.63589003	0.82268446	0.00000000	0.00000000	10.00000000	0.00000000	0.00000000
S5	f	0.15076092	0.73065348	0.00000000	0.00000000	10.00000000	0.00000000	0.00000000
C1	c	0.66455318	0.40993733	0.01723155	0.00000000	8.00000000	0.01297911	0.00000000
C2	c	0.73291193	0.35540179	0.21708540	0.10000000	8.10000000	0.01396379	0.00000000
C3	c	0.71854743	0.34164318	0.08475259	0.20000000	8.20000000	0.01171269	0.00000000
C4	c	0.74464131	0.36201706	0.01790015	0.30000000	8.30000000	0.01914394	0.00000000
C5	c	0.76303233	0.40751204	0.20478477	0.40000000	8.40000000	0.02438142	0.00000000
C6	c	0.75351986	0.31820349	0.16705387	0.50000000	8.50000000	0.01349106	0.00000000
C7	c	0.83695024	0.35505405	0.10078046	0.60000000	8.60000000	0.02611600	0.00000000
C8	c	0.83170785	0.83062564	0.24693760	0.70000000	8.70000000	0.01405249	0.00000000
C9	c	0.95153557	0.88962704	0.10019861	0.80000000	8.80000000	0.01927951	0.00000000
C10	c	0.86837012	0.96934766	0.16631152	0.90000000	8.90000000	0.02124663	0.00000000
C11	c	0.85198382	0.87115798	0.25346476	1.00000000	9.00000000	0.02227305	0.00000000
C12	c	0.92491349	0.94125219	0.22192249	1.10000000	9.10000000	0.02043976	0.00000000
C13	c	0.89317611	0.84386127	0.21557732	1.20000000	9.20000000	0.01643775	0.00000000
C14	c	0.88760251	0.90944550	0.21383688	1.30000000	9.30000000	0.02125277	0.00000000
C15	c	0.69397002	0.74511866	0.03031035	1.40000000	9.40000000	0.01831014	0.00000000
C16	c	0.76435868	0.75568165	0.24521985	1.50000000	9.50000000	0.02539414	0.00000000
C17	c	0.79469777	0.84682986	0.11442615	1.60000000	9.60000000	0.02530879	0.00000000
C18	c	0.77148382	0.72605925	0.02776888	1.70000000	9.70000000	0.02049609	0.00000000
C19	c	0.81073350	0.73087440	0.20242799	1.80000000	9.80000000	0.01158428	0.00000000
C20	c	0.75619453	0.83043109	0.10240590	1.90000000	9.90000000	0.01237900	0.00000000
C21	c	0.91141780	0.80655881	0.02873486	2.00000000	10.00000000	0.02120448	0.00000000
C22	c	0.76951853	0.80208100	0.20432413	2.00000000	10.00000000	0.02888278	0.00000000
C23	c	0.71489801	0.05130748	0.15718974	2.00000000	10.00000000	0.02782363	0.00000000
C24	c	0.69207724	0.01407199	0.05702123	2.00000000	10.00000000	0.02111951	0.00000000
C25	c	0.70320702	0.00000000	0.24165838	2.00000000	10.00000000	0.01536851	0.00000000
C26	c	0.26836726	0.08108260	0.13978052	2.00000000	10.00000000	0.02965778	0.00000000
C27	c	0.25061024	0.06319728	0.22827404	2.00000000	10.00000000	0.01157874	0.00000000
C28	c	0.30726096	0.12995412	0.09945396	2.00000000	10.00000000	0.02008616	0.00000000
C29	c	0.23843277	0.03478341	0.21036420	2.00000000	10.00000000	0.02119708	0.00000000
C30	c	0.24296953	0.07783957	0.18280185	2.00000000	10.00000000	0.02868986	0.00000000

Q Vehicle fuel tank capacity /0.40000000/
C Vehicle load capacity /1.50000000/
r fuel consumption rate /0.25000000/
g inverse refueling rate /1.00000000/
v average Velocity /1.00000000/
