StringID	Type	x	y	demand	ReadyTime	DueDate	ServiceTime	altitude
D0	d	0.50000000	0.50000000	0.00000000	0.00000000	10.00000000	0.00000000	0.00000000
S0	f	0.92720747	0.33706203	0.00000000	0.00000000	10.00000000	0.00000000	0.00000000
S1	f	0.31276715	0.27573614	0.00000000	0.00000000	10.00000000	0.00000000	0.00000000
S2	f	0.31346960	0.99377127	0.00000000	0.00000000	10.00000000	0.00000000	0.00000000
S3	f	0.67269020	0.02981145	0.00000000	0.00000000	10.00000000	0.00000000	0.00000000
S4	f	0.81172478	0.93996792	0.00000000	0.00000000	10.00000000	0.00000000	0.00000000
S5	f	0.63341555	0.18293307	0.00000000	0.00000000	10.00000000	0.00000000	0.00000000
C1	c	0.88854408	0.29754103	0.19389031	0.00000000	8.00000000	0.01375890	0.00000000
C2	c	0.86817854	0.25199377	0.09136275	0.10000000	8.10000000	0.02866452	0.00000000
C3	c	0.85081512	0.26832760	0.26590723	0.20000000	8.20000000	0.02568547	0.00000000
C4	c	0.90566664	0.29951405	0.03837384	0.30000000	8.30000000	0.02899438	0.00000000
C5	c	0.93700498	0.26477675	0.12570910	0.40000000	8.40000000	0.02363538	0.00000000
C6	c	0.99672016	0.37366747	0.05680121	0.50000000	8.50000000	0.01985564	0.00000000
C7	c	0.95366669	0.36873415	0.02597588	0.60000000	8.60000000	0.02483399	0.00000000
C8	c	0.91266654	0.26388290	0.10344619	0.70000000	8.70000000	0.01260133	0.00000000
C9	c	1.00000000	0.38330298	0.17365328	0.80000000	8.80000000	0.01751359	0.00000000
C10	c	0.84670055	0.37015161	0.27045560	0.90000000	8.90000000	0.02470826	0.00000000
C11	c	0.96437186	0.00000000	0.22506009	1.00000000	9.00000000	0.01022607	0.00000000
C12	c	1.00000000	0.05892725	0.15521259	1.10000000	9.10000000	0.01109978	0.00000000
C13	c	0.95696859	0.00000000	0.19967168	1.20000000	9.20000000	0.02520193	0.00000000
C14	c	1.00000000	0.00130875	0.14431242	1.30000000	9.30000000	0.02736660	0.00000000
C15	c	0.95016605	0.06163773	0.18678878	1.40000000	9.40000000	0.02672809	0.00000000
C16	c	1.00000000	0.03364843	0.11236428	1.50000000	9.50000000	0.01225220	0.00000000
C17	c	0.78182468	0.19111185	0.18700759	1.60000000	9.60000000	0.01747111	0.00000000
C18	c	0.70859971	0.08512803	0.17509508	1.70000000	9.70000000	0.01363127	0.00000000
C19	c	0.71295923	0.15710985	0.25908656	1.80000000	9.80000000	0.02016280	0.00000000
C20	c	0.71083386	0.11724053	0.08332922	1.90000000	9.90000000	0.01448098	0.00000000
C21	c	0.77232215	0.20160934	0.15832541	2.00000000	10.00000000	0.02528373	0.00000000
C22	c	0.71853297	0.09642041	0.04920646	2.00000000	10.00000000	0.02121146	0.00000000
C23	c	0.85276968	0.16368425	0.25151247	2.00000000	10.00000000	0.01482471	0.00000000
C24	c	0.74927369	0.24980723	0.04493159	2.00000000	10.00000000	0.02929957	0.00000000
C25	c	0.76068818	0.12367033	0.16379887	2.00000000	10.00000000	0.01781901	0.00000000
C26	c	0.75450306	0.02176162	0.08803376	2.00000000	10.00000000	0.01274749	0.00000000
C27	c	0.73601495	0.19542161	0.12868364	2.00000000	10.00000000	0.01976282	0.00000000
C28	c	0.68337830	0.14553867	0.23574911	2.00000000	10.00000000	0.02113478	0.00000000
C29	c	0.96554573	0.57212941	0.15910748	2.00000000	10.00000000	0.01639825	0.00000000
C30	c	0.93589548	0.52928089	0.14714751	2.00000000	10.00000000	0.02329528	0.00000000

Q Vehicle fuel tank capacity /0.40000000/
C Vehicle load capacity /1.50000000/
r fuel consumption rate /0.25000000/
g inverse refueling rate /1.00000000/
v average Velocity /1.00000000/
