StringID	Type	x	y	demand	ReadyTime	DueDate	ServiceTime	altitude
D0	d	0.50000000	0.50000000	0.00000000	0.00000000	10.00000000	0.00000000	0.00000000
S0	f	0.02011906	0.23259252	0.00000000	0.00000000	10.00000000	0.00000000	0.00000000
S1	f	0.57421685	0.26649929	0.00000000	0.00000000	10.00000000	0.00000000	0.00000000
S2	f	0.45793497	0.93111181	0.00000000	0.00000000	10.00000000	0.00000000	0.00000000
S3	f	0.41558645	0.99283398	0.00000000	0.00000000	10.00000000	0.00000000	0.00000000
S4	f	0.98746027	0.34755533	0.00000000	0.00000000	10.00000000	0.00000000	0.00000000
S5	f	0.17236890	0.58945673	0.00000000	0.00000000	10.00000000	0.00000000	0.00000000
S6	f	0.61626014	0.01698482	0.00000000	0.00000000	10.00000000	0.00000000	0.00000000
S7	f	0.59673798	0.89710154	0.00000000	0.00000000	10.00000000	0.00000000	0.00000000
S8	f	0.45547268	0.88083152	0.00000000	0.00000000	10.00000000	0.00000000	0.00000000
S9	f	0.32631992	0.99497820	0.00000000	0.00000000	10.00000000	0.00000000	0.00000000
C1	c	0.97594493	0.06944548	0.16858297	0.00000000	8.00000000	0.02740928	0.00000000
C2	c	0.97959290	0.14669667	0.16441873	0.06000000	8.06000000	0.01761038	0.00000000
C3	c	1.00000000	0.17321714	0.14146953	0.12000000	8.12000000	0.02074317	0.00000000
C4	c	0.98938892	0.17435488	0.11444325	0.18000000	8.18000000	0.02333154	0.00000000
C5	c	0.91033490	0.06442372	0.16195176	0.24000000	8.24000000	0.02987453	0.00000000
C6	c	0.95165493	0.05666169	0.12342675	0.30000000	8.30000000	0.02707948	0.00000000
C7	c	1.00000000	0.12107727	0.05347341	0.36000000	8.36000000	0.01267757	0.00000000
C8	c	0.40571359	0.68586179	0.04836984	0.42000000	8.42000000	0.02005129	0.00000000
C9	c	0.40154789	0.76183882	0.02502317	0.48000000	8.48000000	0.02818463	0.00000000
C10	c	0.39319565	0.70513592	0.07170234	0.54000000	8.54000000	0.01870270	0.00000000
C11	c	0.43636779	0.80527237	0.11805305	0.60000000	8.60000000	0.02442186	0.00000000
C12	c	0.47706550	0.70411510	0.07417889	0.66000000	8.66000000	0.02934147	0.00000000
C13	c	0.45482603	0.62287712	0.06867102	0.72000000	8.72000000	0.02912178	0.00000000
C14	c	0.82084435	0.85409523	0.15710909	0.78000000	8.78000000	0.01719206	0.00000000
C15	c	0.90827825	0.82312710	0.15269349	0.84000000	8.84000000	0.01478297	0.00000000
C16	c	1.00000000	0.82010196	0.08383888	0.90000000	8.90000000	0.01767391	0.00000000
C17	c	0.81502476	0.85796310	0.12298377	0.96000000	8.96000000	0.01685423	0.00000000
C18	c	0.94884091	0.84885923	0.01657623	1.02000000	9.02000000	0.02620056	0.00000000
C19	c	0.81505342	0.88947641	0.13458933	1.08000000	9.08000000	0.01650475	0.00000000
C20	c	0.94358192	0.86092267	0.02677522	1.14000000	9.14000000	0.01658480	0.00000000
C21	c	0.03777281	0.54065659	0.11953832	1.20000000	9.20000000	0.02147806	0.00000000
C22	c	0.09581027	0.53127012	0.05808196	1.26000000	9.26000000	0.01335693	0.00000000
C23	c	0.00000000	0.52064897	0.07999612	1.32000000	9.32000000	0.02836344	0.00000000
C24	c	0.04176501	0.54961982	0.11552176	1.38000000	9.38000000	0.01035599	0.00000000
C25	c	0.00000000	0.53773698	0.02868370	1.44000000	9.44000000	0.01677478	0.00000000
C26	c	0.00000000	0.46444983	0.12100416	1.50000000	9.50000000	0.01040083	0.00000000
C27	c	0.00000000	0.51366258	0.01882326	1.56000000	9.56000000	0.01277593	0.00000000
C28	c	0.00000000	0.62343444	0.12476806	1.62000000	9.62000000	0.01350120	0.00000000
C29	c	0.02376015	0.55867968	0.06073301	1.68000000	9.68000000	0.02805608	0.00000000
C30	c	0.01898242	0.56430824	0.08319385	1.74000000	9.74000000	0.02914888	0.00000000
C31	c	0.08787223	0.49238622	0.11506489	1.80000000	9.80000000	0.02029633	0.00000000
C32	c	0.00000000	0.79666187	0.11327655	1.86000000	9.86000000	0.01458615	0.00000000
C33	c	0.06865858	0.90694487	0.03960367	1.92000000	9.92000000	0.01683848	0.00000000
C34	c	0.11210432	0.84336792	0.01436252	1.98000000	9.98000000	0.02770857	0.00000000
C35	c	0.05471371	0.86891447	0.02700472	2.00000000	10.00000000	0.02500610	0.00000000
C36	c	0.00000000	0.79949542	0.16937090	2.00000000	10.00000000	0.01568294	0.00000000
C37	c	0.02036343	0.85009030	0.14408273	2.00000000	10.00000000	0.01906587	0.00000000
C38	c	0.46321415	0.83365916	0.02342787	2.00000000	10.00000000	0.02435315	0.00000000
C39	c	0.64928257	0.88641517	0.03141939	2.00000000	10.00000000	0.01954366	0.00000000
C40	c	0.45766770	0.71998363	0.15367855	2.00000000	10.00000000	0.01717350	0.00000000
C41	c	0.59995167	0.76912901	0.03604557	2.00000000	10.00000000	0.02799392	0.00000000
C42	c	0.53616956	0.75305184	0.06222884	2.00000000	10.00000000	0.01162750	0.00000000
C43	c	0.41902351	0.80512719	0.07392795	2.00000000	10.00000000	0.02758975	0.00000000
C44	c	0.54156759	0.82084223	0.07978258	2.00000000	10.00000000	0.02943217	0.00000000
C45	c	0.47303400	0.76632830	0.15617570	2.00000000	10.00000000	0.01895229	0.00000000
C46	c	0.55059550	0.78843578	0.14708435	2.00000000	10.00000000	0.02934136	0.00000000
C47	c	0.49365483	0.81785483	0.06983775	2.00000000	10.00000000	0.02450890	0.00000000
C48	c	0.50582504	0.73802313	0.02816445	2.00000000	10.00000000	0.01995444	0.00000000
C49	c	0.00994211	0.35502339	0.08691107	2.00000000	10.00000000	0.02231951	0.00000000
C50	c	0.09600289	0.23966470	0.08987501	2.00000000	10.00000000	0.02031164	0.00000000

Q Vehicle fuel tank capacity /0.40000000/
C Vehicle load capacity /1.50000000/
r fuel consumption rate /0.25000000/
g inverse refueling rate /1.00000000/
v average Velocity /1.00000000/
