StringID	Type	x	y	demand	ReadyTime	DueDate	ServiceTime	altitude
D0	d	0.50000000	0.50000000	0.00000000	0.00000000	10.00000000	0.00000000	0.00000000
S0	f	0.88313087	0.23555685	0.00000000	0.00000000	10.00000000	0.00000000	0.00000000
S1	f	0.16823390	0.91577502	0.00000000	0.00000000	10.00000000	0.00000000	0.00000000
S2	f	0.97571031	0.86123347	0.00000000	0.00000000	10.00000000	0.00000000	0.00000000
S3	f	0.21065019	0.78347906	0.00000000	0.00000000	10.00000000	0.00000000	0.00000000
S4	f	0.29940375	0.47305501	0.00000000	0.00000000	10.00000000	0.00000000	0.00000000
S5	f	0.34967275	0.00096420	0.00000000	0.00000000	10.00000000	0.00000000	0.00000000
C1	c	0.93319437	0.26038510	0.08353959	0.00000000	8.00000000	0.01614910	0.00000000
C2	c	0.89815897	0.28549372	0.29490950	0.10000000	8.10000000	0.02260692	0.00000000
C3	c	0.83624530	0.23579477	0.18970937	0.20000000	8.20000000	0.01049468	0.00000000
C4	c	0.90959096	0.29967433	0.13709266	0.30000000	8.30000000	0.02149518	0.00000000
C5	c	0.18413119	0.11858273	0.14646314	0.40000000	8.40000000	0.02697640	0.00000000
C6	c	0.21596996	0.15005335	0.19144669	0.50000000	8.50000000	0.01284218	0.00000000
C7	c	0.28223251	0.20665706	0.09152328	0.60000000	8.60000000	0.01575012	0.00000000
C8	c	0.27874434	0.09557368	0.09010360	0.70000000	8.70000000	0.02981713	0.00000000
C9	c	0.28663894	0.12487738	0.05728578	0.80000000	8.80000000	0.01979107	0.00000000
C10	c	0.24344954	0.07519143	0.16889291	0.90000000	8.90000000	0.02802017	0.00000000
C11	c	0.24048624	0.08887190	0.05282477	1.00000000	9.00000000	0.02181714	0.00000000
C12	c	0.27690392	0.05485158	0.19779917	1.10000000	9.10000000	0.02760657	0.00000000
C13	c	0.33601353	0.05580790	0.16262824	1.20000000	9.20000000	0.01634999	0.00000000
C14	c	0.27374386	0.04874339	0.28692748	1.30000000	9.30000000	0.01168087	0.00000000
C15	c	0.05303530	0.15410130	0.06498825	1.40000000	9.40000000	0.01233086	0.00000000
C16	c	0.13130804	0.07654377	0.24254335	1.50000000	9.50000000	0.02772004	0.00000000
C17	c	0.10352413	0.04950482	0.07349985	1.60000000	9.60000000	0.01318448	0.00000000
C18	c	0.18256807	0.09626822	0.09748090	1.70000000	9.70000000	0.01842737	0.00000000
C19	c	0.07394730	0.16097544	0.19869933	1.80000000	9.80000000	0.01534778	0.00000000
C20	c	0.11707593	0.10124683	0.04376082	1.90000000	9.90000000	0.01156518	0.00000000
C21	c	0.06592637	0.15958775	0.25657063	2.00000000	10.00000000	0.02987994	0.00000000
C22	c	0.02910372	0.11432971	0.04011636	2.00000000	10.00000000	0.02472600	0.00000000
C23	c	0.13002192	0.09627406	0.24035391	2.00000000	10.00000000	0.02217591	0.00000000
C24	c	0.13905117	0.40848266	0.30015558	2.00000000	10.00000000	0.01907763	0.00000000
C25	c	0.24511932	0.45802356	0.28539900	2.00000000	10.00000000	0.02416586	0.00000000
C26	c	0.18056953	0.43096537	0.08972989	2.00000000	10.00000000	0.01886911	0.00000000
C27	c	0.18722708	0.41031244	0.17616485	2.00000000	10.00000000	0.02299761	0.00000000
C28	c	0.24403365	0.41256537	0.13273216	2.00000000	10.00000000	0.02998823	0.00000000
C29	c	0.83092017	0.91404821	0.05876983	2.00000000	10.00000000	0.02058034	0.00000000
C30	c	0.74819583	0.88701586	0.04788911	2.00000000	10.00000000	0.02495106	0.00000000

Q Vehicle fuel tank capacity /0.40000000/
C Vehicle load capacity /1.50000000/
r fuel consumption rate /0.25000000/
g inverse refueling rate /1.00000000/
v average Velocity /1.00000000/
