StringID	Type	x	y	demand	ReadyTime	DueDate	ServiceTime	altitude
D0	d	0.50000000	0.50000000	0.00000000	0.00000000	10.00000000	0.00000000	0.00000000
S0	f	0.75446386	0.57438573	0.00000000	0.00000000	10.00000000	0.00000000	0.00000000
S1	f	0.64307604	0.08230889	0.00000000	0.00000000	10.00000000	0.00000000	0.00000000
S2	f	0.97957897	0.44059549	0.00000000	0.00000000	10.00000000	0.00000000	0.00000000
S3	f	0.43088771	0.67767173	0.00000000	0.00000000	10.00000000	0.00000000	0.00000000
S4	f	0.91064015	0.54466267	0.00000000	0.00000000	10.00000000	0.00000000	0.00000000
S5	f	0.29720772	0.52198313	0.00000000	0.00000000	10.00000000	0.00000000	0.00000000
S6	f	0.73281963	0.20297254	0.00000000	0.00000000	10.00000000	0.00000000	0.00000000
S7	f	0.63805206	0.93110275	0.00000000	0.00000000	10.00000000	0.00000000	0.00000000
S8	f	0.87725908	0.17549274	0.00000000	0.00000000	10.00000000	0.00000000	0.00000000
S9	f	0.13095650	0.16165002	0.00000000	0.00000000	10.00000000	0.00000000	0.00000000
C1	c	0.35123356	0.38403439	0.04732311	0.00000000	8.00000000	0.02807697	0.00000000
C2	c	0.34876036	0.33959695	0.08816047	0.06000000	8.06000000	0.01536520	0.00000000
C3	c	0.35273363	0.33478028	0.09930158	0.12000000	8.12000000	0.01933126	0.00000000
C4	c	0.22521048	0.40191924	0.03780770	0.18000000	8.18000000	0.02694803	0.00000000
C5	c	0.31229829	0.37866369	0.05804834	0.24000000	8.24000000	0.02739056	0.00000000
C6	c	0.32108753	0.40112603	0.13174335	0.30000000	8.30000000	0.02268578	0.00000000
C7	c	0.31893132	0.33864326	0.15315807	0.36000000	8.36000000	0.01822744	0.00000000
C8	c	0.31827783	0.33438885	0.12966036	0.42000000	8.42000000	0.02049294	0.00000000
C9	c	0.27847893	0.40288499	0.02360722	0.48000000	8.48000000	0.01971330	0.00000000
C10	c	0.91492268	0.78562473	0.08362123	0.54000000	8.54000000	0.02513529	0.00000000
C11	c	0.89837427	0.70839479	0.05894602	0.60000000	8.60000000	0.01987183	0.00000000
C12	c	0.90478346	0.73913913	0.07165748	0.66000000	8.66000000	0.01684752	0.00000000
C13	c	0.82946415	0.76849485	0.03831921	0.72000000	8.72000000	0.02341768	0.00000000
C14	c	0.83682258	0.67465807	0.10114607	0.78000000	8.78000000	0.02655817	0.00000000
C15	c	0.90178926	0.72513217	0.09143304	0.84000000	8.84000000	0.01018013	0.00000000
C16	c	0.88484868	0.74024937	0.12282749	0.90000000	8.90000000	0.01133381	0.00000000
C17	c	0.19179011	0.36865429	0.07744816	0.96000000	8.96000000	0.02527008	0.00000000
C18	c	0.12496299	0.38611453	0.01069129	1.02000000	9.02000000	0.01475984	0.00000000
C19	c	0.11642667	0.39132111	0.13394330	1.08000000	9.08000000	0.02812517	0.00000000
C20	c	0.14085793	0.35307837	0.13826435	1.14000000	9.14000000	0.01593561	0.00000000
C21	c	0.08901613	0.37746321	0.10307688	1.20000000	9.20000000	0.01380866	0.00000000
C22	c	0.15608904	0.36853120	0.04456251	1.26000000	9.26000000	0.02683200	0.00000000
C23	c	0.11200969	0.36800558	0.05347063	1.32000000	9.32000000	0.02517401	0.00000000
C24	c	0.09570980	0.32835994	0.12817930	1.38000000	9.38000000	0.02394182	0.00000000
C25	c	0.40563427	0.76863326	0.07533966	1.44000000	9.44000000	0.01683114	0.00000000
C26	c	0.31408180	0.77471059	0.06966852	1.50000000	9.50000000	0.02158450	0.00000000
C27	c	0.32675029	0.85320871	0.11480949	1.56000000	9.56000000	0.01367975	0.00000000
C28	c	0.40725206	0.71727151	0.05057455	1.62000000	9.62000000	0.01467672	0.00000000
C29	c	0.23734686	0.76651011	0.06143743	1.68000000	9.68000000	0.01271694	0.00000000
C30	c	0.13152604	0.87982181	0.10156724	1.74000000	9.74000000	0.01595559	0.00000000
C31	c	0.14544958	0.88800510	0.14319957	1.80000000	9.80000000	0.01853577	0.00000000
C32	c	0.03335407	0.75707839	0.01052241	1.86000000	9.86000000	0.02816499	0.00000000
C33	c	0.16257310	0.80870732	0.12621482	1.92000000	9.92000000	0.02992692	0.00000000
C34	c	0.18095628	0.64669625	0.14526618	1.98000000	9.98000000	0.01939169	0.00000000
C35	c	0.11589222	0.77838555	0.14679960	2.00000000	10.00000000	0.02673978	0.00000000
C36	c	0.12868847	0.70727454	0.10411939	2.00000000	10.00000000	0.01587539	0.00000000
C37	c	0.14908527	0.75854169	0.09669381	2.00000000	10.00000000	0.02573016	0.00000000
C38	c	0.10836044	0.76561252	0.06862809	2.00000000	10.00000000	0.01192280	0.00000000
C39	c	0.12474912	0.80139130	0.09602920	2.00000000	10.00000000	0.01511511	0.00000000
C40	c	0.11076214	0.80970969	0.15321266	2.00000000	10.00000000	0.01071909	0.00000000
C41	c	0.24966965	0.78283931	0.09363695	2.00000000	10.00000000	0.01381780	0.00000000
C42	c	0.33119208	0.82790740	0.02482509	2.00000000	10.00000000	0.01618908	0.00000000
C43	c	0.37363833	0.79175641	0.13665689	2.00000000	10.00000000	0.01916661	0.00000000
C44	c	0.40149135	0.82999618	0.11219236	2.00000000	10.00000000	0.02869353	0.00000000
C45	c	0.41985266	0.84065754	0.06735556	2.00000000	10.00000000	0.01758313	0.00000000
C46	c	0.57227246	0.36407968	0.13304154	2.00000000	10.00000000	0.01682612	0.00000000
C47	c	0.50071071	0.41494349	0.04779184	2.00000000	10.00000000	0.01440123	0.00000000
C48	c	0.57735067	0.41379642	0.11495810	2.00000000	10.00000000	0.02083216	0.00000000
C49	c	0.57427956	0.44035055	0.09897834	2.00000000	10.00000000	0.02958497	0.00000000
C50	c	0.55857307	0.41173043	0.08008355	2.00000000	10.00000000	0.01775507	0.00000000

Q Vehicle fuel tank capacity /0.40000000/
C Vehicle load capacity /1.50000000/
r fuel consumption rate /0.25000000/
g inverse refueling rate /1.00000000/
v average Velocity /1.00000000/
