StringID	Type	x	y	demand	ReadyTime	DueDate	ServiceTime	altitude
D0	d	0.50000000	0.50000000	0.00000000	0.00000000	10.00000000	0.00000000	0.00000000
S0	f	0.88661729	0.35877451	0.00000000	0.00000000	10.00000000	0.00000000	0.00000000
S1	f	0.49798019	0.89215345	0.00000000	0.00000000	10.00000000	0.00000000	0.00000000
S2	f	0.87359058	0.60341134	0.00000000	0.00000000	10.00000000	0.00000000	0.00000000
S3	f	0.01861306	0.80580025	0.00000000	0.00000000	10.00000000	0.00000000	0.00000000
S4	f	0.34747469	0.44591467	0.00000000	0.00000000	10.00000000	0.00000000	0.00000000
S5	f	0.05897495	0.80759228	0.00000000	0.00000000	10.00000000	0.00000000	0.00000000
C1	c	0.47049777	0.32594139	0.13736461	0.00000000	8.00000000	0.01576181	0.00000000
C2	c	0.56580375	0.30697344	0.16855403	0.10000000	8.10000000	0.02285087	0.00000000
C3	c	0.53230589	0.30725855	0.27320167	0.20000000	8.20000000	0.02553666	0.00000000
C4	c	0.46074768	0.27417671	0.02980755	0.30000000	8.30000000	0.02173654	0.00000000
C5	c	0.53050704	0.38902256	0.05330650	0.40000000	8.40000000	0.02658082	0.00000000
C6	c	0.47422849	0.35570464	0.09010499	0.50000000	8.50000000	0.02899918	0.00000000
C7	c	0.42091454	0.74254712	0.18228909	0.60000000	8.60000000	0.01260471	0.00000000
C8	c	0.33643474	0.89602545	0.23221583	0.70000000	8.70000000	0.02982546	0.00000000
C9	c	0.41553839	0.80254624	0.19390538	0.80000000	8.80000000	0.02649087	0.00000000
C10	c	0.39374913	0.85831415	0.11150330	0.90000000	8.90000000	0.02359335	0.00000000
C11	c	0.49289152	0.78896053	0.05339330	1.00000000	9.00000000	0.02664930	0.00000000
C12	c	0.40654525	0.76373557	0.12108054	1.10000000	9.10000000	0.01522135	0.00000000
C13	c	0.36864339	0.69307365	0.05808930	1.20000000	9.20000000	0.01980705	0.00000000
C14	c	0.47925441	0.73637793	0.27024107	1.30000000	9.30000000	0.01078163	0.00000000
C15	c	0.39901775	0.83633277	0.04147319	1.40000000	9.40000000	0.02450712	0.00000000
C16	c	0.42256373	0.61510242	0.03650931	1.50000000	9.50000000	0.02421850	0.00000000
C17	c	0.44480128	0.60115481	0.15432885	1.60000000	9.60000000	0.01669769	0.00000000
C18	c	0.49280540	0.57596127	0.13839167	1.70000000	9.70000000	0.02809834	0.00000000
C19	c	0.39439714	0.56625788	0.25819761	1.80000000	9.80000000	0.01259944	0.00000000
C20	c	0.42400600	0.54487963	0.14119961	1.90000000	9.90000000	0.02347301	0.00000000
C21	c	0.35978067	0.61246849	0.23678925	2.00000000	10.00000000	0.01741282	0.00000000
C22	c	0.41264400	0.69465536	0.17232870	2.00000000	10.00000000	0.02576961	0.00000000
C23	c	0.83941338	0.32278961	0.05535104	2.00000000	10.00000000	0.02229762	0.00000000
C24	c	0.93526119	0.35426224	0.18767057	2.00000000	10.00000000	0.02222815	0.00000000
C25	c	0.97403413	0.38642764	0.09353569	2.00000000	10.00000000	0.01129776	0.00000000
C26	c	0.99865138	0.39894896	0.17008023	2.00000000	10.00000000	0.02067146	0.00000000
C27	c	0.00000000	0.52988360	0.14053062	2.00000000	10.00000000	0.02554750	0.00000000
C28	c	0.00535307	0.60610082	0.25369096	2.00000000	10.00000000	0.02512665	0.00000000
C29	c	0.00000000	0.52102362	0.23013910	2.00000000	10.00000000	0.01394988	0.00000000
C30	c	0.00000000	0.47635712	0.21472644	2.00000000	10.00000000	0.01561255	0.00000000

Q Vehicle fuel tank capacity /0.40000000/
C Vehicle load capacity /1.50000000/
r fuel consumption rate /0.25000000/
g inverse refueling rate /1.00000000/
v average Velocity /1.00000000/
