StringID	Type	x	y	demand	ReadyTime	DueDate	ServiceTime	altitude
D0	d	0.50000000	0.50000000	0.00000000	0.00000000	10.00000000	0.00000000	0.00000000
S0	f	0.86962222	0.04134530	0.00000000	0.00000000	10.00000000	0.00000000	0.00000000
S1	f	0.60394934	0.72988710	0.00000000	0.00000000	10.00000000	0.00000000	0.00000000
S2	f	0.08811163	0.24155303	0.00000000	0.00000000	10.00000000	0.00000000	0.00000000
S3	f	0.49882194	0.35580646	0.00000000	0.00000000	10.00000000	0.00000000	0.00000000
S4	f	0.99045402	0.95834801	0.00000000	0.00000000	10.00000000	0.00000000	0.00000000
S5	f	0.69604321	0.87013632	0.00000000	0.00000000	10.00000000	0.00000000	0.00000000
C1	c	0.20052285	0.44092238	0.07432015	0.00000000	8.00000000	0.01499554	0.00000000
C2	c	0.16792443	0.34652524	0.15880335	0.10000000	8.10000000	0.02372524	0.00000000
C3	c	0.11522378	0.35145491	0.22014940	0.20000000	8.20000000	0.02737039	0.00000000
C4	c	0.24405272	0.30370964	0.24253092	0.30000000	8.30000000	0.02018889	0.00000000
C5	c	0.17355939	0.37755338	0.26394045	0.40000000	8.40000000	0.01749776	0.00000000
C6	c	0.16263012	0.32571018	0.07540652	0.50000000	8.50000000	0.01465222	0.00000000
C7	c	0.22961760	0.42096134	0.14135438	0.60000000	8.60000000	0.02141131	0.00000000
C8	c	0.26943690	0.29260199	0.18672613	0.70000000	8.70000000	0.02741962	0.00000000
C9	c	0.29229469	0.93455257	0.16291568	0.80000000	8.80000000	0.01793226	0.00000000
C10	c	0.32645177	1.00000000	0.17729524	0.90000000	8.90000000	0.02058486	0.00000000
C11	c	0.61075741	0.40914013	0.13086846	1.00000000	9.00000000	0.02079351	0.00000000
C12	c	0.51721714	0.43745627	0.11327346	1.10000000	9.10000000	0.02330404	0.00000000
C13	c	0.63033225	0.36308988	0.24875485	1.20000000	9.20000000	0.01341593	0.00000000
C14	c	0.47767359	0.43144779	0.09227283	1.30000000	9.30000000	0.02425434	0.00000000
C15	c	0.67070114	0.37586899	0.17809676	1.40000000	9.40000000	0.01630510	0.00000000
C16	c	0.55266794	0.34338323	0.14470630	1.50000000	9.50000000	0.02486246	0.00000000
C17	c	0.56777302	0.45317156	0.09818097	1.60000000	9.60000000	0.02203987	0.00000000
C18	c	0.52180284	0.06545068	0.18431509	1.70000000	9.70000000	0.02147936	0.00000000
C19	c	0.47564024	0.00320523	0.15112472	1.80000000	9.80000000	0.02620039	0.00000000
C20	c	0.56919872	0.04025357	0.07810551	1.90000000	9.90000000	0.01169959	0.00000000
C21	c	0.48514495	0.09625702	0.21216333	2.00000000	10.00000000	0.01055610	0.00000000
C22	c	0.53646532	0.02597067	0.06292458	2.00000000	10.00000000	0.01335503	0.00000000
C23	c	0.56578832	0.00000000	0.11478657	2.00000000	10.00000000	0.01928700	0.00000000
C24	c	0.56872065	0.00000000	0.04129211	2.00000000	10.00000000	0.01431754	0.00000000
C25	c	0.47985336	0.12614373	0.16525842	2.00000000	10.00000000	0.01044641	0.00000000
C26	c	0.88644751	0.07802052	0.11039071	2.00000000	10.00000000	0.01762491	0.00000000
C27	c	1.00000000	0.05269383	0.08981177	2.00000000	10.00000000	0.01322037	0.00000000
C28	c	0.94708864	0.16650361	0.23295216	2.00000000	10.00000000	0.02193028	0.00000000
C29	c	1.00000000	0.17463783	0.06981238	2.00000000	10.00000000	0.01592850	0.00000000
C30	c	0.95380366	0.13433025	0.27746679	2.00000000	10.00000000	0.02699563	0.00000000

Q Vehicle fuel tank capacity /0.40000000/
C Vehicle load capacity /1.50000000/
r fuel consumption rate /0.25000000/
g inverse refueling rate /1.00000000/
v average Velocity /1.00000000/
