StringID	Type	x	y	demand	ReadyTime	DueDate	ServiceTime	altitude
D0	d	0.50000000	0.50000000	0.00000000	0.00000000	10.00000000	0.00000000	0.00000000
S0	f	0.50686703	0.32715997	0.00000000	0.00000000	10.00000000	0.00000000	0.00000000
S1	f	0.85558910	0.32386361	0.00000000	0.00000000	10.00000000	0.00000000	0.00000000
S2	f	0.01098195	0.81412479	0.00000000	0.00000000	10.00000000	0.00000000	0.00000000
S3	f	0.46074534	0.65541133	0.00000000	0.00000000	10.00000000	0.00000000	0.00000000
S4	f	0.30614767	0.47642885	0.00000000	0.00000000	10.00000000	0.00000000	0.00000000
S5	f	0.64871039	0.55728078	0.00000000	0.00000000	10.00000000	0.00000000	0.00000000
S6	f	0.15527008	0.09799104	0.00000000	0.00000000	10.00000000	0.00000000	0.00000000
S7	f	0.96851365	0.65519775	0.00000000	0.00000000	10.00000000	0.00000000	0.00000000
S8	f	0.87435350	0.81575626	0.00000000	0.00000000	10.00000000	0.00000000	0.00000000
S9	f	0.24541597	0.81985980	0.00000000	0.00000000	10.00000000	0.00000000	0.00000000
C1	c	0.07136705	0.95395021	0.03944940	0.00000000	8.00000000	0.02811313	0.00000000
C2	c	0.20077119	1.00000000	0.14806850	0.06000000	8.06000000	0.02359482	0.00000000
C3	c	0.15356746	1.00000000	0.07848065	0.12000000	8.12000000	0.02956769	0.00000000
C4	c	0.14542737	0.97519456	0.15797009	0.18000000	8.18000000	0.01008322	0.00000000
C5	c	0.12439861	0.94303338	0.06224844	0.24000000	8.24000000	0.01315127	0.00000000
C6	c	0.08650582	0.97905512	0.08307119	0.30000000	8.30000000	0.01558906	0.00000000
C7	c	0.20555144	1.00000000	0.08319671	0.36000000	8.36000000	0.02153905	0.00000000
C8	c	0.75730542	1.00000000	0.08738406	0.42000000	8.42000000	0.01992472	0.00000000
C9	c	0.60711626	0.88948971	0.08041363	0.48000000	8.48000000	0.02849455	0.00000000
C10	c	0.60772273	1.00000000	0.12780226	0.54000000	8.54000000	0.02960416	0.00000000
C11	c	0.63795581	0.99390545	0.09078440	0.60000000	8.60000000	0.01023567	0.00000000
C12	c	0.59100204	0.94695474	0.02938080	0.66000000	8.66000000	0.01407234	0.00000000
C13	c	0.72368246	0.98439240	0.03521888	0.72000000	8.72000000	0.01391688	0.00000000
C14	c	0.92774376	0.06379412	0.06880761	0.78000000	8.78000000	0.02077514	0.00000000
C15	c	0.97314639	0.08505589	0.07197677	0.84000000	8.84000000	0.02830886	0.00000000
C16	c	1.00000000	0.04672695	0.09120104	0.90000000	8.90000000	0.02361592	0.00000000
C17	c	0.98102250	0.13671014	0.01659525	0.96000000	8.96000000	0.01622300	0.00000000
C18	c	0.95453206	0.07788301	0.10593583	1.02000000	9.02000000	0.01177061	0.00000000
C19	c	0.99223156	0.07062505	0.12510050	1.08000000	9.08000000	0.01359287	0.00000000
C20	c	0.96167985	0.01214628	0.13807828	1.14000000	9.14000000	0.01655948	0.00000000
C21	c	0.93680034	0.05788048	0.14284303	1.20000000	9.20000000	0.01537174	0.00000000
C22	c	1.00000000	0.08053579	0.10742831	1.26000000	9.26000000	0.01182316	0.00000000
C23	c	0.90344148	0.02788219	0.10103734	1.32000000	9.32000000	0.01518054	0.00000000
C24	c	0.81498325	0.51852785	0.01291082	1.38000000	9.38000000	0.01011635	0.00000000
C25	c	0.84314548	0.51285002	0.14067157	1.44000000	9.44000000	0.01371358	0.00000000
C26	c	0.72531219	0.50599120	0.09621138	1.50000000	9.50000000	0.02622701	0.00000000
C27	c	0.72596122	0.51830713	0.09044668	1.56000000	9.56000000	0.02156285	0.00000000
C28	c	0.78372983	0.49686743	0.08574062	1.62000000	9.62000000	0.01143752	0.00000000
C29	c	0.84616756	0.51042602	0.15302067	1.68000000	9.68000000	0.01925258	0.00000000
C30	c	0.78350303	0.67538760	0.05920680	1.74000000	9.74000000	0.02154653	0.00000000
C31	c	0.88976257	0.63063678	0.09454964	1.80000000	9.80000000	0.02092210	0.00000000
C32	c	0.78291086	0.73191582	0.07375965	1.86000000	9.86000000	0.02278875	0.00000000
C33	c	0.83216570	0.71281420	0.05743160	1.92000000	9.92000000	0.02610596	0.00000000
C34	c	0.73137484	0.69191850	0.06764043	1.98000000	9.98000000	0.01571815	0.00000000
C35	c	0.86936385	0.67194404	0.15451898	2.00000000	10.00000000	0.02558623	0.00000000
C36	c	0.80539610	0.62678107	0.14039777	2.00000000	10.00000000	0.02153653	0.00000000
C37	c	0.85613689	0.65945872	0.11571251	2.00000000	10.00000000	0.01921065	0.00000000
C38	c	0.91322351	0.67813930	0.12348310	2.00000000	10.00000000	0.01522610	0.00000000
C39	c	0.86936654	0.74385068	0.13322361	2.00000000	10.00000000	0.02454870	0.00000000
C40	c	0.81121858	0.65703959	0.14297056	2.00000000	10.00000000	0.01246119	0.00000000
C41	c	0.79281070	0.64280366	0.08554692	2.00000000	10.00000000	0.01745391	0.00000000
C42	c	0.83539875	0.60143786	0.01360404	2.00000000	10.00000000	0.01354123	0.00000000
C43	c	0.70391551	0.41807921	0.09331329	2.00000000	10.00000000	0.01277329	0.00000000
C44	c	0.76647399	0.40443130	0.02954329	2.00000000	10.00000000	0.01036657	0.00000000
C45	c	0.75893244	0.35522326	0.12483398	2.00000000	10.00000000	0.01593933	0.00000000
C46	c	0.78797320	0.34035459	0.03290404	2.00000000	10.00000000	0.01810006	0.00000000
C47	c	0.73723906	0.39636848	0.08241324	2.00000000	10.00000000	0.02041113	0.00000000
C48	c	0.75729363	0.38615545	0.11274877	2.00000000	10.00000000	0.02199130	0.00000000
C49	c	0.72412364	0.43209430	0.02673783	2.00000000	10.00000000	0.02949170	0.00000000
C50	c	0.79484106	0.40791964	0.08398525	2.00000000	10.00000000	0.01540807	0.00000000

Q Vehicle fuel tank capacity /0.40000000/
C Vehicle load capacity /1.50000000/
r fuel consumption rate /0.25000000/
g inverse refueling rate /1.00000000/
v average Velocity /1.00000000/
