StringID	Type	x	y	demand	ReadyTime	DueDate	ServiceTime	altitude
D0	d	0.50000000	0.50000000	0.00000000	0.00000000	10.00000000	0.00000000	0.00000000
S0	f	0.94073762	0.43651804	0.00000000	0.00000000	10.00000000	0.00000000	0.00000000
S1	f	0.64542543	0.57250320	0.00000000	0.00000000	10.00000000	0.00000000	0.00000000
S2	f	0.83513155	0.59856671	0.00000000	0.00000000	10.00000000	0.00000000	0.00000000
S3	f	0.05921279	0.43091288	0.00000000	0.00000000	10.00000000	0.00000000	0.00000000
S4	f	0.90242422	0.37165345	0.00000000	0.00000000	10.00000000	0.00000000	0.00000000
S5	f	0.99884739	0.31387343	0.00000000	0.00000000	10.00000000	0.00000000	0.00000000
C1	c	0.50730636	0.48172303	0.13681258	0.00000000	8.00000000	0.01425589	0.00000000
C2	c	0.47822174	0.42459237	0.13966079	0.10000000	8.10000000	0.01315252	0.00000000
C3	c	0.42928135	0.36259373	0.08313939	0.20000000	8.20000000	0.02478412	0.00000000
C4	c	0.41121990	0.40200449	0.20934706	0.30000000	8.30000000	0.02535979	0.00000000
C5	c	0.42993562	0.33597479	0.25399873	0.40000000	8.40000000	0.01349988	0.00000000
C6	c	0.52066348	0.43366686	0.11082778	0.50000000	8.50000000	0.01925907	0.00000000
C7	c	0.54628674	0.40513356	0.18834862	0.60000000	8.60000000	0.02286519	0.00000000
C8	c	0.42176543	0.36455822	0.11533792	0.70000000	8.70000000	0.01515706	0.00000000
C9	c	0.28713883	0.39031941	0.13307816	0.80000000	8.80000000	0.02474916	0.00000000
C10	c	0.39824366	0.41633554	0.11709185	0.90000000	8.90000000	0.02162206	0.00000000
C11	c	0.84729279	0.74245680	0.17095515	1.00000000	9.00000000	0.01576015	0.00000000
C12	c	0.90880362	0.64470801	0.12679077	1.10000000	9.10000000	0.02976855	0.00000000
C13	c	0.87451886	0.72237995	0.08676806	1.20000000	9.20000000	0.01684301	0.00000000
C14	c	0.94898028	0.66538420	0.24064046	1.30000000	9.30000000	0.02073002	0.00000000
C15	c	0.89274788	0.70648369	0.16535752	1.40000000	9.40000000	0.01760675	0.00000000
C16	c	0.39971009	0.51535599	0.20803335	1.50000000	9.50000000	0.01455521	0.00000000
C17	c	0.51093759	0.50688218	0.20361303	1.60000000	9.60000000	0.02423611	0.00000000
C18	c	0.42447217	0.50849135	0.07890341	1.70000000	9.70000000	0.01043010	0.00000000
C19	c	0.41141091	0.51291604	0.12612733	1.80000000	9.80000000	0.02955681	0.00000000
C20	c	0.55128767	0.63489724	0.17770936	1.90000000	9.90000000	0.01378213	0.00000000
C21	c	0.41085992	0.52992281	0.12628465	2.00000000	10.00000000	0.01432832	0.00000000
C22	c	0.59818593	0.32272113	0.24409603	2.00000000	10.00000000	0.02348439	0.00000000
C23	c	0.49937317	0.32300588	0.17456336	2.00000000	10.00000000	0.02166034	0.00000000
C24	c	0.55932652	0.20775042	0.17708587	2.00000000	10.00000000	0.02257259	0.00000000
C25	c	0.52023492	0.29080167	0.09565339	2.00000000	10.00000000	0.02102097	0.00000000
C26	c	0.47099211	0.30575671	0.11523833	2.00000000	10.00000000	0.02291388	0.00000000
C27	c	0.89737555	0.77875363	0.04665987	2.00000000	10.00000000	0.02787419	0.00000000
C28	c	0.88918652	0.89256796	0.18741017	2.00000000	10.00000000	0.01124527	0.00000000
C29	c	0.87177869	0.83562281	0.03167044	2.00000000	10.00000000	0.02940534	0.00000000
C30	c	0.94198210	0.88902405	0.22879656	2.00000000	10.00000000	0.02312661	0.00000000

Q Vehicle fuel tank capacity /0.40000000/
C Vehicle load capacity /1.50000000/
r fuel consumption rate /0.25000000/
g inverse refueling rate /1.00000000/
v average Velocity /1.00000000/
