StringID	Type	x	y	demand	ReadyTime	DueDate	ServiceTime	altitude
D0	d	0.50000000	0.50000000	0.00000000	0.00000000	10.00000000	0.00000000	0.00000000
S0	f	0.07576633	0.39744928	0.00000000	0.00000000	10.00000000	0.00000000	0.00000000
S1	f	0.17935042	0.89373650	0.00000000	0.00000000	10.00000000	0.00000000	0.00000000
S2	f	0.67589253	0.16335293	0.00000000	0.00000000	10.00000000	0.00000000	0.00000000
S3	f	0.72205615	0.42832177	0.00000000	0.00000000	10.00000000	0.00000000	0.00000000
S4	f	0.73205919	0.03291456	0.00000000	0.00000000	10.00000000	0.00000000	0.00000000
S5	f	0.61231057	0.04922692	0.00000000	0.00000000	10.00000000	0.00000000	0.00000000
S6	f	0.88952989	0.40193748	0.00000000	0.00000000	10.00000000	0.00000000	0.00000000
S7	f	0.35693044	0.61124380	0.00000000	0.00000000	10.00000000	0.00000000	0.00000000
S8	f	0.49741930	0.77710878	0.00000000	0.00000000	10.00000000	0.00000000	0.00000000
S9	f	0.96354545	0.08529394	0.00000000	0.00000000	10.00000000	0.00000000	0.00000000
C1	c	0.74750303	0.24281652	0.17226182	0.00000000	8.00000000	0.02898931	0.00000000
C2	c	0.70791001	0.24822120	0.14749642	0.06000000	8.06000000	0.02370062	0.00000000
C3	c	0.83258206	0.24366845	0.06053033	0.12000000	8.12000000	0.02809653	0.00000000
C4	c	0.90862975	0.15998852	0.02417770	0.18000000	8.18000000	0.02328803	0.00000000
C5	c	0.74836860	0.22639847	0.06860303	0.24000000	8.24000000	0.02189602	0.00000000
C6	c	0.47330189	0.10555883	0.14206494	0.30000000	8.30000000	0.02887057	0.00000000
C7	c	0.43812706	0.00000000	0.14951253	0.36000000	8.36000000	0.02280944	0.00000000
C8	c	0.36256611	0.00000000	0.10833870	0.42000000	8.42000000	0.02803195	0.00000000
C9	c	0.34184729	0.09829899	0.10506190	0.48000000	8.48000000	0.01471741	0.00000000
C10	c	0.40880515	0.10621097	0.13002418	0.54000000	8.54000000	0.02888930	0.00000000
C11	c	0.42929931	0.00000000	0.09385849	0.60000000	8.60000000	0.01105266	0.00000000
C12	c	0.37372417	0.03089894	0.07213514	0.66000000	8.66000000	0.02527090	0.00000000
C13	c	0.36179922	0.00721302	0.13495296	0.72000000	8.72000000	0.02790086	0.00000000
C14	c	0.39470577	0.00000000	0.13673740	0.78000000	8.78000000	0.02895713	0.00000000
C15	c	0.36613410	0.00000000	0.03929243	0.84000000	8.84000000	0.01570751	0.00000000
C16	c	0.32202038	0.00000000	0.10763720	0.90000000	8.90000000	0.01398877	0.00000000
C17	c	0.93295185	0.79556538	0.11410946	0.96000000	8.96000000	0.02670155	0.00000000
C18	c	0.92331687	0.76304885	0.16795016	1.02000000	9.02000000	0.01237374	0.00000000
C19	c	1.00000000	0.96931243	0.04042058	1.08000000	9.08000000	0.01592843	0.00000000
C20	c	0.96089826	0.83040830	0.03744825	1.14000000	9.14000000	0.01534451	0.00000000
C21	c	0.87476271	0.76171573	0.08119832	1.20000000	9.20000000	0.01354906	0.00000000
C22	c	0.86811539	0.84559606	0.16821838	1.26000000	9.26000000	0.02839692	0.00000000
C23	c	0.91992981	0.88462088	0.03294190	1.32000000	9.32000000	0.01067180	0.00000000
C24	c	0.87670844	0.92220985	0.02812918	1.38000000	9.38000000	0.02214101	0.00000000
C25	c	0.58744509	0.75066556	0.12622847	1.44000000	9.44000000	0.02953921	0.00000000
C26	c	0.50864368	0.73688514	0.05105696	1.50000000	9.50000000	0.02134015	0.00000000
C27	c	0.62779373	0.71584506	0.04666163	1.56000000	9.56000000	0.02256213	0.00000000
C28	c	0.63285766	0.78037903	0.11956199	1.62000000	9.62000000	0.02840229	0.00000000
C29	c	0.47745785	0.30170546	0.05095158	1.68000000	9.68000000	0.02217834	0.00000000
C30	c	0.55832206	0.25535781	0.04348739	1.74000000	9.74000000	0.02445554	0.00000000
C31	c	0.54366577	0.24408653	0.04768822	1.80000000	9.80000000	0.02354155	0.00000000
C32	c	0.61229745	0.24540961	0.05859939	1.86000000	9.86000000	0.01378912	0.00000000
C33	c	0.58903791	0.24163068	0.11399002	1.92000000	9.92000000	0.02712664	0.00000000
C34	c	0.65396628	0.31637065	0.01627694	1.98000000	9.98000000	0.02646871	0.00000000
C35	c	0.58543157	0.30109851	0.14521124	2.00000000	10.00000000	0.01064410	0.00000000
C36	c	0.64841878	0.24439878	0.14813896	2.00000000	10.00000000	0.01994621	0.00000000
C37	c	0.63367174	0.28149315	0.13283553	2.00000000	10.00000000	0.01566120	0.00000000
C38	c	0.05655924	0.47971554	0.07280529	2.00000000	10.00000000	0.02014852	0.00000000
C39	c	0.09435793	0.33822291	0.02818836	2.00000000	10.00000000	0.02496960	0.00000000
C40	c	0.03360541	0.32131003	0.09697064	2.00000000	10.00000000	0.02416469	0.00000000
C41	c	0.03491071	0.38450841	0.08387956	2.00000000	10.00000000	0.02107243	0.00000000
C42	c	0.03989067	0.43464517	0.08431356	2.00000000	10.00000000	0.02493613	0.00000000
C43	c	0.09825728	0.33141503	0.12141626	2.00000000	10.00000000	0.01153661	0.00000000
C44	c	0.39759060	0.69911789	0.04119560	2.00000000	10.00000000	0.02597057	0.00000000
C45	c	0.48712946	0.73625666	0.16795559	2.00000000	10.00000000	0.01048063	0.00000000
C46	c	0.36522850	0.89581096	0.03402158	2.00000000	10.00000000	0.01188256	0.00000000
C47	c	0.50926462	0.73051946	0.03491708	2.00000000	10.00000000	0.01254877	0.00000000
C48	c	0.42677457	0.71421238	0.04527876	2.00000000	10.00000000	0.01376129	0.00000000
C49	c	0.46973235	0.70333021	0.12610358	2.00000000	10.00000000	0.01865359	0.00000000
C50	c	0.48266738	0.85952919	0.09916444	2.00000000	10.00000000	0.02200677	0.00000000

Q Vehicle fuel tank capacity /0.40000000/
C Vehicle load capacity /1.50000000/
r fuel consumption rate /0.25000000/
g inverse refueling rate /1.00000000/
v average Velocity /1.00000000/
