StringID	Type	x	y	demand	ReadyTime	DueDate	ServiceTime	altitude
D0	d	0.50000000	0.50000000	0.00000000	0.00000000	10.00000000	0.00000000	0.00000000
S0	f	0.40994375	0.83361554	0.00000000	0.00000000	10.00000000	0.00000000	0.00000000
S1	f	0.29099502	0.91185258	0.00000000	0.00000000	10.00000000	0.00000000	0.00000000
S2	f	0.11834287	0.31370145	0.00000000	0.00000000	10.00000000	0.00000000	0.00000000
S3	f	0.38970484	0.36968160	0.00000000	0.00000000	10.00000000	0.00000000	0.00000000
S4	f	0.47728533	0.66335293	0.00000000	0.00000000	10.00000000	0.00000000	0.00000000
S5	f	0.96840869	0.61379024	0.00000000	0.00000000	10.00000000	0.00000000	0.00000000
S6	f	0.20469619	0.08060476	0.00000000	0.00000000	10.00000000	0.00000000	0.00000000
S7	f	0.20190896	0.91639575	0.00000000	0.00000000	10.00000000	0.00000000	0.00000000
S8	f	0.36763131	0.32979341	0.00000000	0.00000000	10.00000000	0.00000000	0.00000000
S9	f	0.87699897	0.40716948	0.00000000	0.00000000	10.00000000	0.00000000	0.00000000
C1	c	1.00000000	0.49068372	0.15817233	0.00000000	8.00000000	0.02906312	0.00000000
C2	c	0.97130930	0.34526177	0.06956576	0.06000000	8.06000000	0.01725125	0.00000000
C3	c	1.00000000	0.41566682	0.07141711	0.12000000	8.12000000	0.01354739	0.00000000
C4	c	1.00000000	0.51950715	0.11001292	0.18000000	8.18000000	0.02090176	0.00000000
C5	c	1.00000000	0.37321572	0.14283326	0.24000000	8.24000000	0.01698931	0.00000000
C6	c	0.93726238	0.46029232	0.06060887	0.30000000	8.30000000	0.01705838	0.00000000
C7	c	0.46154373	0.60721640	0.06209066	0.36000000	8.36000000	0.01574257	0.00000000
C8	c	0.27467414	0.71830088	0.03621159	0.42000000	8.42000000	0.01827749	0.00000000
C9	c	0.37469307	0.67410800	0.01898181	0.48000000	8.48000000	0.01059151	0.00000000
C10	c	0.37414353	0.62351639	0.06755489	0.54000000	8.54000000	0.02881040	0.00000000
C11	c	0.29344853	0.70586999	0.12752357	0.60000000	8.60000000	0.01709597	0.00000000
C12	c	0.35386452	0.69091303	0.16792412	0.66000000	8.66000000	0.02903836	0.00000000
C13	c	0.32298175	0.63943007	0.02204828	0.72000000	8.72000000	0.02551451	0.00000000
C14	c	0.43540856	0.70469706	0.14372802	0.78000000	8.78000000	0.01366743	0.00000000
C15	c	0.32952882	0.68257462	0.06457162	0.84000000	8.84000000	0.02641210	0.00000000
C16	c	0.40318431	0.62403655	0.02760396	0.90000000	8.90000000	0.02472443	0.00000000
C17	c	0.69763610	0.89996555	0.07620030	0.96000000	8.96000000	0.02064643	0.00000000
C18	c	0.77041553	0.97032063	0.06466028	1.02000000	9.02000000	0.02562817	0.00000000
C19	c	0.79009398	0.90696971	0.08986296	1.08000000	9.08000000	0.02550593	0.00000000
C20	c	0.72315952	0.87941219	0.05012582	1.14000000	9.14000000	0.02019079	0.00000000
C21	c	0.70677165	0.99732857	0.12297611	1.20000000	9.20000000	0.01119915	0.00000000
C22	c	0.13198350	0.55062947	0.08709138	1.26000000	9.26000000	0.01827289	0.00000000
C23	c	0.16020249	0.61995336	0.10560271	1.32000000	9.32000000	0.02960604	0.00000000
C24	c	0.18415517	0.60445389	0.11321156	1.38000000	9.38000000	0.01245097	0.00000000
C25	c	0.19128246	0.55323494	0.03657246	1.44000000	9.44000000	0.01739371	0.00000000
C26	c	0.07545028	0.67288492	0.07062645	1.50000000	9.50000000	0.01878847	0.00000000
C27	c	0.06737981	0.63255989	0.01978356	1.56000000	9.56000000	0.02218536	0.00000000
C28	c	0.13853288	0.60236413	0.13966547	1.62000000	9.62000000	0.02880378	0.00000000
C29	c	0.17227687	0.66589470	0.13190532	1.68000000	9.68000000	0.02433493	0.00000000
C30	c	0.02410212	0.66279452	0.16100690	1.74000000	9.74000000	0.02148386	0.00000000
C31	c	0.12005821	0.58900617	0.02950910	1.80000000	9.80000000	0.02185906	0.00000000
C32	c	0.41271990	0.06459435	0.15314399	1.86000000	9.86000000	0.02740198	0.00000000
C33	c	0.47860973	0.00000000	0.02657353	1.92000000	9.92000000	0.01281257	0.00000000
C34	c	0.46663969	0.06880399	0.17019722	1.98000000	9.98000000	0.01787801	0.00000000
C35	c	0.42843909	0.00000000	0.11611802	2.00000000	10.00000000	0.01591086	0.00000000
C36	c	0.44023118	0.11816858	0.01945630	2.00000000	10.00000000	0.02227110	0.00000000
C37	c	0.31669794	0.19648447	0.14334275	2.00000000	10.00000000	0.01995197	0.00000000
C38	c	0.37826858	0.05214380	0.16162072	2.00000000	10.00000000	0.02341451	0.00000000
C39	c	0.41346352	0.08986038	0.12062988	2.00000000	10.00000000	0.01574660	0.00000000
C40	c	0.46947760	0.11350170	0.10698910	2.00000000	10.00000000	0.01513379	0.00000000
C41	c	0.38581829	0.05577690	0.03053604	2.00000000	10.00000000	0.02594363	0.00000000
C42	c	0.47514214	0.14630684	0.02580132	2.00000000	10.00000000	0.02130267	0.00000000
C43	c	0.37101654	0.03441414	0.12326701	2.00000000	10.00000000	0.01267666	0.00000000
C44	c	0.75793627	0.10539838	0.10138381	2.00000000	10.00000000	0.01041367	0.00000000
C45	c	0.71082010	0.09057597	0.05814637	2.00000000	10.00000000	0.01427542	0.00000000
C46	c	0.70029017	0.20527243	0.02585233	2.00000000	10.00000000	0.02735809	0.00000000
C47	c	0.85689592	0.16743818	0.08624645	2.00000000	10.00000000	0.02848686	0.00000000
C48	c	0.71432238	0.06901720	0.16791309	2.00000000	10.00000000	0.01671329	0.00000000
C49	c	0.73552017	0.01523264	0.07033263	2.00000000	10.00000000	0.02344715	0.00000000
C50	c	0.82825561	0.14174232	0.14280032	2.00000000	10.00000000	0.01254916	0.00000000

Q Vehicle fuel tank capacity /0.40000000/
C Vehicle load capacity /1.50000000/
r fuel consumption rate /0.25000000/
g inverse refueling rate /1.00000000/
v average Velocity /1.00000000/
