StringID	Type	x	y	demand	ReadyTime	DueDate	ServiceTime	altitude
D0	d	0.50000000	0.50000000	0.00000000	0.00000000	10.00000000	0.00000000	0.00000000
S0	f	0.31304375	0.80044837	0.00000000	0.00000000	10.00000000	0.00000000	0.00000000
S1	f	0.00693672	0.19988710	0.00000000	0.00000000	10.00000000	0.00000000	0.00000000
S2	f	0.40707703	0.91309556	0.00000000	0.00000000	10.00000000	0.00000000	0.00000000
S3	f	0.61842010	0.65262360	0.00000000	0.00000000	10.00000000	0.00000000	0.00000000
S4	f	0.37844595	0.53975683	0.00000000	0.00000000	10.00000000	0.00000000	0.00000000
S5	f	0.17303910	0.28201514	0.00000000	0.00000000	10.00000000	0.00000000	0.00000000
C1	c	0.75937222	0.02208668	0.12325308	0.00000000	8.00000000	0.02106524	0.00000000
C2	c	0.91148081	0.04267475	0.08866510	0.10000000	8.10000000	0.01246239	0.00000000
C3	c	0.77730771	0.02397197	0.02629398	0.20000000	8.20000000	0.02628647	0.00000000
C4	c	0.74934926	0.00000000	0.21525367	0.30000000	8.30000000	0.02368216	0.00000000
C5	c	0.75454714	0.00000000	0.05562538	0.40000000	8.40000000	0.01429089	0.00000000
C6	c	0.91792902	0.27516723	0.16005513	0.50000000	8.50000000	0.02512224	0.00000000
C7	c	1.00000000	0.41998662	0.04131530	0.60000000	8.60000000	0.01563883	0.00000000
C8	c	0.95518795	0.43747624	0.28989002	0.70000000	8.70000000	0.02189458	0.00000000
C9	c	0.93092134	0.33300811	0.17658613	0.80000000	8.80000000	0.01124736	0.00000000
C10	c	0.95177198	0.42977504	0.04761980	0.90000000	8.90000000	0.02372492	0.00000000
C11	c	0.93969771	0.28088592	0.07855582	1.00000000	9.00000000	0.02220227	0.00000000
C12	c	0.96506036	0.43134143	0.04242396	1.10000000	9.10000000	0.02915035	0.00000000
C13	c	0.90272382	0.39259592	0.11676963	1.20000000	9.20000000	0.02995130	0.00000000
C14	c	0.76959477	0.74318793	0.11227020	1.30000000	9.30000000	0.02775096	0.00000000
C15	c	0.80427939	0.56202666	0.28895366	1.40000000	9.40000000	0.01905037	0.00000000
C16	c	1.00000000	0.52480179	0.29046352	1.50000000	9.50000000	0.01838893	0.00000000
C17	c	0.85126309	0.55207282	0.08214995	1.60000000	9.60000000	0.02272422	0.00000000
C18	c	0.90198512	0.47932888	0.26493007	1.70000000	9.70000000	0.01180598	0.00000000
C19	c	0.79363074	0.56792103	0.26898575	1.80000000	9.80000000	0.01223268	0.00000000
C20	c	0.92115125	0.50284293	0.14790811	1.90000000	9.90000000	0.02454077	0.00000000
C21	c	0.92409292	0.33775844	0.27826337	2.00000000	10.00000000	0.02417809	0.00000000
C22	c	0.96016712	0.36778829	0.05473941	2.00000000	10.00000000	0.02897059	0.00000000
C23	c	0.91232353	0.36765920	0.18799442	2.00000000	10.00000000	0.02088998	0.00000000
C24	c	0.86026458	0.41168214	0.17475541	2.00000000	10.00000000	0.01765409	0.00000000
C25	c	0.92220227	0.27670197	0.17104305	2.00000000	10.00000000	0.02453265	0.00000000
C26	c	0.94423830	0.33207829	0.08352676	2.00000000	10.00000000	0.01685826	0.00000000
C27	c	0.88419560	0.37373337	0.18752336	2.00000000	10.00000000	0.02849022	0.00000000
C28	c	0.83716265	0.37568350	0.22587510	2.00000000	10.00000000	0.02973043	0.00000000
C29	c	0.89390215	0.35442665	0.04320315	2.00000000	10.00000000	0.01721420	0.00000000
C30	c	0.92357613	0.38478746	0.17510771	2.00000000	10.00000000	0.02181874	0.00000000

Q Vehicle fuel tank capacity /0.40000000/
C Vehicle load capacity /1.50000000/
r fuel consumption rate /0.25000000/
g inverse refueling rate /1.00000000/
v average Velocity /1.00000000/
