StringID	Type	x	y	demand	ReadyTime	DueDate	ServiceTime	altitude
D0	d	0.50000000	0.50000000	0.00000000	0.00000000	10.00000000	0.00000000	0.00000000
S0	f	0.83079831	0.88741059	0.00000000	0.00000000	10.00000000	0.00000000	0.00000000
S1	f	0.13055098	0.14885166	0.00000000	0.00000000	10.00000000	0.00000000	0.00000000
S2	f	0.32367480	0.45699512	0.00000000	0.00000000	10.00000000	0.00000000	0.00000000
S3	f	0.37866174	0.57293219	0.00000000	0.00000000	10.00000000	0.00000000	0.00000000
S4	f	0.63727995	0.09091093	0.00000000	0.00000000	10.00000000	0.00000000	0.00000000
S5	f	0.29673274	0.41910432	0.00000000	0.00000000	10.00000000	0.00000000	0.00000000
S6	f	0.72916073	0.81377145	0.00000000	0.00000000	10.00000000	0.00000000	0.00000000
S7	f	0.32930777	0.25843062	0.00000000	0.00000000	10.00000000	0.00000000	0.00000000
S8	f	0.48527782	0.56751120	0.00000000	0.00000000	10.00000000	0.00000000	0.00000000
S9	f	0.56252752	0.36417023	0.00000000	0.00000000	10.00000000	0.00000000	0.00000000
C1	c	0.83951905	0.84627065	0.02810268	0.00000000	8.00000000	0.02285071	0.00000000
C2	c	0.82454445	0.79246646	0.10007288	0.06000000	8.06000000	0.02716245	0.00000000
C3	c	0.87476386	0.85512111	0.05856041	0.12000000	8.12000000	0.02672297	0.00000000
C4	c	0.88155039	0.85851169	0.13380446	0.18000000	8.18000000	0.02074153	0.00000000
C5	c	0.93648853	0.45509078	0.12103544	0.24000000	8.24000000	0.01153992	0.00000000
C6	c	1.00000000	0.51947769	0.13140839	0.30000000	8.30000000	0.02179212	0.00000000
C7	c	1.00000000	0.37516281	0.15602051	0.36000000	8.36000000	0.02860086	0.00000000
C8	c	1.00000000	0.39768890	0.15954868	0.42000000	8.42000000	0.02827534	0.00000000
C9	c	1.00000000	0.40863773	0.04606858	0.48000000	8.48000000	0.02373835	0.00000000
C10	c	0.17473073	0.93490372	0.05568158	0.54000000	8.54000000	0.01109830	0.00000000
C11	c	0.27110994	0.80869265	0.07348038	0.60000000	8.60000000	0.02175058	0.00000000
C12	c	0.30880823	0.91896852	0.15676207	0.66000000	8.66000000	0.01388819	0.00000000
C13	c	0.22488244	0.82721962	0.07762915	0.72000000	8.72000000	0.01955042	0.00000000
C14	c	0.25737227	0.90350978	0.05533493	0.78000000	8.78000000	0.02989344	0.00000000
C15	c	0.34975414	0.83595264	0.02834980	0.84000000	8.84000000	0.02035243	0.00000000
C16	c	0.20911723	0.99864099	0.14044476	0.90000000	8.90000000	0.02632597	0.00000000
C17	c	0.67365250	0.05848554	0.12018027	0.96000000	8.96000000	0.01382565	0.00000000
C18	c	0.75625714	0.06994822	0.08661163	1.02000000	9.02000000	0.01331221	0.00000000
C19	c	0.70767868	0.03973912	0.12141773	1.08000000	9.08000000	0.02424909	0.00000000
C20	c	0.76896287	0.09997403	0.14816934	1.14000000	9.14000000	0.02230973	0.00000000
C21	c	0.77988624	0.11059396	0.04912186	1.20000000	9.20000000	0.01862266	0.00000000
C22	c	0.87158530	0.03192672	0.14958069	1.26000000	9.26000000	0.02272629	0.00000000
C23	c	0.69714145	0.10315303	0.10028919	1.32000000	9.32000000	0.01517090	0.00000000
C24	c	0.77807951	0.09162067	0.07586955	1.38000000	9.38000000	0.01578320	0.00000000
C25	c	0.75079654	0.32555332	0.05195829	1.44000000	9.44000000	0.01896657	0.00000000
C26	c	0.92853652	0.28809276	0.03327399	1.50000000	9.50000000	0.01344041	0.00000000
C27	c	0.75551115	0.35495994	0.08507156	1.56000000	9.56000000	0.02001517	0.00000000
C28	c	0.79986096	0.25947466	0.07695633	1.62000000	9.62000000	0.02242516	0.00000000
C29	c	0.69710521	0.32293746	0.10429249	1.68000000	9.68000000	0.02628626	0.00000000
C30	c	0.78858679	0.30680818	0.15216828	1.74000000	9.74000000	0.01703426	0.00000000
C31	c	0.72830095	0.38309231	0.02480994	1.80000000	9.80000000	0.01562990	0.00000000
C32	c	0.77524509	0.32103913	0.11192380	1.86000000	9.86000000	0.01002610	0.00000000
C33	c	1.00000000	0.87036010	0.09224326	1.92000000	9.92000000	0.01618397	0.00000000
C34	c	1.00000000	0.98329930	0.06989829	1.98000000	9.98000000	0.01339396	0.00000000
C35	c	1.00000000	0.87685768	0.08993969	2.00000000	10.00000000	0.02243212	0.00000000
C36	c	0.95951041	0.92178455	0.05409885	2.00000000	10.00000000	0.02138200	0.00000000
C37	c	1.00000000	0.83116178	0.04769959	2.00000000	10.00000000	0.01272723	0.00000000
C38	c	0.94205157	0.81850755	0.04849311	2.00000000	10.00000000	0.01754165	0.00000000
C39	c	1.00000000	0.82739258	0.16249844	2.00000000	10.00000000	0.01413751	0.00000000
C40	c	1.00000000	0.94455543	0.05136334	2.00000000	10.00000000	0.01620197	0.00000000
C41	c	1.00000000	0.82890899	0.06972213	2.00000000	10.00000000	0.01013355	0.00000000
C42	c	0.96826384	0.53121962	0.11815426	2.00000000	10.00000000	0.01138234	0.00000000
C43	c	0.94671756	0.55687733	0.02682578	2.00000000	10.00000000	0.02225472	0.00000000
C44	c	0.86907137	0.57370496	0.15784594	2.00000000	10.00000000	0.01980638	0.00000000
C45	c	0.94213935	0.42895576	0.08119543	2.00000000	10.00000000	0.02666565	0.00000000
C46	c	0.88732507	0.47292276	0.05520519	2.00000000	10.00000000	0.01258122	0.00000000
C47	c	0.94884746	0.52397060	0.10948146	2.00000000	10.00000000	0.01282745	0.00000000
C48	c	0.92605228	0.48294851	0.07220667	2.00000000	10.00000000	0.02019158	0.00000000
C49	c	1.00000000	0.54722022	0.05706652	2.00000000	10.00000000	0.01612190	0.00000000
C50	c	0.93466088	0.52402603	0.12206242	2.00000000	10.00000000	0.01474702	0.00000000

Q Vehicle fuel tank capacity /0.40000000/
C Vehicle load capacity /1.50000000/
r fuel consumption rate /0.25000000/
g inverse refueling rate /1.00000000/
v average Velocity /1.00000000/
