StringID	Type	x	y	demand	ReadyTime	DueDate	ServiceTime	altitude
D0	d	0.50000000	0.50000000	0.00000000	0.00000000	10.00000000	0.00000000	0.00000000
S0	f	0.84662674	0.27144074	0.00000000	0.00000000	10.00000000	0.00000000	0.00000000
S1	f	0.06853620	0.76830572	0.00000000	0.00000000	10.00000000	0.00000000	0.00000000
S2	f	0.06033965	0.53761073	0.00000000	0.00000000	10.00000000	0.00000000	0.00000000
S3	f	0.40249498	0.10422095	0.00000000	0.00000000	10.00000000	0.00000000	0.00000000
S4	f	0.57721340	0.25736317	0.00000000	0.00000000	10.00000000	0.00000000	0.00000000
S5	f	0.81838949	0.70708087	0.00000000	0.00000000	10.00000000	0.00000000	0.00000000
C1	c	0.89383711	0.26398899	0.29190704	0.00000000	8.00000000	0.02351887	0.00000000
C2	c	0.87557728	0.22412275	0.17524989	0.10000000	8.10000000	0.02299669	0.00000000
C3	c	0.92347859	0.22766874	0.11942194	0.20000000	8.20000000	0.02458462	0.00000000
C4	c	0.02646324	0.77761891	0.02349545	0.30000000	8.30000000	0.01174559	0.00000000
C5	c	0.04078676	0.81455106	0.10082808	0.40000000	8.40000000	0.02252456	0.00000000
C6	c	0.03222790	0.78612746	0.28764152	0.50000000	8.50000000	0.01764898	0.00000000
C7	c	0.00000000	0.83453951	0.20816531	0.60000000	8.60000000	0.01407607	0.00000000
C8	c	0.05432670	0.72668983	0.02779886	0.70000000	8.70000000	0.01495594	0.00000000
C9	c	0.13468203	0.80785992	0.11639197	0.80000000	8.80000000	0.02990753	0.00000000
C10	c	0.12200747	0.75667632	0.24666248	0.90000000	8.90000000	0.02910516	0.00000000
C11	c	0.72681370	0.45212499	0.27642838	1.00000000	9.00000000	0.02216061	0.00000000
C12	c	0.65695459	0.29263193	0.27931349	1.10000000	9.10000000	0.01555667	0.00000000
C13	c	0.64869587	0.43082995	0.12146395	1.20000000	9.20000000	0.02209062	0.00000000
C14	c	0.66310901	0.32922552	0.06544551	1.30000000	9.30000000	0.02496631	0.00000000
C15	c	0.54871648	0.36401764	0.10800800	1.40000000	9.40000000	0.01592220	0.00000000
C16	c	0.60401118	0.33820492	0.02643194	1.50000000	9.50000000	0.01494860	0.00000000
C17	c	0.48611951	0.05071671	0.18362132	1.60000000	9.60000000	0.02815721	0.00000000
C18	c	0.40613005	0.05129689	0.12044167	1.70000000	9.70000000	0.01383809	0.00000000
C19	c	0.56132713	0.06477767	0.19672943	1.80000000	9.80000000	0.02519551	0.00000000
C20	c	0.43590122	0.04267464	0.14358617	1.90000000	9.90000000	0.01562758	0.00000000
C21	c	0.45870067	0.14013994	0.19707704	2.00000000	10.00000000	0.02926556	0.00000000
C22	c	0.43209783	0.41687450	0.04042061	2.00000000	10.00000000	0.01202546	0.00000000
C23	c	0.36439009	0.40386692	0.19992333	2.00000000	10.00000000	0.01165573	0.00000000
C24	c	0.35948912	0.40365204	0.05962468	2.00000000	10.00000000	0.02355703	0.00000000
C25	c	0.37295689	0.42463295	0.04052964	2.00000000	10.00000000	0.01014921	0.00000000
C26	c	0.42505456	0.52220293	0.17031837	2.00000000	10.00000000	0.01721704	0.00000000
C27	c	0.37520039	0.50317290	0.18196502	2.00000000	10.00000000	0.02388818	0.00000000
C28	c	0.44524093	0.43791799	0.24653079	2.00000000	10.00000000	0.01745271	0.00000000
C29	c	0.46972227	0.49460375	0.07963871	2.00000000	10.00000000	0.02525437	0.00000000
C30	c	0.50499925	0.44091707	0.16493941	2.00000000	10.00000000	0.01525776	0.00000000

Q Vehicle fuel tank capacity /0.40000000/
C Vehicle load capacity /1.50000000/
r fuel consumption rate /0.25000000/
g inverse refueling rate /1.00000000/
v average Velocity /1.00000000/
