StringID	Type	x	y	demand	ReadyTime	DueDate	ServiceTime	altitude
D0	d	0.50000000	0.50000000	0.00000000	0.00000000	10.00000000	0.00000000	0.00000000
S0	f	0.02012204	0.55509820	0.00000000	0.00000000	10.00000000	0.00000000	0.00000000
S1	f	0.74496156	0.98316024	0.00000000	0.00000000	10.00000000	0.00000000	0.00000000
S2	f	0.73855344	0.79602330	0.00000000	0.00000000	10.00000000	0.00000000	0.00000000
S3	f	0.02266505	0.03948602	0.00000000	0.00000000	10.00000000	0.00000000	0.00000000
S4	f	0.49309563	0.03373931	0.00000000	0.00000000	10.00000000	0.00000000	0.00000000
S5	f	0.73528808	0.85370579	0.00000000	0.00000000	10.00000000	0.00000000	0.00000000
S6	f	0.17034921	0.75983431	0.00000000	0.00000000	10.00000000	0.00000000	0.00000000
S7	f	0.39274399	0.30120656	0.00000000	0.00000000	10.00000000	0.00000000	0.00000000
S8	f	0.76086087	0.00246282	0.00000000	0.00000000	10.00000000	0.00000000	0.00000000
S9	f	0.69815574	0.91768872	0.00000000	0.00000000	10.00000000	0.00000000	0.00000000
C1	c	0.67133326	0.12382846	0.14184265	0.00000000	8.00000000	0.01533926	0.00000000
C2	c	0.57750991	0.09395407	0.09502074	0.06000000	8.06000000	0.01494636	0.00000000
C3	c	0.75924552	0.11464443	0.01947660	0.12000000	8.12000000	0.01034462	0.00000000
C4	c	0.63252901	0.14165804	0.01903415	0.18000000	8.18000000	0.02852353	0.00000000
C5	c	0.69120003	0.13680519	0.12968184	0.24000000	8.24000000	0.02678297	0.00000000
C6	c	0.54300081	0.14025636	0.11411005	0.30000000	8.30000000	0.01221907	0.00000000
C7	c	0.75626124	0.06704005	0.12024937	0.36000000	8.36000000	0.01073789	0.00000000
C8	c	0.70069952	0.14937483	0.01450599	0.42000000	8.42000000	0.02298417	0.00000000
C9	c	0.35702695	0.74027126	0.15344069	0.48000000	8.48000000	0.01442660	0.00000000
C10	c	0.40959097	0.64561048	0.02772309	0.54000000	8.54000000	0.01669656	0.00000000
C11	c	0.37821699	0.66394372	0.04577417	0.60000000	8.60000000	0.02678382	0.00000000
C12	c	0.34311725	0.69289358	0.08739172	0.66000000	8.66000000	0.02348078	0.00000000
C13	c	0.45198131	0.67001994	0.14346487	0.72000000	8.72000000	0.02023229	0.00000000
C14	c	0.36855768	0.69282105	0.13139487	0.78000000	8.78000000	0.01345428	0.00000000
C15	c	0.83613775	0.21507264	0.08451269	0.84000000	8.84000000	0.01533586	0.00000000
C16	c	0.85940144	0.21846717	0.01684085	0.90000000	8.90000000	0.02387472	0.00000000
C17	c	0.88630264	0.12294316	0.07445960	0.96000000	8.96000000	0.01275377	0.00000000
C18	c	0.98341609	0.26463190	0.09035448	1.02000000	9.02000000	0.02429159	0.00000000
C19	c	0.86328718	0.20204309	0.12062597	1.08000000	9.08000000	0.02522923	0.00000000
C20	c	0.86550683	0.17366097	0.05018344	1.14000000	9.14000000	0.01079437	0.00000000
C21	c	0.88992137	0.20484341	0.05672647	1.20000000	9.20000000	0.01165015	0.00000000
C22	c	0.93930463	0.25949478	0.14376051	1.26000000	9.26000000	0.02526185	0.00000000
C23	c	0.88803540	0.15888233	0.02493819	1.32000000	9.32000000	0.01340698	0.00000000
C24	c	0.87890765	0.18005912	0.13909487	1.38000000	9.38000000	0.01763475	0.00000000
C25	c	0.53806684	0.93022899	0.08424828	1.44000000	9.44000000	0.02797005	0.00000000
C26	c	0.47203483	0.97139974	0.14622260	1.50000000	9.50000000	0.01594229	0.00000000
C27	c	0.62027984	0.98236795	0.06384831	1.56000000	9.56000000	0.02633961	0.00000000
C28	c	0.49245472	1.00000000	0.05275274	1.62000000	9.62000000	0.01617686	0.00000000
C29	c	0.37196379	0.42099929	0.16670015	1.68000000	9.68000000	0.02099715	0.00000000
C30	c	0.36443421	0.38567168	0.09480119	1.74000000	9.74000000	0.01271871	0.00000000
C31	c	0.41250988	0.48145998	0.04677283	1.80000000	9.80000000	0.02848798	0.00000000
C32	c	0.43973693	0.39473803	0.09930245	1.86000000	9.86000000	0.02297250	0.00000000
C33	c	0.38751230	0.40068006	0.08882127	1.92000000	9.92000000	0.01099910	0.00000000
C34	c	0.48062444	0.39071046	0.15483694	1.98000000	9.98000000	0.02843926	0.00000000
C35	c	0.78259114	0.18492803	0.13848607	2.00000000	10.00000000	0.02369368	0.00000000
C36	c	0.69779881	0.10655548	0.07958007	2.00000000	10.00000000	0.01234626	0.00000000
C37	c	0.70040757	0.34125583	0.14664192	2.00000000	10.00000000	0.02836718	0.00000000
C38	c	0.74082867	0.06735205	0.08704968	2.00000000	10.00000000	0.01743386	0.00000000
C39	c	0.74135244	0.19454755	0.11371315	2.00000000	10.00000000	0.02527996	0.00000000
C40	c	0.84055589	0.11522079	0.09458052	2.00000000	10.00000000	0.02868768	0.00000000
C41	c	0.78039855	0.17139066	0.03728922	2.00000000	10.00000000	0.01674390	0.00000000
C42	c	0.67050294	0.15462084	0.13486884	2.00000000	10.00000000	0.02761157	0.00000000
C43	c	0.68734148	0.16122423	0.06072536	2.00000000	10.00000000	0.02612083	0.00000000
C44	c	0.02171093	0.21274036	0.13304379	2.00000000	10.00000000	0.02884588	0.00000000
C45	c	0.03281077	0.31283729	0.04506578	2.00000000	10.00000000	0.01521239	0.00000000
C46	c	0.02413566	0.20689147	0.09036363	2.00000000	10.00000000	0.01294017	0.00000000
C47	c	0.02600819	0.23091196	0.11983388	2.00000000	10.00000000	0.02255557	0.00000000
C48	c	0.13327876	0.25270578	0.06814017	2.00000000	10.00000000	0.01120665	0.00000000
C49	c	0.05097713	0.26276900	0.02022014	2.00000000	10.00000000	0.01071189	0.00000000
C50	c	0.00092418	0.28810426	0.08748314	2.00000000	10.00000000	0.01953982	0.00000000

Q Vehicle fuel tank capacity /0.40000000/
C Vehicle load capacity /1.50000000/
r fuel consumption rate /0.25000000/
g inverse refueling rate /1.00000000/
v average Velocity /1.00000000/
