StringID	Type	x	y	demand	ReadyTime	DueDate	ServiceTime	altitude
D0	d	0.50000000	0.50000000	0.00000000	0.00000000	10.00000000	0.00000000	0.00000000
S0	f	0.64007441	0.13731143	0.00000000	0.00000000	10.00000000	0.00000000	0.00000000
S1	f	0.27707431	0.86896688	0.00000000	0.00000000	10.00000000	0.00000000	0.00000000
S2	f	0.50586388	0.77446948	0.00000000	0.00000000	10.00000000	0.00000000	0.00000000
S3	f	0.27092762	0.48369025	0.00000000	0.00000000	10.00000000	0.00000000	0.00000000
S4	f	0.44107785	0.32905482	0.00000000	0.00000000	10.00000000	0.00000000	0.00000000
S5	f	0.17306713	0.99232721	0.00000000	0.00000000	10.00000000	0.00000000	0.00000000
C1	c	0.35509056	0.21796080	0.22839315	0.00000000	8.00000000	0.01997871	0.00000000
C2	c	0.35824543	0.16673035	0.20830730	0.10000000	8.10000000	0.01849051	0.00000000
C3	c	0.36206842	0.25632416	0.13707157	0.20000000	8.20000000	0.01517499	0.00000000
C4	c	0.25893892	0.12888465	0.05226266	0.30000000	8.30000000	0.02708013	0.00000000
C5	c	0.39852341	0.24040798	0.11062029	0.40000000	8.40000000	0.01538477	0.00000000
C6	c	0.34324669	0.10565280	0.05277047	0.50000000	8.50000000	0.02259201	0.00000000
C7	c	0.40994161	0.19002402	0.19246972	0.60000000	8.60000000	0.01592110	0.00000000
C8	c	0.35581863	0.15474808	0.09904887	0.70000000	8.70000000	0.02458012	0.00000000
C9	c	0.38095133	0.26032151	0.09832588	0.80000000	8.80000000	0.01016036	0.00000000
C10	c	0.33192267	0.22781466	0.11715026	0.90000000	8.90000000	0.02715359	0.00000000
C11	c	0.25949212	0.28117050	0.13042529	1.00000000	9.00000000	0.02128538	0.00000000
C12	c	0.33160517	0.21823849	0.21073745	1.10000000	9.10000000	0.02802122	0.00000000
C13	c	0.40163589	0.25451549	0.24280223	1.20000000	9.20000000	0.02142691	0.00000000
C14	c	0.33578494	0.12863589	0.09332843	1.30000000	9.30000000	0.02488173	0.00000000
C15	c	0.77943877	0.80490824	0.19289130	1.40000000	9.40000000	0.01900423	0.00000000
C16	c	0.87018198	0.80039384	0.26006842	1.50000000	9.50000000	0.02143921	0.00000000
C17	c	0.78104501	0.80019015	0.24564894	1.60000000	9.60000000	0.01879414	0.00000000
C18	c	0.85381797	0.78359917	0.16137383	1.70000000	9.70000000	0.01703179	0.00000000
C19	c	0.89126558	0.79940832	0.14443120	1.80000000	9.80000000	0.02987068	0.00000000
C20	c	0.13486718	0.19523846	0.21665247	1.90000000	9.90000000	0.02212635	0.00000000
C21	c	0.12465631	0.29082970	0.10255117	2.00000000	10.00000000	0.02309041	0.00000000
C22	c	0.12286947	0.25508495	0.28731001	2.00000000	10.00000000	0.02140202	0.00000000
C23	c	0.14396430	0.33926254	0.10866473	2.00000000	10.00000000	0.01856684	0.00000000
C24	c	0.08522387	0.27696144	0.15098728	2.00000000	10.00000000	0.01190304	0.00000000
C25	c	0.10953822	0.38716230	0.28637526	2.00000000	10.00000000	0.02808070	0.00000000
C26	c	0.11360131	0.23224056	0.11729488	2.00000000	10.00000000	0.01644868	0.00000000
C27	c	0.68433112	0.04498261	0.07275394	2.00000000	10.00000000	0.02928299	0.00000000
C28	c	0.76285563	0.10920858	0.10952667	2.00000000	10.00000000	0.01862777	0.00000000
C29	c	0.65917593	0.07096099	0.04144494	2.00000000	10.00000000	0.02764685	0.00000000
C30	c	0.61290874	0.07574224	0.02831139	2.00000000	10.00000000	0.01041368	0.00000000

Q Vehicle fuel tank capacity /0.40000000/
C Vehicle load capacity /1.50000000/
r fuel consumption rate /0.25000000/
g inverse refueling rate /1.00000000/
v average Velocity /1.00000000/
