StringID	Type	x	y	demand	ReadyTime	DueDate	ServiceTime	altitude
D0	d	0.50000000	0.50000000	0.00000000	0.00000000	10.00000000	0.00000000	0.00000000
S0	f	0.39230604	0.73427207	0.00000000	0.00000000	10.00000000	0.00000000	0.00000000
S1	f	0.40628807	0.89171017	0.00000000	0.00000000	10.00000000	0.00000000	0.00000000
S2	f	0.59057630	0.77988290	0.00000000	0.00000000	10.00000000	0.00000000	0.00000000
S3	f	0.67497810	0.92668475	0.00000000	0.00000000	10.00000000	0.00000000	0.00000000
S4	f	0.14115413	0.40125983	0.00000000	0.00000000	10.00000000	0.00000000	0.00000000
S5	f	0.69153024	0.84347481	0.00000000	0.00000000	10.00000000	0.00000000	0.00000000
S6	f	0.02238882	0.56951826	0.00000000	0.00000000	10.00000000	0.00000000	0.00000000
S7	f	0.87884594	0.27578781	0.00000000	0.00000000	10.00000000	0.00000000	0.00000000
S8	f	0.94183739	0.57591926	0.00000000	0.00000000	10.00000000	0.00000000	0.00000000
S9	f	0.11607899	0.24459828	0.00000000	0.00000000	10.00000000	0.00000000	0.00000000
C1	c	0.00000000	0.66660614	0.15716887	0.00000000	8.00000000	0.02145610	0.00000000
C2	c	0.02235903	0.61672671	0.10683629	0.06000000	8.06000000	0.01390491	0.00000000
C3	c	0.01470083	0.75612036	0.05353107	0.12000000	8.12000000	0.01908506	0.00000000
C4	c	0.07369963	0.67769165	0.01985132	0.18000000	8.18000000	0.01098534	0.00000000
C5	c	0.05789908	0.64632621	0.16703213	0.24000000	8.24000000	0.01350863	0.00000000
C6	c	0.00000000	0.60492971	0.09805631	0.30000000	8.30000000	0.01425934	0.00000000
C7	c	0.41896299	0.36427148	0.05030846	0.36000000	8.36000000	0.02084955	0.00000000
C8	c	0.36597842	0.36781207	0.10847584	0.42000000	8.42000000	0.01081624	0.00000000
C9	c	0.35729367	0.43116324	0.12958790	0.48000000	8.48000000	0.01728410	0.00000000
C10	c	0.39670515	0.29866035	0.03960671	0.54000000	8.54000000	0.02318004	0.00000000
C11	c	0.42653503	0.37027882	0.10092948	0.60000000	8.60000000	0.01575870	0.00000000
C12	c	0.35835390	0.38449246	0.17047748	0.66000000	8.66000000	0.02540901	0.00000000
C13	c	0.49668915	0.22390868	0.16270859	0.72000000	8.72000000	0.01051143	0.00000000
C14	c	0.33735295	0.29722305	0.16484536	0.78000000	8.78000000	0.01034760	0.00000000
C15	c	0.45698055	0.27013113	0.14164381	0.84000000	8.84000000	0.02587393	0.00000000
C16	c	0.60616409	0.11297636	0.06683059	0.90000000	8.90000000	0.02514120	0.00000000
C17	c	0.60248910	0.00000000	0.11614022	0.96000000	8.96000000	0.02799877	0.00000000
C18	c	0.56779777	0.06874412	0.14417745	1.02000000	9.02000000	0.02813945	0.00000000
C19	c	0.60540969	0.03667327	0.14363568	1.08000000	9.08000000	0.02127166	0.00000000
C20	c	0.48159059	0.00000000	0.03242219	1.14000000	9.14000000	0.02743728	0.00000000
C21	c	0.61147663	0.06272283	0.08358061	1.20000000	9.20000000	0.01306396	0.00000000
C22	c	0.08315684	0.75718631	0.16002692	1.26000000	9.26000000	0.01064537	0.00000000
C23	c	0.11686731	0.67240748	0.02276457	1.32000000	9.32000000	0.02549086	0.00000000
C24	c	0.08191638	0.68036180	0.08796623	1.38000000	9.38000000	0.02959872	0.00000000
C25	c	0.13743172	0.62117786	0.12300077	1.44000000	9.44000000	0.01117869	0.00000000
C26	c	0.25342066	0.67286155	0.04953155	1.50000000	9.50000000	0.02553449	0.00000000
C27	c	0.21177493	0.63629867	0.12118563	1.56000000	9.56000000	0.02336201	0.00000000
C28	c	0.19877584	0.67152804	0.13348409	1.62000000	9.62000000	0.02535542	0.00000000
C29	c	0.06579315	0.63229893	0.04297253	1.68000000	9.68000000	0.01087337	0.00000000
C30	c	0.06756151	0.65084072	0.01823032	1.74000000	9.74000000	0.01264311	0.00000000
C31	c	0.13023856	0.62793491	0.11521118	1.80000000	9.80000000	0.02188219	0.00000000
C32	c	0.21310521	0.95845865	0.02340908	1.86000000	9.86000000	0.02774267	0.00000000
C33	c	0.28478310	0.94184934	0.06676891	1.92000000	9.92000000	0.02204204	0.00000000
C34	c	0.17714549	0.97891592	0.07322960	1.98000000	9.98000000	0.01882245	0.00000000
C35	c	0.26219344	0.90614029	0.08940631	2.00000000	10.00000000	0.01116484	0.00000000
C36	c	0.32149097	0.95515264	0.08582787	2.00000000	10.00000000	0.01085677	0.00000000
C37	c	0.26528579	0.96487248	0.06726226	2.00000000	10.00000000	0.01639129	0.00000000
C38	c	0.25432675	0.94470725	0.08111155	2.00000000	10.00000000	0.01691232	0.00000000
C39	c	0.56469161	0.58751047	0.02622514	2.00000000	10.00000000	0.01616543	0.00000000
C40	c	0.67950200	0.55939710	0.11882371	2.00000000	10.00000000	0.01675283	0.00000000
C41	c	0.65696478	0.57175816	0.13001136	2.00000000	10.00000000	0.02933022	0.00000000
C42	c	0.70712955	0.56092618	0.05477248	2.00000000	10.00000000	0.01594910	0.00000000
C43	c	0.68100792	0.57164374	0.03795240	2.00000000	10.00000000	0.01112324	0.00000000
C44	c	0.72473683	0.61519928	0.02815899	2.00000000	10.00000000	0.01311060	0.00000000
C45	c	0.68770657	0.54574744	0.06239385	2.00000000	10.00000000	0.02395216	0.00000000
C46	c	0.29439787	0.01225214	0.14123523	2.00000000	10.00000000	0.01184465	0.00000000
C47	c	0.34271804	0.12721696	0.05294369	2.00000000	10.00000000	0.02255598	0.00000000
C48	c	0.34011770	0.10175331	0.11602577	2.00000000	10.00000000	0.01823541	0.00000000
C49	c	0.34358482	0.11858324	0.02976018	2.00000000	10.00000000	0.02148842	0.00000000
C50	c	0.40488669	0.10738453	0.08246147	2.00000000	10.00000000	0.01980730	0.00000000

Q Vehicle fuel tank capacity /0.40000000/
C Vehicle load capacity /1.50000000/
r fuel consumption rate /0.25000000/
g inverse refueling rate /1.00000000/
v average Velocity /1.00000000/
