StringID	Type	x	y	demand	ReadyTime	DueDate	ServiceTime	altitude
D0	d	0.50000000	0.50000000	0.00000000	0.00000000	10.00000000	0.00000000	0.00000000
S0	f	0.53286439	0.35961695	0.00000000	0.00000000	10.00000000	0.00000000	0.00000000
S1	f	0.96403455	0.65819855	0.00000000	0.00000000	10.00000000	0.00000000	0.00000000
S2	f	0.12773470	0.29280828	0.00000000	0.00000000	10.00000000	0.00000000	0.00000000
S3	f	0.74705159	0.85905173	0.00000000	0.00000000	10.00000000	0.00000000	0.00000000
S4	f	0.80897006	0.74328167	0.00000000	0.00000000	10.00000000	0.00000000	0.00000000
S5	f	0.08112951	0.62197319	0.00000000	0.00000000	10.00000000	0.00000000	0.00000000
S6	f	0.60953274	0.74029853	0.00000000	0.00000000	10.00000000	0.00000000	0.00000000
S7	f	0.12918677	0.60621020	0.00000000	0.00000000	10.00000000	0.00000000	0.00000000
S8	f	0.18850130	0.47975480	0.00000000	0.00000000	10.00000000	0.00000000	0.00000000
S9	f	0.73893126	0.06327979	0.00000000	0.00000000	10.00000000	0.00000000	0.00000000
C1	c	0.34911792	0.74132080	0.02343070	0.00000000	8.00000000	0.02607749	0.00000000
C2	c	0.18486872	0.78358343	0.07998192	0.06000000	8.06000000	0.01268593	0.00000000
C3	c	0.23009405	0.84974150	0.04198305	0.12000000	8.12000000	0.01471918	0.00000000
C4	c	0.29916681	0.82135478	0.10329069	0.18000000	8.18000000	0.01843776	0.00000000
C5	c	0.27433937	0.74433198	0.05169131	0.24000000	8.24000000	0.01652317	0.00000000
C6	c	0.34270467	0.88732272	0.02104999	0.30000000	8.30000000	0.01763397	0.00000000
C7	c	0.29396543	0.89278029	0.09533485	0.36000000	8.36000000	0.02649615	0.00000000
C8	c	0.32166839	0.74816369	0.09360028	0.42000000	8.42000000	0.01277735	0.00000000
C9	c	0.33313683	0.89655306	0.12423733	0.48000000	8.48000000	0.02662206	0.00000000
C10	c	0.80991692	1.00000000	0.14357466	0.54000000	8.54000000	0.02053283	0.00000000
C11	c	0.76351786	1.00000000	0.01473852	0.60000000	8.60000000	0.01520658	0.00000000
C12	c	0.81809950	1.00000000	0.12778772	0.66000000	8.66000000	0.02531633	0.00000000
C13	c	0.82414159	0.99572517	0.11694901	0.72000000	8.72000000	0.02767658	0.00000000
C14	c	0.71917755	0.89402849	0.11093734	0.78000000	8.78000000	0.02445173	0.00000000
C15	c	0.04324519	0.95354248	0.11387838	0.84000000	8.84000000	0.01209941	0.00000000
C16	c	0.01053138	0.96577473	0.13471053	0.90000000	8.90000000	0.01065912	0.00000000
C17	c	0.14238074	0.89003898	0.01625886	0.96000000	8.96000000	0.01200625	0.00000000
C18	c	0.05916713	0.97944154	0.04512976	1.02000000	9.02000000	0.01918646	0.00000000
C19	c	0.01011079	0.98253800	0.05536954	1.08000000	9.08000000	0.02525265	0.00000000
C20	c	0.05985770	0.95762350	0.08370876	1.14000000	9.14000000	0.01751011	0.00000000
C21	c	0.03981622	1.00000000	0.14461091	1.20000000	9.20000000	0.02538193	0.00000000
C22	c	0.13431706	0.90089193	0.02437648	1.26000000	9.26000000	0.02880441	0.00000000
C23	c	0.08996162	0.97990088	0.14730104	1.32000000	9.32000000	0.01389417	0.00000000
C24	c	0.00385084	0.91889144	0.16204064	1.38000000	9.38000000	0.01961087	0.00000000
C25	c	0.00000000	0.97901090	0.15723604	1.44000000	9.44000000	0.02402337	0.00000000
C26	c	0.03747866	0.87845313	0.12299608	1.50000000	9.50000000	0.01072946	0.00000000
C27	c	0.64974439	0.77154978	0.06989891	1.56000000	9.56000000	0.01082388	0.00000000
C28	c	0.52198141	0.83554975	0.12671221	1.62000000	9.62000000	0.01618462	0.00000000
C29	c	0.59918140	0.86798128	0.16281372	1.68000000	9.68000000	0.01546278	0.00000000
C30	c	0.59213012	0.93750650	0.10341599	1.74000000	9.74000000	0.02684424	0.00000000
C31	c	0.46246119	0.82825157	0.02597166	1.80000000	9.80000000	0.01687446	0.00000000
C32	c	0.57377237	0.85231351	0.07714171	1.86000000	9.86000000	0.02842187	0.00000000
C33	c	0.60633113	0.90622243	0.03810534	1.92000000	9.92000000	0.01363902	0.00000000
C34	c	0.39946346	0.36563816	0.04197137	1.98000000	9.98000000	0.01643851	0.00000000
C35	c	0.49803010	0.29289794	0.03309466	2.00000000	10.00000000	0.01200585	0.00000000
C36	c	0.48885158	0.34296177	0.09403170	2.00000000	10.00000000	0.01239390	0.00000000
C37	c	0.83306999	0.13474153	0.08226075	2.00000000	10.00000000	0.02759958	0.00000000
C38	c	0.82324084	0.08060006	0.16303209	2.00000000	10.00000000	0.01392703	0.00000000
C39	c	0.79586269	0.24395620	0.14230051	2.00000000	10.00000000	0.01965017	0.00000000
C40	c	0.81804209	0.21891367	0.10876847	2.00000000	10.00000000	0.01753931	0.00000000
C41	c	0.83428564	0.04363869	0.05530898	2.00000000	10.00000000	0.02640108	0.00000000
C42	c	0.80132028	0.17654593	0.03548131	2.00000000	10.00000000	0.02170138	0.00000000
C43	c	0.63141607	0.43296838	0.13210108	2.00000000	10.00000000	0.01274059	0.00000000
C44	c	0.66840047	0.45803749	0.12607790	2.00000000	10.00000000	0.01629505	0.00000000
C45	c	0.61506791	0.39086654	0.08967046	2.00000000	10.00000000	0.02062458	0.00000000
C46	c	0.66490010	0.43695401	0.04816690	2.00000000	10.00000000	0.01995748	0.00000000
C47	c	0.62653670	0.41562772	0.06272243	2.00000000	10.00000000	0.01460507	0.00000000
C48	c	0.64145122	0.36473668	0.11914922	2.00000000	10.00000000	0.01603528	0.00000000
C49	c	0.72006761	0.46009988	0.09521503	2.00000000	10.00000000	0.01045878	0.00000000
C50	c	0.63712777	0.41052669	0.11038321	2.00000000	10.00000000	0.01683191	0.00000000

Q Vehicle fuel tank capacity /0.40000000/
C Vehicle load capacity /1.50000000/
r fuel consumption rate /0.25000000/
g inverse refueling rate /1.00000000/
v average Velocity /1.00000000/
