StringID	Type	x	y	demand	ReadyTime	DueDate	ServiceTime	altitude
D0	d	0.50000000	0.50000000	0.00000000	0.00000000	10.00000000	0.00000000	0.00000000
S0	f	0.27957519	0.38413895	0.00000000	0.00000000	10.00000000	0.00000000	0.00000000
S1	f	0.74129487	0.67620064	0.00000000	0.00000000	10.00000000	0.00000000	0.00000000
S2	f	0.92240451	0.65410643	0.00000000	0.00000000	10.00000000	0.00000000	0.00000000
S3	f	0.05373785	0.61949316	0.00000000	0.00000000	10.00000000	0.00000000	0.00000000
S4	f	0.73965378	0.45552623	0.00000000	0.00000000	10.00000000	0.00000000	0.00000000
S5	f	0.21536863	0.94475888	0.00000000	0.00000000	10.00000000	0.00000000	0.00000000
S6	f	0.57482862	0.53875666	0.00000000	0.00000000	10.00000000	0.00000000	0.00000000
S7	f	0.19958995	0.28466689	0.00000000	0.00000000	10.00000000	0.00000000	0.00000000
S8	f	0.69339381	0.58189839	0.00000000	0.00000000	10.00000000	0.00000000	0.00000000
S9	f	0.22021027	0.11652488	0.00000000	0.00000000	10.00000000	0.00000000	0.00000000
C1	c	0.87621602	0.37753547	0.10118990	0.00000000	8.00000000	0.01366623	0.00000000
C2	c	0.84219374	0.41671434	0.06553005	0.06000000	8.06000000	0.01922129	0.00000000
C3	c	0.84385269	0.35318317	0.08546756	0.12000000	8.12000000	0.02854815	0.00000000
C4	c	0.77241081	0.37710818	0.02352758	0.18000000	8.18000000	0.02912349	0.00000000
C5	c	0.73460597	0.41327697	0.14118057	0.24000000	8.24000000	0.02945258	0.00000000
C6	c	0.84182487	0.41746225	0.14862722	0.30000000	8.30000000	0.02809850	0.00000000
C7	c	0.73273634	0.24489943	0.11532821	0.36000000	8.36000000	0.02088960	0.00000000
C8	c	0.72473333	0.32461306	0.05191703	0.42000000	8.42000000	0.01548002	0.00000000
C9	c	0.88476467	0.33447266	0.03641694	0.48000000	8.48000000	0.02663365	0.00000000
C10	c	0.72939322	0.99862391	0.07773591	0.54000000	8.54000000	0.02120284	0.00000000
C11	c	0.73032303	1.00000000	0.13617527	0.60000000	8.60000000	0.01716500	0.00000000
C12	c	0.76747707	0.94820048	0.06023268	0.66000000	8.66000000	0.02548240	0.00000000
C13	c	0.62176542	0.94596753	0.14143507	0.72000000	8.72000000	0.01889957	0.00000000
C14	c	0.71809103	0.98771582	0.11752310	0.78000000	8.78000000	0.01238473	0.00000000
C15	c	0.68658029	1.00000000	0.14077369	0.84000000	8.84000000	0.01811884	0.00000000
C16	c	0.64787697	0.94514342	0.12705412	0.90000000	8.90000000	0.01226900	0.00000000
C17	c	0.61891913	0.94381817	0.14415064	0.96000000	8.96000000	0.02970261	0.00000000
C18	c	0.48514682	0.25559950	0.07897882	1.02000000	9.02000000	0.01853498	0.00000000
C19	c	0.43585186	0.40840001	0.15446357	1.08000000	9.08000000	0.01953948	0.00000000
C20	c	0.49352173	0.37096130	0.07583785	1.14000000	9.14000000	0.02410256	0.00000000
C21	c	0.50499541	0.40375124	0.07967548	1.20000000	9.20000000	0.01505283	0.00000000
C22	c	0.46896862	0.25879532	0.02042803	1.26000000	9.26000000	0.02875817	0.00000000
C23	c	0.45891158	0.37159162	0.09089692	1.32000000	9.32000000	0.01357531	0.00000000
C24	c	0.41685531	0.41571794	0.04381890	1.38000000	9.38000000	0.02708133	0.00000000
C25	c	0.47359383	0.28488972	0.09902389	1.44000000	9.44000000	0.01316263	0.00000000
C26	c	0.39751617	0.31331431	0.15639728	1.50000000	9.50000000	0.02595373	0.00000000
C27	c	0.48055331	0.51479167	0.09215767	1.56000000	9.56000000	0.02182103	0.00000000
C28	c	0.93614773	0.14981983	0.07156540	1.62000000	9.62000000	0.02435232	0.00000000
C29	c	0.91477837	0.05509275	0.04260370	1.68000000	9.68000000	0.01426267	0.00000000
C30	c	0.88653713	0.08609683	0.08227501	1.74000000	9.74000000	0.02709420	0.00000000
C31	c	0.96689294	0.08303417	0.06948898	1.80000000	9.80000000	0.01575940	0.00000000
C32	c	0.94937966	0.14866696	0.04758194	1.86000000	9.86000000	0.02832570	0.00000000
C33	c	0.96259193	0.02553072	0.14423684	1.92000000	9.92000000	0.01279730	0.00000000
C34	c	0.80501664	0.08351887	0.13146817	1.98000000	9.98000000	0.01117505	0.00000000
C35	c	0.24336711	0.36128222	0.01844376	2.00000000	10.00000000	0.02519308	0.00000000
C36	c	0.31937468	0.34866277	0.08387069	2.00000000	10.00000000	0.02936850	0.00000000
C37	c	0.73994906	0.30195992	0.05514336	2.00000000	10.00000000	0.02550432	0.00000000
C38	c	0.87804582	0.36835421	0.12438759	2.00000000	10.00000000	0.01125214	0.00000000
C39	c	0.82832001	0.34090645	0.13740020	2.00000000	10.00000000	0.01087464	0.00000000
C40	c	0.78829499	0.26763319	0.13414130	2.00000000	10.00000000	0.01472480	0.00000000
C41	c	0.88529306	0.36781821	0.01477401	2.00000000	10.00000000	0.01106354	0.00000000
C42	c	0.85076156	0.25731388	0.06641782	2.00000000	10.00000000	0.01567674	0.00000000
C43	c	0.80321321	0.35243118	0.12699935	2.00000000	10.00000000	0.01284249	0.00000000
C44	c	0.82833405	0.31537736	0.13919423	2.00000000	10.00000000	0.02834827	0.00000000
C45	c	1.00000000	0.68817604	0.01296614	2.00000000	10.00000000	0.01733619	0.00000000
C46	c	1.00000000	0.71035507	0.05464726	2.00000000	10.00000000	0.01090408	0.00000000
C47	c	0.99643327	0.79624360	0.13543147	2.00000000	10.00000000	0.02694218	0.00000000
C48	c	0.94631852	0.75016538	0.10890220	2.00000000	10.00000000	0.01425847	0.00000000
C49	c	0.96300045	0.68609540	0.03943986	2.00000000	10.00000000	0.02416371	0.00000000
C50	c	0.97862027	0.76308555	0.05267678	2.00000000	10.00000000	0.02725545	0.00000000

Q Vehicle fuel tank capacity /0.40000000/
C Vehicle load capacity /1.50000000/
r fuel consumption rate /0.25000000/
g inverse refueling rate /1.00000000/
v average Velocity /1.00000000/
