StringID	Type	x	y	demand	ReadyTime	DueDate	ServiceTime	altitude
D0	d	0.50000000	0.50000000	0.00000000	0.00000000	10.00000000	0.00000000	0.00000000
S0	f	0.31820562	0.83749409	0.00000000	0.00000000	10.00000000	0.00000000	0.00000000
S1	f	0.47776108	0.13865717	0.00000000	0.00000000	10.00000000	0.00000000	0.00000000
S2	f	0.93326433	0.55024970	0.00000000	0.00000000	10.00000000	0.00000000	0.00000000
S3	f	0.05862727	0.32814186	0.00000000	0.00000000	10.00000000	0.00000000	0.00000000
S4	f	0.43636030	0.52628344	0.00000000	0.00000000	10.00000000	0.00000000	0.00000000
S5	f	0.99249025	0.19098175	0.00000000	0.00000000	10.00000000	0.00000000	0.00000000
S6	f	0.61404695	0.74758006	0.00000000	0.00000000	10.00000000	0.00000000	0.00000000
S7	f	0.95150371	0.66019152	0.00000000	0.00000000	10.00000000	0.00000000	0.00000000
S8	f	0.19939869	0.53640027	0.00000000	0.00000000	10.00000000	0.00000000	0.00000000
S9	f	0.42796494	0.75299701	0.00000000	0.00000000	10.00000000	0.00000000	0.00000000
C1	c	0.25345898	0.78336390	0.02143953	0.00000000	8.00000000	0.02757895	0.00000000
C2	c	0.26893966	0.84486041	0.05514108	0.06000000	8.06000000	0.01067597	0.00000000
C3	c	0.29361747	0.79400686	0.08681923	0.12000000	8.12000000	0.02482010	0.00000000
C4	c	0.45248000	0.79839610	0.14661099	0.18000000	8.18000000	0.02170045	0.00000000
C5	c	0.27887227	0.85209752	0.07931695	0.24000000	8.24000000	0.01192768	0.00000000
C6	c	0.39359860	0.61337783	0.08083505	0.30000000	8.30000000	0.01208073	0.00000000
C7	c	0.27109334	0.85642752	0.13958495	0.36000000	8.36000000	0.01476890	0.00000000
C8	c	0.79977110	0.30995975	0.15076697	0.42000000	8.42000000	0.01939775	0.00000000
C9	c	0.74274780	0.34216124	0.12704246	0.48000000	8.48000000	0.02478003	0.00000000
C10	c	0.78764924	0.28118387	0.04575114	0.54000000	8.54000000	0.01498940	0.00000000
C11	c	0.67235325	0.25169546	0.03555051	0.60000000	8.60000000	0.02412827	0.00000000
C12	c	0.77347073	0.27086810	0.12245181	0.66000000	8.66000000	0.02279054	0.00000000
C13	c	0.28970159	0.50311769	0.15642061	0.72000000	8.72000000	0.01528978	0.00000000
C14	c	0.30930226	0.35918269	0.02123522	0.78000000	8.78000000	0.02136149	0.00000000
C15	c	0.31025573	0.35889540	0.01154227	0.84000000	8.84000000	0.02452876	0.00000000
C16	c	0.29770402	0.37592236	0.10827598	0.90000000	8.90000000	0.01978415	0.00000000
C17	c	0.22225135	0.33362859	0.14615736	0.96000000	8.96000000	0.02787915	0.00000000
C18	c	0.24805283	0.27311971	0.14898577	1.02000000	9.02000000	0.02951685	0.00000000
C19	c	0.28732708	0.34153719	0.12928642	1.08000000	9.08000000	0.01921132	0.00000000
C20	c	0.27576621	0.42150651	0.01757077	1.14000000	9.14000000	0.02006459	0.00000000
C21	c	0.33916222	0.40560195	0.11798031	1.20000000	9.20000000	0.01975784	0.00000000
C22	c	0.25654076	0.36547315	0.14003025	1.26000000	9.26000000	0.02595849	0.00000000
C23	c	0.26670469	0.33957748	0.08979733	1.32000000	9.32000000	0.01063730	0.00000000
C24	c	0.58250078	0.40562925	0.03149758	1.38000000	9.38000000	0.01683384	0.00000000
C25	c	0.54316506	0.52306877	0.11918615	1.44000000	9.44000000	0.01150807	0.00000000
C26	c	0.58503219	0.43442167	0.15260877	1.50000000	9.50000000	0.02173521	0.00000000
C27	c	0.54636167	0.54860689	0.08996858	1.56000000	9.56000000	0.01338297	0.00000000
C28	c	0.56981260	0.46547556	0.05630462	1.62000000	9.62000000	0.02075399	0.00000000
C29	c	0.53309318	0.47045186	0.14008400	1.68000000	9.68000000	0.02384848	0.00000000
C30	c	0.58593265	0.47117366	0.08692450	1.74000000	9.74000000	0.01304602	0.00000000
C31	c	0.88626836	0.19290741	0.10639414	1.80000000	9.80000000	0.01306347	0.00000000
C32	c	0.88188577	0.11826911	0.06980645	1.86000000	9.86000000	0.01577211	0.00000000
C33	c	0.94741723	0.04696920	0.09207731	1.92000000	9.92000000	0.02414288	0.00000000
C34	c	0.96966011	0.04118144	0.01987408	1.98000000	9.98000000	0.02116883	0.00000000
C35	c	1.00000000	0.00000000	0.05773233	2.00000000	10.00000000	0.02756963	0.00000000
C36	c	0.84452828	0.22378791	0.14705405	2.00000000	10.00000000	0.01626656	0.00000000
C37	c	0.91668811	0.13541079	0.15024954	2.00000000	10.00000000	0.02565274	0.00000000
C38	c	0.80816989	0.71425879	0.09184965	2.00000000	10.00000000	0.02718120	0.00000000
C39	c	0.74925874	0.68623532	0.05880933	2.00000000	10.00000000	0.01186100	0.00000000
C40	c	0.78275274	0.74329014	0.10363721	2.00000000	10.00000000	0.02525003	0.00000000
C41	c	0.83821115	0.57857055	0.10691292	2.00000000	10.00000000	0.01031863	0.00000000
C42	c	0.81912212	0.65286185	0.12017680	2.00000000	10.00000000	0.01902910	0.00000000
C43	c	0.76797801	0.67195424	0.12049681	2.00000000	10.00000000	0.01598904	0.00000000
C44	c	0.54075306	0.39614890	0.03426423	2.00000000	10.00000000	0.01897361	0.00000000
C45	c	0.46870971	0.39327382	0.04713410	2.00000000	10.00000000	0.02220691	0.00000000
C46	c	0.52457124	0.38672191	0.03517738	2.00000000	10.00000000	0.02607987	0.00000000
C47	c	0.55831418	0.42737515	0.02892704	2.00000000	10.00000000	0.02841671	0.00000000
C48	c	0.50830243	0.44866179	0.06014205	2.00000000	10.00000000	0.01328508	0.00000000
C49	c	0.47882455	0.31208445	0.13612803	2.00000000	10.00000000	0.02897097	0.00000000
C50	c	0.46548106	0.40462157	0.05798937	2.00000000	10.00000000	0.02178344	0.00000000

Q Vehicle fuel tank capacity /0.40000000/
C Vehicle load capacity /1.50000000/
r fuel consumption rate /0.25000000/
g inverse refueling rate /1.00000000/
v average Velocity /1.00000000/
