StringID	Type	x	y	demand	ReadyTime	DueDate	ServiceTime	altitude
D0	d	0.50000000	0.50000000	0.00000000	0.00000000	10.00000000	0.00000000	0.00000000
S0	f	0.74375115	0.23628463	0.00000000	0.00000000	10.00000000	0.00000000	0.00000000
S1	f	0.04546283	0.54125058	0.00000000	0.00000000	10.00000000	0.00000000	0.00000000
S2	f	0.17574429	0.50965466	0.00000000	0.00000000	10.00000000	0.00000000	0.00000000
S3	f	0.03276665	0.33219316	0.00000000	0.00000000	10.00000000	0.00000000	0.00000000
S4	f	0.85412155	0.57608648	0.00000000	0.00000000	10.00000000	0.00000000	0.00000000
S5	f	0.46205679	0.37771089	0.00000000	0.00000000	10.00000000	0.00000000	0.00000000
S6	f	0.41434915	0.29084753	0.00000000	0.00000000	10.00000000	0.00000000	0.00000000
S7	f	0.24788588	0.31561954	0.00000000	0.00000000	10.00000000	0.00000000	0.00000000
S8	f	0.96820670	0.04674757	0.00000000	0.00000000	10.00000000	0.00000000	0.00000000
S9	f	0.22738240	0.19912929	0.00000000	0.00000000	10.00000000	0.00000000	0.00000000
C1	c	0.04756995	0.86032373	0.13323694	0.00000000	8.00000000	0.02515373	0.00000000
C2	c	0.03238939	0.83742891	0.16640478	0.06000000	8.06000000	0.01546460	0.00000000
C3	c	0.12489751	0.83910958	0.04204077	0.12000000	8.12000000	0.01381858	0.00000000
C4	c	0.86443769	0.87479552	0.01925389	0.18000000	8.18000000	0.01355954	0.00000000
C5	c	0.86875225	0.85594313	0.01806071	0.24000000	8.24000000	0.01764952	0.00000000
C6	c	0.93459488	0.91892636	0.12639327	0.30000000	8.30000000	0.01539985	0.00000000
C7	c	0.94460697	0.92633051	0.13612228	0.36000000	8.36000000	0.02667485	0.00000000
C8	c	0.84149067	0.80945130	0.12712058	0.42000000	8.42000000	0.02299443	0.00000000
C9	c	0.90063219	0.80714195	0.09003623	0.48000000	8.48000000	0.02187738	0.00000000
C10	c	0.87075982	0.91536330	0.10123606	0.54000000	8.54000000	0.01518401	0.00000000
C11	c	0.88164036	0.91961645	0.12321514	0.60000000	8.60000000	0.01634846	0.00000000
C12	c	0.72638150	0.17313988	0.10124112	0.66000000	8.66000000	0.01719314	0.00000000
C13	c	0.79714534	0.18763141	0.11036803	0.72000000	8.72000000	0.02260347	0.00000000
C14	c	0.68585412	0.26679717	0.10055398	0.78000000	8.78000000	0.02009505	0.00000000
C15	c	0.69263538	0.21802780	0.10443099	0.84000000	8.84000000	0.02187600	0.00000000
C16	c	0.67644543	0.19712742	0.06507113	0.90000000	8.90000000	0.02230737	0.00000000
C17	c	0.82677202	0.25303548	0.03710299	0.96000000	8.96000000	0.02696914	0.00000000
C18	c	0.83002398	0.23353903	0.15390660	1.02000000	9.02000000	0.02825464	0.00000000
C19	c	0.83693801	0.27741496	0.05557593	1.08000000	9.08000000	0.02686705	0.00000000
C20	c	0.83785078	0.23922978	0.05751529	1.14000000	9.14000000	0.02531531	0.00000000
C21	c	0.83917625	0.12103727	0.05209625	1.20000000	9.20000000	0.01648885	0.00000000
C22	c	0.79751658	0.14488665	0.12657258	1.26000000	9.26000000	0.01384222	0.00000000
C23	c	0.89649897	0.31909408	0.13328003	1.32000000	9.32000000	0.01943971	0.00000000
C24	c	0.81733148	0.33643827	0.11659175	1.38000000	9.38000000	0.02887743	0.00000000
C25	c	0.18343823	0.56241174	0.13197784	1.44000000	9.44000000	0.02184853	0.00000000
C26	c	0.18122730	0.61078150	0.17158044	1.50000000	9.50000000	0.01930388	0.00000000
C27	c	0.15192800	0.71588328	0.01991786	1.56000000	9.56000000	0.02550851	0.00000000
C28	c	0.14626010	0.59575661	0.09153421	1.62000000	9.62000000	0.01760467	0.00000000
C29	c	0.25072379	0.05645786	0.10586241	1.68000000	9.68000000	0.01822026	0.00000000
C30	c	0.22070210	0.04422884	0.04355234	1.74000000	9.74000000	0.02083823	0.00000000
C31	c	0.20055610	0.04734932	0.10114319	1.80000000	9.80000000	0.02392141	0.00000000
C32	c	0.24856375	0.02714456	0.10795322	1.86000000	9.86000000	0.02010724	0.00000000
C33	c	0.11228775	0.07433819	0.15323224	1.92000000	9.92000000	0.02374697	0.00000000
C34	c	0.18731374	0.06164060	0.14166834	1.98000000	9.98000000	0.02712725	0.00000000
C35	c	0.22910579	0.05394256	0.07272945	2.00000000	10.00000000	0.02911587	0.00000000
C36	c	0.19124110	0.05004568	0.05859552	2.00000000	10.00000000	0.01962144	0.00000000
C37	c	0.24934995	0.04590749	0.01548573	2.00000000	10.00000000	0.01459032	0.00000000
C38	c	0.26295280	0.04487633	0.04571624	2.00000000	10.00000000	0.01240073	0.00000000
C39	c	0.57142950	0.94068772	0.13987619	2.00000000	10.00000000	0.01980780	0.00000000
C40	c	0.57555660	0.98140204	0.02734761	2.00000000	10.00000000	0.02658505	0.00000000
C41	c	0.47059298	0.81645324	0.06593832	2.00000000	10.00000000	0.02056182	0.00000000
C42	c	0.56323263	0.87606927	0.01669913	2.00000000	10.00000000	0.02316674	0.00000000
C43	c	0.59103822	0.97861280	0.11747992	2.00000000	10.00000000	0.01158878	0.00000000
C44	c	0.60918260	0.88498919	0.09243957	2.00000000	10.00000000	0.02320903	0.00000000
C45	c	0.61324399	0.89066351	0.05303509	2.00000000	10.00000000	0.02971690	0.00000000
C46	c	0.63892314	0.94428628	0.05272046	2.00000000	10.00000000	0.01594021	0.00000000
C47	c	0.57621398	0.92426946	0.06298068	2.00000000	10.00000000	0.02969221	0.00000000
C48	c	0.60388980	0.86266528	0.15894133	2.00000000	10.00000000	0.02582493	0.00000000
C49	c	0.57862144	0.85719162	0.02933723	2.00000000	10.00000000	0.01137859	0.00000000
C50	c	0.64605757	1.00000000	0.12482812	2.00000000	10.00000000	0.02602030	0.00000000

Q Vehicle fuel tank capacity /0.40000000/
C Vehicle load capacity /1.50000000/
r fuel consumption rate /0.25000000/
g inverse refueling rate /1.00000000/
v average Velocity /1.00000000/
