StringID	Type	x	y	demand	ReadyTime	DueDate	ServiceTime	altitude
D0	d	0.50000000	0.50000000	0.00000000	0.00000000	10.00000000	0.00000000	0.00000000
S0	f	0.43054101	0.33360968	0.00000000	0.00000000	10.00000000	0.00000000	0.00000000
S1	f	0.48743046	0.79564322	0.00000000	0.00000000	10.00000000	0.00000000	0.00000000
S2	f	0.89305122	0.74596948	0.00000000	0.00000000	10.00000000	0.00000000	0.00000000
S3	f	0.61821939	0.46589993	0.00000000	0.00000000	10.00000000	0.00000000	0.00000000
S4	f	0.36389438	0.67225955	0.00000000	0.00000000	10.00000000	0.00000000	0.00000000
S5	f	0.90108480	0.65488663	0.00000000	0.00000000	10.00000000	0.00000000	0.00000000
C1	c	0.63001363	0.10417034	0.20880668	0.00000000	8.00000000	0.02321574	0.00000000
C2	c	0.53882268	0.19826244	0.19288310	0.10000000	8.10000000	0.01133771	0.00000000
C3	c	0.55697731	0.15467469	0.06064959	0.20000000	8.20000000	0.02230231	0.00000000
C4	c	0.44768818	0.15807817	0.26221062	0.30000000	8.30000000	0.02325804	0.00000000
C5	c	0.52739097	0.12816256	0.24953675	0.40000000	8.40000000	0.01661933	0.00000000
C6	c	0.57462100	0.19643393	0.04825386	0.50000000	8.50000000	0.01870627	0.00000000
C7	c	0.42858308	0.65110154	0.27009011	0.60000000	8.60000000	0.01717807	0.00000000
C8	c	0.46952584	0.73623381	0.25705813	0.70000000	8.70000000	0.02805976	0.00000000
C9	c	0.46521901	0.69296833	0.25223108	0.80000000	8.80000000	0.02425444	0.00000000
C10	c	0.42341850	0.68933050	0.11289065	0.90000000	8.90000000	0.02555872	0.00000000
C11	c	0.41129562	0.68029273	0.15052087	1.00000000	9.00000000	0.02698223	0.00000000
C12	c	0.43304193	0.69751896	0.06630395	1.10000000	9.10000000	0.02396193	0.00000000
C13	c	0.46692206	0.62597584	0.26167317	1.20000000	9.20000000	0.01455697	0.00000000
C14	c	0.41359862	0.74472567	0.06602369	1.30000000	9.30000000	0.01795687	0.00000000
C15	c	0.05606115	0.50352798	0.11125087	1.40000000	9.40000000	0.02175458	0.00000000
C16	c	0.08550944	0.50349814	0.21977970	1.50000000	9.50000000	0.01750749	0.00000000
C17	c	0.06843294	0.55243134	0.17036668	1.60000000	9.60000000	0.02981595	0.00000000
C18	c	0.02170986	0.50253273	0.09990696	1.70000000	9.70000000	0.01912903	0.00000000
C19	c	0.08872871	0.47780157	0.24883674	1.80000000	9.80000000	0.01429023	0.00000000
C20	c	0.12431082	0.53372057	0.07578281	1.90000000	9.90000000	0.02565710	0.00000000
C21	c	0.05959541	0.47674893	0.18931990	2.00000000	10.00000000	0.01716380	0.00000000
C22	c	0.16783985	0.48117405	0.10821818	2.00000000	10.00000000	0.02544932	0.00000000
C23	c	0.24534178	0.34963830	0.07018527	2.00000000	10.00000000	0.02970374	0.00000000
C24	c	0.28209376	0.29131272	0.12340398	2.00000000	10.00000000	0.02562967	0.00000000
C25	c	0.35617877	0.34772163	0.15646629	2.00000000	10.00000000	0.01200697	0.00000000
C26	c	0.27728520	0.33425108	0.09723211	2.00000000	10.00000000	0.01498831	0.00000000
C27	c	0.34838987	0.24918591	0.01902975	2.00000000	10.00000000	0.02873257	0.00000000
C28	c	0.45668181	0.23473254	0.15774895	2.00000000	10.00000000	0.02120490	0.00000000
C29	c	0.44415595	0.22209706	0.09904312	2.00000000	10.00000000	0.01441830	0.00000000
C30	c	0.45207437	0.36750522	0.09429645	2.00000000	10.00000000	0.01793971	0.00000000

Q Vehicle fuel tank capacity /0.40000000/
C Vehicle load capacity /1.50000000/
r fuel consumption rate /0.25000000/
g inverse refueling rate /1.00000000/
v average Velocity /1.00000000/
