StringID	Type	x	y	demand	ReadyTime	DueDate	ServiceTime	altitude
D0	d	0.50000000	0.50000000	0.00000000	0.00000000	10.00000000	0.00000000	0.00000000
S0	f	0.34061037	0.00495637	0.00000000	0.00000000	10.00000000	0.00000000	0.00000000
S1	f	0.32794101	0.32266815	0.00000000	0.00000000	10.00000000	0.00000000	0.00000000
S2	f	0.31456584	0.15128366	0.00000000	0.00000000	10.00000000	0.00000000	0.00000000
S3	f	0.21607557	0.97049480	0.00000000	0.00000000	10.00000000	0.00000000	0.00000000
S4	f	0.31216757	0.98647792	0.00000000	0.00000000	10.00000000	0.00000000	0.00000000
S5	f	0.12100592	0.95041367	0.00000000	0.00000000	10.00000000	0.00000000	0.00000000
C1	c	0.06788960	0.15081398	0.02293096	0.00000000	8.00000000	0.01618340	0.00000000
C2	c	0.00000000	0.26541244	0.26089323	0.10000000	8.10000000	0.01437526	0.00000000
C3	c	0.00000000	0.28426768	0.04446471	0.20000000	8.20000000	0.01427852	0.00000000
C4	c	0.03380092	0.23496763	0.26628363	0.30000000	8.30000000	0.02398277	0.00000000
C5	c	0.00000000	0.22261083	0.23621969	0.40000000	8.40000000	0.02891039	0.00000000
C6	c	0.29654995	0.05186496	0.07656817	0.50000000	8.50000000	0.01964370	0.00000000
C7	c	0.42193137	0.04188545	0.14883203	0.60000000	8.60000000	0.01374888	0.00000000
C8	c	0.26249864	0.02453314	0.07060955	0.70000000	8.70000000	0.02835853	0.00000000
C9	c	0.29636150	0.06884862	0.23753407	0.80000000	8.80000000	0.01674801	0.00000000
C10	c	0.36814213	0.34893971	0.03755469	0.90000000	8.90000000	0.02189457	0.00000000
C11	c	0.34360476	0.18800147	0.19665851	1.00000000	9.00000000	0.01080141	0.00000000
C12	c	0.32367868	0.26282255	0.03798182	1.10000000	9.10000000	0.01306434	0.00000000
C13	c	0.38963809	0.31583671	0.23364690	1.20000000	9.20000000	0.01288122	0.00000000
C14	c	0.33154993	0.38879824	0.22438320	1.30000000	9.30000000	0.01311460	0.00000000
C15	c	0.49235546	0.87664839	0.05975161	1.40000000	9.40000000	0.01648529	0.00000000
C16	c	0.56556219	0.85585159	0.11548660	1.50000000	9.50000000	0.01064364	0.00000000
C17	c	0.53584695	0.84009279	0.22108736	1.60000000	9.60000000	0.01637752	0.00000000
C18	c	0.48335484	0.87836871	0.07607405	1.70000000	9.70000000	0.02891650	0.00000000
C19	c	0.61392783	0.78592664	0.28395475	1.80000000	9.80000000	0.01299297	0.00000000
C20	c	0.50554893	0.92645064	0.25403722	1.90000000	9.90000000	0.01476926	0.00000000
C21	c	0.49412935	0.83285537	0.02070695	2.00000000	10.00000000	0.02299988	0.00000000
C22	c	0.56367630	0.85422434	0.10343235	2.00000000	10.00000000	0.01060823	0.00000000
C23	c	0.58996276	0.90316607	0.16562567	2.00000000	10.00000000	0.02569313	0.00000000
C24	c	0.55524008	0.86048000	0.28205325	2.00000000	10.00000000	0.02970995	0.00000000
C25	c	0.52546513	0.81610088	0.10101170	2.00000000	10.00000000	0.02946990	0.00000000
C26	c	0.56044982	0.89523008	0.25273309	2.00000000	10.00000000	0.01483666	0.00000000
C27	c	0.45602100	0.94348999	0.15446255	2.00000000	10.00000000	0.02129368	0.00000000
C28	c	0.52681380	0.91766862	0.07651888	2.00000000	10.00000000	0.02834497	0.00000000
C29	c	0.52605255	0.89745776	0.04175372	2.00000000	10.00000000	0.02792312	0.00000000
C30	c	0.45929442	1.00000000	0.19674910	2.00000000	10.00000000	0.02189198	0.00000000

Q Vehicle fuel tank capacity /0.40000000/
C Vehicle load capacity /1.50000000/
r fuel consumption rate /0.25000000/
g inverse refueling rate /1.00000000/
v average Velocity /1.00000000/
