StringID	Type	x	y	demand	ReadyTime	DueDate	ServiceTime	altitude
D0	d	0.50000000	0.50000000	0.00000000	0.00000000	10.00000000	0.00000000	0.00000000
S0	f	0.22743856	0.95962999	0.00000000	0.00000000	10.00000000	0.00000000	0.00000000
S1	f	0.85203113	0.73303222	0.00000000	0.00000000	10.00000000	0.00000000	0.00000000
S2	f	0.70168972	0.56747763	0.00000000	0.00000000	10.00000000	0.00000000	0.00000000
S3	f	0.64383429	0.81755013	0.00000000	0.00000000	10.00000000	0.00000000	0.00000000
S4	f	0.43771778	0.71175036	0.00000000	0.00000000	10.00000000	0.00000000	0.00000000
S5	f	0.33076577	0.90299393	0.00000000	0.00000000	10.00000000	0.00000000	0.00000000
S6	f	0.62046984	0.29339889	0.00000000	0.00000000	10.00000000	0.00000000	0.00000000
S7	f	0.22081692	0.11280101	0.00000000	0.00000000	10.00000000	0.00000000	0.00000000
S8	f	0.03715771	0.46844359	0.00000000	0.00000000	10.00000000	0.00000000	0.00000000
S9	f	0.80268875	0.40048815	0.00000000	0.00000000	10.00000000	0.00000000	0.00000000
C1	c	0.30513533	0.71159536	0.07195324	0.00000000	8.00000000	0.02185730	0.00000000
C2	c	0.24681334	0.77192525	0.14496452	0.06000000	8.06000000	0.02706370	0.00000000
C3	c	0.21894228	0.78403501	0.15917573	0.12000000	8.12000000	0.02276385	0.00000000
C4	c	0.16934030	0.67395511	0.14111189	0.18000000	8.18000000	0.02093100	0.00000000
C5	c	0.30270168	0.65975597	0.06032675	0.24000000	8.24000000	0.01347684	0.00000000
C6	c	0.65452072	1.00000000	0.16044967	0.30000000	8.30000000	0.02978256	0.00000000
C7	c	0.62276359	0.97340906	0.12031473	0.36000000	8.36000000	0.02422313	0.00000000
C8	c	0.56956560	0.95825234	0.16673670	0.42000000	8.42000000	0.01272660	0.00000000
C9	c	0.56175512	0.89999652	0.03948468	0.48000000	8.48000000	0.01396305	0.00000000
C10	c	0.58963008	0.92423258	0.14835528	0.54000000	8.54000000	0.01429956	0.00000000
C11	c	0.62495711	0.96070525	0.12968107	0.60000000	8.60000000	0.02850250	0.00000000
C12	c	0.57007670	0.97722000	0.15234906	0.66000000	8.66000000	0.02654164	0.00000000
C13	c	0.54436580	0.99230117	0.02684930	0.72000000	8.72000000	0.02128831	0.00000000
C14	c	0.57809846	0.95424858	0.01294330	0.78000000	8.78000000	0.01089363	0.00000000
C15	c	0.31298468	0.22878650	0.06087205	0.84000000	8.84000000	0.01693937	0.00000000
C16	c	0.29648076	0.16909359	0.04176609	0.90000000	8.90000000	0.02014461	0.00000000
C17	c	0.40879985	0.19596126	0.14372270	0.96000000	8.96000000	0.02550252	0.00000000
C18	c	0.32630532	0.28618052	0.03192841	1.02000000	9.02000000	0.01812316	0.00000000
C19	c	0.31186202	0.23285070	0.13757628	1.08000000	9.08000000	0.01789071	0.00000000
C20	c	0.54910819	0.87339361	0.16084259	1.14000000	9.14000000	0.01140909	0.00000000
C21	c	0.52579393	0.96132054	0.05030445	1.20000000	9.20000000	0.02345056	0.00000000
C22	c	0.48578056	0.81620997	0.03400565	1.26000000	9.26000000	0.01166504	0.00000000
C23	c	0.45200226	0.92405906	0.03004635	1.32000000	9.32000000	0.01800395	0.00000000
C24	c	0.47854051	0.95685970	0.04694365	1.38000000	9.38000000	0.02513164	0.00000000
C25	c	0.54525893	0.89406950	0.13547565	1.44000000	9.44000000	0.01953326	0.00000000
C26	c	0.50844691	0.81290530	0.10118085	1.50000000	9.50000000	0.01395987	0.00000000
C27	c	0.54389400	0.82215172	0.06469291	1.56000000	9.56000000	0.01187656	0.00000000
C28	c	0.57236156	0.71910654	0.06164753	1.62000000	9.62000000	0.02282680	0.00000000
C29	c	0.46925192	0.93188014	0.07204330	1.68000000	9.68000000	0.01125628	0.00000000
C30	c	0.51632744	0.85481381	0.03765227	1.74000000	9.74000000	0.02673462	0.00000000
C31	c	0.49978380	0.85900434	0.10179167	1.80000000	9.80000000	0.01497601	0.00000000
C32	c	0.14171774	0.75647983	0.05969740	1.86000000	9.86000000	0.02968591	0.00000000
C33	c	0.17214218	0.76211384	0.09287472	1.92000000	9.92000000	0.02897453	0.00000000
C34	c	0.12186339	0.73429182	0.14272838	1.98000000	9.98000000	0.02728884	0.00000000
C35	c	0.19994296	0.72951943	0.07859459	2.00000000	10.00000000	0.01163404	0.00000000
C36	c	0.23732681	0.82661229	0.09890526	2.00000000	10.00000000	0.02464857	0.00000000
C37	c	0.19700353	0.69239662	0.04093660	2.00000000	10.00000000	0.02376554	0.00000000
C38	c	0.28484483	0.71245838	0.01870364	2.00000000	10.00000000	0.02864793	0.00000000
C39	c	0.12790383	0.77067228	0.17381331	2.00000000	10.00000000	0.02698365	0.00000000
C40	c	0.23577717	0.66041433	0.17509607	2.00000000	10.00000000	0.01257813	0.00000000
C41	c	0.25452182	0.69659277	0.04983200	2.00000000	10.00000000	0.02804486	0.00000000
C42	c	0.23864057	0.69418386	0.03607652	2.00000000	10.00000000	0.01341562	0.00000000
C43	c	0.26932276	0.73188402	0.14800912	2.00000000	10.00000000	0.02408242	0.00000000
C44	c	0.24096829	0.70159038	0.03721051	2.00000000	10.00000000	0.02191001	0.00000000
C45	c	0.26457829	0.76677356	0.05598863	2.00000000	10.00000000	0.02267382	0.00000000
C46	c	0.24793715	0.63480542	0.07392618	2.00000000	10.00000000	0.01138891	0.00000000
C47	c	0.85185790	0.83928168	0.06313137	2.00000000	10.00000000	0.02592160	0.00000000
C48	c	0.78104888	0.85588957	0.14617699	2.00000000	10.00000000	0.01994912	0.00000000
C49	c	0.93426341	0.83179972	0.13878455	2.00000000	10.00000000	0.01995075	0.00000000
C50	c	0.91236116	0.78251089	0.02232586	2.00000000	10.00000000	0.01011752	0.00000000

Q Vehicle fuel tank capacity /0.40000000/
C Vehicle load capacity /1.50000000/
r fuel consumption rate /0.25000000/
g inverse refueling rate /1.00000000/
v average Velocity /1.00000000/
