StringID	Type	x	y	demand	ReadyTime	DueDate	ServiceTime	altitude
D0	d	0.50000000	0.50000000	0.00000000	0.00000000	10.00000000	0.00000000	0.00000000
S0	f	0.56389877	0.77726628	0.00000000	0.00000000	10.00000000	0.00000000	0.00000000
S1	f	0.84825016	0.37400369	0.00000000	0.00000000	10.00000000	0.00000000	0.00000000
S2	f	0.02489394	0.62028981	0.00000000	0.00000000	10.00000000	0.00000000	0.00000000
S3	f	0.46858251	0.57750963	0.00000000	0.00000000	10.00000000	0.00000000	0.00000000
S4	f	0.45297301	0.98228479	0.00000000	0.00000000	10.00000000	0.00000000	0.00000000
S5	f	0.91800808	0.90414054	0.00000000	0.00000000	10.00000000	0.00000000	0.00000000
S6	f	0.75376989	0.14471813	0.00000000	0.00000000	10.00000000	0.00000000	0.00000000
S7	f	0.97434910	0.00895705	0.00000000	0.00000000	10.00000000	0.00000000	0.00000000
S8	f	0.80827722	0.70896248	0.00000000	0.00000000	10.00000000	0.00000000	0.00000000
S9	f	0.61704463	0.95963913	0.00000000	0.00000000	10.00000000	0.00000000	0.00000000
C1	c	0.08723013	0.36043614	0.07565351	0.00000000	8.00000000	0.02061580	0.00000000
C2	c	0.12180840	0.43239927	0.01593973	0.06000000	8.06000000	0.02552631	0.00000000
C3	c	0.08987151	0.41311242	0.13283597	0.12000000	8.12000000	0.01791520	0.00000000
C4	c	0.05886686	0.36401866	0.11833142	0.18000000	8.18000000	0.01645124	0.00000000
C5	c	0.01508033	0.38055712	0.07682590	0.24000000	8.24000000	0.01163047	0.00000000
C6	c	0.11298355	0.32985599	0.05595919	0.30000000	8.30000000	0.01996757	0.00000000
C7	c	0.15026232	0.32572647	0.11063512	0.36000000	8.36000000	0.02683164	0.00000000
C8	c	0.48619727	0.17728264	0.04417677	0.42000000	8.42000000	0.01644912	0.00000000
C9	c	0.54447400	0.12425665	0.15339193	0.48000000	8.48000000	0.02098235	0.00000000
C10	c	0.48311730	0.17352360	0.15714254	0.54000000	8.54000000	0.02708042	0.00000000
C11	c	0.47180423	0.19743164	0.05708967	0.60000000	8.60000000	0.02618060	0.00000000
C12	c	0.51557028	0.12798660	0.10301139	0.66000000	8.66000000	0.02679223	0.00000000
C13	c	0.47369580	0.12257616	0.06159517	0.72000000	8.72000000	0.02944339	0.00000000
C14	c	0.49608121	0.16990519	0.14968480	0.78000000	8.78000000	0.01167873	0.00000000
C15	c	0.54596556	0.17355807	0.01257395	0.84000000	8.84000000	0.02367839	0.00000000
C16	c	0.44442608	0.17370694	0.09266686	0.90000000	8.90000000	0.02370570	0.00000000
C17	c	0.84391846	0.23481631	0.04345669	0.96000000	8.96000000	0.02671889	0.00000000
C18	c	0.87181985	0.22524057	0.05503379	1.02000000	9.02000000	0.01848022	0.00000000
C19	c	0.84638622	0.20077470	0.09745255	1.08000000	9.08000000	0.02422973	0.00000000
C20	c	0.83773481	0.23575943	0.13413048	1.14000000	9.14000000	0.02254237	0.00000000
C21	c	0.94541409	0.12825330	0.11211780	1.20000000	9.20000000	0.01802637	0.00000000
C22	c	0.86428755	0.12514107	0.09534154	1.26000000	9.26000000	0.01736497	0.00000000
C23	c	0.85891274	0.17789994	0.07244226	1.32000000	9.32000000	0.02463671	0.00000000
C24	c	0.84510341	0.14926501	0.06937760	1.38000000	9.38000000	0.01574297	0.00000000
C25	c	0.79777162	0.21052796	0.10011679	1.44000000	9.44000000	0.01243182	0.00000000
C26	c	0.33505752	0.62087343	0.02683147	1.50000000	9.50000000	0.01018106	0.00000000
C27	c	0.30005954	0.61080002	0.03235050	1.56000000	9.56000000	0.02637151	0.00000000
C28	c	0.38285437	0.59412003	0.17058846	1.62000000	9.62000000	0.02022779	0.00000000
C29	c	0.28167232	0.63073279	0.11710149	1.68000000	9.68000000	0.02497669	0.00000000
C30	c	0.30218543	0.61103840	0.02395508	1.74000000	9.74000000	0.02591328	0.00000000
C31	c	0.92696714	0.76589212	0.06865730	1.80000000	9.80000000	0.01009391	0.00000000
C32	c	0.95739604	0.68550956	0.14848471	1.86000000	9.86000000	0.02206416	0.00000000
C33	c	0.99827146	0.62290967	0.05701935	1.92000000	9.92000000	0.01512784	0.00000000
C34	c	0.61471813	0.42770718	0.15116823	1.98000000	9.98000000	0.02101395	0.00000000
C35	c	0.64863920	0.37520950	0.13890173	2.00000000	10.00000000	0.02146548	0.00000000
C36	c	0.69960886	0.44338173	0.13569490	2.00000000	10.00000000	0.02774468	0.00000000
C37	c	0.79415147	0.40181013	0.07289260	2.00000000	10.00000000	0.02005581	0.00000000
C38	c	0.64792019	0.35352833	0.16720108	2.00000000	10.00000000	0.01401624	0.00000000
C39	c	0.67174889	0.42702857	0.16561926	2.00000000	10.00000000	0.01800600	0.00000000
C40	c	0.70294314	0.39160814	0.06008697	2.00000000	10.00000000	0.01266585	0.00000000
C41	c	0.67408734	0.29549594	0.15798894	2.00000000	10.00000000	0.01556167	0.00000000
C42	c	0.75528811	0.41391554	0.05193229	2.00000000	10.00000000	0.02927694	0.00000000
C43	c	0.37524648	0.11979480	0.03850115	2.00000000	10.00000000	0.02613970	0.00000000
C44	c	0.29464895	0.11628418	0.10751039	2.00000000	10.00000000	0.01183314	0.00000000
C45	c	0.25610313	0.23171788	0.02595511	2.00000000	10.00000000	0.01298812	0.00000000
C46	c	0.25916548	0.14094632	0.01639803	2.00000000	10.00000000	0.02124342	0.00000000
C47	c	0.29817174	0.14162758	0.02671115	2.00000000	10.00000000	0.02702303	0.00000000
C48	c	0.26297903	0.16567020	0.16180198	2.00000000	10.00000000	0.01728947	0.00000000
C49	c	0.26754267	0.13133162	0.15667416	2.00000000	10.00000000	0.01399610	0.00000000
C50	c	0.26406982	0.16054779	0.02299027	2.00000000	10.00000000	0.01891643	0.00000000

Q Vehicle fuel tank capacity /0.40000000/
C Vehicle load capacity /1.50000000/
r fuel consumption rate /0.25000000/
g inverse refueling rate /1.00000000/
v average Velocity /1.00000000/
