StringID	Type	x	y	demand	ReadyTime	DueDate	ServiceTime	altitude
D0	d	0.50000000	0.50000000	0.00000000	0.00000000	10.00000000	0.00000000	0.00000000
S0	f	0.50274977	0.82036494	0.00000000	0.00000000	10.00000000	0.00000000	0.00000000
S1	f	0.80321547	0.31619654	0.00000000	0.00000000	10.00000000	0.00000000	0.00000000
S2	f	0.17117773	0.44042674	0.00000000	0.00000000	10.00000000	0.00000000	0.00000000
S3	f	0.45866932	0.46876896	0.00000000	0.00000000	10.00000000	0.00000000	0.00000000
S4	f	0.66122033	0.53733235	0.00000000	0.00000000	10.00000000	0.00000000	0.00000000
S5	f	0.47716161	0.54603648	0.00000000	0.00000000	10.00000000	0.00000000	0.00000000
C1	c	0.65924279	0.68440818	0.23457329	0.00000000	8.00000000	0.02192316	0.00000000
C2	c	0.71445557	0.56971199	0.22300067	0.10000000	8.10000000	0.02349899	0.00000000
C3	c	0.72118161	0.55612528	0.08699491	0.20000000	8.20000000	0.01357980	0.00000000
C4	c	0.56760217	0.66338895	0.22311900	0.30000000	8.30000000	0.02805244	0.00000000
C5	c	0.65750185	0.67138608	0.21010782	0.40000000	8.40000000	0.02557134	0.00000000
C6	c	0.66098587	0.68073209	0.06722865	0.50000000	8.50000000	0.02358937	0.00000000
C7	c	0.12379465	0.15289454	0.07450034	0.60000000	8.60000000	0.02041186	0.00000000
C8	c	0.05198997	0.13915000	0.10425080	0.70000000	8.70000000	0.01633804	0.00000000
C9	c	0.08020142	0.16872922	0.20212429	0.80000000	8.80000000	0.02356403	0.00000000
C10	c	0.06027156	0.24113926	0.17780467	0.90000000	8.90000000	0.01591463	0.00000000
C11	c	0.07764288	0.24250510	0.26248089	1.00000000	9.00000000	0.02616660	0.00000000
C12	c	0.00000000	0.22844590	0.04389713	1.10000000	9.10000000	0.01275710	0.00000000
C13	c	0.13229030	0.13779145	0.17531171	1.20000000	9.20000000	0.01426430	0.00000000
C14	c	0.04455542	0.20026609	0.14543739	1.30000000	9.30000000	0.02749732	0.00000000
C15	c	0.56227965	0.78424625	0.07114509	1.40000000	9.40000000	0.02984950	0.00000000
C16	c	0.46912751	0.70684630	0.17677465	1.50000000	9.50000000	0.01382071	0.00000000
C17	c	0.46992269	0.74406515	0.07975040	1.60000000	9.60000000	0.02033692	0.00000000
C18	c	0.45418793	0.86017468	0.19703217	1.70000000	9.70000000	0.01799863	0.00000000
C19	c	0.38456973	0.74954469	0.04874777	1.80000000	9.80000000	0.02859940	0.00000000
C20	c	0.60328240	0.77116367	0.19151550	1.90000000	9.90000000	0.02925488	0.00000000
C21	c	0.50351037	0.77413259	0.20752664	2.00000000	10.00000000	0.01961429	0.00000000
C22	c	0.00000000	0.62836255	0.26481869	2.00000000	10.00000000	0.01402098	0.00000000
C23	c	0.00000000	0.68865451	0.04204156	2.00000000	10.00000000	0.02295446	0.00000000
C24	c	0.03492120	0.62848252	0.13996725	2.00000000	10.00000000	0.02809003	0.00000000
C25	c	0.00000000	0.61606329	0.07641472	2.00000000	10.00000000	0.02599415	0.00000000
C26	c	0.30575703	0.81277302	0.18594919	2.00000000	10.00000000	0.02104229	0.00000000
C27	c	0.27598897	0.88363210	0.16178350	2.00000000	10.00000000	0.01210605	0.00000000
C28	c	0.31897637	0.93318971	0.21945751	2.00000000	10.00000000	0.01019859	0.00000000
C29	c	0.28703132	0.88166081	0.12001879	2.00000000	10.00000000	0.02977998	0.00000000
C30	c	0.30604242	0.89873481	0.08622501	2.00000000	10.00000000	0.01467051	0.00000000

Q Vehicle fuel tank capacity /0.40000000/
C Vehicle load capacity /1.50000000/
r fuel consumption rate /0.25000000/
g inverse refueling rate /1.00000000/
v average Velocity /1.00000000/
