StringID	Type	x	y	demand	ReadyTime	DueDate	ServiceTime	altitude
D0	d	0.50000000	0.50000000	0.00000000	0.00000000	10.00000000	0.00000000	0.00000000
S0	f	0.92069826	0.18965946	0.00000000	0.00000000	10.00000000	0.00000000	0.00000000
S1	f	0.40337080	0.74487636	0.00000000	0.00000000	10.00000000	0.00000000	0.00000000
S2	f	0.86797615	0.05738344	0.00000000	0.00000000	10.00000000	0.00000000	0.00000000
S3	f	0.11053786	0.12096902	0.00000000	0.00000000	10.00000000	0.00000000	0.00000000
S4	f	0.13263161	0.63319191	0.00000000	0.00000000	10.00000000	0.00000000	0.00000000
S5	f	0.53497419	0.57513068	0.00000000	0.00000000	10.00000000	0.00000000	0.00000000
C1	c	0.62604125	0.47327052	0.17712629	0.00000000	8.00000000	0.02311394	0.00000000
C2	c	0.79643193	0.42976638	0.17832025	0.10000000	8.10000000	0.02273979	0.00000000
C3	c	0.74330233	0.50286268	0.13384034	0.20000000	8.20000000	0.02921977	0.00000000
C4	c	0.75968078	0.51699668	0.24617172	0.30000000	8.30000000	0.01060217	0.00000000
C5	c	0.78656195	0.53225242	0.21058403	0.40000000	8.40000000	0.01347991	0.00000000
C6	c	0.65200215	0.52932772	0.02551218	0.50000000	8.50000000	0.01087971	0.00000000
C7	c	0.76938173	0.50942833	0.18802516	0.60000000	8.60000000	0.02116299	0.00000000
C8	c	0.80124729	0.52586461	0.14468514	0.70000000	8.70000000	0.02403772	0.00000000
C9	c	0.71065460	0.59475635	0.21723871	0.80000000	8.80000000	0.01862151	0.00000000
C10	c	0.71845293	0.72017165	0.10294703	0.90000000	8.90000000	0.01341160	0.00000000
C11	c	0.66069913	0.70572746	0.03650359	1.00000000	9.00000000	0.01615292	0.00000000
C12	c	0.68167496	0.77361360	0.17627430	1.10000000	9.10000000	0.01194773	0.00000000
C13	c	0.13411928	0.87499398	0.20292929	1.20000000	9.20000000	0.02636257	0.00000000
C14	c	0.13809217	0.97752831	0.20633768	1.30000000	9.30000000	0.02707166	0.00000000
C15	c	0.17000152	0.93641850	0.23741300	1.40000000	9.40000000	0.01675893	0.00000000
C16	c	0.25637558	1.00000000	0.19615180	1.50000000	9.50000000	0.02478125	0.00000000
C17	c	0.25900254	1.00000000	0.11883276	1.60000000	9.60000000	0.02544829	0.00000000
C18	c	0.00000000	0.37059309	0.16644282	1.70000000	9.70000000	0.01852927	0.00000000
C19	c	0.04816031	0.34283896	0.06299367	1.80000000	9.80000000	0.01996414	0.00000000
C20	c	0.04972924	0.36850850	0.11286669	1.90000000	9.90000000	0.01817208	0.00000000
C21	c	0.05230327	0.36636032	0.16768373	2.00000000	10.00000000	0.02424653	0.00000000
C22	c	0.00000000	0.42621501	0.08486122	2.00000000	10.00000000	0.02657217	0.00000000
C23	c	0.06763247	0.40291221	0.07018367	2.00000000	10.00000000	0.01107252	0.00000000
C24	c	0.00000000	0.39137584	0.25151369	2.00000000	10.00000000	0.02763569	0.00000000
C25	c	0.00000000	0.41949069	0.15486434	2.00000000	10.00000000	0.01384583	0.00000000
C26	c	0.54577405	0.28506784	0.15101044	2.00000000	10.00000000	0.02969259	0.00000000
C27	c	0.64107239	0.25049540	0.11546982	2.00000000	10.00000000	0.02202585	0.00000000
C28	c	0.57377934	0.16917237	0.02657461	2.00000000	10.00000000	0.01217476	0.00000000
C29	c	0.68925041	0.20464605	0.24636656	2.00000000	10.00000000	0.01976268	0.00000000
C30	c	0.50898016	0.22235482	0.09027549	2.00000000	10.00000000	0.01374224	0.00000000

Q Vehicle fuel tank capacity /0.40000000/
C Vehicle load capacity /1.50000000/
r fuel consumption rate /0.25000000/
g inverse refueling rate /1.00000000/
v average Velocity /1.00000000/
