StringID	Type	x	y	demand	ReadyTime	DueDate	ServiceTime	altitude
D0	d	0.50000000	0.50000000	0.00000000	0.00000000	10.00000000	0.00000000	0.00000000
S0	f	0.58967169	0.92944460	0.00000000	0.00000000	10.00000000	0.00000000	0.00000000
S1	f	0.73664587	0.21276124	0.00000000	0.00000000	10.00000000	0.00000000	0.00000000
S2	f	0.48689967	0.91676568	0.00000000	0.00000000	10.00000000	0.00000000	0.00000000
S3	f	0.54866642	0.18447316	0.00000000	0.00000000	10.00000000	0.00000000	0.00000000
S4	f	0.55521885	0.88146112	0.00000000	0.00000000	10.00000000	0.00000000	0.00000000
S5	f	0.88170034	0.67464523	0.00000000	0.00000000	10.00000000	0.00000000	0.00000000
S6	f	0.47253484	0.24270967	0.00000000	0.00000000	10.00000000	0.00000000	0.00000000
S7	f	0.81728283	0.29859338	0.00000000	0.00000000	10.00000000	0.00000000	0.00000000
S8	f	0.01128107	0.25457175	0.00000000	0.00000000	10.00000000	0.00000000	0.00000000
S9	f	0.90909583	0.60614947	0.00000000	0.00000000	10.00000000	0.00000000	0.00000000
C1	c	0.79289661	0.08893167	0.19203438	0.00000000	8.00000000	0.02173110	0.00000000
C2	c	0.77927997	0.06428492	0.01934405	0.06000000	8.06000000	0.01497375	0.00000000
C3	c	0.81884820	0.09348658	0.13858476	0.12000000	8.12000000	0.01774152	0.00000000
C4	c	0.80876658	0.00000000	0.12328420	0.18000000	8.18000000	0.01042083	0.00000000
C5	c	0.76002609	0.03929375	0.06944091	0.24000000	8.24000000	0.01206955	0.00000000
C6	c	0.78406791	0.08090542	0.01484345	0.30000000	8.30000000	0.01920269	0.00000000
C7	c	0.82684467	0.06331866	0.08386484	0.36000000	8.36000000	0.02706726	0.00000000
C8	c	0.80712042	0.11854332	0.13033935	0.42000000	8.42000000	0.02200724	0.00000000
C9	c	0.22979233	0.66836662	0.01914286	0.48000000	8.48000000	0.01558041	0.00000000
C10	c	0.25293144	0.63447999	0.11259079	0.54000000	8.54000000	0.01995551	0.00000000
C11	c	0.23526764	0.69271911	0.11646704	0.60000000	8.60000000	0.02675564	0.00000000
C12	c	0.23529696	0.71793904	0.03764859	0.66000000	8.66000000	0.02709592	0.00000000
C13	c	0.25257948	0.68763286	0.06406047	0.72000000	8.72000000	0.02761673	0.00000000
C14	c	0.25133653	0.51587361	0.12774528	0.78000000	8.78000000	0.01328313	0.00000000
C15	c	0.31637457	0.74420564	0.02614382	0.84000000	8.84000000	0.01427002	0.00000000
C16	c	0.22186272	0.71275319	0.02216505	0.90000000	8.90000000	0.02514395	0.00000000
C17	c	0.35858008	0.71987163	0.09031987	0.96000000	8.96000000	0.02792410	0.00000000
C18	c	0.25275930	0.71283553	0.05841805	1.02000000	9.02000000	0.02342176	0.00000000
C19	c	0.27844627	0.67654397	0.16573448	1.08000000	9.08000000	0.02640363	0.00000000
C20	c	0.80370105	0.16569002	0.11409438	1.14000000	9.14000000	0.02711379	0.00000000
C21	c	0.86725587	0.08544476	0.18928681	1.20000000	9.20000000	0.01026442	0.00000000
C22	c	0.77556447	0.07917173	0.11476354	1.26000000	9.26000000	0.02705383	0.00000000
C23	c	0.91789211	0.10946859	0.01837025	1.32000000	9.32000000	0.02015552	0.00000000
C24	c	0.79002696	0.11335966	0.09937789	1.38000000	9.38000000	0.01889956	0.00000000
C25	c	0.79712505	0.14502656	0.03692105	1.44000000	9.44000000	0.01586003	0.00000000
C26	c	0.84274527	0.12373173	0.03568280	1.50000000	9.50000000	0.01780532	0.00000000
C27	c	0.80409854	0.13078591	0.09520942	1.56000000	9.56000000	0.01737747	0.00000000
C28	c	0.58509005	0.64849300	0.10236393	1.62000000	9.62000000	0.02968386	0.00000000
C29	c	0.66344727	0.65097042	0.09514425	1.68000000	9.68000000	0.01784287	0.00000000
C30	c	0.72510466	0.66670432	0.17715179	1.74000000	9.74000000	0.01064525	0.00000000
C31	c	0.71464065	0.60326944	0.06534608	1.80000000	9.80000000	0.01103506	0.00000000
C32	c	0.10129176	0.85649216	0.19439958	1.86000000	9.86000000	0.02818622	0.00000000
C33	c	0.12736617	0.82319626	0.06746366	1.92000000	9.92000000	0.02599336	0.00000000
C34	c	0.18658853	0.88457743	0.03743601	1.98000000	9.98000000	0.02991609	0.00000000
C35	c	0.13940647	0.77780837	0.12016215	2.00000000	10.00000000	0.01094378	0.00000000
C36	c	0.18789450	0.79557402	0.11303378	2.00000000	10.00000000	0.01490551	0.00000000
C37	c	0.03908209	0.89505033	0.15526488	2.00000000	10.00000000	0.02451050	0.00000000
C38	c	0.40842568	0.02954521	0.14448395	2.00000000	10.00000000	0.02260847	0.00000000
C39	c	0.50849506	0.06311881	0.19123464	2.00000000	10.00000000	0.02820381	0.00000000
C40	c	0.46892173	0.03649629	0.09764551	2.00000000	10.00000000	0.01688329	0.00000000
C41	c	0.45588838	0.04840752	0.04736403	2.00000000	10.00000000	0.01951641	0.00000000
C42	c	0.48291772	0.11669909	0.01567215	2.00000000	10.00000000	0.01047970	0.00000000
C43	c	0.54512466	0.05579270	0.03120014	2.00000000	10.00000000	0.02424982	0.00000000
C44	c	0.50572239	0.05948888	0.03762388	2.00000000	10.00000000	0.02132856	0.00000000
C45	c	0.39648903	0.04967621	0.16222656	2.00000000	10.00000000	0.02861040	0.00000000
C46	c	0.44738407	0.14211605	0.08063435	2.00000000	10.00000000	0.01749693	0.00000000
C47	c	0.61043686	0.69587684	0.03618848	2.00000000	10.00000000	0.01567045	0.00000000
C48	c	0.58331096	0.67744114	0.04367592	2.00000000	10.00000000	0.02041047	0.00000000
C49	c	0.59454769	0.66640667	0.10477919	2.00000000	10.00000000	0.02175165	0.00000000
C50	c	0.70147952	0.64183416	0.06362672	2.00000000	10.00000000	0.01366849	0.00000000

Q Vehicle fuel tank capacity /0.40000000/
C Vehicle load capacity /1.50000000/
r fuel consumption rate /0.25000000/
g inverse refueling rate /1.00000000/
v average Velocity /1.00000000/
