StringID	Type	x	y	demand	ReadyTime	DueDate	ServiceTime	altitude
D0	d	0.50000000	0.50000000	0.00000000	0.00000000	10.00000000	0.00000000	0.00000000
S0	f	0.58913937	0.31315393	0.00000000	0.00000000	10.00000000	0.00000000	0.00000000
S1	f	0.39033266	0.46784102	0.00000000	0.00000000	10.00000000	0.00000000	0.00000000
S2	f	0.70218834	0.20929620	0.00000000	0.00000000	10.00000000	0.00000000	0.00000000
S3	f	0.10917015	0.62722957	0.00000000	0.00000000	10.00000000	0.00000000	0.00000000
S4	f	0.99840189	0.72036218	0.00000000	0.00000000	10.00000000	0.00000000	0.00000000
S5	f	0.81638180	0.65363726	0.00000000	0.00000000	10.00000000	0.00000000	0.00000000
S6	f	0.68664116	0.85206401	0.00000000	0.00000000	10.00000000	0.00000000	0.00000000
S7	f	0.00530126	0.99406240	0.00000000	0.00000000	10.00000000	0.00000000	0.00000000
S8	f	0.95489443	0.83632837	0.00000000	0.00000000	10.00000000	0.00000000	0.00000000
S9	f	0.40938907	0.14583449	0.00000000	0.00000000	10.00000000	0.00000000	0.00000000
C1	c	0.51269722	0.90758292	0.09276109	0.00000000	8.00000000	0.01743122	0.00000000
C2	c	0.36044842	0.91097732	0.01197080	0.06000000	8.06000000	0.02527576	0.00000000
C3	c	0.57571695	0.96093624	0.16871904	0.12000000	8.12000000	0.01150715	0.00000000
C4	c	0.42597130	0.89003100	0.04468022	0.18000000	8.18000000	0.01709379	0.00000000
C5	c	0.49501680	0.95367180	0.02952614	0.24000000	8.24000000	0.01127052	0.00000000
C6	c	0.45187844	0.84599828	0.11801139	0.30000000	8.30000000	0.02101100	0.00000000
C7	c	0.52499321	0.95279070	0.09896735	0.36000000	8.36000000	0.02374464	0.00000000
C8	c	0.94836967	0.26119455	0.01559953	0.42000000	8.42000000	0.02454991	0.00000000
C9	c	0.97120226	0.33212317	0.13207442	0.48000000	8.48000000	0.01824034	0.00000000
C10	c	0.97912209	0.32200329	0.14549523	0.54000000	8.54000000	0.02382034	0.00000000
C11	c	0.91859107	0.35084696	0.06500185	0.60000000	8.60000000	0.01391633	0.00000000
C12	c	0.91459749	0.30525362	0.03922975	0.66000000	8.66000000	0.02914749	0.00000000
C13	c	0.99797959	0.30585047	0.05563914	0.72000000	8.72000000	0.02220635	0.00000000
C14	c	0.98614290	0.26717386	0.07195882	0.78000000	8.78000000	0.01232004	0.00000000
C15	c	0.04620207	0.24938802	0.08962025	0.84000000	8.84000000	0.02182332	0.00000000
C16	c	0.13029559	0.22324822	0.05441215	0.90000000	8.90000000	0.02398414	0.00000000
C17	c	0.17645392	0.24340610	0.08042089	0.96000000	8.96000000	0.01427977	0.00000000
C18	c	0.15920247	0.27974648	0.16267767	1.02000000	9.02000000	0.01780943	0.00000000
C19	c	0.19481687	0.24529308	0.02698583	1.08000000	9.08000000	0.01725192	0.00000000
C20	c	0.07673081	0.27260146	0.09464550	1.14000000	9.14000000	0.01732340	0.00000000
C21	c	0.66255898	0.35979330	0.08706762	1.20000000	9.20000000	0.02054426	0.00000000
C22	c	0.64797858	0.34432962	0.11761899	1.26000000	9.26000000	0.02366906	0.00000000
C23	c	0.58227256	0.38211972	0.16447859	1.32000000	9.32000000	0.02170446	0.00000000
C24	c	0.63064235	0.36438796	0.10864241	1.38000000	9.38000000	0.01465885	0.00000000
C25	c	0.72756573	0.33262043	0.04755779	1.44000000	9.44000000	0.01759398	0.00000000
C26	c	0.55002938	0.37937005	0.11919932	1.50000000	9.50000000	0.01098277	0.00000000
C27	c	0.53677298	0.41458214	0.03950512	1.56000000	9.56000000	0.01718743	0.00000000
C28	c	0.67152744	0.46840939	0.06765927	1.62000000	9.62000000	0.01036490	0.00000000
C29	c	0.55161866	0.54272555	0.06590763	1.68000000	9.68000000	0.01619596	0.00000000
C30	c	0.66505586	0.50640455	0.06856940	1.74000000	9.74000000	0.01070949	0.00000000
C31	c	0.62576621	0.49499208	0.06953160	1.80000000	9.80000000	0.02608383	0.00000000
C32	c	0.62895823	0.52747417	0.10293916	1.86000000	9.86000000	0.02943009	0.00000000
C33	c	0.75401143	0.40837876	0.10850463	1.92000000	9.92000000	0.02772202	0.00000000
C34	c	0.76611977	0.43073439	0.10410755	1.98000000	9.98000000	0.01006413	0.00000000
C35	c	0.65701115	0.51385276	0.10461563	2.00000000	10.00000000	0.02728357	0.00000000
C36	c	0.62140059	0.46915479	0.03100531	2.00000000	10.00000000	0.01898117	0.00000000
C37	c	0.28630842	0.36325850	0.13490471	2.00000000	10.00000000	0.01316599	0.00000000
C38	c	0.19063621	0.29025071	0.04146254	2.00000000	10.00000000	0.02980981	0.00000000
C39	c	0.21316912	0.39450845	0.04786981	2.00000000	10.00000000	0.02251324	0.00000000
C40	c	0.25911457	0.42237167	0.06405382	2.00000000	10.00000000	0.01480584	0.00000000
C41	c	0.30066960	0.28420570	0.15709868	2.00000000	10.00000000	0.02450080	0.00000000
C42	c	0.85328958	0.62875766	0.15303867	2.00000000	10.00000000	0.01175773	0.00000000
C43	c	0.82126126	0.55818751	0.16496141	2.00000000	10.00000000	0.02932052	0.00000000
C44	c	0.85232705	0.53551155	0.15795868	2.00000000	10.00000000	0.02438041	0.00000000
C45	c	0.88746571	0.54617500	0.06985387	2.00000000	10.00000000	0.02386905	0.00000000
C46	c	0.97555498	0.50060329	0.07402377	2.00000000	10.00000000	0.01409025	0.00000000
C47	c	0.90363947	0.52825353	0.06537142	2.00000000	10.00000000	0.02920850	0.00000000
C48	c	0.75643800	0.58131366	0.13023680	2.00000000	10.00000000	0.01224070	0.00000000
C49	c	0.86480737	0.60511810	0.07044075	2.00000000	10.00000000	0.01408779	0.00000000
C50	c	0.87761256	0.49588177	0.16341800	2.00000000	10.00000000	0.02776228	0.00000000

Q Vehicle fuel tank capacity /0.40000000/
C Vehicle load capacity /1.50000000/
r fuel consumption rate /0.25000000/
g inverse refueling rate /1.00000000/
v average Velocity /1.00000000/
