StringID	Type	x	y	demand	ReadyTime	DueDate	ServiceTime	altitude
D0	d	0.50000000	0.50000000	0.00000000	0.00000000	10.00000000	0.00000000	0.00000000
S0	f	0.44703713	0.27074088	0.00000000	0.00000000	10.00000000	0.00000000	0.00000000
S1	f	0.85164995	0.91811706	0.00000000	0.00000000	10.00000000	0.00000000	0.00000000
S2	f	0.11495719	0.71526963	0.00000000	0.00000000	10.00000000	0.00000000	0.00000000
S3	f	0.43844910	0.58927239	0.00000000	0.00000000	10.00000000	0.00000000	0.00000000
S4	f	0.56685007	0.32144033	0.00000000	0.00000000	10.00000000	0.00000000	0.00000000
S5	f	0.54025275	0.45876476	0.00000000	0.00000000	10.00000000	0.00000000	0.00000000
C1	c	0.58867257	0.68832903	0.03790155	0.00000000	8.00000000	0.02717377	0.00000000
C2	c	0.60585243	0.60546520	0.03694769	0.10000000	8.10000000	0.02712721	0.00000000
C3	c	0.67534330	0.70829962	0.10455381	0.20000000	8.20000000	0.01973516	0.00000000
C4	c	0.58035581	0.68148685	0.20830800	0.30000000	8.30000000	0.01575766	0.00000000
C5	c	0.63883290	0.61734266	0.24770238	0.40000000	8.40000000	0.01802152	0.00000000
C6	c	0.57593832	0.65232232	0.11151120	0.50000000	8.50000000	0.01358908	0.00000000
C7	c	0.67642815	0.66696994	0.23532318	0.60000000	8.60000000	0.02583431	0.00000000
C8	c	0.57962529	0.59465336	0.22686789	0.70000000	8.70000000	0.02963628	0.00000000
C9	c	0.03786188	0.85536964	0.17874115	0.80000000	8.80000000	0.01635820	0.00000000
C10	c	0.00562077	0.83272615	0.23583276	0.90000000	8.90000000	0.01382120	0.00000000
C11	c	0.00914495	0.81266141	0.19428346	1.00000000	9.00000000	0.02065581	0.00000000
C12	c	0.07753466	0.99178093	0.24721699	1.10000000	9.10000000	0.01466352	0.00000000
C13	c	0.02821305	0.89375348	0.06868832	1.20000000	9.20000000	0.01249462	0.00000000
C14	c	0.10395459	0.86019134	0.24349325	1.30000000	9.30000000	0.01558958	0.00000000
C15	c	0.07027509	0.90058284	0.22720475	1.40000000	9.40000000	0.01703025	0.00000000
C16	c	0.09641870	0.89946522	0.09908435	1.50000000	9.50000000	0.02091662	0.00000000
C17	c	0.51184828	0.34719824	0.23285501	1.60000000	9.60000000	0.02262894	0.00000000
C18	c	0.39136207	0.35500202	0.03337554	1.70000000	9.70000000	0.01467636	0.00000000
C19	c	0.50386511	0.39386903	0.07536562	1.80000000	9.80000000	0.01706524	0.00000000
C20	c	0.33390401	0.37657166	0.18542879	1.90000000	9.90000000	0.02216477	0.00000000
C21	c	0.40884078	0.42248569	0.10275767	2.00000000	10.00000000	0.02665160	0.00000000
C22	c	0.44775506	0.31639165	0.06944288	2.00000000	10.00000000	0.02553236	0.00000000
C23	c	0.50806045	0.37507411	0.17656924	2.00000000	10.00000000	0.01302693	0.00000000
C24	c	0.40200081	0.43998368	0.22689625	2.00000000	10.00000000	0.01477586	0.00000000
C25	c	0.32289666	0.45373442	0.15192663	2.00000000	10.00000000	0.01562036	0.00000000
C26	c	0.51926881	0.88135215	0.12211657	2.00000000	10.00000000	0.01409846	0.00000000
C27	c	0.58007079	0.94934546	0.09023554	2.00000000	10.00000000	0.01383662	0.00000000
C28	c	0.45691028	0.93953662	0.04508899	2.00000000	10.00000000	0.01220906	0.00000000
C29	c	0.51707715	0.89701636	0.24018073	2.00000000	10.00000000	0.01739199	0.00000000
C30	c	0.44799764	0.92561086	0.04409981	2.00000000	10.00000000	0.02500286	0.00000000

Q Vehicle fuel tank capacity /0.40000000/
C Vehicle load capacity /1.50000000/
r fuel consumption rate /0.25000000/
g inverse refueling rate /1.00000000/
v average Velocity /1.00000000/
