StringID	Type	x	y	demand	ReadyTime	DueDate	ServiceTime	altitude
D0	d	0.50000000	0.50000000	0.00000000	0.00000000	10.00000000	0.00000000	0.00000000
S0	f	0.08903038	0.91737397	0.00000000	0.00000000	10.00000000	0.00000000	0.00000000
S1	f	0.31160149	0.42448654	0.00000000	0.00000000	10.00000000	0.00000000	0.00000000
S2	f	0.57354430	0.70465298	0.00000000	0.00000000	10.00000000	0.00000000	0.00000000
S3	f	0.07810267	0.74823828	0.00000000	0.00000000	10.00000000	0.00000000	0.00000000
S4	f	0.85359947	0.55462421	0.00000000	0.00000000	10.00000000	0.00000000	0.00000000
S5	f	0.37739642	0.31195216	0.00000000	0.00000000	10.00000000	0.00000000	0.00000000
C1	c	0.88534472	0.82874558	0.15064441	0.00000000	8.00000000	0.02889683	0.00000000
C2	c	0.92857700	0.81804374	0.21041154	0.10000000	8.10000000	0.02881222	0.00000000
C3	c	0.92344124	0.69786630	0.24938433	0.20000000	8.20000000	0.01075611	0.00000000
C4	c	0.92554373	0.62127219	0.08312860	0.30000000	8.30000000	0.02947596	0.00000000
C5	c	0.99923615	0.75396694	0.03718530	0.40000000	8.40000000	0.02421878	0.00000000
C6	c	0.99898133	0.77008349	0.11052582	0.50000000	8.50000000	0.02687211	0.00000000
C7	c	0.16664376	0.93067468	0.16564913	0.60000000	8.60000000	0.01238782	0.00000000
C8	c	0.04363029	1.00000000	0.08005191	0.70000000	8.70000000	0.02821692	0.00000000
C9	c	0.19444423	0.93315759	0.02779027	0.80000000	8.80000000	0.01581526	0.00000000
C10	c	0.05891454	0.86925302	0.27668827	0.90000000	8.90000000	0.02561529	0.00000000
C11	c	0.03551313	0.89509613	0.02736551	1.00000000	9.00000000	0.02886611	0.00000000
C12	c	0.05875079	0.82930155	0.23134432	1.10000000	9.10000000	0.02173557	0.00000000
C13	c	0.06061689	0.82348822	0.21159555	1.20000000	9.20000000	0.02537019	0.00000000
C14	c	0.35306985	0.51093133	0.05033713	1.30000000	9.30000000	0.01242851	0.00000000
C15	c	0.25828200	0.49804681	0.20448667	1.40000000	9.40000000	0.01124771	0.00000000
C16	c	0.35405576	0.40993792	0.14485529	1.50000000	9.50000000	0.02728472	0.00000000
C17	c	0.31403849	0.84670195	0.25533645	1.60000000	9.60000000	0.01243269	0.00000000
C18	c	0.37327304	0.95940259	0.09124632	1.70000000	9.70000000	0.02330541	0.00000000
C19	c	0.39974401	0.94699528	0.07162488	1.80000000	9.80000000	0.01716089	0.00000000
C20	c	0.44349368	0.91489520	0.04775244	1.90000000	9.90000000	0.01156622	0.00000000
C21	c	0.45029927	0.88715335	0.26612426	2.00000000	10.00000000	0.01211689	0.00000000
C22	c	0.24061419	0.94456206	0.19865351	2.00000000	10.00000000	0.01333152	0.00000000
C23	c	0.32303881	0.87845487	0.25783297	2.00000000	10.00000000	0.01061211	0.00000000
C24	c	0.39014850	0.93578260	0.06820449	2.00000000	10.00000000	0.02100545	0.00000000
C25	c	0.46853488	0.83109096	0.19595809	2.00000000	10.00000000	0.01500364	0.00000000
C26	c	0.52739178	0.84137569	0.09501122	2.00000000	10.00000000	0.01153868	0.00000000
C27	c	0.51468866	0.81589294	0.07664111	2.00000000	10.00000000	0.02680967	0.00000000
C28	c	0.58565455	0.91789681	0.14679647	2.00000000	10.00000000	0.01857191	0.00000000
C29	c	0.55518849	0.92043248	0.26878434	2.00000000	10.00000000	0.01624305	0.00000000
C30	c	0.52714368	0.82244113	0.19858939	2.00000000	10.00000000	0.01360650	0.00000000

Q Vehicle fuel tank capacity /0.40000000/
C Vehicle load capacity /1.50000000/
r fuel consumption rate /0.25000000/
g inverse refueling rate /1.00000000/
v average Velocity /1.00000000/
