StringID	Type	x	y	demand	ReadyTime	DueDate	ServiceTime	altitude
D0	d	0.50000000	0.50000000	0.00000000	0.00000000	10.00000000	0.00000000	0.00000000
S0	f	0.63656742	0.43082899	0.00000000	0.00000000	10.00000000	0.00000000	0.00000000
S1	f	0.00471857	0.14361879	0.00000000	0.00000000	10.00000000	0.00000000	0.00000000
S2	f	0.06310617	0.89487285	0.00000000	0.00000000	10.00000000	0.00000000	0.00000000
S3	f	0.20627034	0.65054773	0.00000000	0.00000000	10.00000000	0.00000000	0.00000000
S4	f	0.60544856	0.32910828	0.00000000	0.00000000	10.00000000	0.00000000	0.00000000
S5	f	0.98325335	0.55531531	0.00000000	0.00000000	10.00000000	0.00000000	0.00000000
C1	c	0.18298213	0.38794424	0.02695717	0.00000000	8.00000000	0.01572312	0.00000000
C2	c	0.27824485	0.41297433	0.11043572	0.10000000	8.10000000	0.01573146	0.00000000
C3	c	0.15089519	0.30714245	0.25407568	0.20000000	8.20000000	0.01113831	0.00000000
C4	c	0.19448035	0.34011664	0.11876083	0.30000000	8.30000000	0.02384075	0.00000000
C5	c	0.15016208	0.45497336	0.12610294	0.40000000	8.40000000	0.02979595	0.00000000
C6	c	0.11297334	0.33894972	0.07960954	0.50000000	8.50000000	0.01341548	0.00000000
C7	c	0.17068706	0.39637296	0.03346101	0.60000000	8.60000000	0.02912856	0.00000000
C8	c	0.56418662	0.59800992	0.05712927	0.70000000	8.70000000	0.02001402	0.00000000
C9	c	0.60513104	0.55865440	0.07837076	0.80000000	8.80000000	0.02415181	0.00000000
C10	c	0.66936354	0.58428929	0.02066350	0.90000000	8.90000000	0.02373635	0.00000000
C11	c	0.64095015	0.58490575	0.27987962	1.00000000	9.00000000	0.02840399	0.00000000
C12	c	0.68205377	0.59234784	0.07447798	1.10000000	9.10000000	0.01952940	0.00000000
C13	c	0.46410187	0.01924370	0.14126617	1.20000000	9.20000000	0.01010219	0.00000000
C14	c	0.23303310	0.29688484	0.23857856	1.30000000	9.30000000	0.02634969	0.00000000
C15	c	0.33304752	0.27884198	0.12985446	1.40000000	9.40000000	0.01119347	0.00000000
C16	c	0.30140311	0.31026374	0.13191981	1.50000000	9.50000000	0.01596766	0.00000000
C17	c	0.17316328	0.34332952	0.21877129	1.60000000	9.60000000	0.02012719	0.00000000
C18	c	0.23799357	0.27123717	0.02119378	1.70000000	9.70000000	0.01044542	0.00000000
C19	c	0.30875394	0.26375336	0.14170546	1.80000000	9.80000000	0.01573134	0.00000000
C20	c	0.00000000	0.75625776	0.23498722	1.90000000	9.90000000	0.01487699	0.00000000
C21	c	0.09220440	0.72943763	0.04857946	2.00000000	10.00000000	0.02387408	0.00000000
C22	c	0.12825580	0.69359732	0.24539600	2.00000000	10.00000000	0.02930893	0.00000000
C23	c	0.00000000	0.62801061	0.28041852	2.00000000	10.00000000	0.02710798	0.00000000
C24	c	0.03110062	0.66252672	0.25194225	2.00000000	10.00000000	0.02929254	0.00000000
C25	c	0.05753354	0.67021686	0.27396303	2.00000000	10.00000000	0.01900788	0.00000000
C26	c	0.10001641	0.69012582	0.28855846	2.00000000	10.00000000	0.01256212	0.00000000
C27	c	0.06806540	0.67537045	0.19169420	2.00000000	10.00000000	0.01029392	0.00000000
C28	c	0.14752835	0.63382511	0.11513597	2.00000000	10.00000000	0.02628319	0.00000000
C29	c	0.00000000	0.63240209	0.13939637	2.00000000	10.00000000	0.02489823	0.00000000
C30	c	0.00000000	0.66605102	0.14671498	2.00000000	10.00000000	0.02754238	0.00000000

Q Vehicle fuel tank capacity /0.40000000/
C Vehicle load capacity /1.50000000/
r fuel consumption rate /0.25000000/
g inverse refueling rate /1.00000000/
v average Velocity /1.00000000/
