StringID	Type	x	y	demand	ReadyTime	DueDate	ServiceTime	altitude
D0	d	0.50000000	0.50000000	0.00000000	0.00000000	10.00000000	0.00000000	0.00000000
S0	f	0.82837893	0.87260277	0.00000000	0.00000000	10.00000000	0.00000000	0.00000000
S1	f	0.97009474	0.27173625	0.00000000	0.00000000	10.00000000	0.00000000	0.00000000
S2	f	0.46537777	0.57061941	0.00000000	0.00000000	10.00000000	0.00000000	0.00000000
S3	f	0.15555787	0.98733571	0.00000000	0.00000000	10.00000000	0.00000000	0.00000000
S4	f	0.07313903	0.97436011	0.00000000	0.00000000	10.00000000	0.00000000	0.00000000
S5	f	0.08882789	0.24569758	0.00000000	0.00000000	10.00000000	0.00000000	0.00000000
S6	f	0.72307626	0.09440529	0.00000000	0.00000000	10.00000000	0.00000000	0.00000000
S7	f	0.62578808	0.93110909	0.00000000	0.00000000	10.00000000	0.00000000	0.00000000
S8	f	0.93844316	0.69676526	0.00000000	0.00000000	10.00000000	0.00000000	0.00000000
S9	f	0.92597156	0.40891605	0.00000000	0.00000000	10.00000000	0.00000000	0.00000000
C1	c	0.40911003	0.05388667	0.13023318	0.00000000	8.00000000	0.02910814	0.00000000
C2	c	0.28314512	0.14270522	0.05746289	0.06000000	8.06000000	0.02674436	0.00000000
C3	c	0.24929810	0.17459697	0.06610765	0.12000000	8.12000000	0.01342653	0.00000000
C4	c	0.39250542	0.10682753	0.04012939	0.18000000	8.18000000	0.02145803	0.00000000
C5	c	0.35107275	0.07894084	0.11572539	0.24000000	8.24000000	0.02174752	0.00000000
C6	c	0.33217559	0.08751537	0.10283389	0.30000000	8.30000000	0.02463873	0.00000000
C7	c	0.35672317	0.11155638	0.07868186	0.36000000	8.36000000	0.01719264	0.00000000
C8	c	0.50079541	0.61791224	0.12952493	0.42000000	8.42000000	0.01960981	0.00000000
C9	c	0.58438417	0.62394594	0.04916077	0.48000000	8.48000000	0.01371426	0.00000000
C10	c	0.51438143	0.66523603	0.08952056	0.54000000	8.54000000	0.02551423	0.00000000
C11	c	0.43181972	0.64278468	0.09687378	0.60000000	8.60000000	0.01978460	0.00000000
C12	c	0.44831325	0.64610223	0.15318265	0.66000000	8.66000000	0.02344990	0.00000000
C13	c	0.47422322	0.66088184	0.06008941	0.72000000	8.72000000	0.01666127	0.00000000
C14	c	0.51025236	0.68839795	0.15418306	0.78000000	8.78000000	0.01629207	0.00000000
C15	c	0.77040910	0.54315898	0.02711810	0.84000000	8.84000000	0.02238522	0.00000000
C16	c	0.86980160	0.51509002	0.10996412	0.90000000	8.90000000	0.02639456	0.00000000
C17	c	0.79695326	0.57383339	0.03308223	0.96000000	8.96000000	0.02562055	0.00000000
C18	c	0.90201061	0.58555763	0.08192494	1.02000000	9.02000000	0.01006533	0.00000000
C19	c	0.84774359	0.60055001	0.06763859	1.08000000	9.08000000	0.01458367	0.00000000
C20	c	0.67713824	0.66704082	0.01808724	1.14000000	9.14000000	0.01506957	0.00000000
C21	c	0.69707149	0.66169785	0.15629580	1.20000000	9.20000000	0.01412301	0.00000000
C22	c	0.73972289	0.63247292	0.08819990	1.26000000	9.26000000	0.02297376	0.00000000
C23	c	0.78165563	0.63405443	0.13765418	1.32000000	9.32000000	0.01779638	0.00000000
C24	c	0.66213096	0.56979868	0.02428617	1.38000000	9.38000000	0.01055898	0.00000000
C25	c	0.67576504	0.66597375	0.15913734	1.44000000	9.44000000	0.01453218	0.00000000
C26	c	0.78053958	0.62085482	0.03095462	1.50000000	9.50000000	0.02041811	0.00000000
C27	c	0.66561054	0.67910650	0.16054610	1.56000000	9.56000000	0.01024611	0.00000000
C28	c	0.71040326	0.68726635	0.07205930	1.62000000	9.62000000	0.02183415	0.00000000
C29	c	0.72880149	0.65012465	0.09383256	1.68000000	9.68000000	0.02576693	0.00000000
C30	c	0.74816148	0.76311161	0.11609541	1.74000000	9.74000000	0.01710611	0.00000000
C31	c	0.66350323	0.75402559	0.14119668	1.80000000	9.80000000	0.02623535	0.00000000
C32	c	0.69860770	0.62703303	0.09556306	1.86000000	9.86000000	0.01037071	0.00000000
C33	c	0.78310088	0.90816215	0.02345308	1.92000000	9.92000000	0.02878033	0.00000000
C34	c	0.85043267	0.81155842	0.06819869	1.98000000	9.98000000	0.02410072	0.00000000
C35	c	0.90017078	0.79757705	0.15593064	2.00000000	10.00000000	0.01282753	0.00000000
C36	c	0.31252332	0.72856110	0.14878427	2.00000000	10.00000000	0.02652362	0.00000000
C37	c	0.28331596	0.69946805	0.14271677	2.00000000	10.00000000	0.01239773	0.00000000
C38	c	0.18827136	0.69351738	0.04668168	2.00000000	10.00000000	0.01465949	0.00000000
C39	c	0.30569171	0.69248721	0.08131134	2.00000000	10.00000000	0.01440175	0.00000000
C40	c	0.36443121	0.74142586	0.07529287	2.00000000	10.00000000	0.01489118	0.00000000
C41	c	0.25038524	0.67569574	0.07808836	2.00000000	10.00000000	0.01661487	0.00000000
C42	c	0.37438043	0.67335742	0.13520059	2.00000000	10.00000000	0.02238180	0.00000000
C43	c	0.31658096	0.68822917	0.01380814	2.00000000	10.00000000	0.01218852	0.00000000
C44	c	0.26551690	0.66117690	0.05301578	2.00000000	10.00000000	0.02485908	0.00000000
C45	c	0.25008218	0.68432794	0.05585719	2.00000000	10.00000000	0.02958876	0.00000000
C46	c	0.27325493	0.78594831	0.02853484	2.00000000	10.00000000	0.01818267	0.00000000
C47	c	0.95600021	0.19785481	0.12208666	2.00000000	10.00000000	0.02639190	0.00000000
C48	c	0.92328588	0.26344497	0.08872807	2.00000000	10.00000000	0.02548560	0.00000000
C49	c	1.00000000	0.30846930	0.12739877	2.00000000	10.00000000	0.02792531	0.00000000
C50	c	0.96286590	0.22474403	0.11756648	2.00000000	10.00000000	0.02276341	0.00000000

Q Vehicle fuel tank capacity /0.40000000/
C Vehicle load capacity /1.50000000/
r fuel consumption rate /0.25000000/
g inverse refueling rate /1.00000000/
v average Velocity /1.00000000/
