StringID	Type	x	y	demand	ReadyTime	DueDate	ServiceTime	altitude
D0	d	0.50000000	0.50000000	0.00000000	0.00000000	10.00000000	0.00000000	0.00000000
S0	f	0.32988726	0.49594450	0.00000000	0.00000000	10.00000000	0.00000000	0.00000000
S1	f	0.70300607	0.81856478	0.00000000	0.00000000	10.00000000	0.00000000	0.00000000
S2	f	0.95453253	0.09951964	0.00000000	0.00000000	10.00000000	0.00000000	0.00000000
S3	f	0.84273156	0.38245483	0.00000000	0.00000000	10.00000000	0.00000000	0.00000000
S4	f	0.96286004	0.86040231	0.00000000	0.00000000	10.00000000	0.00000000	0.00000000
S5	f	0.09215947	0.56033820	0.00000000	0.00000000	10.00000000	0.00000000	0.00000000
C1	c	0.74798506	0.36572103	0.07537613	0.00000000	8.00000000	0.01718080	0.00000000
C2	c	0.87141518	0.42817467	0.24803659	0.10000000	8.10000000	0.01448890	0.00000000
C3	c	0.88368945	0.37310847	0.21926652	0.20000000	8.20000000	0.01021357	0.00000000
C4	c	0.87338491	0.46026152	0.02325682	0.30000000	8.30000000	0.02885053	0.00000000
C5	c	0.76855383	0.45291998	0.26851291	0.40000000	8.40000000	0.02555397	0.00000000
C6	c	0.83501295	0.52347629	0.22086681	0.50000000	8.50000000	0.02164521	0.00000000
C7	c	0.79389394	0.45169778	0.19967109	0.60000000	8.60000000	0.01226202	0.00000000
C8	c	0.79384569	0.46263752	0.10885907	0.70000000	8.70000000	0.02540904	0.00000000
C9	c	0.77561603	0.42666266	0.01999575	0.80000000	8.80000000	0.01164469	0.00000000
C10	c	0.81361575	0.47032638	0.18784656	0.90000000	8.90000000	0.02322224	0.00000000
C11	c	0.27107630	0.53217464	0.12033906	1.00000000	9.00000000	0.01010029	0.00000000
C12	c	0.30193130	0.46561601	0.02295866	1.10000000	9.10000000	0.02346235	0.00000000
C13	c	0.36419336	0.53914455	0.20973926	1.20000000	9.20000000	0.02311833	0.00000000
C14	c	0.31398984	0.55024495	0.03810821	1.30000000	9.30000000	0.01750559	0.00000000
C15	c	0.40541588	0.53306906	0.11665213	1.40000000	9.40000000	0.02619595	0.00000000
C16	c	0.33722338	0.64289472	0.13145968	1.50000000	9.50000000	0.02055577	0.00000000
C17	c	0.31907777	0.56990318	0.04958366	1.60000000	9.60000000	0.01601815	0.00000000
C18	c	0.40603525	0.59019154	0.20058161	1.70000000	9.70000000	0.02933580	0.00000000
C19	c	0.29443057	0.66196623	0.05278037	1.80000000	9.80000000	0.01898028	0.00000000
C20	c	0.33286805	0.56532892	0.24506023	1.90000000	9.90000000	0.02287980	0.00000000
C21	c	0.32844119	0.57875019	0.19699571	2.00000000	10.00000000	0.01718457	0.00000000
C22	c	0.63798478	0.94571406	0.25379357	2.00000000	10.00000000	0.02644260	0.00000000
C23	c	0.69708727	0.97272390	0.05101479	2.00000000	10.00000000	0.01221914	0.00000000
C24	c	0.71562503	0.98211061	0.18434507	2.00000000	10.00000000	0.02758324	0.00000000
C25	c	0.71998328	1.00000000	0.03031364	2.00000000	10.00000000	0.02693510	0.00000000
C26	c	0.71456556	0.74909623	0.24867188	2.00000000	10.00000000	0.02929304	0.00000000
C27	c	0.78034403	0.77512482	0.19687567	2.00000000	10.00000000	0.02705238	0.00000000
C28	c	0.70586472	0.87071718	0.28696853	2.00000000	10.00000000	0.02944667	0.00000000
C29	c	0.71765123	0.77418757	0.27025184	2.00000000	10.00000000	0.01789878	0.00000000
C30	c	0.75911687	0.83168960	0.02181817	2.00000000	10.00000000	0.02781017	0.00000000

Q Vehicle fuel tank capacity /0.40000000/
C Vehicle load capacity /1.50000000/
r fuel consumption rate /0.25000000/
g inverse refueling rate /1.00000000/
v average Velocity /1.00000000/
