StringID	Type	x	y	demand	ReadyTime	DueDate	ServiceTime	altitude
D0	d	0.50000000	0.50000000	0.00000000	0.00000000	10.00000000	0.00000000	0.00000000
S0	f	0.87274370	0.53448643	0.00000000	0.00000000	10.00000000	0.00000000	0.00000000
S1	f	0.94026116	0.33785294	0.00000000	0.00000000	10.00000000	0.00000000	0.00000000
S2	f	0.07954223	0.29613898	0.00000000	0.00000000	10.00000000	0.00000000	0.00000000
S3	f	0.62948976	0.54232781	0.00000000	0.00000000	10.00000000	0.00000000	0.00000000
S4	f	0.36525736	0.14625049	0.00000000	0.00000000	10.00000000	0.00000000	0.00000000
S5	f	0.98102220	0.43045191	0.00000000	0.00000000	10.00000000	0.00000000	0.00000000
C1	c	0.49445152	0.50325257	0.23548115	0.00000000	8.00000000	0.02285642	0.00000000
C2	c	0.36858869	0.50715263	0.06468447	0.10000000	8.10000000	0.01546047	0.00000000
C3	c	0.42243296	0.56573233	0.10053901	0.20000000	8.20000000	0.01307470	0.00000000
C4	c	0.50978090	0.50261127	0.19903088	0.30000000	8.30000000	0.01361865	0.00000000
C5	c	0.42940357	0.52452878	0.22863136	0.40000000	8.40000000	0.02850359	0.00000000
C6	c	0.50259227	0.43945988	0.25526958	0.50000000	8.50000000	0.01821580	0.00000000
C7	c	0.51884290	0.52016104	0.17815215	0.60000000	8.60000000	0.01711039	0.00000000
C8	c	0.50300498	0.51330766	0.04791056	0.70000000	8.70000000	0.02875088	0.00000000
C9	c	0.46708691	0.51749763	0.17113615	0.80000000	8.80000000	0.01205790	0.00000000
C10	c	0.45468188	0.57713892	0.14028835	0.90000000	8.90000000	0.01553786	0.00000000
C11	c	0.68845753	0.63702935	0.05564607	1.00000000	9.00000000	0.02108830	0.00000000
C12	c	0.67504639	0.70066663	0.19898572	1.10000000	9.10000000	0.02294311	0.00000000
C13	c	0.62488257	0.70744462	0.21612834	1.20000000	9.20000000	0.01070766	0.00000000
C14	c	0.72630010	0.59085992	0.19716067	1.30000000	9.30000000	0.02473638	0.00000000
C15	c	0.94358809	0.63403404	0.03050576	1.40000000	9.40000000	0.01195362	0.00000000
C16	c	0.82921755	0.54888434	0.04424870	1.50000000	9.50000000	0.02678434	0.00000000
C17	c	0.86548560	0.61444103	0.15233775	1.60000000	9.60000000	0.01006842	0.00000000
C18	c	0.27223427	0.76442440	0.14827115	1.70000000	9.70000000	0.01612696	0.00000000
C19	c	0.12637806	0.72345319	0.16345634	1.80000000	9.80000000	0.01008682	0.00000000
C20	c	0.11379005	0.73098386	0.21632252	1.90000000	9.90000000	0.02695996	0.00000000
C21	c	0.15811428	0.72619416	0.11019037	2.00000000	10.00000000	0.02352419	0.00000000
C22	c	0.17401804	0.76968573	0.07610394	2.00000000	10.00000000	0.01617211	0.00000000
C23	c	0.15842398	0.76417527	0.16335922	2.00000000	10.00000000	0.01084280	0.00000000
C24	c	0.14676015	0.62425916	0.10612718	2.00000000	10.00000000	0.01137228	0.00000000
C25	c	0.19272360	0.58606352	0.24362888	2.00000000	10.00000000	0.01540033	0.00000000
C26	c	0.12059401	0.66062654	0.23636794	2.00000000	10.00000000	0.02796375	0.00000000
C27	c	0.17521382	0.67130113	0.11066120	2.00000000	10.00000000	0.01151873	0.00000000
C28	c	0.17276491	0.62007371	0.04687766	2.00000000	10.00000000	0.01602386	0.00000000
C29	c	0.14740926	0.61475015	0.16300118	2.00000000	10.00000000	0.02411042	0.00000000
C30	c	0.18001081	0.64954214	0.19949573	2.00000000	10.00000000	0.02120570	0.00000000

Q Vehicle fuel tank capacity /0.40000000/
C Vehicle load capacity /1.50000000/
r fuel consumption rate /0.25000000/
g inverse refueling rate /1.00000000/
v average Velocity /1.00000000/
