StringID	Type	x	y	demand	ReadyTime	DueDate	ServiceTime	altitude
D0	d	0.50000000	0.50000000	0.00000000	0.00000000	10.00000000	0.00000000	0.00000000
S0	f	0.87562689	0.16077296	0.00000000	0.00000000	10.00000000	0.00000000	0.00000000
S1	f	0.58938205	0.09689008	0.00000000	0.00000000	10.00000000	0.00000000	0.00000000
S2	f	0.20657866	0.62863597	0.00000000	0.00000000	10.00000000	0.00000000	0.00000000
S3	f	0.37119426	0.95209676	0.00000000	0.00000000	10.00000000	0.00000000	0.00000000
S4	f	0.20343643	0.25463077	0.00000000	0.00000000	10.00000000	0.00000000	0.00000000
S5	f	0.45284878	0.14432733	0.00000000	0.00000000	10.00000000	0.00000000	0.00000000
S6	f	0.22288349	0.86337367	0.00000000	0.00000000	10.00000000	0.00000000	0.00000000
S7	f	0.32718444	0.40712792	0.00000000	0.00000000	10.00000000	0.00000000	0.00000000
S8	f	0.91995920	0.62811229	0.00000000	0.00000000	10.00000000	0.00000000	0.00000000
S9	f	0.57672048	0.38274703	0.00000000	0.00000000	10.00000000	0.00000000	0.00000000
C1	c	0.60550407	0.63293893	0.01941718	0.00000000	8.00000000	0.01759122	0.00000000
C2	c	0.50028207	0.69927149	0.10686832	0.06000000	8.06000000	0.01915136	0.00000000
C3	c	0.54602146	0.62094867	0.01695522	0.12000000	8.12000000	0.01031186	0.00000000
C4	c	0.54367261	0.62645606	0.03734583	0.18000000	8.18000000	0.01854998	0.00000000
C5	c	0.64868071	0.63772147	0.10931195	0.24000000	8.24000000	0.01456953	0.00000000
C6	c	0.51744913	0.48373260	0.08906622	0.30000000	8.30000000	0.02247983	0.00000000
C7	c	0.52858445	0.64766967	0.13851326	0.36000000	8.36000000	0.01541894	0.00000000
C8	c	0.43377740	0.55168656	0.09001166	0.42000000	8.42000000	0.01734089	0.00000000
C9	c	0.36183176	0.53799962	0.17272691	0.48000000	8.48000000	0.02641039	0.00000000
C10	c	0.28397381	0.61867230	0.05004898	0.54000000	8.54000000	0.01289466	0.00000000
C11	c	0.45771107	0.52857171	0.14073957	0.60000000	8.60000000	0.01484540	0.00000000
C12	c	0.40788342	0.58369097	0.11834026	0.66000000	8.66000000	0.01787019	0.00000000
C13	c	0.40804740	0.51158203	0.02327003	0.72000000	8.72000000	0.01815057	0.00000000
C14	c	0.32811795	0.47709441	0.15833231	0.78000000	8.78000000	0.01212592	0.00000000
C15	c	0.41734876	0.58076675	0.04827955	0.84000000	8.84000000	0.02954753	0.00000000
C16	c	0.14699224	0.68189642	0.09528624	0.90000000	8.90000000	0.02607916	0.00000000
C17	c	0.02194359	0.60684295	0.07187558	0.96000000	8.96000000	0.01883443	0.00000000
C18	c	0.11001539	0.60456918	0.10262486	1.02000000	9.02000000	0.02955640	0.00000000
C19	c	0.00000000	0.62060006	0.04663933	1.08000000	9.08000000	0.01428536	0.00000000
C20	c	0.08897068	0.56900356	0.06738270	1.14000000	9.14000000	0.01550041	0.00000000
C21	c	0.12643060	0.59666061	0.04587794	1.20000000	9.20000000	0.01702320	0.00000000
C22	c	0.08712630	0.66015067	0.07673598	1.26000000	9.26000000	0.01788260	0.00000000
C23	c	0.00000000	0.58065674	0.09848291	1.32000000	9.32000000	0.01420281	0.00000000
C24	c	0.05983146	0.58689453	0.16584073	1.38000000	9.38000000	0.01917751	0.00000000
C25	c	0.07721008	0.62108786	0.08421773	1.44000000	9.44000000	0.02599071	0.00000000
C26	c	0.86048769	0.28844890	0.16874013	1.50000000	9.50000000	0.02809728	0.00000000
C27	c	0.80190704	0.20233624	0.01375225	1.56000000	9.56000000	0.02200260	0.00000000
C28	c	0.82858270	0.16674397	0.05930665	1.62000000	9.62000000	0.01291099	0.00000000
C29	c	0.77083099	0.20243833	0.04140703	1.68000000	9.68000000	0.01416053	0.00000000
C30	c	0.10161691	0.16658032	0.09267140	1.74000000	9.74000000	0.02135301	0.00000000
C31	c	0.10482193	0.06147185	0.09188022	1.80000000	9.80000000	0.01965898	0.00000000
C32	c	0.14243404	0.10256892	0.08520855	1.86000000	9.86000000	0.01129944	0.00000000
C33	c	0.04608955	0.15305686	0.16536294	1.92000000	9.92000000	0.02948875	0.00000000
C34	c	0.11074365	0.26215216	0.09134255	1.98000000	9.98000000	0.01141598	0.00000000
C35	c	0.10948862	0.08647190	0.07531059	2.00000000	10.00000000	0.01481109	0.00000000
C36	c	0.10367096	0.14999258	0.01384467	2.00000000	10.00000000	0.01331445	0.00000000
C37	c	0.67707049	0.64991498	0.03824497	2.00000000	10.00000000	0.01508133	0.00000000
C38	c	0.74723408	0.81951768	0.12227415	2.00000000	10.00000000	0.02019576	0.00000000
C39	c	0.79025622	0.72553745	0.16611787	2.00000000	10.00000000	0.02760340	0.00000000
C40	c	0.71356761	0.73490003	0.09665404	2.00000000	10.00000000	0.01168816	0.00000000
C41	c	0.70741501	0.78745109	0.03627740	2.00000000	10.00000000	0.02007030	0.00000000
C42	c	0.87730089	0.20559683	0.14081480	2.00000000	10.00000000	0.02172234	0.00000000
C43	c	0.87976767	0.30217076	0.05443880	2.00000000	10.00000000	0.02278836	0.00000000
C44	c	0.87827430	0.25551881	0.14898247	2.00000000	10.00000000	0.01658797	0.00000000
C45	c	0.72528291	0.26739409	0.16347819	2.00000000	10.00000000	0.01587593	0.00000000
C46	c	0.73220159	0.15998196	0.07818974	2.00000000	10.00000000	0.01924260	0.00000000
C47	c	0.84869569	0.26870965	0.04231829	2.00000000	10.00000000	0.02045669	0.00000000
C48	c	0.75294454	0.26512366	0.16002561	2.00000000	10.00000000	0.02049895	0.00000000
C49	c	0.85158552	0.26546064	0.15394550	2.00000000	10.00000000	0.01900023	0.00000000
C50	c	0.88520560	0.30695796	0.02521991	2.00000000	10.00000000	0.02547120	0.00000000

Q Vehicle fuel tank capacity /0.40000000/
C Vehicle load capacity /1.50000000/
r fuel consumption rate /0.25000000/
g inverse refueling rate /1.00000000/
v average Velocity /1.00000000/
