StringID	Type	x	y	demand	ReadyTime	DueDate	ServiceTime	altitude
D0	d	0.50000000	0.50000000	0.00000000	0.00000000	10.00000000	0.00000000	0.00000000
S0	f	0.49428184	0.66856308	0.00000000	0.00000000	10.00000000	0.00000000	0.00000000
S1	f	0.92303154	0.70569257	0.00000000	0.00000000	10.00000000	0.00000000	0.00000000
S2	f	0.31609831	0.32291981	0.00000000	0.00000000	10.00000000	0.00000000	0.00000000
S3	f	0.28507088	0.53791746	0.00000000	0.00000000	10.00000000	0.00000000	0.00000000
S4	f	0.64476021	0.99201457	0.00000000	0.00000000	10.00000000	0.00000000	0.00000000
S5	f	0.85457802	0.25134089	0.00000000	0.00000000	10.00000000	0.00000000	0.00000000
S6	f	0.58234120	0.61775148	0.00000000	0.00000000	10.00000000	0.00000000	0.00000000
S7	f	0.18853548	0.32423297	0.00000000	0.00000000	10.00000000	0.00000000	0.00000000
S8	f	0.89093213	0.99825774	0.00000000	0.00000000	10.00000000	0.00000000	0.00000000
S9	f	0.56195262	0.34045243	0.00000000	0.00000000	10.00000000	0.00000000	0.00000000
C1	c	0.82488271	0.14626771	0.07594768	0.00000000	8.00000000	0.02217868	0.00000000
C2	c	0.89313938	0.09139091	0.05375605	0.06000000	8.06000000	0.01219191	0.00000000
C3	c	0.83559076	0.08655248	0.02235870	0.12000000	8.12000000	0.01522011	0.00000000
C4	c	0.91964950	0.12905970	0.01827046	0.18000000	8.18000000	0.01469386	0.00000000
C5	c	0.87643051	0.02756685	0.13935590	0.24000000	8.24000000	0.02285385	0.00000000
C6	c	0.83428866	0.16627827	0.10190281	0.30000000	8.30000000	0.01246748	0.00000000
C7	c	0.89308692	0.10538826	0.11308195	0.36000000	8.36000000	0.02213405	0.00000000
C8	c	0.81993168	0.07896002	0.08872591	0.42000000	8.42000000	0.01546606	0.00000000
C9	c	0.77056059	0.06323139	0.15162966	0.48000000	8.48000000	0.02653608	0.00000000
C10	c	0.78568945	0.01574784	0.08605706	0.54000000	8.54000000	0.01225064	0.00000000
C11	c	0.82823041	0.10115657	0.07296582	0.60000000	8.60000000	0.02994045	0.00000000
C12	c	0.00000000	0.37771619	0.06270891	0.66000000	8.66000000	0.02075269	0.00000000
C13	c	0.00000000	0.57281446	0.05406794	0.72000000	8.72000000	0.01778208	0.00000000
C14	c	0.02537640	0.53230216	0.12119849	0.78000000	8.78000000	0.02291488	0.00000000
C15	c	0.02618903	0.40200882	0.01486925	0.84000000	8.84000000	0.01321433	0.00000000
C16	c	0.11764150	0.44776888	0.13423834	0.90000000	8.90000000	0.01177497	0.00000000
C17	c	0.03601069	0.52351881	0.14252297	0.96000000	8.96000000	0.02594689	0.00000000
C18	c	0.00039282	0.46543867	0.09581009	1.02000000	9.02000000	0.01597798	0.00000000
C19	c	0.02902890	0.47458287	0.11139414	1.08000000	9.08000000	0.01699926	0.00000000
C20	c	0.20135496	0.87569845	0.14241409	1.14000000	9.14000000	0.01133223	0.00000000
C21	c	0.13313114	0.97368628	0.08891749	1.20000000	9.20000000	0.02700713	0.00000000
C22	c	0.14647872	0.99752167	0.06865069	1.26000000	9.26000000	0.01140363	0.00000000
C23	c	0.10899884	0.93192877	0.13566120	1.32000000	9.32000000	0.02265159	0.00000000
C24	c	0.18311806	0.93398177	0.05245279	1.38000000	9.38000000	0.01877889	0.00000000
C25	c	0.22724442	1.00000000	0.12162418	1.44000000	9.44000000	0.01899316	0.00000000
C26	c	0.10486175	0.98007716	0.16348165	1.50000000	9.50000000	0.02389236	0.00000000
C27	c	0.27257529	1.00000000	0.10167939	1.56000000	9.56000000	0.01902389	0.00000000
C28	c	0.20822761	0.93783442	0.03062342	1.62000000	9.62000000	0.01140874	0.00000000
C29	c	0.18359501	0.94585204	0.08963316	1.68000000	9.68000000	0.02917465	0.00000000
C30	c	0.77435671	0.12483171	0.09579748	1.74000000	9.74000000	0.02220002	0.00000000
C31	c	0.80666311	0.00400489	0.15258893	1.80000000	9.80000000	0.02265686	0.00000000
C32	c	0.82660357	0.16850681	0.05550060	1.86000000	9.86000000	0.01634848	0.00000000
C33	c	0.87912617	0.08703254	0.02125499	1.92000000	9.92000000	0.02316381	0.00000000
C34	c	0.80522180	0.19375865	0.07488719	1.98000000	9.98000000	0.02612451	0.00000000
C35	c	0.80187273	0.26169166	0.01798780	2.00000000	10.00000000	0.02737118	0.00000000
C36	c	0.65864953	0.27797026	0.13088444	2.00000000	10.00000000	0.01675625	0.00000000
C37	c	0.63608891	0.33249751	0.06162290	2.00000000	10.00000000	0.01668036	0.00000000
C38	c	0.64645678	0.21643806	0.13358152	2.00000000	10.00000000	0.02030634	0.00000000
C39	c	0.58435895	0.23815279	0.02354781	2.00000000	10.00000000	0.02390341	0.00000000
C40	c	0.61055021	0.28795561	0.07357524	2.00000000	10.00000000	0.02299031	0.00000000
C41	c	0.60644620	0.20605178	0.14588738	2.00000000	10.00000000	0.02366345	0.00000000
C42	c	0.63459092	0.33257399	0.15705531	2.00000000	10.00000000	0.02798569	0.00000000
C43	c	0.63211111	0.29385642	0.13071446	2.00000000	10.00000000	0.02908986	0.00000000
C44	c	0.49927121	0.73104241	0.12175369	2.00000000	10.00000000	0.01651700	0.00000000
C45	c	0.57588874	0.67993558	0.12479985	2.00000000	10.00000000	0.01799005	0.00000000
C46	c	0.39600395	0.74094533	0.03528436	2.00000000	10.00000000	0.02897671	0.00000000
C47	c	0.42134360	0.58182559	0.12758563	2.00000000	10.00000000	0.02704277	0.00000000
C48	c	0.49157186	0.62697236	0.02955987	2.00000000	10.00000000	0.01048640	0.00000000
C49	c	0.45722876	0.61983384	0.03409237	2.00000000	10.00000000	0.02832370	0.00000000
C50	c	0.37994278	0.64994997	0.09603801	2.00000000	10.00000000	0.01825365	0.00000000

Q Vehicle fuel tank capacity /0.40000000/
C Vehicle load capacity /1.50000000/
r fuel consumption rate /0.25000000/
g inverse refueling rate /1.00000000/
v average Velocity /1.00000000/
