StringID	Type	x	y	demand	ReadyTime	DueDate	ServiceTime	altitude
D0	d	0.50000000	0.50000000	0.00000000	0.00000000	10.00000000	0.00000000	0.00000000
S0	f	0.97113099	0.96979200	0.00000000	0.00000000	10.00000000	0.00000000	0.00000000
S1	f	0.00143573	0.94473658	0.00000000	0.00000000	10.00000000	0.00000000	0.00000000
S2	f	0.36497824	0.99463178	0.00000000	0.00000000	10.00000000	0.00000000	0.00000000
S3	f	0.12431852	0.73606372	0.00000000	0.00000000	10.00000000	0.00000000	0.00000000
S4	f	0.97259723	0.77366901	0.00000000	0.00000000	10.00000000	0.00000000	0.00000000
S5	f	0.13574088	0.80746243	0.00000000	0.00000000	10.00000000	0.00000000	0.00000000
C1	c	0.48988735	0.12127290	0.12292257	0.00000000	8.00000000	0.01419401	0.00000000
C2	c	0.85022313	0.97973359	0.27642164	0.10000000	8.10000000	0.01092510	0.00000000
C3	c	0.39087236	0.54715392	0.27018023	0.20000000	8.20000000	0.02236471	0.00000000
C4	c	0.50545393	0.73770582	0.20719428	0.30000000	8.30000000	0.01574830	0.00000000
C5	c	0.09312485	0.44229313	0.20089842	0.40000000	8.40000000	0.01227016	0.00000000
C6	c	0.93662214	0.03001206	0.21794762	0.50000000	8.50000000	0.01151122	0.00000000
C7	c	0.14232268	0.00109134	0.05467037	0.60000000	8.60000000	0.01665163	0.00000000
C8	c	0.55820830	0.32902910	0.14274308	0.70000000	8.70000000	0.01383954	0.00000000
C9	c	0.20393344	0.67748925	0.22856439	0.80000000	8.80000000	0.02506421	0.00000000
C10	c	0.79640887	0.18990378	0.05788487	0.90000000	8.90000000	0.02955946	0.00000000
C11	c	0.96368743	0.63500495	0.12874068	1.00000000	9.00000000	0.01948599	0.00000000
C12	c	0.37085287	0.66185510	0.06478453	1.10000000	9.10000000	0.01913493	0.00000000
C13	c	0.79807992	0.55095580	0.21396595	1.20000000	9.20000000	0.02519732	0.00000000
C14	c	0.19951935	0.24383933	0.09987606	1.30000000	9.30000000	0.01775680	0.00000000
C15	c	0.07745910	0.22422062	0.07355858	1.40000000	9.40000000	0.01686283	0.00000000
C16	c	0.06697986	0.70766371	0.02382328	1.50000000	9.50000000	0.01641724	0.00000000
C17	c	0.94789111	0.87101231	0.06628434	1.60000000	9.60000000	0.02459087	0.00000000
C18	c	0.34654631	0.75845537	0.27865651	1.70000000	9.70000000	0.02268159	0.00000000
C19	c	0.43796816	0.41554971	0.28820268	1.80000000	9.80000000	0.02501342	0.00000000
C20	c	0.97113099	0.96979200	0.09929189	1.90000000	9.90000000	0.01690884	0.00000000
C21	c	0.76472131	0.21980578	0.07298973	2.00000000	10.00000000	0.01088128	0.00000000
C22	c	0.28540002	0.90521271	0.15702388	2.00000000	10.00000000	0.01408343	0.00000000
C23	c	0.56236605	0.14119173	0.25642151	2.00000000	10.00000000	0.02067114	0.00000000
C24	c	0.48671332	0.91273774	0.18438188	2.00000000	10.00000000	0.01874253	0.00000000
C25	c	0.58409383	0.07468591	0.09038099	2.00000000	10.00000000	0.01577945	0.00000000
C26	c	0.98652019	0.21698452	0.13240301	2.00000000	10.00000000	0.01819355	0.00000000
C27	c	0.54582691	0.93212593	0.04026198	2.00000000	10.00000000	0.01052724	0.00000000
C28	c	0.16464545	0.57174417	0.25724835	2.00000000	10.00000000	0.01284175	0.00000000
C29	c	0.29664909	0.23579917	0.09290601	2.00000000	10.00000000	0.01818003	0.00000000
C30	c	0.80811645	0.31181611	0.09937071	2.00000000	10.00000000	0.01988437	0.00000000

Q Vehicle fuel tank capacity /0.40000000/
C Vehicle load capacity /1.50000000/
r fuel consumption rate /0.25000000/
g inverse refueling rate /1.00000000/
v average Velocity /1.00000000/
