StringID	Type	x	y	demand	ReadyTime	DueDate	ServiceTime	altitude
D0	d	0.50000000	0.50000000	0.00000000	0.00000000	10.00000000	0.00000000	0.00000000
S0	f	0.29926913	0.11482539	0.00000000	0.00000000	10.00000000	0.00000000	0.00000000
S1	f	0.53991994	0.76042530	0.00000000	0.00000000	10.00000000	0.00000000	0.00000000
S2	f	0.87801367	0.53406971	0.00000000	0.00000000	10.00000000	0.00000000	0.00000000
S3	f	0.71818339	0.47584625	0.00000000	0.00000000	10.00000000	0.00000000	0.00000000
S4	f	0.10194746	0.16798521	0.00000000	0.00000000	10.00000000	0.00000000	0.00000000
S5	f	0.89197050	0.13627973	0.00000000	0.00000000	10.00000000	0.00000000	0.00000000
S6	f	0.06995244	0.06651693	0.00000000	0.00000000	10.00000000	0.00000000	0.00000000
S7	f	0.50868134	0.35930141	0.00000000	0.00000000	10.00000000	0.00000000	0.00000000
S8	f	0.40409276	0.72219836	0.00000000	0.00000000	10.00000000	0.00000000	0.00000000
S9	f	0.22267820	0.98033578	0.00000000	0.00000000	10.00000000	0.00000000	0.00000000
C1	c	0.65058056	0.71542505	0.12692027	0.00000000	8.00000000	0.01631985	0.00000000
C2	c	0.66160763	0.76105244	0.08938756	0.06000000	8.06000000	0.02099959	0.00000000
C3	c	0.58023062	0.79189145	0.10774875	0.12000000	8.12000000	0.01266699	0.00000000
C4	c	0.61387928	0.82903361	0.16890185	0.18000000	8.18000000	0.02364371	0.00000000
C5	c	0.59731749	0.89158886	0.04163553	0.24000000	8.24000000	0.02319260	0.00000000
C6	c	0.63012126	0.74396332	0.17539314	0.30000000	8.30000000	0.02214189	0.00000000
C7	c	0.60977762	0.84534449	0.13679839	0.36000000	8.36000000	0.01935591	0.00000000
C8	c	0.35479506	0.05522804	0.09380243	0.42000000	8.42000000	0.01782999	0.00000000
C9	c	0.37679562	0.18088285	0.06581668	0.48000000	8.48000000	0.02118741	0.00000000
C10	c	0.34298729	0.05299563	0.03768324	0.54000000	8.54000000	0.02856930	0.00000000
C11	c	0.33534944	0.16221367	0.02844537	0.60000000	8.60000000	0.01511979	0.00000000
C12	c	0.30214892	0.22602267	0.14678154	0.66000000	8.66000000	0.01778665	0.00000000
C13	c	0.05035419	0.97946364	0.05987939	0.72000000	8.72000000	0.02850393	0.00000000
C14	c	0.09169993	0.73281386	0.07194085	0.78000000	8.78000000	0.01095192	0.00000000
C15	c	0.05814213	0.73873213	0.14376642	0.84000000	8.84000000	0.01216311	0.00000000
C16	c	0.06118813	0.76594940	0.11673986	0.90000000	8.90000000	0.02984623	0.00000000
C17	c	0.00000000	0.71879092	0.07186815	0.96000000	8.96000000	0.02470850	0.00000000
C18	c	0.05040912	0.76312739	0.02437682	1.02000000	9.02000000	0.01048084	0.00000000
C19	c	0.12565630	0.74842747	0.05440304	1.08000000	9.08000000	0.02629161	0.00000000
C20	c	0.00000000	0.70961252	0.03997158	1.14000000	9.14000000	0.01298741	0.00000000
C21	c	0.00047744	0.77217307	0.11355427	1.20000000	9.20000000	0.02096767	0.00000000
C22	c	0.00714531	0.84799991	0.10090404	1.26000000	9.26000000	0.02139512	0.00000000
C23	c	0.44042522	0.77844551	0.16893707	1.32000000	9.32000000	0.01795149	0.00000000
C24	c	0.57081139	0.87006737	0.04772232	1.38000000	9.38000000	0.01285228	0.00000000
C25	c	0.44589062	0.67821412	0.02501348	1.44000000	9.44000000	0.02110394	0.00000000
C26	c	0.21446492	0.90028404	0.05387096	1.50000000	9.50000000	0.02754568	0.00000000
C27	c	0.41278338	0.96359923	0.04024293	1.56000000	9.56000000	0.01228676	0.00000000
C28	c	0.26479778	0.04466193	0.11255407	1.62000000	9.62000000	0.02791397	0.00000000
C29	c	0.43938754	0.62276833	0.05128658	1.68000000	9.68000000	0.01865187	0.00000000
C30	c	0.28555220	0.50586638	0.10274439	1.74000000	9.74000000	0.02011143	0.00000000
C31	c	0.95111728	0.05565639	0.08088496	1.80000000	9.80000000	0.01814169	0.00000000
C32	c	0.48051611	0.59810122	0.13066213	1.86000000	9.86000000	0.01133565	0.00000000
C33	c	0.52541540	0.68531257	0.05284644	1.92000000	9.92000000	0.02863584	0.00000000
C34	c	0.31599238	0.54997971	0.10960410	1.98000000	9.98000000	0.02653170	0.00000000
C35	c	0.13334936	0.68218565	0.04737814	2.00000000	10.00000000	0.02631848	0.00000000
C36	c	0.65962978	0.60709449	0.16103178	2.00000000	10.00000000	0.01993627	0.00000000
C37	c	0.46779555	0.39149962	0.08024339	2.00000000	10.00000000	0.02827885	0.00000000
C38	c	0.55937055	0.92846495	0.17152434	2.00000000	10.00000000	0.01743256	0.00000000
C39	c	0.25598971	0.38933249	0.05571928	2.00000000	10.00000000	0.02411182	0.00000000
C40	c	0.10815536	0.99231144	0.01923847	2.00000000	10.00000000	0.02492828	0.00000000
C41	c	0.73542502	0.02404211	0.08465222	2.00000000	10.00000000	0.01557967	0.00000000
C42	c	0.81458063	0.14937066	0.11504200	2.00000000	10.00000000	0.02991842	0.00000000
C43	c	0.54838326	0.56975588	0.05915869	2.00000000	10.00000000	0.01142297	0.00000000
C44	c	0.39757457	0.14261378	0.09566906	2.00000000	10.00000000	0.01612559	0.00000000
C45	c	0.11433815	0.89569855	0.16945584	2.00000000	10.00000000	0.02944873	0.00000000
C46	c	0.43259346	0.50557161	0.02106046	2.00000000	10.00000000	0.01563289	0.00000000
C47	c	0.40708447	0.06678230	0.09146803	2.00000000	10.00000000	0.01846328	0.00000000
C48	c	0.93179204	0.82658512	0.11095418	2.00000000	10.00000000	0.02133454	0.00000000
C49	c	0.81592401	0.49681363	0.09890872	2.00000000	10.00000000	0.01868601	0.00000000
C50	c	0.91394242	0.37162788	0.12540680	2.00000000	10.00000000	0.01143197	0.00000000

Q Vehicle fuel tank capacity /0.40000000/
C Vehicle load capacity /1.50000000/
r fuel consumption rate /0.25000000/
g inverse refueling rate /1.00000000/
v average Velocity /1.00000000/
