StringID	Type	x	y	demand	ReadyTime	DueDate	ServiceTime	altitude
D0	d	0.50000000	0.50000000	0.00000000	0.00000000	10.00000000	0.00000000	0.00000000
S0	f	0.80783896	0.19658286	0.00000000	0.00000000	10.00000000	0.00000000	0.00000000
S1	f	0.79806498	0.39895482	0.00000000	0.00000000	10.00000000	0.00000000	0.00000000
S2	f	0.55251655	0.06503360	0.00000000	0.00000000	10.00000000	0.00000000	0.00000000
S3	f	0.44790826	0.86694088	0.00000000	0.00000000	10.00000000	0.00000000	0.00000000
S4	f	0.81598120	0.94346352	0.00000000	0.00000000	10.00000000	0.00000000	0.00000000
S5	f	0.13755724	0.27443819	0.00000000	0.00000000	10.00000000	0.00000000	0.00000000
S6	f	0.00257064	0.23077407	0.00000000	0.00000000	10.00000000	0.00000000	0.00000000
S7	f	0.68886148	0.64312739	0.00000000	0.00000000	10.00000000	0.00000000	0.00000000
S8	f	0.02485378	0.68686564	0.00000000	0.00000000	10.00000000	0.00000000	0.00000000
S9	f	0.28223686	0.46100290	0.00000000	0.00000000	10.00000000	0.00000000	0.00000000
C1	c	0.05104594	0.83067798	0.14683882	0.00000000	8.00000000	0.01861841	0.00000000
C2	c	0.10010539	0.81048860	0.06583162	0.06000000	8.06000000	0.02023463	0.00000000
C3	c	0.07296960	0.78919849	0.05011759	0.12000000	8.12000000	0.01918095	0.00000000
C4	c	0.12144897	0.83078832	0.14751284	0.18000000	8.18000000	0.02654899	0.00000000
C5	c	0.00000000	0.80271660	0.14959265	0.24000000	8.24000000	0.02662999	0.00000000
C6	c	0.14220847	0.88956620	0.06692092	0.30000000	8.30000000	0.01803058	0.00000000
C7	c	0.13926045	0.76891035	0.01964094	0.36000000	8.36000000	0.02333706	0.00000000
C8	c	0.69038987	0.10548366	0.05449035	0.42000000	8.42000000	0.02679324	0.00000000
C9	c	0.73763113	0.06040488	0.06971926	0.48000000	8.48000000	0.01290765	0.00000000
C10	c	0.74835645	0.11117960	0.08366669	0.54000000	8.54000000	0.02780997	0.00000000
C11	c	0.43070632	0.15034014	0.03624146	0.60000000	8.60000000	0.01392039	0.00000000
C12	c	0.61082790	0.21121276	0.10861909	0.66000000	8.66000000	0.02139518	0.00000000
C13	c	0.49458885	0.16949097	0.12686413	0.72000000	8.72000000	0.02075881	0.00000000
C14	c	0.42709401	0.19107024	0.13774893	0.78000000	8.78000000	0.02419491	0.00000000
C15	c	0.43272564	0.18645611	0.05295688	0.84000000	8.84000000	0.02654909	0.00000000
C16	c	0.64080351	0.82312849	0.10931029	0.90000000	8.90000000	0.02464017	0.00000000
C17	c	0.58561960	0.87399946	0.08026369	0.96000000	8.96000000	0.01720448	0.00000000
C18	c	0.63468168	0.84600930	0.05427471	1.02000000	9.02000000	0.02997275	0.00000000
C19	c	0.65772932	0.81660903	0.05955637	1.08000000	9.08000000	0.01133923	0.00000000
C20	c	0.34323895	0.95281494	0.15585263	1.14000000	9.14000000	0.02917340	0.00000000
C21	c	0.30097295	0.93292684	0.12189585	1.20000000	9.20000000	0.01144314	0.00000000
C22	c	0.16411823	0.93505372	0.08553966	1.26000000	9.26000000	0.01030437	0.00000000
C23	c	0.24650353	1.00000000	0.08604980	1.32000000	9.32000000	0.01844729	0.00000000
C24	c	0.23738899	0.87022403	0.15281444	1.38000000	9.38000000	0.02133702	0.00000000
C25	c	0.13581467	0.92902903	0.13530958	1.44000000	9.44000000	0.01803703	0.00000000
C26	c	0.96961413	0.85036286	0.12543517	1.50000000	9.50000000	0.02865004	0.00000000
C27	c	0.78309383	0.29014682	0.05307558	1.56000000	9.56000000	0.01376175	0.00000000
C28	c	0.28015487	0.53363631	0.05160886	1.62000000	9.62000000	0.02338308	0.00000000
C29	c	0.61461507	0.57680606	0.08881735	1.68000000	9.68000000	0.01957609	0.00000000
C30	c	0.88819782	0.15763993	0.10070420	1.74000000	9.74000000	0.02457905	0.00000000
C31	c	0.94398228	0.62083652	0.09515423	1.80000000	9.80000000	0.01959913	0.00000000
C32	c	0.14269829	0.63651496	0.14086336	1.86000000	9.86000000	0.01115086	0.00000000
C33	c	0.21351690	0.43898750	0.03362492	1.92000000	9.92000000	0.01619672	0.00000000
C34	c	0.43442225	0.25573890	0.14905195	1.98000000	9.98000000	0.02704293	0.00000000
C35	c	0.20864148	0.95644437	0.10161745	2.00000000	10.00000000	0.01612193	0.00000000
C36	c	0.39251236	0.03680958	0.03143164	2.00000000	10.00000000	0.01184467	0.00000000
C37	c	0.64924929	0.91491127	0.10391889	2.00000000	10.00000000	0.02948305	0.00000000
C38	c	0.60936963	0.43092054	0.04182709	2.00000000	10.00000000	0.01072275	0.00000000
C39	c	0.51173131	0.45904739	0.07492387	2.00000000	10.00000000	0.01689930	0.00000000
C40	c	0.82744941	0.83149947	0.07425374	2.00000000	10.00000000	0.01006719	0.00000000
C41	c	0.40152876	0.66685304	0.04802485	2.00000000	10.00000000	0.02768511	0.00000000
C42	c	0.83966218	0.14538232	0.04111143	2.00000000	10.00000000	0.01393236	0.00000000
C43	c	0.56975884	0.53794074	0.15088126	2.00000000	10.00000000	0.02160031	0.00000000
C44	c	0.70974529	0.82745472	0.05563569	2.00000000	10.00000000	0.02126079	0.00000000
C45	c	0.73200846	0.36022412	0.14591227	2.00000000	10.00000000	0.01969945	0.00000000
C46	c	0.99863755	0.06696165	0.06810179	2.00000000	10.00000000	0.01808208	0.00000000
C47	c	0.95867014	0.07215682	0.01588826	2.00000000	10.00000000	0.01722467	0.00000000
C48	c	0.01521859	0.42236446	0.10578816	2.00000000	10.00000000	0.01848333	0.00000000
C49	c	0.56685089	0.40185164	0.14478462	2.00000000	10.00000000	0.01705553	0.00000000
C50	c	0.93250224	0.18808756	0.09993423	2.00000000	10.00000000	0.01606555	0.00000000

Q Vehicle fuel tank capacity /0.40000000/
C Vehicle load capacity /1.50000000/
r fuel consumption rate /0.25000000/
g inverse refueling rate /1.00000000/
v average Velocity /1.00000000/
