StringID	Type	x	y	demand	ReadyTime	DueDate	ServiceTime	altitude
D0	d	0.50000000	0.50000000	0.00000000	0.00000000	10.00000000	0.00000000	0.00000000
S0	f	0.37193959	0.57718995	0.00000000	0.00000000	10.00000000	0.00000000	0.00000000
S1	f	0.28300890	0.10127673	0.00000000	0.00000000	10.00000000	0.00000000	0.00000000
S2	f	0.06189723	0.74037319	0.00000000	0.00000000	10.00000000	0.00000000	0.00000000
S3	f	0.80494854	0.56695596	0.00000000	0.00000000	10.00000000	0.00000000	0.00000000
S4	f	0.25325457	0.21821090	0.00000000	0.00000000	10.00000000	0.00000000	0.00000000
S5	f	0.43671381	0.25608713	0.00000000	0.00000000	10.00000000	0.00000000	0.00000000
C1	c	0.39706374	0.62765766	0.09807069	0.00000000	8.00000000	0.01820686	0.00000000
C2	c	0.33067072	0.54944940	0.24718018	0.10000000	8.10000000	0.01834232	0.00000000
C3	c	0.34026285	0.62183164	0.15790456	0.20000000	8.20000000	0.02123273	0.00000000
C4	c	0.08868256	0.56052479	0.06241590	0.30000000	8.30000000	0.02820904	0.00000000
C5	c	0.18062290	0.51957584	0.06273726	0.40000000	8.40000000	0.01197978	0.00000000
C6	c	0.13730442	0.50559831	0.09056372	0.50000000	8.50000000	0.01483447	0.00000000
C7	c	0.07886165	0.56001319	0.20127049	0.60000000	8.60000000	0.02468591	0.00000000
C8	c	0.17197672	0.56312787	0.20749803	0.70000000	8.70000000	0.02562500	0.00000000
C9	c	0.17587131	0.59457859	0.16031303	0.80000000	8.80000000	0.02733433	0.00000000
C10	c	0.60584792	0.12159818	0.10541579	0.90000000	8.90000000	0.01325473	0.00000000
C11	c	0.55843863	0.06534030	0.18744209	1.00000000	9.00000000	0.02289845	0.00000000
C12	c	0.62277943	0.13283393	0.09783660	1.10000000	9.10000000	0.01697510	0.00000000
C13	c	0.57213995	0.07184774	0.19198987	1.20000000	9.20000000	0.02623604	0.00000000
C14	c	0.60911101	0.12694371	0.04331264	1.30000000	9.30000000	0.01725548	0.00000000
C15	c	0.56310999	0.06779127	0.19568560	1.40000000	9.40000000	0.01744416	0.00000000
C16	c	0.21839531	0.34796235	0.22660242	1.50000000	9.50000000	0.01955642	0.00000000
C17	c	0.74606368	0.39025107	0.07556944	1.60000000	9.60000000	0.01896928	0.00000000
C18	c	0.85303919	0.89791058	0.10935309	1.70000000	9.70000000	0.01979995	0.00000000
C19	c	0.32070182	0.06730679	0.21315507	1.80000000	9.80000000	0.01846855	0.00000000
C20	c	0.78201718	0.51452232	0.12037956	1.90000000	9.90000000	0.01053821	0.00000000
C21	c	0.79870427	0.19960059	0.24104815	2.00000000	10.00000000	0.02028305	0.00000000
C22	c	0.70800485	0.45397587	0.25274803	2.00000000	10.00000000	0.02393497	0.00000000
C23	c	0.41034313	0.41711612	0.10224511	2.00000000	10.00000000	0.01553102	0.00000000
C24	c	0.56163671	0.91045218	0.03617422	2.00000000	10.00000000	0.02034859	0.00000000
C25	c	0.09898884	0.24172356	0.22252968	2.00000000	10.00000000	0.02617834	0.00000000
C26	c	0.73429573	0.78124996	0.15278237	2.00000000	10.00000000	0.02989209	0.00000000
C27	c	0.86671643	0.16273650	0.22688072	2.00000000	10.00000000	0.02690840	0.00000000
C28	c	0.64492236	0.34875480	0.07066886	2.00000000	10.00000000	0.01294083	0.00000000
C29	c	0.81180176	0.36277378	0.20323151	2.00000000	10.00000000	0.02899841	0.00000000
C30	c	0.37220824	0.47782085	0.13699533	2.00000000	10.00000000	0.01808374	0.00000000

Q Vehicle fuel tank capacity /0.40000000/
C Vehicle load capacity /1.50000000/
r fuel consumption rate /0.25000000/
g inverse refueling rate /1.00000000/
v average Velocity /1.00000000/
