StringID	Type	x	y	demand	ReadyTime	DueDate	ServiceTime	altitude
D0	d	0.50000000	0.50000000	0.00000000	0.00000000	10.00000000	0.00000000	0.00000000
S0	f	0.50311855	0.36483477	0.00000000	0.00000000	10.00000000	0.00000000	0.00000000
S1	f	0.35331752	0.25217706	0.00000000	0.00000000	10.00000000	0.00000000	0.00000000
S2	f	0.88796945	0.36243682	0.00000000	0.00000000	10.00000000	0.00000000	0.00000000
S3	f	0.67919018	0.03371566	0.00000000	0.00000000	10.00000000	0.00000000	0.00000000
S4	f	0.09603652	0.17898524	0.00000000	0.00000000	10.00000000	0.00000000	0.00000000
S5	f	0.91356862	0.13887758	0.00000000	0.00000000	10.00000000	0.00000000	0.00000000
C1	c	0.52219457	0.62045889	0.05837409	0.00000000	8.00000000	0.02685399	0.00000000
C2	c	0.42572989	0.57077267	0.20138944	0.10000000	8.10000000	0.01327742	0.00000000
C3	c	0.51455636	0.49891086	0.06579285	0.20000000	8.20000000	0.02821338	0.00000000
C4	c	0.09582475	0.99471227	0.22397217	0.30000000	8.30000000	0.01158547	0.00000000
C5	c	0.06777029	1.00000000	0.23455121	0.40000000	8.40000000	0.02797991	0.00000000
C6	c	0.11040691	0.96271385	0.22902246	0.50000000	8.50000000	0.01044520	0.00000000
C7	c	0.16301712	0.16683312	0.13231924	0.60000000	8.60000000	0.02911057	0.00000000
C8	c	0.06516311	0.09291551	0.09963094	0.70000000	8.70000000	0.01142225	0.00000000
C9	c	0.09786834	0.08160193	0.20967418	0.80000000	8.80000000	0.01553450	0.00000000
C10	c	0.12180927	0.24401488	0.05951902	0.90000000	8.90000000	0.01038297	0.00000000
C11	c	0.17398996	0.16829825	0.12271712	1.00000000	9.00000000	0.01996037	0.00000000
C12	c	0.07868919	0.06756770	0.12808679	1.10000000	9.10000000	0.02538488	0.00000000
C13	c	0.14035001	0.08091316	0.13792568	1.20000000	9.20000000	0.02691983	0.00000000
C14	c	0.23926683	0.14790525	0.02895758	1.30000000	9.30000000	0.02423219	0.00000000
C15	c	0.10552025	0.13753652	0.21280750	1.40000000	9.40000000	0.01933781	0.00000000
C16	c	0.93320961	0.97780270	0.11846158	1.50000000	9.50000000	0.01479730	0.00000000
C17	c	0.16851901	0.95015227	0.05455161	1.60000000	9.60000000	0.01591874	0.00000000
C18	c	0.39619429	0.50962320	0.22804727	1.70000000	9.70000000	0.02187625	0.00000000
C19	c	0.39917553	0.27642223	0.22788807	1.80000000	9.80000000	0.02550836	0.00000000
C20	c	0.66682119	0.61549143	0.23800338	1.90000000	9.90000000	0.02437057	0.00000000
C21	c	0.84269930	0.16387115	0.05442874	2.00000000	10.00000000	0.02271765	0.00000000
C22	c	0.91066903	0.07927333	0.23173127	2.00000000	10.00000000	0.02660527	0.00000000
C23	c	0.89899530	0.02225978	0.10607368	2.00000000	10.00000000	0.02315357	0.00000000
C24	c	0.95552875	0.07111256	0.13180344	2.00000000	10.00000000	0.02741387	0.00000000
C25	c	0.27672483	0.01914872	0.22012830	2.00000000	10.00000000	0.02758630	0.00000000
C26	c	0.49801840	0.76924395	0.23520762	2.00000000	10.00000000	0.01730419	0.00000000
C27	c	0.84599129	0.71160962	0.10674993	2.00000000	10.00000000	0.01215334	0.00000000
C28	c	0.46689070	0.23986478	0.07890507	2.00000000	10.00000000	0.01745991	0.00000000
C29	c	0.29593725	0.59381243	0.16746160	2.00000000	10.00000000	0.01229989	0.00000000
C30	c	0.77541801	0.71852836	0.15581816	2.00000000	10.00000000	0.01715577	0.00000000

Q Vehicle fuel tank capacity /0.40000000/
C Vehicle load capacity /1.50000000/
r fuel consumption rate /0.25000000/
g inverse refueling rate /1.00000000/
v average Velocity /1.00000000/
