StringID	Type	x	y	demand	ReadyTime	DueDate	ServiceTime	altitude
D0	d	0.50000000	0.50000000	0.00000000	0.00000000	10.00000000	0.00000000	0.00000000
S0	f	0.14875152	0.08313320	0.00000000	0.00000000	10.00000000	0.00000000	0.00000000
S1	f	0.84064918	0.01460623	0.00000000	0.00000000	10.00000000	0.00000000	0.00000000
S2	f	0.07103255	0.67502303	0.00000000	0.00000000	10.00000000	0.00000000	0.00000000
S3	f	0.35546182	0.23619714	0.00000000	0.00000000	10.00000000	0.00000000	0.00000000
S4	f	0.13968898	0.42354035	0.00000000	0.00000000	10.00000000	0.00000000	0.00000000
S5	f	0.98461062	0.04630334	0.00000000	0.00000000	10.00000000	0.00000000	0.00000000
C1	c	0.32483333	0.59205432	0.21678670	0.00000000	8.00000000	0.01644002	0.00000000
C2	c	0.34633835	0.59288070	0.27891086	0.10000000	8.10000000	0.02290424	0.00000000
C3	c	0.38334146	0.52854664	0.11232661	0.20000000	8.20000000	0.01752484	0.00000000
C4	c	0.79567738	0.24079061	0.17452396	0.30000000	8.30000000	0.01031669	0.00000000
C5	c	0.89034948	0.25101049	0.09312054	0.40000000	8.40000000	0.02940329	0.00000000
C6	c	0.78905670	0.24142314	0.06874340	0.50000000	8.50000000	0.02982380	0.00000000
C7	c	0.75529641	0.28168405	0.12655560	0.60000000	8.60000000	0.02260460	0.00000000
C8	c	0.27185147	0.17799653	0.25027287	0.70000000	8.70000000	0.01087019	0.00000000
C9	c	0.19717566	0.08096089	0.07713112	0.80000000	8.80000000	0.02132584	0.00000000
C10	c	0.21689454	0.10006359	0.17576298	0.90000000	8.90000000	0.02310090	0.00000000
C11	c	0.27290833	0.21790865	0.06110542	1.00000000	9.00000000	0.02940680	0.00000000
C12	c	0.31946441	0.13087260	0.15700901	1.10000000	9.10000000	0.01806904	0.00000000
C13	c	0.22084026	0.15368179	0.11353611	1.20000000	9.20000000	0.02645294	0.00000000
C14	c	0.27802579	0.06674046	0.17944715	1.30000000	9.30000000	0.01442582	0.00000000
C15	c	0.29225048	0.12144591	0.14545092	1.40000000	9.40000000	0.02211983	0.00000000
C16	c	0.71864503	0.81903521	0.14890709	1.50000000	9.50000000	0.01855183	0.00000000
C17	c	0.21250140	0.85991297	0.09886782	1.60000000	9.60000000	0.02385351	0.00000000
C18	c	0.05984170	0.38077756	0.21284243	1.70000000	9.70000000	0.02124269	0.00000000
C19	c	0.79669303	0.54483102	0.03091929	1.80000000	9.80000000	0.01275037	0.00000000
C20	c	0.32200121	0.64521192	0.23480577	1.90000000	9.90000000	0.01553237	0.00000000
C21	c	0.37624204	0.01583473	0.07824300	2.00000000	10.00000000	0.02136799	0.00000000
C22	c	0.97016472	0.99119022	0.05352161	2.00000000	10.00000000	0.01553686	0.00000000
C23	c	0.63022979	0.04350958	0.22462419	2.00000000	10.00000000	0.02069316	0.00000000
C24	c	0.56629215	0.65504477	0.25316592	2.00000000	10.00000000	0.01947118	0.00000000
C25	c	0.97034013	0.40345193	0.08072354	2.00000000	10.00000000	0.02078545	0.00000000
C26	c	0.60599163	0.42759168	0.26478778	2.00000000	10.00000000	0.02964079	0.00000000
C27	c	0.69267550	0.56213431	0.03732118	2.00000000	10.00000000	0.02538225	0.00000000
C28	c	0.13751859	0.27661875	0.12856579	2.00000000	10.00000000	0.01328956	0.00000000
C29	c	0.56839957	0.27684289	0.24681385	2.00000000	10.00000000	0.01370454	0.00000000
C30	c	0.53465811	0.47355920	0.17520749	2.00000000	10.00000000	0.02242216	0.00000000

Q Vehicle fuel tank capacity /0.40000000/
C Vehicle load capacity /1.50000000/
r fuel consumption rate /0.25000000/
g inverse refueling rate /1.00000000/
v average Velocity /1.00000000/
