StringID	Type	x	y	demand	ReadyTime	DueDate	ServiceTime	altitude
D0	d	0.50000000	0.50000000	0.00000000	0.00000000	10.00000000	0.00000000	0.00000000
S0	f	0.31391905	0.93917047	0.00000000	0.00000000	10.00000000	0.00000000	0.00000000
S1	f	0.78122248	0.77510396	0.00000000	0.00000000	10.00000000	0.00000000	0.00000000
S2	f	0.36484874	0.02533066	0.00000000	0.00000000	10.00000000	0.00000000	0.00000000
S3	f	0.05520474	0.12752902	0.00000000	0.00000000	10.00000000	0.00000000	0.00000000
S4	f	0.69204217	0.89479430	0.00000000	0.00000000	10.00000000	0.00000000	0.00000000
S5	f	0.23055905	0.91599974	0.00000000	0.00000000	10.00000000	0.00000000	0.00000000
S6	f	0.12014671	0.00051868	0.00000000	0.00000000	10.00000000	0.00000000	0.00000000
S7	f	0.64990745	0.37275799	0.00000000	0.00000000	10.00000000	0.00000000	0.00000000
S8	f	0.83344860	0.80031384	0.00000000	0.00000000	10.00000000	0.00000000	0.00000000
S9	f	0.04438097	0.99978985	0.00000000	0.00000000	10.00000000	0.00000000	0.00000000
C1	c	0.32932240	0.54642412	0.12305839	0.00000000	8.00000000	0.01122783	0.00000000
C2	c	0.91994458	0.33329275	0.11800465	0.06000000	8.06000000	0.02659209	0.00000000
C3	c	0.37291665	0.45357940	0.04306314	0.12000000	8.12000000	0.01116601	0.00000000
C4	c	0.81467234	0.42232761	0.03697314	0.18000000	8.18000000	0.01294129	0.00000000
C5	c	0.03993602	0.90980270	0.06500699	0.24000000	8.24000000	0.01458166	0.00000000
C6	c	0.05378673	0.65027488	0.03336891	0.30000000	8.30000000	0.02519963	0.00000000
C7	c	0.62734327	0.40949417	0.10408550	0.36000000	8.36000000	0.02293018	0.00000000
C8	c	0.68806257	0.71290129	0.02370789	0.42000000	8.42000000	0.02459608	0.00000000
C9	c	0.29585385	0.20221662	0.09752936	0.48000000	8.48000000	0.01580045	0.00000000
C10	c	0.78697943	0.26737135	0.12427820	0.54000000	8.54000000	0.01035716	0.00000000
C11	c	0.40174436	0.30584192	0.08828680	0.60000000	8.60000000	0.02338909	0.00000000
C12	c	0.01370008	0.11248256	0.13520465	0.66000000	8.66000000	0.01989503	0.00000000
C13	c	0.27521382	0.53001375	0.08683272	0.72000000	8.72000000	0.02654230	0.00000000
C14	c	0.98999574	0.62039060	0.06030032	0.78000000	8.78000000	0.02493028	0.00000000
C15	c	0.16049834	0.65368506	0.15685853	0.84000000	8.84000000	0.01592517	0.00000000
C16	c	0.16969210	0.71407518	0.01759534	0.90000000	8.90000000	0.01716490	0.00000000
C17	c	0.15710957	0.03365395	0.12220085	0.96000000	8.96000000	0.01066102	0.00000000
C18	c	0.60660888	0.60705045	0.01941599	1.02000000	9.02000000	0.01003687	0.00000000
C19	c	0.31391905	0.93917047	0.08991042	1.08000000	9.08000000	0.02186695	0.00000000
C20	c	0.04034950	0.04228372	0.09126343	1.14000000	9.14000000	0.01575090	0.00000000
C21	c	0.11187822	0.32364456	0.16299233	1.20000000	9.20000000	0.02535542	0.00000000
C22	c	0.49485040	0.61589821	0.06436024	1.26000000	9.26000000	0.02215519	0.00000000
C23	c	0.92724736	0.55983984	0.08686825	1.32000000	9.32000000	0.02095930	0.00000000
C24	c	0.29696928	0.80742521	0.14414339	1.38000000	9.38000000	0.01986570	0.00000000
C25	c	0.08495797	0.41492642	0.05498257	1.44000000	9.44000000	0.01126620	0.00000000
C26	c	0.48529663	0.40206046	0.05660290	1.50000000	9.50000000	0.02127412	0.00000000
C27	c	0.31275399	0.37873500	0.05719563	1.56000000	9.56000000	0.01140227	0.00000000
C28	c	0.93644741	0.62582240	0.04726645	1.62000000	9.62000000	0.01096861	0.00000000
C29	c	0.69633935	0.64981601	0.06046374	1.68000000	9.68000000	0.02461355	0.00000000
C30	c	0.79316851	0.85886670	0.11519687	1.74000000	9.74000000	0.01723575	0.00000000
C31	c	0.24616400	0.15792221	0.05445999	1.80000000	9.80000000	0.01773202	0.00000000
C32	c	0.35454361	0.74358412	0.12371249	1.86000000	9.86000000	0.01505978	0.00000000
C33	c	0.82800505	0.99586130	0.06739543	1.92000000	9.92000000	0.02441511	0.00000000
C34	c	0.66710681	0.50125824	0.05733739	1.98000000	9.98000000	0.02977811	0.00000000
C35	c	0.44282762	0.55884387	0.11353490	2.00000000	10.00000000	0.02995243	0.00000000
C36	c	0.43472218	0.22052362	0.16564069	2.00000000	10.00000000	0.01535817	0.00000000
C37	c	0.78122248	0.77510396	0.12884594	2.00000000	10.00000000	0.01384024	0.00000000
C38	c	0.78221858	0.05595532	0.09765874	2.00000000	10.00000000	0.02638078	0.00000000
C39	c	0.77336519	0.31216403	0.13341046	2.00000000	10.00000000	0.02857819	0.00000000
C40	c	0.44474150	0.43782203	0.07289563	2.00000000	10.00000000	0.01401492	0.00000000
C41	c	0.39776246	0.92053957	0.12179838	2.00000000	10.00000000	0.02051170	0.00000000
C42	c	0.85601528	0.52490353	0.01339419	2.00000000	10.00000000	0.02338224	0.00000000
C43	c	0.00975655	0.51255033	0.08915149	2.00000000	10.00000000	0.02023143	0.00000000
C44	c	0.25445006	0.00801511	0.06214725	2.00000000	10.00000000	0.01951052	0.00000000
C45	c	0.23214346	0.81204564	0.16690594	2.00000000	10.00000000	0.01796660	0.00000000
C46	c	0.68886269	0.98073949	0.13120717	2.00000000	10.00000000	0.02696881	0.00000000
C47	c	0.65003244	0.12432317	0.16403275	2.00000000	10.00000000	0.02429120	0.00000000
C48	c	0.96491731	0.58527062	0.08264574	2.00000000	10.00000000	0.01492294	0.00000000
C49	c	0.06443477	0.57972558	0.10129112	2.00000000	10.00000000	0.02934120	0.00000000
C50	c	0.82748481	0.01961890	0.06551672	2.00000000	10.00000000	0.01969821	0.00000000

Q Vehicle fuel tank capacity /0.40000000/
C Vehicle load capacity /1.50000000/
r fuel consumption rate /0.25000000/
g inverse refueling rate /1.00000000/
v average Velocity /1.00000000/
