StringID	Type	x	y	demand	ReadyTime	DueDate	ServiceTime	altitude
D0	d	0.50000000	0.50000000	0.00000000	0.00000000	10.00000000	0.00000000	0.00000000
S0	f	0.12123203	0.98212697	0.00000000	0.00000000	10.00000000	0.00000000	0.00000000
S1	f	0.97827683	0.12453364	0.00000000	0.00000000	10.00000000	0.00000000	0.00000000
S2	f	0.84421876	0.02524059	0.00000000	0.00000000	10.00000000	0.00000000	0.00000000
S3	f	0.65957606	0.50285102	0.00000000	0.00000000	10.00000000	0.00000000	0.00000000
S4	f	0.19187281	0.72887379	0.00000000	0.00000000	10.00000000	0.00000000	0.00000000
S5	f	0.35811495	0.36023230	0.00000000	0.00000000	10.00000000	0.00000000	0.00000000
S6	f	0.96779760	0.70066437	0.00000000	0.00000000	10.00000000	0.00000000	0.00000000
S7	f	0.31989171	0.71358260	0.00000000	0.00000000	10.00000000	0.00000000	0.00000000
S8	f	0.81937537	0.20129910	0.00000000	0.00000000	10.00000000	0.00000000	0.00000000
S9	f	0.90930885	0.88310551	0.00000000	0.00000000	10.00000000	0.00000000	0.00000000
C1	c	0.71562935	0.90293147	0.10031150	0.00000000	8.00000000	0.02409448	0.00000000
C2	c	0.27051760	0.36633820	0.05937213	0.06000000	8.06000000	0.02897399	0.00000000
C3	c	0.32457157	0.01822719	0.10586965	0.12000000	8.12000000	0.02661850	0.00000000
C4	c	0.15191144	0.37806019	0.11658960	0.18000000	8.18000000	0.01372897	0.00000000
C5	c	0.41314416	0.31839073	0.02070465	0.24000000	8.24000000	0.02769303	0.00000000
C6	c	0.77114326	0.30179057	0.13807534	0.30000000	8.30000000	0.01235110	0.00000000
C7	c	0.38650598	0.62592592	0.15761969	0.36000000	8.36000000	0.01528553	0.00000000
C8	c	0.73391473	0.10377351	0.02206953	0.42000000	8.42000000	0.01461405	0.00000000
C9	c	0.15861478	0.67962680	0.01829111	0.48000000	8.48000000	0.01720186	0.00000000
C10	c	0.35510884	0.19274378	0.08964660	0.54000000	8.54000000	0.02945454	0.00000000
C11	c	0.55837229	0.92850478	0.09813615	0.60000000	8.60000000	0.01771828	0.00000000
C12	c	0.77934251	0.19326459	0.04544168	0.66000000	8.66000000	0.01830049	0.00000000
C13	c	0.28788439	0.29992201	0.04756963	0.72000000	8.72000000	0.01657555	0.00000000
C14	c	0.83653326	0.91288954	0.07082162	0.78000000	8.78000000	0.01246516	0.00000000
C15	c	0.23501903	0.63193392	0.07479758	0.84000000	8.84000000	0.02338660	0.00000000
C16	c	0.01536151	0.90577844	0.04402804	0.90000000	8.90000000	0.02798484	0.00000000
C17	c	0.39071829	0.87502642	0.05632954	0.96000000	8.96000000	0.02594573	0.00000000
C18	c	0.84029898	0.66579433	0.13585427	1.02000000	9.02000000	0.02718369	0.00000000
C19	c	0.12123203	0.98212697	0.12101273	1.08000000	9.08000000	0.02658813	0.00000000
C20	c	0.69514314	0.33264791	0.17375794	1.14000000	9.14000000	0.02195484	0.00000000
C21	c	0.29776132	0.60159137	0.15416548	1.20000000	9.20000000	0.02206349	0.00000000
C22	c	0.34627554	0.75209495	0.12123629	1.26000000	9.26000000	0.02578923	0.00000000
C23	c	0.46180802	0.68441543	0.07924496	1.32000000	9.32000000	0.01531808	0.00000000
C24	c	0.64491925	0.24216023	0.04427837	1.38000000	9.38000000	0.02903473	0.00000000
C25	c	0.90177130	0.33186868	0.01422044	1.44000000	9.44000000	0.02386121	0.00000000
C26	c	0.38694462	0.98762454	0.15734196	1.50000000	9.50000000	0.01354949	0.00000000
C27	c	0.25946239	0.10815269	0.13614165	1.56000000	9.56000000	0.01003766	0.00000000
C28	c	0.78982503	0.45452603	0.16034089	1.62000000	9.62000000	0.02461781	0.00000000
C29	c	0.18615595	0.09607264	0.17467434	1.68000000	9.68000000	0.01704490	0.00000000
C30	c	0.85466767	0.00144549	0.11940444	1.74000000	9.74000000	0.02755547	0.00000000
C31	c	0.12400225	0.23419779	0.09134693	1.80000000	9.80000000	0.02466445	0.00000000
C32	c	0.32254674	0.94138530	0.06150488	1.86000000	9.86000000	0.02460393	0.00000000
C33	c	0.14960132	0.43363528	0.07234084	1.92000000	9.92000000	0.01838707	0.00000000
C34	c	0.20352042	0.94365694	0.17011456	1.98000000	9.98000000	0.01663283	0.00000000
C35	c	0.08552908	0.06769993	0.09919233	2.00000000	10.00000000	0.01577606	0.00000000
C36	c	0.00163376	0.58631558	0.01918787	2.00000000	10.00000000	0.01566836	0.00000000
C37	c	0.97827683	0.12453364	0.17455071	2.00000000	10.00000000	0.01731282	0.00000000
C38	c	0.17442578	0.99621996	0.07913879	2.00000000	10.00000000	0.02457268	0.00000000
C39	c	0.68736648	0.95681477	0.03310437	2.00000000	10.00000000	0.02578687	0.00000000
C40	c	0.47907002	0.27676802	0.11364289	2.00000000	10.00000000	0.02853127	0.00000000
C41	c	0.89905078	0.61460055	0.04579010	2.00000000	10.00000000	0.01533185	0.00000000
C42	c	0.03707340	0.35623721	0.03576321	2.00000000	10.00000000	0.01489494	0.00000000
C43	c	0.45968530	0.58787473	0.08142031	2.00000000	10.00000000	0.01370149	0.00000000
C44	c	0.62150765	0.56886041	0.11981664	2.00000000	10.00000000	0.01962126	0.00000000
C45	c	0.02016440	0.49155052	0.15140375	2.00000000	10.00000000	0.01763238	0.00000000
C46	c	0.19612524	0.34007522	0.11375612	2.00000000	10.00000000	0.01970972	0.00000000
C47	c	0.46532854	0.82231692	0.04335843	2.00000000	10.00000000	0.02326464	0.00000000
C48	c	0.22663105	0.82266818	0.01222562	2.00000000	10.00000000	0.02458242	0.00000000
C49	c	0.71958732	0.21776554	0.07725638	2.00000000	10.00000000	0.01929938	0.00000000
C50	c	0.29056927	0.43160912	0.04773746	2.00000000	10.00000000	0.02640386	0.00000000

Q Vehicle fuel tank capacity /0.40000000/
C Vehicle load capacity /1.50000000/
r fuel consumption rate /0.25000000/
g inverse refueling rate /1.00000000/
v average Velocity /1.00000000/
