StringID	Type	x	y	demand	ReadyTime	DueDate	ServiceTime	altitude
D0	d	0.50000000	0.50000000	0.00000000	0.00000000	10.00000000	0.00000000	0.00000000
S0	f	0.30071884	0.45521975	0.00000000	0.00000000	10.00000000	0.00000000	0.00000000
S1	f	0.53502491	0.57379560	0.00000000	0.00000000	10.00000000	0.00000000	0.00000000
S2	f	0.51028381	0.64382848	0.00000000	0.00000000	10.00000000	0.00000000	0.00000000
S3	f	0.89067441	0.81213580	0.00000000	0.00000000	10.00000000	0.00000000	0.00000000
S4	f	0.00104873	0.36618110	0.00000000	0.00000000	10.00000000	0.00000000	0.00000000
S5	f	0.46723714	0.42065407	0.00000000	0.00000000	10.00000000	0.00000000	0.00000000
S6	f	0.97853586	0.90306019	0.00000000	0.00000000	10.00000000	0.00000000	0.00000000
S7	f	0.36669844	0.95286147	0.00000000	0.00000000	10.00000000	0.00000000	0.00000000
S8	f	0.25521829	0.50030986	0.00000000	0.00000000	10.00000000	0.00000000	0.00000000
S9	f	0.08758454	0.47809986	0.00000000	0.00000000	10.00000000	0.00000000	0.00000000
C1	c	0.37753062	0.34953562	0.03324535	0.00000000	8.00000000	0.01289511	0.00000000
C2	c	0.60722915	0.99943573	0.09077176	0.06000000	8.06000000	0.01546723	0.00000000
C3	c	0.58267758	0.95965563	0.12361208	0.12000000	8.12000000	0.02854661	0.00000000
C4	c	0.23432141	0.32239448	0.06818168	0.18000000	8.18000000	0.01304590	0.00000000
C5	c	0.35111119	0.73156014	0.13242472	0.24000000	8.24000000	0.01776904	0.00000000
C6	c	0.00400131	0.83959820	0.13124792	0.30000000	8.30000000	0.01692611	0.00000000
C7	c	0.05464700	0.51404185	0.13870344	0.36000000	8.36000000	0.02183721	0.00000000
C8	c	0.45998630	0.80492624	0.01372137	0.42000000	8.42000000	0.02295431	0.00000000
C9	c	0.34074345	0.11299570	0.05833663	0.48000000	8.48000000	0.01623179	0.00000000
C10	c	0.68935578	0.92115557	0.15878479	0.54000000	8.54000000	0.02722150	0.00000000
C11	c	0.90326284	0.22283666	0.08546150	0.60000000	8.60000000	0.02713619	0.00000000
C12	c	0.38049881	0.20920663	0.14764047	0.66000000	8.66000000	0.02622822	0.00000000
C13	c	0.92498952	0.63263183	0.03201289	0.72000000	8.72000000	0.02440341	0.00000000
C14	c	0.16544333	0.63309571	0.11846269	0.78000000	8.78000000	0.01946606	0.00000000
C15	c	0.96655176	0.38570331	0.01344598	0.84000000	8.84000000	0.02648304	0.00000000
C16	c	0.69108634	0.47892450	0.02205889	0.90000000	8.90000000	0.01534215	0.00000000
C17	c	0.10503211	0.11028513	0.08917407	0.96000000	8.96000000	0.02607964	0.00000000
C18	c	0.93981791	0.34865190	0.05007843	1.02000000	9.02000000	0.02676109	0.00000000
C19	c	0.30071884	0.45521975	0.03680979	1.08000000	9.08000000	0.02604969	0.00000000
C20	c	0.33793283	0.50845274	0.16995440	1.14000000	9.14000000	0.02232276	0.00000000
C21	c	0.65089826	0.06507416	0.08171794	1.20000000	9.20000000	0.02881492	0.00000000
C22	c	0.12115853	0.95188988	0.09688386	1.26000000	9.26000000	0.02884671	0.00000000
C23	c	0.30067330	0.24406791	0.02838307	1.32000000	9.32000000	0.01518893	0.00000000
C24	c	0.83975001	0.86552733	0.14990805	1.38000000	9.38000000	0.02417956	0.00000000
C25	c	0.58702137	0.60116057	0.05190332	1.44000000	9.44000000	0.02643973	0.00000000
C26	c	0.61293071	0.26411504	0.05558108	1.50000000	9.50000000	0.02923195	0.00000000
C27	c	0.97354711	0.11023362	0.09205931	1.56000000	9.56000000	0.02277433	0.00000000
C28	c	0.91719368	0.01904004	0.14284561	1.62000000	9.62000000	0.02801066	0.00000000
C29	c	0.77445346	0.41498635	0.08892405	1.68000000	9.68000000	0.01502693	0.00000000
C30	c	0.69305318	0.99327399	0.05703077	1.74000000	9.74000000	0.02456153	0.00000000
C31	c	0.46312192	0.86722624	0.15486166	1.80000000	9.80000000	0.01399591	0.00000000
C32	c	0.36717536	0.78805474	0.09941820	1.86000000	9.86000000	0.01209561	0.00000000
C33	c	0.30625244	0.35264108	0.06857866	1.92000000	9.92000000	0.02401706	0.00000000
C34	c	0.69459483	0.61847500	0.14969627	1.98000000	9.98000000	0.02551427	0.00000000
C35	c	0.15585335	0.00181053	0.01832643	2.00000000	10.00000000	0.01339001	0.00000000
C36	c	0.53502491	0.57379560	0.07954803	2.00000000	10.00000000	0.02012387	0.00000000
C37	c	0.43377605	0.89997193	0.05800599	2.00000000	10.00000000	0.02376329	0.00000000
C38	c	0.60673580	0.87121520	0.04655268	2.00000000	10.00000000	0.02645648	0.00000000
C39	c	0.84189134	0.35176921	0.14556852	2.00000000	10.00000000	0.01853319	0.00000000
C40	c	0.50749523	0.44885830	0.03288488	2.00000000	10.00000000	0.02577962	0.00000000
C41	c	0.07454801	0.24263176	0.16014501	2.00000000	10.00000000	0.01637607	0.00000000
C42	c	0.91546578	0.90821524	0.07425086	2.00000000	10.00000000	0.02699241	0.00000000
C43	c	0.54394465	0.82958833	0.13799196	2.00000000	10.00000000	0.02089975	0.00000000
C44	c	0.05972181	0.78226071	0.07740556	2.00000000	10.00000000	0.02251924	0.00000000
C45	c	0.09742292	0.36855878	0.13710113	2.00000000	10.00000000	0.01052067	0.00000000
C46	c	0.70276528	0.12688405	0.12292758	2.00000000	10.00000000	0.01640631	0.00000000
C47	c	0.03756015	0.81707239	0.14967932	2.00000000	10.00000000	0.01987109	0.00000000
C48	c	0.52327507	0.96058617	0.15120071	2.00000000	10.00000000	0.02764456	0.00000000
C49	c	0.70820814	0.52584630	0.01988017	2.00000000	10.00000000	0.01410876	0.00000000
C50	c	0.80971713	0.19460638	0.05661050	2.00000000	10.00000000	0.02735008	0.00000000

Q Vehicle fuel tank capacity /0.40000000/
C Vehicle load capacity /1.50000000/
r fuel consumption rate /0.25000000/
g inverse refueling rate /1.00000000/
v average Velocity /1.00000000/
