StringID	Type	x	y	demand	ReadyTime	DueDate	ServiceTime	altitude
D0	d	0.50000000	0.50000000	0.00000000	0.00000000	10.00000000	0.00000000	0.00000000
S0	f	0.63240811	0.06101306	0.00000000	0.00000000	10.00000000	0.00000000	0.00000000
S1	f	0.61350042	0.14200220	0.00000000	0.00000000	10.00000000	0.00000000	0.00000000
S2	f	0.22154740	0.88912934	0.00000000	0.00000000	10.00000000	0.00000000	0.00000000
S3	f	0.39376737	0.05898632	0.00000000	0.00000000	10.00000000	0.00000000	0.00000000
S4	f	0.72471148	0.78465838	0.00000000	0.00000000	10.00000000	0.00000000	0.00000000
S5	f	0.92339344	0.47034019	0.00000000	0.00000000	10.00000000	0.00000000	0.00000000
C1	c	0.55908046	0.07238808	0.16271357	0.00000000	8.00000000	0.01953670	0.00000000
C2	c	0.53796034	0.09490308	0.21932268	0.10000000	8.10000000	0.01500299	0.00000000
C3	c	0.53587698	0.15974462	0.07597356	0.20000000	8.20000000	0.02175551	0.00000000
C4	c	0.56317231	0.07620458	0.23183069	0.30000000	8.30000000	0.02019868	0.00000000
C5	c	0.59481121	0.03995217	0.06743888	0.40000000	8.40000000	0.01854891	0.00000000
C6	c	0.49338809	0.05757879	0.18135169	0.50000000	8.50000000	0.02782266	0.00000000
C7	c	0.16562767	0.00000000	0.23066924	0.60000000	8.60000000	0.02722202	0.00000000
C8	c	0.14406225	0.01590692	0.08921232	0.70000000	8.70000000	0.02399479	0.00000000
C9	c	0.44424408	0.19218147	0.23863854	0.80000000	8.80000000	0.01741990	0.00000000
C10	c	0.37492552	0.23183779	0.20954390	0.90000000	8.90000000	0.01878229	0.00000000
C11	c	0.45436155	0.30323778	0.05400529	1.00000000	9.00000000	0.02244336	0.00000000
C12	c	0.31207462	0.31445928	0.21212062	1.10000000	9.10000000	0.02842966	0.00000000
C13	c	0.32845055	0.21689067	0.04464450	1.20000000	9.20000000	0.02106122	0.00000000
C14	c	0.45445579	0.25587023	0.16553406	1.30000000	9.30000000	0.01080033	0.00000000
C15	c	0.38021357	0.20693525	0.17732299	1.40000000	9.40000000	0.01904349	0.00000000
C16	c	0.20134148	0.02274246	0.18235802	1.50000000	9.50000000	0.02221943	0.00000000
C17	c	0.38513588	0.81116944	0.08234340	1.60000000	9.60000000	0.01891498	0.00000000
C18	c	0.05649922	0.30317849	0.02842820	1.70000000	9.70000000	0.02916497	0.00000000
C19	c	0.62757046	0.33672128	0.13782696	1.80000000	9.80000000	0.02623528	0.00000000
C20	c	0.86517354	0.71131253	0.26643731	1.90000000	9.90000000	0.01214979	0.00000000
C21	c	0.13264433	0.23034747	0.03861864	2.00000000	10.00000000	0.02498364	0.00000000
C22	c	0.43525775	0.36470581	0.11308579	2.00000000	10.00000000	0.02641563	0.00000000
C23	c	0.58777548	0.50993413	0.21101274	2.00000000	10.00000000	0.01280261	0.00000000
C24	c	0.42744539	0.89113322	0.12321164	2.00000000	10.00000000	0.01758027	0.00000000
C25	c	0.37099518	0.43911473	0.28273998	2.00000000	10.00000000	0.02635697	0.00000000
C26	c	0.62216786	0.92148287	0.23629266	2.00000000	10.00000000	0.01715231	0.00000000
C27	c	0.45217426	0.61097172	0.06160521	2.00000000	10.00000000	0.01274081	0.00000000
C28	c	0.44574898	0.95824841	0.09109968	2.00000000	10.00000000	0.01422581	0.00000000
C29	c	0.81176420	0.10748966	0.15295767	2.00000000	10.00000000	0.02404385	0.00000000
C30	c	0.74918217	0.82078138	0.13165956	2.00000000	10.00000000	0.01545970	0.00000000

Q Vehicle fuel tank capacity /0.40000000/
C Vehicle load capacity /1.50000000/
r fuel consumption rate /0.25000000/
g inverse refueling rate /1.00000000/
v average Velocity /1.00000000/
