StringID	Type	x	y	demand	ReadyTime	DueDate	ServiceTime	altitude
D0	d	0.50000000	0.50000000	0.00000000	0.00000000	10.00000000	0.00000000	0.00000000
S0	f	0.47533555	0.32819871	0.00000000	0.00000000	10.00000000	0.00000000	0.00000000
S1	f	0.71360567	0.41628234	0.00000000	0.00000000	10.00000000	0.00000000	0.00000000
S2	f	0.86868218	0.96802996	0.00000000	0.00000000	10.00000000	0.00000000	0.00000000
S3	f	0.97631696	0.06093284	0.00000000	0.00000000	10.00000000	0.00000000	0.00000000
S4	f	0.91181889	0.46568123	0.00000000	0.00000000	10.00000000	0.00000000	0.00000000
S5	f	0.26424061	0.70895911	0.00000000	0.00000000	10.00000000	0.00000000	0.00000000
S6	f	0.43394765	0.26107338	0.00000000	0.00000000	10.00000000	0.00000000	0.00000000
S7	f	0.69905244	0.35386045	0.00000000	0.00000000	10.00000000	0.00000000	0.00000000
S8	f	0.00156892	0.89855202	0.00000000	0.00000000	10.00000000	0.00000000	0.00000000
S9	f	0.88866874	0.20708112	0.00000000	0.00000000	10.00000000	0.00000000	0.00000000
C1	c	0.04367144	0.60727990	0.08858773	0.00000000	8.00000000	0.01860745	0.00000000
C2	c	0.17525718	0.60527412	0.12221012	0.06000000	8.06000000	0.02305099	0.00000000
C3	c	0.11859643	0.52239000	0.06772809	0.12000000	8.12000000	0.01809480	0.00000000
C4	c	0.23518985	0.51883634	0.01628580	0.18000000	8.18000000	0.01733431	0.00000000
C5	c	0.12733098	0.60961281	0.16177434	0.24000000	8.24000000	0.02945429	0.00000000
C6	c	0.09103231	0.48672113	0.12772098	0.30000000	8.30000000	0.02402617	0.00000000
C7	c	0.38713216	0.16072666	0.10556830	0.36000000	8.36000000	0.01930842	0.00000000
C8	c	0.32107881	0.04571510	0.16308097	0.42000000	8.42000000	0.01352256	0.00000000
C9	c	0.33401574	0.10618931	0.08032537	0.48000000	8.48000000	0.02401141	0.00000000
C10	c	0.38358882	0.06680560	0.02985099	0.54000000	8.54000000	0.01998048	0.00000000
C11	c	0.48054936	0.24745688	0.05826318	0.60000000	8.60000000	0.01509925	0.00000000
C12	c	0.56284995	0.25969437	0.15624575	0.66000000	8.66000000	0.01275631	0.00000000
C13	c	0.53267928	0.34611275	0.04377222	0.72000000	8.72000000	0.01378227	0.00000000
C14	c	0.51639362	0.26315137	0.01283210	0.78000000	8.78000000	0.01652684	0.00000000
C15	c	0.53520298	0.38748195	0.06801456	0.84000000	8.84000000	0.01963841	0.00000000
C16	c	0.82777251	0.67684216	0.12966836	0.90000000	8.90000000	0.01228073	0.00000000
C17	c	0.77891166	0.60202399	0.15926906	0.96000000	8.96000000	0.01184241	0.00000000
C18	c	0.73909026	0.62005761	0.07907584	1.02000000	9.02000000	0.01567387	0.00000000
C19	c	0.81043193	0.61548330	0.01516398	1.08000000	9.08000000	0.01186186	0.00000000
C20	c	0.16691761	0.58226882	0.16010197	1.14000000	9.14000000	0.02995785	0.00000000
C21	c	0.18759357	0.63042901	0.05254591	1.20000000	9.20000000	0.02761515	0.00000000
C22	c	0.20788739	0.52323819	0.02646008	1.26000000	9.26000000	0.01695733	0.00000000
C23	c	0.25992944	0.56651125	0.06094501	1.32000000	9.32000000	0.02765016	0.00000000
C24	c	0.26160701	0.51038107	0.03860939	1.38000000	9.38000000	0.01099857	0.00000000
C25	c	0.23443292	0.55971042	0.15840330	1.44000000	9.44000000	0.02457111	0.00000000
C26	c	0.68978279	0.53375878	0.01825073	1.50000000	9.50000000	0.01170507	0.00000000
C27	c	0.94565164	0.11339609	0.11557494	1.56000000	9.56000000	0.01126686	0.00000000
C28	c	0.54967897	0.56389652	0.01919363	1.62000000	9.62000000	0.01118532	0.00000000
C29	c	0.97984325	0.52434414	0.11990122	1.68000000	9.68000000	0.02677483	0.00000000
C30	c	0.44545154	0.87079627	0.09532530	1.74000000	9.74000000	0.02281421	0.00000000
C31	c	0.59311505	0.19861647	0.16020407	1.80000000	9.80000000	0.01031668	0.00000000
C32	c	0.83666626	0.74259963	0.02911242	1.86000000	9.86000000	0.01201748	0.00000000
C33	c	0.09756669	0.24803315	0.04363284	1.92000000	9.92000000	0.01375237	0.00000000
C34	c	0.37510159	0.66477488	0.11479187	1.98000000	9.98000000	0.01427623	0.00000000
C35	c	0.43037274	0.65254957	0.09783295	2.00000000	10.00000000	0.01939054	0.00000000
C36	c	0.40474024	0.36671526	0.10007240	2.00000000	10.00000000	0.02257301	0.00000000
C37	c	0.97271474	0.70130867	0.16558971	2.00000000	10.00000000	0.02144930	0.00000000
C38	c	0.46542094	0.17612781	0.09384236	2.00000000	10.00000000	0.01291536	0.00000000
C39	c	0.25496263	0.13781552	0.08141570	2.00000000	10.00000000	0.02712968	0.00000000
C40	c	0.18911373	0.32634199	0.14841332	2.00000000	10.00000000	0.01185934	0.00000000
C41	c	0.48192044	0.11403647	0.12938989	2.00000000	10.00000000	0.01403865	0.00000000
C42	c	0.09309315	0.99789242	0.10324934	2.00000000	10.00000000	0.01118421	0.00000000
C43	c	0.88075739	0.34786666	0.10467472	2.00000000	10.00000000	0.02144921	0.00000000
C44	c	0.88250823	0.04992861	0.04253579	2.00000000	10.00000000	0.02469510	0.00000000
C45	c	0.72855525	0.08525328	0.14303738	2.00000000	10.00000000	0.01204765	0.00000000
C46	c	0.06334311	0.05926594	0.12822059	2.00000000	10.00000000	0.02888193	0.00000000
C47	c	0.01583393	0.10087397	0.02661907	2.00000000	10.00000000	0.02177182	0.00000000
C48	c	0.18761865	0.21381171	0.05031960	2.00000000	10.00000000	0.02441705	0.00000000
C49	c	0.46952680	0.62865073	0.07033462	2.00000000	10.00000000	0.01932549	0.00000000
C50	c	0.57246488	0.14576816	0.11596213	2.00000000	10.00000000	0.02077382	0.00000000

Q Vehicle fuel tank capacity /0.40000000/
C Vehicle load capacity /1.50000000/
r fuel consumption rate /0.25000000/
g inverse refueling rate /1.00000000/
v average Velocity /1.00000000/
