StringID	Type	x	y	demand	ReadyTime	DueDate	ServiceTime	altitude
D0	d	0.50000000	0.50000000	0.00000000	0.00000000	10.00000000	0.00000000	0.00000000
S0	f	0.72555490	0.03630718	0.00000000	0.00000000	10.00000000	0.00000000	0.00000000
S1	f	0.40920264	0.41527245	0.00000000	0.00000000	10.00000000	0.00000000	0.00000000
S2	f	0.09757502	0.96917609	0.00000000	0.00000000	10.00000000	0.00000000	0.00000000
S3	f	0.83118215	0.48310788	0.00000000	0.00000000	10.00000000	0.00000000	0.00000000
S4	f	0.55353754	0.04584170	0.00000000	0.00000000	10.00000000	0.00000000	0.00000000
S5	f	0.20548807	0.39174040	0.00000000	0.00000000	10.00000000	0.00000000	0.00000000
C1	c	0.38200930	0.28660048	0.09945798	0.00000000	8.00000000	0.02514296	0.00000000
C2	c	0.32246378	0.35849775	0.21493587	0.10000000	8.10000000	0.01424166	0.00000000
C3	c	0.28456125	0.21777253	0.10694630	0.20000000	8.20000000	0.02730560	0.00000000
C4	c	0.39424871	0.25239555	0.22234505	0.30000000	8.30000000	0.02308634	0.00000000
C5	c	0.30977958	0.26211169	0.14604542	0.40000000	8.40000000	0.02451745	0.00000000
C6	c	0.39625360	0.30638239	0.11873735	0.50000000	8.50000000	0.02318465	0.00000000
C7	c	0.17019983	0.79124576	0.15174202	0.60000000	8.60000000	0.01796671	0.00000000
C8	c	0.20897246	0.79273061	0.07268883	0.70000000	8.70000000	0.02770181	0.00000000
C9	c	0.64059514	0.93351642	0.09533619	0.80000000	8.80000000	0.01653330	0.00000000
C10	c	0.72087187	0.83616219	0.06613504	0.90000000	8.90000000	0.01151982	0.00000000
C11	c	0.62659604	0.90220762	0.18992812	1.00000000	9.00000000	0.01552904	0.00000000
C12	c	0.69800054	0.89728382	0.02397223	1.10000000	9.10000000	0.02876199	0.00000000
C13	c	0.69208136	0.94229497	0.20088677	1.20000000	9.20000000	0.02659327	0.00000000
C14	c	0.66721216	0.90827230	0.22496279	1.30000000	9.30000000	0.02784485	0.00000000
C15	c	0.68891304	0.80562384	0.22009578	1.40000000	9.40000000	0.02469442	0.00000000
C16	c	0.31840161	0.94500015	0.07377482	1.50000000	9.50000000	0.02974722	0.00000000
C17	c	0.94389650	0.87773003	0.08978986	1.60000000	9.60000000	0.01329408	0.00000000
C18	c	0.48344279	0.71854702	0.09530131	1.70000000	9.70000000	0.01395609	0.00000000
C19	c	0.75714790	0.21208323	0.20683420	1.80000000	9.80000000	0.02662944	0.00000000
C20	c	0.86527981	0.65431687	0.18608603	1.90000000	9.90000000	0.01727187	0.00000000
C21	c	0.72587243	0.65923248	0.05397121	2.00000000	10.00000000	0.02498886	0.00000000
C22	c	0.39833548	0.88509037	0.26271192	2.00000000	10.00000000	0.02858801	0.00000000
C23	c	0.32666504	0.07599110	0.09786075	2.00000000	10.00000000	0.02616520	0.00000000
C24	c	0.27645183	0.93809959	0.25515848	2.00000000	10.00000000	0.01036671	0.00000000
C25	c	0.82966337	0.89224227	0.25488143	2.00000000	10.00000000	0.01260046	0.00000000
C26	c	0.73472110	0.98736109	0.23827138	2.00000000	10.00000000	0.02532728	0.00000000
C27	c	0.16470416	0.19780438	0.13929175	2.00000000	10.00000000	0.02192928	0.00000000
C28	c	0.83147181	0.36359325	0.19831098	2.00000000	10.00000000	0.02473098	0.00000000
C29	c	0.74944325	0.92940055	0.11698890	2.00000000	10.00000000	0.01657095	0.00000000
C30	c	0.80825995	0.01833541	0.07655122	2.00000000	10.00000000	0.02809667	0.00000000

Q Vehicle fuel tank capacity /0.40000000/
C Vehicle load capacity /1.50000000/
r fuel consumption rate /0.25000000/
g inverse refueling rate /1.00000000/
v average Velocity /1.00000000/
