StringID	Type	x	y	demand	ReadyTime	DueDate	ServiceTime	altitude
D0	d	0.50000000	0.50000000	0.00000000	0.00000000	10.00000000	0.00000000	0.00000000
S0	f	0.65553771	0.93752885	0.00000000	0.00000000	10.00000000	0.00000000	0.00000000
S1	f	0.92294942	0.82455126	0.00000000	0.00000000	10.00000000	0.00000000	0.00000000
S2	f	0.36126090	0.55737232	0.00000000	0.00000000	10.00000000	0.00000000	0.00000000
S3	f	0.41139954	0.22674294	0.00000000	0.00000000	10.00000000	0.00000000	0.00000000
S4	f	0.65134528	0.45649240	0.00000000	0.00000000	10.00000000	0.00000000	0.00000000
S5	f	0.14210978	0.86889859	0.00000000	0.00000000	10.00000000	0.00000000	0.00000000
C1	c	0.58881128	0.28064561	0.18324831	0.00000000	8.00000000	0.02533548	0.00000000
C2	c	0.57615410	0.09222891	0.18916029	0.10000000	8.10000000	0.01567428	0.00000000
C3	c	0.53845629	0.17827119	0.16350353	0.20000000	8.20000000	0.01546776	0.00000000
C4	c	0.56530496	0.26822951	0.21093500	0.30000000	8.30000000	0.01202602	0.00000000
C5	c	0.50264070	0.18177302	0.09015458	0.40000000	8.40000000	0.02808695	0.00000000
C6	c	0.56112926	0.28926683	0.23111392	0.50000000	8.50000000	0.01086983	0.00000000
C7	c	0.49251792	0.30620598	0.19304918	0.60000000	8.60000000	0.02171070	0.00000000
C8	c	0.56157319	0.26238184	0.02714986	0.70000000	8.70000000	0.01840721	0.00000000
C9	c	0.56912599	0.68103051	0.08685650	0.80000000	8.80000000	0.02594958	0.00000000
C10	c	0.44093194	0.60179913	0.06554364	0.90000000	8.90000000	0.01836844	0.00000000
C11	c	0.53354514	0.55810700	0.21729867	1.00000000	9.00000000	0.01157895	0.00000000
C12	c	0.50356202	0.63482571	0.16439272	1.10000000	9.10000000	0.02172926	0.00000000
C13	c	0.47263809	0.71248135	0.07498188	1.20000000	9.20000000	0.01013899	0.00000000
C14	c	0.61672576	0.94996645	0.18867940	1.30000000	9.30000000	0.02815173	0.00000000
C15	c	0.61500813	0.89244278	0.16994004	1.40000000	9.40000000	0.02271002	0.00000000
C16	c	0.64128878	0.72787724	0.05503731	1.50000000	9.50000000	0.01048327	0.00000000
C17	c	0.24656550	0.73331363	0.17668653	1.60000000	9.60000000	0.02655733	0.00000000
C18	c	0.74709354	0.61210099	0.12971859	1.70000000	9.70000000	0.02085624	0.00000000
C19	c	0.76677403	0.28371376	0.03851791	1.80000000	9.80000000	0.01483593	0.00000000
C20	c	0.27338791	0.10130120	0.16478469	1.90000000	9.90000000	0.01142722	0.00000000
C21	c	0.90434746	0.04349168	0.21513433	2.00000000	10.00000000	0.02195935	0.00000000
C22	c	0.58553476	0.42036038	0.18225976	2.00000000	10.00000000	0.01959626	0.00000000
C23	c	0.79747915	0.41842183	0.16475615	2.00000000	10.00000000	0.01580634	0.00000000
C24	c	0.07894757	0.58646285	0.18477247	2.00000000	10.00000000	0.02761040	0.00000000
C25	c	0.00694938	0.90758638	0.07350947	2.00000000	10.00000000	0.01534530	0.00000000
C26	c	0.63550104	0.02416368	0.18602918	2.00000000	10.00000000	0.01545426	0.00000000
C27	c	0.82786644	0.54281220	0.18921463	2.00000000	10.00000000	0.01085350	0.00000000
C28	c	0.24179641	0.07136083	0.15800892	2.00000000	10.00000000	0.01013082	0.00000000
C29	c	0.59796731	0.47981308	0.14685861	2.00000000	10.00000000	0.02387408	0.00000000
C30	c	0.29031680	0.88051991	0.17870391	2.00000000	10.00000000	0.02856053	0.00000000

Q Vehicle fuel tank capacity /0.40000000/
C Vehicle load capacity /1.50000000/
r fuel consumption rate /0.25000000/
g inverse refueling rate /1.00000000/
v average Velocity /1.00000000/
