StringID	Type	x	y	demand	ReadyTime	DueDate	ServiceTime	altitude
D0	d	0.50000000	0.50000000	0.00000000	0.00000000	10.00000000	0.00000000	0.00000000
S0	f	0.25193036	0.95730851	0.00000000	0.00000000	10.00000000	0.00000000	0.00000000
S1	f	0.23570968	0.05869422	0.00000000	0.00000000	10.00000000	0.00000000	0.00000000
S2	f	0.72099765	0.63670871	0.00000000	0.00000000	10.00000000	0.00000000	0.00000000
S3	f	0.74440788	0.67340809	0.00000000	0.00000000	10.00000000	0.00000000	0.00000000
S4	f	0.33473026	0.68007946	0.00000000	0.00000000	10.00000000	0.00000000	0.00000000
S5	f	0.05447279	0.36921045	0.00000000	0.00000000	10.00000000	0.00000000	0.00000000
C1	c	0.29215116	1.00000000	0.04622984	0.00000000	8.00000000	0.01311410	0.00000000
C2	c	0.31731039	0.97037975	0.15257229	0.10000000	8.10000000	0.02824832	0.00000000
C3	c	0.33394737	0.97689041	0.10640958	0.20000000	8.20000000	0.01773355	0.00000000
C4	c	0.19733996	0.93399235	0.23664256	0.30000000	8.30000000	0.02773298	0.00000000
C5	c	0.25544462	1.00000000	0.21273192	0.40000000	8.40000000	0.02715142	0.00000000
C6	c	0.36825219	0.92919273	0.14352082	0.50000000	8.50000000	0.02214615	0.00000000
C7	c	0.39358702	0.94594274	0.07854979	0.60000000	8.60000000	0.02950967	0.00000000
C8	c	0.11382182	0.43060189	0.04443888	0.70000000	8.70000000	0.01454046	0.00000000
C9	c	0.08839158	0.40025774	0.03639634	0.80000000	8.80000000	0.01234481	0.00000000
C10	c	0.10854960	0.45681157	0.21153947	0.90000000	8.90000000	0.02274087	0.00000000
C11	c	0.08232115	0.44371585	0.05241824	1.00000000	9.00000000	0.01722836	0.00000000
C12	c	0.08774061	0.43875699	0.11117578	1.10000000	9.10000000	0.01736109	0.00000000
C13	c	0.08577671	0.55618433	0.23112970	1.20000000	9.20000000	0.01850367	0.00000000
C14	c	0.02642064	0.39947391	0.20464290	1.30000000	9.30000000	0.02853026	0.00000000
C15	c	0.08693287	0.40605191	0.04904211	1.40000000	9.40000000	0.01354378	0.00000000
C16	c	0.75251746	0.87944971	0.19989008	1.50000000	9.50000000	0.02727967	0.00000000
C17	c	0.34033305	0.75425308	0.06943562	1.60000000	9.60000000	0.01615221	0.00000000
C18	c	0.65634417	0.65076666	0.09314952	1.70000000	9.70000000	0.01012066	0.00000000
C19	c	0.88425612	0.89711520	0.13996236	1.80000000	9.80000000	0.02858612	0.00000000
C20	c	0.15013973	0.94595515	0.21953653	1.90000000	9.90000000	0.01709207	0.00000000
C21	c	0.38667745	0.88664897	0.20104112	2.00000000	10.00000000	0.01899575	0.00000000
C22	c	0.85757120	0.60730773	0.23201232	2.00000000	10.00000000	0.01122593	0.00000000
C23	c	0.97548350	0.22702317	0.10046898	2.00000000	10.00000000	0.01965393	0.00000000
C24	c	0.11724027	0.63704370	0.20146461	2.00000000	10.00000000	0.02360636	0.00000000
C25	c	0.36141800	0.36805465	0.17757504	2.00000000	10.00000000	0.02537247	0.00000000
C26	c	0.17718904	0.86398342	0.17621414	2.00000000	10.00000000	0.02284741	0.00000000
C27	c	0.30761068	0.00603304	0.23318508	2.00000000	10.00000000	0.02198965	0.00000000
C28	c	0.92930575	0.35460337	0.23632267	2.00000000	10.00000000	0.01503814	0.00000000
C29	c	0.44978746	0.06129634	0.05406220	2.00000000	10.00000000	0.01421046	0.00000000
C30	c	0.48269631	0.68031776	0.24823951	2.00000000	10.00000000	0.01089581	0.00000000

Q Vehicle fuel tank capacity /0.40000000/
C Vehicle load capacity /1.50000000/
r fuel consumption rate /0.25000000/
g inverse refueling rate /1.00000000/
v average Velocity /1.00000000/
