StringID	Type	x	y	demand	ReadyTime	DueDate	ServiceTime	altitude
D0	d	0.50000000	0.50000000	0.00000000	0.00000000	10.00000000	0.00000000	0.00000000
S0	f	0.81771639	0.89925009	0.00000000	0.00000000	10.00000000	0.00000000	0.00000000
S1	f	0.37154881	0.06041199	0.00000000	0.00000000	10.00000000	0.00000000	0.00000000
S2	f	0.66771826	0.65839738	0.00000000	0.00000000	10.00000000	0.00000000	0.00000000
S3	f	0.37533823	0.83050474	0.00000000	0.00000000	10.00000000	0.00000000	0.00000000
S4	f	0.57005804	0.69638633	0.00000000	0.00000000	10.00000000	0.00000000	0.00000000
S5	f	0.42717497	0.79610384	0.00000000	0.00000000	10.00000000	0.00000000	0.00000000
S6	f	0.66683222	0.81150461	0.00000000	0.00000000	10.00000000	0.00000000	0.00000000
S7	f	0.29850511	0.65974377	0.00000000	0.00000000	10.00000000	0.00000000	0.00000000
S8	f	0.31811748	0.54621644	0.00000000	0.00000000	10.00000000	0.00000000	0.00000000
S9	f	0.72451500	0.25438760	0.00000000	0.00000000	10.00000000	0.00000000	0.00000000
C1	c	0.90703837	0.15268507	0.02370240	0.00000000	8.00000000	0.02835110	0.00000000
C2	c	0.19770736	0.20533936	0.10320098	0.06000000	8.06000000	0.02914021	0.00000000
C3	c	0.28006591	0.97059074	0.09313666	0.12000000	8.12000000	0.01488059	0.00000000
C4	c	0.25859395	0.54089524	0.16243433	0.18000000	8.18000000	0.02552453	0.00000000
C5	c	0.91191845	0.43375806	0.06862897	0.24000000	8.24000000	0.01160971	0.00000000
C6	c	0.55771947	0.26501400	0.14314776	0.30000000	8.30000000	0.01135240	0.00000000
C7	c	0.22384569	0.85611223	0.15976605	0.36000000	8.36000000	0.01297088	0.00000000
C8	c	0.13175723	0.91274484	0.10174656	0.42000000	8.42000000	0.02105102	0.00000000
C9	c	0.13920924	0.63682023	0.11747421	0.48000000	8.48000000	0.02680356	0.00000000
C10	c	0.05038314	0.44224378	0.09316843	0.54000000	8.54000000	0.02955371	0.00000000
C11	c	0.51090203	0.94935147	0.02120442	0.60000000	8.60000000	0.01343203	0.00000000
C12	c	0.82200194	0.11782739	0.15000104	0.66000000	8.66000000	0.01296124	0.00000000
C13	c	0.06783438	0.66367256	0.10622034	0.72000000	8.72000000	0.01014066	0.00000000
C14	c	0.16766755	0.06021465	0.09550995	0.78000000	8.78000000	0.02025011	0.00000000
C15	c	0.27572857	0.58251027	0.12396967	0.84000000	8.84000000	0.01425881	0.00000000
C16	c	0.41071402	0.98580166	0.04006252	0.90000000	8.90000000	0.01404347	0.00000000
C17	c	0.81771639	0.89925009	0.06972340	0.96000000	8.96000000	0.01950031	0.00000000
C18	c	0.91573222	0.48832940	0.12677018	1.02000000	9.02000000	0.01235802	0.00000000
C19	c	0.65708689	0.74302474	0.06073881	1.08000000	9.08000000	0.01280041	0.00000000
C20	c	0.89475691	0.28405542	0.13122066	1.14000000	9.14000000	0.01612253	0.00000000
C21	c	0.74385731	0.57950835	0.02473273	1.20000000	9.20000000	0.02416501	0.00000000
C22	c	0.32573666	0.82160508	0.10216250	1.26000000	9.26000000	0.01646325	0.00000000
C23	c	0.89699348	0.89266716	0.06516648	1.32000000	9.32000000	0.02727764	0.00000000
C24	c	0.94358228	0.22433685	0.13237557	1.38000000	9.38000000	0.01982173	0.00000000
C25	c	0.17614440	0.30122512	0.08573907	1.44000000	9.44000000	0.02527408	0.00000000
C26	c	0.07710264	0.90627670	0.05891753	1.50000000	9.50000000	0.01350320	0.00000000
C27	c	0.19418848	0.74442365	0.13782506	1.56000000	9.56000000	0.02114712	0.00000000
C28	c	0.54872164	0.73472452	0.04342063	1.62000000	9.62000000	0.01296608	0.00000000
C29	c	0.03271605	0.86541350	0.12890228	1.68000000	9.68000000	0.01597074	0.00000000
C30	c	0.70350588	0.06617882	0.08857705	1.74000000	9.74000000	0.01390580	0.00000000
C31	c	0.37154881	0.06041199	0.05009087	1.80000000	9.80000000	0.01192947	0.00000000
C32	c	0.12034620	0.45426689	0.05146512	1.86000000	9.86000000	0.02725305	0.00000000
C33	c	0.96624997	0.15024436	0.12065238	1.92000000	9.92000000	0.01773901	0.00000000
C34	c	0.43646912	0.03930771	0.03747495	1.98000000	9.98000000	0.02702365	0.00000000
C35	c	0.63285547	0.20247852	0.07227643	2.00000000	10.00000000	0.02813484	0.00000000
C36	c	0.34097459	0.35769109	0.11821101	2.00000000	10.00000000	0.01142706	0.00000000
C37	c	0.45293198	0.26213539	0.10042949	2.00000000	10.00000000	0.02918111	0.00000000
C38	c	0.09558095	0.11789979	0.09453456	2.00000000	10.00000000	0.01881150	0.00000000
C39	c	0.15920723	0.97362158	0.14915717	2.00000000	10.00000000	0.01469600	0.00000000
C40	c	0.93492032	0.37394733	0.10572332	2.00000000	10.00000000	0.02286894	0.00000000
C41	c	0.31326673	0.89221196	0.06201653	2.00000000	10.00000000	0.01575692	0.00000000
C42	c	0.99803956	0.81819814	0.11519035	2.00000000	10.00000000	0.01617237	0.00000000
C43	c	0.37400418	0.51442405	0.15671282	2.00000000	10.00000000	0.01738094	0.00000000
C44	c	0.89586588	0.61868959	0.05648004	2.00000000	10.00000000	0.01674992	0.00000000
C45	c	0.86632976	0.32411875	0.02683395	2.00000000	10.00000000	0.01859948	0.00000000
C46	c	0.40554799	0.74103337	0.07229477	2.00000000	10.00000000	0.01955369	0.00000000
C47	c	0.52332547	0.67661675	0.08835340	2.00000000	10.00000000	0.02925921	0.00000000
C48	c	0.79399980	0.56252881	0.01840525	2.00000000	10.00000000	0.02865474	0.00000000
C49	c	0.66771826	0.65839738	0.09478246	2.00000000	10.00000000	0.01894262	0.00000000
C50	c	0.23475032	0.01156237	0.04926893	2.00000000	10.00000000	0.01051587	0.00000000

Q Vehicle fuel tank capacity /0.40000000/
C Vehicle load capacity /1.50000000/
r fuel consumption rate /0.25000000/
g inverse refueling rate /1.00000000/
v average Velocity /1.00000000/
