StringID	Type	x	y	demand	ReadyTime	DueDate	ServiceTime	altitude
D0	d	0.50000000	0.50000000	0.00000000	0.00000000	10.00000000	0.00000000	0.00000000
S0	f	0.12988227	0.51904197	0.00000000	0.00000000	10.00000000	0.00000000	0.00000000
S1	f	0.19063567	0.47933685	0.00000000	0.00000000	10.00000000	0.00000000	0.00000000
S2	f	0.47148244	0.01393778	0.00000000	0.00000000	10.00000000	0.00000000	0.00000000
S3	f	0.57087723	0.94591284	0.00000000	0.00000000	10.00000000	0.00000000	0.00000000
S4	f	0.88321616	0.68925569	0.00000000	0.00000000	10.00000000	0.00000000	0.00000000
S5	f	0.56582519	0.73911841	0.00000000	0.00000000	10.00000000	0.00000000	0.00000000
S6	f	0.30796616	0.01576734	0.00000000	0.00000000	10.00000000	0.00000000	0.00000000
S7	f	0.55044109	0.80086464	0.00000000	0.00000000	10.00000000	0.00000000	0.00000000
S8	f	0.27269016	0.43854067	0.00000000	0.00000000	10.00000000	0.00000000	0.00000000
S9	f	0.11051289	0.97706414	0.00000000	0.00000000	10.00000000	0.00000000	0.00000000
C1	c	1.00000000	0.24961318	0.14734427	0.00000000	8.00000000	0.02624086	0.00000000
C2	c	0.97283538	0.32561289	0.13871850	0.06000000	8.06000000	0.01332218	0.00000000
C3	c	0.83937698	0.32121738	0.09815355	0.12000000	8.12000000	0.01824144	0.00000000
C4	c	0.51834226	0.41831772	0.16425649	0.18000000	8.18000000	0.01515982	0.00000000
C5	c	0.50955450	0.45353043	0.02565344	0.24000000	8.24000000	0.01851242	0.00000000
C6	c	0.48419538	0.37847744	0.08241463	0.30000000	8.30000000	0.01742778	0.00000000
C7	c	0.55354653	0.46010511	0.15311320	0.36000000	8.36000000	0.02342915	0.00000000
C8	c	0.58761692	0.37019281	0.02096666	0.42000000	8.42000000	0.01002322	0.00000000
C9	c	0.59292485	0.41235670	0.06743139	0.48000000	8.48000000	0.02673866	0.00000000
C10	c	0.15762482	0.82911403	0.02875963	0.54000000	8.54000000	0.01747247	0.00000000
C11	c	0.20959071	0.76242518	0.10347564	0.60000000	8.60000000	0.01797741	0.00000000
C12	c	0.16005085	0.69526973	0.05101361	0.66000000	8.66000000	0.01837363	0.00000000
C13	c	0.62899749	0.99003461	0.10967729	0.72000000	8.72000000	0.01912953	0.00000000
C14	c	0.65483619	0.86098994	0.04815543	0.78000000	8.78000000	0.01467850	0.00000000
C15	c	0.55235408	0.85198753	0.05795920	0.84000000	8.84000000	0.02011921	0.00000000
C16	c	0.64456082	0.87800994	0.05696280	0.90000000	8.90000000	0.02374342	0.00000000
C17	c	0.58566504	0.83538667	0.05313383	0.96000000	8.96000000	0.01740400	0.00000000
C18	c	0.69223059	0.90462399	0.16158970	1.02000000	9.02000000	0.02479023	0.00000000
C19	c	0.63354446	0.82620116	0.12066107	1.08000000	9.08000000	0.01314733	0.00000000
C20	c	0.50234663	0.33042164	0.11880334	1.14000000	9.14000000	0.02132103	0.00000000
C21	c	0.46842146	0.47483205	0.02461506	1.20000000	9.20000000	0.02890939	0.00000000
C22	c	0.58195847	0.29633683	0.06059230	1.26000000	9.26000000	0.02691216	0.00000000
C23	c	0.45125396	0.34031027	0.06745892	1.32000000	9.32000000	0.02645380	0.00000000
C24	c	0.54866136	0.41601852	0.12605633	1.38000000	9.38000000	0.02610086	0.00000000
C25	c	0.52209276	0.34409135	0.10029316	1.44000000	9.44000000	0.01125176	0.00000000
C26	c	0.23980840	0.14230164	0.03446914	1.50000000	9.50000000	0.01311210	0.00000000
C27	c	0.90151676	0.63195424	0.04810389	1.56000000	9.56000000	0.01458836	0.00000000
C28	c	0.45668944	0.91729274	0.03303352	1.62000000	9.62000000	0.02538020	0.00000000
C29	c	0.19947814	0.01932460	0.15037562	1.68000000	9.68000000	0.01328935	0.00000000
C30	c	0.92642383	0.81588735	0.10871281	1.74000000	9.74000000	0.02288900	0.00000000
C31	c	0.14023361	0.90482703	0.09676194	1.80000000	9.80000000	0.01190956	0.00000000
C32	c	0.29852221	0.08541950	0.14147136	1.86000000	9.86000000	0.02873955	0.00000000
C33	c	0.38221351	0.58835749	0.08162439	1.92000000	9.92000000	0.01349737	0.00000000
C34	c	0.46260441	0.85443420	0.15281391	1.98000000	9.98000000	0.02624892	0.00000000
C35	c	0.81204298	0.16610907	0.09545209	2.00000000	10.00000000	0.02421501	0.00000000
C36	c	0.41207187	0.25799119	0.06409832	2.00000000	10.00000000	0.01850778	0.00000000
C37	c	0.42562085	0.37138922	0.04187056	2.00000000	10.00000000	0.02037717	0.00000000
C38	c	0.67145765	0.00116091	0.01402655	2.00000000	10.00000000	0.02499315	0.00000000
C39	c	0.83693297	0.37362358	0.15422518	2.00000000	10.00000000	0.02720631	0.00000000
C40	c	0.39887042	0.41868173	0.13714098	2.00000000	10.00000000	0.01202641	0.00000000
C41	c	0.45647642	0.23392500	0.03271389	2.00000000	10.00000000	0.01127142	0.00000000
C42	c	0.50596057	0.68717112	0.15088724	2.00000000	10.00000000	0.02658596	0.00000000
C43	c	0.37019979	0.73951157	0.15866012	2.00000000	10.00000000	0.02998746	0.00000000
C44	c	0.15736661	0.56605142	0.13715302	2.00000000	10.00000000	0.02217203	0.00000000
C45	c	0.82269016	0.80504313	0.05717852	2.00000000	10.00000000	0.01519379	0.00000000
C46	c	0.06258799	0.15560506	0.02424198	2.00000000	10.00000000	0.02269632	0.00000000
C47	c	0.16446739	0.64444987	0.07011361	2.00000000	10.00000000	0.01183301	0.00000000
C48	c	0.09547813	0.93697743	0.10197463	2.00000000	10.00000000	0.01635042	0.00000000
C49	c	0.71075052	0.42538913	0.08253859	2.00000000	10.00000000	0.02792142	0.00000000
C50	c	0.51885847	0.74965748	0.14309867	2.00000000	10.00000000	0.02205650	0.00000000

Q Vehicle fuel tank capacity /0.40000000/
C Vehicle load capacity /1.50000000/
r fuel consumption rate /0.25000000/
g inverse refueling rate /1.00000000/
v average Velocity /1.00000000/
