StringID	Type	x	y	demand	ReadyTime	DueDate	ServiceTime	altitude
D0	d	0.50000000	0.50000000	0.00000000	0.00000000	10.00000000	0.00000000	0.00000000
S0	f	0.07005361	0.08665423	0.00000000	0.00000000	10.00000000	0.00000000	0.00000000
S1	f	0.31216924	0.04925663	0.00000000	0.00000000	10.00000000	0.00000000	0.00000000
S2	f	0.24039044	0.26034849	0.00000000	0.00000000	10.00000000	0.00000000	0.00000000
S3	f	0.96661458	0.46041853	0.00000000	0.00000000	10.00000000	0.00000000	0.00000000
S4	f	0.74245025	0.34442656	0.00000000	0.00000000	10.00000000	0.00000000	0.00000000
S5	f	0.35348427	0.65708573	0.00000000	0.00000000	10.00000000	0.00000000	0.00000000
C1	c	0.11801446	0.46858563	0.20152260	0.00000000	8.00000000	0.01198993	0.00000000
C2	c	0.19166196	0.50535313	0.24126681	0.10000000	8.10000000	0.01516033	0.00000000
C3	c	0.00000000	0.19137824	0.06700450	0.20000000	8.20000000	0.01242938	0.00000000
C4	c	0.04141863	0.19214849	0.22858615	0.30000000	8.30000000	0.02146328	0.00000000
C5	c	0.10948235	0.14279097	0.11166263	0.40000000	8.40000000	0.01684509	0.00000000
C6	c	0.00000000	0.21087650	0.08380561	0.50000000	8.50000000	0.02628720	0.00000000
C7	c	0.13424781	0.25970606	0.05654627	0.60000000	8.60000000	0.01530373	0.00000000
C8	c	0.20594511	0.28338473	0.23794389	0.70000000	8.70000000	0.01161789	0.00000000
C9	c	0.12152518	0.29430658	0.11818804	0.80000000	8.80000000	0.01332923	0.00000000
C10	c	0.11971515	0.38480867	0.21309704	0.90000000	8.90000000	0.01498390	0.00000000
C11	c	0.17257717	0.29187184	0.16483055	1.00000000	9.00000000	0.01329205	0.00000000
C12	c	0.12093323	0.21652136	0.15330309	1.10000000	9.10000000	0.01324525	0.00000000
C13	c	0.06675269	0.40012164	0.14290549	1.20000000	9.20000000	0.01746059	0.00000000
C14	c	0.09758086	0.33726379	0.18647297	1.30000000	9.30000000	0.01764451	0.00000000
C15	c	0.04225927	0.36429132	0.09960351	1.40000000	9.40000000	0.02719604	0.00000000
C16	c	0.93035516	0.87008404	0.24260730	1.50000000	9.50000000	0.02163830	0.00000000
C17	c	0.75178754	0.14912964	0.21550763	1.60000000	9.60000000	0.01668373	0.00000000
C18	c	0.10798066	0.63900695	0.13655195	1.70000000	9.70000000	0.01735141	0.00000000
C19	c	0.73857961	0.00215290	0.05614472	1.80000000	9.80000000	0.02493083	0.00000000
C20	c	0.35455868	0.74719570	0.17900140	1.90000000	9.90000000	0.02345773	0.00000000
C21	c	0.12146891	0.57316422	0.22745268	2.00000000	10.00000000	0.01499880	0.00000000
C22	c	0.34225470	0.81435982	0.21376826	2.00000000	10.00000000	0.01068226	0.00000000
C23	c	0.26518666	0.08089438	0.18690932	2.00000000	10.00000000	0.02467856	0.00000000
C24	c	0.16460232	0.16226261	0.05007723	2.00000000	10.00000000	0.02070183	0.00000000
C25	c	0.37302955	0.38222574	0.04073445	2.00000000	10.00000000	0.01204244	0.00000000
C26	c	0.85980223	0.58191516	0.16130274	2.00000000	10.00000000	0.02728138	0.00000000
C27	c	0.33418674	0.36757037	0.18391049	2.00000000	10.00000000	0.02908508	0.00000000
C28	c	0.74654137	0.67288654	0.01670650	2.00000000	10.00000000	0.01231163	0.00000000
C29	c	0.24994013	0.03411311	0.09671942	2.00000000	10.00000000	0.02848331	0.00000000
C30	c	0.73392787	0.53509167	0.18586675	2.00000000	10.00000000	0.01113212	0.00000000

Q Vehicle fuel tank capacity /0.40000000/
C Vehicle load capacity /1.50000000/
r fuel consumption rate /0.25000000/
g inverse refueling rate /1.00000000/
v average Velocity /1.00000000/
