StringID	Type	x	y	demand	ReadyTime	DueDate	ServiceTime	altitude
D0	d	0.50000000	0.50000000	0.00000000	0.00000000	10.00000000	0.00000000	0.00000000
S0	f	0.82295193	0.01521243	0.00000000	0.00000000	10.00000000	0.00000000	0.00000000
S1	f	0.53875253	0.45073589	0.00000000	0.00000000	10.00000000	0.00000000	0.00000000
S2	f	0.41871159	0.79692941	0.00000000	0.00000000	10.00000000	0.00000000	0.00000000
S3	f	0.31609318	0.96682732	0.00000000	0.00000000	10.00000000	0.00000000	0.00000000
S4	f	0.09192753	0.85402475	0.00000000	0.00000000	10.00000000	0.00000000	0.00000000
S5	f	0.97968343	0.09902914	0.00000000	0.00000000	10.00000000	0.00000000	0.00000000
S6	f	0.97607853	0.59701631	0.00000000	0.00000000	10.00000000	0.00000000	0.00000000
S7	f	0.12671880	0.58948334	0.00000000	0.00000000	10.00000000	0.00000000	0.00000000
S8	f	0.33611581	0.66072527	0.00000000	0.00000000	10.00000000	0.00000000	0.00000000
S9	f	0.30377652	0.34059333	0.00000000	0.00000000	10.00000000	0.00000000	0.00000000
C1	c	0.81525850	0.96463217	0.05452130	0.00000000	8.00000000	0.02629224	0.00000000
C2	c	0.51049543	0.33432929	0.05287129	0.06000000	8.06000000	0.01019181	0.00000000
C3	c	0.10962179	0.66306162	0.17391401	0.12000000	8.12000000	0.01756072	0.00000000
C4	c	0.41412992	0.69227559	0.03178901	0.18000000	8.18000000	0.01620629	0.00000000
C5	c	0.59304051	0.49015634	0.07949496	0.24000000	8.24000000	0.01431647	0.00000000
C6	c	0.71568159	0.57107167	0.03880279	0.30000000	8.30000000	0.01876400	0.00000000
C7	c	0.46079645	0.66211113	0.05444462	0.36000000	8.36000000	0.02317695	0.00000000
C8	c	0.07450521	0.16977120	0.01771293	0.42000000	8.42000000	0.02607260	0.00000000
C9	c	0.36521200	0.48958739	0.05986725	0.48000000	8.48000000	0.02334148	0.00000000
C10	c	0.35327856	0.24093706	0.04659136	0.54000000	8.54000000	0.02479580	0.00000000
C11	c	0.37667309	0.84486586	0.09045016	0.60000000	8.60000000	0.01461648	0.00000000
C12	c	0.69105130	0.31002221	0.13610422	0.66000000	8.66000000	0.02630053	0.00000000
C13	c	0.92645848	0.65041274	0.11584151	0.72000000	8.72000000	0.01176297	0.00000000
C14	c	0.65442297	0.99552257	0.11046704	0.78000000	8.78000000	0.02509202	0.00000000
C15	c	0.01807644	0.37463033	0.15729195	0.84000000	8.84000000	0.01110062	0.00000000
C16	c	0.91663813	0.24207929	0.06546544	0.90000000	8.90000000	0.01226634	0.00000000
C17	c	0.82295193	0.01521243	0.02592008	0.96000000	8.96000000	0.01036372	0.00000000
C18	c	0.20339654	0.82693738	0.12121989	1.02000000	9.02000000	0.01149700	0.00000000
C19	c	0.62573460	0.30545233	0.07880980	1.08000000	9.08000000	0.01251934	0.00000000
C20	c	0.04628839	0.04677227	0.17791155	1.14000000	9.14000000	0.02305254	0.00000000
C21	c	0.11088035	0.07241571	0.17971433	1.20000000	9.20000000	0.02113969	0.00000000
C22	c	0.14036118	0.93245840	0.11110266	1.26000000	9.26000000	0.02041627	0.00000000
C23	c	0.24136101	0.85586118	0.15172708	1.32000000	9.32000000	0.01203804	0.00000000
C24	c	0.84582047	0.15037331	0.09245931	1.38000000	9.38000000	0.02104012	0.00000000
C25	c	0.48724200	0.02505914	0.10212476	1.44000000	9.44000000	0.02694404	0.00000000
C26	c	0.21942027	0.92979706	0.17318298	1.50000000	9.50000000	0.02615661	0.00000000
C27	c	0.04653163	0.78291285	0.08730374	1.56000000	9.56000000	0.01205026	0.00000000
C28	c	0.44012426	0.39026703	0.08357293	1.62000000	9.62000000	0.02841814	0.00000000
C29	c	0.70227145	0.41815808	0.13138784	1.68000000	9.68000000	0.01866694	0.00000000
C30	c	0.30507906	0.42189913	0.02868393	1.74000000	9.74000000	0.01904667	0.00000000
C31	c	0.83477302	0.76523895	0.01309017	1.80000000	9.80000000	0.02164222	0.00000000
C32	c	0.64905112	0.52990999	0.07212855	1.86000000	9.86000000	0.02964860	0.00000000
C33	c	0.23960452	0.71197143	0.05326231	1.92000000	9.92000000	0.01568516	0.00000000
C34	c	0.53875253	0.45073589	0.05064011	1.98000000	9.98000000	0.01122664	0.00000000
C35	c	0.83608839	0.37261674	0.12526934	2.00000000	10.00000000	0.01258477	0.00000000
C36	c	0.59431124	0.95558336	0.11984111	2.00000000	10.00000000	0.02489851	0.00000000
C37	c	0.10294080	0.80110891	0.05494825	2.00000000	10.00000000	0.02610277	0.00000000
C38	c	0.64232856	0.13635920	0.10445491	2.00000000	10.00000000	0.01691916	0.00000000
C39	c	0.41321378	0.80744632	0.06109805	2.00000000	10.00000000	0.02247214	0.00000000
C40	c	0.52799441	0.90362198	0.08722328	2.00000000	10.00000000	0.01862336	0.00000000
C41	c	0.16637995	0.11558115	0.13162121	2.00000000	10.00000000	0.02636694	0.00000000
C42	c	0.39277585	0.57889563	0.06111172	2.00000000	10.00000000	0.02434704	0.00000000
C43	c	0.70655883	0.99779504	0.07280500	2.00000000	10.00000000	0.01216255	0.00000000
C44	c	0.38107871	0.19497080	0.14864775	2.00000000	10.00000000	0.02685809	0.00000000
C45	c	0.85570750	0.54512299	0.04825551	2.00000000	10.00000000	0.02353361	0.00000000
C46	c	0.31191672	0.21605998	0.17749592	2.00000000	10.00000000	0.01335592	0.00000000
C47	c	0.77114065	0.38963912	0.15859021	2.00000000	10.00000000	0.01698046	0.00000000
C48	c	0.42136465	0.96168671	0.06974892	2.00000000	10.00000000	0.01337121	0.00000000
C49	c	0.21137346	0.07714263	0.01662743	2.00000000	10.00000000	0.01696503	0.00000000
C50	c	0.43168099	0.55220205	0.04238952	2.00000000	10.00000000	0.02658420	0.00000000

Q Vehicle fuel tank capacity /0.40000000/
C Vehicle load capacity /1.50000000/
r fuel consumption rate /0.25000000/
g inverse refueling rate /1.00000000/
v average Velocity /1.00000000/
