StringID	Type	x	y	demand	ReadyTime	DueDate	ServiceTime	altitude
D0	d	0.50000000	0.50000000	0.00000000	0.00000000	10.00000000	0.00000000	0.00000000
S0	f	0.19236642	0.02958930	0.00000000	0.00000000	10.00000000	0.00000000	0.00000000
S1	f	0.17382289	0.24918283	0.00000000	0.00000000	10.00000000	0.00000000	0.00000000
S2	f	0.17904840	0.36446673	0.00000000	0.00000000	10.00000000	0.00000000	0.00000000
S3	f	0.52259845	0.98515266	0.00000000	0.00000000	10.00000000	0.00000000	0.00000000
S4	f	0.10783722	0.07452740	0.00000000	0.00000000	10.00000000	0.00000000	0.00000000
S5	f	0.58369447	0.04007051	0.00000000	0.00000000	10.00000000	0.00000000	0.00000000
S6	f	0.62296921	0.24118222	0.00000000	0.00000000	10.00000000	0.00000000	0.00000000
S7	f	0.87980907	0.06263999	0.00000000	0.00000000	10.00000000	0.00000000	0.00000000
S8	f	0.89526577	0.83991737	0.00000000	0.00000000	10.00000000	0.00000000	0.00000000
S9	f	0.06987737	0.55182198	0.00000000	0.00000000	10.00000000	0.00000000	0.00000000
C1	c	0.18776407	0.55491819	0.01202594	0.00000000	8.00000000	0.02280262	0.00000000
C2	c	0.59536874	0.11128695	0.03532543	0.06000000	8.06000000	0.02693602	0.00000000
C3	c	0.65196094	0.20250055	0.12713045	0.12000000	8.12000000	0.02504069	0.00000000
C4	c	0.34548988	0.71601789	0.04742677	0.18000000	8.18000000	0.02185165	0.00000000
C5	c	0.14595251	0.91373625	0.07784259	0.24000000	8.24000000	0.01267050	0.00000000
C6	c	0.50730632	0.34771876	0.08630851	0.30000000	8.30000000	0.01885513	0.00000000
C7	c	0.56980691	0.65167085	0.11201655	0.36000000	8.36000000	0.02981567	0.00000000
C8	c	0.54809584	0.07082799	0.09084445	0.42000000	8.42000000	0.01416957	0.00000000
C9	c	0.15563858	0.04349670	0.01836621	0.48000000	8.48000000	0.02431034	0.00000000
C10	c	0.71626560	0.45519793	0.12460091	0.54000000	8.54000000	0.01687788	0.00000000
C11	c	0.53448926	0.31765142	0.06346001	0.60000000	8.60000000	0.01483743	0.00000000
C12	c	0.97359815	0.48287160	0.15971930	0.66000000	8.66000000	0.02595216	0.00000000
C13	c	0.43290921	0.49944889	0.05680864	0.72000000	8.72000000	0.01071465	0.00000000
C14	c	0.38020940	0.11899451	0.01396692	0.78000000	8.78000000	0.01327561	0.00000000
C15	c	0.72575285	0.66235978	0.15945159	0.84000000	8.84000000	0.01615689	0.00000000
C16	c	0.83949540	0.95632767	0.02802139	0.90000000	8.90000000	0.02883007	0.00000000
C17	c	0.94465987	0.87618824	0.08818757	0.96000000	8.96000000	0.02208410	0.00000000
C18	c	0.66581233	0.30212995	0.09303527	1.02000000	9.02000000	0.01814153	0.00000000
C19	c	0.90719225	0.23654418	0.11297611	1.08000000	9.08000000	0.02055367	0.00000000
C20	c	0.51381716	0.10064878	0.07083746	1.14000000	9.14000000	0.01356544	0.00000000
C21	c	0.87245597	0.67124681	0.14997341	1.20000000	9.20000000	0.01722488	0.00000000
C22	c	0.28770623	0.21870084	0.14065738	1.26000000	9.26000000	0.02129358	0.00000000
C23	c	0.25474508	0.01640226	0.14773502	1.32000000	9.32000000	0.02773450	0.00000000
C24	c	0.66526153	0.69224766	0.08728062	1.38000000	9.38000000	0.01014405	0.00000000
C25	c	0.31090251	0.35156895	0.11160035	1.44000000	9.44000000	0.02401069	0.00000000
C26	c	0.88622828	0.32738599	0.01517421	1.50000000	9.50000000	0.02616781	0.00000000
C27	c	0.20103645	0.27017268	0.15159321	1.56000000	9.56000000	0.01911781	0.00000000
C28	c	0.98282500	0.90094862	0.09737796	1.62000000	9.62000000	0.02198751	0.00000000
C29	c	0.86554547	0.42632276	0.05993320	1.68000000	9.68000000	0.02313344	0.00000000
C30	c	0.25007645	0.99177510	0.02260297	1.74000000	9.74000000	0.02331991	0.00000000
C31	c	0.45487861	0.09208404	0.11915506	1.80000000	9.80000000	0.01976129	0.00000000
C32	c	0.23306167	0.65958215	0.08157792	1.86000000	9.86000000	0.02061887	0.00000000
C33	c	0.56974540	0.79590169	0.15371272	1.92000000	9.92000000	0.01487214	0.00000000
C34	c	0.34307446	0.95412523	0.07493783	1.98000000	9.98000000	0.02336495	0.00000000
C35	c	0.50250405	0.59309564	0.08344593	2.00000000	10.00000000	0.02065718	0.00000000
C36	c	0.53873532	0.73384130	0.14784212	2.00000000	10.00000000	0.01759484	0.00000000
C37	c	0.27135164	0.63655617	0.04260565	2.00000000	10.00000000	0.01531556	0.00000000
C38	c	0.02164976	0.84737591	0.08794979	2.00000000	10.00000000	0.02918140	0.00000000
C39	c	0.90575831	0.38295914	0.05912720	2.00000000	10.00000000	0.02877444	0.00000000
C40	c	0.63043002	0.91254297	0.08157241	2.00000000	10.00000000	0.02738755	0.00000000
C41	c	0.36862531	0.16998835	0.09324758	2.00000000	10.00000000	0.01898169	0.00000000
C42	c	0.67578965	0.15518003	0.03777032	2.00000000	10.00000000	0.02477957	0.00000000
C43	c	0.17414760	0.68593922	0.01534210	2.00000000	10.00000000	0.01912852	0.00000000
C44	c	0.14322951	0.75770171	0.15702831	2.00000000	10.00000000	0.02821426	0.00000000
C45	c	0.13422655	0.29080947	0.13318035	2.00000000	10.00000000	0.02417049	0.00000000
C46	c	0.19763001	0.39818233	0.02760067	2.00000000	10.00000000	0.02833779	0.00000000
C47	c	0.70867042	0.89775739	0.15411294	2.00000000	10.00000000	0.01096600	0.00000000
C48	c	0.39093359	0.27669498	0.15480541	2.00000000	10.00000000	0.02736865	0.00000000
C49	c	0.43619584	0.99869448	0.11434858	2.00000000	10.00000000	0.01171835	0.00000000
C50	c	0.72920273	0.61380609	0.11835671	2.00000000	10.00000000	0.02100503	0.00000000

Q Vehicle fuel tank capacity /0.40000000/
C Vehicle load capacity /1.50000000/
r fuel consumption rate /0.25000000/
g inverse refueling rate /1.00000000/
v average Velocity /1.00000000/
