StringID	Type	x	y	demand	ReadyTime	DueDate	ServiceTime	altitude
D0	d	0.50000000	0.50000000	0.00000000	0.00000000	10.00000000	0.00000000	0.00000000
S0	f	0.78947176	0.27545240	0.00000000	0.00000000	10.00000000	0.00000000	0.00000000
S1	f	0.58235804	0.08912053	0.00000000	0.00000000	10.00000000	0.00000000	0.00000000
S2	f	0.65244098	0.94178991	0.00000000	0.00000000	10.00000000	0.00000000	0.00000000
S3	f	0.46779551	0.26328326	0.00000000	0.00000000	10.00000000	0.00000000	0.00000000
S4	f	0.81197121	0.85480345	0.00000000	0.00000000	10.00000000	0.00000000	0.00000000
S5	f	0.96759682	0.30693103	0.00000000	0.00000000	10.00000000	0.00000000	0.00000000
S6	f	0.61380729	0.14171694	0.00000000	0.00000000	10.00000000	0.00000000	0.00000000
S7	f	0.78871672	0.15201276	0.00000000	0.00000000	10.00000000	0.00000000	0.00000000
S8	f	0.91893071	0.85246961	0.00000000	0.00000000	10.00000000	0.00000000	0.00000000
S9	f	0.96011695	0.37435603	0.00000000	0.00000000	10.00000000	0.00000000	0.00000000
C1	c	0.71428089	0.28154882	0.05711684	0.00000000	8.00000000	0.01776893	0.00000000
C2	c	0.75474074	0.22467916	0.14338626	0.06000000	8.06000000	0.01054627	0.00000000
C3	c	0.75136293	0.24532688	0.04247249	0.12000000	8.12000000	0.02652189	0.00000000
C4	c	0.85455555	0.25370336	0.08698529	0.18000000	8.18000000	0.01034527	0.00000000
C5	c	0.72478184	0.30460105	0.13189692	0.24000000	8.24000000	0.02299783	0.00000000
C6	c	0.59354600	0.67813487	0.14491968	0.30000000	8.30000000	0.01570850	0.00000000
C7	c	0.66942756	0.71241840	0.05931785	0.36000000	8.36000000	0.01049343	0.00000000
C8	c	0.47890586	0.06244516	0.13930064	0.42000000	8.42000000	0.01961469	0.00000000
C9	c	0.42932324	0.07141664	0.05081438	0.48000000	8.48000000	0.01618993	0.00000000
C10	c	0.48754241	0.20195062	0.11787436	0.54000000	8.54000000	0.02754199	0.00000000
C11	c	0.56171619	0.25273953	0.12182757	0.60000000	8.60000000	0.02609984	0.00000000
C12	c	0.53278047	0.19229176	0.06280493	0.66000000	8.66000000	0.02493341	0.00000000
C13	c	0.49537813	0.15948838	0.06160865	0.72000000	8.72000000	0.01237659	0.00000000
C14	c	0.51524525	0.18194656	0.12677746	0.78000000	8.78000000	0.01286434	0.00000000
C15	c	0.85634311	0.54379189	0.13057541	0.84000000	8.84000000	0.02805293	0.00000000
C16	c	0.75537611	0.54015198	0.03568958	0.90000000	8.90000000	0.01270970	0.00000000
C17	c	0.79783262	0.57071119	0.14473992	0.96000000	8.96000000	0.01447344	0.00000000
C18	c	0.74892377	0.61703768	0.01765605	1.02000000	9.02000000	0.01436929	0.00000000
C19	c	0.63548114	0.58681377	0.16624032	1.08000000	9.08000000	0.01192185	0.00000000
C20	c	0.85418364	0.60681395	0.09075237	1.14000000	9.14000000	0.02903562	0.00000000
C21	c	0.81463729	0.58337244	0.10746345	1.20000000	9.20000000	0.02077076	0.00000000
C22	c	0.81914486	0.62959623	0.03503220	1.26000000	9.26000000	0.02160816	0.00000000
C23	c	0.86243118	0.36542222	0.10358065	1.32000000	9.32000000	0.02609585	0.00000000
C24	c	0.85562716	0.35695012	0.03313542	1.38000000	9.38000000	0.01957561	0.00000000
C25	c	0.81365473	0.31674546	0.11619449	1.44000000	9.44000000	0.02829163	0.00000000
C26	c	0.09048745	0.61845454	0.04133002	1.50000000	9.50000000	0.02259221	0.00000000
C27	c	0.86234305	0.20147586	0.11753590	1.56000000	9.56000000	0.02836811	0.00000000
C28	c	0.54582385	0.67618586	0.12460580	1.62000000	9.62000000	0.01960560	0.00000000
C29	c	0.73554794	0.82057161	0.01734194	1.68000000	9.68000000	0.01777480	0.00000000
C30	c	0.25534209	0.67045252	0.07972189	1.74000000	9.74000000	0.02231282	0.00000000
C31	c	0.32620864	0.34303323	0.13158250	1.80000000	9.80000000	0.01678274	0.00000000
C32	c	0.32121381	0.38483373	0.13205290	1.86000000	9.86000000	0.02541636	0.00000000
C33	c	0.34848840	0.97659926	0.02554635	1.92000000	9.92000000	0.01985796	0.00000000
C34	c	0.08950086	0.13026406	0.10884652	1.98000000	9.98000000	0.02402732	0.00000000
C35	c	0.38844657	0.02731341	0.14732610	2.00000000	10.00000000	0.02223619	0.00000000
C36	c	0.82609446	0.01726357	0.04305758	2.00000000	10.00000000	0.01037738	0.00000000
C37	c	0.64989137	0.28542501	0.09738719	2.00000000	10.00000000	0.01874486	0.00000000
C38	c	0.02467172	0.48073438	0.11795510	2.00000000	10.00000000	0.01378468	0.00000000
C39	c	0.30949643	0.87709937	0.12732097	2.00000000	10.00000000	0.01457603	0.00000000
C40	c	0.80499207	0.74667040	0.14073560	2.00000000	10.00000000	0.02757668	0.00000000
C41	c	0.90264640	0.13548491	0.05155634	2.00000000	10.00000000	0.02544446	0.00000000
C42	c	0.22367209	0.21846460	0.11705052	2.00000000	10.00000000	0.02940449	0.00000000
C43	c	0.09609261	0.95178096	0.06273733	2.00000000	10.00000000	0.02018741	0.00000000
C44	c	0.53853820	0.58040800	0.06539184	2.00000000	10.00000000	0.02448041	0.00000000
C45	c	0.80479231	0.47878069	0.06194927	2.00000000	10.00000000	0.02058416	0.00000000
C46	c	0.91458129	0.62961046	0.07198692	2.00000000	10.00000000	0.01994610	0.00000000
C47	c	0.91840538	0.48028002	0.06625253	2.00000000	10.00000000	0.01223948	0.00000000
C48	c	0.38874000	0.61564094	0.16535291	2.00000000	10.00000000	0.01057830	0.00000000
C49	c	0.33913691	0.77081783	0.02539069	2.00000000	10.00000000	0.01402473	0.00000000
C50	c	0.49289781	0.70136579	0.03182212	2.00000000	10.00000000	0.01055999	0.00000000

Q Vehicle fuel tank capacity /0.40000000/
C Vehicle load capacity /1.50000000/
r fuel consumption rate /0.25000000/
g inverse refueling rate /1.00000000/
v average Velocity /1.00000000/
