StringID	Type	x	y	demand	ReadyTime	DueDate	ServiceTime	altitude
D0	d	0.50000000	0.50000000	0.00000000	0.00000000	10.00000000	0.00000000	0.00000000
S0	f	0.83040532	0.32688622	0.00000000	0.00000000	10.00000000	0.00000000	0.00000000
S1	f	0.41201275	0.26771805	0.00000000	0.00000000	10.00000000	0.00000000	0.00000000
S2	f	0.31055132	0.25970203	0.00000000	0.00000000	10.00000000	0.00000000	0.00000000
S3	f	0.30921269	0.32558213	0.00000000	0.00000000	10.00000000	0.00000000	0.00000000
S4	f	0.57947168	0.09863928	0.00000000	0.00000000	10.00000000	0.00000000	0.00000000
S5	f	0.26806253	0.48221370	0.00000000	0.00000000	10.00000000	0.00000000	0.00000000
C1	c	0.61231127	0.39035445	0.24201815	0.00000000	8.00000000	0.01114540	0.00000000
C2	c	0.28493258	0.01411227	0.16371348	0.10000000	8.10000000	0.02949459	0.00000000
C3	c	0.77434968	0.81296124	0.09362333	0.20000000	8.20000000	0.01624659	0.00000000
C4	c	0.64322570	0.24169555	0.16898147	0.30000000	8.30000000	0.01956847	0.00000000
C5	c	0.07132024	0.78504727	0.19701222	0.40000000	8.40000000	0.01771507	0.00000000
C6	c	0.18575034	0.14736098	0.25275200	0.50000000	8.50000000	0.02600549	0.00000000
C7	c	0.23962340	0.11311007	0.26910680	0.60000000	8.60000000	0.01946983	0.00000000
C8	c	0.95133529	0.56538204	0.15741960	0.70000000	8.70000000	0.02854130	0.00000000
C9	c	0.36010629	0.42042332	0.15748894	0.80000000	8.80000000	0.01921648	0.00000000
C10	c	0.97916944	0.02422115	0.12617906	0.90000000	8.90000000	0.01314024	0.00000000
C11	c	0.62676302	0.76920581	0.03808643	1.00000000	9.00000000	0.01067131	0.00000000
C12	c	0.84850496	0.97165701	0.05856669	1.10000000	9.10000000	0.02046995	0.00000000
C13	c	0.60822259	0.26328984	0.10282714	1.20000000	9.20000000	0.01682684	0.00000000
C14	c	0.05432132	0.22985948	0.23456565	1.30000000	9.30000000	0.02987208	0.00000000
C15	c	0.26860731	0.07237701	0.06199510	1.40000000	9.40000000	0.01444938	0.00000000
C16	c	0.04279942	0.86202444	0.03437269	1.50000000	9.50000000	0.02103930	0.00000000
C17	c	0.21543805	0.71494673	0.27467675	1.60000000	9.60000000	0.02252405	0.00000000
C18	c	0.58065631	0.69900167	0.15702264	1.70000000	9.70000000	0.02939374	0.00000000
C19	c	0.84331805	0.89159246	0.19140587	1.80000000	9.80000000	0.01119652	0.00000000
C20	c	0.83040532	0.32688622	0.11611789	1.90000000	9.90000000	0.01210097	0.00000000
C21	c	0.43589099	0.19199071	0.16527499	2.00000000	10.00000000	0.01082642	0.00000000
C22	c	0.57707927	0.78587926	0.12426574	2.00000000	10.00000000	0.02919141	0.00000000
C23	c	0.71770156	0.05892033	0.11188766	2.00000000	10.00000000	0.02443526	0.00000000
C24	c	0.77522355	0.46690366	0.16145484	2.00000000	10.00000000	0.02919365	0.00000000
C25	c	0.51898782	0.82439167	0.12490361	2.00000000	10.00000000	0.02243604	0.00000000
C26	c	0.58055781	0.49508562	0.04363409	2.00000000	10.00000000	0.02678238	0.00000000
C27	c	0.60530449	0.56336874	0.13435187	2.00000000	10.00000000	0.01154531	0.00000000
C28	c	0.19325671	0.03140235	0.19336701	2.00000000	10.00000000	0.02451878	0.00000000
C29	c	0.36194616	0.22217088	0.19007548	2.00000000	10.00000000	0.01701282	0.00000000
C30	c	0.03761019	0.92928135	0.15285279	2.00000000	10.00000000	0.02537427	0.00000000

Q Vehicle fuel tank capacity /0.40000000/
C Vehicle load capacity /1.50000000/
r fuel consumption rate /0.25000000/
g inverse refueling rate /1.00000000/
v average Velocity /1.00000000/
