StringID	Type	x	y	demand	ReadyTime	DueDate	ServiceTime	altitude
D0	d	0.50000000	0.50000000	0.00000000	0.00000000	10.00000000	0.00000000	0.00000000
S0	f	0.30868710	0.20770234	0.00000000	0.00000000	10.00000000	0.00000000	0.00000000
S1	f	0.33104016	0.39646077	0.00000000	0.00000000	10.00000000	0.00000000	0.00000000
S2	f	0.34494404	0.30096630	0.00000000	0.00000000	10.00000000	0.00000000	0.00000000
S3	f	0.40142460	0.56775895	0.00000000	0.00000000	10.00000000	0.00000000	0.00000000
S4	f	0.52265184	0.17926257	0.00000000	0.00000000	10.00000000	0.00000000	0.00000000
S5	f	0.86783507	0.83486432	0.00000000	0.00000000	10.00000000	0.00000000	0.00000000
S6	f	0.09889883	0.80052992	0.00000000	0.00000000	10.00000000	0.00000000	0.00000000
S7	f	0.67585245	0.16217498	0.00000000	0.00000000	10.00000000	0.00000000	0.00000000
S8	f	0.98998036	0.57047909	0.00000000	0.00000000	10.00000000	0.00000000	0.00000000
S9	f	0.02059096	0.97385818	0.00000000	0.00000000	10.00000000	0.00000000	0.00000000
C1	c	0.51581062	0.71898399	0.02965666	0.00000000	8.00000000	0.01606341	0.00000000
C2	c	0.93048174	0.68866137	0.04226991	0.06000000	8.06000000	0.02477962	0.00000000
C3	c	0.15476557	0.43166345	0.11325211	0.12000000	8.12000000	0.02757888	0.00000000
C4	c	0.87910382	0.77118650	0.06937790	0.18000000	8.18000000	0.02229351	0.00000000
C5	c	0.49769783	0.61295065	0.01383461	0.24000000	8.24000000	0.02485916	0.00000000
C6	c	0.37522168	0.18082918	0.01336787	0.30000000	8.30000000	0.01489822	0.00000000
C7	c	0.92109478	0.84545111	0.16900281	0.36000000	8.36000000	0.02766030	0.00000000
C8	c	0.72773952	0.81288733	0.13345296	0.42000000	8.42000000	0.02402466	0.00000000
C9	c	0.30383974	0.67786161	0.04443950	0.48000000	8.48000000	0.01942769	0.00000000
C10	c	0.25407217	0.80541306	0.07515728	0.54000000	8.54000000	0.01747481	0.00000000
C11	c	0.48644806	0.68290069	0.01916115	0.60000000	8.60000000	0.02283850	0.00000000
C12	c	0.30289856	0.87220007	0.08264455	0.66000000	8.66000000	0.02337404	0.00000000
C13	c	0.76627957	0.47903766	0.01299852	0.72000000	8.72000000	0.02853465	0.00000000
C14	c	0.60450376	0.45844802	0.18702816	0.78000000	8.78000000	0.02603466	0.00000000
C15	c	0.32177065	0.94131985	0.05464949	0.84000000	8.84000000	0.02219546	0.00000000
C16	c	0.39199102	0.23138780	0.03240343	0.90000000	8.90000000	0.01276160	0.00000000
C17	c	0.13346556	0.12334644	0.16805096	0.96000000	8.96000000	0.02596498	0.00000000
C18	c	0.72563794	0.66621098	0.02021986	1.02000000	9.02000000	0.01752197	0.00000000
C19	c	0.30868710	0.20770234	0.14056248	1.08000000	9.08000000	0.01069821	0.00000000
C20	c	0.00362399	0.51999801	0.17040834	1.14000000	9.14000000	0.02862781	0.00000000
C21	c	0.90806381	0.17957870	0.13470848	1.20000000	9.20000000	0.01741672	0.00000000
C22	c	0.05094536	0.42293376	0.01875154	1.26000000	9.26000000	0.02797054	0.00000000
C23	c	0.71309994	0.30321986	0.04927842	1.32000000	9.32000000	0.02509465	0.00000000
C24	c	0.44090451	0.98917759	0.10719629	1.38000000	9.38000000	0.02035003	0.00000000
C25	c	0.54645087	0.44382813	0.04401743	1.44000000	9.44000000	0.02847727	0.00000000
C26	c	0.82680124	0.49939825	0.16777133	1.50000000	9.50000000	0.01667239	0.00000000
C27	c	0.05136013	0.17732177	0.04099278	1.56000000	9.56000000	0.02578358	0.00000000
C28	c	0.33226002	0.59241599	0.15252318	1.62000000	9.62000000	0.01937376	0.00000000
C29	c	0.82564331	0.31243966	0.17199267	1.68000000	9.68000000	0.02309796	0.00000000
C30	c	0.08458123	0.32181929	0.13597905	1.74000000	9.74000000	0.01710121	0.00000000
C31	c	0.72082645	0.06328985	0.17739397	1.80000000	9.80000000	0.02749711	0.00000000
C32	c	0.92199127	0.30952718	0.08187122	1.86000000	9.86000000	0.01303200	0.00000000
C33	c	0.54283207	0.32309109	0.16785789	1.92000000	9.92000000	0.02575753	0.00000000
C34	c	0.45692574	0.31298763	0.17671510	1.98000000	9.98000000	0.02695884	0.00000000
C35	c	0.33104016	0.39646077	0.16999581	2.00000000	10.00000000	0.02284808	0.00000000
C36	c	0.70227290	0.57876838	0.17214492	2.00000000	10.00000000	0.02701421	0.00000000
C37	c	0.62436912	0.03379823	0.17042759	2.00000000	10.00000000	0.01959394	0.00000000
C38	c	0.65210901	0.79254012	0.02705091	2.00000000	10.00000000	0.01965694	0.00000000
C39	c	0.21173080	0.95889715	0.13795218	2.00000000	10.00000000	0.02970054	0.00000000
C40	c	0.54055269	0.80228096	0.06789791	2.00000000	10.00000000	0.02127295	0.00000000
C41	c	0.39170551	0.51294508	0.03738994	2.00000000	10.00000000	0.01048668	0.00000000
C42	c	0.53808192	0.55914345	0.06756206	2.00000000	10.00000000	0.02866226	0.00000000
C43	c	0.14564052	0.86733267	0.07253541	2.00000000	10.00000000	0.01147855	0.00000000
C44	c	0.79984104	0.01844597	0.04772758	2.00000000	10.00000000	0.01046080	0.00000000
C45	c	0.02093199	0.75226147	0.06089974	2.00000000	10.00000000	0.01952636	0.00000000
C46	c	0.94274012	0.12626405	0.02853371	2.00000000	10.00000000	0.02324333	0.00000000
C47	c	0.00119419	0.56076833	0.03856932	2.00000000	10.00000000	0.02097778	0.00000000
C48	c	0.59283298	0.66149222	0.02216541	2.00000000	10.00000000	0.02333389	0.00000000
C49	c	0.59871290	0.51380420	0.03686858	2.00000000	10.00000000	0.02605610	0.00000000
C50	c	0.79672380	0.17096642	0.12329102	2.00000000	10.00000000	0.02491178	0.00000000

Q Vehicle fuel tank capacity /0.40000000/
C Vehicle load capacity /1.50000000/
r fuel consumption rate /0.25000000/
g inverse refueling rate /1.00000000/
v average Velocity /1.00000000/
