StringID	Type	x	y	demand	ReadyTime	DueDate	ServiceTime	altitude
D0	d	0.50000000	0.50000000	0.00000000	0.00000000	10.00000000	0.00000000	0.00000000
S0	f	0.47514991	0.17792186	0.00000000	0.00000000	10.00000000	0.00000000	0.00000000
S1	f	0.79200451	0.31759142	0.00000000	0.00000000	10.00000000	0.00000000	0.00000000
S2	f	0.02115697	0.76263864	0.00000000	0.00000000	10.00000000	0.00000000	0.00000000
S3	f	0.48941853	0.85737538	0.00000000	0.00000000	10.00000000	0.00000000	0.00000000
S4	f	0.29768124	0.14472845	0.00000000	0.00000000	10.00000000	0.00000000	0.00000000
S5	f	0.67246492	0.31763892	0.00000000	0.00000000	10.00000000	0.00000000	0.00000000
C1	c	0.82169581	0.02389844	0.12527041	0.00000000	8.00000000	0.01252904	0.00000000
C2	c	0.86384931	0.14580164	0.09699457	0.10000000	8.10000000	0.02608182	0.00000000
C3	c	0.84851681	0.03124233	0.17346960	0.20000000	8.20000000	0.02650438	0.00000000
C4	c	0.80939196	0.03061316	0.14860237	0.30000000	8.30000000	0.01871258	0.00000000
C5	c	0.78166676	0.00000000	0.18758334	0.40000000	8.40000000	0.02566789	0.00000000
C6	c	0.80214918	0.00000000	0.09075384	0.50000000	8.50000000	0.01966380	0.00000000
C7	c	0.40260936	0.63617715	0.04542418	0.60000000	8.60000000	0.01591918	0.00000000
C8	c	0.25919863	0.73085425	0.02601159	0.70000000	8.70000000	0.02736128	0.00000000
C9	c	0.34606124	0.70278669	0.16939198	0.80000000	8.80000000	0.01599504	0.00000000
C10	c	0.40265292	0.75079523	0.13944777	0.90000000	8.90000000	0.01864431	0.00000000
C11	c	0.45404023	0.24031137	0.24671198	1.00000000	9.00000000	0.02532653	0.00000000
C12	c	0.51703278	0.24605316	0.21110823	1.10000000	9.10000000	0.02988154	0.00000000
C13	c	0.42655361	0.27068820	0.24003289	1.20000000	9.20000000	0.01433302	0.00000000
C14	c	0.45480291	0.21384319	0.18839009	1.30000000	9.30000000	0.01616030	0.00000000
C15	c	0.56025977	0.09360643	0.25067609	1.40000000	9.40000000	0.02643011	0.00000000
C16	c	0.91751081	0.10613262	0.07275696	1.50000000	9.50000000	0.02228044	0.00000000
C17	c	0.62040333	0.99806626	0.03072143	1.60000000	9.60000000	0.01531342	0.00000000
C18	c	0.80641772	0.61543370	0.16267848	1.70000000	9.70000000	0.01444406	0.00000000
C19	c	0.67512425	0.78928971	0.20905755	1.80000000	9.80000000	0.01248407	0.00000000
C20	c	0.12645179	0.80409100	0.09595799	1.90000000	9.90000000	0.02523421	0.00000000
C21	c	0.82521884	0.43562888	0.04504667	2.00000000	10.00000000	0.01910766	0.00000000
C22	c	0.78339434	0.48318983	0.06423183	2.00000000	10.00000000	0.01370505	0.00000000
C23	c	0.29595910	0.86806395	0.23989513	2.00000000	10.00000000	0.01551759	0.00000000
C24	c	0.29975214	0.43221538	0.04307247	2.00000000	10.00000000	0.01030423	0.00000000
C25	c	0.76632644	0.99407685	0.16782333	2.00000000	10.00000000	0.01313909	0.00000000
C26	c	0.21665081	0.30801484	0.25943613	2.00000000	10.00000000	0.01209380	0.00000000
C27	c	0.26567079	0.22220316	0.21294637	2.00000000	10.00000000	0.01875778	0.00000000
C28	c	0.12420330	0.76171041	0.16661781	2.00000000	10.00000000	0.02481304	0.00000000
C29	c	0.27587962	0.01521171	0.18109743	2.00000000	10.00000000	0.02515725	0.00000000
C30	c	0.15695455	0.10468988	0.20879149	2.00000000	10.00000000	0.01583713	0.00000000

Q Vehicle fuel tank capacity /0.40000000/
C Vehicle load capacity /1.50000000/
r fuel consumption rate /0.25000000/
g inverse refueling rate /1.00000000/
v average Velocity /1.00000000/
