StringID	Type	x	y	demand	ReadyTime	DueDate	ServiceTime	altitude
D0	d	0.50000000	0.50000000	0.00000000	0.00000000	10.00000000	0.00000000	0.00000000
S0	f	0.41535388	0.80421539	0.00000000	0.00000000	10.00000000	0.00000000	0.00000000
S1	f	0.07650683	0.17467877	0.00000000	0.00000000	10.00000000	0.00000000	0.00000000
S2	f	0.85165889	0.78590007	0.00000000	0.00000000	10.00000000	0.00000000	0.00000000
S3	f	0.16736403	0.98286778	0.00000000	0.00000000	10.00000000	0.00000000	0.00000000
S4	f	0.10596208	0.85358877	0.00000000	0.00000000	10.00000000	0.00000000	0.00000000
S5	f	0.43605978	0.72223482	0.00000000	0.00000000	10.00000000	0.00000000	0.00000000
C1	c	0.49375372	0.81827035	0.25062405	0.00000000	8.00000000	0.01898427	0.00000000
C2	c	0.44218051	0.87957391	0.13553113	0.10000000	8.10000000	0.01177149	0.00000000
C3	c	0.92396455	0.76601724	0.07125090	0.20000000	8.20000000	0.01825446	0.00000000
C4	c	0.93187495	0.80901333	0.03821205	0.30000000	8.30000000	0.01126521	0.00000000
C5	c	0.90147197	0.89368354	0.20792459	0.40000000	8.40000000	0.02655313	0.00000000
C6	c	0.99174292	0.82927430	0.12688778	0.50000000	8.50000000	0.02883220	0.00000000
C7	c	1.00000000	0.72212812	0.14084902	0.60000000	8.60000000	0.02251426	0.00000000
C8	c	0.50494134	0.16117539	0.26295298	0.70000000	8.70000000	0.01132394	0.00000000
C9	c	0.46766548	0.04088161	0.15893591	0.80000000	8.80000000	0.02992092	0.00000000
C10	c	0.53421638	0.12005423	0.24930469	0.90000000	8.90000000	0.01777569	0.00000000
C11	c	0.48755646	0.10197996	0.02614113	1.00000000	9.00000000	0.01169039	0.00000000
C12	c	0.52202391	0.14484700	0.12533015	1.10000000	9.10000000	0.01508078	0.00000000
C13	c	0.54655645	0.10415197	0.18175487	1.20000000	9.20000000	0.02833910	0.00000000
C14	c	0.54073983	0.09912904	0.20901067	1.30000000	9.30000000	0.01414051	0.00000000
C15	c	0.51751408	0.13321350	0.16106822	1.40000000	9.40000000	0.01560453	0.00000000
C16	c	0.50389485	0.42244171	0.19205288	1.50000000	9.50000000	0.01745075	0.00000000
C17	c	0.45687044	0.55566716	0.19345786	1.60000000	9.60000000	0.02846637	0.00000000
C18	c	0.72672909	0.07687369	0.24749782	1.70000000	9.70000000	0.01764894	0.00000000
C19	c	0.07428476	0.33188342	0.05355206	1.80000000	9.80000000	0.02279539	0.00000000
C20	c	0.44921372	0.08857468	0.08415012	1.90000000	9.90000000	0.01016809	0.00000000
C21	c	0.41272306	0.06326068	0.14413800	2.00000000	10.00000000	0.02691630	0.00000000
C22	c	0.82765635	0.94161003	0.12373123	2.00000000	10.00000000	0.01847916	0.00000000
C23	c	0.62571308	0.06619704	0.13235679	2.00000000	10.00000000	0.01707263	0.00000000
C24	c	0.99604580	0.38878445	0.15710872	2.00000000	10.00000000	0.02102000	0.00000000
C25	c	0.08451930	0.25403904	0.19996553	2.00000000	10.00000000	0.02379144	0.00000000
C26	c	0.91695509	0.20702572	0.03715474	2.00000000	10.00000000	0.02107048	0.00000000
C27	c	0.28022661	0.37253765	0.24809732	2.00000000	10.00000000	0.01818377	0.00000000
C28	c	0.92331867	0.38244709	0.20340933	2.00000000	10.00000000	0.02112716	0.00000000
C29	c	0.63976933	0.00840458	0.03650613	2.00000000	10.00000000	0.02747700	0.00000000
C30	c	0.84581482	0.42395792	0.10104331	2.00000000	10.00000000	0.01838798	0.00000000

Q Vehicle fuel tank capacity /0.40000000/
C Vehicle load capacity /1.50000000/
r fuel consumption rate /0.25000000/
g inverse refueling rate /1.00000000/
v average Velocity /1.00000000/
