StringID	Type	x	y	demand	ReadyTime	DueDate	ServiceTime	altitude
D0	d	0.50000000	0.50000000	0.00000000	0.00000000	10.00000000	0.00000000	0.00000000
S0	f	0.30878524	0.04748312	0.00000000	0.00000000	10.00000000	0.00000000	0.00000000
S1	f	0.69991464	0.98202742	0.00000000	0.00000000	10.00000000	0.00000000	0.00000000
S2	f	0.64134203	0.10085926	0.00000000	0.00000000	10.00000000	0.00000000	0.00000000
S3	f	0.74786078	0.13657989	0.00000000	0.00000000	10.00000000	0.00000000	0.00000000
S4	f	0.97319012	0.70105662	0.00000000	0.00000000	10.00000000	0.00000000	0.00000000
S5	f	0.59906602	0.60456863	0.00000000	0.00000000	10.00000000	0.00000000	0.00000000
C1	c	0.61052387	0.44522689	0.06933685	0.00000000	8.00000000	0.01149175	0.00000000
C2	c	0.64262736	0.42759678	0.16432684	0.10000000	8.10000000	0.01017529	0.00000000
C3	c	0.54492807	0.36689195	0.19189929	0.20000000	8.20000000	0.02101522	0.00000000
C4	c	0.69122082	0.45273881	0.12766186	0.30000000	8.30000000	0.02410710	0.00000000
C5	c	0.58702853	0.51249333	0.24421901	0.40000000	8.40000000	0.02180179	0.00000000
C6	c	0.55368097	0.50663494	0.26154887	0.50000000	8.50000000	0.02354175	0.00000000
C7	c	0.39734782	0.07343347	0.26701148	0.60000000	8.60000000	0.01528949	0.00000000
C8	c	0.30907799	0.00000000	0.23748327	0.70000000	8.70000000	0.01664372	0.00000000
C9	c	0.26279983	0.04695322	0.04071165	0.80000000	8.80000000	0.01626583	0.00000000
C10	c	0.36405460	0.00000000	0.16814426	0.90000000	8.90000000	0.02601791	0.00000000
C11	c	0.30303067	0.12072863	0.04958159	1.00000000	9.00000000	0.01748707	0.00000000
C12	c	0.28281887	0.09129858	0.25975476	1.10000000	9.10000000	0.01338310	0.00000000
C13	c	0.37408676	0.03325095	0.10452528	1.20000000	9.20000000	0.02203620	0.00000000
C14	c	0.22096254	0.05023150	0.05156684	1.30000000	9.30000000	0.01165233	0.00000000
C15	c	0.15882007	0.39187640	0.04769775	1.40000000	9.40000000	0.02289056	0.00000000
C16	c	0.84556800	0.11763968	0.24771004	1.50000000	9.50000000	0.02135714	0.00000000
C17	c	0.50561153	0.54824409	0.21597925	1.60000000	9.60000000	0.02949533	0.00000000
C18	c	0.56029815	0.62738447	0.16400256	1.70000000	9.70000000	0.01185110	0.00000000
C19	c	0.05694720	0.07458774	0.02060331	1.80000000	9.80000000	0.02130419	0.00000000
C20	c	0.00876437	0.55076108	0.17277128	1.90000000	9.90000000	0.01734997	0.00000000
C21	c	0.70535513	0.59008969	0.23856515	2.00000000	10.00000000	0.02737056	0.00000000
C22	c	0.67708749	0.26447452	0.12799458	2.00000000	10.00000000	0.02744548	0.00000000
C23	c	0.33218623	0.31329161	0.08340764	2.00000000	10.00000000	0.02049563	0.00000000
C24	c	0.80089565	0.37435359	0.22999833	2.00000000	10.00000000	0.01482255	0.00000000
C25	c	0.16915485	0.60181019	0.04742153	2.00000000	10.00000000	0.01743446	0.00000000
C26	c	0.08261669	0.64452801	0.14473147	2.00000000	10.00000000	0.02555883	0.00000000
C27	c	0.56785714	0.97476666	0.15542444	2.00000000	10.00000000	0.02448549	0.00000000
C28	c	0.09255481	0.56520927	0.15844780	2.00000000	10.00000000	0.01261905	0.00000000
C29	c	0.36749846	0.86852788	0.17527419	2.00000000	10.00000000	0.02340356	0.00000000
C30	c	0.87227385	0.52478136	0.03219883	2.00000000	10.00000000	0.01551829	0.00000000

Q Vehicle fuel tank capacity /0.40000000/
C Vehicle load capacity /1.50000000/
r fuel consumption rate /0.25000000/
g inverse refueling rate /1.00000000/
v average Velocity /1.00000000/
