StringID	Type	x	y	demand	ReadyTime	DueDate	ServiceTime	altitude
D0	d	0.50000000	0.50000000	0.00000000	0.00000000	10.00000000	0.00000000	0.00000000
S0	f	0.52431869	0.52890028	0.00000000	0.00000000	10.00000000	0.00000000	0.00000000
S1	f	0.34208759	0.96935630	0.00000000	0.00000000	10.00000000	0.00000000	0.00000000
S2	f	0.57456714	0.50887974	0.00000000	0.00000000	10.00000000	0.00000000	0.00000000
S3	f	0.95868512	0.48869093	0.00000000	0.00000000	10.00000000	0.00000000	0.00000000
S4	f	0.55841323	0.15051925	0.00000000	0.00000000	10.00000000	0.00000000	0.00000000
S5	f	0.44912500	0.52654481	0.00000000	0.00000000	10.00000000	0.00000000	0.00000000
S6	f	0.45733411	0.75544567	0.00000000	0.00000000	10.00000000	0.00000000	0.00000000
S7	f	0.26543662	0.29548112	0.00000000	0.00000000	10.00000000	0.00000000	0.00000000
S8	f	0.70117682	0.39515652	0.00000000	0.00000000	10.00000000	0.00000000	0.00000000
S9	f	0.49109336	0.42455217	0.00000000	0.00000000	10.00000000	0.00000000	0.00000000
C1	c	0.53264179	0.04833979	0.09374188	0.00000000	8.00000000	0.02723375	0.00000000
C2	c	0.01511924	0.80724072	0.15312261	0.06000000	8.06000000	0.02725359	0.00000000
C3	c	0.74435223	0.65969050	0.12185187	0.12000000	8.12000000	0.01336816	0.00000000
C4	c	0.78027132	0.15386220	0.01765588	0.18000000	8.18000000	0.01882050	0.00000000
C5	c	0.18382972	0.87462844	0.15496666	0.24000000	8.24000000	0.02865303	0.00000000
C6	c	0.65392615	0.07612863	0.10477497	0.30000000	8.30000000	0.02966930	0.00000000
C7	c	0.28053014	0.78037920	0.06678726	0.36000000	8.36000000	0.01814038	0.00000000
C8	c	0.27042573	0.42214984	0.13709125	0.42000000	8.42000000	0.01336078	0.00000000
C9	c	0.08971921	0.24737467	0.05966652	0.48000000	8.48000000	0.02368238	0.00000000
C10	c	0.13076322	0.16755822	0.13158833	0.54000000	8.54000000	0.01484518	0.00000000
C11	c	0.33244182	0.25255100	0.15664568	0.60000000	8.60000000	0.01261531	0.00000000
C12	c	0.03196784	0.72525690	0.11994845	0.66000000	8.66000000	0.02330302	0.00000000
C13	c	0.32676767	0.77789557	0.12775771	0.72000000	8.72000000	0.01371319	0.00000000
C14	c	0.65138744	0.98418862	0.15057286	0.78000000	8.78000000	0.01385024	0.00000000
C15	c	0.68135747	0.51717729	0.05988284	0.84000000	8.84000000	0.01534718	0.00000000
C16	c	0.33114839	0.88591191	0.13659141	0.90000000	8.90000000	0.02306284	0.00000000
C17	c	0.34179486	0.16504175	0.01597605	0.96000000	8.96000000	0.02103920	0.00000000
C18	c	0.28867964	0.07654630	0.08294937	1.02000000	9.02000000	0.01544219	0.00000000
C19	c	0.17146069	0.26079154	0.09559533	1.08000000	9.08000000	0.01109167	0.00000000
C20	c	0.30289812	0.39319144	0.05156798	1.14000000	9.14000000	0.01656836	0.00000000
C21	c	0.90059661	0.64585058	0.13099775	1.20000000	9.20000000	0.02914183	0.00000000
C22	c	0.90601086	0.04447828	0.08118033	1.26000000	9.26000000	0.01765634	0.00000000
C23	c	0.53937706	0.57729079	0.04715194	1.32000000	9.32000000	0.02220227	0.00000000
C24	c	0.08925878	0.06393869	0.13406978	1.38000000	9.38000000	0.02189444	0.00000000
C25	c	0.54314991	0.98299753	0.02404723	1.44000000	9.44000000	0.02709379	0.00000000
C26	c	0.09444294	0.84266558	0.06261427	1.50000000	9.50000000	0.01488287	0.00000000
C27	c	0.89945879	0.91760281	0.04894320	1.56000000	9.56000000	0.02851075	0.00000000
C28	c	0.89209320	0.21621087	0.07370960	1.62000000	9.62000000	0.01835908	0.00000000
C29	c	0.66324946	0.56680588	0.04312631	1.68000000	9.68000000	0.01497179	0.00000000
C30	c	0.02061796	0.63129896	0.09544367	1.74000000	9.74000000	0.02070319	0.00000000
C31	c	0.52619588	0.74570523	0.15991328	1.80000000	9.80000000	0.02170963	0.00000000
C32	c	0.70470439	0.86829600	0.07595924	1.86000000	9.86000000	0.02768910	0.00000000
C33	c	0.52464347	0.39824700	0.02901567	1.92000000	9.92000000	0.01900978	0.00000000
C34	c	0.98347669	0.95886564	0.07487628	1.98000000	9.98000000	0.02762214	0.00000000
C35	c	0.34208759	0.96935630	0.09042011	2.00000000	10.00000000	0.01617778	0.00000000
C36	c	0.79744403	0.45629761	0.07239296	2.00000000	10.00000000	0.01379981	0.00000000
C37	c	0.91462099	0.40827516	0.03916138	2.00000000	10.00000000	0.01592087	0.00000000
C38	c	0.41470214	0.18238842	0.07658008	2.00000000	10.00000000	0.02640981	0.00000000
C39	c	0.92059521	0.86813091	0.15161003	2.00000000	10.00000000	0.02895062	0.00000000
C40	c	0.66546512	0.42783011	0.08522861	2.00000000	10.00000000	0.01215679	0.00000000
C41	c	0.37757920	0.61966247	0.12802714	2.00000000	10.00000000	0.01880056	0.00000000
C42	c	0.65280862	0.12978556	0.08016228	2.00000000	10.00000000	0.01804372	0.00000000
C43	c	0.28663485	0.89066662	0.01874609	2.00000000	10.00000000	0.01665907	0.00000000
C44	c	0.39213359	0.98348857	0.05763690	2.00000000	10.00000000	0.02714791	0.00000000
C45	c	0.02230166	0.20810271	0.15254361	2.00000000	10.00000000	0.02220730	0.00000000
C46	c	0.49343460	0.14675078	0.06435796	2.00000000	10.00000000	0.01350703	0.00000000
C47	c	0.85162708	0.13558534	0.10990298	2.00000000	10.00000000	0.02519802	0.00000000
C48	c	0.39170610	0.83268148	0.13719567	2.00000000	10.00000000	0.02026530	0.00000000
C49	c	0.82786508	0.21255660	0.09330596	2.00000000	10.00000000	0.02747040	0.00000000
C50	c	0.52015102	0.94436419	0.02294479	2.00000000	10.00000000	0.01591107	0.00000000

Q Vehicle fuel tank capacity /0.40000000/
C Vehicle load capacity /1.50000000/
r fuel consumption rate /0.25000000/
g inverse refueling rate /1.00000000/
v average Velocity /1.00000000/
