StringID	Type	x	y	demand	ReadyTime	DueDate	ServiceTime	altitude
D0	d	0.50000000	0.50000000	0.00000000	0.00000000	10.00000000	0.00000000	0.00000000
S0	f	0.11115207	0.96385523	0.00000000	0.00000000	10.00000000	0.00000000	0.00000000
S1	f	0.29458744	0.02455225	0.00000000	0.00000000	10.00000000	0.00000000	0.00000000
S2	f	0.19282166	0.63814832	0.00000000	0.00000000	10.00000000	0.00000000	0.00000000
S3	f	0.45479889	0.81774066	0.00000000	0.00000000	10.00000000	0.00000000	0.00000000
S4	f	0.40804687	0.91281699	0.00000000	0.00000000	10.00000000	0.00000000	0.00000000
S5	f	0.36440289	0.70987849	0.00000000	0.00000000	10.00000000	0.00000000	0.00000000
S6	f	0.85122450	0.24972480	0.00000000	0.00000000	10.00000000	0.00000000	0.00000000
S7	f	0.46358425	0.76583074	0.00000000	0.00000000	10.00000000	0.00000000	0.00000000
S8	f	0.27234033	0.95652836	0.00000000	0.00000000	10.00000000	0.00000000	0.00000000
S9	f	0.38338447	0.97751203	0.00000000	0.00000000	10.00000000	0.00000000	0.00000000
C1	c	0.89967307	0.52463859	0.07544916	0.00000000	8.00000000	0.02435918	0.00000000
C2	c	0.76825057	0.39513396	0.05014246	0.06000000	8.06000000	0.01542468	0.00000000
C3	c	0.20344637	0.24501247	0.07972798	0.12000000	8.12000000	0.01866215	0.00000000
C4	c	0.07002544	0.16332995	0.04537284	0.18000000	8.18000000	0.01701436	0.00000000
C5	c	0.27716532	0.22055045	0.15347047	0.24000000	8.24000000	0.01088410	0.00000000
C6	c	0.14286504	0.78425381	0.03677617	0.30000000	8.30000000	0.02961861	0.00000000
C7	c	0.54807933	0.27979143	0.07335342	0.36000000	8.36000000	0.01786899	0.00000000
C8	c	0.60998967	0.91575586	0.02380553	0.42000000	8.42000000	0.02936410	0.00000000
C9	c	0.08846691	0.95452861	0.07322210	0.48000000	8.48000000	0.01568383	0.00000000
C10	c	0.49200394	0.89499242	0.06328040	0.54000000	8.54000000	0.02675824	0.00000000
C11	c	0.83384190	0.76718833	0.09339486	0.60000000	8.60000000	0.01630644	0.00000000
C12	c	0.01893803	0.94314278	0.14848359	0.66000000	8.66000000	0.01898527	0.00000000
C13	c	0.50395965	0.82623902	0.15661734	0.72000000	8.72000000	0.02995209	0.00000000
C14	c	0.39054017	0.86840115	0.05914908	0.78000000	8.78000000	0.02763862	0.00000000
C15	c	0.61149590	0.12471043	0.02574649	0.84000000	8.84000000	0.01561726	0.00000000
C16	c	0.79666279	0.00787290	0.14822705	0.90000000	8.90000000	0.02885911	0.00000000
C17	c	0.13813675	0.35823630	0.02544672	0.96000000	8.96000000	0.02846085	0.00000000
C18	c	0.31274707	0.68076019	0.09431763	1.02000000	9.02000000	0.01157934	0.00000000
C19	c	0.13975688	0.54440629	0.13341003	1.08000000	9.08000000	0.02408878	0.00000000
C20	c	0.66042350	0.91660520	0.11989637	1.14000000	9.14000000	0.01409365	0.00000000
C21	c	0.41130026	0.55177740	0.04198623	1.20000000	9.20000000	0.02713143	0.00000000
C22	c	0.65797695	0.36581216	0.08559363	1.26000000	9.26000000	0.01387103	0.00000000
C23	c	0.06947434	0.50411253	0.12035100	1.32000000	9.32000000	0.01880809	0.00000000
C24	c	0.00853112	0.13488886	0.07379249	1.38000000	9.38000000	0.02523167	0.00000000
C25	c	0.22030692	0.11147754	0.14752463	1.44000000	9.44000000	0.02045553	0.00000000
C26	c	0.00984550	0.46955684	0.01620203	1.50000000	9.50000000	0.02569946	0.00000000
C27	c	0.58844104	0.39109191	0.06804446	1.56000000	9.56000000	0.01748141	0.00000000
C28	c	0.17932549	0.71364762	0.15078778	1.62000000	9.62000000	0.02985541	0.00000000
C29	c	0.04616333	0.98170054	0.12712287	1.68000000	9.68000000	0.01932588	0.00000000
C30	c	0.67290809	0.41861821	0.08299476	1.74000000	9.74000000	0.01904542	0.00000000
C31	c	0.76581131	0.73874602	0.10176801	1.80000000	9.80000000	0.01389704	0.00000000
C32	c	0.48337558	0.99938178	0.14786706	1.86000000	9.86000000	0.02728294	0.00000000
C33	c	0.69231810	0.23512373	0.14293105	1.92000000	9.92000000	0.02931132	0.00000000
C34	c	0.85393365	0.31253303	0.09713772	1.98000000	9.98000000	0.02761432	0.00000000
C35	c	0.32690670	0.55893750	0.04581853	2.00000000	10.00000000	0.01427318	0.00000000
C36	c	0.06957837	0.80628026	0.07863624	2.00000000	10.00000000	0.01686076	0.00000000
C37	c	0.29458744	0.02455225	0.07287156	2.00000000	10.00000000	0.01692845	0.00000000
C38	c	0.12138781	0.64720791	0.15839305	2.00000000	10.00000000	0.01013260	0.00000000
C39	c	0.28718292	0.36258966	0.06599988	2.00000000	10.00000000	0.01229012	0.00000000
C40	c	0.69686044	0.64824122	0.13682160	2.00000000	10.00000000	0.01453198	0.00000000
C41	c	0.62377183	0.21142518	0.15032033	2.00000000	10.00000000	0.01982800	0.00000000
C42	c	0.64641068	0.02081379	0.06078917	2.00000000	10.00000000	0.02496158	0.00000000
C43	c	0.09673257	0.03909614	0.14737061	2.00000000	10.00000000	0.02701889	0.00000000
C44	c	0.23628031	0.61711289	0.13021828	2.00000000	10.00000000	0.01185277	0.00000000
C45	c	0.37424173	0.04338109	0.03586373	2.00000000	10.00000000	0.02285911	0.00000000
C46	c	0.13555646	0.87291092	0.04950035	2.00000000	10.00000000	0.01232333	0.00000000
C47	c	0.06542720	0.89575999	0.07196010	2.00000000	10.00000000	0.02928571	0.00000000
C48	c	0.41464521	0.73426370	0.13757573	2.00000000	10.00000000	0.01558786	0.00000000
C49	c	0.60344251	0.84306410	0.03776514	2.00000000	10.00000000	0.01161976	0.00000000
C50	c	0.53123397	0.63170419	0.03670227	2.00000000	10.00000000	0.02843167	0.00000000

Q Vehicle fuel tank capacity /0.40000000/
C Vehicle load capacity /1.50000000/
r fuel consumption rate /0.25000000/
g inverse refueling rate /1.00000000/
v average Velocity /1.00000000/
