StringID	Type	x	y	demand	ReadyTime	DueDate	ServiceTime	altitude
D0	d	0.50000000	0.50000000	0.00000000	0.00000000	10.00000000	0.00000000	0.00000000
S0	f	0.36363032	0.04026824	0.00000000	0.00000000	10.00000000	0.00000000	0.00000000
S1	f	0.17001557	0.13736850	0.00000000	0.00000000	10.00000000	0.00000000	0.00000000
S2	f	0.71440637	0.90919962	0.00000000	0.00000000	10.00000000	0.00000000	0.00000000
S3	f	0.87923734	0.12820887	0.00000000	0.00000000	10.00000000	0.00000000	0.00000000
S4	f	0.05723286	0.61961035	0.00000000	0.00000000	10.00000000	0.00000000	0.00000000
S5	f	0.35170519	0.72736203	0.00000000	0.00000000	10.00000000	0.00000000	0.00000000
S6	f	0.72780564	0.20525536	0.00000000	0.00000000	10.00000000	0.00000000	0.00000000
S7	f	0.67072159	0.45310297	0.00000000	0.00000000	10.00000000	0.00000000	0.00000000
S8	f	0.20354833	0.61695761	0.00000000	0.00000000	10.00000000	0.00000000	0.00000000
S9	f	0.74271806	0.55058484	0.00000000	0.00000000	10.00000000	0.00000000	0.00000000
C1	c	0.06982041	0.82846794	0.08218953	0.00000000	8.00000000	0.02648989	0.00000000
C2	c	0.95027845	0.90266595	0.02906808	0.06000000	8.06000000	0.02145047	0.00000000
C3	c	0.01982372	0.79390431	0.13638206	0.12000000	8.12000000	0.02462500	0.00000000
C4	c	0.06424743	0.45536146	0.01615882	0.18000000	8.18000000	0.01335324	0.00000000
C5	c	0.62133399	0.11526210	0.08913136	0.24000000	8.24000000	0.01198497	0.00000000
C6	c	0.56027746	0.93445353	0.09889676	0.30000000	8.30000000	0.02399755	0.00000000
C7	c	0.05303267	0.69791578	0.05649940	0.36000000	8.36000000	0.01146102	0.00000000
C8	c	0.28716970	0.27581818	0.05872449	0.42000000	8.42000000	0.01481536	0.00000000
C9	c	0.85463942	0.60290210	0.14465176	0.48000000	8.48000000	0.02121330	0.00000000
C10	c	0.38669456	0.00128165	0.16959485	0.54000000	8.54000000	0.02241431	0.00000000
C11	c	0.11305903	0.28639750	0.15865103	0.60000000	8.60000000	0.02979115	0.00000000
C12	c	0.89616794	0.69365666	0.08071025	0.66000000	8.66000000	0.02167504	0.00000000
C13	c	0.26567823	0.86483491	0.10524386	0.72000000	8.72000000	0.02739793	0.00000000
C14	c	0.82046888	0.49754933	0.05912451	0.78000000	8.78000000	0.02127873	0.00000000
C15	c	0.56165911	0.30915773	0.01300392	0.84000000	8.84000000	0.01511181	0.00000000
C16	c	0.89827270	0.60744586	0.07296050	0.90000000	8.90000000	0.02839767	0.00000000
C17	c	0.23515113	0.29244146	0.03224437	0.96000000	8.96000000	0.02032973	0.00000000
C18	c	0.41978414	0.82799264	0.09741595	1.02000000	9.02000000	0.02413446	0.00000000
C19	c	0.36363032	0.04026824	0.03048285	1.08000000	9.08000000	0.01125923	0.00000000
C20	c	0.58170498	0.55581055	0.02887375	1.14000000	9.14000000	0.01217785	0.00000000
C21	c	0.74383746	0.37590834	0.14862876	1.20000000	9.20000000	0.02912839	0.00000000
C22	c	0.45511413	0.13216848	0.14312557	1.26000000	9.26000000	0.01913790	0.00000000
C23	c	0.24346181	0.17558888	0.16593987	1.32000000	9.32000000	0.02680828	0.00000000
C24	c	0.81870421	0.58166502	0.06126475	1.38000000	9.38000000	0.02452935	0.00000000
C25	c	0.56495046	0.15649688	0.10576009	1.44000000	9.44000000	0.01876739	0.00000000
C26	c	0.02063095	0.64073818	0.15649434	1.50000000	9.50000000	0.02560897	0.00000000
C27	c	0.72012690	0.72474606	0.04464521	1.56000000	9.56000000	0.01102925	0.00000000
C28	c	0.03006985	0.31142187	0.01984227	1.62000000	9.62000000	0.02629368	0.00000000
C29	c	0.24762675	0.47558369	0.05553942	1.68000000	9.68000000	0.02430048	0.00000000
C30	c	0.00348462	0.72210112	0.02736424	1.74000000	9.74000000	0.02087366	0.00000000
C31	c	0.52091280	0.05723650	0.01521645	1.80000000	9.80000000	0.01535729	0.00000000
C32	c	0.86060468	0.32160611	0.08717967	1.86000000	9.86000000	0.01648833	0.00000000
C33	c	0.34604382	0.81781868	0.01270837	1.92000000	9.92000000	0.02977095	0.00000000
C34	c	0.70458198	0.77198648	0.15806056	1.98000000	9.98000000	0.02154857	0.00000000
C35	c	0.17001557	0.13736850	0.13184768	2.00000000	10.00000000	0.02744936	0.00000000
C36	c	0.85550366	0.91292862	0.12108646	2.00000000	10.00000000	0.02484975	0.00000000
C37	c	0.69082675	0.16060324	0.15608910	2.00000000	10.00000000	0.02733660	0.00000000
C38	c	0.88195010	0.86165862	0.01367733	2.00000000	10.00000000	0.01255642	0.00000000
C39	c	0.29823225	0.75178344	0.09323227	2.00000000	10.00000000	0.02886724	0.00000000
C40	c	0.58175428	0.22378713	0.11155186	2.00000000	10.00000000	0.02550963	0.00000000
C41	c	0.36902660	0.96974611	0.11537784	2.00000000	10.00000000	0.01767058	0.00000000
C42	c	0.15691887	0.33908266	0.07242405	2.00000000	10.00000000	0.01310815	0.00000000
C43	c	0.68899148	0.64737407	0.11370603	2.00000000	10.00000000	0.01527539	0.00000000
C44	c	0.21297993	0.34006688	0.17851939	2.00000000	10.00000000	0.01428726	0.00000000
C45	c	0.81047867	0.78935691	0.11784809	2.00000000	10.00000000	0.01716086	0.00000000
C46	c	0.84965761	0.04152584	0.15661296	2.00000000	10.00000000	0.02451546	0.00000000
C47	c	0.81515257	0.08267572	0.12774506	2.00000000	10.00000000	0.02365297	0.00000000
C48	c	0.36406675	0.21912618	0.15585363	2.00000000	10.00000000	0.01030004	0.00000000
C49	c	0.34896965	0.54192828	0.02141458	2.00000000	10.00000000	0.02662668	0.00000000
C50	c	0.80169552	0.87853377	0.05123598	2.00000000	10.00000000	0.02608069	0.00000000

Q Vehicle fuel tank capacity /0.40000000/
C Vehicle load capacity /1.50000000/
r fuel consumption rate /0.25000000/
g inverse refueling rate /1.00000000/
v average Velocity /1.00000000/
