StringID	Type	x	y	demand	ReadyTime	DueDate	ServiceTime	altitude
D0	d	0.50000000	0.50000000	0.00000000	0.00000000	10.00000000	0.00000000	0.00000000
S0	f	0.73208057	0.75927927	0.00000000	0.00000000	10.00000000	0.00000000	0.00000000
S1	f	0.59468724	0.80368128	0.00000000	0.00000000	10.00000000	0.00000000	0.00000000
S2	f	0.92862894	0.39172055	0.00000000	0.00000000	10.00000000	0.00000000	0.00000000
S3	f	0.32970982	0.37846770	0.00000000	0.00000000	10.00000000	0.00000000	0.00000000
S4	f	0.49017309	0.66068231	0.00000000	0.00000000	10.00000000	0.00000000	0.00000000
S5	f	0.49463650	0.78291535	0.00000000	0.00000000	10.00000000	0.00000000	0.00000000
C1	c	0.53909759	0.39831514	0.17552443	0.00000000	8.00000000	0.02169578	0.00000000
C2	c	0.58920478	0.42504950	0.13317388	0.10000000	8.10000000	0.01306706	0.00000000
C3	c	0.53440192	0.41672720	0.16605701	0.20000000	8.20000000	0.01217210	0.00000000
C4	c	0.68265010	0.44883867	0.09424523	0.30000000	8.30000000	0.02361287	0.00000000
C5	c	0.64418075	0.43510810	0.07655273	0.40000000	8.40000000	0.01399705	0.00000000
C6	c	0.66847086	0.42576249	0.22135920	0.50000000	8.50000000	0.02202147	0.00000000
C7	c	0.74320338	0.40226131	0.07193375	0.60000000	8.60000000	0.01511666	0.00000000
C8	c	0.78929633	0.32808755	0.08203096	0.70000000	8.70000000	0.01388530	0.00000000
C9	c	0.78197360	0.30228775	0.10507478	0.80000000	8.80000000	0.02818397	0.00000000
C10	c	0.76891744	0.36877923	0.17024215	0.90000000	8.90000000	0.02627359	0.00000000
C11	c	0.76432860	0.41115711	0.03201061	1.00000000	9.00000000	0.01770315	0.00000000
C12	c	0.80207342	0.32213762	0.17005754	1.10000000	9.10000000	0.02259599	0.00000000
C13	c	0.37624672	0.88855649	0.05746334	1.20000000	9.20000000	0.02370646	0.00000000
C14	c	0.35841109	0.79589966	0.16923903	1.30000000	9.30000000	0.01421741	0.00000000
C15	c	0.23379706	0.85170762	0.18667411	1.40000000	9.40000000	0.02801231	0.00000000
C16	c	0.71522902	0.30791494	0.07802358	1.50000000	9.50000000	0.02618155	0.00000000
C17	c	0.77462515	0.98605032	0.15636362	1.60000000	9.60000000	0.01765312	0.00000000
C18	c	0.54660407	0.76732607	0.21807910	1.70000000	9.70000000	0.01665529	0.00000000
C19	c	0.70143883	0.14674923	0.13433776	1.80000000	9.80000000	0.02864706	0.00000000
C20	c	0.93971633	0.93264794	0.18450248	1.90000000	9.90000000	0.01697838	0.00000000
C21	c	0.92996218	0.58478907	0.08897113	2.00000000	10.00000000	0.02851195	0.00000000
C22	c	0.15335311	0.10860521	0.19843323	2.00000000	10.00000000	0.01063516	0.00000000
C23	c	0.68064365	0.19985266	0.24802084	2.00000000	10.00000000	0.02564219	0.00000000
C24	c	0.60107334	0.25583310	0.14495322	2.00000000	10.00000000	0.01917315	0.00000000
C25	c	0.19426513	0.90919867	0.19672131	2.00000000	10.00000000	0.01341425	0.00000000
C26	c	0.81367964	0.38515745	0.18126813	2.00000000	10.00000000	0.01956296	0.00000000
C27	c	0.62979943	0.68532303	0.05117137	2.00000000	10.00000000	0.01336852	0.00000000
C28	c	0.33276438	0.93235293	0.23715368	2.00000000	10.00000000	0.02023640	0.00000000
C29	c	0.03175777	0.78210932	0.23549586	2.00000000	10.00000000	0.02748409	0.00000000
C30	c	0.45865756	0.17071267	0.23486594	2.00000000	10.00000000	0.02003116	0.00000000

Q Vehicle fuel tank capacity /0.40000000/
C Vehicle load capacity /1.50000000/
r fuel consumption rate /0.25000000/
g inverse refueling rate /1.00000000/
v average Velocity /1.00000000/
