StringID	Type	x	y	demand	ReadyTime	DueDate	ServiceTime	altitude
D0	d	0.50000000	0.50000000	0.00000000	0.00000000	10.00000000	0.00000000	0.00000000
S0	f	0.93631020	0.56242645	0.00000000	0.00000000	10.00000000	0.00000000	0.00000000
S1	f	0.00432491	0.90224694	0.00000000	0.00000000	10.00000000	0.00000000	0.00000000
S2	f	0.29640374	0.70626567	0.00000000	0.00000000	10.00000000	0.00000000	0.00000000
S3	f	0.64845466	0.23217710	0.00000000	0.00000000	10.00000000	0.00000000	0.00000000
S4	f	0.43504105	0.11144651	0.00000000	0.00000000	10.00000000	0.00000000	0.00000000
S5	f	0.12313073	0.39864374	0.00000000	0.00000000	10.00000000	0.00000000	0.00000000
S6	f	0.36095085	0.14636532	0.00000000	0.00000000	10.00000000	0.00000000	0.00000000
S7	f	0.29608683	0.33986567	0.00000000	0.00000000	10.00000000	0.00000000	0.00000000
S8	f	0.02650015	0.00762471	0.00000000	0.00000000	10.00000000	0.00000000	0.00000000
S9	f	0.17935591	0.34983954	0.00000000	0.00000000	10.00000000	0.00000000	0.00000000
C1	c	0.88687728	0.55755519	0.08699401	0.00000000	8.00000000	0.02902705	0.00000000
C2	c	0.92067005	0.45095651	0.10588495	0.06000000	8.06000000	0.01268559	0.00000000
C3	c	0.85526434	0.44600984	0.02932821	0.12000000	8.12000000	0.02615032	0.00000000
C4	c	0.82704873	0.37580821	0.02329177	0.18000000	8.18000000	0.02301565	0.00000000
C5	c	0.76144611	0.49399663	0.13836113	0.24000000	8.24000000	0.02220692	0.00000000
C6	c	0.99021128	0.46043684	0.11396846	0.30000000	8.30000000	0.02488715	0.00000000
C7	c	0.91582394	0.48389671	0.14434032	0.36000000	8.36000000	0.01437983	0.00000000
C8	c	0.85102539	0.54911096	0.01267078	0.42000000	8.42000000	0.01361962	0.00000000
C9	c	0.63604931	0.41896192	0.07577719	0.48000000	8.48000000	0.01799433	0.00000000
C10	c	0.63332994	0.38013620	0.07331630	0.54000000	8.54000000	0.01776192	0.00000000
C11	c	0.63465494	0.34716316	0.02118690	0.60000000	8.60000000	0.01882375	0.00000000
C12	c	0.64663292	0.49574894	0.04439314	0.66000000	8.66000000	0.01869819	0.00000000
C13	c	0.96812443	0.35011863	0.01326463	0.72000000	8.72000000	0.02404709	0.00000000
C14	c	0.97485497	0.11547725	0.10917274	0.78000000	8.78000000	0.02280845	0.00000000
C15	c	0.92541805	0.27347364	0.08527033	0.84000000	8.84000000	0.01052821	0.00000000
C16	c	1.00000000	0.31155016	0.07208220	0.90000000	8.90000000	0.01993930	0.00000000
C17	c	0.89990209	0.25420510	0.14197252	0.96000000	8.96000000	0.02467943	0.00000000
C18	c	1.00000000	0.24369324	0.14826144	1.02000000	9.02000000	0.02152735	0.00000000
C19	c	0.90542661	0.36500420	0.02950061	1.08000000	9.08000000	0.02033415	0.00000000
C20	c	1.00000000	0.27119280	0.14400946	1.14000000	9.14000000	0.02870281	0.00000000
C21	c	0.98974324	0.34542137	0.09156206	1.20000000	9.20000000	0.02720782	0.00000000
C22	c	0.66273568	0.30253284	0.14355931	1.26000000	9.26000000	0.02389483	0.00000000
C23	c	0.86127865	0.35242619	0.05649864	1.32000000	9.32000000	0.02211044	0.00000000
C24	c	0.68946666	0.35406196	0.11201665	1.38000000	9.38000000	0.01835349	0.00000000
C25	c	0.77676913	0.24334111	0.07487099	1.44000000	9.44000000	0.02926901	0.00000000
C26	c	0.54834794	0.64843853	0.13866781	1.50000000	9.50000000	0.02632593	0.00000000
C27	c	0.33233086	0.17685979	0.10924452	1.56000000	9.56000000	0.02299804	0.00000000
C28	c	0.94644135	0.63500077	0.02533170	1.62000000	9.62000000	0.01648986	0.00000000
C29	c	0.57688490	0.78810601	0.10657395	1.68000000	9.68000000	0.01254545	0.00000000
C30	c	0.71779095	0.23649552	0.08668184	1.74000000	9.74000000	0.01771590	0.00000000
C31	c	0.09100649	0.45134156	0.10068049	1.80000000	9.80000000	0.02986635	0.00000000
C32	c	0.55184449	0.98771173	0.05646972	1.86000000	9.86000000	0.01254419	0.00000000
C33	c	0.72457137	0.81435975	0.03472557	1.92000000	9.92000000	0.01257701	0.00000000
C34	c	0.79061134	0.79980043	0.14235911	1.98000000	9.98000000	0.01822380	0.00000000
C35	c	0.77014135	0.95135233	0.09880109	2.00000000	10.00000000	0.01772242	0.00000000
C36	c	0.13427929	0.80751623	0.09067301	2.00000000	10.00000000	0.02607407	0.00000000
C37	c	0.65078273	0.61034607	0.12021436	2.00000000	10.00000000	0.02584578	0.00000000
C38	c	0.18098081	0.39971658	0.11038011	2.00000000	10.00000000	0.01696033	0.00000000
C39	c	0.38809579	0.44118746	0.04306621	2.00000000	10.00000000	0.02466663	0.00000000
C40	c	0.43490926	0.70235467	0.02271814	2.00000000	10.00000000	0.01817778	0.00000000
C41	c	0.64042247	0.02641066	0.07311454	2.00000000	10.00000000	0.02315865	0.00000000
C42	c	0.49696499	0.73397131	0.08717086	2.00000000	10.00000000	0.02033923	0.00000000
C43	c	0.57636773	0.51670747	0.14813118	2.00000000	10.00000000	0.01343993	0.00000000
C44	c	0.93514057	0.86039085	0.11132841	2.00000000	10.00000000	0.02851057	0.00000000
C45	c	0.69474163	0.60552199	0.12388620	2.00000000	10.00000000	0.01769389	0.00000000
C46	c	0.41767474	0.96345057	0.12056475	2.00000000	10.00000000	0.01023589	0.00000000
C47	c	0.81629671	0.64990211	0.12184994	2.00000000	10.00000000	0.02541201	0.00000000
C48	c	0.32449299	0.12727247	0.12710109	2.00000000	10.00000000	0.02573803	0.00000000
C49	c	0.38579519	0.99331743	0.09100883	2.00000000	10.00000000	0.02115616	0.00000000
C50	c	0.12720960	0.12885033	0.11770182	2.00000000	10.00000000	0.01065538	0.00000000

Q Vehicle fuel tank capacity /0.40000000/
C Vehicle load capacity /1.50000000/
r fuel consumption rate /0.25000000/
g inverse refueling rate /1.00000000/
v average Velocity /1.00000000/
