StringID	Type	x	y	demand	ReadyTime	DueDate	ServiceTime	altitude
D0	d	0.50000000	0.50000000	0.00000000	0.00000000	10.00000000	0.00000000	0.00000000
S0	f	0.55208950	0.17377420	0.00000000	0.00000000	10.00000000	0.00000000	0.00000000
S1	f	0.69482986	0.81335143	0.00000000	0.00000000	10.00000000	0.00000000	0.00000000
S2	f	0.23850249	0.07009932	0.00000000	0.00000000	10.00000000	0.00000000	0.00000000
S3	f	0.42776713	0.01676571	0.00000000	0.00000000	10.00000000	0.00000000	0.00000000
S4	f	0.19527737	0.11573063	0.00000000	0.00000000	10.00000000	0.00000000	0.00000000
S5	f	0.84891093	0.38999020	0.00000000	0.00000000	10.00000000	0.00000000	0.00000000
C1	c	0.50873374	0.18647966	0.19657452	0.00000000	8.00000000	0.02414890	0.00000000
C2	c	0.50700560	0.11483559	0.12773955	0.10000000	8.10000000	0.01158501	0.00000000
C3	c	0.44791190	0.16895378	0.16771131	0.20000000	8.20000000	0.01861924	0.00000000
C4	c	0.56985213	0.23398569	0.19041418	0.30000000	8.30000000	0.01216866	0.00000000
C5	c	0.15397073	0.43699198	0.13968692	0.40000000	8.40000000	0.01695121	0.00000000
C6	c	0.15298507	0.44357624	0.22036799	0.50000000	8.50000000	0.01260801	0.00000000
C7	c	0.04480276	0.52193249	0.07113836	0.60000000	8.60000000	0.02063943	0.00000000
C8	c	0.68039112	0.85763545	0.12575700	0.70000000	8.70000000	0.01491208	0.00000000
C9	c	0.65056655	0.77037630	0.22714022	0.80000000	8.80000000	0.01114673	0.00000000
C10	c	0.62378895	0.81363742	0.24245460	0.90000000	8.90000000	0.01651417	0.00000000
C11	c	0.67051855	0.87729152	0.21769492	1.00000000	9.00000000	0.01520855	0.00000000
C12	c	0.69012244	0.73073513	0.05338791	1.10000000	9.10000000	0.02989523	0.00000000
C13	c	0.66048924	0.84309908	0.24471708	1.20000000	9.20000000	0.02484855	0.00000000
C14	c	0.73339439	0.70332756	0.01664965	1.30000000	9.30000000	0.02609500	0.00000000
C15	c	0.65542258	0.79489265	0.17522511	1.40000000	9.40000000	0.02852894	0.00000000
C16	c	0.09846420	0.67642248	0.06916810	1.50000000	9.50000000	0.02396999	0.00000000
C17	c	0.87277702	0.67882424	0.01849505	1.60000000	9.60000000	0.02522441	0.00000000
C18	c	0.63298771	0.37659019	0.21489907	1.70000000	9.70000000	0.01741561	0.00000000
C19	c	0.70744486	0.07925042	0.14661893	1.80000000	9.80000000	0.02827456	0.00000000
C20	c	0.43096200	0.10843296	0.05525797	1.90000000	9.90000000	0.02368131	0.00000000
C21	c	0.34756034	0.13040033	0.21006729	2.00000000	10.00000000	0.02211298	0.00000000
C22	c	0.05733644	0.32570851	0.24238304	2.00000000	10.00000000	0.01797469	0.00000000
C23	c	0.26042759	0.99476157	0.08584068	2.00000000	10.00000000	0.01282145	0.00000000
C24	c	0.74242731	0.80475006	0.17156069	2.00000000	10.00000000	0.01463312	0.00000000
C25	c	0.92644708	0.69849974	0.03921899	2.00000000	10.00000000	0.02735665	0.00000000
C26	c	0.76122050	0.37078057	0.17263811	2.00000000	10.00000000	0.02225068	0.00000000
C27	c	0.14107234	0.23165623	0.21796568	2.00000000	10.00000000	0.01176811	0.00000000
C28	c	0.86783236	0.61253419	0.17319254	2.00000000	10.00000000	0.02193287	0.00000000
C29	c	0.08840553	0.59664362	0.16261138	2.00000000	10.00000000	0.02056641	0.00000000
C30	c	0.52832037	0.24120333	0.10342315	2.00000000	10.00000000	0.01482407	0.00000000

Q Vehicle fuel tank capacity /0.40000000/
C Vehicle load capacity /1.50000000/
r fuel consumption rate /0.25000000/
g inverse refueling rate /1.00000000/
v average Velocity /1.00000000/
