StringID	Type	x	y	demand	ReadyTime	DueDate	ServiceTime	altitude
D0	d	0.50000000	0.50000000	0.00000000	0.00000000	10.00000000	0.00000000	0.00000000
S0	f	0.08944056	0.09003950	0.00000000	0.00000000	10.00000000	0.00000000	0.00000000
S1	f	0.43948176	0.91522289	0.00000000	0.00000000	10.00000000	0.00000000	0.00000000
S2	f	0.66807893	0.01255017	0.00000000	0.00000000	10.00000000	0.00000000	0.00000000
S3	f	0.61186656	0.65493886	0.00000000	0.00000000	10.00000000	0.00000000	0.00000000
S4	f	0.93141787	0.87346607	0.00000000	0.00000000	10.00000000	0.00000000	0.00000000
S5	f	0.24682291	0.21172180	0.00000000	0.00000000	10.00000000	0.00000000	0.00000000
S6	f	0.13790550	0.43569924	0.00000000	0.00000000	10.00000000	0.00000000	0.00000000
S7	f	0.06137031	0.56536697	0.00000000	0.00000000	10.00000000	0.00000000	0.00000000
S8	f	0.14700088	0.17067489	0.00000000	0.00000000	10.00000000	0.00000000	0.00000000
S9	f	0.85103285	0.15351713	0.00000000	0.00000000	10.00000000	0.00000000	0.00000000
C1	c	0.13630278	0.90240889	0.11076014	0.00000000	8.00000000	0.02382887	0.00000000
C2	c	0.47963590	0.80267013	0.07626195	0.06000000	8.06000000	0.01352247	0.00000000
C3	c	0.96098293	0.06662216	0.02011299	0.12000000	8.12000000	0.01735403	0.00000000
C4	c	0.29171995	0.24546217	0.15955806	0.18000000	8.18000000	0.01129234	0.00000000
C5	c	0.00580047	0.80335281	0.04616022	0.24000000	8.24000000	0.01339725	0.00000000
C6	c	0.69370897	0.95856520	0.01927450	0.30000000	8.30000000	0.01691528	0.00000000
C7	c	0.67237669	0.49077419	0.09077576	0.36000000	8.36000000	0.01191523	0.00000000
C8	c	0.69371346	0.67462867	0.09070421	0.42000000	8.42000000	0.02522142	0.00000000
C9	c	0.60870755	0.15990091	0.01528738	0.48000000	8.48000000	0.01055414	0.00000000
C10	c	0.73956647	0.35031532	0.04509122	0.54000000	8.54000000	0.02644433	0.00000000
C11	c	0.57843144	0.72588269	0.08812552	0.60000000	8.60000000	0.01059759	0.00000000
C12	c	0.79323814	0.82617066	0.07127508	0.66000000	8.66000000	0.01803053	0.00000000
C13	c	0.59588197	0.37590106	0.07230341	0.72000000	8.72000000	0.01697004	0.00000000
C14	c	0.14771660	0.66431773	0.16760326	0.78000000	8.78000000	0.02582693	0.00000000
C15	c	0.39991210	0.58420940	0.13933461	0.84000000	8.84000000	0.02391228	0.00000000
C16	c	0.84441073	0.47577162	0.09647009	0.90000000	8.90000000	0.02500934	0.00000000
C17	c	0.70904369	0.59088833	0.11748828	0.96000000	8.96000000	0.01357183	0.00000000
C18	c	0.18803989	0.77700260	0.09774625	1.02000000	9.02000000	0.02525019	0.00000000
C19	c	0.12553314	0.38740157	0.13829303	1.08000000	9.08000000	0.01193674	0.00000000
C20	c	0.08944056	0.09003950	0.07955404	1.14000000	9.14000000	0.02016442	0.00000000
C21	c	0.37824022	0.74756389	0.14476192	1.20000000	9.20000000	0.01360858	0.00000000
C22	c	0.53481301	0.77817383	0.09399167	1.26000000	9.26000000	0.02642873	0.00000000
C23	c	0.73745188	0.63267377	0.02168858	1.32000000	9.32000000	0.01182513	0.00000000
C24	c	0.91269898	0.35186456	0.02103315	1.38000000	9.38000000	0.01306888	0.00000000
C25	c	0.61152464	0.60459239	0.01289175	1.44000000	9.44000000	0.02567340	0.00000000
C26	c	0.39149800	0.79662041	0.15470248	1.50000000	9.50000000	0.02891713	0.00000000
C27	c	0.37159729	0.40936839	0.16169820	1.56000000	9.56000000	0.01011562	0.00000000
C28	c	0.29556934	0.29201713	0.14970837	1.62000000	9.62000000	0.01417819	0.00000000
C29	c	0.63725020	0.91704754	0.10778120	1.68000000	9.68000000	0.02317229	0.00000000
C30	c	0.02061164	0.17908848	0.09442375	1.74000000	9.74000000	0.02887566	0.00000000
C31	c	0.28640662	0.42651245	0.15303774	1.80000000	9.80000000	0.01130583	0.00000000
C32	c	0.15017898	0.26307954	0.05383717	1.86000000	9.86000000	0.02691245	0.00000000
C33	c	0.89904412	0.46580796	0.02056568	1.92000000	9.92000000	0.01260249	0.00000000
C34	c	0.10605106	0.33756059	0.11059721	1.98000000	9.98000000	0.02085524	0.00000000
C35	c	0.59837735	0.88422199	0.02576128	2.00000000	10.00000000	0.01907205	0.00000000
C36	c	0.87988113	0.53101168	0.06945283	2.00000000	10.00000000	0.01177548	0.00000000
C37	c	0.91185079	0.29106389	0.04995827	2.00000000	10.00000000	0.02279099	0.00000000
C38	c	0.43948176	0.91522289	0.01390613	2.00000000	10.00000000	0.01888170	0.00000000
C39	c	0.84541869	0.02848591	0.16848507	2.00000000	10.00000000	0.01219847	0.00000000
C40	c	0.74034281	0.81334306	0.10399583	2.00000000	10.00000000	0.01104603	0.00000000
C41	c	0.97554072	0.97376359	0.03808713	2.00000000	10.00000000	0.02484113	0.00000000
C42	c	0.82467525	0.42716480	0.11930375	2.00000000	10.00000000	0.02330104	0.00000000
C43	c	0.43286816	0.80990843	0.15832822	2.00000000	10.00000000	0.02111425	0.00000000
C44	c	0.60986935	0.77552635	0.13176157	2.00000000	10.00000000	0.01604922	0.00000000
C45	c	0.75950600	0.86605711	0.10055404	2.00000000	10.00000000	0.01126100	0.00000000
C46	c	0.55444550	0.92362799	0.15730850	2.00000000	10.00000000	0.02511875	0.00000000
C47	c	0.88823991	0.73067548	0.08984253	2.00000000	10.00000000	0.01413270	0.00000000
C48	c	0.99779829	0.69518552	0.08063903	2.00000000	10.00000000	0.02157665	0.00000000
C49	c	0.02023581	0.88141663	0.11131024	2.00000000	10.00000000	0.02800759	0.00000000
C50	c	0.54867902	0.17958264	0.03840669	2.00000000	10.00000000	0.01330278	0.00000000

Q Vehicle fuel tank capacity /0.40000000/
C Vehicle load capacity /1.50000000/
r fuel consumption rate /0.25000000/
g inverse refueling rate /1.00000000/
v average Velocity /1.00000000/
