StringID	Type	x	y	demand	ReadyTime	DueDate	ServiceTime	altitude
D0	d	0.50000000	0.50000000	0.00000000	0.00000000	10.00000000	0.00000000	0.00000000
S0	f	0.03134063	0.13186943	0.00000000	0.00000000	10.00000000	0.00000000	0.00000000
S1	f	0.61233853	0.56105544	0.00000000	0.00000000	10.00000000	0.00000000	0.00000000
S2	f	0.77196221	0.53124512	0.00000000	0.00000000	10.00000000	0.00000000	0.00000000
S3	f	0.72080575	0.99686718	0.00000000	0.00000000	10.00000000	0.00000000	0.00000000
S4	f	0.18933760	0.48676710	0.00000000	0.00000000	10.00000000	0.00000000	0.00000000
S5	f	0.45847844	0.48692178	0.00000000	0.00000000	10.00000000	0.00000000	0.00000000
C1	c	0.89669516	0.18843834	0.17819588	0.00000000	8.00000000	0.01533559	0.00000000
C2	c	0.04036884	0.40882282	0.22769585	0.10000000	8.10000000	0.01293550	0.00000000
C3	c	0.03833382	0.86627814	0.09885362	0.20000000	8.20000000	0.02382943	0.00000000
C4	c	0.60677141	0.62507486	0.12116158	0.30000000	8.30000000	0.01958757	0.00000000
C5	c	0.15901021	0.58073069	0.14049946	0.40000000	8.40000000	0.02097930	0.00000000
C6	c	0.71548663	0.07155440	0.25404236	0.50000000	8.50000000	0.01861688	0.00000000
C7	c	0.68943991	0.54094771	0.23088927	0.60000000	8.60000000	0.01303454	0.00000000
C8	c	0.21788060	0.74738482	0.11892594	0.70000000	8.70000000	0.02371987	0.00000000
C9	c	0.89515812	0.45007519	0.17265270	0.80000000	8.80000000	0.02161560	0.00000000
C10	c	0.00887486	0.61704371	0.20432974	0.90000000	8.90000000	0.01165061	0.00000000
C11	c	0.57186929	0.21478254	0.02059586	1.00000000	9.00000000	0.02643767	0.00000000
C12	c	0.79348894	0.08243559	0.01928977	1.10000000	9.10000000	0.01168670	0.00000000
C13	c	0.79801436	0.12391985	0.11282801	1.20000000	9.20000000	0.01120730	0.00000000
C14	c	0.01196678	0.14853411	0.12699901	1.30000000	9.30000000	0.02981381	0.00000000
C15	c	0.44552504	0.61853281	0.21149940	1.40000000	9.40000000	0.01875827	0.00000000
C16	c	0.04897108	0.69031883	0.09067462	1.50000000	9.50000000	0.02230879	0.00000000
C17	c	0.33422594	0.69524064	0.24597344	1.60000000	9.60000000	0.02421530	0.00000000
C18	c	0.19885244	0.30204696	0.13597245	1.70000000	9.70000000	0.01886024	0.00000000
C19	c	0.77918654	0.00827868	0.11656242	1.80000000	9.80000000	0.01184029	0.00000000
C20	c	0.01046691	0.73621496	0.13892058	1.90000000	9.90000000	0.02848566	0.00000000
C21	c	0.73086301	0.62478959	0.01896063	2.00000000	10.00000000	0.01639804	0.00000000
C22	c	0.48957915	0.40992271	0.18445208	2.00000000	10.00000000	0.01500099	0.00000000
C23	c	0.34341093	0.44874382	0.14347217	2.00000000	10.00000000	0.02929258	0.00000000
C24	c	0.12457704	0.95775908	0.19446264	2.00000000	10.00000000	0.02506311	0.00000000
C25	c	0.15639861	0.92811153	0.26080988	2.00000000	10.00000000	0.01207941	0.00000000
C26	c	0.17665305	0.40275733	0.05575706	2.00000000	10.00000000	0.01713523	0.00000000
C27	c	0.19932063	0.62393356	0.14611779	2.00000000	10.00000000	0.02150671	0.00000000
C28	c	0.00582394	0.69294478	0.25122487	2.00000000	10.00000000	0.02486944	0.00000000
C29	c	0.54954000	0.93719894	0.23364523	2.00000000	10.00000000	0.01975656	0.00000000
C30	c	0.58169535	0.09631627	0.04453570	2.00000000	10.00000000	0.02992258	0.00000000

Q Vehicle fuel tank capacity /0.40000000/
C Vehicle load capacity /1.50000000/
r fuel consumption rate /0.25000000/
g inverse refueling rate /1.00000000/
v average Velocity /1.00000000/
