StringID	Type	x	y	demand	ReadyTime	DueDate	ServiceTime	altitude
D0	d	0.50000000	0.50000000	0.00000000	0.00000000	10.00000000	0.00000000	0.00000000
S0	f	0.82994670	0.61552876	0.00000000	0.00000000	10.00000000	0.00000000	0.00000000
S1	f	0.41437853	0.47767826	0.00000000	0.00000000	10.00000000	0.00000000	0.00000000
S2	f	0.79276507	0.57939865	0.00000000	0.00000000	10.00000000	0.00000000	0.00000000
S3	f	0.94163582	0.49754860	0.00000000	0.00000000	10.00000000	0.00000000	0.00000000
S4	f	0.10027954	0.97816755	0.00000000	0.00000000	10.00000000	0.00000000	0.00000000
S5	f	0.59886713	0.52856182	0.00000000	0.00000000	10.00000000	0.00000000	0.00000000
C1	c	0.83577510	0.53417331	0.19262560	0.00000000	8.00000000	0.01314385	0.00000000
C2	c	0.04799335	0.85012783	0.08261367	0.10000000	8.10000000	0.02407778	0.00000000
C3	c	0.85154412	0.31735699	0.19744930	0.20000000	8.20000000	0.01020680	0.00000000
C4	c	0.15155095	0.25335022	0.22240864	0.30000000	8.30000000	0.01108139	0.00000000
C5	c	0.99858348	0.83564434	0.12572781	0.40000000	8.40000000	0.01100623	0.00000000
C6	c	0.28339608	0.24475209	0.16735427	0.50000000	8.50000000	0.02834366	0.00000000
C7	c	0.75693374	0.05221438	0.14490388	0.60000000	8.60000000	0.01747465	0.00000000
C8	c	0.64959657	0.99485307	0.02709932	0.70000000	8.70000000	0.01576417	0.00000000
C9	c	0.50615992	0.66822685	0.19528250	0.80000000	8.80000000	0.02109629	0.00000000
C10	c	0.67995421	0.55028164	0.25106986	0.90000000	8.90000000	0.02095434	0.00000000
C11	c	0.66274509	0.60429276	0.17135018	1.00000000	9.00000000	0.01689527	0.00000000
C12	c	0.22213623	0.40205218	0.08239157	1.10000000	9.10000000	0.01612613	0.00000000
C13	c	0.46812363	0.71445956	0.11665237	1.20000000	9.20000000	0.01183708	0.00000000
C14	c	0.72927376	0.55119290	0.14931937	1.30000000	9.30000000	0.02363395	0.00000000
C15	c	0.61364034	0.06070602	0.03145975	1.40000000	9.40000000	0.01041031	0.00000000
C16	c	0.49523985	0.43660707	0.04995171	1.50000000	9.50000000	0.01277028	0.00000000
C17	c	0.41207390	0.43516251	0.16807878	1.60000000	9.60000000	0.02111250	0.00000000
C18	c	0.78939641	0.36649898	0.14045419	1.70000000	9.70000000	0.01783295	0.00000000
C19	c	0.82994670	0.61552876	0.15436718	1.80000000	9.80000000	0.01953943	0.00000000
C20	c	0.62314864	0.63992250	0.04283719	1.90000000	9.90000000	0.01820132	0.00000000
C21	c	0.42218074	0.25377949	0.20223469	2.00000000	10.00000000	0.01030133	0.00000000
C22	c	0.50102446	0.86861770	0.17801331	2.00000000	10.00000000	0.01844775	0.00000000
C23	c	0.88373983	0.52374294	0.25014570	2.00000000	10.00000000	0.01542244	0.00000000
C24	c	0.75382714	0.44965178	0.14870951	2.00000000	10.00000000	0.02328590	0.00000000
C25	c	0.54853118	0.16734045	0.05894844	2.00000000	10.00000000	0.02733858	0.00000000
C26	c	0.45381381	0.78298334	0.22768956	2.00000000	10.00000000	0.02940458	0.00000000
C27	c	0.70295957	0.88765246	0.15492138	2.00000000	10.00000000	0.02717441	0.00000000
C28	c	0.16448049	0.14189151	0.16484081	2.00000000	10.00000000	0.02055448	0.00000000
C29	c	0.27408191	0.39312373	0.16814908	2.00000000	10.00000000	0.02550081	0.00000000
C30	c	0.94075671	0.36790822	0.23295036	2.00000000	10.00000000	0.01193175	0.00000000

Q Vehicle fuel tank capacity /0.40000000/
C Vehicle load capacity /1.50000000/
r fuel consumption rate /0.25000000/
g inverse refueling rate /1.00000000/
v average Velocity /1.00000000/
