StringID	Type	x	y	demand	ReadyTime	DueDate	ServiceTime	altitude
D0	d	0.50000000	0.50000000	0.00000000	0.00000000	10.00000000	0.00000000	0.00000000
S0	f	0.85217375	0.72717138	0.00000000	0.00000000	10.00000000	0.00000000	0.00000000
S1	f	0.84311510	0.35984042	0.00000000	0.00000000	10.00000000	0.00000000	0.00000000
S2	f	0.65023449	0.60324132	0.00000000	0.00000000	10.00000000	0.00000000	0.00000000
S3	f	0.09410049	0.66216265	0.00000000	0.00000000	10.00000000	0.00000000	0.00000000
S4	f	0.10248897	0.97996721	0.00000000	0.00000000	10.00000000	0.00000000	0.00000000
S5	f	0.93858941	0.93312305	0.00000000	0.00000000	10.00000000	0.00000000	0.00000000
S6	f	0.44468583	0.20721995	0.00000000	0.00000000	10.00000000	0.00000000	0.00000000
S7	f	0.21020042	0.15036868	0.00000000	0.00000000	10.00000000	0.00000000	0.00000000
S8	f	0.44327895	0.71463201	0.00000000	0.00000000	10.00000000	0.00000000	0.00000000
S9	f	0.79382078	0.59196815	0.00000000	0.00000000	10.00000000	0.00000000	0.00000000
C1	c	0.03456464	0.41953087	0.13876962	0.00000000	8.00000000	0.02272021	0.00000000
C2	c	0.06031781	0.45477940	0.12971611	0.06000000	8.06000000	0.02522770	0.00000000
C3	c	0.00000000	0.44325183	0.12767154	0.12000000	8.12000000	0.02608387	0.00000000
C4	c	0.00000000	0.44526911	0.10065603	0.18000000	8.18000000	0.01972962	0.00000000
C5	c	0.07334889	0.41550020	0.11104830	0.24000000	8.24000000	0.02792552	0.00000000
C6	c	0.04415919	0.47060521	0.15678431	0.30000000	8.30000000	0.02827325	0.00000000
C7	c	0.00000000	0.57194177	0.10374015	0.36000000	8.36000000	0.02207384	0.00000000
C8	c	0.31223685	0.50860948	0.06980067	0.42000000	8.42000000	0.01213213	0.00000000
C9	c	0.30331837	0.43915968	0.09257545	0.48000000	8.48000000	0.02163497	0.00000000
C10	c	0.32413747	0.51068518	0.05529570	0.54000000	8.54000000	0.01794302	0.00000000
C11	c	0.31444741	0.55247128	0.02413294	0.60000000	8.60000000	0.02041211	0.00000000
C12	c	0.29766729	0.53847636	0.02698962	0.66000000	8.66000000	0.02509336	0.00000000
C13	c	0.28318620	0.45199969	0.09499034	0.72000000	8.72000000	0.02513143	0.00000000
C14	c	0.56721452	0.96749551	0.01316881	0.78000000	8.78000000	0.01181168	0.00000000
C15	c	0.55021170	0.90210583	0.07561009	0.84000000	8.84000000	0.01340000	0.00000000
C16	c	0.46923928	0.96163322	0.07728680	0.90000000	8.90000000	0.01500834	0.00000000
C17	c	0.54647887	0.91659562	0.14630087	0.96000000	8.96000000	0.02977389	0.00000000
C18	c	0.47043288	0.86251071	0.09995321	1.02000000	9.02000000	0.02693959	0.00000000
C19	c	0.53071313	0.86954791	0.06049115	1.08000000	9.08000000	0.01232352	0.00000000
C20	c	0.92536420	1.00000000	0.05761792	1.14000000	9.14000000	0.01347974	0.00000000
C21	c	0.85335369	0.95317792	0.02422849	1.20000000	9.20000000	0.02920511	0.00000000
C22	c	0.87641785	0.97508657	0.12771451	1.26000000	9.26000000	0.01646118	0.00000000
C23	c	0.04578669	1.00000000	0.02817687	1.32000000	9.32000000	0.02301847	0.00000000
C24	c	0.08182058	0.90869039	0.13456790	1.38000000	9.38000000	0.02814033	0.00000000
C25	c	0.07801179	0.90074691	0.02046743	1.44000000	9.44000000	0.02806965	0.00000000
C26	c	0.93017378	0.24194988	0.06998749	1.50000000	9.50000000	0.02204238	0.00000000
C27	c	0.98886749	0.82907486	0.08516619	1.56000000	9.56000000	0.02853621	0.00000000
C28	c	0.96321939	0.75883612	0.10716373	1.62000000	9.62000000	0.02304518	0.00000000
C29	c	0.26259259	0.41207984	0.12485549	1.68000000	9.68000000	0.02101906	0.00000000
C30	c	0.04166389	0.62034657	0.04186052	1.74000000	9.74000000	0.01869885	0.00000000
C31	c	0.84726128	0.41679075	0.09974416	1.80000000	9.80000000	0.02672076	0.00000000
C32	c	0.75416776	0.63860110	0.11353879	1.86000000	9.86000000	0.02723661	0.00000000
C33	c	0.63601040	0.76138478	0.09418531	1.92000000	9.92000000	0.01368048	0.00000000
C34	c	0.80419354	0.48648122	0.08783544	1.98000000	9.98000000	0.01674712	0.00000000
C35	c	0.89627590	0.91366240	0.14875996	2.00000000	10.00000000	0.02001664	0.00000000
C36	c	0.60369200	0.10660629	0.04654359	2.00000000	10.00000000	0.01165485	0.00000000
C37	c	0.58174859	0.39715122	0.15747727	2.00000000	10.00000000	0.01858239	0.00000000
C38	c	0.52060564	0.75466798	0.13374455	2.00000000	10.00000000	0.01122528	0.00000000
C39	c	0.75657166	0.09058381	0.15366796	2.00000000	10.00000000	0.01057092	0.00000000
C40	c	0.17000001	0.25041675	0.12331255	2.00000000	10.00000000	0.01096881	0.00000000
C41	c	0.11617624	0.17398703	0.04960948	2.00000000	10.00000000	0.01500607	0.00000000
C42	c	0.96025563	0.32305904	0.07181162	2.00000000	10.00000000	0.01962657	0.00000000
C43	c	0.65092366	0.90701674	0.01679672	2.00000000	10.00000000	0.01218928	0.00000000
C44	c	0.90348275	0.60211913	0.10274381	2.00000000	10.00000000	0.02456968	0.00000000
C45	c	0.92681057	0.65225898	0.06126107	2.00000000	10.00000000	0.02896069	0.00000000
C46	c	0.55095316	0.43494258	0.07514832	2.00000000	10.00000000	0.01644003	0.00000000
C47	c	0.83603817	0.86183045	0.13644563	2.00000000	10.00000000	0.01949174	0.00000000
C48	c	0.18402420	0.33735618	0.07251130	2.00000000	10.00000000	0.01462560	0.00000000
C49	c	0.50083224	0.08274233	0.12261920	2.00000000	10.00000000	0.01195305	0.00000000
C50	c	0.42911972	0.06126407	0.10545501	2.00000000	10.00000000	0.02029102	0.00000000

Q Vehicle fuel tank capacity /0.40000000/
C Vehicle load capacity /1.50000000/
r fuel consumption rate /0.25000000/
g inverse refueling rate /1.00000000/
v average Velocity /1.00000000/
