StringID	Type	x	y	demand	ReadyTime	DueDate	ServiceTime	altitude
D0	d	0.50000000	0.50000000	0.00000000	0.00000000	10.00000000	0.00000000	0.00000000
S0	f	0.19062058	0.92679668	0.00000000	0.00000000	10.00000000	0.00000000	0.00000000
S1	f	0.25190733	0.59530588	0.00000000	0.00000000	10.00000000	0.00000000	0.00000000
S2	f	0.46114181	0.96095448	0.00000000	0.00000000	10.00000000	0.00000000	0.00000000
S3	f	0.48111287	0.86833405	0.00000000	0.00000000	10.00000000	0.00000000	0.00000000
S4	f	0.77418311	0.07874528	0.00000000	0.00000000	10.00000000	0.00000000	0.00000000
S5	f	0.31435308	0.57297228	0.00000000	0.00000000	10.00000000	0.00000000	0.00000000
C1	c	0.08962090	0.28902261	0.14979836	0.00000000	8.00000000	0.02201788	0.00000000
C2	c	0.06886237	0.16301441	0.05461684	0.10000000	8.10000000	0.02491729	0.00000000
C3	c	0.18029349	0.16222327	0.08786248	0.20000000	8.20000000	0.01194933	0.00000000
C4	c	0.09193518	0.24714573	0.29337473	0.30000000	8.30000000	0.01766087	0.00000000
C5	c	0.27940162	0.98862177	0.17709973	0.40000000	8.40000000	0.01254563	0.00000000
C6	c	0.21147434	0.97430533	0.30433941	0.50000000	8.50000000	0.01847967	0.00000000
C7	c	0.14206382	0.85730305	0.09376867	0.60000000	8.60000000	0.02651445	0.00000000
C8	c	0.22184718	0.85161290	0.27367699	0.70000000	8.70000000	0.01692184	0.00000000
C9	c	0.13900658	0.96179687	0.05326361	0.80000000	8.80000000	0.02075457	0.00000000
C10	c	0.15170510	0.87544199	0.28216534	0.90000000	8.90000000	0.02689773	0.00000000
C11	c	0.78876634	0.65772064	0.06256924	1.00000000	9.00000000	0.02432179	0.00000000
C12	c	0.67882685	0.72503665	0.28925238	1.10000000	9.10000000	0.01157137	0.00000000
C13	c	0.72177885	0.71328328	0.08519773	1.20000000	9.20000000	0.02944927	0.00000000
C14	c	0.59453993	0.65448071	0.11752177	1.30000000	9.30000000	0.01591890	0.00000000
C15	c	0.68515906	0.78071558	0.24938621	1.40000000	9.40000000	0.02276884	0.00000000
C16	c	0.44539879	0.14803368	0.15131553	1.50000000	9.50000000	0.01477046	0.00000000
C17	c	0.71864891	0.27145167	0.15165019	1.60000000	9.60000000	0.02209024	0.00000000
C18	c	0.26637203	0.36033888	0.06439576	1.70000000	9.70000000	0.02391503	0.00000000
C19	c	0.81097811	0.02391157	0.23182867	1.80000000	9.80000000	0.02884648	0.00000000
C20	c	0.45895458	0.09744272	0.10060971	1.90000000	9.90000000	0.01590409	0.00000000
C21	c	0.60089386	0.74586444	0.05698553	2.00000000	10.00000000	0.01862274	0.00000000
C22	c	0.09746634	0.38304331	0.30693085	2.00000000	10.00000000	0.02699154	0.00000000
C23	c	0.12728134	0.42398329	0.09911922	2.00000000	10.00000000	0.01068809	0.00000000
C24	c	0.82572245	0.34609192	0.12669146	2.00000000	10.00000000	0.02039571	0.00000000
C25	c	0.53772862	0.84488675	0.25892038	2.00000000	10.00000000	0.01073956	0.00000000
C26	c	0.71608972	0.07856874	0.02797520	2.00000000	10.00000000	0.01248603	0.00000000
C27	c	0.97246348	0.29594503	0.07736204	2.00000000	10.00000000	0.02002773	0.00000000
C28	c	0.63844223	0.23852306	0.06714308	2.00000000	10.00000000	0.02469627	0.00000000
C29	c	0.60451202	0.69575156	0.15562780	2.00000000	10.00000000	0.01562679	0.00000000
C30	c	0.43113703	0.84957697	0.04955110	2.00000000	10.00000000	0.01563542	0.00000000

Q Vehicle fuel tank capacity /0.40000000/
C Vehicle load capacity /1.50000000/
r fuel consumption rate /0.25000000/
g inverse refueling rate /1.00000000/
v average Velocity /1.00000000/
