StringID	Type	x	y	demand	ReadyTime	DueDate	ServiceTime	altitude
D0	d	0.50000000	0.50000000	0.00000000	0.00000000	10.00000000	0.00000000	0.00000000
S0	f	0.60458932	0.45781227	0.00000000	0.00000000	10.00000000	0.00000000	0.00000000
S1	f	0.39651501	0.01875128	0.00000000	0.00000000	10.00000000	0.00000000	0.00000000
S2	f	0.68207492	0.26301922	0.00000000	0.00000000	10.00000000	0.00000000	0.00000000
S3	f	0.96039317	0.64411039	0.00000000	0.00000000	10.00000000	0.00000000	0.00000000
S4	f	0.04565141	0.49794850	0.00000000	0.00000000	10.00000000	0.00000000	0.00000000
S5	f	0.27856474	0.34938395	0.00000000	0.00000000	10.00000000	0.00000000	0.00000000
C1	c	0.55876408	0.45632196	0.02036477	0.00000000	8.00000000	0.01175398	0.00000000
C2	c	0.64992860	0.45045810	0.11927676	0.10000000	8.10000000	0.02611212	0.00000000
C3	c	0.56561238	0.42154801	0.05609466	0.20000000	8.20000000	0.01941222	0.00000000
C4	c	0.59019821	0.50168200	0.26887858	0.30000000	8.30000000	0.02890731	0.00000000
C5	c	0.98912860	0.10806297	0.09713196	0.40000000	8.40000000	0.01860949	0.00000000
C6	c	0.98977843	0.16380767	0.10221029	0.50000000	8.50000000	0.02842459	0.00000000
C7	c	0.74732715	0.79306595	0.10761778	0.60000000	8.60000000	0.02996759	0.00000000
C8	c	0.79538674	0.82852795	0.27432156	0.70000000	8.70000000	0.02191727	0.00000000
C9	c	0.77642767	0.80671891	0.17220910	0.80000000	8.80000000	0.02796850	0.00000000
C10	c	0.70053394	0.87273367	0.24311417	0.90000000	8.90000000	0.02478143	0.00000000
C11	c	0.78719956	0.81782966	0.29286044	1.00000000	9.00000000	0.01748097	0.00000000
C12	c	0.78440695	0.83292545	0.08655906	1.10000000	9.10000000	0.01931908	0.00000000
C13	c	0.74558865	0.89778084	0.15632916	1.20000000	9.20000000	0.02369643	0.00000000
C14	c	0.73896066	0.89950691	0.19483726	1.30000000	9.30000000	0.01313249	0.00000000
C15	c	0.73302115	0.80625353	0.29455010	1.40000000	9.40000000	0.02702597	0.00000000
C16	c	0.86926527	0.31163296	0.24027999	1.50000000	9.50000000	0.02381261	0.00000000
C17	c	0.58783029	0.34466140	0.02282568	1.60000000	9.60000000	0.02875595	0.00000000
C18	c	0.13387183	0.29217054	0.05358327	1.70000000	9.70000000	0.01776058	0.00000000
C19	c	0.27813989	0.17072690	0.19495376	1.80000000	9.80000000	0.01442159	0.00000000
C20	c	0.08769904	0.80560612	0.11379955	1.90000000	9.90000000	0.02873753	0.00000000
C21	c	0.47061084	0.94536563	0.13215426	2.00000000	10.00000000	0.01855317	0.00000000
C22	c	0.43047468	0.92122963	0.26788405	2.00000000	10.00000000	0.01366821	0.00000000
C23	c	0.99837935	0.59586371	0.26113223	2.00000000	10.00000000	0.01567039	0.00000000
C24	c	0.89842510	0.73907126	0.10633610	2.00000000	10.00000000	0.02515504	0.00000000
C25	c	0.37404864	0.46595400	0.18300719	2.00000000	10.00000000	0.01866320	0.00000000
C26	c	0.68482127	0.15662427	0.11550464	2.00000000	10.00000000	0.01525274	0.00000000
C27	c	0.85129847	0.69063060	0.05699043	2.00000000	10.00000000	0.02182417	0.00000000
C28	c	0.93779729	0.38802879	0.10093342	2.00000000	10.00000000	0.01782232	0.00000000
C29	c	0.22107941	0.93687626	0.09703857	2.00000000	10.00000000	0.02440359	0.00000000
C30	c	0.42765861	0.18341072	0.06722123	2.00000000	10.00000000	0.02570929	0.00000000

Q Vehicle fuel tank capacity /0.40000000/
C Vehicle load capacity /1.50000000/
r fuel consumption rate /0.25000000/
g inverse refueling rate /1.00000000/
v average Velocity /1.00000000/
