StringID	Type	x	y	demand	ReadyTime	DueDate	ServiceTime	altitude
D0	d	0.50000000	0.50000000	0.00000000	0.00000000	10.00000000	0.00000000	0.00000000
S0	f	0.00109901	0.47622996	0.00000000	0.00000000	10.00000000	0.00000000	0.00000000
S1	f	0.42369182	0.30645360	0.00000000	0.00000000	10.00000000	0.00000000	0.00000000
S2	f	0.59262787	0.48183905	0.00000000	0.00000000	10.00000000	0.00000000	0.00000000
S3	f	0.91082608	0.70771445	0.00000000	0.00000000	10.00000000	0.00000000	0.00000000
S4	f	0.59390295	0.17144714	0.00000000	0.00000000	10.00000000	0.00000000	0.00000000
S5	f	0.83996088	0.66546809	0.00000000	0.00000000	10.00000000	0.00000000	0.00000000
C1	c	0.11073688	0.00038608	0.13779839	0.00000000	8.00000000	0.01373908	0.00000000
C2	c	0.36603282	0.69294937	0.04310008	0.10000000	8.10000000	0.02509029	0.00000000
C3	c	0.83623113	0.40747781	0.16844281	0.20000000	8.20000000	0.01923371	0.00000000
C4	c	0.46576447	0.77367965	0.21263364	0.30000000	8.30000000	0.02649455	0.00000000
C5	c	0.96396973	0.66714444	0.09106747	0.40000000	8.40000000	0.02559206	0.00000000
C6	c	0.07074949	0.27560439	0.19099560	0.50000000	8.50000000	0.01037575	0.00000000
C7	c	0.55788612	0.35709681	0.18034546	0.60000000	8.60000000	0.01783216	0.00000000
C8	c	0.98615128	0.13604357	0.15046702	0.70000000	8.70000000	0.01454812	0.00000000
C9	c	0.13206323	0.43495652	0.05443267	0.80000000	8.80000000	0.01936524	0.00000000
C10	c	0.84891629	0.96101856	0.22155083	0.90000000	8.90000000	0.01539415	0.00000000
C11	c	0.29286254	0.85806290	0.21287482	1.00000000	9.00000000	0.02853584	0.00000000
C12	c	0.31003681	0.67675987	0.24387792	1.10000000	9.10000000	0.01953998	0.00000000
C13	c	0.52366199	0.09511068	0.07835824	1.20000000	9.20000000	0.01436249	0.00000000
C14	c	0.08389489	0.93990151	0.07440853	1.30000000	9.30000000	0.02996150	0.00000000
C15	c	0.04671498	0.52784526	0.17924132	1.40000000	9.40000000	0.02100563	0.00000000
C16	c	0.92241314	0.85556602	0.22151894	1.50000000	9.50000000	0.01109800	0.00000000
C17	c	0.87957975	0.81672164	0.02659508	1.60000000	9.60000000	0.02134632	0.00000000
C18	c	0.68248401	0.96135213	0.06462941	1.70000000	9.70000000	0.02947427	0.00000000
C19	c	0.68460034	0.48838847	0.10863556	1.80000000	9.80000000	0.01759891	0.00000000
C20	c	0.00109901	0.47622996	0.13610753	1.90000000	9.90000000	0.01733393	0.00000000
C21	c	0.08445790	0.38294114	0.06471298	2.00000000	10.00000000	0.01084999	0.00000000
C22	c	0.52094582	0.19284349	0.16194107	2.00000000	10.00000000	0.01067540	0.00000000
C23	c	0.21334070	0.04813783	0.19818919	2.00000000	10.00000000	0.02107919	0.00000000
C24	c	0.85565383	0.89812944	0.13115803	2.00000000	10.00000000	0.01509737	0.00000000
C25	c	0.89331483	0.45720713	0.20567208	2.00000000	10.00000000	0.02658682	0.00000000
C26	c	0.91052991	0.29463911	0.10191031	2.00000000	10.00000000	0.02783152	0.00000000
C27	c	0.70781026	0.19036446	0.17415872	2.00000000	10.00000000	0.02117891	0.00000000
C28	c	0.97115460	0.94160783	0.18806749	2.00000000	10.00000000	0.02365596	0.00000000
C29	c	0.58979720	0.12155790	0.23155815	2.00000000	10.00000000	0.01957067	0.00000000
C30	c	0.01689171	0.56459283	0.24555067	2.00000000	10.00000000	0.02139416	0.00000000

Q Vehicle fuel tank capacity /0.40000000/
C Vehicle load capacity /1.50000000/
r fuel consumption rate /0.25000000/
g inverse refueling rate /1.00000000/
v average Velocity /1.00000000/
