StringID	Type	x	y	demand	ReadyTime	DueDate	ServiceTime	altitude
D0	d	0.50000000	0.50000000	0.00000000	0.00000000	10.00000000	0.00000000	0.00000000
S0	f	0.70833157	0.01746571	0.00000000	0.00000000	10.00000000	0.00000000	0.00000000
S1	f	0.68597505	0.77741261	0.00000000	0.00000000	10.00000000	0.00000000	0.00000000
S2	f	0.44791608	0.61903576	0.00000000	0.00000000	10.00000000	0.00000000	0.00000000
S3	f	0.13919582	0.39904383	0.00000000	0.00000000	10.00000000	0.00000000	0.00000000
S4	f	0.44024736	0.12153446	0.00000000	0.00000000	10.00000000	0.00000000	0.00000000
S5	f	0.90566796	0.63403027	0.00000000	0.00000000	10.00000000	0.00000000	0.00000000
C1	c	0.29160699	0.23880097	0.22873142	0.00000000	8.00000000	0.01206534	0.00000000
C2	c	0.66900056	0.69738332	0.20358663	0.10000000	8.10000000	0.01102170	0.00000000
C3	c	0.05345120	0.38070947	0.08231798	0.20000000	8.20000000	0.01696435	0.00000000
C4	c	0.46155117	0.01532673	0.18679799	0.30000000	8.30000000	0.01713467	0.00000000
C5	c	0.00438068	0.87852580	0.22305340	0.40000000	8.40000000	0.01822298	0.00000000
C6	c	0.83251411	0.00024842	0.21913178	0.50000000	8.50000000	0.01054234	0.00000000
C7	c	0.00446680	0.81908210	0.02081368	0.60000000	8.60000000	0.01270610	0.00000000
C8	c	0.98900731	0.29409359	0.18595353	0.70000000	8.70000000	0.02003190	0.00000000
C9	c	0.14505965	0.34882510	0.16459311	0.80000000	8.80000000	0.02164024	0.00000000
C10	c	0.00839391	0.42469124	0.13498540	0.90000000	8.90000000	0.01295525	0.00000000
C11	c	0.50899948	0.72789499	0.11285426	1.00000000	9.00000000	0.02973572	0.00000000
C12	c	0.00859061	0.50516957	0.22030986	1.10000000	9.10000000	0.02760266	0.00000000
C13	c	0.97938462	0.65081084	0.06582042	1.20000000	9.20000000	0.01191773	0.00000000
C14	c	0.98760064	0.13981289	0.23055119	1.30000000	9.30000000	0.01180042	0.00000000
C15	c	0.28356613	0.30128366	0.09391523	1.40000000	9.40000000	0.01755782	0.00000000
C16	c	0.18263208	0.26705055	0.15144478	1.50000000	9.50000000	0.01830755	0.00000000
C17	c	0.84724025	0.45090523	0.15584739	1.60000000	9.60000000	0.02102651	0.00000000
C18	c	0.00628939	0.24976794	0.22886850	1.70000000	9.70000000	0.01908582	0.00000000
C19	c	0.74072272	0.95466640	0.09631552	1.80000000	9.80000000	0.02234377	0.00000000
C20	c	0.70833157	0.01746571	0.10084198	1.90000000	9.90000000	0.02706095	0.00000000
C21	c	0.60877271	0.45977371	0.21599348	2.00000000	10.00000000	0.02202829	0.00000000
C22	c	0.63607229	0.35004290	0.09404672	2.00000000	10.00000000	0.02834798	0.00000000
C23	c	0.19672630	0.54438713	0.04332899	2.00000000	10.00000000	0.01404833	0.00000000
C24	c	0.95802784	0.40532220	0.15701315	2.00000000	10.00000000	0.01372191	0.00000000
C25	c	0.92138659	0.59123832	0.18773732	2.00000000	10.00000000	0.01331185	0.00000000
C26	c	0.02485503	0.32640161	0.05225709	2.00000000	10.00000000	0.02765369	0.00000000
C27	c	0.15327998	0.92758363	0.16236544	2.00000000	10.00000000	0.01487110	0.00000000
C28	c	0.79011951	0.30197738	0.09089332	2.00000000	10.00000000	0.02906212	0.00000000
C29	c	0.28861143	0.88847439	0.19868238	2.00000000	10.00000000	0.02748805	0.00000000
C30	c	0.46422214	0.26825571	0.19094806	2.00000000	10.00000000	0.02206256	0.00000000

Q Vehicle fuel tank capacity /0.40000000/
C Vehicle load capacity /1.50000000/
r fuel consumption rate /0.25000000/
g inverse refueling rate /1.00000000/
v average Velocity /1.00000000/
