StringID	Type	x	y	demand	ReadyTime	DueDate	ServiceTime	altitude
D0	d	0.50000000	0.50000000	0.00000000	0.00000000	10.00000000	0.00000000	0.00000000
S0	f	0.69984824	0.65920296	0.00000000	0.00000000	10.00000000	0.00000000	0.00000000
S1	f	0.98109163	0.06992337	0.00000000	0.00000000	10.00000000	0.00000000	0.00000000
S2	f	0.71374775	0.73473436	0.00000000	0.00000000	10.00000000	0.00000000	0.00000000
S3	f	0.81265977	0.81185361	0.00000000	0.00000000	10.00000000	0.00000000	0.00000000
S4	f	0.95933638	0.19635122	0.00000000	0.00000000	10.00000000	0.00000000	0.00000000
S5	f	0.73735468	0.16188468	0.00000000	0.00000000	10.00000000	0.00000000	0.00000000
C1	c	0.18844057	0.25503686	0.21804778	0.00000000	8.00000000	0.01185545	0.00000000
C2	c	0.15340651	0.20888384	0.15099542	0.10000000	8.10000000	0.02927479	0.00000000
C3	c	0.08622799	0.28133861	0.15492349	0.20000000	8.20000000	0.01047629	0.00000000
C4	c	0.08022236	0.25924062	0.10848300	0.30000000	8.30000000	0.02661766	0.00000000
C5	c	0.17364516	0.24653131	0.08706700	0.40000000	8.40000000	0.01334529	0.00000000
C6	c	0.21906272	0.21418679	0.21609075	0.50000000	8.50000000	0.02671887	0.00000000
C7	c	0.83571581	0.87448808	0.22852330	0.60000000	8.60000000	0.02316654	0.00000000
C8	c	0.94412036	0.93657175	0.14983341	0.70000000	8.70000000	0.02716888	0.00000000
C9	c	0.95587733	0.91852839	0.21751948	0.80000000	8.80000000	0.01125622	0.00000000
C10	c	1.00000000	0.87708429	0.08964416	0.90000000	8.90000000	0.01730201	0.00000000
C11	c	0.84296670	0.86467966	0.20423155	1.00000000	9.00000000	0.02600480	0.00000000
C12	c	0.65437609	0.71368573	0.19831761	1.10000000	9.10000000	0.02529445	0.00000000
C13	c	0.55106527	0.71205837	0.19046325	1.20000000	9.20000000	0.01477885	0.00000000
C14	c	0.60487312	0.63500493	0.09689510	1.30000000	9.30000000	0.01935216	0.00000000
C15	c	0.64860542	0.71138473	0.09462161	1.40000000	9.40000000	0.02859362	0.00000000
C16	c	0.60821272	0.92811442	0.15985972	1.50000000	9.50000000	0.02147645	0.00000000
C17	c	0.60521024	0.48621457	0.09546500	1.60000000	9.60000000	0.01846421	0.00000000
C18	c	0.99825026	0.67818473	0.15101205	1.70000000	9.70000000	0.02332976	0.00000000
C19	c	0.18943938	0.02201739	0.22209220	1.80000000	9.80000000	0.01639514	0.00000000
C20	c	0.28664458	0.36630385	0.15034491	1.90000000	9.90000000	0.01650448	0.00000000
C21	c	0.90389846	0.39052384	0.12390482	2.00000000	10.00000000	0.02119011	0.00000000
C22	c	0.88505719	0.09277225	0.23767595	2.00000000	10.00000000	0.01327362	0.00000000
C23	c	0.96373927	0.02381433	0.16655939	2.00000000	10.00000000	0.01224470	0.00000000
C24	c	0.83088276	0.16726453	0.05796323	2.00000000	10.00000000	0.01020166	0.00000000
C25	c	0.83594372	0.65832694	0.02076311	2.00000000	10.00000000	0.01409931	0.00000000
C26	c	0.85844412	0.06281082	0.07956162	2.00000000	10.00000000	0.02552102	0.00000000
C27	c	0.36510042	0.80024007	0.09726141	2.00000000	10.00000000	0.02095098	0.00000000
C28	c	0.76472241	0.23894241	0.21671157	2.00000000	10.00000000	0.01646722	0.00000000
C29	c	0.46760782	0.92968109	0.10264294	2.00000000	10.00000000	0.01255961	0.00000000
C30	c	0.57382250	0.42321025	0.21252516	2.00000000	10.00000000	0.02416738	0.00000000

Q Vehicle fuel tank capacity /0.40000000/
C Vehicle load capacity /1.50000000/
r fuel consumption rate /0.25000000/
g inverse refueling rate /1.00000000/
v average Velocity /1.00000000/
