StringID	Type	x	y	demand	ReadyTime	DueDate	ServiceTime	altitude
D0	d	0.50000000	0.50000000	0.00000000	0.00000000	10.00000000	0.00000000	0.00000000
S0	f	0.90725731	0.78590115	0.00000000	0.00000000	10.00000000	0.00000000	0.00000000
S1	f	0.51489858	0.20970778	0.00000000	0.00000000	10.00000000	0.00000000	0.00000000
S2	f	0.29310935	0.07666697	0.00000000	0.00000000	10.00000000	0.00000000	0.00000000
S3	f	0.56787528	0.70156109	0.00000000	0.00000000	10.00000000	0.00000000	0.00000000
S4	f	0.91406587	0.21835756	0.00000000	0.00000000	10.00000000	0.00000000	0.00000000
S5	f	0.70489874	0.39504670	0.00000000	0.00000000	10.00000000	0.00000000	0.00000000
C1	c	0.97980345	0.88110667	0.04368741	0.00000000	8.00000000	0.02255166	0.00000000
C2	c	0.88252093	0.70369838	0.08682661	0.10000000	8.10000000	0.02660568	0.00000000
C3	c	0.93449584	0.83760264	0.21982359	0.20000000	8.20000000	0.02110591	0.00000000
C4	c	0.88241173	0.74581139	0.26345389	0.30000000	8.30000000	0.01424362	0.00000000
C5	c	0.95395902	0.76618154	0.07619499	0.40000000	8.40000000	0.01514409	0.00000000
C6	c	0.94420332	0.53998947	0.18370409	0.50000000	8.50000000	0.02312932	0.00000000
C7	c	0.87370555	0.65731653	0.24776925	0.60000000	8.60000000	0.01515410	0.00000000
C8	c	0.83102286	0.60172046	0.10856566	0.70000000	8.70000000	0.02391128	0.00000000
C9	c	0.78687341	0.68586473	0.12456237	0.80000000	8.80000000	0.01405679	0.00000000
C10	c	0.49738338	0.00363501	0.06029024	0.90000000	8.90000000	0.01535281	0.00000000
C11	c	0.44269864	0.00000000	0.28578670	1.00000000	9.00000000	0.01503583	0.00000000
C12	c	0.44583929	0.00000000	0.07960615	1.10000000	9.10000000	0.02026684	0.00000000
C13	c	0.37440615	0.03852688	0.17444102	1.20000000	9.20000000	0.02141138	0.00000000
C14	c	0.41714518	0.00000000	0.21235344	1.30000000	9.30000000	0.02621869	0.00000000
C15	c	0.50133244	0.00000000	0.19077003	1.40000000	9.40000000	0.01333488	0.00000000
C16	c	0.40767080	0.50024300	0.07129408	1.50000000	9.50000000	0.01620798	0.00000000
C17	c	0.30573899	0.86479944	0.25833985	1.60000000	9.60000000	0.01247678	0.00000000
C18	c	0.31329356	0.31385787	0.03990216	1.70000000	9.70000000	0.02792973	0.00000000
C19	c	0.85562154	0.17106586	0.24705314	1.80000000	9.80000000	0.02802987	0.00000000
C20	c	0.01652655	0.47598213	0.03437432	1.90000000	9.90000000	0.02273755	0.00000000
C21	c	0.62758288	0.83028377	0.14464894	2.00000000	10.00000000	0.02125174	0.00000000
C22	c	0.55529562	0.21218089	0.17259819	2.00000000	10.00000000	0.02542658	0.00000000
C23	c	0.25720456	0.65646600	0.11387384	2.00000000	10.00000000	0.01404764	0.00000000
C24	c	0.20283938	0.26764036	0.28266451	2.00000000	10.00000000	0.01007131	0.00000000
C25	c	0.25179163	0.51334184	0.11615471	2.00000000	10.00000000	0.01037716	0.00000000
C26	c	0.57056904	0.81093430	0.11632508	2.00000000	10.00000000	0.01798937	0.00000000
C27	c	0.16674416	0.31039910	0.27989353	2.00000000	10.00000000	0.01478217	0.00000000
C28	c	0.12383918	0.89648656	0.07321354	2.00000000	10.00000000	0.02989293	0.00000000
C29	c	0.56258723	0.77132895	0.02655527	2.00000000	10.00000000	0.02488748	0.00000000
C30	c	0.20238204	0.00356547	0.16527339	2.00000000	10.00000000	0.01700026	0.00000000

Q Vehicle fuel tank capacity /0.40000000/
C Vehicle load capacity /1.50000000/
r fuel consumption rate /0.25000000/
g inverse refueling rate /1.00000000/
v average Velocity /1.00000000/
