StringID	Type	x	y	demand	ReadyTime	DueDate	ServiceTime	altitude
D0	d	0.50000000	0.50000000	0.00000000	0.00000000	10.00000000	0.00000000	0.00000000
S0	f	0.30530248	0.49135888	0.00000000	0.00000000	10.00000000	0.00000000	0.00000000
S1	f	0.49432795	0.56638970	0.00000000	0.00000000	10.00000000	0.00000000	0.00000000
S2	f	0.01746913	0.81512836	0.00000000	0.00000000	10.00000000	0.00000000	0.00000000
S3	f	0.12480418	0.85919781	0.00000000	0.00000000	10.00000000	0.00000000	0.00000000
S4	f	0.62119882	0.74815082	0.00000000	0.00000000	10.00000000	0.00000000	0.00000000
S5	f	0.62663611	0.27586912	0.00000000	0.00000000	10.00000000	0.00000000	0.00000000
C1	c	0.82341309	0.05867372	0.08436948	0.00000000	8.00000000	0.02752300	0.00000000
C2	c	0.95017902	0.08726834	0.15658955	0.10000000	8.10000000	0.02138856	0.00000000
C3	c	0.88808054	0.11472657	0.11533243	0.20000000	8.20000000	0.02873297	0.00000000
C4	c	0.88765748	0.05582074	0.27329799	0.30000000	8.30000000	0.02397359	0.00000000
C5	c	0.81535799	0.91513052	0.02381574	0.40000000	8.40000000	0.02091742	0.00000000
C6	c	0.81783785	0.87298057	0.09770187	0.50000000	8.50000000	0.02443724	0.00000000
C7	c	0.81104665	0.79925310	0.12211691	0.60000000	8.60000000	0.01089876	0.00000000
C8	c	0.80155918	0.91069254	0.20797708	0.70000000	8.70000000	0.01263687	0.00000000
C9	c	0.80215594	0.84850842	0.17969145	0.80000000	8.80000000	0.01513651	0.00000000
C10	c	0.04310865	0.66816868	0.22249404	0.90000000	8.90000000	0.01227776	0.00000000
C11	c	0.04796385	0.66228741	0.08322215	1.00000000	9.00000000	0.01476196	0.00000000
C12	c	0.02697090	0.61684295	0.26313417	1.10000000	9.10000000	0.01635294	0.00000000
C13	c	0.05092380	0.71408906	0.09880364	1.20000000	9.20000000	0.02467285	0.00000000
C14	c	0.03969290	0.74478078	0.20964401	1.30000000	9.30000000	0.01178836	0.00000000
C15	c	0.05764841	0.67151758	0.05203678	1.40000000	9.40000000	0.02528207	0.00000000
C16	c	0.68507750	0.21389779	0.24783202	1.50000000	9.50000000	0.02753060	0.00000000
C17	c	0.26595027	0.84149902	0.05229910	1.60000000	9.60000000	0.01911684	0.00000000
C18	c	0.74527899	0.58218621	0.07765997	1.70000000	9.70000000	0.02316438	0.00000000
C19	c	0.53686377	0.22265805	0.21744928	1.80000000	9.80000000	0.01614372	0.00000000
C20	c	0.34117777	0.52986658	0.25714887	1.90000000	9.90000000	0.02210561	0.00000000
C21	c	0.87615011	0.56942805	0.19414855	2.00000000	10.00000000	0.01403723	0.00000000
C22	c	0.93664838	0.69867952	0.07322572	2.00000000	10.00000000	0.01888358	0.00000000
C23	c	0.54587111	0.72186204	0.08658438	2.00000000	10.00000000	0.02337239	0.00000000
C24	c	0.04493781	0.13184373	0.23429232	2.00000000	10.00000000	0.02884907	0.00000000
C25	c	0.25682560	0.11388788	0.20959856	2.00000000	10.00000000	0.02971851	0.00000000
C26	c	0.23809795	0.31764701	0.16774269	2.00000000	10.00000000	0.01085099	0.00000000
C27	c	0.73364242	0.08941800	0.15611121	2.00000000	10.00000000	0.01769311	0.00000000
C28	c	0.76410329	0.87653014	0.07547394	2.00000000	10.00000000	0.01822276	0.00000000
C29	c	0.45584203	0.65821917	0.10589065	2.00000000	10.00000000	0.02019296	0.00000000
C30	c	0.30718624	0.60528053	0.15431546	2.00000000	10.00000000	0.01874093	0.00000000

Q Vehicle fuel tank capacity /0.40000000/
C Vehicle load capacity /1.50000000/
r fuel consumption rate /0.25000000/
g inverse refueling rate /1.00000000/
v average Velocity /1.00000000/
