StringID	Type	x	y	demand	ReadyTime	DueDate	ServiceTime	altitude
D0	d	0.50000000	0.50000000	0.00000000	0.00000000	10.00000000	0.00000000	0.00000000
S0	f	0.48976309	0.20217392	0.00000000	0.00000000	10.00000000	0.00000000	0.00000000
S1	f	0.44712571	0.94321730	0.00000000	0.00000000	10.00000000	0.00000000	0.00000000
S2	f	0.30561461	0.30473285	0.00000000	0.00000000	10.00000000	0.00000000	0.00000000
S3	f	0.96523394	0.94902658	0.00000000	0.00000000	10.00000000	0.00000000	0.00000000
S4	f	0.61534002	0.49511698	0.00000000	0.00000000	10.00000000	0.00000000	0.00000000
S5	f	0.01903880	0.96859691	0.00000000	0.00000000	10.00000000	0.00000000	0.00000000
S6	f	0.17612749	0.12441500	0.00000000	0.00000000	10.00000000	0.00000000	0.00000000
S7	f	0.31493145	0.88142799	0.00000000	0.00000000	10.00000000	0.00000000	0.00000000
S8	f	0.45293780	0.64933351	0.00000000	0.00000000	10.00000000	0.00000000	0.00000000
S9	f	0.26537542	0.34851700	0.00000000	0.00000000	10.00000000	0.00000000	0.00000000
C1	c	0.31396863	0.49011278	0.04959967	0.00000000	8.00000000	0.01176798	0.00000000
C2	c	0.32521316	0.42930547	0.06393878	0.06000000	8.06000000	0.01529315	0.00000000
C3	c	0.32569355	0.40055944	0.04401089	0.12000000	8.12000000	0.02721359	0.00000000
C4	c	0.23334203	0.42241599	0.11452958	0.18000000	8.18000000	0.01879148	0.00000000
C5	c	0.34925828	0.51053292	0.10050348	0.24000000	8.24000000	0.02015572	0.00000000
C6	c	0.09256228	0.85658966	0.05577287	0.30000000	8.30000000	0.02978647	0.00000000
C7	c	0.06882382	0.80260172	0.15832757	0.36000000	8.36000000	0.01719886	0.00000000
C8	c	0.07018185	0.85742140	0.07813800	0.42000000	8.42000000	0.01687628	0.00000000
C9	c	0.79701714	0.09861192	0.11930639	0.48000000	8.48000000	0.02963859	0.00000000
C10	c	0.81353692	0.08725987	0.10967002	0.54000000	8.54000000	0.02291813	0.00000000
C11	c	0.84608358	0.01207621	0.04405719	0.60000000	8.60000000	0.02612141	0.00000000
C12	c	0.95406735	0.03194432	0.02683991	0.66000000	8.66000000	0.01563213	0.00000000
C13	c	0.84921657	0.12782964	0.10257574	0.72000000	8.72000000	0.02902804	0.00000000
C14	c	0.68807576	0.85294940	0.04930899	0.78000000	8.78000000	0.02563241	0.00000000
C15	c	0.69303638	0.80436751	0.07269734	0.84000000	8.84000000	0.01898158	0.00000000
C16	c	0.68067782	0.83872030	0.07418751	0.90000000	8.90000000	0.01261319	0.00000000
C17	c	0.79517017	0.90736760	0.13924202	0.96000000	8.96000000	0.02866062	0.00000000
C18	c	0.66403153	0.76787442	0.09676577	1.02000000	9.02000000	0.01531874	0.00000000
C19	c	0.71252732	0.85342298	0.16081592	1.08000000	9.08000000	0.02463676	0.00000000
C20	c	0.73281682	0.10433366	0.10240692	1.14000000	9.14000000	0.01840409	0.00000000
C21	c	0.62485014	0.00831221	0.01509134	1.20000000	9.20000000	0.01983673	0.00000000
C22	c	0.70688737	0.08313539	0.10944862	1.26000000	9.26000000	0.02733040	0.00000000
C23	c	0.80373745	0.11052797	0.06454154	1.32000000	9.32000000	0.01035262	0.00000000
C24	c	0.70809991	0.03029465	0.07445776	1.38000000	9.38000000	0.02133665	0.00000000
C25	c	0.68235395	0.07857966	0.11390425	1.44000000	9.44000000	0.02714436	0.00000000
C26	c	0.96084215	0.63592015	0.07701662	1.50000000	9.50000000	0.02396042	0.00000000
C27	c	0.25282439	0.61700057	0.07207208	1.56000000	9.56000000	0.01470156	0.00000000
C28	c	0.41799261	0.13172875	0.14926542	1.62000000	9.62000000	0.02590392	0.00000000
C29	c	0.62012919	0.79703984	0.16125824	1.68000000	9.68000000	0.01049962	0.00000000
C30	c	0.81008779	0.35303974	0.11049990	1.74000000	9.74000000	0.01802307	0.00000000
C31	c	0.03972258	0.57584285	0.05065383	1.80000000	9.80000000	0.02040780	0.00000000
C32	c	0.39576694	0.79498294	0.10754434	1.86000000	9.86000000	0.01482188	0.00000000
C33	c	0.85043575	0.31579858	0.07645591	1.92000000	9.92000000	0.02475923	0.00000000
C34	c	0.17129005	0.64584047	0.03173663	1.98000000	9.98000000	0.01477494	0.00000000
C35	c	0.40437660	0.90047304	0.01835214	2.00000000	10.00000000	0.02130619	0.00000000
C36	c	0.08839914	0.26465772	0.14985143	2.00000000	10.00000000	0.02105073	0.00000000
C37	c	0.86067933	0.43957424	0.10803308	2.00000000	10.00000000	0.01981934	0.00000000
C38	c	0.50778608	0.98932341	0.13566953	2.00000000	10.00000000	0.02124729	0.00000000
C39	c	0.35994276	0.34381393	0.13770785	2.00000000	10.00000000	0.01601213	0.00000000
C40	c	0.80607060	0.28160640	0.06630917	2.00000000	10.00000000	0.01301846	0.00000000
C41	c	0.95140183	0.78162036	0.01736370	2.00000000	10.00000000	0.01314601	0.00000000
C42	c	0.93303077	0.26593705	0.10111480	2.00000000	10.00000000	0.01001536	0.00000000
C43	c	0.73183798	0.42020465	0.07298388	2.00000000	10.00000000	0.01435644	0.00000000
C44	c	0.49183675	0.86651990	0.13534821	2.00000000	10.00000000	0.01610486	0.00000000
C45	c	0.85721778	0.69802084	0.14401088	2.00000000	10.00000000	0.01881564	0.00000000
C46	c	0.23507778	0.79519610	0.06049147	2.00000000	10.00000000	0.02960084	0.00000000
C47	c	0.02498097	0.40115354	0.03791678	2.00000000	10.00000000	0.01438424	0.00000000
C48	c	0.52038981	0.24109417	0.11204962	2.00000000	10.00000000	0.02908171	0.00000000
C49	c	0.73796131	0.23874683	0.07432886	2.00000000	10.00000000	0.02721452	0.00000000
C50	c	0.56530966	0.55253631	0.15182756	2.00000000	10.00000000	0.02125998	0.00000000

Q Vehicle fuel tank capacity /0.40000000/
C Vehicle load capacity /1.50000000/
r fuel consumption rate /0.25000000/
g inverse refueling rate /1.00000000/
v average Velocity /1.00000000/
