StringID	Type	x	y	demand	ReadyTime	DueDate	ServiceTime	altitude
D0	d	0.50000000	0.50000000	0.00000000	0.00000000	10.00000000	0.00000000	0.00000000
S0	f	0.15043190	0.76582491	0.00000000	0.00000000	10.00000000	0.00000000	0.00000000
S1	f	0.27075364	0.28037905	0.00000000	0.00000000	10.00000000	0.00000000	0.00000000
S2	f	0.18846466	0.90252346	0.00000000	0.00000000	10.00000000	0.00000000	0.00000000
S3	f	0.50279579	0.80758852	0.00000000	0.00000000	10.00000000	0.00000000	0.00000000
S4	f	0.98654455	0.28063669	0.00000000	0.00000000	10.00000000	0.00000000	0.00000000
S5	f	0.05494129	0.97240128	0.00000000	0.00000000	10.00000000	0.00000000	0.00000000
S6	f	0.98678018	0.09672040	0.00000000	0.00000000	10.00000000	0.00000000	0.00000000
S7	f	0.82644072	0.79873699	0.00000000	0.00000000	10.00000000	0.00000000	0.00000000
S8	f	0.65241201	0.68963831	0.00000000	0.00000000	10.00000000	0.00000000	0.00000000
S9	f	0.99145420	0.71638378	0.00000000	0.00000000	10.00000000	0.00000000	0.00000000
C1	c	0.06610243	0.12892219	0.10088324	0.00000000	8.00000000	0.02038281	0.00000000
C2	c	0.09959471	0.63971062	0.11287297	0.06000000	8.06000000	0.01700852	0.00000000
C3	c	0.57949110	0.29821431	0.04513110	0.12000000	8.12000000	0.02371592	0.00000000
C4	c	0.38201723	0.59035390	0.14233959	0.18000000	8.18000000	0.01886173	0.00000000
C5	c	0.87114751	0.93015294	0.13131793	0.24000000	8.24000000	0.02764530	0.00000000
C6	c	0.11181025	0.24782535	0.04788530	0.30000000	8.30000000	0.02726128	0.00000000
C7	c	0.25179826	0.59819396	0.02373900	0.36000000	8.36000000	0.01243829	0.00000000
C8	c	0.65956396	0.99396237	0.10338170	0.42000000	8.42000000	0.02234520	0.00000000
C9	c	0.06528257	0.22273092	0.04033138	0.48000000	8.48000000	0.02972768	0.00000000
C10	c	0.81240548	0.91606221	0.11579885	0.54000000	8.54000000	0.01328760	0.00000000
C11	c	0.63933752	0.25988445	0.16620926	0.60000000	8.60000000	0.02088033	0.00000000
C12	c	0.60930449	0.04391712	0.10173940	0.66000000	8.66000000	0.01155621	0.00000000
C13	c	0.10516260	0.52274762	0.09059998	0.72000000	8.72000000	0.01162836	0.00000000
C14	c	0.21945240	0.22798076	0.12821921	0.78000000	8.78000000	0.01682084	0.00000000
C15	c	0.24446674	0.38491006	0.07003338	0.84000000	8.84000000	0.01180895	0.00000000
C16	c	0.06577697	0.01332214	0.15929246	0.90000000	8.90000000	0.02205088	0.00000000
C17	c	0.37415170	0.00842408	0.17491236	0.96000000	8.96000000	0.02329634	0.00000000
C18	c	0.15939391	0.20279609	0.01955682	1.02000000	9.02000000	0.01342802	0.00000000
C19	c	0.29657000	0.39438574	0.02103307	1.08000000	9.08000000	0.02476703	0.00000000
C20	c	0.15043190	0.76582491	0.11789976	1.14000000	9.14000000	0.02234109	0.00000000
C21	c	0.71964127	0.31583652	0.02502647	1.20000000	9.20000000	0.02590629	0.00000000
C22	c	0.29908357	0.77318551	0.16716693	1.26000000	9.26000000	0.01285433	0.00000000
C23	c	0.70632066	0.50900810	0.04490887	1.32000000	9.32000000	0.02018190	0.00000000
C24	c	0.88599827	0.46535681	0.16161680	1.38000000	9.38000000	0.01151453	0.00000000
C25	c	0.89685917	0.99531443	0.02291977	1.44000000	9.44000000	0.02335591	0.00000000
C26	c	0.16867574	0.47579791	0.09030975	1.50000000	9.50000000	0.02081005	0.00000000
C27	c	0.80309992	0.01743748	0.02962311	1.56000000	9.56000000	0.01414675	0.00000000
C28	c	0.02906379	0.09116992	0.14873565	1.62000000	9.62000000	0.01063716	0.00000000
C29	c	0.63389292	0.18550128	0.13049204	1.68000000	9.68000000	0.01109655	0.00000000
C30	c	0.45648448	0.22158737	0.11597281	1.74000000	9.74000000	0.02434639	0.00000000
C31	c	0.51319515	0.39780421	0.02125528	1.80000000	9.80000000	0.01516907	0.00000000
C32	c	0.48746034	0.36513654	0.13567822	1.86000000	9.86000000	0.01111244	0.00000000
C33	c	0.66968602	0.15355256	0.05992324	1.92000000	9.92000000	0.01708146	0.00000000
C34	c	0.50399993	0.62111089	0.08496483	1.98000000	9.98000000	0.02777643	0.00000000
C35	c	0.63237365	0.81866918	0.16545231	2.00000000	10.00000000	0.02191044	0.00000000
C36	c	0.88167365	0.20953134	0.08230178	2.00000000	10.00000000	0.01984643	0.00000000
C37	c	0.27075364	0.28037905	0.12338414	2.00000000	10.00000000	0.02956643	0.00000000
C38	c	0.48722296	0.01054685	0.06302510	2.00000000	10.00000000	0.01015605	0.00000000
C39	c	0.00939799	0.18519234	0.10684078	2.00000000	10.00000000	0.02931396	0.00000000
C40	c	0.10598894	0.16022452	0.04978851	2.00000000	10.00000000	0.01413083	0.00000000
C41	c	0.97284385	0.48824765	0.05209501	2.00000000	10.00000000	0.02031220	0.00000000
C42	c	0.99460939	0.13816812	0.05333213	2.00000000	10.00000000	0.02915775	0.00000000
C43	c	0.02298386	0.49208800	0.09552563	2.00000000	10.00000000	0.02745034	0.00000000
C44	c	0.20362168	0.77690545	0.01295739	2.00000000	10.00000000	0.02908203	0.00000000
C45	c	0.68935899	0.28195512	0.04607988	2.00000000	10.00000000	0.01959580	0.00000000
C46	c	0.68765436	0.85437449	0.03281536	2.00000000	10.00000000	0.01894709	0.00000000
C47	c	0.87354824	0.65813373	0.02629175	2.00000000	10.00000000	0.01988430	0.00000000
C48	c	0.58409151	0.76464714	0.13036981	2.00000000	10.00000000	0.01282428	0.00000000
C49	c	0.27839710	0.02397900	0.16416330	2.00000000	10.00000000	0.02732674	0.00000000
C50	c	0.18846466	0.90252346	0.14380657	2.00000000	10.00000000	0.02088511	0.00000000

Q Vehicle fuel tank capacity /0.40000000/
C Vehicle load capacity /1.50000000/
r fuel consumption rate /0.25000000/
g inverse refueling rate /1.00000000/
v average Velocity /1.00000000/
