StringID	Type	x	y	demand	ReadyTime	DueDate	ServiceTime	altitude
D0	d	0.50000000	0.50000000	0.00000000	0.00000000	10.00000000	0.00000000	0.00000000
S0	f	0.89553378	0.48273821	0.00000000	0.00000000	10.00000000	0.00000000	0.00000000
S1	f	0.58387036	0.12944282	0.00000000	0.00000000	10.00000000	0.00000000	0.00000000
S2	f	0.02522000	0.63795092	0.00000000	0.00000000	10.00000000	0.00000000	0.00000000
S3	f	0.23153087	0.29622902	0.00000000	0.00000000	10.00000000	0.00000000	0.00000000
S4	f	0.22868117	0.81202903	0.00000000	0.00000000	10.00000000	0.00000000	0.00000000
S5	f	0.11752427	0.66995490	0.00000000	0.00000000	10.00000000	0.00000000	0.00000000
S6	f	0.93212633	0.01436332	0.00000000	0.00000000	10.00000000	0.00000000	0.00000000
S7	f	0.97128593	0.12136889	0.00000000	0.00000000	10.00000000	0.00000000	0.00000000
S8	f	0.21557915	0.11358678	0.00000000	0.00000000	10.00000000	0.00000000	0.00000000
S9	f	0.25952200	0.95660705	0.00000000	0.00000000	10.00000000	0.00000000	0.00000000
C1	c	0.00000000	0.41131167	0.07654052	0.00000000	8.00000000	0.01953706	0.00000000
C2	c	0.02587541	0.42102808	0.04089265	0.06000000	8.06000000	0.01819911	0.00000000
C3	c	0.05905456	0.41451431	0.03461796	0.12000000	8.12000000	0.01159184	0.00000000
C4	c	0.08611427	0.32660277	0.04771085	0.18000000	8.18000000	0.01873883	0.00000000
C5	c	0.04870000	0.49547949	0.03843208	0.24000000	8.24000000	0.02671410	0.00000000
C6	c	0.00000000	0.26372976	0.07379428	0.30000000	8.30000000	0.02576864	0.00000000
C7	c	0.00000000	0.45401487	0.14520106	0.36000000	8.36000000	0.02516376	0.00000000
C8	c	0.02400580	0.35451183	0.06539073	0.42000000	8.42000000	0.02053863	0.00000000
C9	c	0.00000000	0.78883336	0.06226494	0.48000000	8.48000000	0.02795521	0.00000000
C10	c	0.00000000	0.74244288	0.05638335	0.54000000	8.54000000	0.01090455	0.00000000
C11	c	0.08544706	0.77557532	0.15213243	0.60000000	8.60000000	0.01197523	0.00000000
C12	c	0.05446486	0.77845909	0.10659098	0.66000000	8.66000000	0.02507576	0.00000000
C13	c	0.70383679	0.31514114	0.09562271	0.72000000	8.72000000	0.02118025	0.00000000
C14	c	0.64982535	0.36946600	0.10715173	0.78000000	8.78000000	0.01375104	0.00000000
C15	c	0.53360360	0.29109260	0.05089314	0.84000000	8.84000000	0.02888455	0.00000000
C16	c	0.67190870	0.26728846	0.15394227	0.90000000	8.90000000	0.02319701	0.00000000
C17	c	0.65885263	0.28230450	0.14626546	0.96000000	8.96000000	0.02016680	0.00000000
C18	c	0.64359900	0.28252981	0.07791771	1.02000000	9.02000000	0.01364301	0.00000000
C19	c	0.65560905	0.22365250	0.10799548	1.08000000	9.08000000	0.02555515	0.00000000
C20	c	0.60788019	0.26731206	0.11836698	1.14000000	9.14000000	0.01949693	0.00000000
C21	c	0.65248194	0.21240151	0.02021947	1.20000000	9.20000000	0.01288541	0.00000000
C22	c	0.83649272	0.69447173	0.05058996	1.26000000	9.26000000	0.01575543	0.00000000
C23	c	0.75258741	0.68559052	0.07016370	1.32000000	9.32000000	0.02201594	0.00000000
C24	c	0.82872782	0.63469005	0.06060032	1.38000000	9.38000000	0.02028098	0.00000000
C25	c	0.76103804	0.62028742	0.07576546	1.44000000	9.44000000	0.01127501	0.00000000
C26	c	0.97645872	0.03509580	0.14497206	1.50000000	9.50000000	0.02975869	0.00000000
C27	c	0.20373256	0.45251339	0.10760700	1.56000000	9.56000000	0.02180496	0.00000000
C28	c	0.36364970	0.17538595	0.07760710	1.62000000	9.62000000	0.01068544	0.00000000
C29	c	0.71455405	0.99539570	0.06742980	1.68000000	9.68000000	0.02320047	0.00000000
C30	c	0.45275361	0.83288576	0.01224968	1.74000000	9.74000000	0.02191247	0.00000000
C31	c	0.76045317	0.98552463	0.06977877	1.80000000	9.80000000	0.01745457	0.00000000
C32	c	0.70672318	0.08621237	0.12911512	1.86000000	9.86000000	0.01913540	0.00000000
C33	c	0.81012104	0.90538771	0.16045430	1.92000000	9.92000000	0.02293618	0.00000000
C34	c	0.47685290	0.40995534	0.01631119	1.98000000	9.98000000	0.01308415	0.00000000
C35	c	0.83570519	0.78843203	0.04213314	2.00000000	10.00000000	0.01969830	0.00000000
C36	c	0.75818801	0.52693135	0.08022689	2.00000000	10.00000000	0.01993538	0.00000000
C37	c	0.89776073	0.04522743	0.06661993	2.00000000	10.00000000	0.01451433	0.00000000
C38	c	0.55901255	0.18755204	0.03779266	2.00000000	10.00000000	0.02829018	0.00000000
C39	c	0.94422741	0.65985063	0.12035100	2.00000000	10.00000000	0.01966819	0.00000000
C40	c	0.50833991	0.18215073	0.16335396	2.00000000	10.00000000	0.02666658	0.00000000
C41	c	0.77775754	0.47484648	0.08026367	2.00000000	10.00000000	0.01506137	0.00000000
C42	c	0.14427072	0.28777159	0.13847016	2.00000000	10.00000000	0.01889469	0.00000000
C43	c	0.60079693	0.51404883	0.12912661	2.00000000	10.00000000	0.01244369	0.00000000
C44	c	0.06375035	0.98793458	0.10362273	2.00000000	10.00000000	0.01254693	0.00000000
C45	c	0.59024786	0.03427181	0.12737916	2.00000000	10.00000000	0.02611974	0.00000000
C46	c	0.66002368	0.59562334	0.16184248	2.00000000	10.00000000	0.01924890	0.00000000
C47	c	0.37272873	0.45677001	0.11915193	2.00000000	10.00000000	0.02474213	0.00000000
C48	c	0.64680906	0.15420764	0.02413825	2.00000000	10.00000000	0.01890929	0.00000000
C49	c	0.22571637	0.91450890	0.13498439	2.00000000	10.00000000	0.01713445	0.00000000
C50	c	0.25306858	0.44473474	0.14957178	2.00000000	10.00000000	0.01605859	0.00000000

Q Vehicle fuel tank capacity /0.40000000/
C Vehicle load capacity /1.50000000/
r fuel consumption rate /0.25000000/
g inverse refueling rate /1.00000000/
v average Velocity /1.00000000/
