StringID	Type	x	y	demand	ReadyTime	DueDate	ServiceTime	altitude
D0	d	0.50000000	0.50000000	0.00000000	0.00000000	10.00000000	0.00000000	0.00000000
S0	f	0.72636224	0.57812816	0.00000000	0.00000000	10.00000000	0.00000000	0.00000000
S1	f	0.11779158	0.57317614	0.00000000	0.00000000	10.00000000	0.00000000	0.00000000
S2	f	0.19129452	0.04710424	0.00000000	0.00000000	10.00000000	0.00000000	0.00000000
S3	f	0.59224534	0.74059995	0.00000000	0.00000000	10.00000000	0.00000000	0.00000000
S4	f	0.34492048	0.14266650	0.00000000	0.00000000	10.00000000	0.00000000	0.00000000
S5	f	0.46603928	0.81971154	0.00000000	0.00000000	10.00000000	0.00000000	0.00000000
S6	f	0.94460215	0.27604925	0.00000000	0.00000000	10.00000000	0.00000000	0.00000000
S7	f	0.49872098	0.13379161	0.00000000	0.00000000	10.00000000	0.00000000	0.00000000
S8	f	0.21814335	0.22527533	0.00000000	0.00000000	10.00000000	0.00000000	0.00000000
S9	f	0.43220667	0.10126499	0.00000000	0.00000000	10.00000000	0.00000000	0.00000000
C1	c	0.31830253	0.56134471	0.09251844	0.00000000	8.00000000	0.02024409	0.00000000
C2	c	0.03464186	0.13038827	0.13238310	0.06000000	8.06000000	0.01040083	0.00000000
C3	c	0.66731865	0.11383989	0.07462143	0.12000000	8.12000000	0.01891672	0.00000000
C4	c	0.46610874	0.31503637	0.09533112	0.18000000	8.18000000	0.02674601	0.00000000
C5	c	0.48174623	0.92364734	0.05399316	0.24000000	8.24000000	0.01047948	0.00000000
C6	c	0.10824021	0.01650460	0.05982881	0.30000000	8.30000000	0.01308646	0.00000000
C7	c	0.32233496	0.49701091	0.10972024	0.36000000	8.36000000	0.02565806	0.00000000
C8	c	0.69531172	0.91103616	0.06472597	0.42000000	8.42000000	0.02317364	0.00000000
C9	c	0.48571796	0.55256482	0.13006289	0.48000000	8.48000000	0.02310038	0.00000000
C10	c	0.48705629	0.27528416	0.11791566	0.54000000	8.54000000	0.02829401	0.00000000
C11	c	0.33007977	0.30738796	0.07481467	0.60000000	8.60000000	0.02652387	0.00000000
C12	c	0.94189745	0.06614369	0.07816098	0.66000000	8.66000000	0.01234047	0.00000000
C13	c	0.67008156	0.06847011	0.13719265	0.72000000	8.72000000	0.01547439	0.00000000
C14	c	0.76272494	0.02363198	0.15113657	0.78000000	8.78000000	0.02613492	0.00000000
C15	c	0.92717827	0.17996002	0.07773162	0.84000000	8.84000000	0.02377207	0.00000000
C16	c	0.99454456	0.71636342	0.16005840	0.90000000	8.90000000	0.02517311	0.00000000
C17	c	0.10431226	0.29829712	0.11007065	0.96000000	8.96000000	0.02415236	0.00000000
C18	c	0.22333245	0.64116078	0.08344762	1.02000000	9.02000000	0.02372108	0.00000000
C19	c	0.27933901	0.61632426	0.02435883	1.08000000	9.08000000	0.02589483	0.00000000
C20	c	0.72636224	0.57812816	0.02868827	1.14000000	9.14000000	0.01716938	0.00000000
C21	c	0.88178476	0.00702982	0.10443511	1.20000000	9.20000000	0.02174882	0.00000000
C22	c	0.25395927	0.49407902	0.15744103	1.26000000	9.26000000	0.01818937	0.00000000
C23	c	0.19643545	0.54071150	0.08147974	1.32000000	9.32000000	0.01200086	0.00000000
C24	c	0.06389896	0.53966803	0.08549134	1.38000000	9.38000000	0.02882112	0.00000000
C25	c	0.78260212	0.70619443	0.10071982	1.44000000	9.44000000	0.01007406	0.00000000
C26	c	0.96782627	0.92629499	0.09611347	1.50000000	9.50000000	0.01992619	0.00000000
C27	c	0.39820418	0.70699291	0.05392549	1.56000000	9.56000000	0.02561445	0.00000000
C28	c	0.48267167	0.85625469	0.06788127	1.62000000	9.62000000	0.01843054	0.00000000
C29	c	0.51644991	0.22195849	0.10680594	1.68000000	9.68000000	0.01446953	0.00000000
C30	c	0.70656584	0.36606695	0.04191651	1.74000000	9.74000000	0.01505024	0.00000000
C31	c	0.00195816	0.79899336	0.06033319	1.80000000	9.80000000	0.01573082	0.00000000
C32	c	0.06773867	0.33200190	0.09281506	1.86000000	9.86000000	0.01136241	0.00000000
C33	c	0.25889899	0.32167639	0.10240370	1.92000000	9.92000000	0.02137806	0.00000000
C34	c	0.85432911	0.14202980	0.05286733	1.98000000	9.98000000	0.02308657	0.00000000
C35	c	0.06923721	0.45024089	0.10936729	2.00000000	10.00000000	0.02710702	0.00000000
C36	c	0.83877787	0.79022455	0.04815745	2.00000000	10.00000000	0.01318807	0.00000000
C37	c	0.11779158	0.57317614	0.10777348	2.00000000	10.00000000	0.02658638	0.00000000
C38	c	0.73269247	0.05330807	0.04994139	2.00000000	10.00000000	0.02635521	0.00000000
C39	c	0.49323605	0.64219069	0.09538671	2.00000000	10.00000000	0.02952476	0.00000000
C40	c	0.50977559	0.40767173	0.11795691	2.00000000	10.00000000	0.01533593	0.00000000
C41	c	0.09638975	0.73987925	0.13845417	2.00000000	10.00000000	0.02806764	0.00000000
C42	c	0.97240426	0.55110835	0.12364157	2.00000000	10.00000000	0.02839665	0.00000000
C43	c	0.17935694	0.36475669	0.06007902	2.00000000	10.00000000	0.01572558	0.00000000
C44	c	0.82502197	0.10153049	0.09245789	2.00000000	10.00000000	0.01374187	0.00000000
C45	c	0.75258258	0.64684221	0.06673757	2.00000000	10.00000000	0.02019862	0.00000000
C46	c	0.38918607	0.98295803	0.10801250	2.00000000	10.00000000	0.01518073	0.00000000
C47	c	0.86390634	0.93315305	0.09197790	2.00000000	10.00000000	0.01927071	0.00000000
C48	c	0.36811772	0.51354736	0.11331470	2.00000000	10.00000000	0.02392911	0.00000000
C49	c	0.89755044	0.55590694	0.08321272	2.00000000	10.00000000	0.02546203	0.00000000
C50	c	0.94347095	0.64513263	0.03213867	2.00000000	10.00000000	0.02257517	0.00000000

Q Vehicle fuel tank capacity /0.40000000/
C Vehicle load capacity /1.50000000/
r fuel consumption rate /0.25000000/
g inverse refueling rate /1.00000000/
v average Velocity /1.00000000/
