StringID	Type	x	y	demand	ReadyTime	DueDate	ServiceTime	altitude
D0	d	0.50000000	0.50000000	0.00000000	0.00000000	10.00000000	0.00000000	0.00000000
S0	f	0.44640207	0.85279447	0.00000000	0.00000000	10.00000000	0.00000000	0.00000000
S1	f	0.05882986	0.56229049	0.00000000	0.00000000	10.00000000	0.00000000	0.00000000
S2	f	0.07142739	0.88350575	0.00000000	0.00000000	10.00000000	0.00000000	0.00000000
S3	f	0.79148065	0.90148996	0.00000000	0.00000000	10.00000000	0.00000000	0.00000000
S4	f	0.80724217	0.96693728	0.00000000	0.00000000	10.00000000	0.00000000	0.00000000
S5	f	0.63831649	0.68733802	0.00000000	0.00000000	10.00000000	0.00000000	0.00000000
C1	c	0.82023029	0.57501887	0.12766973	0.00000000	8.00000000	0.02849845	0.00000000
C2	c	0.87032354	0.95398487	0.04670214	0.10000000	8.10000000	0.01827631	0.00000000
C3	c	0.78801027	0.68754595	0.02934188	0.20000000	8.20000000	0.01617283	0.00000000
C4	c	0.20232947	0.20468183	0.19043865	0.30000000	8.30000000	0.01103156	0.00000000
C5	c	0.41267242	0.31466710	0.20907335	0.40000000	8.40000000	0.02131420	0.00000000
C6	c	0.09441850	0.08296158	0.12113897	0.50000000	8.50000000	0.02344420	0.00000000
C7	c	0.26783626	0.69114154	0.28239336	0.60000000	8.60000000	0.02212475	0.00000000
C8	c	0.59650914	0.81239330	0.28278308	0.70000000	8.70000000	0.02193132	0.00000000
C9	c	0.82914564	0.48802918	0.07785604	0.80000000	8.80000000	0.02659939	0.00000000
C10	c	0.17694592	0.48096942	0.02596123	0.90000000	8.90000000	0.02064786	0.00000000
C11	c	0.88677741	0.04851166	0.17222375	1.00000000	9.00000000	0.01168110	0.00000000
C12	c	0.02784097	0.51898104	0.11235256	1.10000000	9.10000000	0.02599554	0.00000000
C13	c	0.51585697	0.41320418	0.21979897	1.20000000	9.20000000	0.02306363	0.00000000
C14	c	0.51333950	0.34765286	0.05940309	1.30000000	9.30000000	0.01563387	0.00000000
C15	c	0.95879091	0.61511387	0.20497421	1.40000000	9.40000000	0.01006777	0.00000000
C16	c	0.77049455	0.81249323	0.28512972	1.50000000	9.50000000	0.02635107	0.00000000
C17	c	0.89745393	0.84937909	0.27302448	1.60000000	9.60000000	0.01347567	0.00000000
C18	c	0.44640207	0.85279447	0.13232808	1.70000000	9.70000000	0.01912788	0.00000000
C19	c	0.26441150	0.05410275	0.12411628	1.80000000	9.80000000	0.01304901	0.00000000
C20	c	0.33946968	0.14899880	0.19526822	1.90000000	9.90000000	0.01077742	0.00000000
C21	c	0.15564528	0.07706018	0.06574507	2.00000000	10.00000000	0.02142140	0.00000000
C22	c	0.06904762	0.27108841	0.27434239	2.00000000	10.00000000	0.01536303	0.00000000
C23	c	0.69446870	0.62478049	0.17691962	2.00000000	10.00000000	0.01758180	0.00000000
C24	c	0.88344539	0.00031722	0.23776344	2.00000000	10.00000000	0.01869843	0.00000000
C25	c	0.38052370	0.23368367	0.12552659	2.00000000	10.00000000	0.01750719	0.00000000
C26	c	0.99401022	0.89029748	0.09333215	2.00000000	10.00000000	0.02847400	0.00000000
C27	c	0.42679115	0.55262364	0.03186441	2.00000000	10.00000000	0.02964449	0.00000000
C28	c	0.27484049	0.37183721	0.02619676	2.00000000	10.00000000	0.02396673	0.00000000
C29	c	0.31014730	0.57541268	0.03501743	2.00000000	10.00000000	0.02696029	0.00000000
C30	c	0.84848947	0.27193849	0.26131433	2.00000000	10.00000000	0.02414531	0.00000000

Q Vehicle fuel tank capacity /0.40000000/
C Vehicle load capacity /1.50000000/
r fuel consumption rate /0.25000000/
g inverse refueling rate /1.00000000/
v average Velocity /1.00000000/
