StringID	Type	x	y	demand	ReadyTime	DueDate	ServiceTime	altitude
D0	d	0.50000000	0.50000000	0.00000000	0.00000000	10.00000000	0.00000000	0.00000000
S0	f	0.94705116	0.74510769	0.00000000	0.00000000	10.00000000	0.00000000	0.00000000
S1	f	0.55682117	0.32231466	0.00000000	0.00000000	10.00000000	0.00000000	0.00000000
S2	f	0.57061779	0.05142282	0.00000000	0.00000000	10.00000000	0.00000000	0.00000000
S3	f	0.95208111	0.50199733	0.00000000	0.00000000	10.00000000	0.00000000	0.00000000
S4	f	0.81163707	0.21435609	0.00000000	0.00000000	10.00000000	0.00000000	0.00000000
S5	f	0.27611276	0.38592030	0.00000000	0.00000000	10.00000000	0.00000000	0.00000000
S6	f	0.30992565	0.08650037	0.00000000	0.00000000	10.00000000	0.00000000	0.00000000
S7	f	0.06947259	0.54847150	0.00000000	0.00000000	10.00000000	0.00000000	0.00000000
S8	f	0.87813395	0.78572827	0.00000000	0.00000000	10.00000000	0.00000000	0.00000000
S9	f	0.24433011	0.16761419	0.00000000	0.00000000	10.00000000	0.00000000	0.00000000
C1	c	0.34284235	0.85983093	0.04645170	0.00000000	8.00000000	0.01422755	0.00000000
C2	c	0.37103328	0.77756445	0.02407794	0.06000000	8.06000000	0.01940773	0.00000000
C3	c	0.34893447	0.91083883	0.08168451	0.12000000	8.12000000	0.01581353	0.00000000
C4	c	0.38943974	0.86649814	0.07438387	0.18000000	8.18000000	0.01079976	0.00000000
C5	c	0.34580041	0.83532073	0.15605409	0.24000000	8.24000000	0.02114142	0.00000000
C6	c	0.19646243	0.52907315	0.01170753	0.30000000	8.30000000	0.01193297	0.00000000
C7	c	0.16382434	0.45424925	0.12675140	0.36000000	8.36000000	0.02269495	0.00000000
C8	c	0.08883414	0.46464897	0.10987991	0.42000000	8.42000000	0.01669672	0.00000000
C9	c	0.25029146	0.46008099	0.08156961	0.48000000	8.48000000	0.02137689	0.00000000
C10	c	0.75678853	0.81868342	0.01291545	0.54000000	8.54000000	0.02005267	0.00000000
C11	c	0.71040564	0.85643891	0.15423717	0.60000000	8.60000000	0.01145790	0.00000000
C12	c	0.64195973	0.81227655	0.02878215	0.66000000	8.66000000	0.02604742	0.00000000
C13	c	0.75438678	0.86878081	0.11003290	0.72000000	8.72000000	0.02770785	0.00000000
C14	c	0.61440329	1.00000000	0.06745823	0.78000000	8.78000000	0.02900759	0.00000000
C15	c	0.64909526	0.85398037	0.10730061	0.84000000	8.84000000	0.01668571	0.00000000
C16	c	0.91654936	0.65517113	0.15575233	0.90000000	8.90000000	0.02731213	0.00000000
C17	c	0.97835624	0.64148959	0.12948020	0.96000000	8.96000000	0.02775506	0.00000000
C18	c	0.45631841	0.81614656	0.15770733	1.02000000	9.02000000	0.02165818	0.00000000
C19	c	0.44879196	0.97296678	0.12237985	1.08000000	9.08000000	0.01892235	0.00000000
C20	c	0.43738025	0.86680626	0.04313430	1.14000000	9.14000000	0.02020656	0.00000000
C21	c	0.46861499	0.82774118	0.03429708	1.20000000	9.20000000	0.02067731	0.00000000
C22	c	0.39868699	0.75031016	0.13892925	1.26000000	9.26000000	0.01524813	0.00000000
C23	c	0.43572397	0.86092390	0.14763672	1.32000000	9.32000000	0.02936781	0.00000000
C24	c	0.47817094	0.85485734	0.01287569	1.38000000	9.38000000	0.02754056	0.00000000
C25	c	0.49183102	0.79779477	0.12931057	1.44000000	9.44000000	0.02794004	0.00000000
C26	c	0.49943206	0.30797344	0.09420042	1.50000000	9.50000000	0.02222935	0.00000000
C27	c	0.29246048	0.77060764	0.15850279	1.56000000	9.56000000	0.01925564	0.00000000
C28	c	0.34579029	0.95882974	0.15505496	1.62000000	9.62000000	0.01622413	0.00000000
C29	c	0.67153927	0.39959549	0.05870318	1.68000000	9.68000000	0.01424336	0.00000000
C30	c	0.68599359	0.70287018	0.10758796	1.74000000	9.74000000	0.02615142	0.00000000
C31	c	0.03033914	0.37139158	0.07230758	1.80000000	9.80000000	0.02569898	0.00000000
C32	c	0.21137763	0.47038662	0.12210959	1.86000000	9.86000000	0.01782844	0.00000000
C33	c	0.29067653	0.03998815	0.05764894	1.92000000	9.92000000	0.02136804	0.00000000
C34	c	0.55707116	0.09664868	0.03741837	1.98000000	9.98000000	0.02716730	0.00000000
C35	c	0.63474731	0.33483605	0.08474775	2.00000000	10.00000000	0.01786697	0.00000000
C36	c	0.56884442	0.50263357	0.05632454	2.00000000	10.00000000	0.01339316	0.00000000
C37	c	0.07289521	0.80237108	0.05402155	2.00000000	10.00000000	0.01081450	0.00000000
C38	c	0.88539230	0.95037963	0.12500542	2.00000000	10.00000000	0.02569231	0.00000000
C39	c	0.88775324	0.58290877	0.06193869	2.00000000	10.00000000	0.02446358	0.00000000
C40	c	0.44611765	0.51032811	0.15294813	2.00000000	10.00000000	0.02367818	0.00000000
C41	c	0.53386533	0.26240675	0.11029811	2.00000000	10.00000000	0.01135271	0.00000000
C42	c	0.96839054	0.87702819	0.06992640	2.00000000	10.00000000	0.01448466	0.00000000
C43	c	0.21216778	0.80757108	0.04815718	2.00000000	10.00000000	0.01555518	0.00000000
C44	c	0.78494884	0.39142186	0.08252486	2.00000000	10.00000000	0.02253362	0.00000000
C45	c	0.56840181	0.85836484	0.11244394	2.00000000	10.00000000	0.01948090	0.00000000
C46	c	0.39334844	0.16965819	0.11494938	2.00000000	10.00000000	0.02188583	0.00000000
C47	c	0.72317920	0.68390895	0.06383083	2.00000000	10.00000000	0.02779520	0.00000000
C48	c	0.06763552	0.22423297	0.15371165	2.00000000	10.00000000	0.02153494	0.00000000
C49	c	0.27775920	0.62668118	0.01510804	2.00000000	10.00000000	0.01598770	0.00000000
C50	c	0.47404477	0.59429169	0.06573935	2.00000000	10.00000000	0.01244755	0.00000000

Q Vehicle fuel tank capacity /0.40000000/
C Vehicle load capacity /1.50000000/
r fuel consumption rate /0.25000000/
g inverse refueling rate /1.00000000/
v average Velocity /1.00000000/
