StringID	Type	x	y	demand	ReadyTime	DueDate	ServiceTime	altitude
D0	d	0.50000000	0.50000000	0.00000000	0.00000000	10.00000000	0.00000000	0.00000000
S0	f	0.70470662	0.77345816	0.00000000	0.00000000	10.00000000	0.00000000	0.00000000
S1	f	0.78757800	0.14497087	0.00000000	0.00000000	10.00000000	0.00000000	0.00000000
S2	f	0.19816838	0.05818191	0.00000000	0.00000000	10.00000000	0.00000000	0.00000000
S3	f	0.95420292	0.28198737	0.00000000	0.00000000	10.00000000	0.00000000	0.00000000
S4	f	0.14245429	0.52553153	0.00000000	0.00000000	10.00000000	0.00000000	0.00000000
S5	f	0.93066502	0.35168815	0.00000000	0.00000000	10.00000000	0.00000000	0.00000000
S6	f	0.59463148	0.23216769	0.00000000	0.00000000	10.00000000	0.00000000	0.00000000
S7	f	0.32702866	0.17348400	0.00000000	0.00000000	10.00000000	0.00000000	0.00000000
S8	f	0.77586881	0.84907959	0.00000000	0.00000000	10.00000000	0.00000000	0.00000000
S9	f	0.18949284	0.75637567	0.00000000	0.00000000	10.00000000	0.00000000	0.00000000
C1	c	0.11689993	0.31715383	0.12073544	0.00000000	8.00000000	0.01218272	0.00000000
C2	c	0.09237996	0.23927648	0.09072834	0.06000000	8.06000000	0.02386403	0.00000000
C3	c	0.06714907	0.28975798	0.06471004	0.12000000	8.12000000	0.01721289	0.00000000
C4	c	0.02332268	0.20148632	0.12282789	0.18000000	8.18000000	0.01164603	0.00000000
C5	c	0.05637784	0.25345899	0.02804021	0.24000000	8.24000000	0.01370747	0.00000000
C6	c	0.12434043	0.33022958	0.09393347	0.30000000	8.30000000	0.02340990	0.00000000
C7	c	0.13849718	0.26423076	0.08466322	0.36000000	8.36000000	0.01874159	0.00000000
C8	c	0.83745652	0.60758916	0.04710876	0.42000000	8.42000000	0.02198617	0.00000000
C9	c	0.88674475	0.48528569	0.08977876	0.48000000	8.48000000	0.01499586	0.00000000
C10	c	0.82629519	0.52422376	0.10217254	0.54000000	8.54000000	0.02007117	0.00000000
C11	c	0.69480315	0.72389654	0.13328261	0.60000000	8.60000000	0.02640558	0.00000000
C12	c	0.76237130	0.77774536	0.06678135	0.66000000	8.66000000	0.02697955	0.00000000
C13	c	0.73782822	0.81315249	0.14669294	0.72000000	8.72000000	0.01540358	0.00000000
C14	c	0.78250383	0.77551981	0.04688868	0.78000000	8.78000000	0.02795950	0.00000000
C15	c	0.79827940	0.69488434	0.06682223	0.84000000	8.84000000	0.01100876	0.00000000
C16	c	0.79396860	0.74869351	0.15966151	0.90000000	8.90000000	0.02393676	0.00000000
C17	c	0.84261276	0.96349175	0.12223446	0.96000000	8.96000000	0.02176994	0.00000000
C18	c	0.84271877	1.00000000	0.16922462	1.02000000	9.02000000	0.02920579	0.00000000
C19	c	0.93950875	1.00000000	0.03998957	1.08000000	9.08000000	0.02323834	0.00000000
C20	c	0.84986888	0.97037837	0.16227969	1.14000000	9.14000000	0.01785419	0.00000000
C21	c	0.92718037	0.95672446	0.09236124	1.20000000	9.20000000	0.02178579	0.00000000
C22	c	0.87901303	0.96747306	0.14765202	1.26000000	9.26000000	0.01987967	0.00000000
C23	c	0.92340001	0.90521559	0.14440978	1.32000000	9.32000000	0.01407084	0.00000000
C24	c	0.93593922	0.96710555	0.16649416	1.38000000	9.38000000	0.02673934	0.00000000
C25	c	0.93906175	1.00000000	0.08113156	1.44000000	9.44000000	0.02304572	0.00000000
C26	c	0.28985814	0.78002486	0.10430718	1.50000000	9.50000000	0.02832729	0.00000000
C27	c	0.83461567	0.12545014	0.05992797	1.56000000	9.56000000	0.01277300	0.00000000
C28	c	0.48564194	0.27083862	0.14123374	1.62000000	9.62000000	0.02596031	0.00000000
C29	c	0.20230980	0.51166744	0.15028892	1.68000000	9.68000000	0.01060128	0.00000000
C30	c	0.76321514	0.01586309	0.03265700	1.74000000	9.74000000	0.02031961	0.00000000
C31	c	0.66266982	0.06822080	0.09240335	1.80000000	9.80000000	0.01050215	0.00000000
C32	c	0.60291766	0.37648957	0.05677313	1.86000000	9.86000000	0.01302051	0.00000000
C33	c	0.04239880	0.42237960	0.04540600	1.92000000	9.92000000	0.02507253	0.00000000
C34	c	0.73294916	0.37051840	0.09672030	1.98000000	9.98000000	0.02198424	0.00000000
C35	c	0.10913625	0.69320165	0.13844545	2.00000000	10.00000000	0.01680323	0.00000000
C36	c	0.36064441	0.08230141	0.01447939	2.00000000	10.00000000	0.02242574	0.00000000
C37	c	0.18537332	0.67049476	0.12176762	2.00000000	10.00000000	0.02688549	0.00000000
C38	c	0.43707937	0.59930827	0.02316416	2.00000000	10.00000000	0.01623811	0.00000000
C39	c	0.24979309	0.50355842	0.03874516	2.00000000	10.00000000	0.02005516	0.00000000
C40	c	0.82027888	0.84897767	0.06591199	2.00000000	10.00000000	0.01296013	0.00000000
C41	c	0.27017911	0.89797505	0.11185631	2.00000000	10.00000000	0.01747799	0.00000000
C42	c	0.05043806	0.69683821	0.07429784	2.00000000	10.00000000	0.02349643	0.00000000
C43	c	0.58849678	0.96028930	0.01888097	2.00000000	10.00000000	0.02849337	0.00000000
C44	c	0.66191677	0.39270972	0.08190979	2.00000000	10.00000000	0.01014920	0.00000000
C45	c	0.58928974	0.49398358	0.12378395	2.00000000	10.00000000	0.01407982	0.00000000
C46	c	0.20354218	0.83696707	0.01879463	2.00000000	10.00000000	0.02259022	0.00000000
C47	c	0.65228595	0.91636448	0.13342511	2.00000000	10.00000000	0.01909547	0.00000000
C48	c	0.13865008	0.79801544	0.07330738	2.00000000	10.00000000	0.01133562	0.00000000
C49	c	0.03006377	0.51598040	0.03926732	2.00000000	10.00000000	0.02035044	0.00000000
C50	c	0.02510749	0.15102551	0.05164025	2.00000000	10.00000000	0.02568269	0.00000000

Q Vehicle fuel tank capacity /0.40000000/
C Vehicle load capacity /1.50000000/
r fuel consumption rate /0.25000000/
g inverse refueling rate /1.00000000/
v average Velocity /1.00000000/
