StringID	Type	x	y	demand	ReadyTime	DueDate	ServiceTime	altitude
D0	d	0.50000000	0.50000000	0.00000000	0.00000000	10.00000000	0.00000000	0.00000000
S0	f	0.62205969	0.52704099	0.00000000	0.00000000	10.00000000	0.00000000	0.00000000
S1	f	0.38711174	0.02185434	0.00000000	0.00000000	10.00000000	0.00000000	0.00000000
S2	f	0.68952930	0.20707332	0.00000000	0.00000000	10.00000000	0.00000000	0.00000000
S3	f	0.02706791	0.78388404	0.00000000	0.00000000	10.00000000	0.00000000	0.00000000
S4	f	0.54017108	0.42061128	0.00000000	0.00000000	10.00000000	0.00000000	0.00000000
S5	f	0.98179394	0.86756811	0.00000000	0.00000000	10.00000000	0.00000000	0.00000000
C1	c	0.15899519	0.30465313	0.27832090	0.00000000	8.00000000	0.01557365	0.00000000
C2	c	0.15520506	0.48679494	0.02576570	0.10000000	8.10000000	0.01741729	0.00000000
C3	c	0.52765969	0.72424628	0.14967963	0.20000000	8.20000000	0.01925218	0.00000000
C4	c	0.83842554	0.37244367	0.03241341	0.30000000	8.30000000	0.02339965	0.00000000
C5	c	0.52122196	0.17910436	0.21563911	0.40000000	8.40000000	0.01180897	0.00000000
C6	c	0.76229378	0.64942085	0.08736742	0.50000000	8.50000000	0.02563286	0.00000000
C7	c	0.22424907	0.30832951	0.12270356	0.60000000	8.60000000	0.02306483	0.00000000
C8	c	0.44501678	0.37745888	0.06038721	0.70000000	8.70000000	0.02449089	0.00000000
C9	c	0.56638779	0.57112031	0.28493842	0.80000000	8.80000000	0.01186992	0.00000000
C10	c	0.41261560	0.94161999	0.22719203	0.90000000	8.90000000	0.02729503	0.00000000
C11	c	0.30719120	0.90266119	0.22631239	1.00000000	9.00000000	0.01054564	0.00000000
C12	c	0.38831064	0.46836288	0.20550702	1.10000000	9.10000000	0.01464066	0.00000000
C13	c	0.35043492	0.75384225	0.10108291	1.20000000	9.20000000	0.02437523	0.00000000
C14	c	0.34629087	0.41839958	0.24308199	1.30000000	9.30000000	0.01584004	0.00000000
C15	c	0.73658378	0.20050566	0.02598625	1.40000000	9.40000000	0.01296914	0.00000000
C16	c	0.67816001	0.07323501	0.17805336	1.50000000	9.50000000	0.02887557	0.00000000
C17	c	0.96608169	0.98394460	0.07183877	1.60000000	9.60000000	0.01086239	0.00000000
C18	c	0.27340012	0.19242326	0.13402148	1.70000000	9.70000000	0.01978118	0.00000000
C19	c	0.62205969	0.52704099	0.07758090	1.80000000	9.80000000	0.01553248	0.00000000
C20	c	0.25660582	0.86890513	0.08450239	1.90000000	9.90000000	0.02920738	0.00000000
C21	c	0.14645064	0.40320222	0.03302669	2.00000000	10.00000000	0.02813037	0.00000000
C22	c	0.31245401	0.56325161	0.24709483	2.00000000	10.00000000	0.02948471	0.00000000
C23	c	0.68817316	0.54071102	0.20302151	2.00000000	10.00000000	0.02389129	0.00000000
C24	c	0.10600950	0.08353839	0.16192760	2.00000000	10.00000000	0.01159872	0.00000000
C25	c	0.04139993	0.66248963	0.24462505	2.00000000	10.00000000	0.02879910	0.00000000
C26	c	0.73037417	0.51199779	0.03290108	2.00000000	10.00000000	0.01913292	0.00000000
C27	c	0.12162749	0.26400204	0.09781691	2.00000000	10.00000000	0.02843271	0.00000000
C28	c	0.74854024	0.80260617	0.12756333	2.00000000	10.00000000	0.01964407	0.00000000
C29	c	0.56357705	0.75259953	0.29958089	2.00000000	10.00000000	0.01610177	0.00000000
C30	c	0.55318773	0.91995760	0.22006726	2.00000000	10.00000000	0.01455330	0.00000000

Q Vehicle fuel tank capacity /0.40000000/
C Vehicle load capacity /1.50000000/
r fuel consumption rate /0.25000000/
g inverse refueling rate /1.00000000/
v average Velocity /1.00000000/
