StringID	Type	x	y	demand	ReadyTime	DueDate	ServiceTime	altitude
D0	d	0.50000000	0.50000000	0.00000000	0.00000000	10.00000000	0.00000000	0.00000000
S0	f	0.82769890	0.34015418	0.00000000	0.00000000	10.00000000	0.00000000	0.00000000
S1	f	0.18104770	0.06678235	0.00000000	0.00000000	10.00000000	0.00000000	0.00000000
S2	f	0.95026472	0.45318629	0.00000000	0.00000000	10.00000000	0.00000000	0.00000000
S3	f	0.66214623	0.95807368	0.00000000	0.00000000	10.00000000	0.00000000	0.00000000
S4	f	0.04747518	0.46619221	0.00000000	0.00000000	10.00000000	0.00000000	0.00000000
S5	f	0.58934418	0.48690874	0.00000000	0.00000000	10.00000000	0.00000000	0.00000000
S6	f	0.10927923	0.90595726	0.00000000	0.00000000	10.00000000	0.00000000	0.00000000
S7	f	0.14917444	0.57229698	0.00000000	0.00000000	10.00000000	0.00000000	0.00000000
S8	f	0.80591909	0.79645322	0.00000000	0.00000000	10.00000000	0.00000000	0.00000000
S9	f	0.92018133	0.85883576	0.00000000	0.00000000	10.00000000	0.00000000	0.00000000
C1	c	0.83948654	0.18506369	0.09135122	0.00000000	8.00000000	0.01461363	0.00000000
C2	c	0.21247223	0.44955821	0.05518586	0.06000000	8.06000000	0.02457940	0.00000000
C3	c	0.19863045	0.97366328	0.07712813	0.12000000	8.12000000	0.01343098	0.00000000
C4	c	0.75214097	0.31240858	0.11351745	0.18000000	8.18000000	0.02643233	0.00000000
C5	c	0.16090196	0.15570453	0.08219918	0.24000000	8.24000000	0.01196622	0.00000000
C6	c	0.44192152	0.36142029	0.10716062	0.30000000	8.30000000	0.02981833	0.00000000
C7	c	0.53531262	0.32685777	0.03238797	0.36000000	8.36000000	0.02437090	0.00000000
C8	c	0.15557309	0.39297146	0.08333716	0.42000000	8.42000000	0.01147867	0.00000000
C9	c	0.37609454	0.59779330	0.01860073	0.48000000	8.48000000	0.02347341	0.00000000
C10	c	0.35299422	0.76680177	0.08400934	0.54000000	8.54000000	0.02166333	0.00000000
C11	c	0.95894439	0.47292390	0.07042207	0.60000000	8.60000000	0.02187062	0.00000000
C12	c	0.65630204	0.14632787	0.10112277	0.66000000	8.66000000	0.02534570	0.00000000
C13	c	0.54956133	0.92206789	0.13028453	0.72000000	8.72000000	0.02253574	0.00000000
C14	c	0.19902551	0.84627298	0.14290391	0.78000000	8.78000000	0.01314544	0.00000000
C15	c	0.54365883	0.26253861	0.02698464	0.84000000	8.84000000	0.01263005	0.00000000
C16	c	0.42805192	0.31121239	0.16782407	0.90000000	8.90000000	0.02453998	0.00000000
C17	c	0.09895005	0.82425456	0.05873786	0.96000000	8.96000000	0.02983159	0.00000000
C18	c	0.42379660	0.16605768	0.02601697	1.02000000	9.02000000	0.02597533	0.00000000
C19	c	0.82769890	0.34015418	0.17272385	1.08000000	9.08000000	0.01044244	0.00000000
C20	c	0.66705156	0.04342094	0.05288423	1.14000000	9.14000000	0.01859543	0.00000000
C21	c	0.44844471	0.25103450	0.16506428	1.20000000	9.20000000	0.02300323	0.00000000
C22	c	0.36199683	0.03898778	0.02518511	1.26000000	9.26000000	0.02555496	0.00000000
C23	c	0.12741182	0.01663035	0.04059515	1.32000000	9.32000000	0.02401639	0.00000000
C24	c	0.03207756	0.08700037	0.12505749	1.38000000	9.38000000	0.01639811	0.00000000
C25	c	0.37105438	0.11664619	0.03758120	1.44000000	9.44000000	0.02550035	0.00000000
C26	c	0.75377086	0.54000871	0.09317664	1.50000000	9.50000000	0.01897663	0.00000000
C27	c	0.20157114	0.62594526	0.12315312	1.56000000	9.56000000	0.01889029	0.00000000
C28	c	0.28762843	0.58152759	0.17791843	1.62000000	9.62000000	0.01165759	0.00000000
C29	c	0.85530130	0.82812799	0.06533952	1.68000000	9.68000000	0.01369513	0.00000000
C30	c	0.06517269	0.68449554	0.14112448	1.74000000	9.74000000	0.02811697	0.00000000
C31	c	0.13441257	0.06870799	0.05062272	1.80000000	9.80000000	0.02623943	0.00000000
C32	c	0.88108671	0.69821270	0.12519096	1.86000000	9.86000000	0.01114273	0.00000000
C33	c	0.37451412	0.24304378	0.15785597	1.92000000	9.92000000	0.02992927	0.00000000
C34	c	0.77965077	0.28065451	0.10315707	1.98000000	9.98000000	0.01246086	0.00000000
C35	c	0.18104770	0.06678235	0.06141303	2.00000000	10.00000000	0.02793453	0.00000000
C36	c	0.27926312	0.49261822	0.09857613	2.00000000	10.00000000	0.02999328	0.00000000
C37	c	0.98178546	0.28068819	0.05715307	2.00000000	10.00000000	0.01798009	0.00000000
C38	c	0.99383763	0.87280276	0.08260631	2.00000000	10.00000000	0.01725704	0.00000000
C39	c	0.38804633	0.98592079	0.09012386	2.00000000	10.00000000	0.02368375	0.00000000
C40	c	0.76215464	0.66945097	0.07293270	2.00000000	10.00000000	0.01282762	0.00000000
C41	c	0.85476766	0.06067241	0.04420186	2.00000000	10.00000000	0.01872766	0.00000000
C42	c	0.60079208	0.81365455	0.09616396	2.00000000	10.00000000	0.01029791	0.00000000
C43	c	0.93381327	0.69515132	0.09716292	2.00000000	10.00000000	0.02285130	0.00000000
C44	c	0.08141829	0.76567385	0.11959571	2.00000000	10.00000000	0.01564497	0.00000000
C45	c	0.01707325	0.23290032	0.10467339	2.00000000	10.00000000	0.02721100	0.00000000
C46	c	0.33602824	0.91279557	0.13970980	2.00000000	10.00000000	0.01833017	0.00000000
C47	c	0.11797860	0.46118703	0.17315120	2.00000000	10.00000000	0.01299484	0.00000000
C48	c	0.30326261	0.67127888	0.06072232	2.00000000	10.00000000	0.01153240	0.00000000
C49	c	0.83090383	0.70365215	0.05336384	2.00000000	10.00000000	0.01664054	0.00000000
C50	c	0.95699650	0.41818116	0.02264521	2.00000000	10.00000000	0.02191240	0.00000000

Q Vehicle fuel tank capacity /0.40000000/
C Vehicle load capacity /1.50000000/
r fuel consumption rate /0.25000000/
g inverse refueling rate /1.00000000/
v average Velocity /1.00000000/
