StringID	Type	x	y	demand	ReadyTime	DueDate	ServiceTime	altitude
D0	d	0.50000000	0.50000000	0.00000000	0.00000000	10.00000000	0.00000000	0.00000000
S0	f	0.01682494	0.10928254	0.00000000	0.00000000	10.00000000	0.00000000	0.00000000
S1	f	0.92715745	0.54210295	0.00000000	0.00000000	10.00000000	0.00000000	0.00000000
S2	f	0.58365813	0.32530242	0.00000000	0.00000000	10.00000000	0.00000000	0.00000000
S3	f	0.97472651	0.86687686	0.00000000	0.00000000	10.00000000	0.00000000	0.00000000
S4	f	0.61585144	0.14211962	0.00000000	0.00000000	10.00000000	0.00000000	0.00000000
S5	f	0.43013676	0.66835232	0.00000000	0.00000000	10.00000000	0.00000000	0.00000000
S6	f	0.73433028	0.03405310	0.00000000	0.00000000	10.00000000	0.00000000	0.00000000
S7	f	0.71573996	0.16072877	0.00000000	0.00000000	10.00000000	0.00000000	0.00000000
S8	f	0.11345468	0.48522020	0.00000000	0.00000000	10.00000000	0.00000000	0.00000000
S9	f	0.87775191	0.32029234	0.00000000	0.00000000	10.00000000	0.00000000	0.00000000
C1	c	0.13978079	0.22176363	0.08199859	0.00000000	8.00000000	0.02530439	0.00000000
C2	c	0.10746074	0.14829862	0.10507323	0.06000000	8.06000000	0.01261749	0.00000000
C3	c	1.00000000	0.54698692	0.16272518	0.12000000	8.12000000	0.02536456	0.00000000
C4	c	0.90364826	0.58391225	0.03344320	0.18000000	8.18000000	0.01755042	0.00000000
C5	c	0.96734280	0.52365645	0.04945107	0.24000000	8.24000000	0.01342231	0.00000000
C6	c	0.95304419	0.58709103	0.14166244	0.30000000	8.30000000	0.01345185	0.00000000
C7	c	1.00000000	0.45634649	0.13437162	0.36000000	8.36000000	0.01843704	0.00000000
C8	c	0.92586296	0.47431250	0.04912041	0.42000000	8.42000000	0.02826555	0.00000000
C9	c	0.59133053	0.55337153	0.02807486	0.48000000	8.48000000	0.02893831	0.00000000
C10	c	0.56996344	0.59426225	0.07765710	0.54000000	8.54000000	0.02853030	0.00000000
C11	c	0.58377237	0.61462775	0.15645610	0.60000000	8.60000000	0.01069043	0.00000000
C12	c	0.58457367	0.51872287	0.04883469	0.66000000	8.66000000	0.01987564	0.00000000
C13	c	0.52016769	0.62844526	0.10480835	0.72000000	8.72000000	0.01143025	0.00000000
C14	c	0.58142689	0.57662019	0.14578225	0.78000000	8.78000000	0.01373448	0.00000000
C15	c	0.78522954	0.16823775	0.05668861	0.84000000	8.84000000	0.01586225	0.00000000
C16	c	0.63867076	0.21242450	0.13548976	0.90000000	8.90000000	0.02182641	0.00000000
C17	c	0.75478212	0.13264916	0.05835815	0.96000000	8.96000000	0.02060536	0.00000000
C18	c	0.69927921	0.11952856	0.06580501	1.02000000	9.02000000	0.02118170	0.00000000
C19	c	0.66781881	0.14508597	0.02471552	1.08000000	9.08000000	0.01730254	0.00000000
C20	c	0.80187376	0.69831544	0.17702563	1.14000000	9.14000000	0.02642792	0.00000000
C21	c	0.76280015	0.75508534	0.03604279	1.20000000	9.20000000	0.02610877	0.00000000
C22	c	0.73686505	0.76524144	0.11923938	1.26000000	9.26000000	0.01921905	0.00000000
C23	c	0.72995279	0.72236990	0.09372166	1.32000000	9.32000000	0.02512464	0.00000000
C24	c	0.76081686	0.64438943	0.06414857	1.38000000	9.38000000	0.02569957	0.00000000
C25	c	0.87013444	0.62254203	0.01274563	1.44000000	9.44000000	0.02659511	0.00000000
C26	c	0.29289188	0.46652187	0.11136416	1.50000000	9.50000000	0.01376322	0.00000000
C27	c	0.34511147	0.78231153	0.03664466	1.56000000	9.56000000	0.02423758	0.00000000
C28	c	0.58017403	0.07333654	0.12975179	1.62000000	9.62000000	0.02948058	0.00000000
C29	c	0.05794737	0.43520122	0.10968480	1.68000000	9.68000000	0.01425331	0.00000000
C30	c	0.80208131	0.31186024	0.14889023	1.74000000	9.74000000	0.02114585	0.00000000
C31	c	0.43495018	0.97533392	0.05361656	1.80000000	9.80000000	0.02765350	0.00000000
C32	c	0.29910358	0.76521931	0.02090005	1.86000000	9.86000000	0.01321083	0.00000000
C33	c	0.13087426	0.76822791	0.14394383	1.92000000	9.92000000	0.02003737	0.00000000
C34	c	0.37752114	0.17111547	0.10601839	1.98000000	9.98000000	0.01214272	0.00000000
C35	c	0.17259249	0.42185185	0.11341502	2.00000000	10.00000000	0.02309545	0.00000000
C36	c	0.91327751	0.94691571	0.08993430	2.00000000	10.00000000	0.02930220	0.00000000
C37	c	0.92651505	0.03452141	0.11643252	2.00000000	10.00000000	0.01421735	0.00000000
C38	c	0.49378193	0.07151237	0.06206583	2.00000000	10.00000000	0.02544308	0.00000000
C39	c	0.18672415	0.29311253	0.09164553	2.00000000	10.00000000	0.01008734	0.00000000
C40	c	0.55908494	0.36512705	0.07096199	2.00000000	10.00000000	0.02698712	0.00000000
C41	c	0.82139589	0.80543833	0.14544363	2.00000000	10.00000000	0.01322379	0.00000000
C42	c	0.46095237	0.75623185	0.11100738	2.00000000	10.00000000	0.01820798	0.00000000
C43	c	0.78497858	0.82975571	0.02466226	2.00000000	10.00000000	0.01616583	0.00000000
C44	c	0.18816081	0.71187899	0.02204056	2.00000000	10.00000000	0.02266995	0.00000000
C45	c	0.97402909	0.21266546	0.08630973	2.00000000	10.00000000	0.02011798	0.00000000
C46	c	0.55729266	0.88267508	0.14881162	2.00000000	10.00000000	0.02990010	0.00000000
C47	c	0.16054154	0.50186863	0.06529729	2.00000000	10.00000000	0.02619609	0.00000000
C48	c	0.10713609	0.65477274	0.08626696	2.00000000	10.00000000	0.02294724	0.00000000
C49	c	0.77215406	0.00436704	0.17832703	2.00000000	10.00000000	0.01073539	0.00000000
C50	c	0.84935590	0.16118927	0.06312406	2.00000000	10.00000000	0.01475129	0.00000000

Q Vehicle fuel tank capacity /0.40000000/
C Vehicle load capacity /1.50000000/
r fuel consumption rate /0.25000000/
g inverse refueling rate /1.00000000/
v average Velocity /1.00000000/
