StringID	Type	x	y	demand	ReadyTime	DueDate	ServiceTime	altitude
D0	d	0.50000000	0.50000000	0.00000000	0.00000000	10.00000000	0.00000000	0.00000000
S0	f	0.59241655	0.52165674	0.00000000	0.00000000	10.00000000	0.00000000	0.00000000
S1	f	0.84059923	0.37061360	0.00000000	0.00000000	10.00000000	0.00000000	0.00000000
S2	f	0.46050742	0.40153913	0.00000000	0.00000000	10.00000000	0.00000000	0.00000000
S3	f	0.52668311	0.80544436	0.00000000	0.00000000	10.00000000	0.00000000	0.00000000
S4	f	0.59277783	0.81718026	0.00000000	0.00000000	10.00000000	0.00000000	0.00000000
S5	f	0.54478369	0.62640026	0.00000000	0.00000000	10.00000000	0.00000000	0.00000000
C1	c	0.38492485	0.50881525	0.14515351	0.00000000	8.00000000	0.01502368	0.00000000
C2	c	0.05112612	0.58755467	0.21868624	0.10000000	8.10000000	0.01507690	0.00000000
C3	c	0.70569104	0.48543535	0.09977081	0.20000000	8.20000000	0.02192926	0.00000000
C4	c	0.43408281	0.22039506	0.08411408	0.30000000	8.30000000	0.02480043	0.00000000
C5	c	0.02568031	0.38707417	0.01784328	0.40000000	8.40000000	0.02078513	0.00000000
C6	c	0.50754348	0.54533420	0.13416158	0.50000000	8.50000000	0.02824876	0.00000000
C7	c	0.93429903	0.34284691	0.25133167	0.60000000	8.60000000	0.02511227	0.00000000
C8	c	0.56136290	0.13653867	0.25618677	0.70000000	8.70000000	0.02076623	0.00000000
C9	c	0.97927699	0.47987182	0.12875278	0.80000000	8.80000000	0.01996967	0.00000000
C10	c	0.41008139	0.36861710	0.15464164	0.90000000	8.90000000	0.01420294	0.00000000
C11	c	0.89609889	0.82020087	0.17092508	1.00000000	9.00000000	0.01206771	0.00000000
C12	c	0.81461079	0.28579033	0.06303527	1.10000000	9.10000000	0.01146543	0.00000000
C13	c	0.54980648	0.23581368	0.11294356	1.20000000	9.20000000	0.01461580	0.00000000
C14	c	0.83170966	0.66774980	0.22739015	1.30000000	9.30000000	0.01111435	0.00000000
C15	c	0.94514541	0.02690597	0.16292494	1.40000000	9.40000000	0.02281120	0.00000000
C16	c	0.46140606	0.81417194	0.09961055	1.50000000	9.50000000	0.02782856	0.00000000
C17	c	0.70821712	0.15148690	0.17685503	1.60000000	9.60000000	0.01084186	0.00000000
C18	c	0.11455440	0.32065493	0.15489167	1.70000000	9.70000000	0.01259458	0.00000000
C19	c	0.39453747	0.06892258	0.23804233	1.80000000	9.80000000	0.02764390	0.00000000
C20	c	0.59241655	0.52165674	0.01874878	1.90000000	9.90000000	0.01025453	0.00000000
C21	c	0.09277751	0.88494324	0.22853431	2.00000000	10.00000000	0.02573441	0.00000000
C22	c	0.46286351	0.05045310	0.11337298	2.00000000	10.00000000	0.01005336	0.00000000
C23	c	0.45873489	0.68277868	0.08193417	2.00000000	10.00000000	0.02326773	0.00000000
C24	c	0.35838530	0.36324048	0.24800191	2.00000000	10.00000000	0.02879861	0.00000000
C25	c	0.21464327	0.83774663	0.19541719	2.00000000	10.00000000	0.01932854	0.00000000
C26	c	0.50349860	0.32621868	0.13352268	2.00000000	10.00000000	0.01232898	0.00000000
C27	c	0.92845679	0.12242046	0.23676728	2.00000000	10.00000000	0.02422569	0.00000000
C28	c	0.03997319	0.91877131	0.18309108	2.00000000	10.00000000	0.01383271	0.00000000
C29	c	0.98784277	0.73321483	0.13843074	2.00000000	10.00000000	0.02058168	0.00000000
C30	c	0.61823113	0.77906835	0.02491791	2.00000000	10.00000000	0.01631216	0.00000000

Q Vehicle fuel tank capacity /0.40000000/
C Vehicle load capacity /1.50000000/
r fuel consumption rate /0.25000000/
g inverse refueling rate /1.00000000/
v average Velocity /1.00000000/
