StringID	Type	x	y	demand	ReadyTime	DueDate	ServiceTime	altitude
D0	d	0.50000000	0.50000000	0.00000000	0.00000000	10.00000000	0.00000000	0.00000000
S0	f	0.51736848	0.32845562	0.00000000	0.00000000	10.00000000	0.00000000	0.00000000
S1	f	0.56052222	0.48639942	0.00000000	0.00000000	10.00000000	0.00000000	0.00000000
S2	f	0.14818881	0.60485766	0.00000000	0.00000000	10.00000000	0.00000000	0.00000000
S3	f	0.46018706	0.23729045	0.00000000	0.00000000	10.00000000	0.00000000	0.00000000
S4	f	0.01970717	0.62122756	0.00000000	0.00000000	10.00000000	0.00000000	0.00000000
S5	f	0.32657881	0.76898309	0.00000000	0.00000000	10.00000000	0.00000000	0.00000000
S6	f	0.28762182	0.18803584	0.00000000	0.00000000	10.00000000	0.00000000	0.00000000
S7	f	0.69729872	0.50033768	0.00000000	0.00000000	10.00000000	0.00000000	0.00000000
S8	f	0.94945023	0.72715816	0.00000000	0.00000000	10.00000000	0.00000000	0.00000000
S9	f	0.83563190	0.28301009	0.00000000	0.00000000	10.00000000	0.00000000	0.00000000
C1	c	0.73801653	0.61824033	0.12973766	0.00000000	8.00000000	0.01485697	0.00000000
C2	c	0.89454179	0.49147663	0.13822915	0.06000000	8.06000000	0.02800120	0.00000000
C3	c	0.48356801	0.38515162	0.08001213	0.12000000	8.12000000	0.01103826	0.00000000
C4	c	0.52960204	0.18991514	0.13645885	0.18000000	8.18000000	0.02950069	0.00000000
C5	c	0.62936532	0.27633299	0.09301320	0.24000000	8.24000000	0.01723360	0.00000000
C6	c	0.16075971	0.54009540	0.15076992	0.30000000	8.30000000	0.02335298	0.00000000
C7	c	0.33631544	0.42151235	0.12179247	0.36000000	8.36000000	0.01299548	0.00000000
C8	c	0.15364626	0.72441857	0.05400897	0.42000000	8.42000000	0.02304014	0.00000000
C9	c	0.72016638	0.95164593	0.10745272	0.48000000	8.48000000	0.02877834	0.00000000
C10	c	0.85482659	0.08204705	0.02363704	0.54000000	8.54000000	0.01889046	0.00000000
C11	c	0.03471438	0.30917110	0.13873738	0.60000000	8.60000000	0.01902559	0.00000000
C12	c	0.75562243	0.23776705	0.14652487	0.66000000	8.66000000	0.02525195	0.00000000
C13	c	0.00297591	0.85221280	0.03271045	0.72000000	8.72000000	0.02297396	0.00000000
C14	c	0.64315332	0.79338040	0.11057405	0.78000000	8.78000000	0.02794469	0.00000000
C15	c	0.93277998	0.62755220	0.15387733	0.84000000	8.84000000	0.02022192	0.00000000
C16	c	0.99398221	0.65485552	0.13967560	0.90000000	8.90000000	0.01482881	0.00000000
C17	c	0.20985585	0.76564491	0.05446224	0.96000000	8.96000000	0.01792251	0.00000000
C18	c	0.64695931	0.57202381	0.05025191	1.02000000	9.02000000	0.01468084	0.00000000
C19	c	0.51736848	0.32845562	0.02176531	1.08000000	9.08000000	0.02245477	0.00000000
C20	c	0.82664469	0.51936458	0.05765568	1.14000000	9.14000000	0.01231874	0.00000000
C21	c	0.99536491	0.38826045	0.13522578	1.20000000	9.20000000	0.01302272	0.00000000
C22	c	0.68587891	0.67691338	0.12590576	1.26000000	9.26000000	0.02785958	0.00000000
C23	c	0.58209348	0.92689601	0.09695885	1.32000000	9.32000000	0.01323871	0.00000000
C24	c	0.53757350	0.82092658	0.02277805	1.38000000	9.38000000	0.02188930	0.00000000
C25	c	0.87247469	0.32104990	0.06711863	1.44000000	9.44000000	0.01580877	0.00000000
C26	c	0.36009680	0.09362772	0.12284636	1.50000000	9.50000000	0.02670653	0.00000000
C27	c	0.82302859	0.02928129	0.04920972	1.56000000	9.56000000	0.01045409	0.00000000
C28	c	0.67781369	0.03547526	0.02390444	1.62000000	9.62000000	0.01448583	0.00000000
C29	c	0.54932776	0.65763031	0.12417331	1.68000000	9.68000000	0.01562034	0.00000000
C30	c	0.24456135	0.20259877	0.04875298	1.74000000	9.74000000	0.02619688	0.00000000
C31	c	0.19192694	0.44930528	0.08274199	1.80000000	9.80000000	0.01152886	0.00000000
C32	c	0.21932475	0.10667573	0.06370820	1.86000000	9.86000000	0.02785372	0.00000000
C33	c	0.22962778	0.70429773	0.03926037	1.92000000	9.92000000	0.01470234	0.00000000
C34	c	0.47618154	0.73434446	0.07883232	1.98000000	9.98000000	0.02943263	0.00000000
C35	c	0.23967966	0.00475609	0.02475266	2.00000000	10.00000000	0.01419250	0.00000000
C36	c	0.70745019	0.36639563	0.13788628	2.00000000	10.00000000	0.01131786	0.00000000
C37	c	0.56052222	0.48639942	0.07353138	2.00000000	10.00000000	0.02552330	0.00000000
C38	c	0.02415395	0.20800323	0.10727187	2.00000000	10.00000000	0.01908288	0.00000000
C39	c	0.11060522	0.99676859	0.09084296	2.00000000	10.00000000	0.01446692	0.00000000
C40	c	0.89439691	0.94842672	0.09487738	2.00000000	10.00000000	0.01243844	0.00000000
C41	c	0.27482093	0.93069671	0.13483243	2.00000000	10.00000000	0.01587595	0.00000000
C42	c	0.42051586	0.41184030	0.12671661	2.00000000	10.00000000	0.02561280	0.00000000
C43	c	0.08004076	0.86673867	0.05930799	2.00000000	10.00000000	0.02875063	0.00000000
C44	c	0.32013957	0.31001026	0.05269486	2.00000000	10.00000000	0.01892793	0.00000000
C45	c	0.44828310	0.60170529	0.07751516	2.00000000	10.00000000	0.02814310	0.00000000
C46	c	0.05251489	0.93778838	0.04885441	2.00000000	10.00000000	0.02264863	0.00000000
C47	c	0.13527666	0.43258104	0.08041095	2.00000000	10.00000000	0.01953715	0.00000000
C48	c	0.09632543	0.73842196	0.13851273	2.00000000	10.00000000	0.02043274	0.00000000
C49	c	0.62846273	0.74852921	0.13836814	2.00000000	10.00000000	0.01363736	0.00000000
C50	c	0.85054857	0.93049419	0.09086050	2.00000000	10.00000000	0.01179975	0.00000000

Q Vehicle fuel tank capacity /0.40000000/
C Vehicle load capacity /1.50000000/
r fuel consumption rate /0.25000000/
g inverse refueling rate /1.00000000/
v average Velocity /1.00000000/
