StringID	Type	x	y	demand	ReadyTime	DueDate	ServiceTime	altitude
D0	d	0.50000000	0.50000000	0.00000000	0.00000000	10.00000000	0.00000000	0.00000000
S0	f	0.24898982	0.90525139	0.00000000	0.00000000	10.00000000	0.00000000	0.00000000
S1	f	0.14558556	0.15238962	0.00000000	0.00000000	10.00000000	0.00000000	0.00000000
S2	f	0.82411702	0.02403933	0.00000000	0.00000000	10.00000000	0.00000000	0.00000000
S3	f	0.81965974	0.37842985	0.00000000	0.00000000	10.00000000	0.00000000	0.00000000
S4	f	0.74922318	0.67553485	0.00000000	0.00000000	10.00000000	0.00000000	0.00000000
S5	f	0.14941083	0.41171797	0.00000000	0.00000000	10.00000000	0.00000000	0.00000000
S6	f	0.35888599	0.96771113	0.00000000	0.00000000	10.00000000	0.00000000	0.00000000
S7	f	0.41157444	0.78553848	0.00000000	0.00000000	10.00000000	0.00000000	0.00000000
S8	f	0.23487359	0.34612406	0.00000000	0.00000000	10.00000000	0.00000000	0.00000000
S9	f	0.61419343	0.94998692	0.00000000	0.00000000	10.00000000	0.00000000	0.00000000
C1	c	0.01465020	0.03073403	0.04794157	0.00000000	8.00000000	0.01763787	0.00000000
C2	c	0.04024363	0.01289533	0.11657082	0.06000000	8.06000000	0.02510035	0.00000000
C3	c	0.00000000	0.00000000	0.10807868	0.12000000	8.12000000	0.02944256	0.00000000
C4	c	0.04376691	0.00000000	0.08409078	0.18000000	8.18000000	0.02485402	0.00000000
C5	c	0.15182717	0.00000000	0.07365591	0.24000000	8.24000000	0.02596041	0.00000000
C6	c	0.09178996	0.03645116	0.05071027	0.30000000	8.30000000	0.02257536	0.00000000
C7	c	0.00000000	0.05255073	0.17421605	0.36000000	8.36000000	0.02232668	0.00000000
C8	c	0.00000000	0.01844049	0.11416142	0.42000000	8.42000000	0.01413690	0.00000000
C9	c	0.00000000	0.00000000	0.02003451	0.48000000	8.48000000	0.02595910	0.00000000
C10	c	0.24843386	1.00000000	0.11576748	0.54000000	8.54000000	0.02245750	0.00000000
C11	c	0.30152641	0.98260653	0.12542446	0.60000000	8.60000000	0.01632566	0.00000000
C12	c	0.29113508	0.90856801	0.12545690	0.66000000	8.66000000	0.01181724	0.00000000
C13	c	0.30116059	0.81205419	0.02844161	0.72000000	8.72000000	0.01234982	0.00000000
C14	c	0.20406762	0.97773658	0.06883416	0.78000000	8.78000000	0.01434537	0.00000000
C15	c	0.73376634	0.77085945	0.04725379	0.84000000	8.84000000	0.02376145	0.00000000
C16	c	0.81672625	0.77695501	0.03361605	0.90000000	8.90000000	0.01495477	0.00000000
C17	c	0.87639824	0.51735510	0.14912714	0.96000000	8.96000000	0.02205527	0.00000000
C18	c	0.90922432	0.47841794	0.05845314	1.02000000	9.02000000	0.01751644	0.00000000
C19	c	0.89432408	0.46708264	0.05674701	1.08000000	9.08000000	0.02359946	0.00000000
C20	c	0.69468245	0.42938281	0.03631456	1.14000000	9.14000000	0.02978782	0.00000000
C21	c	0.66331569	0.39152007	0.01410651	1.20000000	9.20000000	0.02976627	0.00000000
C22	c	0.64896456	0.32678475	0.03933307	1.26000000	9.26000000	0.02261825	0.00000000
C23	c	0.70794412	0.38544109	0.07710241	1.32000000	9.32000000	0.01378231	0.00000000
C24	c	0.69221333	0.46249298	0.10134339	1.38000000	9.38000000	0.01260558	0.00000000
C25	c	0.59951416	0.29089451	0.13529511	1.44000000	9.44000000	0.01477936	0.00000000
C26	c	0.95027863	0.51636517	0.15268470	1.50000000	9.50000000	0.02354088	0.00000000
C27	c	0.82915393	0.43571480	0.12770941	1.56000000	9.56000000	0.02936976	0.00000000
C28	c	0.89542442	0.91389567	0.09813641	1.62000000	9.62000000	0.02003045	0.00000000
C29	c	0.40605076	0.14210901	0.16515976	1.68000000	9.68000000	0.01991095	0.00000000
C30	c	0.84245613	0.95443927	0.12657669	1.74000000	9.74000000	0.02495731	0.00000000
C31	c	0.01287309	0.21980760	0.07848656	1.80000000	9.80000000	0.02055351	0.00000000
C32	c	0.59638474	0.08633033	0.13929654	1.86000000	9.86000000	0.01788777	0.00000000
C33	c	0.38189374	0.75501761	0.01277541	1.92000000	9.92000000	0.01844247	0.00000000
C34	c	0.97212786	0.74270120	0.09151080	1.98000000	9.98000000	0.01557094	0.00000000
C35	c	0.79802041	0.62876793	0.03191567	2.00000000	10.00000000	0.02795504	0.00000000
C36	c	0.61633420	0.20684510	0.02836347	2.00000000	10.00000000	0.02611763	0.00000000
C37	c	0.31628311	0.09086189	0.16778023	2.00000000	10.00000000	0.01537218	0.00000000
C38	c	0.11749119	0.21726872	0.09652488	2.00000000	10.00000000	0.01376356	0.00000000
C39	c	0.68807244	0.24773837	0.14788967	2.00000000	10.00000000	0.02224722	0.00000000
C40	c	0.60276356	0.37582209	0.08328084	2.00000000	10.00000000	0.01661848	0.00000000
C41	c	0.67997280	0.98939117	0.15877231	2.00000000	10.00000000	0.01925187	0.00000000
C42	c	0.98831345	0.63091264	0.16180558	2.00000000	10.00000000	0.01772874	0.00000000
C43	c	0.18911535	0.13027888	0.07840954	2.00000000	10.00000000	0.01313972	0.00000000
C44	c	0.23896787	0.67704413	0.03506620	2.00000000	10.00000000	0.02564029	0.00000000
C45	c	0.49554756	0.74786548	0.15007410	2.00000000	10.00000000	0.02742446	0.00000000
C46	c	0.52767540	0.39438832	0.16846347	2.00000000	10.00000000	0.02062658	0.00000000
C47	c	0.42212364	0.27854721	0.01384365	2.00000000	10.00000000	0.02674111	0.00000000
C48	c	0.89775185	0.80588145	0.04782551	2.00000000	10.00000000	0.01998212	0.00000000
C49	c	0.26860920	0.18817822	0.10966534	2.00000000	10.00000000	0.02792771	0.00000000
C50	c	0.46259334	0.38643705	0.02590647	2.00000000	10.00000000	0.02207436	0.00000000

Q Vehicle fuel tank capacity /0.40000000/
C Vehicle load capacity /1.50000000/
r fuel consumption rate /0.25000000/
g inverse refueling rate /1.00000000/
v average Velocity /1.00000000/
