StringID	Type	x	y	demand	ReadyTime	DueDate	ServiceTime	altitude
D0	d	0.50000000	0.50000000	0.00000000	0.00000000	10.00000000	0.00000000	0.00000000
S0	f	0.28086359	0.67528876	0.00000000	0.00000000	10.00000000	0.00000000	0.00000000
S1	f	0.61860857	0.63343838	0.00000000	0.00000000	10.00000000	0.00000000	0.00000000
S2	f	0.08504379	0.00464974	0.00000000	0.00000000	10.00000000	0.00000000	0.00000000
S3	f	0.01875664	0.25029668	0.00000000	0.00000000	10.00000000	0.00000000	0.00000000
S4	f	0.16667905	0.72758791	0.00000000	0.00000000	10.00000000	0.00000000	0.00000000
S5	f	0.21698459	0.42338145	0.00000000	0.00000000	10.00000000	0.00000000	0.00000000
C1	c	0.95902508	0.22020096	0.21422052	0.00000000	8.00000000	0.01713383	0.00000000
C2	c	0.06969555	0.19132568	0.03461124	0.10000000	8.10000000	0.02090025	0.00000000
C3	c	0.69917816	0.41302027	0.05530748	0.20000000	8.20000000	0.02154069	0.00000000
C4	c	0.77537966	0.26912476	0.07034080	0.30000000	8.30000000	0.01589019	0.00000000
C5	c	0.92793522	0.86978788	0.06090499	0.40000000	8.40000000	0.01868410	0.00000000
C6	c	0.02473286	0.73619571	0.25476864	0.50000000	8.50000000	0.02185818	0.00000000
C7	c	0.17297662	0.88757760	0.24864373	0.60000000	8.60000000	0.02003850	0.00000000
C8	c	0.49147581	0.36879881	0.02230859	0.70000000	8.70000000	0.02351708	0.00000000
C9	c	0.89308696	0.65390835	0.16453062	0.80000000	8.80000000	0.02624156	0.00000000
C10	c	0.24917306	0.15535416	0.24312164	0.90000000	8.90000000	0.01533678	0.00000000
C11	c	0.97481320	0.10726672	0.23693236	1.00000000	9.00000000	0.01244990	0.00000000
C12	c	0.39151025	0.80189076	0.26232335	1.10000000	9.10000000	0.02610023	0.00000000
C13	c	0.34148760	0.40715701	0.13756342	1.20000000	9.20000000	0.02223354	0.00000000
C14	c	0.56989482	0.02986149	0.23886817	1.30000000	9.30000000	0.02281660	0.00000000
C15	c	0.87073016	0.90834909	0.17087043	1.40000000	9.40000000	0.01610558	0.00000000
C16	c	0.36630803	0.25202002	0.21947595	1.50000000	9.50000000	0.02662191	0.00000000
C17	c	0.23975477	0.29616274	0.05406894	1.60000000	9.60000000	0.01447334	0.00000000
C18	c	0.28086359	0.67528876	0.15090807	1.70000000	9.70000000	0.01887877	0.00000000
C19	c	0.83470315	0.21683889	0.13661400	1.80000000	9.80000000	0.02922197	0.00000000
C20	c	0.85173757	0.40530018	0.07791808	1.90000000	9.90000000	0.02098278	0.00000000
C21	c	0.73984451	0.88956387	0.25026814	2.00000000	10.00000000	0.01734058	0.00000000
C22	c	0.25921280	0.91982565	0.04577129	2.00000000	10.00000000	0.02155873	0.00000000
C23	c	0.08405194	0.66725593	0.11698424	2.00000000	10.00000000	0.01481738	0.00000000
C24	c	0.41764023	0.06342437	0.06768677	2.00000000	10.00000000	0.02716346	0.00000000
C25	c	0.89950466	0.29059157	0.12441866	2.00000000	10.00000000	0.01722873	0.00000000
C26	c	0.92522811	0.98623658	0.15346748	2.00000000	10.00000000	0.01548997	0.00000000
C27	c	0.98270433	0.01430399	0.20007992	2.00000000	10.00000000	0.02606086	0.00000000
C28	c	0.22715705	0.22086914	0.17864744	2.00000000	10.00000000	0.02900091	0.00000000
C29	c	0.09510734	0.84041217	0.05956534	2.00000000	10.00000000	0.01913745	0.00000000
C30	c	0.69361478	0.33056706	0.24880971	2.00000000	10.00000000	0.01713692	0.00000000

Q Vehicle fuel tank capacity /0.40000000/
C Vehicle load capacity /1.50000000/
r fuel consumption rate /0.25000000/
g inverse refueling rate /1.00000000/
v average Velocity /1.00000000/
