StringID	Type	x	y	demand	ReadyTime	DueDate	ServiceTime	altitude
D0	d	0.50000000	0.50000000	0.00000000	0.00000000	10.00000000	0.00000000	0.00000000
S0	f	0.82348872	0.71402305	0.00000000	0.00000000	10.00000000	0.00000000	0.00000000
S1	f	0.18866026	0.91446543	0.00000000	0.00000000	10.00000000	0.00000000	0.00000000
S2	f	0.17626876	0.75716833	0.00000000	0.00000000	10.00000000	0.00000000	0.00000000
S3	f	0.37663154	0.69074940	0.00000000	0.00000000	10.00000000	0.00000000	0.00000000
S4	f	0.45516228	0.65210997	0.00000000	0.00000000	10.00000000	0.00000000	0.00000000
S5	f	0.74528803	0.26733643	0.00000000	0.00000000	10.00000000	0.00000000	0.00000000
C1	c	0.29623863	0.14251564	0.12845083	0.00000000	8.00000000	0.01779895	0.00000000
C2	c	0.18620613	0.11508459	0.06215057	0.10000000	8.10000000	0.01434306	0.00000000
C3	c	0.28169551	0.16135577	0.17663176	0.20000000	8.20000000	0.01733799	0.00000000
C4	c	0.25059585	0.11985849	0.19062779	0.30000000	8.30000000	0.01962081	0.00000000
C5	c	0.31958780	0.13288437	0.18296051	0.40000000	8.40000000	0.01708810	0.00000000
C6	c	0.33131991	0.15859051	0.24033015	0.50000000	8.50000000	0.02750782	0.00000000
C7	c	0.31538949	0.07475765	0.20373557	0.60000000	8.60000000	0.01638513	0.00000000
C8	c	0.46682266	0.47238425	0.08285183	0.70000000	8.70000000	0.02405043	0.00000000
C9	c	0.54939769	0.54189710	0.07970448	0.80000000	8.80000000	0.01180715	0.00000000
C10	c	0.52841740	0.44939098	0.09671942	0.90000000	8.90000000	0.01360083	0.00000000
C11	c	0.47103032	0.43187525	0.02251149	1.00000000	9.00000000	0.01130300	0.00000000
C12	c	0.51381845	0.44759843	0.05126886	1.10000000	9.10000000	0.01206677	0.00000000
C13	c	0.92575473	0.70183243	0.11680061	1.20000000	9.20000000	0.01743587	0.00000000
C14	c	0.91442219	0.68935391	0.15777966	1.30000000	9.30000000	0.02572895	0.00000000
C15	c	0.93748097	0.75993121	0.11427990	1.40000000	9.40000000	0.01930876	0.00000000
C16	c	0.69120970	0.74817270	0.21300973	1.50000000	9.50000000	0.02510012	0.00000000
C17	c	0.28131022	0.41056153	0.15985764	1.60000000	9.60000000	0.01349364	0.00000000
C18	c	0.90086094	0.49172139	0.23692792	1.70000000	9.70000000	0.02696429	0.00000000
C19	c	0.56160069	0.93028204	0.17498544	1.80000000	9.80000000	0.01010125	0.00000000
C20	c	0.97119597	0.55222273	0.18805546	1.90000000	9.90000000	0.01915273	0.00000000
C21	c	0.25096080	0.99700759	0.08093503	2.00000000	10.00000000	0.01613896	0.00000000
C22	c	0.38994736	0.21715313	0.11059142	2.00000000	10.00000000	0.01707990	0.00000000
C23	c	0.36689967	0.48104072	0.22308939	2.00000000	10.00000000	0.02542118	0.00000000
C24	c	0.35440492	0.87539109	0.12921335	2.00000000	10.00000000	0.01861054	0.00000000
C25	c	0.31925659	0.70252146	0.14524698	2.00000000	10.00000000	0.01480915	0.00000000
C26	c	0.09035732	0.18004127	0.22983999	2.00000000	10.00000000	0.01223039	0.00000000
C27	c	0.06515020	0.10333862	0.23922759	2.00000000	10.00000000	0.02492768	0.00000000
C28	c	0.37179328	0.78644772	0.14309523	2.00000000	10.00000000	0.01331521	0.00000000
C29	c	0.46543776	0.75500609	0.07397143	2.00000000	10.00000000	0.01257485	0.00000000
C30	c	0.17468218	0.84821456	0.24515000	2.00000000	10.00000000	0.02229068	0.00000000

Q Vehicle fuel tank capacity /0.40000000/
C Vehicle load capacity /1.50000000/
r fuel consumption rate /0.25000000/
g inverse refueling rate /1.00000000/
v average Velocity /1.00000000/
