StringID	Type	x	y	demand	ReadyTime	DueDate	ServiceTime	altitude
D0	d	0.50000000	0.50000000	0.00000000	0.00000000	10.00000000	0.00000000	0.00000000
S0	f	0.76379410	0.92675647	0.00000000	0.00000000	10.00000000	0.00000000	0.00000000
S1	f	0.06745438	0.45306962	0.00000000	0.00000000	10.00000000	0.00000000	0.00000000
S2	f	0.99874731	0.79252559	0.00000000	0.00000000	10.00000000	0.00000000	0.00000000
S3	f	0.14772971	0.17357980	0.00000000	0.00000000	10.00000000	0.00000000	0.00000000
S4	f	0.11162254	0.87541371	0.00000000	0.00000000	10.00000000	0.00000000	0.00000000
S5	f	0.95618229	0.83999745	0.00000000	0.00000000	10.00000000	0.00000000	0.00000000
S6	f	0.11539160	0.28152062	0.00000000	0.00000000	10.00000000	0.00000000	0.00000000
S7	f	0.52953328	0.94337286	0.00000000	0.00000000	10.00000000	0.00000000	0.00000000
S8	f	0.50069970	0.89267883	0.00000000	0.00000000	10.00000000	0.00000000	0.00000000
S9	f	0.57918154	0.66057548	0.00000000	0.00000000	10.00000000	0.00000000	0.00000000
C1	c	0.85896008	0.48284397	0.14457242	0.00000000	8.00000000	0.01865996	0.00000000
C2	c	0.84772264	0.69067503	0.02751844	0.06000000	8.06000000	0.01831662	0.00000000
C3	c	0.67151139	0.62665627	0.13095654	0.12000000	8.12000000	0.01694741	0.00000000
C4	c	0.26976373	0.41170815	0.11734975	0.18000000	8.18000000	0.01180782	0.00000000
C5	c	0.08738189	0.16187296	0.05527809	0.24000000	8.24000000	0.02678031	0.00000000
C6	c	0.95208833	0.03361433	0.12276787	0.30000000	8.30000000	0.02406225	0.00000000
C7	c	0.39469674	0.06228640	0.16124893	0.36000000	8.36000000	0.01337361	0.00000000
C8	c	0.91178747	0.41675830	0.03986129	0.42000000	8.42000000	0.01087293	0.00000000
C9	c	0.53890360	0.68937658	0.04900752	0.48000000	8.48000000	0.02353077	0.00000000
C10	c	0.22802112	0.90713571	0.03149937	0.54000000	8.54000000	0.02699593	0.00000000
C11	c	0.82932210	0.94549352	0.15908505	0.60000000	8.60000000	0.01581743	0.00000000
C12	c	0.16035396	0.08707814	0.13256826	0.66000000	8.66000000	0.01428596	0.00000000
C13	c	0.22452552	0.73320607	0.04875784	0.72000000	8.72000000	0.01147819	0.00000000
C14	c	0.60323513	0.43114054	0.01945596	0.78000000	8.78000000	0.02172710	0.00000000
C15	c	0.05847550	0.76620688	0.03003392	0.84000000	8.84000000	0.01753520	0.00000000
C16	c	0.90013963	0.37274057	0.08739827	0.90000000	8.90000000	0.01353749	0.00000000
C17	c	0.51690256	0.05470910	0.15384823	0.96000000	8.96000000	0.01419827	0.00000000
C18	c	0.19055832	0.76977291	0.02177593	1.02000000	9.02000000	0.01515769	0.00000000
C19	c	0.11940599	0.44539908	0.15505224	1.08000000	9.08000000	0.02042086	0.00000000
C20	c	0.06766977	0.55106478	0.02090792	1.14000000	9.14000000	0.01089636	0.00000000
C21	c	0.76379410	0.92675647	0.11492322	1.20000000	9.20000000	0.01295420	0.00000000
C22	c	0.56573612	0.14631275	0.13793547	1.26000000	9.26000000	0.01094089	0.00000000
C23	c	0.44863016	0.03206291	0.14888416	1.32000000	9.32000000	0.01468778	0.00000000
C24	c	0.70319777	0.29705900	0.11314073	1.38000000	9.38000000	0.02335879	0.00000000
C25	c	0.14072780	0.95469862	0.16087261	1.44000000	9.44000000	0.01047489	0.00000000
C26	c	0.25993999	0.32331269	0.08916891	1.50000000	9.50000000	0.01845232	0.00000000
C27	c	0.12208044	0.33735579	0.12167646	1.56000000	9.56000000	0.02031155	0.00000000
C28	c	0.63845036	0.46791258	0.08146296	1.62000000	9.62000000	0.01824345	0.00000000
C29	c	0.79795172	0.78224775	0.16261512	1.68000000	9.68000000	0.01700081	0.00000000
C30	c	0.57903287	0.57555670	0.08104135	1.74000000	9.74000000	0.02582886	0.00000000
C31	c	0.38458577	0.97920232	0.04649343	1.80000000	9.80000000	0.01916065	0.00000000
C32	c	0.28525401	0.86435773	0.16283517	1.86000000	9.86000000	0.01984457	0.00000000
C33	c	0.76737859	0.03568881	0.09554573	1.92000000	9.92000000	0.02721847	0.00000000
C34	c	0.00679163	0.33155650	0.07046551	1.98000000	9.98000000	0.02411332	0.00000000
C35	c	0.77075517	0.47538088	0.11715062	2.00000000	10.00000000	0.02212112	0.00000000
C36	c	0.21797878	0.45046147	0.07666695	2.00000000	10.00000000	0.01935834	0.00000000
C37	c	0.03084438	0.92356719	0.06194194	2.00000000	10.00000000	0.02359556	0.00000000
C38	c	0.08102008	0.82462585	0.02942780	2.00000000	10.00000000	0.01206506	0.00000000
C39	c	0.06745438	0.45306962	0.06373291	2.00000000	10.00000000	0.02501259	0.00000000
C40	c	0.96420971	0.93606325	0.04307342	2.00000000	10.00000000	0.02565739	0.00000000
C41	c	0.45702205	0.67134088	0.03169225	2.00000000	10.00000000	0.01700244	0.00000000
C42	c	0.34584206	0.02642338	0.09371127	2.00000000	10.00000000	0.02225296	0.00000000
C43	c	0.69992440	0.86947730	0.09951864	2.00000000	10.00000000	0.02141898	0.00000000
C44	c	0.63501003	0.07914258	0.11419445	2.00000000	10.00000000	0.01309190	0.00000000
C45	c	0.50367333	0.40935411	0.13992864	2.00000000	10.00000000	0.01359161	0.00000000
C46	c	0.06451727	0.27195004	0.01272877	2.00000000	10.00000000	0.01517929	0.00000000
C47	c	0.90915861	0.66834747	0.15257232	2.00000000	10.00000000	0.01354964	0.00000000
C48	c	0.33192098	0.55739493	0.11911229	2.00000000	10.00000000	0.01710490	0.00000000
C49	c	0.46312709	0.46974158	0.02967442	2.00000000	10.00000000	0.01335170	0.00000000
C50	c	0.58816522	0.04293964	0.01886863	2.00000000	10.00000000	0.01942822	0.00000000

Q Vehicle fuel tank capacity /0.40000000/
C Vehicle load capacity /1.50000000/
r fuel consumption rate /0.25000000/
g inverse refueling rate /1.00000000/
v average Velocity /1.00000000/
