StringID	Type	x	y	demand	ReadyTime	DueDate	ServiceTime	altitude
D0	d	0.50000000	0.50000000	0.00000000	0.00000000	10.00000000	0.00000000	0.00000000
S0	f	0.96872240	0.02771460	0.00000000	0.00000000	10.00000000	0.00000000	0.00000000
S1	f	0.98849717	0.45606921	0.00000000	0.00000000	10.00000000	0.00000000	0.00000000
S2	f	0.42873585	0.99497711	0.00000000	0.00000000	10.00000000	0.00000000	0.00000000
S3	f	0.55162458	0.32382951	0.00000000	0.00000000	10.00000000	0.00000000	0.00000000
S4	f	0.31042390	0.62562408	0.00000000	0.00000000	10.00000000	0.00000000	0.00000000
S5	f	0.85904794	0.23318969	0.00000000	0.00000000	10.00000000	0.00000000	0.00000000
S6	f	0.77563686	0.62455653	0.00000000	0.00000000	10.00000000	0.00000000	0.00000000
S7	f	0.62840049	0.46850593	0.00000000	0.00000000	10.00000000	0.00000000	0.00000000
S8	f	0.81213180	0.46424593	0.00000000	0.00000000	10.00000000	0.00000000	0.00000000
S9	f	0.50193988	0.22151417	0.00000000	0.00000000	10.00000000	0.00000000	0.00000000
C1	c	0.04926701	0.21448420	0.03932575	0.00000000	8.00000000	0.01002382	0.00000000
C2	c	0.66129088	0.14933784	0.04493537	0.06000000	8.06000000	0.01988328	0.00000000
C3	c	0.36944993	0.55587098	0.05143460	0.12000000	8.12000000	0.01429047	0.00000000
C4	c	0.78846890	0.93236663	0.08704091	0.18000000	8.18000000	0.01249320	0.00000000
C5	c	0.16397753	0.48922864	0.10886254	0.24000000	8.24000000	0.02112135	0.00000000
C6	c	0.99853403	0.06310823	0.14682755	0.30000000	8.30000000	0.01068272	0.00000000
C7	c	0.65964886	0.75301875	0.15241535	0.36000000	8.36000000	0.02252154	0.00000000
C8	c	0.29285998	0.82470426	0.02555023	0.42000000	8.42000000	0.02963100	0.00000000
C9	c	0.88920450	0.33290058	0.02251800	0.48000000	8.48000000	0.01455287	0.00000000
C10	c	0.84230777	0.76186377	0.12515036	0.54000000	8.54000000	0.02634024	0.00000000
C11	c	0.79368116	0.10906305	0.14913115	0.60000000	8.60000000	0.01499174	0.00000000
C12	c	0.71400016	0.56146902	0.03369564	0.66000000	8.66000000	0.02379599	0.00000000
C13	c	0.77979249	0.50279791	0.05284525	0.72000000	8.72000000	0.02696293	0.00000000
C14	c	0.99047100	0.20617118	0.02838672	0.78000000	8.78000000	0.01058510	0.00000000
C15	c	0.42784915	0.25356807	0.13655979	0.84000000	8.84000000	0.02370140	0.00000000
C16	c	0.26119158	0.60228953	0.16033939	0.90000000	8.90000000	0.02763144	0.00000000
C17	c	0.38544056	0.68526122	0.11465085	0.96000000	8.96000000	0.02244338	0.00000000
C18	c	0.18099879	0.86917045	0.06772423	1.02000000	9.02000000	0.02233203	0.00000000
C19	c	0.63205411	0.02361669	0.14487358	1.08000000	9.08000000	0.02308814	0.00000000
C20	c	0.96872240	0.02771460	0.16516865	1.14000000	9.14000000	0.01801280	0.00000000
C21	c	0.71313247	0.51547109	0.02120626	1.20000000	9.20000000	0.01940247	0.00000000
C22	c	0.03557394	0.99884110	0.05600011	1.26000000	9.26000000	0.02142884	0.00000000
C23	c	0.16834871	0.63681709	0.12590490	1.32000000	9.32000000	0.02648174	0.00000000
C24	c	0.48468344	0.06419893	0.12931403	1.38000000	9.38000000	0.01704859	0.00000000
C25	c	0.27811586	0.40121263	0.16251609	1.44000000	9.44000000	0.02809144	0.00000000
C26	c	0.21512557	0.36763492	0.03278993	1.50000000	9.50000000	0.02187970	0.00000000
C27	c	0.58809833	0.24123708	0.10595825	1.56000000	9.56000000	0.01530282	0.00000000
C28	c	0.29552446	0.15358208	0.10376845	1.62000000	9.62000000	0.02080015	0.00000000
C29	c	0.80954963	0.59158082	0.06127658	1.68000000	9.68000000	0.02054956	0.00000000
C30	c	0.15717259	0.37378696	0.15143279	1.74000000	9.74000000	0.02852015	0.00000000
C31	c	0.27417768	0.91869382	0.16674196	1.80000000	9.80000000	0.01353486	0.00000000
C32	c	0.18934600	0.92260551	0.07664995	1.86000000	9.86000000	0.02098862	0.00000000
C33	c	0.46680287	0.66203490	0.15005621	1.92000000	9.92000000	0.02434622	0.00000000
C34	c	0.90073095	0.99816868	0.02579956	1.98000000	9.98000000	0.01113543	0.00000000
C35	c	0.87752033	0.53127602	0.11429230	2.00000000	10.00000000	0.02485374	0.00000000
C36	c	0.37867623	0.12807439	0.03993992	2.00000000	10.00000000	0.02043733	0.00000000
C37	c	0.98849717	0.45606921	0.09774299	2.00000000	10.00000000	0.02827112	0.00000000
C38	c	0.01958370	0.30150561	0.02067734	2.00000000	10.00000000	0.02379884	0.00000000
C39	c	0.53447269	0.36524542	0.05440170	2.00000000	10.00000000	0.01072291	0.00000000
C40	c	0.87313379	0.17993023	0.09719086	2.00000000	10.00000000	0.02255539	0.00000000
C41	c	0.40833922	0.30511400	0.02432701	2.00000000	10.00000000	0.01355045	0.00000000
C42	c	0.23467314	0.87014650	0.13191623	2.00000000	10.00000000	0.01493656	0.00000000
C43	c	0.95651043	0.16684034	0.13286093	2.00000000	10.00000000	0.01850016	0.00000000
C44	c	0.06493627	0.87153442	0.10556123	2.00000000	10.00000000	0.02483887	0.00000000
C45	c	0.97740272	0.55645005	0.01520907	2.00000000	10.00000000	0.01609535	0.00000000
C46	c	0.90426962	0.85829985	0.07049398	2.00000000	10.00000000	0.01301036	0.00000000
C47	c	0.84886455	0.42952887	0.13500061	2.00000000	10.00000000	0.01511755	0.00000000
C48	c	0.56562920	0.13187889	0.02106831	2.00000000	10.00000000	0.01327230	0.00000000
C49	c	0.67959363	0.20465600	0.04936352	2.00000000	10.00000000	0.02867217	0.00000000
C50	c	0.47119733	0.88750002	0.16310302	2.00000000	10.00000000	0.01717480	0.00000000

Q Vehicle fuel tank capacity /0.40000000/
C Vehicle load capacity /1.50000000/
r fuel consumption rate /0.25000000/
g inverse refueling rate /1.00000000/
v average Velocity /1.00000000/
