StringID	Type	x	y	demand	ReadyTime	DueDate	ServiceTime	altitude
D0	d	0.50000000	0.50000000	0.00000000	0.00000000	10.00000000	0.00000000	0.00000000
S0	f	0.32249446	0.26730809	0.00000000	0.00000000	10.00000000	0.00000000	0.00000000
S1	f	0.23679700	0.32999791	0.00000000	0.00000000	10.00000000	0.00000000	0.00000000
S2	f	0.92516017	0.12879314	0.00000000	0.00000000	10.00000000	0.00000000	0.00000000
S3	f	0.13707826	0.01560461	0.00000000	0.00000000	10.00000000	0.00000000	0.00000000
S4	f	0.85440557	0.58613765	0.00000000	0.00000000	10.00000000	0.00000000	0.00000000
S5	f	0.58213048	0.73560852	0.00000000	0.00000000	10.00000000	0.00000000	0.00000000
S6	f	0.94221486	0.83948978	0.00000000	0.00000000	10.00000000	0.00000000	0.00000000
S7	f	0.60769582	0.43245108	0.00000000	0.00000000	10.00000000	0.00000000	0.00000000
S8	f	0.59579729	0.02406422	0.00000000	0.00000000	10.00000000	0.00000000	0.00000000
S9	f	0.84440478	0.85548100	0.00000000	0.00000000	10.00000000	0.00000000	0.00000000
C1	c	0.76052271	0.92934928	0.07402950	0.00000000	8.00000000	0.01995344	0.00000000
C2	c	0.70160603	0.51662303	0.11283843	0.06000000	8.06000000	0.01710653	0.00000000
C3	c	0.24521789	0.37456106	0.07364406	0.12000000	8.12000000	0.02385546	0.00000000
C4	c	0.02444379	0.91508286	0.04237383	0.18000000	8.18000000	0.01108523	0.00000000
C5	c	0.54224743	0.54317964	0.16850484	0.24000000	8.24000000	0.01641088	0.00000000
C6	c	0.62131640	0.39270293	0.15668521	0.30000000	8.30000000	0.02560469	0.00000000
C7	c	0.41027506	0.49896406	0.10593807	0.36000000	8.36000000	0.01586471	0.00000000
C8	c	0.48476906	0.19826794	0.13041138	0.42000000	8.42000000	0.02096896	0.00000000
C9	c	0.09337748	0.26079125	0.03918078	0.48000000	8.48000000	0.02536651	0.00000000
C10	c	0.93927624	0.03822653	0.06022583	0.54000000	8.54000000	0.02507545	0.00000000
C11	c	0.50420630	0.01894286	0.12823030	0.60000000	8.60000000	0.02562684	0.00000000
C12	c	0.20589515	0.72338589	0.13546722	0.66000000	8.66000000	0.01669403	0.00000000
C13	c	0.18511527	0.76551234	0.15075557	0.72000000	8.72000000	0.02338445	0.00000000
C14	c	0.41648563	0.80237468	0.07312576	0.78000000	8.78000000	0.02192999	0.00000000
C15	c	0.85574581	0.70513701	0.07986631	0.84000000	8.84000000	0.02900755	0.00000000
C16	c	0.92787310	0.19593120	0.16723520	0.90000000	8.90000000	0.02801170	0.00000000
C17	c	0.01019323	0.43411302	0.06954423	0.96000000	8.96000000	0.02295618	0.00000000
C18	c	0.48117112	0.06538616	0.12311039	1.02000000	9.02000000	0.01752022	0.00000000
C19	c	0.32254520	0.34361399	0.06207118	1.08000000	9.08000000	0.02623518	0.00000000
C20	c	0.32249446	0.26730809	0.06063271	1.14000000	9.14000000	0.02047347	0.00000000
C21	c	0.64474981	0.75910865	0.01341936	1.20000000	9.20000000	0.01390280	0.00000000
C22	c	0.79871527	0.81261698	0.02078992	1.26000000	9.26000000	0.02832319	0.00000000
C23	c	0.42857103	0.39841891	0.12993389	1.32000000	9.32000000	0.01936063	0.00000000
C24	c	0.34254619	0.91927983	0.05499797	1.38000000	9.38000000	0.02640512	0.00000000
C25	c	0.06652895	0.76214866	0.01560570	1.44000000	9.44000000	0.01404017	0.00000000
C26	c	0.02742685	0.06055346	0.07394583	1.50000000	9.50000000	0.01976162	0.00000000
C27	c	0.00808995	0.34096900	0.11704017	1.56000000	9.56000000	0.02407315	0.00000000
C28	c	0.22412495	0.07892380	0.07009996	1.62000000	9.62000000	0.02729344	0.00000000
C29	c	0.34721600	0.76863856	0.10609905	1.68000000	9.68000000	0.01063892	0.00000000
C30	c	0.56700283	0.62546743	0.15325696	1.74000000	9.74000000	0.02710622	0.00000000
C31	c	0.87882590	0.38767459	0.07332419	1.80000000	9.80000000	0.02191147	0.00000000
C32	c	0.04992674	0.36636735	0.03705922	1.86000000	9.86000000	0.01439253	0.00000000
C33	c	0.08816392	0.39447429	0.03595521	1.92000000	9.92000000	0.02848423	0.00000000
C34	c	0.95737774	0.56589118	0.12895882	1.98000000	9.98000000	0.01722859	0.00000000
C35	c	0.00770402	0.15956682	0.11106438	2.00000000	10.00000000	0.02496293	0.00000000
C36	c	0.61421073	0.32449694	0.03351170	2.00000000	10.00000000	0.01497420	0.00000000
C37	c	0.53676460	0.85841729	0.04100525	2.00000000	10.00000000	0.01656352	0.00000000
C38	c	0.24210580	0.23514768	0.15659984	2.00000000	10.00000000	0.02396701	0.00000000
C39	c	0.23679700	0.32999791	0.03543763	2.00000000	10.00000000	0.02618760	0.00000000
C40	c	0.98316887	0.85981912	0.06711466	2.00000000	10.00000000	0.01641655	0.00000000
C41	c	0.90582970	0.92229646	0.05202473	2.00000000	10.00000000	0.01243930	0.00000000
C42	c	0.69646565	0.75641230	0.09745071	2.00000000	10.00000000	0.01162315	0.00000000
C43	c	0.57693814	0.20163814	0.07889902	2.00000000	10.00000000	0.02642021	0.00000000
C44	c	0.68682164	0.95577357	0.04239183	2.00000000	10.00000000	0.02937418	0.00000000
C45	c	0.80161379	0.32081073	0.05287351	2.00000000	10.00000000	0.01332315	0.00000000
C46	c	0.98698843	0.11067024	0.11118485	2.00000000	10.00000000	0.02141136	0.00000000
C47	c	0.13621038	0.87213081	0.14646917	2.00000000	10.00000000	0.02475838	0.00000000
C48	c	0.56433431	0.11319926	0.15918067	2.00000000	10.00000000	0.01911745	0.00000000
C49	c	0.51178466	0.31319659	0.14176945	2.00000000	10.00000000	0.01543015	0.00000000
C50	c	0.04053797	0.70555485	0.12866556	2.00000000	10.00000000	0.02730482	0.00000000

Q Vehicle fuel tank capacity /0.40000000/
C Vehicle load capacity /1.50000000/
r fuel consumption rate /0.25000000/
g inverse refueling rate /1.00000000/
v average Velocity /1.00000000/
