StringID	Type	x	y	demand	ReadyTime	DueDate	ServiceTime	altitude
D0	d	0.50000000	0.50000000	0.00000000	0.00000000	10.00000000	0.00000000	0.00000000
S0	f	0.62276466	0.05068489	0.00000000	0.00000000	10.00000000	0.00000000	0.00000000
S1	f	0.15371697	0.07305706	0.00000000	0.00000000	10.00000000	0.00000000	0.00000000
S2	f	0.96243631	0.60650644	0.00000000	0.00000000	10.00000000	0.00000000	0.00000000
S3	f	0.45661293	0.92277257	0.00000000	0.00000000	10.00000000	0.00000000	0.00000000
S4	f	0.69941930	0.03104427	0.00000000	0.00000000	10.00000000	0.00000000	0.00000000
S5	f	0.89660174	0.31444488	0.00000000	0.00000000	10.00000000	0.00000000	0.00000000
S6	f	0.38874265	0.82554719	0.00000000	0.00000000	10.00000000	0.00000000	0.00000000
S7	f	0.32342797	0.62125322	0.00000000	0.00000000	10.00000000	0.00000000	0.00000000
S8	f	0.81018787	0.78559407	0.00000000	0.00000000	10.00000000	0.00000000	0.00000000
S9	f	0.82981048	0.29300230	0.00000000	0.00000000	10.00000000	0.00000000	0.00000000
C1	c	0.66319929	0.21339119	0.05987311	0.00000000	8.00000000	0.01756332	0.00000000
C2	c	0.83366095	0.07968509	0.12217484	0.06000000	8.06000000	0.01976929	0.00000000
C3	c	0.04805240	0.99457572	0.04957759	0.12000000	8.12000000	0.02961460	0.00000000
C4	c	0.97150138	0.54044432	0.04524434	0.18000000	8.18000000	0.01517225	0.00000000
C5	c	0.95748875	0.25554757	0.14703999	0.24000000	8.24000000	0.01577557	0.00000000
C6	c	0.02825720	0.23016629	0.17538101	0.30000000	8.30000000	0.01874400	0.00000000
C7	c	0.31749058	0.03056982	0.01612786	0.36000000	8.36000000	0.01958464	0.00000000
C8	c	0.64931640	0.96596216	0.13569566	0.42000000	8.42000000	0.02028703	0.00000000
C9	c	0.62463246	0.49737332	0.08294282	0.48000000	8.48000000	0.01090645	0.00000000
C10	c	0.37855028	0.30219367	0.16393797	0.54000000	8.54000000	0.01016619	0.00000000
C11	c	0.86799337	0.35630968	0.06522886	0.60000000	8.60000000	0.02836036	0.00000000
C12	c	0.56772487	0.52809027	0.12267844	0.66000000	8.66000000	0.01077784	0.00000000
C13	c	0.67688611	0.86433394	0.12688808	0.72000000	8.72000000	0.01060857	0.00000000
C14	c	0.23674956	0.95584865	0.10809424	0.78000000	8.78000000	0.01118664	0.00000000
C15	c	0.64576563	0.73481269	0.01621897	0.84000000	8.84000000	0.01897644	0.00000000
C16	c	0.42624853	0.35881484	0.04166432	0.90000000	8.90000000	0.02957649	0.00000000
C17	c	0.27264893	0.99767372	0.11547998	0.96000000	8.96000000	0.02513170	0.00000000
C18	c	0.06028548	0.62487486	0.08317973	1.02000000	9.02000000	0.01556203	0.00000000
C19	c	0.42916692	0.77913973	0.03376185	1.08000000	9.08000000	0.01177933	0.00000000
C20	c	0.62276466	0.05068489	0.05364159	1.14000000	9.14000000	0.01173886	0.00000000
C21	c	0.62060514	0.65136813	0.05877010	1.20000000	9.20000000	0.01235909	0.00000000
C22	c	0.29444805	0.87281759	0.11890022	1.26000000	9.26000000	0.01980889	0.00000000
C23	c	0.00958006	0.13252882	0.14199307	1.32000000	9.32000000	0.01512829	0.00000000
C24	c	0.99435412	0.11178104	0.02198981	1.38000000	9.38000000	0.01190233	0.00000000
C25	c	0.44254779	0.02638614	0.18027911	1.44000000	9.44000000	0.01209609	0.00000000
C26	c	0.71355389	0.25343292	0.11307935	1.50000000	9.50000000	0.01256230	0.00000000
C27	c	0.28209726	0.68254827	0.05273640	1.56000000	9.56000000	0.01134576	0.00000000
C28	c	0.41011402	0.89259537	0.03227412	1.62000000	9.62000000	0.01468631	0.00000000
C29	c	0.51799054	0.10593280	0.01344429	1.68000000	9.68000000	0.01208535	0.00000000
C30	c	0.72766460	0.90100066	0.06021789	1.74000000	9.74000000	0.02553125	0.00000000
C31	c	0.85959150	0.26363187	0.07396240	1.80000000	9.80000000	0.02363908	0.00000000
C32	c	0.14970045	0.61512638	0.03983714	1.86000000	9.86000000	0.02732610	0.00000000
C33	c	0.68503825	0.69737366	0.15602453	1.92000000	9.92000000	0.01392943	0.00000000
C34	c	0.26064067	0.57703645	0.17754300	1.98000000	9.98000000	0.01299345	0.00000000
C35	c	0.88730435	0.81901555	0.05982998	2.00000000	10.00000000	0.02228272	0.00000000
C36	c	0.96541226	0.89247494	0.14110655	2.00000000	10.00000000	0.01779623	0.00000000
C37	c	0.00302643	0.85912552	0.18110847	2.00000000	10.00000000	0.01126058	0.00000000
C38	c	0.00801574	0.32366474	0.03510541	2.00000000	10.00000000	0.02175503	0.00000000
C39	c	0.15371697	0.07305706	0.04313451	2.00000000	10.00000000	0.01304791	0.00000000
C40	c	0.80915326	0.88186848	0.05897423	2.00000000	10.00000000	0.02053397	0.00000000
C41	c	0.74317362	0.58594353	0.04696979	2.00000000	10.00000000	0.02345567	0.00000000
C42	c	0.79017027	0.20949659	0.13639733	2.00000000	10.00000000	0.01384296	0.00000000
C43	c	0.57093675	0.43289791	0.15639967	2.00000000	10.00000000	0.01837775	0.00000000
C44	c	0.64453470	0.45287814	0.14573536	2.00000000	10.00000000	0.02324554	0.00000000
C45	c	0.88002190	0.08295440	0.04392350	2.00000000	10.00000000	0.02497030	0.00000000
C46	c	0.72868760	0.78424327	0.12084922	2.00000000	10.00000000	0.01336855	0.00000000
C47	c	0.90544492	0.75616429	0.07976732	2.00000000	10.00000000	0.02832689	0.00000000
C48	c	0.50633926	0.91458766	0.01457732	2.00000000	10.00000000	0.02457217	0.00000000
C49	c	0.59908845	0.72959955	0.08680683	2.00000000	10.00000000	0.01286591	0.00000000
C50	c	0.82308501	0.46547128	0.14343183	2.00000000	10.00000000	0.02538064	0.00000000

Q Vehicle fuel tank capacity /0.40000000/
C Vehicle load capacity /1.50000000/
r fuel consumption rate /0.25000000/
g inverse refueling rate /1.00000000/
v average Velocity /1.00000000/
