StringID	Type	x	y	demand	ReadyTime	DueDate	ServiceTime	altitude
D0	d	0.50000000	0.50000000	0.00000000	0.00000000	10.00000000	0.00000000	0.00000000
S0	f	0.66369686	0.07343034	0.00000000	0.00000000	10.00000000	0.00000000	0.00000000
S1	f	0.17371736	0.68770563	0.00000000	0.00000000	10.00000000	0.00000000	0.00000000
S2	f	0.05697322	0.59980760	0.00000000	0.00000000	10.00000000	0.00000000	0.00000000
S3	f	0.26154506	0.69411188	0.00000000	0.00000000	10.00000000	0.00000000	0.00000000
S4	f	0.96402433	0.75434666	0.00000000	0.00000000	10.00000000	0.00000000	0.00000000
S5	f	0.78124339	0.92216360	0.00000000	0.00000000	10.00000000	0.00000000	0.00000000
C1	c	0.86032075	0.02183206	0.08616676	0.00000000	8.00000000	0.01383080	0.00000000
C2	c	0.41125278	0.91031812	0.23658645	0.10000000	8.10000000	0.02421690	0.00000000
C3	c	0.02678023	0.26575229	0.09880685	0.20000000	8.20000000	0.02997093	0.00000000
C4	c	0.57891869	0.95254672	0.14431962	0.30000000	8.30000000	0.01707995	0.00000000
C5	c	0.99034862	0.78569359	0.11121675	0.40000000	8.40000000	0.02187961	0.00000000
C6	c	0.00423417	0.14173666	0.19304878	0.50000000	8.50000000	0.02567588	0.00000000
C7	c	0.44569745	0.96746551	0.05169362	0.60000000	8.60000000	0.02778958	0.00000000
C8	c	0.32667824	0.51915028	0.16496461	0.70000000	8.70000000	0.02068745	0.00000000
C9	c	0.54666056	0.08365197	0.22886875	0.80000000	8.80000000	0.01554088	0.00000000
C10	c	0.07535140	0.37724521	0.15019588	0.90000000	8.90000000	0.02217874	0.00000000
C11	c	0.18852768	0.74769867	0.13815109	1.00000000	9.00000000	0.01053906	0.00000000
C12	c	0.65829852	0.73835317	0.22587508	1.10000000	9.10000000	0.02104164	0.00000000
C13	c	0.09093598	0.67969258	0.04462775	1.20000000	9.20000000	0.02957321	0.00000000
C14	c	0.56247956	0.25622492	0.16922939	1.30000000	9.30000000	0.01748355	0.00000000
C15	c	0.23792153	0.40942845	0.23584612	1.40000000	9.40000000	0.01648532	0.00000000
C16	c	0.32395504	0.36196503	0.02862346	1.50000000	9.50000000	0.02864029	0.00000000
C17	c	0.35350420	0.89497948	0.19622700	1.60000000	9.60000000	0.01629742	0.00000000
C18	c	0.30825840	0.87948070	0.18989335	1.70000000	9.70000000	0.01546744	0.00000000
C19	c	0.15691129	0.21457028	0.22239341	1.80000000	9.80000000	0.01993040	0.00000000
C20	c	0.66369686	0.07343034	0.22185906	1.90000000	9.90000000	0.01717641	0.00000000
C21	c	0.49650869	0.13526386	0.05373491	2.00000000	10.00000000	0.01530642	0.00000000
C22	c	0.34799899	0.77177204	0.09267441	2.00000000	10.00000000	0.01605158	0.00000000
C23	c	0.55304498	0.78883405	0.09259266	2.00000000	10.00000000	0.02447474	0.00000000
C24	c	0.91596993	0.83596783	0.20593665	2.00000000	10.00000000	0.01397396	0.00000000
C25	c	0.45278298	0.44982130	0.23478059	2.00000000	10.00000000	0.02614221	0.00000000
C26	c	0.44159300	0.09841923	0.24167777	2.00000000	10.00000000	0.02603610	0.00000000
C27	c	0.56445488	0.49956056	0.08925283	2.00000000	10.00000000	0.02041078	0.00000000
C28	c	0.10097539	0.22237548	0.07963268	2.00000000	10.00000000	0.01719121	0.00000000
C29	c	0.91075751	0.56808494	0.20571007	2.00000000	10.00000000	0.02261207	0.00000000
C30	c	0.78363923	0.39093583	0.06541364	2.00000000	10.00000000	0.02875372	0.00000000

Q Vehicle fuel tank capacity /0.40000000/
C Vehicle load capacity /1.50000000/
r fuel consumption rate /0.25000000/
g inverse refueling rate /1.00000000/
v average Velocity /1.00000000/
