StringID	Type	x	y	demand	ReadyTime	DueDate	ServiceTime	altitude
D0	d	0.50000000	0.50000000	0.00000000	0.00000000	10.00000000	0.00000000	0.00000000
S0	f	0.47570645	0.20419825	0.00000000	0.00000000	10.00000000	0.00000000	0.00000000
S1	f	0.17194790	0.11310820	0.00000000	0.00000000	10.00000000	0.00000000	0.00000000
S2	f	0.80071868	0.88007480	0.00000000	0.00000000	10.00000000	0.00000000	0.00000000
S3	f	0.43924194	0.71928317	0.00000000	0.00000000	10.00000000	0.00000000	0.00000000
S4	f	0.82231230	0.34834471	0.00000000	0.00000000	10.00000000	0.00000000	0.00000000
S5	f	0.82092653	0.13139161	0.00000000	0.00000000	10.00000000	0.00000000	0.00000000
S6	f	0.16974949	0.19657931	0.00000000	0.00000000	10.00000000	0.00000000	0.00000000
S7	f	0.19303063	0.49262650	0.00000000	0.00000000	10.00000000	0.00000000	0.00000000
S8	f	0.29192389	0.37391430	0.00000000	0.00000000	10.00000000	0.00000000	0.00000000
S9	f	0.20739881	0.00075286	0.00000000	0.00000000	10.00000000	0.00000000	0.00000000
C1	c	0.86100040	0.70910351	0.10428184	0.00000000	8.00000000	0.02057245	0.00000000
C2	c	0.41865857	0.81961520	0.14922518	0.06000000	8.06000000	0.02174104	0.00000000
C3	c	0.96761451	0.67578713	0.13166532	0.12000000	8.12000000	0.01367284	0.00000000
C4	c	0.64454463	0.96605639	0.04723002	0.18000000	8.18000000	0.01069231	0.00000000
C5	c	0.10531279	0.49957011	0.16267039	0.24000000	8.24000000	0.01157192	0.00000000
C6	c	0.12535572	0.00732139	0.07045804	0.30000000	8.30000000	0.02908454	0.00000000
C7	c	0.64515054	0.90921007	0.07976426	0.36000000	8.36000000	0.02459471	0.00000000
C8	c	0.34561889	0.10565841	0.07203790	0.42000000	8.42000000	0.02185693	0.00000000
C9	c	0.34848632	0.47086448	0.11896468	0.48000000	8.48000000	0.02609539	0.00000000
C10	c	0.73228363	0.59800254	0.10389824	0.54000000	8.54000000	0.01625631	0.00000000
C11	c	0.35950427	0.41640942	0.05186039	0.60000000	8.60000000	0.01087255	0.00000000
C12	c	0.10450683	0.82795562	0.07762855	0.66000000	8.66000000	0.01662844	0.00000000
C13	c	0.55688547	0.94363608	0.10312711	0.72000000	8.72000000	0.01102518	0.00000000
C14	c	0.53652328	0.99321099	0.12051189	0.78000000	8.78000000	0.02066642	0.00000000
C15	c	0.37925506	0.00354780	0.12536842	0.84000000	8.84000000	0.02366482	0.00000000
C16	c	0.15837827	0.26432160	0.10031831	0.90000000	8.90000000	0.01306391	0.00000000
C17	c	0.39417185	0.35458916	0.01208278	0.96000000	8.96000000	0.02656371	0.00000000
C18	c	0.06946692	0.30653354	0.14467945	1.02000000	9.02000000	0.01482578	0.00000000
C19	c	0.47570645	0.20419825	0.03204930	1.08000000	9.08000000	0.02799435	0.00000000
C20	c	0.02612870	0.89757492	0.01611788	1.14000000	9.14000000	0.02693350	0.00000000
C21	c	0.07020022	0.85060358	0.11945603	1.20000000	9.20000000	0.02483221	0.00000000
C22	c	0.57038921	0.75584150	0.11545506	1.26000000	9.26000000	0.02595240	0.00000000
C23	c	0.21647131	0.71967454	0.03821528	1.32000000	9.32000000	0.01151472	0.00000000
C24	c	0.72909461	0.79827300	0.04720864	1.38000000	9.38000000	0.01315527	0.00000000
C25	c	0.31779221	0.55403736	0.15063746	1.44000000	9.44000000	0.01491229	0.00000000
C26	c	0.05149661	0.62136216	0.15947944	1.50000000	9.50000000	0.02471622	0.00000000
C27	c	0.13318594	0.90978108	0.03025972	1.56000000	9.56000000	0.02061021	0.00000000
C28	c	0.40659160	0.93954043	0.06017223	1.62000000	9.62000000	0.02308780	0.00000000
C29	c	0.13623509	0.10531192	0.16105579	1.68000000	9.68000000	0.01990516	0.00000000
C30	c	0.38995374	0.72917200	0.10744611	1.74000000	9.74000000	0.01533326	0.00000000
C31	c	0.77801886	0.69474220	0.06705916	1.80000000	9.80000000	0.01302785	0.00000000
C32	c	0.60216440	0.64721517	0.10670358	1.86000000	9.86000000	0.01719908	0.00000000
C33	c	0.25666317	0.44830369	0.04269247	1.92000000	9.92000000	0.02578872	0.00000000
C34	c	0.95369152	0.83914764	0.02646520	1.98000000	9.98000000	0.02510097	0.00000000
C35	c	0.64745765	0.61663254	0.15035011	2.00000000	10.00000000	0.02222392	0.00000000
C36	c	0.45681478	0.44402320	0.04980642	2.00000000	10.00000000	0.02175799	0.00000000
C37	c	0.38847506	0.58622404	0.01348360	2.00000000	10.00000000	0.02554953	0.00000000
C38	c	0.49974232	0.12405232	0.05112068	2.00000000	10.00000000	0.02125108	0.00000000
C39	c	0.65286124	0.81118547	0.04214541	2.00000000	10.00000000	0.02570091	0.00000000
C40	c	0.01236085	0.11806512	0.05843070	2.00000000	10.00000000	0.02199142	0.00000000
C41	c	0.25371738	0.78027917	0.11915485	2.00000000	10.00000000	0.02921855	0.00000000
C42	c	0.59036798	0.24834481	0.14272074	2.00000000	10.00000000	0.01061240	0.00000000
C43	c	0.29439631	0.05562853	0.06238428	2.00000000	10.00000000	0.01946609	0.00000000
C44	c	0.51814241	0.55425666	0.12428903	2.00000000	10.00000000	0.02541760	0.00000000
C45	c	0.10130391	0.33532428	0.15264988	2.00000000	10.00000000	0.02006261	0.00000000
C46	c	0.17846373	0.37918534	0.11074814	2.00000000	10.00000000	0.02132492	0.00000000
C47	c	0.70179378	0.05984679	0.03762324	2.00000000	10.00000000	0.01183895	0.00000000
C48	c	0.70576936	0.13659530	0.12699687	2.00000000	10.00000000	0.01314895	0.00000000
C49	c	0.71962781	0.67067047	0.07764712	2.00000000	10.00000000	0.01070800	0.00000000
C50	c	0.67533409	0.43283242	0.12420277	2.00000000	10.00000000	0.02127485	0.00000000

Q Vehicle fuel tank capacity /0.40000000/
C Vehicle load capacity /1.50000000/
r fuel consumption rate /0.25000000/
g inverse refueling rate /1.00000000/
v average Velocity /1.00000000/
