StringID	Type	x	y	demand	ReadyTime	DueDate	ServiceTime	altitude
D0	d	0.50000000	0.50000000	0.00000000	0.00000000	10.00000000	0.00000000	0.00000000
S0	f	0.99712695	0.33289920	0.00000000	0.00000000	10.00000000	0.00000000	0.00000000
S1	f	0.01706174	0.49252111	0.00000000	0.00000000	10.00000000	0.00000000	0.00000000
S2	f	0.42911163	0.98596448	0.00000000	0.00000000	10.00000000	0.00000000	0.00000000
S3	f	0.88615162	0.68787897	0.00000000	0.00000000	10.00000000	0.00000000	0.00000000
S4	f	0.85439788	0.44015492	0.00000000	0.00000000	10.00000000	0.00000000	0.00000000
S5	f	0.31078535	0.67231755	0.00000000	0.00000000	10.00000000	0.00000000	0.00000000
S6	f	0.89856183	0.40442362	0.00000000	0.00000000	10.00000000	0.00000000	0.00000000
S7	f	0.19457729	0.14168008	0.00000000	0.00000000	10.00000000	0.00000000	0.00000000
S8	f	0.25620392	0.22851739	0.00000000	0.00000000	10.00000000	0.00000000	0.00000000
S9	f	0.28219560	0.28827597	0.00000000	0.00000000	10.00000000	0.00000000	0.00000000
C1	c	0.67612802	0.43295542	0.04725561	0.00000000	8.00000000	0.02832910	0.00000000
C2	c	0.74063090	0.41861127	0.08603736	0.06000000	8.06000000	0.02190175	0.00000000
C3	c	0.63686504	0.51097982	0.14564483	0.12000000	8.12000000	0.01323085	0.00000000
C4	c	0.69857909	0.44345215	0.04678763	0.18000000	8.18000000	0.02007703	0.00000000
C5	c	0.75336555	0.44947542	0.11538809	0.24000000	8.24000000	0.02182457	0.00000000
C6	c	0.67122519	0.44864766	0.06770208	0.30000000	8.30000000	0.02032330	0.00000000
C7	c	0.72589363	0.43611989	0.01557809	0.36000000	8.36000000	0.01281004	0.00000000
C8	c	0.69985596	0.50722644	0.08730208	0.42000000	8.42000000	0.02761333	0.00000000
C9	c	0.65915321	0.39514179	0.11597690	0.48000000	8.48000000	0.02201494	0.00000000
C10	c	0.76037099	0.36957721	0.08048942	0.54000000	8.54000000	0.01147825	0.00000000
C11	c	0.72101277	0.40245899	0.09861467	0.60000000	8.60000000	0.02535222	0.00000000
C12	c	0.91701181	0.12563471	0.04991693	0.66000000	8.66000000	0.01617413	0.00000000
C13	c	0.91583629	0.17899753	0.06785402	0.72000000	8.72000000	0.01504619	0.00000000
C14	c	0.88975895	0.27315444	0.03875873	0.78000000	8.78000000	0.02015804	0.00000000
C15	c	0.73954675	0.46310130	0.12698187	0.84000000	8.84000000	0.01563030	0.00000000
C16	c	0.43695331	0.42909864	0.09403334	0.90000000	8.90000000	0.02906754	0.00000000
C17	c	0.34417051	0.55290428	0.02781894	0.96000000	8.96000000	0.01813224	0.00000000
C18	c	0.36897079	0.36354159	0.11048122	1.02000000	9.02000000	0.02205966	0.00000000
C19	c	0.44161010	0.51289829	0.03632759	1.08000000	9.08000000	0.01408468	0.00000000
C20	c	0.32164701	0.43451307	0.12857968	1.14000000	9.14000000	0.01633600	0.00000000
C21	c	0.37056714	0.48484113	0.01981675	1.20000000	9.20000000	0.02938448	0.00000000
C22	c	0.32548293	0.46616906	0.14942733	1.26000000	9.26000000	0.01074062	0.00000000
C23	c	0.41324033	0.43145765	0.14581179	1.32000000	9.32000000	0.01991878	0.00000000
C24	c	0.33105214	0.44394110	0.11282766	1.38000000	9.38000000	0.02056092	0.00000000
C25	c	0.35018354	0.39502565	0.08156597	1.44000000	9.44000000	0.01174751	0.00000000
C26	c	0.46247798	0.80893586	0.10520196	1.50000000	9.50000000	0.01847543	0.00000000
C27	c	0.53017329	0.45628344	0.05310397	1.56000000	9.56000000	0.02810777	0.00000000
C28	c	0.08296615	0.87218765	0.14584570	1.62000000	9.62000000	0.01005226	0.00000000
C29	c	0.65806898	0.94004934	0.10226852	1.68000000	9.68000000	0.01555098	0.00000000
C30	c	0.76839771	0.76189212	0.13295536	1.74000000	9.74000000	0.01824944	0.00000000
C31	c	0.13815663	0.33100700	0.01165863	1.80000000	9.80000000	0.01511710	0.00000000
C32	c	0.91645489	0.59508756	0.01791936	1.86000000	9.86000000	0.02469097	0.00000000
C33	c	0.16154238	0.50385136	0.12015789	1.92000000	9.92000000	0.02576282	0.00000000
C34	c	0.59122848	0.51616495	0.08230253	1.98000000	9.98000000	0.01113021	0.00000000
C35	c	0.14050175	0.88066646	0.08616774	2.00000000	10.00000000	0.01205689	0.00000000
C36	c	0.60074690	0.07391273	0.14208294	2.00000000	10.00000000	0.02761119	0.00000000
C37	c	0.76761119	0.30870656	0.12004634	2.00000000	10.00000000	0.02268883	0.00000000
C38	c	0.25230926	0.50790194	0.06920937	2.00000000	10.00000000	0.01030773	0.00000000
C39	c	0.28151498	0.95337717	0.15951694	2.00000000	10.00000000	0.01588468	0.00000000
C40	c	0.40661219	0.60298275	0.04533040	2.00000000	10.00000000	0.01102605	0.00000000
C41	c	0.20423412	0.31679985	0.09709316	2.00000000	10.00000000	0.02952462	0.00000000
C42	c	0.96922400	0.03703096	0.08516800	2.00000000	10.00000000	0.02188021	0.00000000
C43	c	0.08737556	0.42377133	0.02491793	2.00000000	10.00000000	0.02419216	0.00000000
C44	c	0.90538871	0.00261308	0.15229121	2.00000000	10.00000000	0.02970646	0.00000000
C45	c	0.27754911	0.41247184	0.11773438	2.00000000	10.00000000	0.01355747	0.00000000
C46	c	0.25585524	0.73454842	0.16324348	2.00000000	10.00000000	0.02181168	0.00000000
C47	c	0.78814107	0.05651034	0.13554045	2.00000000	10.00000000	0.02232626	0.00000000
C48	c	0.63444146	0.01538629	0.13449050	2.00000000	10.00000000	0.02126709	0.00000000
C49	c	0.29423414	0.05130268	0.03382518	2.00000000	10.00000000	0.02312282	0.00000000
C50	c	0.97623098	0.59401061	0.06494950	2.00000000	10.00000000	0.01012751	0.00000000

Q Vehicle fuel tank capacity /0.40000000/
C Vehicle load capacity /1.50000000/
r fuel consumption rate /0.25000000/
g inverse refueling rate /1.00000000/
v average Velocity /1.00000000/
