StringID	Type	x	y	demand	ReadyTime	DueDate	ServiceTime	altitude
D0	d	0.50000000	0.50000000	0.00000000	0.00000000	10.00000000	0.00000000	0.00000000
S0	f	0.57377901	0.62447791	0.00000000	0.00000000	10.00000000	0.00000000	0.00000000
S1	f	0.84991095	0.14201329	0.00000000	0.00000000	10.00000000	0.00000000	0.00000000
S2	f	0.02679558	0.28455718	0.00000000	0.00000000	10.00000000	0.00000000	0.00000000
S3	f	0.01213573	0.66328500	0.00000000	0.00000000	10.00000000	0.00000000	0.00000000
S4	f	0.49076736	0.59313503	0.00000000	0.00000000	10.00000000	0.00000000	0.00000000
S5	f	0.57356030	0.82127345	0.00000000	0.00000000	10.00000000	0.00000000	0.00000000
C1	c	0.11459476	0.21203692	0.25094565	0.00000000	8.00000000	0.01664894	0.00000000
C2	c	0.15796866	0.29646506	0.20289476	0.10000000	8.10000000	0.01239034	0.00000000
C3	c	0.12259840	0.33222063	0.13939108	0.20000000	8.20000000	0.02304085	0.00000000
C4	c	0.11255758	0.34359472	0.08857133	0.30000000	8.30000000	0.02289819	0.00000000
C5	c	0.19706441	0.21875929	0.15541384	0.40000000	8.40000000	0.02901653	0.00000000
C6	c	0.18314370	0.14195225	0.12248858	0.50000000	8.50000000	0.02908545	0.00000000
C7	c	0.21684766	0.17654645	0.08021056	0.60000000	8.60000000	0.02045549	0.00000000
C8	c	0.16733217	0.12600828	0.06336565	0.70000000	8.70000000	0.02940129	0.00000000
C9	c	0.22121509	0.13453083	0.25278285	0.80000000	8.80000000	0.01255196	0.00000000
C10	c	0.14372842	0.08757277	0.16248466	0.90000000	8.90000000	0.02728704	0.00000000
C11	c	0.21755732	0.14826383	0.27259238	1.00000000	9.00000000	0.02617315	0.00000000
C12	c	0.64533103	0.47509845	0.22676978	1.10000000	9.10000000	0.02688246	0.00000000
C13	c	0.62421567	0.44073949	0.05686640	1.20000000	9.20000000	0.01923706	0.00000000
C14	c	0.60841657	0.46561971	0.13942769	1.30000000	9.30000000	0.01489766	0.00000000
C15	c	0.65945863	0.49199492	0.21895662	1.40000000	9.40000000	0.01487209	0.00000000
C16	c	0.18189765	0.34723479	0.03029712	1.50000000	9.50000000	0.01411853	0.00000000
C17	c	0.29918414	0.49007774	0.20870590	1.60000000	9.60000000	0.01997188	0.00000000
C18	c	0.52585128	0.36774057	0.12128959	1.70000000	9.70000000	0.02478866	0.00000000
C19	c	0.00662664	0.70839096	0.06685198	1.80000000	9.80000000	0.01866992	0.00000000
C20	c	0.83429591	0.90485304	0.11048393	1.90000000	9.90000000	0.01492459	0.00000000
C21	c	0.53562952	0.40779017	0.09780351	2.00000000	10.00000000	0.01387693	0.00000000
C22	c	0.33244718	0.11951719	0.14817973	2.00000000	10.00000000	0.02017952	0.00000000
C23	c	0.65204259	0.64490946	0.15762025	2.00000000	10.00000000	0.01046597	0.00000000
C24	c	0.95082661	0.95427272	0.11589534	2.00000000	10.00000000	0.02880260	0.00000000
C25	c	0.52277449	0.97006456	0.02059852	2.00000000	10.00000000	0.01083844	0.00000000
C26	c	0.12759808	0.86435196	0.20579189	2.00000000	10.00000000	0.02983820	0.00000000
C27	c	0.80865745	0.84412311	0.23901781	2.00000000	10.00000000	0.01865156	0.00000000
C28	c	0.46185310	0.24488295	0.25763761	2.00000000	10.00000000	0.02815571	0.00000000
C29	c	0.49859386	0.73943304	0.16020070	2.00000000	10.00000000	0.02384085	0.00000000
C30	c	0.19384669	0.50897587	0.12646430	2.00000000	10.00000000	0.02679076	0.00000000

Q Vehicle fuel tank capacity /0.40000000/
C Vehicle load capacity /1.50000000/
r fuel consumption rate /0.25000000/
g inverse refueling rate /1.00000000/
v average Velocity /1.00000000/
