StringID	Type	x	y	demand	ReadyTime	DueDate	ServiceTime	altitude
D0	d	0.50000000	0.50000000	0.00000000	0.00000000	10.00000000	0.00000000	0.00000000
S0	f	0.17745709	0.06422967	0.00000000	0.00000000	10.00000000	0.00000000	0.00000000
S1	f	0.60162781	0.41642024	0.00000000	0.00000000	10.00000000	0.00000000	0.00000000
S2	f	0.77282230	0.02540625	0.00000000	0.00000000	10.00000000	0.00000000	0.00000000
S3	f	0.83218619	0.48327223	0.00000000	0.00000000	10.00000000	0.00000000	0.00000000
S4	f	0.89636244	0.87408551	0.00000000	0.00000000	10.00000000	0.00000000	0.00000000
S5	f	0.10104962	0.69907632	0.00000000	0.00000000	10.00000000	0.00000000	0.00000000
C1	c	0.70021205	0.86755596	0.15331100	0.00000000	8.00000000	0.01434875	0.00000000
C2	c	0.36917391	0.34779676	0.15587961	0.10000000	8.10000000	0.01004891	0.00000000
C3	c	0.97963163	0.97592997	0.28873878	0.20000000	8.20000000	0.01801711	0.00000000
C4	c	0.60808675	0.70509998	0.11886167	0.30000000	8.30000000	0.02340597	0.00000000
C5	c	0.46560938	0.56243339	0.04749373	0.40000000	8.40000000	0.01896351	0.00000000
C6	c	0.83036622	0.08458512	0.04463528	0.50000000	8.50000000	0.01554436	0.00000000
C7	c	0.52468197	0.82013927	0.14989204	0.60000000	8.60000000	0.02950470	0.00000000
C8	c	0.44415555	0.01496737	0.12015269	0.70000000	8.70000000	0.01114039	0.00000000
C9	c	0.65319992	0.38740092	0.22110239	0.80000000	8.80000000	0.02315285	0.00000000
C10	c	0.28540900	0.96180790	0.12361398	0.90000000	8.90000000	0.01817859	0.00000000
C11	c	0.91786101	0.05172113	0.15706377	1.00000000	9.00000000	0.02042713	0.00000000
C12	c	0.50979909	0.04668183	0.04176904	1.10000000	9.10000000	0.02936360	0.00000000
C13	c	0.65058266	0.94167536	0.07641343	1.20000000	9.20000000	0.01692262	0.00000000
C14	c	0.69977021	0.55871088	0.19873342	1.30000000	9.30000000	0.02183932	0.00000000
C15	c	0.20724985	0.31379593	0.22118127	1.40000000	9.40000000	0.02455337	0.00000000
C16	c	0.96274996	0.58164367	0.17275338	1.50000000	9.50000000	0.02838152	0.00000000
C17	c	0.80569119	0.87740031	0.23401376	1.60000000	9.60000000	0.02861058	0.00000000
C18	c	0.61542272	0.31678309	0.16288361	1.70000000	9.70000000	0.02457953	0.00000000
C19	c	0.17745709	0.06422967	0.13197490	1.80000000	9.80000000	0.01545055	0.00000000
C20	c	0.91538621	0.33183199	0.17138812	1.90000000	9.90000000	0.01856253	0.00000000
C21	c	0.27497599	0.49014012	0.04349055	2.00000000	10.00000000	0.02335443	0.00000000
C22	c	0.14749471	0.67213892	0.27217274	2.00000000	10.00000000	0.02434446	0.00000000
C23	c	0.62604944	0.10914405	0.18105585	2.00000000	10.00000000	0.01138070	0.00000000
C24	c	0.76496342	0.88707763	0.19051106	2.00000000	10.00000000	0.02951785	0.00000000
C25	c	0.38528189	0.23552981	0.20644616	2.00000000	10.00000000	0.01658750	0.00000000
C26	c	0.96847419	0.65555902	0.28778705	2.00000000	10.00000000	0.02429108	0.00000000
C27	c	0.29897956	0.73234251	0.10980100	2.00000000	10.00000000	0.01775170	0.00000000
C28	c	0.16416507	0.22487283	0.02542876	2.00000000	10.00000000	0.02406413	0.00000000
C29	c	0.52673124	0.00030349	0.10214277	2.00000000	10.00000000	0.02154913	0.00000000
C30	c	0.42468201	0.05729080	0.08930820	2.00000000	10.00000000	0.02384266	0.00000000

Q Vehicle fuel tank capacity /0.40000000/
C Vehicle load capacity /1.50000000/
r fuel consumption rate /0.25000000/
g inverse refueling rate /1.00000000/
v average Velocity /1.00000000/
