StringID	Type	x	y	demand	ReadyTime	DueDate	ServiceTime	altitude
D0	d	0.50000000	0.50000000	0.00000000	0.00000000	10.00000000	0.00000000	0.00000000
S0	f	0.53801699	0.74597888	0.00000000	0.00000000	10.00000000	0.00000000	0.00000000
S1	f	0.10675672	0.74780139	0.00000000	0.00000000	10.00000000	0.00000000	0.00000000
S2	f	0.29553506	0.38214635	0.00000000	0.00000000	10.00000000	0.00000000	0.00000000
S3	f	0.57668262	0.45174520	0.00000000	0.00000000	10.00000000	0.00000000	0.00000000
S4	f	0.29109996	0.69738572	0.00000000	0.00000000	10.00000000	0.00000000	0.00000000
S5	f	0.74487401	0.36110986	0.00000000	0.00000000	10.00000000	0.00000000	0.00000000
S6	f	0.37719062	0.17135164	0.00000000	0.00000000	10.00000000	0.00000000	0.00000000
S7	f	0.41855491	0.29392534	0.00000000	0.00000000	10.00000000	0.00000000	0.00000000
S8	f	0.96235238	0.09949434	0.00000000	0.00000000	10.00000000	0.00000000	0.00000000
S9	f	0.78749846	0.34347418	0.00000000	0.00000000	10.00000000	0.00000000	0.00000000
C1	c	0.31571318	0.56942242	0.14356212	0.00000000	8.00000000	0.01866712	0.00000000
C2	c	0.12702123	0.01753721	0.08916004	0.06000000	8.06000000	0.01185777	0.00000000
C3	c	0.42713201	0.56475569	0.14130744	0.12000000	8.12000000	0.01734426	0.00000000
C4	c	0.46396092	0.32989917	0.04175841	0.18000000	8.18000000	0.01996817	0.00000000
C5	c	0.07568589	0.84319373	0.16617734	0.24000000	8.24000000	0.01228398	0.00000000
C6	c	0.90998096	0.77201678	0.13274403	0.30000000	8.30000000	0.02999976	0.00000000
C7	c	0.87130692	0.47397285	0.16707701	0.36000000	8.36000000	0.02684646	0.00000000
C8	c	0.95181344	0.46291731	0.06018006	0.42000000	8.42000000	0.02214732	0.00000000
C9	c	0.68922772	0.47526533	0.05967969	0.48000000	8.48000000	0.02663033	0.00000000
C10	c	0.34026123	0.27050397	0.07800068	0.54000000	8.54000000	0.02458848	0.00000000
C11	c	0.83773594	0.36481479	0.04928761	0.60000000	8.60000000	0.01809274	0.00000000
C12	c	0.39566507	0.96008240	0.12279047	0.66000000	8.66000000	0.01316775	0.00000000
C13	c	0.06038144	0.77278498	0.02065712	0.72000000	8.72000000	0.02823726	0.00000000
C14	c	0.34635651	0.52415160	0.04396034	0.78000000	8.78000000	0.01656720	0.00000000
C15	c	0.24822852	0.91097179	0.11843370	0.84000000	8.84000000	0.02907635	0.00000000
C16	c	0.65739686	0.42994357	0.11101400	0.90000000	8.90000000	0.02567201	0.00000000
C17	c	0.30671418	0.47364623	0.11624152	0.96000000	8.96000000	0.01242548	0.00000000
C18	c	0.10985691	0.06042882	0.13361667	1.02000000	9.02000000	0.02395962	0.00000000
C19	c	0.53801699	0.74597888	0.09134976	1.08000000	9.08000000	0.01450088	0.00000000
C20	c	0.36182409	0.02802537	0.03118605	1.14000000	9.14000000	0.01087061	0.00000000
C21	c	0.13133274	0.70697015	0.14297010	1.20000000	9.20000000	0.02667505	0.00000000
C22	c	0.91349508	0.08873102	0.15300036	1.26000000	9.26000000	0.02434294	0.00000000
C23	c	0.53157741	0.18972734	0.01790727	1.32000000	9.32000000	0.02189087	0.00000000
C24	c	0.51846200	0.96829838	0.09402950	1.38000000	9.38000000	0.02693854	0.00000000
C25	c	0.72009462	0.21397094	0.07547370	1.44000000	9.44000000	0.02932069	0.00000000
C26	c	0.95908102	0.18450276	0.03028950	1.50000000	9.50000000	0.01865027	0.00000000
C27	c	0.11881239	0.86657346	0.09264093	1.56000000	9.56000000	0.01273489	0.00000000
C28	c	0.59276433	0.74693799	0.02068907	1.62000000	9.62000000	0.02253909	0.00000000
C29	c	0.76403238	0.88602297	0.06236562	1.68000000	9.68000000	0.02278488	0.00000000
C30	c	0.75360583	0.31083262	0.11152905	1.74000000	9.74000000	0.02379017	0.00000000
C31	c	0.08279621	0.50375064	0.05516716	1.80000000	9.80000000	0.02630593	0.00000000
C32	c	0.78591354	0.59047084	0.17083343	1.86000000	9.86000000	0.02228220	0.00000000
C33	c	0.62013085	0.46530177	0.15267358	1.92000000	9.92000000	0.01706069	0.00000000
C34	c	0.26053084	0.64925969	0.06597502	1.98000000	9.98000000	0.01378618	0.00000000
C35	c	0.55730983	0.34609798	0.04745864	2.00000000	10.00000000	0.02682178	0.00000000
C36	c	0.30506942	0.19795445	0.03363809	2.00000000	10.00000000	0.01394929	0.00000000
C37	c	0.99243949	0.63400007	0.07831160	2.00000000	10.00000000	0.02668756	0.00000000
C38	c	0.10675672	0.74780139	0.09597673	2.00000000	10.00000000	0.01528083	0.00000000
C39	c	0.01115619	0.28773328	0.08871664	2.00000000	10.00000000	0.02570334	0.00000000
C40	c	0.88924032	0.89373814	0.10677417	2.00000000	10.00000000	0.01880998	0.00000000
C41	c	0.22011418	0.94426374	0.12093357	2.00000000	10.00000000	0.02794661	0.00000000
C42	c	0.57560852	0.21037303	0.11392353	2.00000000	10.00000000	0.02465041	0.00000000
C43	c	0.76458519	0.01847008	0.04838818	2.00000000	10.00000000	0.01342512	0.00000000
C44	c	0.89088334	0.68284563	0.09128940	2.00000000	10.00000000	0.02521939	0.00000000
C45	c	0.00294369	0.83141834	0.07756001	2.00000000	10.00000000	0.02935481	0.00000000
C46	c	0.22814549	0.45366222	0.11571495	2.00000000	10.00000000	0.02352430	0.00000000
C47	c	0.56571759	0.51192411	0.04839641	2.00000000	10.00000000	0.02812419	0.00000000
C48	c	0.69326166	0.89195980	0.12840096	2.00000000	10.00000000	0.01938743	0.00000000
C49	c	0.99247157	0.37344668	0.11122324	2.00000000	10.00000000	0.01755502	0.00000000
C50	c	0.06267819	0.09955340	0.02956551	2.00000000	10.00000000	0.02518440	0.00000000

Q Vehicle fuel tank capacity /0.40000000/
C Vehicle load capacity /1.50000000/
r fuel consumption rate /0.25000000/
g inverse refueling rate /1.00000000/
v average Velocity /1.00000000/
