StringID	Type	x	y	demand	ReadyTime	DueDate	ServiceTime	altitude
D0	d	0.50000000	0.50000000	0.00000000	0.00000000	10.00000000	0.00000000	0.00000000
S0	f	0.31990404	0.37231234	0.00000000	0.00000000	10.00000000	0.00000000	0.00000000
S1	f	0.81869469	0.58176883	0.00000000	0.00000000	10.00000000	0.00000000	0.00000000
S2	f	0.78683524	0.40949891	0.00000000	0.00000000	10.00000000	0.00000000	0.00000000
S3	f	0.41732158	0.09302765	0.00000000	0.00000000	10.00000000	0.00000000	0.00000000
S4	f	0.19093980	0.54301722	0.00000000	0.00000000	10.00000000	0.00000000	0.00000000
S5	f	0.57384206	0.82282239	0.00000000	0.00000000	10.00000000	0.00000000	0.00000000
C1	c	0.98597180	0.15887864	0.07772794	0.00000000	8.00000000	0.02442412	0.00000000
C2	c	0.73809346	0.46592434	0.20059348	0.10000000	8.10000000	0.02963901	0.00000000
C3	c	0.67631271	0.67987774	0.11435056	0.20000000	8.20000000	0.02477491	0.00000000
C4	c	0.42464089	0.66542195	0.02329795	0.30000000	8.30000000	0.01425552	0.00000000
C5	c	0.32907202	0.51208165	0.19373047	0.40000000	8.40000000	0.02710590	0.00000000
C6	c	0.90338197	0.60551604	0.03942864	0.50000000	8.50000000	0.02977166	0.00000000
C7	c	0.11806333	0.02685176	0.14424568	0.60000000	8.60000000	0.01330787	0.00000000
C8	c	0.01938781	0.84370820	0.18967171	0.70000000	8.70000000	0.02709756	0.00000000
C9	c	0.28854296	0.59962023	0.24793535	0.80000000	8.80000000	0.02533437	0.00000000
C10	c	0.24440709	0.28493778	0.21134150	0.90000000	8.90000000	0.02465087	0.00000000
C11	c	0.52911752	0.53862505	0.24076203	1.00000000	9.00000000	0.01910750	0.00000000
C12	c	0.38095256	0.99514970	0.16239818	1.10000000	9.10000000	0.02624220	0.00000000
C13	c	0.56088750	0.31379061	0.26247643	1.20000000	9.20000000	0.01690339	0.00000000
C14	c	0.28928214	0.89696738	0.16533869	1.30000000	9.30000000	0.01322681	0.00000000
C15	c	0.82842982	0.14980164	0.22981914	1.40000000	9.40000000	0.01353887	0.00000000
C16	c	0.63140601	0.73126172	0.13665004	1.50000000	9.50000000	0.01355517	0.00000000
C17	c	0.83228650	0.00414059	0.16417153	1.60000000	9.60000000	0.01887328	0.00000000
C18	c	0.91216327	0.47162198	0.23248350	1.70000000	9.70000000	0.02157387	0.00000000
C19	c	0.31990404	0.37231234	0.24378702	1.80000000	9.80000000	0.02966848	0.00000000
C20	c	0.24666442	0.13569916	0.04304803	1.90000000	9.90000000	0.02346408	0.00000000
C21	c	0.85156809	0.87559255	0.25794806	2.00000000	10.00000000	0.01635084	0.00000000
C22	c	0.30209094	0.79686445	0.17377933	2.00000000	10.00000000	0.02312578	0.00000000
C23	c	0.12725471	0.17710967	0.02004575	2.00000000	10.00000000	0.02275740	0.00000000
C24	c	0.71650657	0.74555129	0.04486331	2.00000000	10.00000000	0.02122537	0.00000000
C25	c	0.08235261	0.93743962	0.14122752	2.00000000	10.00000000	0.01804490	0.00000000
C26	c	0.06168338	0.07116533	0.02923756	2.00000000	10.00000000	0.01928110	0.00000000
C27	c	0.53378843	0.44233660	0.09758534	2.00000000	10.00000000	0.01820583	0.00000000
C28	c	0.28814944	0.66407470	0.15399714	2.00000000	10.00000000	0.01248360	0.00000000
C29	c	0.63906467	0.50349032	0.12524933	2.00000000	10.00000000	0.02724546	0.00000000
C30	c	0.60301661	0.28437018	0.13280881	2.00000000	10.00000000	0.01024940	0.00000000

Q Vehicle fuel tank capacity /0.40000000/
C Vehicle load capacity /1.50000000/
r fuel consumption rate /0.25000000/
g inverse refueling rate /1.00000000/
v average Velocity /1.00000000/
