StringID	Type	x	y	demand	ReadyTime	DueDate	ServiceTime	altitude
D0	d	0.50000000	0.50000000	0.00000000	0.00000000	10.00000000	0.00000000	0.00000000
S0	f	0.17914197	0.64482595	0.00000000	0.00000000	10.00000000	0.00000000	0.00000000
S1	f	0.50154186	0.75013163	0.00000000	0.00000000	10.00000000	0.00000000	0.00000000
S2	f	0.61822727	0.26631259	0.00000000	0.00000000	10.00000000	0.00000000	0.00000000
S3	f	0.21995120	0.04282308	0.00000000	0.00000000	10.00000000	0.00000000	0.00000000
S4	f	0.61930718	0.12093053	0.00000000	0.00000000	10.00000000	0.00000000	0.00000000
S5	f	0.74230292	0.15927874	0.00000000	0.00000000	10.00000000	0.00000000	0.00000000
S6	f	0.47597692	0.62235161	0.00000000	0.00000000	10.00000000	0.00000000	0.00000000
S7	f	0.57407951	0.68928019	0.00000000	0.00000000	10.00000000	0.00000000	0.00000000
S8	f	0.36196242	0.16466061	0.00000000	0.00000000	10.00000000	0.00000000	0.00000000
S9	f	0.62437699	0.81409965	0.00000000	0.00000000	10.00000000	0.00000000	0.00000000
C1	c	0.32548797	0.56800160	0.05851077	0.00000000	8.00000000	0.01660887	0.00000000
C2	c	0.24725955	0.55661330	0.14115557	0.06000000	8.06000000	0.01430720	0.00000000
C3	c	0.23143326	0.59677801	0.02010179	0.12000000	8.12000000	0.01211092	0.00000000
C4	c	0.85195983	0.29441318	0.10041283	0.18000000	8.18000000	0.01211800	0.00000000
C5	c	0.85132114	0.40366739	0.15167360	0.24000000	8.24000000	0.02334364	0.00000000
C6	c	0.83601351	0.45475841	0.03017026	0.30000000	8.30000000	0.01036365	0.00000000
C7	c	0.73756757	0.32446321	0.04139784	0.36000000	8.36000000	0.01489242	0.00000000
C8	c	0.83873795	0.39849820	0.11636932	0.42000000	8.42000000	0.01621891	0.00000000
C9	c	0.76753235	0.38814747	0.15316428	0.48000000	8.48000000	0.01912329	0.00000000
C10	c	0.34470393	0.50313731	0.09003926	0.54000000	8.54000000	0.01559268	0.00000000
C11	c	0.29673111	0.41705328	0.02699857	0.60000000	8.60000000	0.02696896	0.00000000
C12	c	0.39970444	0.42794044	0.07972223	0.66000000	8.66000000	0.01657007	0.00000000
C13	c	0.32533226	0.46938573	0.13819723	0.72000000	8.72000000	0.02422345	0.00000000
C14	c	0.36116276	0.56582307	0.06702773	0.78000000	8.78000000	0.01795266	0.00000000
C15	c	0.51901489	0.49832439	0.17619820	0.84000000	8.84000000	0.02794213	0.00000000
C16	c	0.39072122	0.58055022	0.03204286	0.90000000	8.90000000	0.02520555	0.00000000
C17	c	0.38528047	0.63414257	0.12068909	0.96000000	8.96000000	0.01603450	0.00000000
C18	c	0.40702686	0.55768400	0.12311100	1.02000000	9.02000000	0.01541347	0.00000000
C19	c	0.46153226	0.50209089	0.16902362	1.08000000	9.08000000	0.02497425	0.00000000
C20	c	0.35219471	0.53332747	0.17772345	1.14000000	9.14000000	0.02038508	0.00000000
C21	c	0.41013898	0.58409415	0.01271187	1.20000000	9.20000000	0.01632414	0.00000000
C22	c	0.80903072	0.88951546	0.05418540	1.26000000	9.26000000	0.02302952	0.00000000
C23	c	0.78954067	0.89189847	0.08989126	1.32000000	9.32000000	0.01521464	0.00000000
C24	c	0.77079737	0.87689694	0.17459071	1.38000000	9.38000000	0.01390695	0.00000000
C25	c	0.71018491	0.88106939	0.11265188	1.44000000	9.44000000	0.01261415	0.00000000
C26	c	0.29942581	0.24684101	0.17154935	1.50000000	9.50000000	0.01955670	0.00000000
C27	c	0.91276260	0.89122900	0.01563600	1.56000000	9.56000000	0.01938405	0.00000000
C28	c	0.00394263	0.16018232	0.14342937	1.62000000	9.62000000	0.01264155	0.00000000
C29	c	0.77187090	0.24595185	0.01834086	1.68000000	9.68000000	0.02891445	0.00000000
C30	c	0.63756863	0.49157468	0.11681880	1.74000000	9.74000000	0.01733937	0.00000000
C31	c	0.05502992	0.31850585	0.07531510	1.80000000	9.80000000	0.02774442	0.00000000
C32	c	0.03800271	0.10636260	0.07588020	1.86000000	9.86000000	0.02862027	0.00000000
C33	c	0.33044332	0.21535983	0.04215970	1.92000000	9.92000000	0.02777981	0.00000000
C34	c	0.10554603	0.10589984	0.16219961	1.98000000	9.98000000	0.02622972	0.00000000
C35	c	0.66718175	0.01818262	0.12824880	2.00000000	10.00000000	0.02157381	0.00000000
C36	c	0.24462092	0.31094541	0.05802275	2.00000000	10.00000000	0.02845000	0.00000000
C37	c	0.45616439	0.27963401	0.06209496	2.00000000	10.00000000	0.02958471	0.00000000
C38	c	0.71117245	0.39763278	0.05329029	2.00000000	10.00000000	0.02780314	0.00000000
C39	c	0.89710660	0.76027734	0.16479060	2.00000000	10.00000000	0.01047741	0.00000000
C40	c	0.74871262	0.51925421	0.16118506	2.00000000	10.00000000	0.01537693	0.00000000
C41	c	0.31620720	0.65147613	0.01261997	2.00000000	10.00000000	0.01930931	0.00000000
C42	c	0.26073176	0.19534774	0.03878037	2.00000000	10.00000000	0.01019052	0.00000000
C43	c	0.13070738	0.47783494	0.14120003	2.00000000	10.00000000	0.02276578	0.00000000
C44	c	0.46920263	0.13207749	0.05314141	2.00000000	10.00000000	0.02057776	0.00000000
C45	c	0.94572266	0.36696843	0.11871278	2.00000000	10.00000000	0.01516637	0.00000000
C46	c	0.88722114	0.93101332	0.09426791	2.00000000	10.00000000	0.02952761	0.00000000
C47	c	0.88899067	0.81148583	0.02117391	2.00000000	10.00000000	0.01061731	0.00000000
C48	c	0.57869027	0.92249994	0.06528968	2.00000000	10.00000000	0.02045905	0.00000000
C49	c	0.97923552	0.89015703	0.01832291	2.00000000	10.00000000	0.01281101	0.00000000
C50	c	0.02387030	0.26884648	0.02976893	2.00000000	10.00000000	0.01969795	0.00000000

Q Vehicle fuel tank capacity /0.40000000/
C Vehicle load capacity /1.50000000/
r fuel consumption rate /0.25000000/
g inverse refueling rate /1.00000000/
v average Velocity /1.00000000/
