StringID	Type	x	y	demand	ReadyTime	DueDate	ServiceTime	altitude
D0	d	0.50000000	0.50000000	0.00000000	0.00000000	10.00000000	0.00000000	0.00000000
S0	f	0.24932786	0.24949671	0.00000000	0.00000000	10.00000000	0.00000000	0.00000000
S1	f	0.80641347	0.52640962	0.00000000	0.00000000	10.00000000	0.00000000	0.00000000
S2	f	0.61210454	0.25046581	0.00000000	0.00000000	10.00000000	0.00000000	0.00000000
S3	f	0.57935236	0.90008486	0.00000000	0.00000000	10.00000000	0.00000000	0.00000000
S4	f	0.28612692	0.62463955	0.00000000	0.00000000	10.00000000	0.00000000	0.00000000
S5	f	0.62715546	0.33163714	0.00000000	0.00000000	10.00000000	0.00000000	0.00000000
C1	c	0.62516796	0.15565850	0.03749190	0.00000000	8.00000000	0.01642227	0.00000000
C2	c	0.90877679	0.11814267	0.08015900	0.10000000	8.10000000	0.01383985	0.00000000
C3	c	0.52559424	0.97252517	0.13387746	0.20000000	8.20000000	0.02473217	0.00000000
C4	c	0.56870287	0.78638194	0.04570365	0.30000000	8.30000000	0.01239989	0.00000000
C5	c	0.42063811	0.63624429	0.22342347	0.40000000	8.40000000	0.01134300	0.00000000
C6	c	0.97762344	0.15554814	0.20678573	0.50000000	8.50000000	0.02070133	0.00000000
C7	c	0.14791068	0.33979149	0.23589553	0.60000000	8.60000000	0.01084636	0.00000000
C8	c	0.28729259	0.52956463	0.05781779	0.70000000	8.70000000	0.01958226	0.00000000
C9	c	0.52389555	0.39329601	0.22061516	0.80000000	8.80000000	0.02584247	0.00000000
C10	c	0.41137880	0.24802557	0.04570906	0.90000000	8.90000000	0.02068158	0.00000000
C11	c	0.82769704	0.98905878	0.15456087	1.00000000	9.00000000	0.02761317	0.00000000
C12	c	0.78026346	0.05695228	0.17092332	1.10000000	9.10000000	0.02292660	0.00000000
C13	c	0.59585605	0.67177028	0.20397375	1.20000000	9.20000000	0.02768111	0.00000000
C14	c	0.21399788	0.83584608	0.07579096	1.30000000	9.30000000	0.02986127	0.00000000
C15	c	0.03064048	0.45508601	0.20693867	1.40000000	9.40000000	0.01463028	0.00000000
C16	c	0.14762611	0.44220849	0.19339308	1.50000000	9.50000000	0.01217791	0.00000000
C17	c	0.43498840	0.17508478	0.20955540	1.60000000	9.60000000	0.01056228	0.00000000
C18	c	0.61848921	0.44936299	0.07824655	1.70000000	9.70000000	0.02018223	0.00000000
C19	c	0.24932786	0.24949671	0.22796093	1.80000000	9.80000000	0.02823465	0.00000000
C20	c	0.61289038	0.77560800	0.07031323	1.90000000	9.90000000	0.01283400	0.00000000
C21	c	0.64376884	0.48972168	0.03181401	2.00000000	10.00000000	0.02765470	0.00000000
C22	c	0.18021617	0.15256741	0.24444803	2.00000000	10.00000000	0.02815329	0.00000000
C23	c	0.97178972	0.45420052	0.20834589	2.00000000	10.00000000	0.02384544	0.00000000
C24	c	0.82361969	0.43603841	0.14010781	2.00000000	10.00000000	0.02273496	0.00000000
C25	c	0.06954349	0.43528130	0.24901962	2.00000000	10.00000000	0.01533427	0.00000000
C26	c	0.89982325	0.65495222	0.21148262	2.00000000	10.00000000	0.01273799	0.00000000
C27	c	0.96020696	0.88823613	0.15421652	2.00000000	10.00000000	0.01335679	0.00000000
C28	c	0.92753935	0.35602688	0.08863949	2.00000000	10.00000000	0.01042139	0.00000000
C29	c	0.08325050	0.28362865	0.16637430	2.00000000	10.00000000	0.02926964	0.00000000
C30	c	0.31736669	0.43002384	0.12641620	2.00000000	10.00000000	0.02744128	0.00000000

Q Vehicle fuel tank capacity /0.40000000/
C Vehicle load capacity /1.50000000/
r fuel consumption rate /0.25000000/
g inverse refueling rate /1.00000000/
v average Velocity /1.00000000/
