StringID	Type	x	y	demand	ReadyTime	DueDate	ServiceTime	altitude
D0	d	0.50000000	0.50000000	0.00000000	0.00000000	10.00000000	0.00000000	0.00000000
S0	f	0.75036453	0.63623976	0.00000000	0.00000000	10.00000000	0.00000000	0.00000000
S1	f	0.72126804	0.08280852	0.00000000	0.00000000	10.00000000	0.00000000	0.00000000
S2	f	0.78509852	0.04255084	0.00000000	0.00000000	10.00000000	0.00000000	0.00000000
S3	f	0.68492354	0.45676169	0.00000000	0.00000000	10.00000000	0.00000000	0.00000000
S4	f	0.17781882	0.63099729	0.00000000	0.00000000	10.00000000	0.00000000	0.00000000
S5	f	0.15084835	0.70600412	0.00000000	0.00000000	10.00000000	0.00000000	0.00000000
S6	f	0.64492258	0.33534202	0.00000000	0.00000000	10.00000000	0.00000000	0.00000000
S7	f	0.66521090	0.57367930	0.00000000	0.00000000	10.00000000	0.00000000	0.00000000
S8	f	0.24410908	0.43345243	0.00000000	0.00000000	10.00000000	0.00000000	0.00000000
S9	f	0.45364897	0.74036847	0.00000000	0.00000000	10.00000000	0.00000000	0.00000000
C1	c	0.04877452	0.08827792	0.08929468	0.00000000	8.00000000	0.02888659	0.00000000
C2	c	0.25921657	0.35108213	0.02316945	0.06000000	8.06000000	0.01243601	0.00000000
C3	c	0.55714166	0.06649904	0.09535966	0.12000000	8.12000000	0.01133815	0.00000000
C4	c	0.61354365	0.56700656	0.05193217	0.18000000	8.18000000	0.02751457	0.00000000
C5	c	0.52607901	0.12840706	0.13013814	0.24000000	8.24000000	0.01209870	0.00000000
C6	c	0.88115133	0.80037501	0.07606139	0.30000000	8.30000000	0.02363621	0.00000000
C7	c	0.90577016	0.47176956	0.01570723	0.36000000	8.36000000	0.02773263	0.00000000
C8	c	0.37347604	0.50585829	0.03255499	0.42000000	8.42000000	0.01221525	0.00000000
C9	c	0.90269577	0.53883527	0.13595824	0.48000000	8.48000000	0.01103121	0.00000000
C10	c	0.74416888	0.87235732	0.08762686	0.54000000	8.54000000	0.02104291	0.00000000
C11	c	0.86110609	0.18686483	0.09060608	0.60000000	8.60000000	0.02302564	0.00000000
C12	c	0.84791362	0.22580201	0.07842479	0.66000000	8.66000000	0.02884250	0.00000000
C13	c	0.10097143	0.42956681	0.13925003	0.72000000	8.72000000	0.02856194	0.00000000
C14	c	0.31474860	0.74155200	0.10809310	0.78000000	8.78000000	0.01242459	0.00000000
C15	c	0.16177907	0.54985513	0.11849422	0.84000000	8.84000000	0.01245465	0.00000000
C16	c	0.28743079	0.27068516	0.12954930	0.90000000	8.90000000	0.01900326	0.00000000
C17	c	0.49766209	0.43900790	0.15811586	0.96000000	8.96000000	0.01929690	0.00000000
C18	c	0.56199215	0.77379707	0.06029497	1.02000000	9.02000000	0.01279932	0.00000000
C19	c	0.19532416	0.32692621	0.01294667	1.08000000	9.08000000	0.01714011	0.00000000
C20	c	0.75036453	0.63623976	0.13755337	1.14000000	9.14000000	0.01542673	0.00000000
C21	c	0.17128119	0.49625444	0.03123356	1.20000000	9.20000000	0.02196812	0.00000000
C22	c	0.25543295	0.67148776	0.11283538	1.26000000	9.26000000	0.02513757	0.00000000
C23	c	0.13218459	0.92395858	0.03608138	1.32000000	9.32000000	0.02049290	0.00000000
C24	c	0.40010205	0.47201243	0.11656655	1.38000000	9.38000000	0.01119054	0.00000000
C25	c	0.10841433	0.98472718	0.14183331	1.44000000	9.44000000	0.01151699	0.00000000
C26	c	0.45161999	0.86994183	0.17221305	1.50000000	9.50000000	0.01827029	0.00000000
C27	c	0.77805614	0.04206995	0.09490466	1.56000000	9.56000000	0.02090907	0.00000000
C28	c	0.00794658	0.85704461	0.14177277	1.62000000	9.62000000	0.02305579	0.00000000
C29	c	0.45156217	0.00500007	0.01548836	1.68000000	9.68000000	0.02954801	0.00000000
C30	c	0.41373709	0.08113545	0.15289302	1.74000000	9.74000000	0.01477411	0.00000000
C31	c	0.76207444	0.12653360	0.17277864	1.80000000	9.80000000	0.02953380	0.00000000
C32	c	0.88239307	0.41510995	0.08457515	1.86000000	9.86000000	0.01617953	0.00000000
C33	c	0.74232805	0.40451365	0.06653313	1.92000000	9.92000000	0.02357740	0.00000000
C34	c	0.11449110	0.66858716	0.07507915	1.98000000	9.98000000	0.01438444	0.00000000
C35	c	0.68474063	0.16185145	0.05162497	2.00000000	10.00000000	0.01309835	0.00000000
C36	c	0.82003141	0.27203497	0.09286163	2.00000000	10.00000000	0.01254013	0.00000000
C37	c	0.72126804	0.08280852	0.12298383	2.00000000	10.00000000	0.01900256	0.00000000
C38	c	0.67988035	0.74902149	0.14510564	2.00000000	10.00000000	0.01733468	0.00000000
C39	c	0.63304621	0.28775463	0.19142791	2.00000000	10.00000000	0.01601173	0.00000000
C40	c	0.92485197	0.85068045	0.06404171	2.00000000	10.00000000	0.02319878	0.00000000
C41	c	0.98944322	0.04229381	0.16490996	2.00000000	10.00000000	0.01413980	0.00000000
C42	c	0.87696408	0.70216088	0.02425027	2.00000000	10.00000000	0.01319648	0.00000000
C43	c	0.01556549	0.16252206	0.02262708	2.00000000	10.00000000	0.01968732	0.00000000
C44	c	0.36749895	0.62598465	0.01692335	2.00000000	10.00000000	0.02413583	0.00000000
C45	c	0.77381089	0.47801722	0.05196056	2.00000000	10.00000000	0.02160963	0.00000000
C46	c	0.71580686	0.00505630	0.03122837	2.00000000	10.00000000	0.01071276	0.00000000
C47	c	0.66558213	0.42138034	0.01751724	2.00000000	10.00000000	0.02270319	0.00000000
C48	c	0.04804941	0.21209217	0.12725423	2.00000000	10.00000000	0.02442187	0.00000000
C49	c	0.31107911	0.96675554	0.13774691	2.00000000	10.00000000	0.02278697	0.00000000
C50	c	0.18339057	0.84347176	0.05161698	2.00000000	10.00000000	0.01060459	0.00000000

Q Vehicle fuel tank capacity /0.40000000/
C Vehicle load capacity /1.50000000/
r fuel consumption rate /0.25000000/
g inverse refueling rate /1.00000000/
v average Velocity /1.00000000/
