StringID	Type	x	y	demand	ReadyTime	DueDate	ServiceTime	altitude
D0	d	0.50000000	0.50000000	0.00000000	0.00000000	10.00000000	0.00000000	0.00000000
S0	f	0.80355979	0.38365865	0.00000000	0.00000000	10.00000000	0.00000000	0.00000000
S1	f	0.17030787	0.62861467	0.00000000	0.00000000	10.00000000	0.00000000	0.00000000
S2	f	0.25511971	0.39281288	0.00000000	0.00000000	10.00000000	0.00000000	0.00000000
S3	f	0.26175755	0.13606178	0.00000000	0.00000000	10.00000000	0.00000000	0.00000000
S4	f	0.87164619	0.62928663	0.00000000	0.00000000	10.00000000	0.00000000	0.00000000
S5	f	0.41116533	0.66574239	0.00000000	0.00000000	10.00000000	0.00000000	0.00000000
S6	f	0.48929294	0.27250845	0.00000000	0.00000000	10.00000000	0.00000000	0.00000000
S7	f	0.62965716	0.74348994	0.00000000	0.00000000	10.00000000	0.00000000	0.00000000
S8	f	0.70192421	0.11560149	0.00000000	0.00000000	10.00000000	0.00000000	0.00000000
S9	f	0.92741328	0.73930346	0.00000000	0.00000000	10.00000000	0.00000000	0.00000000
C1	c	0.92982354	0.60571453	0.11742789	0.00000000	8.00000000	0.02988905	0.00000000
C2	c	0.87660308	0.58475482	0.04846668	0.06000000	8.06000000	0.02678187	0.00000000
C3	c	0.79953160	0.58909730	0.15383981	0.12000000	8.12000000	0.02904685	0.00000000
C4	c	0.01827399	0.13325285	0.13499354	0.18000000	8.18000000	0.01444343	0.00000000
C5	c	0.09403796	0.11462273	0.04361779	0.24000000	8.24000000	0.01554258	0.00000000
C6	c	0.10362432	0.05057197	0.02495688	0.30000000	8.30000000	0.02481634	0.00000000
C7	c	0.03576384	0.17943268	0.05676030	0.36000000	8.36000000	0.01851619	0.00000000
C8	c	0.10011114	0.22326010	0.02374392	0.42000000	8.42000000	0.02770869	0.00000000
C9	c	0.07082268	0.07330579	0.12631934	0.48000000	8.48000000	0.02195134	0.00000000
C10	c	0.79753135	0.46278376	0.13713571	0.54000000	8.54000000	0.01916871	0.00000000
C11	c	0.72672829	0.38184636	0.10986726	0.60000000	8.60000000	0.02861990	0.00000000
C12	c	0.75932994	0.37043880	0.02427531	0.66000000	8.66000000	0.01785890	0.00000000
C13	c	0.77714597	0.42009312	0.13534075	0.72000000	8.72000000	0.02769163	0.00000000
C14	c	0.32391282	0.32156167	0.08371856	0.78000000	8.78000000	0.02806594	0.00000000
C15	c	0.33146083	0.27443030	0.10812137	0.84000000	8.84000000	0.01466861	0.00000000
C16	c	0.36466087	0.36417774	0.16652204	0.90000000	8.90000000	0.01618545	0.00000000
C17	c	0.33548989	0.29063076	0.16622695	0.96000000	8.96000000	0.01979851	0.00000000
C18	c	0.33252089	0.31920184	0.09596278	1.02000000	9.02000000	0.02054058	0.00000000
C19	c	0.40739194	0.29318713	0.17485275	1.08000000	9.08000000	0.02375939	0.00000000
C20	c	0.74404997	0.20884503	0.01692993	1.14000000	9.14000000	0.01789353	0.00000000
C21	c	0.74582289	0.24234555	0.09685124	1.20000000	9.20000000	0.02064696	0.00000000
C22	c	0.70576145	0.28055313	0.13638389	1.26000000	9.26000000	0.01177822	0.00000000
C23	c	0.70900328	0.20259661	0.01680100	1.32000000	9.32000000	0.01231486	0.00000000
C24	c	0.77303362	0.25620242	0.04020192	1.38000000	9.38000000	0.01401267	0.00000000
C25	c	0.81840324	0.22970624	0.04537955	1.44000000	9.44000000	0.02699516	0.00000000
C26	c	0.88709438	0.40102127	0.04739957	1.50000000	9.50000000	0.02145615	0.00000000
C27	c	0.56475390	0.58078217	0.08106971	1.56000000	9.56000000	0.02170427	0.00000000
C28	c	0.93436601	0.94722589	0.12032734	1.62000000	9.62000000	0.02366023	0.00000000
C29	c	0.50858028	0.87939172	0.12559263	1.68000000	9.68000000	0.01284352	0.00000000
C30	c	0.66018343	0.54436004	0.04468298	1.74000000	9.74000000	0.01668861	0.00000000
C31	c	0.73288631	0.15143681	0.09213646	1.80000000	9.80000000	0.01032791	0.00000000
C32	c	0.02965094	0.27480423	0.01561759	1.86000000	9.86000000	0.01957718	0.00000000
C33	c	0.99445253	0.83909354	0.07565271	1.92000000	9.92000000	0.01629931	0.00000000
C34	c	0.95234266	0.22217168	0.07430067	1.98000000	9.98000000	0.01739309	0.00000000
C35	c	0.27712920	0.74081676	0.15701282	2.00000000	10.00000000	0.01653839	0.00000000
C36	c	0.42580959	0.88543434	0.07739062	2.00000000	10.00000000	0.02993535	0.00000000
C37	c	0.59756717	0.45843552	0.10421118	2.00000000	10.00000000	0.02924379	0.00000000
C38	c	0.93099516	0.39294496	0.10683672	2.00000000	10.00000000	0.02991321	0.00000000
C39	c	0.88458164	0.90329704	0.16475625	2.00000000	10.00000000	0.02909451	0.00000000
C40	c	0.23343069	0.30927258	0.16686279	2.00000000	10.00000000	0.01147558	0.00000000
C41	c	0.68796928	0.39467635	0.09500954	2.00000000	10.00000000	0.02940000	0.00000000
C42	c	0.53234817	0.08891089	0.15575108	2.00000000	10.00000000	0.01385364	0.00000000
C43	c	0.58521373	0.68301157	0.01237873	2.00000000	10.00000000	0.02038393	0.00000000
C44	c	0.14217624	0.33443068	0.03606743	2.00000000	10.00000000	0.02082894	0.00000000
C45	c	0.01639571	0.47885901	0.11984321	2.00000000	10.00000000	0.02709741	0.00000000
C46	c	0.31496535	0.36965431	0.10087052	2.00000000	10.00000000	0.01035105	0.00000000
C47	c	0.32691947	0.99676756	0.13175246	2.00000000	10.00000000	0.01674739	0.00000000
C48	c	0.96218969	0.99566072	0.03650692	2.00000000	10.00000000	0.02178997	0.00000000
C49	c	0.95472554	0.07377881	0.01655754	2.00000000	10.00000000	0.02851330	0.00000000
C50	c	0.51919636	0.54144725	0.05671538	2.00000000	10.00000000	0.01692564	0.00000000

Q Vehicle fuel tank capacity /0.40000000/
C Vehicle load capacity /1.50000000/
r fuel consumption rate /0.25000000/
g inverse refueling rate /1.00000000/
v average Velocity /1.00000000/
