StringID	Type	x	y	demand	ReadyTime	DueDate	ServiceTime	altitude
D0	d	0.50000000	0.50000000	0.00000000	0.00000000	10.00000000	0.00000000	0.00000000
S0	f	0.75039478	0.31520339	0.00000000	0.00000000	10.00000000	0.00000000	0.00000000
S1	f	0.25600740	0.36924606	0.00000000	0.00000000	10.00000000	0.00000000	0.00000000
S2	f	0.92002099	0.37527580	0.00000000	0.00000000	10.00000000	0.00000000	0.00000000
S3	f	0.22189386	0.65301548	0.00000000	0.00000000	10.00000000	0.00000000	0.00000000
S4	f	0.74392583	0.45829277	0.00000000	0.00000000	10.00000000	0.00000000	0.00000000
S5	f	0.21172293	0.28259281	0.00000000	0.00000000	10.00000000	0.00000000	0.00000000
C1	c	0.45664341	0.51297171	0.27596454	0.00000000	8.00000000	0.01492914	0.00000000
C2	c	0.40388157	0.49167728	0.15452560	0.10000000	8.10000000	0.02419191	0.00000000
C3	c	0.45914893	0.49969903	0.05078165	0.20000000	8.20000000	0.02164462	0.00000000
C4	c	0.42982079	0.55446470	0.02299978	0.30000000	8.30000000	0.01207083	0.00000000
C5	c	0.71074319	0.29992400	0.23325257	0.40000000	8.40000000	0.02611333	0.00000000
C6	c	0.72076366	0.27957704	0.19276383	0.50000000	8.50000000	0.01404429	0.00000000
C7	c	0.85184478	0.40069443	0.04244854	0.60000000	8.60000000	0.02439217	0.00000000
C8	c	0.67315211	0.31863483	0.31324591	0.70000000	8.70000000	0.02480046	0.00000000
C9	c	0.78564110	0.27311276	0.16627722	0.80000000	8.80000000	0.01168456	0.00000000
C10	c	0.50484389	0.28555978	0.14850525	0.90000000	8.90000000	0.02758387	0.00000000
C11	c	0.42678038	0.33249625	0.18454476	1.00000000	9.00000000	0.02831544	0.00000000
C12	c	0.57082321	0.35895468	0.06097127	1.10000000	9.10000000	0.01473955	0.00000000
C13	c	0.65011545	0.35247740	0.27775131	1.20000000	9.20000000	0.01478935	0.00000000
C14	c	0.53918058	0.30204012	0.09447889	1.30000000	9.30000000	0.01298935	0.00000000
C15	c	0.56456472	0.38644565	0.03817911	1.40000000	9.40000000	0.01897915	0.00000000
C16	c	0.99944101	0.63712355	0.07496581	1.50000000	9.50000000	0.02450002	0.00000000
C17	c	0.05871591	0.87330135	0.06163950	1.60000000	9.60000000	0.02048127	0.00000000
C18	c	0.68815368	0.54083171	0.07274178	1.70000000	9.70000000	0.01092785	0.00000000
C19	c	0.52965565	0.14326530	0.31449754	1.80000000	9.80000000	0.02228989	0.00000000
C20	c	0.39176362	0.05812276	0.20809061	1.90000000	9.90000000	0.02399193	0.00000000
C21	c	0.23615347	0.91200735	0.03822139	2.00000000	10.00000000	0.02489310	0.00000000
C22	c	0.24645685	0.70959575	0.27745231	2.00000000	10.00000000	0.02559968	0.00000000
C23	c	0.58223099	0.10354149	0.22307735	2.00000000	10.00000000	0.02606824	0.00000000
C24	c	0.80566655	0.20221463	0.17981121	2.00000000	10.00000000	0.01783662	0.00000000
C25	c	0.71960861	0.74002300	0.17652897	2.00000000	10.00000000	0.01907674	0.00000000
C26	c	0.91577191	0.23697746	0.06305221	2.00000000	10.00000000	0.01694685	0.00000000
C27	c	0.23946759	0.14946770	0.13603226	2.00000000	10.00000000	0.01054135	0.00000000
C28	c	0.44895749	0.72500102	0.03804719	2.00000000	10.00000000	0.01494641	0.00000000
C29	c	0.52406335	0.04639256	0.09033200	2.00000000	10.00000000	0.01768890	0.00000000
C30	c	0.61449426	0.69959627	0.28881965	2.00000000	10.00000000	0.02058493	0.00000000

Q Vehicle fuel tank capacity /0.40000000/
C Vehicle load capacity /1.50000000/
r fuel consumption rate /0.25000000/
g inverse refueling rate /1.00000000/
v average Velocity /1.00000000/
