StringID	Type	x	y	demand	ReadyTime	DueDate	ServiceTime	altitude
D0	d	0.50000000	0.50000000	0.00000000	0.00000000	10.00000000	0.00000000	0.00000000
S0	f	0.05842229	0.06038922	0.00000000	0.00000000	10.00000000	0.00000000	0.00000000
S1	f	0.74183957	0.17948307	0.00000000	0.00000000	10.00000000	0.00000000	0.00000000
S2	f	0.66261568	0.70801868	0.00000000	0.00000000	10.00000000	0.00000000	0.00000000
S3	f	0.93277312	0.80646274	0.00000000	0.00000000	10.00000000	0.00000000	0.00000000
S4	f	0.47491158	0.55587041	0.00000000	0.00000000	10.00000000	0.00000000	0.00000000
S5	f	0.78893330	0.55024962	0.00000000	0.00000000	10.00000000	0.00000000	0.00000000
S6	f	0.27347442	0.53646107	0.00000000	0.00000000	10.00000000	0.00000000	0.00000000
S7	f	0.26497346	0.22235231	0.00000000	0.00000000	10.00000000	0.00000000	0.00000000
S8	f	0.58063173	0.96066016	0.00000000	0.00000000	10.00000000	0.00000000	0.00000000
S9	f	0.58691901	0.08583142	0.00000000	0.00000000	10.00000000	0.00000000	0.00000000
C1	c	0.23116978	0.83758269	0.05440901	0.00000000	8.00000000	0.02746885	0.00000000
C2	c	0.27372631	0.83272355	0.10249734	0.06000000	8.06000000	0.02265807	0.00000000
C3	c	0.29190343	0.74788744	0.14206045	0.12000000	8.12000000	0.01107937	0.00000000
C4	c	0.29250084	0.76189300	0.14975968	0.18000000	8.18000000	0.01057304	0.00000000
C5	c	0.30617511	0.72363368	0.10445652	0.24000000	8.24000000	0.02941416	0.00000000
C6	c	0.24500755	0.85843929	0.08959832	0.30000000	8.30000000	0.02744090	0.00000000
C7	c	0.12384818	0.85024486	0.13438605	0.36000000	8.36000000	0.01789883	0.00000000
C8	c	0.12169772	0.88483858	0.15558387	0.42000000	8.42000000	0.01387265	0.00000000
C9	c	0.08697262	0.80232898	0.14262904	0.48000000	8.48000000	0.02620245	0.00000000
C10	c	0.59779722	0.63903408	0.14704509	0.54000000	8.54000000	0.01120345	0.00000000
C11	c	0.58331555	0.65028007	0.11745080	0.60000000	8.60000000	0.02628412	0.00000000
C12	c	0.53752176	0.65537983	0.04816255	0.66000000	8.66000000	0.01864154	0.00000000
C13	c	0.56358080	0.62293367	0.07939811	0.72000000	8.72000000	0.02825918	0.00000000
C14	c	0.47868784	0.65610041	0.08616376	0.78000000	8.78000000	0.01918992	0.00000000
C15	c	0.09209358	0.10377705	0.15409770	0.84000000	8.84000000	0.02568465	0.00000000
C16	c	0.06303467	0.01539819	0.08010171	0.90000000	8.90000000	0.02774068	0.00000000
C17	c	0.07732744	0.00000000	0.03332986	0.96000000	8.96000000	0.02946971	0.00000000
C18	c	0.00000000	0.09136041	0.09993137	1.02000000	9.02000000	0.02733633	0.00000000
C19	c	0.03289372	0.02323353	0.08901607	1.08000000	9.08000000	0.01235503	0.00000000
C20	c	0.05794831	0.00000000	0.02863543	1.14000000	9.14000000	0.01912109	0.00000000
C21	c	0.06979822	0.01870673	0.13107652	1.20000000	9.20000000	0.01821469	0.00000000
C22	c	0.12911195	0.61701417	0.09152099	1.26000000	9.26000000	0.01566155	0.00000000
C23	c	0.00352356	0.61068063	0.09864690	1.32000000	9.32000000	0.02302457	0.00000000
C24	c	0.01610214	0.56230375	0.06283081	1.38000000	9.38000000	0.01822752	0.00000000
C25	c	0.00000000	0.48616856	0.02446413	1.44000000	9.44000000	0.01836465	0.00000000
C26	c	0.11935638	0.67062131	0.10581029	1.50000000	9.50000000	0.02539793	0.00000000
C27	c	0.91570832	0.58795020	0.04651596	1.56000000	9.56000000	0.02814240	0.00000000
C28	c	0.21829035	0.57164319	0.12023646	1.62000000	9.62000000	0.02230659	0.00000000
C29	c	0.46493042	0.59523444	0.01991916	1.68000000	9.68000000	0.01485408	0.00000000
C30	c	0.57252169	0.52653225	0.07756390	1.74000000	9.74000000	0.02457720	0.00000000
C31	c	0.76637749	0.71086561	0.07207002	1.80000000	9.80000000	0.01672940	0.00000000
C32	c	0.24281267	0.15879546	0.02772557	1.86000000	9.86000000	0.01098905	0.00000000
C33	c	0.28683822	0.87344231	0.10783742	1.92000000	9.92000000	0.02772429	0.00000000
C34	c	0.63290326	0.05396826	0.14345437	1.98000000	9.98000000	0.02011743	0.00000000
C35	c	0.02865225	0.97070800	0.09582335	2.00000000	10.00000000	0.02944242	0.00000000
C36	c	0.87204503	0.39494144	0.04210302	2.00000000	10.00000000	0.01765412	0.00000000
C37	c	0.19363263	0.81012250	0.09345356	2.00000000	10.00000000	0.02226408	0.00000000
C38	c	0.43207716	0.91295924	0.07794567	2.00000000	10.00000000	0.02540643	0.00000000
C39	c	0.45949589	0.78423234	0.09688193	2.00000000	10.00000000	0.01893807	0.00000000
C40	c	0.88703391	0.97348551	0.08433274	2.00000000	10.00000000	0.01735534	0.00000000
C41	c	0.86681629	0.11775161	0.10737097	2.00000000	10.00000000	0.01531387	0.00000000
C42	c	0.45605475	0.41073472	0.09358123	2.00000000	10.00000000	0.02564783	0.00000000
C43	c	0.28307752	0.65122857	0.08689787	2.00000000	10.00000000	0.01871592	0.00000000
C44	c	0.41137625	0.41823261	0.12175306	2.00000000	10.00000000	0.01974109	0.00000000
C45	c	0.76989638	0.90712018	0.11368587	2.00000000	10.00000000	0.02321531	0.00000000
C46	c	0.61532925	0.24270375	0.09088609	2.00000000	10.00000000	0.01709401	0.00000000
C47	c	0.72886023	0.33646984	0.09571104	2.00000000	10.00000000	0.01130547	0.00000000
C48	c	0.04945232	0.88621460	0.04566670	2.00000000	10.00000000	0.02416635	0.00000000
C49	c	0.50587173	0.97212081	0.03345701	2.00000000	10.00000000	0.02958166	0.00000000
C50	c	0.38270579	0.61320419	0.05206465	2.00000000	10.00000000	0.02184569	0.00000000

Q Vehicle fuel tank capacity /0.40000000/
C Vehicle load capacity /1.50000000/
r fuel consumption rate /0.25000000/
g inverse refueling rate /1.00000000/
v average Velocity /1.00000000/
