StringID	Type	x	y	demand	ReadyTime	DueDate	ServiceTime	altitude
D0	d	0.50000000	0.50000000	0.00000000	0.00000000	10.00000000	0.00000000	0.00000000
S0	f	0.29840610	0.75106159	0.00000000	0.00000000	10.00000000	0.00000000	0.00000000
S1	f	0.98281070	0.68284249	0.00000000	0.00000000	10.00000000	0.00000000	0.00000000
S2	f	0.33297689	0.27925933	0.00000000	0.00000000	10.00000000	0.00000000	0.00000000
S3	f	0.52628698	0.36159891	0.00000000	0.00000000	10.00000000	0.00000000	0.00000000
S4	f	0.02165276	0.12789012	0.00000000	0.00000000	10.00000000	0.00000000	0.00000000
S5	f	0.01298555	0.30588998	0.00000000	0.00000000	10.00000000	0.00000000	0.00000000
S6	f	0.09928310	0.31167230	0.00000000	0.00000000	10.00000000	0.00000000	0.00000000
S7	f	0.92986266	0.86964878	0.00000000	0.00000000	10.00000000	0.00000000	0.00000000
S8	f	0.68058513	0.24054776	0.00000000	0.00000000	10.00000000	0.00000000	0.00000000
S9	f	0.20698830	0.30901175	0.00000000	0.00000000	10.00000000	0.00000000	0.00000000
C1	c	0.72405409	0.80788672	0.06485435	0.00000000	8.00000000	0.01496575	0.00000000
C2	c	0.72332604	0.73786294	0.13423432	0.06000000	8.06000000	0.01578097	0.00000000
C3	c	0.71042388	0.78315082	0.10319471	0.12000000	8.12000000	0.02406691	0.00000000
C4	c	0.73534687	0.72985278	0.15103531	0.18000000	8.18000000	0.02823018	0.00000000
C5	c	0.73804645	0.76994694	0.02121178	0.24000000	8.24000000	0.01461490	0.00000000
C6	c	0.83215340	0.77312018	0.14124199	0.30000000	8.30000000	0.02243430	0.00000000
C7	c	0.80931470	0.71480570	0.06427643	0.36000000	8.36000000	0.02429795	0.00000000
C8	c	0.20223077	0.73209195	0.14045859	0.42000000	8.42000000	0.02407323	0.00000000
C9	c	0.25875193	0.77439042	0.04813831	0.48000000	8.48000000	0.02238947	0.00000000
C10	c	0.27486101	0.68369647	0.10048482	0.54000000	8.54000000	0.01804771	0.00000000
C11	c	0.24255178	0.75236268	0.13313483	0.60000000	8.60000000	0.01539415	0.00000000
C12	c	0.24567828	0.74471939	0.07218251	0.66000000	8.66000000	0.02806588	0.00000000
C13	c	0.88859404	0.01309643	0.07496725	0.72000000	8.72000000	0.01703771	0.00000000
C14	c	0.84600952	0.00000000	0.06363305	0.78000000	8.78000000	0.01682838	0.00000000
C15	c	0.84371574	0.04977038	0.06835483	0.84000000	8.84000000	0.01093524	0.00000000
C16	c	0.80431523	0.00000000	0.14449755	0.90000000	8.90000000	0.01091358	0.00000000
C17	c	0.33682533	0.89075679	0.10819728	0.96000000	8.96000000	0.02989544	0.00000000
C18	c	0.41994204	0.98502031	0.13606831	1.02000000	9.02000000	0.01530556	0.00000000
C19	c	0.40446867	1.00000000	0.12196866	1.08000000	9.08000000	0.01904249	0.00000000
C20	c	0.41323375	0.92516277	0.07099493	1.14000000	9.14000000	0.01365882	0.00000000
C21	c	0.91621414	0.67747277	0.04318890	1.20000000	9.20000000	0.02653612	0.00000000
C22	c	0.96540330	0.73276243	0.12081857	1.26000000	9.26000000	0.02367600	0.00000000
C23	c	0.95282502	0.73157756	0.10433472	1.32000000	9.32000000	0.02166863	0.00000000
C24	c	0.95732762	0.62543156	0.06075948	1.38000000	9.38000000	0.02076765	0.00000000
C25	c	0.88296904	0.66829893	0.12907352	1.44000000	9.44000000	0.02951759	0.00000000
C26	c	0.16823209	0.32865508	0.07171060	1.50000000	9.50000000	0.02711626	0.00000000
C27	c	0.05003563	0.27455773	0.10644053	1.56000000	9.56000000	0.01512190	0.00000000
C28	c	0.83140931	0.24185327	0.11290979	1.62000000	9.62000000	0.01974930	0.00000000
C29	c	0.67617323	0.42335507	0.04263618	1.68000000	9.68000000	0.02723986	0.00000000
C30	c	0.81890865	0.47995980	0.12158198	1.74000000	9.74000000	0.02630182	0.00000000
C31	c	0.38334108	0.63045126	0.03462823	1.80000000	9.80000000	0.02659479	0.00000000
C32	c	0.62384216	0.78698810	0.05780752	1.86000000	9.86000000	0.01356270	0.00000000
C33	c	0.20515268	0.55274357	0.01755019	1.92000000	9.92000000	0.02380689	0.00000000
C34	c	0.76681719	0.59618508	0.04999107	1.98000000	9.98000000	0.01366695	0.00000000
C35	c	0.67342807	0.29493985	0.13044976	2.00000000	10.00000000	0.02528097	0.00000000
C36	c	0.24828756	0.28904855	0.04526565	2.00000000	10.00000000	0.02937171	0.00000000
C37	c	0.70334552	0.91150909	0.10801992	2.00000000	10.00000000	0.02290801	0.00000000
C38	c	0.23074505	0.62171512	0.07149059	2.00000000	10.00000000	0.02715965	0.00000000
C39	c	0.61947374	0.40238574	0.12864356	2.00000000	10.00000000	0.02858098	0.00000000
C40	c	0.26970753	0.90329389	0.07966932	2.00000000	10.00000000	0.01772803	0.00000000
C41	c	0.35188530	0.34141893	0.06570902	2.00000000	10.00000000	0.02075386	0.00000000
C42	c	0.04676201	0.04567895	0.10141362	2.00000000	10.00000000	0.02526522	0.00000000
C43	c	0.99477186	0.26527823	0.10045868	2.00000000	10.00000000	0.02714439	0.00000000
C44	c	0.45212443	0.18294111	0.12403141	2.00000000	10.00000000	0.02860346	0.00000000
C45	c	0.58343137	0.53838248	0.03996283	2.00000000	10.00000000	0.02278453	0.00000000
C46	c	0.97587950	0.85581293	0.09018575	2.00000000	10.00000000	0.02601698	0.00000000
C47	c	0.25609513	0.48746525	0.12111694	2.00000000	10.00000000	0.02808416	0.00000000
C48	c	0.86199292	0.81509119	0.09646255	2.00000000	10.00000000	0.02186088	0.00000000
C49	c	0.82973938	0.17813503	0.10762328	2.00000000	10.00000000	0.01277311	0.00000000
C50	c	0.69034473	0.18334770	0.05293605	2.00000000	10.00000000	0.02188628	0.00000000

Q Vehicle fuel tank capacity /0.40000000/
C Vehicle load capacity /1.50000000/
r fuel consumption rate /0.25000000/
g inverse refueling rate /1.00000000/
v average Velocity /1.00000000/
