StringID	Type	x	y	demand	ReadyTime	DueDate	ServiceTime	altitude
D0	d	0.50000000	0.50000000	0.00000000	0.00000000	10.00000000	0.00000000	0.00000000
S0	f	0.68855762	0.19010780	0.00000000	0.00000000	10.00000000	0.00000000	0.00000000
S1	f	0.83972318	0.77697291	0.00000000	0.00000000	10.00000000	0.00000000	0.00000000
S2	f	0.14317088	0.75288254	0.00000000	0.00000000	10.00000000	0.00000000	0.00000000
S3	f	0.84634473	0.25867678	0.00000000	0.00000000	10.00000000	0.00000000	0.00000000
S4	f	0.26297109	0.13664981	0.00000000	0.00000000	10.00000000	0.00000000	0.00000000
S5	f	0.93343106	0.16734206	0.00000000	0.00000000	10.00000000	0.00000000	0.00000000
C1	c	0.51387949	0.67821626	0.04859317	0.00000000	8.00000000	0.02491035	0.00000000
C2	c	0.77808317	0.43268030	0.24109674	0.10000000	8.10000000	0.01978039	0.00000000
C3	c	0.75509698	0.92993839	0.18500191	0.20000000	8.20000000	0.01850558	0.00000000
C4	c	0.87057370	0.67382814	0.10559341	0.30000000	8.30000000	0.01370789	0.00000000
C5	c	0.97413887	0.99556829	0.20425472	0.40000000	8.40000000	0.01171019	0.00000000
C6	c	0.43094650	0.93805386	0.22590806	0.50000000	8.50000000	0.02625443	0.00000000
C7	c	0.08041113	0.75920105	0.21853315	0.60000000	8.60000000	0.01858031	0.00000000
C8	c	0.55316050	0.45163943	0.03347980	0.70000000	8.70000000	0.01631350	0.00000000
C9	c	0.87171194	0.19319126	0.16649522	0.80000000	8.80000000	0.01399128	0.00000000
C10	c	0.37671912	0.93201377	0.03629347	0.90000000	8.90000000	0.02356232	0.00000000
C11	c	0.56322369	0.74450824	0.07535564	1.00000000	9.00000000	0.01303791	0.00000000
C12	c	0.99876873	0.43138993	0.14566647	1.10000000	9.10000000	0.02657185	0.00000000
C13	c	0.25133445	0.42481029	0.08327750	1.20000000	9.20000000	0.02024944	0.00000000
C14	c	0.02470931	0.95147762	0.11812472	1.30000000	9.30000000	0.02353866	0.00000000
C15	c	0.11989106	0.01552187	0.12641387	1.40000000	9.40000000	0.02814257	0.00000000
C16	c	0.01153864	0.20132688	0.19813999	1.50000000	9.50000000	0.02120574	0.00000000
C17	c	0.12435742	0.57341171	0.07041688	1.60000000	9.60000000	0.01005462	0.00000000
C18	c	0.41100924	0.60140487	0.16656659	1.70000000	9.70000000	0.02786909	0.00000000
C19	c	0.78153717	0.19273038	0.18254133	1.80000000	9.80000000	0.02694214	0.00000000
C20	c	0.68497593	0.56299996	0.11909098	1.90000000	9.90000000	0.01038460	0.00000000
C21	c	0.68855762	0.19010780	0.07772121	2.00000000	10.00000000	0.01976268	0.00000000
C22	c	0.19488785	0.15990871	0.10908737	2.00000000	10.00000000	0.01606515	0.00000000
C23	c	0.80414108	0.87665600	0.28632422	2.00000000	10.00000000	0.01711171	0.00000000
C24	c	0.70275949	0.04254630	0.11566336	2.00000000	10.00000000	0.01385027	0.00000000
C25	c	0.72325269	0.35373877	0.09783156	2.00000000	10.00000000	0.01895613	0.00000000
C26	c	0.10537288	0.50433273	0.28679200	2.00000000	10.00000000	0.02283292	0.00000000
C27	c	0.47121508	0.70615683	0.23611405	2.00000000	10.00000000	0.02352087	0.00000000
C28	c	0.47079508	0.83880257	0.04856425	2.00000000	10.00000000	0.01536855	0.00000000
C29	c	0.31713329	0.16895471	0.29074886	2.00000000	10.00000000	0.02337407	0.00000000
C30	c	0.22890435	0.36895476	0.20030951	2.00000000	10.00000000	0.02418542	0.00000000

Q Vehicle fuel tank capacity /0.40000000/
C Vehicle load capacity /1.50000000/
r fuel consumption rate /0.25000000/
g inverse refueling rate /1.00000000/
v average Velocity /1.00000000/
