StringID	Type	x	y	demand	ReadyTime	DueDate	ServiceTime	altitude
D0	d	0.50000000	0.50000000	0.00000000	0.00000000	10.00000000	0.00000000	0.00000000
S0	f	0.59119744	0.10583656	0.00000000	0.00000000	10.00000000	0.00000000	0.00000000
S1	f	0.28914316	0.42224557	0.00000000	0.00000000	10.00000000	0.00000000	0.00000000
S2	f	0.36077715	0.95989502	0.00000000	0.00000000	10.00000000	0.00000000	0.00000000
S3	f	0.93438800	0.11804685	0.00000000	0.00000000	10.00000000	0.00000000	0.00000000
S4	f	0.12281066	0.93139203	0.00000000	0.00000000	10.00000000	0.00000000	0.00000000
S5	f	0.20167605	0.06257388	0.00000000	0.00000000	10.00000000	0.00000000	0.00000000
C1	c	0.72212233	0.59250682	0.04429424	0.00000000	8.00000000	0.01207720	0.00000000
C2	c	0.95082388	0.90600141	0.19405464	0.10000000	8.10000000	0.01742433	0.00000000
C3	c	0.79666536	0.55303699	0.09875832	0.20000000	8.20000000	0.01903640	0.00000000
C4	c	0.21422486	0.68446035	0.21620021	0.30000000	8.30000000	0.01149531	0.00000000
C5	c	0.58982458	0.71961616	0.10997980	0.40000000	8.40000000	0.01043350	0.00000000
C6	c	0.29025306	0.84802453	0.07730824	0.50000000	8.50000000	0.02800424	0.00000000
C7	c	0.60103656	0.50431619	0.18641247	0.60000000	8.60000000	0.01634920	0.00000000
C8	c	0.02226211	0.13931606	0.15737088	0.70000000	8.70000000	0.02781485	0.00000000
C9	c	0.06787560	0.63800387	0.26402103	0.80000000	8.80000000	0.02296478	0.00000000
C10	c	0.85993544	0.73894472	0.09570461	0.90000000	8.90000000	0.01971009	0.00000000
C11	c	0.46047909	0.79061282	0.11006707	1.00000000	9.00000000	0.01342617	0.00000000
C12	c	0.05816073	0.70945462	0.14039154	1.10000000	9.10000000	0.02624244	0.00000000
C13	c	0.71467266	0.66275721	0.14830574	1.20000000	9.20000000	0.02583693	0.00000000
C14	c	0.54326846	0.41752676	0.17494891	1.30000000	9.30000000	0.01460048	0.00000000
C15	c	0.91088694	0.74219257	0.19726403	1.40000000	9.40000000	0.01418298	0.00000000
C16	c	0.26112872	0.16693790	0.02482503	1.50000000	9.50000000	0.01977956	0.00000000
C17	c	0.81964808	0.32049724	0.09782319	1.60000000	9.60000000	0.02744056	0.00000000
C18	c	0.41492669	0.88480984	0.21551430	1.70000000	9.70000000	0.02738124	0.00000000
C19	c	0.59119744	0.10583656	0.03841417	1.80000000	9.80000000	0.02051943	0.00000000
C20	c	0.60271977	0.28433544	0.14892994	1.90000000	9.90000000	0.01746857	0.00000000
C21	c	0.80272269	0.69262500	0.20502030	2.00000000	10.00000000	0.02215772	0.00000000
C22	c	0.23705871	0.62067076	0.11176122	2.00000000	10.00000000	0.02396033	0.00000000
C23	c	0.15573648	0.83271537	0.22835837	2.00000000	10.00000000	0.02723011	0.00000000
C24	c	0.09599549	0.47104573	0.20012196	2.00000000	10.00000000	0.02454200	0.00000000
C25	c	0.28620036	0.71586826	0.26783299	2.00000000	10.00000000	0.01376747	0.00000000
C26	c	0.98416050	0.36649464	0.14180775	2.00000000	10.00000000	0.02131165	0.00000000
C27	c	0.62172346	0.46673287	0.12643061	2.00000000	10.00000000	0.01697734	0.00000000
C28	c	0.92197794	0.97971753	0.22415452	2.00000000	10.00000000	0.02439039	0.00000000
C29	c	0.66516849	0.39967405	0.20784825	2.00000000	10.00000000	0.02625588	0.00000000
C30	c	0.82230014	0.37921567	0.04607566	2.00000000	10.00000000	0.02740158	0.00000000

Q Vehicle fuel tank capacity /0.40000000/
C Vehicle load capacity /1.50000000/
r fuel consumption rate /0.25000000/
g inverse refueling rate /1.00000000/
v average Velocity /1.00000000/
