StringID	Type	x	y	demand	ReadyTime	DueDate	ServiceTime	altitude
D0	d	0.50000000	0.50000000	0.00000000	0.00000000	10.00000000	0.00000000	0.00000000
S0	f	0.37755095	0.52881477	0.00000000	0.00000000	10.00000000	0.00000000	0.00000000
S1	f	0.44045668	0.47330031	0.00000000	0.00000000	10.00000000	0.00000000	0.00000000
S2	f	0.32378819	0.30500263	0.00000000	0.00000000	10.00000000	0.00000000	0.00000000
S3	f	0.64388887	0.01820569	0.00000000	0.00000000	10.00000000	0.00000000	0.00000000
S4	f	0.78553370	0.12059137	0.00000000	0.00000000	10.00000000	0.00000000	0.00000000
S5	f	0.22165014	0.95503680	0.00000000	0.00000000	10.00000000	0.00000000	0.00000000
S6	f	0.96839543	0.78158201	0.00000000	0.00000000	10.00000000	0.00000000	0.00000000
S7	f	0.33101055	0.95362866	0.00000000	0.00000000	10.00000000	0.00000000	0.00000000
S8	f	0.51951050	0.95546297	0.00000000	0.00000000	10.00000000	0.00000000	0.00000000
S9	f	0.31228373	0.26433591	0.00000000	0.00000000	10.00000000	0.00000000	0.00000000
C1	c	0.10569895	0.36320518	0.01328126	0.00000000	8.00000000	0.01788986	0.00000000
C2	c	0.14220319	0.31142611	0.08965173	0.06000000	8.06000000	0.02963474	0.00000000
C3	c	0.17878157	0.21809347	0.15553988	0.12000000	8.12000000	0.02763517	0.00000000
C4	c	0.20048841	0.40267282	0.13222009	0.18000000	8.18000000	0.01198001	0.00000000
C5	c	0.08369804	0.62127599	0.14037082	0.24000000	8.24000000	0.02640840	0.00000000
C6	c	0.07219555	0.60401111	0.14912449	0.30000000	8.30000000	0.01435434	0.00000000
C7	c	0.15561287	0.66078437	0.15005387	0.36000000	8.36000000	0.01893900	0.00000000
C8	c	0.13430340	0.58676529	0.06788924	0.42000000	8.42000000	0.02807361	0.00000000
C9	c	0.14558464	0.63439106	0.09088922	0.48000000	8.48000000	0.02605919	0.00000000
C10	c	0.77886997	0.56805867	0.11771581	0.54000000	8.54000000	0.02452387	0.00000000
C11	c	0.70393928	0.55500985	0.13056075	0.60000000	8.60000000	0.01900981	0.00000000
C12	c	0.74596480	0.53035581	0.02514960	0.66000000	8.66000000	0.01167599	0.00000000
C13	c	0.82127952	0.54570745	0.12663399	0.72000000	8.72000000	0.01301707	0.00000000
C14	c	0.68001915	0.56163172	0.02663965	0.78000000	8.78000000	0.01467907	0.00000000
C15	c	0.66902457	0.67584404	0.04549499	0.84000000	8.84000000	0.01753056	0.00000000
C16	c	0.66200442	0.66335768	0.05906680	0.90000000	8.90000000	0.02529172	0.00000000
C17	c	0.68557257	0.82617423	0.08645475	0.96000000	8.96000000	0.02683989	0.00000000
C18	c	0.64067833	0.65214498	0.02315546	1.02000000	9.02000000	0.01869612	0.00000000
C19	c	0.69144582	0.75789901	0.15799812	1.08000000	9.08000000	0.01349528	0.00000000
C20	c	0.81023049	0.94127015	0.07745169	1.14000000	9.14000000	0.01460575	0.00000000
C21	c	0.89120142	0.92404469	0.03785776	1.20000000	9.20000000	0.01032405	0.00000000
C22	c	0.94140134	0.99348706	0.11387296	1.26000000	9.26000000	0.01785958	0.00000000
C23	c	0.98587797	1.00000000	0.03966998	1.32000000	9.32000000	0.02848714	0.00000000
C24	c	0.98911184	0.95787887	0.12941722	1.38000000	9.38000000	0.01268685	0.00000000
C25	c	0.87902779	0.90973646	0.15488019	1.44000000	9.44000000	0.01516035	0.00000000
C26	c	0.05763952	0.48576342	0.08122472	1.50000000	9.50000000	0.01456285	0.00000000
C27	c	0.01159556	0.73356375	0.09986120	1.56000000	9.56000000	0.01750133	0.00000000
C28	c	0.62569485	0.89182728	0.12697639	1.62000000	9.62000000	0.02439829	0.00000000
C29	c	0.57953881	0.05251985	0.15080579	1.68000000	9.68000000	0.01429465	0.00000000
C30	c	0.85574180	0.85889717	0.09592066	1.74000000	9.74000000	0.01678358	0.00000000
C31	c	0.34290314	0.08775017	0.01951791	1.80000000	9.80000000	0.01511832	0.00000000
C32	c	0.41477659	0.17644602	0.08425957	1.86000000	9.86000000	0.02757813	0.00000000
C33	c	0.22851147	0.37082767	0.01255506	1.92000000	9.92000000	0.02558021	0.00000000
C34	c	0.39449291	0.98173713	0.12173237	1.98000000	9.98000000	0.02628897	0.00000000
C35	c	0.88175830	0.09900050	0.10542025	2.00000000	10.00000000	0.01075594	0.00000000
C36	c	0.82042009	0.21771678	0.14566527	2.00000000	10.00000000	0.01156374	0.00000000
C37	c	0.44695015	0.90368060	0.03762286	2.00000000	10.00000000	0.02351539	0.00000000
C38	c	0.80295975	0.72619365	0.05939702	2.00000000	10.00000000	0.02588076	0.00000000
C39	c	0.45049063	0.08379927	0.09844045	2.00000000	10.00000000	0.02879672	0.00000000
C40	c	0.37652812	0.76458624	0.01874370	2.00000000	10.00000000	0.02844048	0.00000000
C41	c	0.84199444	0.43480577	0.14950458	2.00000000	10.00000000	0.02144041	0.00000000
C42	c	0.01620233	0.39297899	0.16044565	2.00000000	10.00000000	0.01824742	0.00000000
C43	c	0.92435699	0.13434230	0.14020835	2.00000000	10.00000000	0.01244292	0.00000000
C44	c	0.25801743	0.22814233	0.14068552	2.00000000	10.00000000	0.02710500	0.00000000
C45	c	0.37506649	0.71991449	0.06265598	2.00000000	10.00000000	0.02054417	0.00000000
C46	c	0.25591617	0.87890643	0.02407129	2.00000000	10.00000000	0.01153628	0.00000000
C47	c	0.77901037	0.81444871	0.07352481	2.00000000	10.00000000	0.02148137	0.00000000
C48	c	0.03779710	0.07818714	0.03748404	2.00000000	10.00000000	0.02904948	0.00000000
C49	c	0.93983591	0.92202387	0.04535747	2.00000000	10.00000000	0.02988267	0.00000000
C50	c	0.57202051	0.41237087	0.06687878	2.00000000	10.00000000	0.02672471	0.00000000

Q Vehicle fuel tank capacity /0.40000000/
C Vehicle load capacity /1.50000000/
r fuel consumption rate /0.25000000/
g inverse refueling rate /1.00000000/
v average Velocity /1.00000000/
