StringID	Type	x	y	demand	ReadyTime	DueDate	ServiceTime	altitude
D0	d	0.50000000	0.50000000	0.00000000	0.00000000	10.00000000	0.00000000	0.00000000
S0	f	0.05430151	0.91382046	0.00000000	0.00000000	10.00000000	0.00000000	0.00000000
S1	f	0.24410700	0.11737627	0.00000000	0.00000000	10.00000000	0.00000000	0.00000000
S2	f	0.12810481	0.86127741	0.00000000	0.00000000	10.00000000	0.00000000	0.00000000
S3	f	0.58308009	0.24880075	0.00000000	0.00000000	10.00000000	0.00000000	0.00000000
S4	f	0.55787444	0.73226425	0.00000000	0.00000000	10.00000000	0.00000000	0.00000000
S5	f	0.13098476	0.21157735	0.00000000	0.00000000	10.00000000	0.00000000	0.00000000
S6	f	0.48185226	0.66788096	0.00000000	0.00000000	10.00000000	0.00000000	0.00000000
S7	f	0.11587913	0.67133769	0.00000000	0.00000000	10.00000000	0.00000000	0.00000000
S8	f	0.85322718	0.54439212	0.00000000	0.00000000	10.00000000	0.00000000	0.00000000
S9	f	0.83743527	0.83772903	0.00000000	0.00000000	10.00000000	0.00000000	0.00000000
C1	c	0.48225747	0.32234766	0.13522523	0.00000000	8.00000000	0.02896786	0.00000000
C2	c	0.22307537	0.81480725	0.07503670	0.06000000	8.06000000	0.01758292	0.00000000
C3	c	0.69781693	0.55593561	0.02662963	0.12000000	8.12000000	0.02647008	0.00000000
C4	c	0.74055046	0.33343002	0.12616613	0.18000000	8.18000000	0.01846553	0.00000000
C5	c	0.52355666	0.99193290	0.11040778	0.24000000	8.24000000	0.01569467	0.00000000
C6	c	0.84945712	0.45081338	0.12143579	0.30000000	8.30000000	0.02234012	0.00000000
C7	c	0.07651222	0.01846569	0.03475148	0.36000000	8.36000000	0.02196582	0.00000000
C8	c	0.02474099	0.57087459	0.12728102	0.42000000	8.42000000	0.02534413	0.00000000
C9	c	0.61113927	0.71117625	0.13546717	0.48000000	8.48000000	0.02255240	0.00000000
C10	c	0.04965230	0.07975187	0.08541626	0.54000000	8.54000000	0.01402499	0.00000000
C11	c	0.00657669	0.37258787	0.13885537	0.60000000	8.60000000	0.01204581	0.00000000
C12	c	0.90796493	0.27658295	0.08063028	0.66000000	8.66000000	0.02531574	0.00000000
C13	c	0.59143585	0.43293361	0.01064584	0.72000000	8.72000000	0.02170158	0.00000000
C14	c	0.94659520	0.53140797	0.09426600	0.78000000	8.78000000	0.02158647	0.00000000
C15	c	0.41441867	0.34643543	0.05416421	0.84000000	8.84000000	0.01294878	0.00000000
C16	c	0.24703746	0.18251273	0.13223903	0.90000000	8.90000000	0.01410659	0.00000000
C17	c	0.94206198	0.41393657	0.12047108	0.96000000	8.96000000	0.01146085	0.00000000
C18	c	0.34408348	0.12268190	0.07367216	1.02000000	9.02000000	0.02770219	0.00000000
C19	c	0.05430151	0.91382046	0.11188183	1.08000000	9.08000000	0.02740974	0.00000000
C20	c	0.27082607	0.68125778	0.12882943	1.14000000	9.14000000	0.01678109	0.00000000
C21	c	0.56010785	0.16600032	0.11280897	1.20000000	9.20000000	0.02010309	0.00000000
C22	c	0.64247113	0.89396005	0.01002519	1.26000000	9.26000000	0.01720669	0.00000000
C23	c	0.90089194	0.78361687	0.08057211	1.32000000	9.32000000	0.01948711	0.00000000
C24	c	0.26151181	0.76820294	0.08560770	1.38000000	9.38000000	0.02099471	0.00000000
C25	c	0.89183077	0.46983838	0.08951509	1.44000000	9.44000000	0.02974928	0.00000000
C26	c	0.10243338	0.95683480	0.08927313	1.50000000	9.50000000	0.02768741	0.00000000
C27	c	0.49033376	0.02875319	0.08858765	1.56000000	9.56000000	0.02910278	0.00000000
C28	c	0.71013956	0.26514466	0.09667085	1.62000000	9.62000000	0.01872204	0.00000000
C29	c	0.63486769	0.17397995	0.05127036	1.68000000	9.68000000	0.02301430	0.00000000
C30	c	0.15221385	0.11899382	0.12741957	1.74000000	9.74000000	0.01966211	0.00000000
C31	c	0.10344215	0.82970018	0.13827488	1.80000000	9.80000000	0.01375855	0.00000000
C32	c	0.38773439	0.71661189	0.12939846	1.86000000	9.86000000	0.01705200	0.00000000
C33	c	0.02316880	0.80431776	0.11983035	1.92000000	9.92000000	0.01122241	0.00000000
C34	c	0.24410700	0.11737627	0.03850297	1.98000000	9.98000000	0.01873172	0.00000000
C35	c	0.73705223	0.17756213	0.02682945	2.00000000	10.00000000	0.02800395	0.00000000
C36	c	0.44452176	0.23243357	0.07374892	2.00000000	10.00000000	0.01605117	0.00000000
C37	c	0.44915177	0.10126369	0.14701254	2.00000000	10.00000000	0.01043625	0.00000000
C38	c	0.73839864	0.84002071	0.04922531	2.00000000	10.00000000	0.01248661	0.00000000
C39	c	0.39876351	0.47401565	0.09525908	2.00000000	10.00000000	0.01011140	0.00000000
C40	c	0.53214309	0.12747970	0.03246013	2.00000000	10.00000000	0.02970475	0.00000000
C41	c	0.05587782	0.86328572	0.03035214	2.00000000	10.00000000	0.02867781	0.00000000
C42	c	0.85027140	0.39989050	0.07491028	2.00000000	10.00000000	0.01973903	0.00000000
C43	c	0.10353459	0.48957552	0.08745029	2.00000000	10.00000000	0.02978665	0.00000000
C44	c	0.81520710	0.63669695	0.01168744	2.00000000	10.00000000	0.01485431	0.00000000
C45	c	0.14681978	0.28207815	0.13925413	2.00000000	10.00000000	0.02108570	0.00000000
C46	c	0.12399007	0.34372995	0.14295158	2.00000000	10.00000000	0.01023811	0.00000000
C47	c	0.94912849	0.46558976	0.02670513	2.00000000	10.00000000	0.02968680	0.00000000
C48	c	0.29175478	0.36987856	0.09722078	2.00000000	10.00000000	0.02834907	0.00000000
C49	c	0.67958913	0.11966040	0.13587442	2.00000000	10.00000000	0.01507041	0.00000000
C50	c	0.67083568	0.34613718	0.14782872	2.00000000	10.00000000	0.01705814	0.00000000

Q Vehicle fuel tank capacity /0.40000000/
C Vehicle load capacity /1.50000000/
r fuel consumption rate /0.25000000/
g inverse refueling rate /1.00000000/
v average Velocity /1.00000000/
