StringID	Type	x	y	demand	ReadyTime	DueDate	ServiceTime	altitude
D0	d	0.50000000	0.50000000	0.00000000	0.00000000	10.00000000	0.00000000	0.00000000
S0	f	0.63183804	0.13453965	0.00000000	0.00000000	10.00000000	0.00000000	0.00000000
S1	f	0.22505822	0.28858753	0.00000000	0.00000000	10.00000000	0.00000000	0.00000000
S2	f	0.23446720	0.24182243	0.00000000	0.00000000	10.00000000	0.00000000	0.00000000
S3	f	0.47651631	0.02942101	0.00000000	0.00000000	10.00000000	0.00000000	0.00000000
S4	f	0.53762264	0.61895132	0.00000000	0.00000000	10.00000000	0.00000000	0.00000000
S5	f	0.33626120	0.40888204	0.00000000	0.00000000	10.00000000	0.00000000	0.00000000
S6	f	0.59197435	0.39870998	0.00000000	0.00000000	10.00000000	0.00000000	0.00000000
S7	f	0.27804930	0.30038159	0.00000000	0.00000000	10.00000000	0.00000000	0.00000000
S8	f	0.75349393	0.21330742	0.00000000	0.00000000	10.00000000	0.00000000	0.00000000
S9	f	0.40282156	0.64348808	0.00000000	0.00000000	10.00000000	0.00000000	0.00000000
C1	c	0.08470978	0.02595797	0.04238743	0.00000000	8.00000000	0.01286644	0.00000000
C2	c	0.23057881	0.11799067	0.13388889	0.06000000	8.06000000	0.02119462	0.00000000
C3	c	0.18109405	0.07253669	0.05093465	0.12000000	8.12000000	0.01666206	0.00000000
C4	c	0.14949822	0.04065638	0.15102921	0.18000000	8.18000000	0.01018535	0.00000000
C5	c	0.17652699	0.08818545	0.09393813	0.24000000	8.24000000	0.01008370	0.00000000
C6	c	0.07153602	0.09227507	0.12250540	0.30000000	8.30000000	0.02837796	0.00000000
C7	c	0.09797195	0.13067794	0.05029689	0.36000000	8.36000000	0.01928666	0.00000000
C8	c	0.17934481	0.11226758	0.13885047	0.42000000	8.42000000	0.02641740	0.00000000
C9	c	0.11483548	0.06528853	0.03133920	0.48000000	8.48000000	0.02420064	0.00000000
C10	c	0.77072677	0.27956162	0.12244124	0.54000000	8.54000000	0.01012660	0.00000000
C11	c	0.79835516	0.28218855	0.04460979	0.60000000	8.60000000	0.02054249	0.00000000
C12	c	0.83353910	0.27613013	0.15908105	0.66000000	8.66000000	0.01179119	0.00000000
C13	c	0.85014144	0.30776281	0.02797989	0.72000000	8.72000000	0.02048235	0.00000000
C14	c	0.41682945	0.71924858	0.07061208	0.78000000	8.78000000	0.02419206	0.00000000
C15	c	0.39797401	0.81664061	0.04275684	0.84000000	8.84000000	0.02681660	0.00000000
C16	c	0.40065484	0.77749238	0.05154222	0.90000000	8.90000000	0.01765850	0.00000000
C17	c	0.38321373	0.75206705	0.11114436	0.96000000	8.96000000	0.01399238	0.00000000
C18	c	0.34479660	0.78605869	0.16153321	1.02000000	9.02000000	0.01011104	0.00000000
C19	c	0.17240621	0.15398148	0.13653196	1.08000000	9.08000000	0.01193216	0.00000000
C20	c	0.15519789	0.06299419	0.07806853	1.14000000	9.14000000	0.02944907	0.00000000
C21	c	0.14127483	0.13644342	0.12753980	1.20000000	9.20000000	0.02322149	0.00000000
C22	c	0.12343892	0.18569762	0.02462259	1.26000000	9.26000000	0.02694056	0.00000000
C23	c	0.21207025	0.19384681	0.04135227	1.32000000	9.32000000	0.02433836	0.00000000
C24	c	0.13654371	0.23724159	0.07666543	1.38000000	9.38000000	0.02320631	0.00000000
C25	c	0.10171539	0.22426212	0.09187268	1.44000000	9.44000000	0.01818886	0.00000000
C26	c	0.30373667	0.71219242	0.04402917	1.50000000	9.50000000	0.02571800	0.00000000
C27	c	0.36068497	0.54856306	0.09179218	1.56000000	9.56000000	0.01439427	0.00000000
C28	c	0.00837600	0.11647009	0.14119592	1.62000000	9.62000000	0.02332400	0.00000000
C29	c	0.74669960	0.08256441	0.05483526	1.68000000	9.68000000	0.01190791	0.00000000
C30	c	0.41527467	0.40597417	0.13555675	1.74000000	9.74000000	0.02563734	0.00000000
C31	c	0.71335610	0.94796301	0.16013824	1.80000000	9.80000000	0.02830633	0.00000000
C32	c	0.20333720	0.45788619	0.06299477	1.86000000	9.86000000	0.02365488	0.00000000
C33	c	0.14332212	0.55973103	0.15152913	1.92000000	9.92000000	0.01073849	0.00000000
C34	c	0.33310301	0.00926748	0.10061867	1.98000000	9.98000000	0.02062316	0.00000000
C35	c	0.00418495	0.91889785	0.12516112	2.00000000	10.00000000	0.02543835	0.00000000
C36	c	0.46433315	0.82086990	0.14490176	2.00000000	10.00000000	0.02423319	0.00000000
C37	c	0.71003204	0.00632978	0.05895968	2.00000000	10.00000000	0.02084118	0.00000000
C38	c	0.52712469	0.08955968	0.12315118	2.00000000	10.00000000	0.02578481	0.00000000
C39	c	0.52411734	0.70960320	0.06790948	2.00000000	10.00000000	0.02880420	0.00000000
C40	c	0.84083008	0.38292505	0.09743575	2.00000000	10.00000000	0.02313612	0.00000000
C41	c	0.19961876	0.00555190	0.01254181	2.00000000	10.00000000	0.02495355	0.00000000
C42	c	0.09660782	0.97245330	0.02952951	2.00000000	10.00000000	0.02915207	0.00000000
C43	c	0.66107433	0.84702785	0.12857420	2.00000000	10.00000000	0.02317773	0.00000000
C44	c	0.71691785	0.66031553	0.02420101	2.00000000	10.00000000	0.02113807	0.00000000
C45	c	0.21971345	0.66620002	0.07648860	2.00000000	10.00000000	0.01604419	0.00000000
C46	c	0.09539528	0.78186710	0.07502697	2.00000000	10.00000000	0.02441818	0.00000000
C47	c	0.91531672	0.68274393	0.12333406	2.00000000	10.00000000	0.01027464	0.00000000
C48	c	0.03692454	0.53115812	0.16020407	2.00000000	10.00000000	0.02806626	0.00000000
C49	c	0.77191728	0.71165953	0.04318124	2.00000000	10.00000000	0.02540934	0.00000000
C50	c	0.54205895	0.78924072	0.08318528	2.00000000	10.00000000	0.02067482	0.00000000

Q Vehicle fuel tank capacity /0.40000000/
C Vehicle load capacity /1.50000000/
r fuel consumption rate /0.25000000/
g inverse refueling rate /1.00000000/
v average Velocity /1.00000000/
