StringID	Type	x	y	demand	ReadyTime	DueDate	ServiceTime	altitude
D0	d	0.50000000	0.50000000	0.00000000	0.00000000	10.00000000	0.00000000	0.00000000
S0	f	0.18252226	0.44848406	0.00000000	0.00000000	10.00000000	0.00000000	0.00000000
S1	f	0.53557074	0.34350307	0.00000000	0.00000000	10.00000000	0.00000000	0.00000000
S2	f	0.69888361	0.70290000	0.00000000	0.00000000	10.00000000	0.00000000	0.00000000
S3	f	0.66771890	0.97435405	0.00000000	0.00000000	10.00000000	0.00000000	0.00000000
S4	f	0.37299850	0.75140107	0.00000000	0.00000000	10.00000000	0.00000000	0.00000000
S5	f	0.20493957	0.56030140	0.00000000	0.00000000	10.00000000	0.00000000	0.00000000
S6	f	0.82912584	0.75825766	0.00000000	0.00000000	10.00000000	0.00000000	0.00000000
S7	f	0.70933693	0.85079541	0.00000000	0.00000000	10.00000000	0.00000000	0.00000000
S8	f	0.37438329	0.50772205	0.00000000	0.00000000	10.00000000	0.00000000	0.00000000
S9	f	0.54068661	0.70906062	0.00000000	0.00000000	10.00000000	0.00000000	0.00000000
C1	c	0.25715064	0.93775021	0.10251242	0.00000000	8.00000000	0.01751913	0.00000000
C2	c	0.24022885	0.99237155	0.14203979	0.06000000	8.06000000	0.01039475	0.00000000
C3	c	0.35694938	0.93388650	0.10783685	0.12000000	8.12000000	0.02934910	0.00000000
C4	c	0.34656607	1.00000000	0.12227458	0.18000000	8.18000000	0.02727853	0.00000000
C5	c	0.39877231	0.98223013	0.10860501	0.24000000	8.24000000	0.01858756	0.00000000
C6	c	0.29116146	0.92951109	0.12210288	0.30000000	8.30000000	0.01083168	0.00000000
C7	c	0.83506500	0.20362058	0.05959159	0.36000000	8.36000000	0.01024049	0.00000000
C8	c	0.81451547	0.21491838	0.01463959	0.42000000	8.42000000	0.01271333	0.00000000
C9	c	0.89913859	0.22896890	0.11555826	0.48000000	8.48000000	0.02557949	0.00000000
C10	c	0.76935345	0.24428136	0.07146238	0.54000000	8.54000000	0.01186098	0.00000000
C11	c	0.79004215	0.20736612	0.03535477	0.60000000	8.60000000	0.02163445	0.00000000
C12	c	0.80028548	0.23408778	0.03077006	0.66000000	8.66000000	0.01311355	0.00000000
C13	c	0.85464338	0.87695649	0.08946230	0.72000000	8.72000000	0.02014435	0.00000000
C14	c	0.79971093	0.91945290	0.15555980	0.78000000	8.78000000	0.01257965	0.00000000
C15	c	0.85338762	0.92552959	0.09131559	0.84000000	8.84000000	0.01521759	0.00000000
C16	c	0.80055480	0.96375746	0.10451822	0.90000000	8.90000000	0.01293601	0.00000000
C17	c	0.80265639	0.96295210	0.12266168	0.96000000	8.96000000	0.02382392	0.00000000
C18	c	0.25472032	0.43619649	0.14297653	1.02000000	9.02000000	0.01110266	0.00000000
C19	c	0.28900918	0.38160356	0.09180899	1.08000000	9.08000000	0.01884937	0.00000000
C20	c	0.22370618	0.42512467	0.12671872	1.14000000	9.14000000	0.01208049	0.00000000
C21	c	0.26195398	0.35086062	0.07294472	1.20000000	9.20000000	0.02879506	0.00000000
C22	c	0.16193046	0.40470669	0.09145522	1.26000000	9.26000000	0.01459088	0.00000000
C23	c	0.22016773	0.40602575	0.13806705	1.32000000	9.32000000	0.02365981	0.00000000
C24	c	0.26733097	0.46783273	0.12704678	1.38000000	9.38000000	0.02589906	0.00000000
C25	c	0.48194585	0.39296065	0.03946080	1.44000000	9.44000000	0.02524289	0.00000000
C26	c	0.44281392	0.06664669	0.09231327	1.50000000	9.50000000	0.01215320	0.00000000
C27	c	0.16042606	0.27302253	0.11114569	1.56000000	9.56000000	0.02122803	0.00000000
C28	c	0.85627491	0.55887344	0.12577853	1.62000000	9.62000000	0.01392996	0.00000000
C29	c	0.50227944	0.18265688	0.02327468	1.68000000	9.68000000	0.02566574	0.00000000
C30	c	0.91612407	0.30068888	0.08200980	1.74000000	9.74000000	0.02127779	0.00000000
C31	c	0.37595643	0.01973736	0.05170623	1.80000000	9.80000000	0.01233814	0.00000000
C32	c	0.96745519	0.86392669	0.12598612	1.86000000	9.86000000	0.02104563	0.00000000
C33	c	0.01202426	0.13566662	0.14858100	1.92000000	9.92000000	0.02183342	0.00000000
C34	c	0.77897451	0.09304903	0.01835782	1.98000000	9.98000000	0.01561216	0.00000000
C35	c	0.58172241	0.15567742	0.04583297	2.00000000	10.00000000	0.02287610	0.00000000
C36	c	0.50721748	0.12898268	0.05004243	2.00000000	10.00000000	0.02500138	0.00000000
C37	c	0.26087938	0.14680047	0.04072285	2.00000000	10.00000000	0.01985337	0.00000000
C38	c	0.69119579	0.05513290	0.15156100	2.00000000	10.00000000	0.02949288	0.00000000
C39	c	0.93975280	0.22954399	0.07535753	2.00000000	10.00000000	0.02846703	0.00000000
C40	c	0.68299071	0.79495279	0.02023366	2.00000000	10.00000000	0.02133050	0.00000000
C41	c	0.56140130	0.19649807	0.12913067	2.00000000	10.00000000	0.01242319	0.00000000
C42	c	0.78328703	0.56388971	0.14790468	2.00000000	10.00000000	0.02858967	0.00000000
C43	c	0.11690686	0.55228151	0.03397617	2.00000000	10.00000000	0.02577539	0.00000000
C44	c	0.59167115	0.28060797	0.05047615	2.00000000	10.00000000	0.02843171	0.00000000
C45	c	0.64380518	0.75006903	0.13594645	2.00000000	10.00000000	0.02610994	0.00000000
C46	c	0.49266871	0.97464413	0.09236499	2.00000000	10.00000000	0.01643283	0.00000000
C47	c	0.92335160	0.56652500	0.08407165	2.00000000	10.00000000	0.01427022	0.00000000
C48	c	0.12115972	0.92948344	0.03723390	2.00000000	10.00000000	0.01013696	0.00000000
C49	c	0.80549685	0.32164140	0.14471679	2.00000000	10.00000000	0.02834137	0.00000000
C50	c	0.21351107	0.00684797	0.05453040	2.00000000	10.00000000	0.01049885	0.00000000

Q Vehicle fuel tank capacity /0.40000000/
C Vehicle load capacity /1.50000000/
r fuel consumption rate /0.25000000/
g inverse refueling rate /1.00000000/
v average Velocity /1.00000000/
