StringID	Type	x	y	demand	ReadyTime	DueDate	ServiceTime	altitude
D0	d	0.50000000	0.50000000	0.00000000	0.00000000	10.00000000	0.00000000	0.00000000
S0	f	0.17446035	0.50064097	0.00000000	0.00000000	10.00000000	0.00000000	0.00000000
S1	f	0.74040699	0.94997452	0.00000000	0.00000000	10.00000000	0.00000000	0.00000000
S2	f	0.97602170	0.86500758	0.00000000	0.00000000	10.00000000	0.00000000	0.00000000
S3	f	0.65699213	0.09492732	0.00000000	0.00000000	10.00000000	0.00000000	0.00000000
S4	f	0.84185572	0.44535732	0.00000000	0.00000000	10.00000000	0.00000000	0.00000000
S5	f	0.51102541	0.34575973	0.00000000	0.00000000	10.00000000	0.00000000	0.00000000
C1	c	0.06289424	0.55603629	0.04831048	0.00000000	8.00000000	0.01208708	0.00000000
C2	c	0.14132193	0.57352834	0.30942470	0.10000000	8.10000000	0.02975283	0.00000000
C3	c	0.13364194	0.42834079	0.27403595	0.20000000	8.20000000	0.02132420	0.00000000
C4	c	0.16475690	0.37712719	0.04420686	0.30000000	8.30000000	0.02622645	0.00000000
C5	c	0.20943646	0.58214008	0.23304800	0.40000000	8.40000000	0.01849793	0.00000000
C6	c	0.07276996	0.45599472	0.10542826	0.50000000	8.50000000	0.02178630	0.00000000
C7	c	0.15204636	0.26750344	0.11344770	0.60000000	8.60000000	0.02892508	0.00000000
C8	c	0.20958499	0.29286835	0.03998549	0.70000000	8.70000000	0.02857244	0.00000000
C9	c	0.19365442	0.21656655	0.02314776	0.80000000	8.80000000	0.02640064	0.00000000
C10	c	0.17352000	0.28911692	0.15098105	0.90000000	8.90000000	0.02204334	0.00000000
C11	c	0.22952949	0.20667404	0.30255923	1.00000000	9.00000000	0.02945974	0.00000000
C12	c	0.23794301	0.25285946	0.16510999	1.10000000	9.10000000	0.02361169	0.00000000
C13	c	0.10573171	0.27810051	0.18638647	1.20000000	9.20000000	0.02707195	0.00000000
C14	c	0.38871755	0.08408865	0.25933492	1.30000000	9.30000000	0.01674803	0.00000000
C15	c	0.38664357	0.13700893	0.08982551	1.40000000	9.40000000	0.01464116	0.00000000
C16	c	0.24267560	0.37820761	0.13625319	1.50000000	9.50000000	0.01034538	0.00000000
C17	c	0.47049069	0.32626195	0.19973009	1.60000000	9.60000000	0.01721122	0.00000000
C18	c	0.27986839	0.15213751	0.03307426	1.70000000	9.70000000	0.01680259	0.00000000
C19	c	0.50472906	0.85661093	0.17131177	1.80000000	9.80000000	0.01190738	0.00000000
C20	c	0.10435391	0.98764154	0.07880196	1.90000000	9.90000000	0.02802406	0.00000000
C21	c	0.56620991	0.81132230	0.28603817	2.00000000	10.00000000	0.02097281	0.00000000
C22	c	0.42489666	0.58931522	0.11832449	2.00000000	10.00000000	0.01385692	0.00000000
C23	c	0.94625403	0.92862216	0.09394148	2.00000000	10.00000000	0.01204632	0.00000000
C24	c	0.82003181	0.60216723	0.13447605	2.00000000	10.00000000	0.02260332	0.00000000
C25	c	0.97298695	0.68058460	0.16207584	2.00000000	10.00000000	0.02118553	0.00000000
C26	c	0.85359737	0.33740160	0.11894027	2.00000000	10.00000000	0.02080598	0.00000000
C27	c	0.23205778	0.01726886	0.10506500	2.00000000	10.00000000	0.01773288	0.00000000
C28	c	0.36056086	0.34012960	0.06686358	2.00000000	10.00000000	0.01752348	0.00000000
C29	c	0.09536901	0.90120303	0.17231576	2.00000000	10.00000000	0.02151492	0.00000000
C30	c	0.54864057	0.19284621	0.27755570	2.00000000	10.00000000	0.01937158	0.00000000

Q Vehicle fuel tank capacity /0.40000000/
C Vehicle load capacity /1.50000000/
r fuel consumption rate /0.25000000/
g inverse refueling rate /1.00000000/
v average Velocity /1.00000000/
