StringID	Type	x	y	demand	ReadyTime	DueDate	ServiceTime	altitude
D0	d	0.50000000	0.50000000	0.00000000	0.00000000	10.00000000	0.00000000	0.00000000
S0	f	0.28829784	0.78935436	0.00000000	0.00000000	10.00000000	0.00000000	0.00000000
S1	f	0.54949144	0.70873611	0.00000000	0.00000000	10.00000000	0.00000000	0.00000000
S2	f	0.57358341	0.40329871	0.00000000	0.00000000	10.00000000	0.00000000	0.00000000
S3	f	0.13694349	0.96956664	0.00000000	0.00000000	10.00000000	0.00000000	0.00000000
S4	f	0.82218936	0.63825391	0.00000000	0.00000000	10.00000000	0.00000000	0.00000000
S5	f	0.73824648	0.07607000	0.00000000	0.00000000	10.00000000	0.00000000	0.00000000
C1	c	0.11726778	0.58653945	0.17964323	0.00000000	8.00000000	0.02168818	0.00000000
C2	c	0.29370256	0.42705385	0.05776454	0.10000000	8.10000000	0.02320625	0.00000000
C3	c	0.12591278	0.88365749	0.03956310	0.20000000	8.20000000	0.01984932	0.00000000
C4	c	0.95258427	0.22110512	0.22583754	0.30000000	8.30000000	0.01543500	0.00000000
C5	c	0.02025101	0.10084637	0.09433991	0.40000000	8.40000000	0.02860226	0.00000000
C6	c	0.87398496	0.49306181	0.24329415	0.50000000	8.50000000	0.01933914	0.00000000
C7	c	0.90139681	0.79416345	0.11775921	0.60000000	8.60000000	0.02265298	0.00000000
C8	c	0.10412883	0.07641784	0.05384642	0.70000000	8.70000000	0.02689762	0.00000000
C9	c	0.78295586	0.27303391	0.04941956	0.80000000	8.80000000	0.01790470	0.00000000
C10	c	0.91351880	0.73739739	0.17328088	0.90000000	8.90000000	0.01574605	0.00000000
C11	c	0.66376702	0.11580538	0.13163910	1.00000000	9.00000000	0.01056154	0.00000000
C12	c	0.01363505	0.88302967	0.21124033	1.10000000	9.10000000	0.02772168	0.00000000
C13	c	0.04044456	0.57458748	0.16704132	1.20000000	9.20000000	0.01216612	0.00000000
C14	c	0.26746937	0.79816944	0.26213269	1.30000000	9.30000000	0.01805931	0.00000000
C15	c	0.26724952	0.57776782	0.24600747	1.40000000	9.40000000	0.01298311	0.00000000
C16	c	0.11577558	0.52573445	0.20698373	1.50000000	9.50000000	0.01717327	0.00000000
C17	c	0.89954285	0.11024568	0.22288481	1.60000000	9.60000000	0.02649339	0.00000000
C18	c	0.16342987	0.31733805	0.16456870	1.70000000	9.70000000	0.02990639	0.00000000
C19	c	0.56963123	0.01324825	0.11894419	1.80000000	9.80000000	0.01692801	0.00000000
C20	c	0.34532638	0.29715463	0.20506014	1.90000000	9.90000000	0.02487285	0.00000000
C21	c	0.16836708	0.78439120	0.09790735	2.00000000	10.00000000	0.01662326	0.00000000
C22	c	0.39674190	0.44008344	0.13000986	2.00000000	10.00000000	0.01306486	0.00000000
C23	c	0.79159720	0.87912360	0.08680730	2.00000000	10.00000000	0.01232055	0.00000000
C24	c	0.62045243	0.67011387	0.22302858	2.00000000	10.00000000	0.01344657	0.00000000
C25	c	0.61438559	0.47405318	0.04802335	2.00000000	10.00000000	0.02329807	0.00000000
C26	c	0.83701746	0.34868905	0.16724401	2.00000000	10.00000000	0.01155145	0.00000000
C27	c	0.12146088	0.02135120	0.10107421	2.00000000	10.00000000	0.02054766	0.00000000
C28	c	0.96199891	0.56030615	0.18055829	2.00000000	10.00000000	0.01318504	0.00000000
C29	c	0.70097060	0.78505709	0.04821116	2.00000000	10.00000000	0.01380056	0.00000000
C30	c	0.26508504	0.15933512	0.24588486	2.00000000	10.00000000	0.02985873	0.00000000

Q Vehicle fuel tank capacity /0.40000000/
C Vehicle load capacity /1.50000000/
r fuel consumption rate /0.25000000/
g inverse refueling rate /1.00000000/
v average Velocity /1.00000000/
