StringID	Type	x	y	demand	ReadyTime	DueDate	ServiceTime	altitude
D0	d	0.50000000	0.50000000	0.00000000	0.00000000	10.00000000	0.00000000	0.00000000
S0	f	0.53249247	0.16197430	0.00000000	0.00000000	10.00000000	0.00000000	0.00000000
S1	f	0.96978049	0.27448312	0.00000000	0.00000000	10.00000000	0.00000000	0.00000000
S2	f	0.95090828	0.93914107	0.00000000	0.00000000	10.00000000	0.00000000	0.00000000
S3	f	0.36096996	0.99762008	0.00000000	0.00000000	10.00000000	0.00000000	0.00000000
S4	f	0.94247077	0.43579002	0.00000000	0.00000000	10.00000000	0.00000000	0.00000000
S5	f	0.81708411	0.32461011	0.00000000	0.00000000	10.00000000	0.00000000	0.00000000
C1	c	0.36958258	0.92112985	0.23898354	0.00000000	8.00000000	0.02192795	0.00000000
C2	c	0.27727247	0.06354737	0.07146569	0.10000000	8.10000000	0.02252731	0.00000000
C3	c	0.96052049	0.62386565	0.08366208	0.20000000	8.20000000	0.01122812	0.00000000
C4	c	0.78748141	0.07210541	0.10571586	0.30000000	8.30000000	0.02987836	0.00000000
C5	c	0.41357331	0.49683002	0.04047536	0.40000000	8.40000000	0.02956135	0.00000000
C6	c	0.19450233	0.80196619	0.18020352	0.50000000	8.50000000	0.01773324	0.00000000
C7	c	0.09483185	0.88630929	0.26200309	0.60000000	8.60000000	0.01441552	0.00000000
C8	c	0.26367413	0.52024974	0.26473887	0.70000000	8.70000000	0.01462295	0.00000000
C9	c	0.03626022	0.59608206	0.26219949	0.80000000	8.80000000	0.01582973	0.00000000
C10	c	0.26695086	0.00279256	0.15729498	0.90000000	8.90000000	0.02613608	0.00000000
C11	c	0.29081292	0.33363921	0.03119084	1.00000000	9.00000000	0.02394334	0.00000000
C12	c	0.74415238	0.58373573	0.26211266	1.10000000	9.10000000	0.02405397	0.00000000
C13	c	0.04533219	0.14415902	0.24007882	1.20000000	9.20000000	0.01881993	0.00000000
C14	c	0.42363272	0.24365864	0.13894674	1.30000000	9.30000000	0.01574547	0.00000000
C15	c	0.18933464	0.42112099	0.25456361	1.40000000	9.40000000	0.02272625	0.00000000
C16	c	0.46554557	0.39685604	0.03103122	1.50000000	9.50000000	0.02654965	0.00000000
C17	c	0.64266784	0.47221955	0.21998603	1.60000000	9.60000000	0.02184604	0.00000000
C18	c	0.83887379	0.52867095	0.14004709	1.70000000	9.70000000	0.01888886	0.00000000
C19	c	0.53249247	0.16197430	0.25360402	1.80000000	9.80000000	0.02677810	0.00000000
C20	c	0.62863386	0.42562300	0.09983178	1.90000000	9.90000000	0.02599212	0.00000000
C21	c	0.77263990	0.70120250	0.05721123	2.00000000	10.00000000	0.01585576	0.00000000
C22	c	0.00182298	0.15461890	0.07574342	2.00000000	10.00000000	0.01632944	0.00000000
C23	c	0.42585966	0.11341864	0.03654777	2.00000000	10.00000000	0.02816589	0.00000000
C24	c	0.34667080	0.20644001	0.08850468	2.00000000	10.00000000	0.02817142	0.00000000
C25	c	0.47685459	0.64996340	0.21136729	2.00000000	10.00000000	0.01351307	0.00000000
C26	c	0.76870350	0.48736572	0.11455161	2.00000000	10.00000000	0.02103605	0.00000000
C27	c	0.45982527	0.01802004	0.06340715	2.00000000	10.00000000	0.02992834	0.00000000
C28	c	0.19010480	0.23744132	0.24356736	2.00000000	10.00000000	0.02680126	0.00000000
C29	c	0.43927954	0.80122226	0.09256773	2.00000000	10.00000000	0.02678179	0.00000000
C30	c	0.70469425	0.81915722	0.17839645	2.00000000	10.00000000	0.02455717	0.00000000

Q Vehicle fuel tank capacity /0.40000000/
C Vehicle load capacity /1.50000000/
r fuel consumption rate /0.25000000/
g inverse refueling rate /1.00000000/
v average Velocity /1.00000000/
