StringID	Type	x	y	demand	ReadyTime	DueDate	ServiceTime	altitude
D0	d	0.50000000	0.50000000	0.00000000	0.00000000	10.00000000	0.00000000	0.00000000
S0	f	0.89154290	0.37446831	0.00000000	0.00000000	10.00000000	0.00000000	0.00000000
S1	f	0.12498263	0.02070045	0.00000000	0.00000000	10.00000000	0.00000000	0.00000000
S2	f	0.63423303	0.75615279	0.00000000	0.00000000	10.00000000	0.00000000	0.00000000
S3	f	0.90213747	0.28069695	0.00000000	0.00000000	10.00000000	0.00000000	0.00000000
S4	f	0.74490922	0.54265508	0.00000000	0.00000000	10.00000000	0.00000000	0.00000000
S5	f	0.85453825	0.72395617	0.00000000	0.00000000	10.00000000	0.00000000	0.00000000
C1	c	0.76669140	0.20329279	0.16788367	0.00000000	8.00000000	0.02025377	0.00000000
C2	c	0.68733069	0.27507235	0.25247689	0.10000000	8.10000000	0.01717935	0.00000000
C3	c	0.79281771	0.27525990	0.22998586	0.20000000	8.20000000	0.01107477	0.00000000
C4	c	0.81573176	0.36809817	0.23797476	0.30000000	8.30000000	0.01469116	0.00000000
C5	c	0.74711420	0.25890870	0.21591093	0.40000000	8.40000000	0.02009408	0.00000000
C6	c	0.72232493	0.20331779	0.22107509	0.50000000	8.50000000	0.02055235	0.00000000
C7	c	0.85631066	0.29918707	0.23514804	0.60000000	8.60000000	0.01344062	0.00000000
C8	c	0.82056945	0.27669576	0.04439998	0.70000000	8.70000000	0.01684819	0.00000000
C9	c	0.81347270	0.38573646	0.15412435	0.80000000	8.80000000	0.01010847	0.00000000
C10	c	0.80731075	0.35591840	0.07481576	0.90000000	8.90000000	0.01932325	0.00000000
C11	c	0.97944321	0.44519990	0.03432039	1.00000000	9.00000000	0.01329516	0.00000000
C12	c	0.80507292	0.51630124	0.20331549	1.10000000	9.10000000	0.01740221	0.00000000
C13	c	0.21076431	0.08045899	0.21784263	1.20000000	9.20000000	0.02131394	0.00000000
C14	c	0.08194211	0.00000000	0.18512656	1.30000000	9.30000000	0.02920084	0.00000000
C15	c	0.21575738	0.03700083	0.03686064	1.40000000	9.40000000	0.02110063	0.00000000
C16	c	0.70504544	0.90930972	0.19753655	1.50000000	9.50000000	0.02840558	0.00000000
C17	c	0.65635325	0.06481484	0.22042755	1.60000000	9.60000000	0.02809678	0.00000000
C18	c	0.31091129	0.19750942	0.16519506	1.70000000	9.70000000	0.02254174	0.00000000
C19	c	0.51268841	0.35896755	0.04702701	1.80000000	9.80000000	0.01617876	0.00000000
C20	c	0.05373831	0.23455806	0.22527266	1.90000000	9.90000000	0.01420973	0.00000000
C21	c	0.17203117	0.34240974	0.07468401	2.00000000	10.00000000	0.02965930	0.00000000
C22	c	0.00542357	0.46616263	0.08766594	2.00000000	10.00000000	0.01547200	0.00000000
C23	c	0.56569695	0.96004218	0.09747057	2.00000000	10.00000000	0.01732126	0.00000000
C24	c	0.55503148	0.92027921	0.08318451	2.00000000	10.00000000	0.02079177	0.00000000
C25	c	0.90483889	0.62708687	0.18750960	2.00000000	10.00000000	0.02417470	0.00000000
C26	c	0.98296524	0.27359983	0.23683709	2.00000000	10.00000000	0.02198963	0.00000000
C27	c	0.36606283	0.53958839	0.17575099	2.00000000	10.00000000	0.02889772	0.00000000
C28	c	0.70873484	0.59948137	0.03290123	2.00000000	10.00000000	0.01894246	0.00000000
C29	c	0.02282252	0.12228955	0.09233071	2.00000000	10.00000000	0.01045645	0.00000000
C30	c	0.12526445	0.59288624	0.06494545	2.00000000	10.00000000	0.01244579	0.00000000

Q Vehicle fuel tank capacity /0.40000000/
C Vehicle load capacity /1.50000000/
r fuel consumption rate /0.25000000/
g inverse refueling rate /1.00000000/
v average Velocity /1.00000000/
