StringID	Type	x	y	demand	ReadyTime	DueDate	ServiceTime	altitude
D0	d	0.50000000	0.50000000	0.00000000	0.00000000	10.00000000	0.00000000	0.00000000
S0	f	0.84803158	0.14772752	0.00000000	0.00000000	10.00000000	0.00000000	0.00000000
S1	f	0.00478979	0.54047467	0.00000000	0.00000000	10.00000000	0.00000000	0.00000000
S2	f	0.86604276	0.60052843	0.00000000	0.00000000	10.00000000	0.00000000	0.00000000
S3	f	0.10331978	0.78453125	0.00000000	0.00000000	10.00000000	0.00000000	0.00000000
S4	f	0.54562007	0.28034222	0.00000000	0.00000000	10.00000000	0.00000000	0.00000000
S5	f	0.79529651	0.25341168	0.00000000	0.00000000	10.00000000	0.00000000	0.00000000
C1	c	0.07608704	0.65833114	0.22436240	0.00000000	8.00000000	0.02142084	0.00000000
C2	c	0.10746827	0.57941184	0.13628759	0.10000000	8.10000000	0.01058595	0.00000000
C3	c	0.09827435	0.66244114	0.12153055	0.20000000	8.20000000	0.02336442	0.00000000
C4	c	0.11509459	0.61493586	0.17201284	0.30000000	8.30000000	0.02525485	0.00000000
C5	c	0.10205729	0.63246773	0.16345151	0.40000000	8.40000000	0.01507235	0.00000000
C6	c	0.03265235	0.60213308	0.15524514	0.50000000	8.50000000	0.01980668	0.00000000
C7	c	0.04847473	0.65966167	0.16235981	0.60000000	8.60000000	0.01884563	0.00000000
C8	c	0.70408272	0.60902890	0.22173940	0.70000000	8.70000000	0.01602106	0.00000000
C9	c	0.64891369	0.66977384	0.19007795	0.80000000	8.80000000	0.02948026	0.00000000
C10	c	0.69827989	0.58008434	0.14626766	0.90000000	8.90000000	0.02569062	0.00000000
C11	c	0.65757939	0.82436462	0.22471479	1.00000000	9.00000000	0.01846970	0.00000000
C12	c	0.63045955	0.72267504	0.19175665	1.10000000	9.10000000	0.02596868	0.00000000
C13	c	0.66428431	0.79075426	0.05853850	1.20000000	9.20000000	0.01515538	0.00000000
C14	c	0.76722798	0.75495732	0.17937918	1.30000000	9.30000000	0.02976410	0.00000000
C15	c	0.67558499	0.80862305	0.08057641	1.40000000	9.40000000	0.01984664	0.00000000
C16	c	0.12122915	0.18526155	0.04692843	1.50000000	9.50000000	0.02389505	0.00000000
C17	c	0.80462111	0.88351212	0.15223339	1.60000000	9.60000000	0.02095246	0.00000000
C18	c	0.33271852	0.60773222	0.20462643	1.70000000	9.70000000	0.02131719	0.00000000
C19	c	0.80773695	0.10195717	0.18739253	1.80000000	9.80000000	0.02524067	0.00000000
C20	c	0.57104188	0.02929728	0.13499206	1.90000000	9.90000000	0.02049972	0.00000000
C21	c	0.25361732	0.49033423	0.04239804	2.00000000	10.00000000	0.01897716	0.00000000
C22	c	0.44228127	0.30105301	0.05648961	2.00000000	10.00000000	0.01437649	0.00000000
C23	c	0.97401276	0.78453082	0.19279160	2.00000000	10.00000000	0.02487792	0.00000000
C24	c	0.42348496	0.79843388	0.21015309	2.00000000	10.00000000	0.02406701	0.00000000
C25	c	0.25776889	0.98820485	0.08894035	2.00000000	10.00000000	0.01823069	0.00000000
C26	c	0.49233206	0.69475232	0.14946241	2.00000000	10.00000000	0.01319629	0.00000000
C27	c	0.54762324	0.56585939	0.19228891	2.00000000	10.00000000	0.01918604	0.00000000
C28	c	0.76203348	0.52498618	0.18136859	2.00000000	10.00000000	0.02375461	0.00000000
C29	c	0.44885794	0.21882428	0.19347730	2.00000000	10.00000000	0.01281452	0.00000000
C30	c	0.74389603	0.70335048	0.03815687	2.00000000	10.00000000	0.02616942	0.00000000

Q Vehicle fuel tank capacity /0.40000000/
C Vehicle load capacity /1.50000000/
r fuel consumption rate /0.25000000/
g inverse refueling rate /1.00000000/
v average Velocity /1.00000000/
