StringID	Type	x	y	demand	ReadyTime	DueDate	ServiceTime	altitude
D0	d	0.50000000	0.50000000	0.00000000	0.00000000	10.00000000	0.00000000	0.00000000
S0	f	0.01991513	0.77625734	0.00000000	0.00000000	10.00000000	0.00000000	0.00000000
S1	f	0.43799222	0.33590784	0.00000000	0.00000000	10.00000000	0.00000000	0.00000000
S2	f	0.71100390	0.27807384	0.00000000	0.00000000	10.00000000	0.00000000	0.00000000
S3	f	0.89192869	0.69739918	0.00000000	0.00000000	10.00000000	0.00000000	0.00000000
S4	f	0.90752199	0.90334490	0.00000000	0.00000000	10.00000000	0.00000000	0.00000000
S5	f	0.48928981	0.99397084	0.00000000	0.00000000	10.00000000	0.00000000	0.00000000
C1	c	0.55057237	0.17945076	0.21825485	0.00000000	8.00000000	0.01892842	0.00000000
C2	c	0.86202041	0.42399104	0.29110993	0.10000000	8.10000000	0.02549961	0.00000000
C3	c	0.30181801	0.23769072	0.10648693	0.20000000	8.20000000	0.02987283	0.00000000
C4	c	0.74861570	0.24857786	0.18192126	0.30000000	8.30000000	0.01583302	0.00000000
C5	c	0.32026888	0.16071854	0.19672531	0.40000000	8.40000000	0.01165196	0.00000000
C6	c	0.07662812	0.82286500	0.09911675	0.50000000	8.50000000	0.01188461	0.00000000
C7	c	0.65119438	0.74358658	0.08632581	0.60000000	8.60000000	0.01600008	0.00000000
C8	c	0.49138895	0.84027138	0.06226650	0.70000000	8.70000000	0.02889915	0.00000000
C9	c	0.58104302	0.92220582	0.07257736	0.80000000	8.80000000	0.01906289	0.00000000
C10	c	0.21679308	0.93285569	0.08322676	0.90000000	8.90000000	0.01306556	0.00000000
C11	c	0.11638631	0.59978619	0.12791783	1.00000000	9.00000000	0.02993859	0.00000000
C12	c	0.35459813	0.83345136	0.19894586	1.10000000	9.10000000	0.01817560	0.00000000
C13	c	0.41657567	0.51246468	0.08160231	1.20000000	9.20000000	0.01050482	0.00000000
C14	c	0.47253345	0.43217810	0.11566946	1.30000000	9.30000000	0.02618842	0.00000000
C15	c	0.89029549	0.76979765	0.15151189	1.40000000	9.40000000	0.01640319	0.00000000
C16	c	0.78744035	0.48011438	0.19525272	1.50000000	9.50000000	0.02141709	0.00000000
C17	c	0.57861750	0.03665429	0.25572011	1.60000000	9.60000000	0.02063537	0.00000000
C18	c	0.75688968	0.86471396	0.28933576	1.70000000	9.70000000	0.01482454	0.00000000
C19	c	0.01991513	0.77625734	0.10091197	1.80000000	9.80000000	0.01773573	0.00000000
C20	c	0.74224094	0.09775312	0.08260993	1.90000000	9.90000000	0.02224286	0.00000000
C21	c	0.40397447	0.30048897	0.08499421	2.00000000	10.00000000	0.01357588	0.00000000
C22	c	0.71772262	0.04419607	0.12427032	2.00000000	10.00000000	0.02786281	0.00000000
C23	c	0.04307967	0.50289012	0.08446779	2.00000000	10.00000000	0.01736525	0.00000000
C24	c	0.40370449	0.00674349	0.13228468	2.00000000	10.00000000	0.01794489	0.00000000
C25	c	0.28130071	0.27320939	0.19714961	2.00000000	10.00000000	0.01280072	0.00000000
C26	c	0.65000951	0.63708639	0.12680573	2.00000000	10.00000000	0.02600037	0.00000000
C27	c	0.77405852	0.00066263	0.28292448	2.00000000	10.00000000	0.02636468	0.00000000
C28	c	0.54169150	0.99036526	0.03206003	2.00000000	10.00000000	0.02344487	0.00000000
C29	c	0.81992494	0.15460440	0.27790159	2.00000000	10.00000000	0.01550534	0.00000000
C30	c	0.78575743	0.96975604	0.15965226	2.00000000	10.00000000	0.01850574	0.00000000

Q Vehicle fuel tank capacity /0.40000000/
C Vehicle load capacity /1.50000000/
r fuel consumption rate /0.25000000/
g inverse refueling rate /1.00000000/
v average Velocity /1.00000000/
