StringID	Type	x	y	demand	ReadyTime	DueDate	ServiceTime	altitude
D0	d	0.50000000	0.50000000	0.00000000	0.00000000	10.00000000	0.00000000	0.00000000
S0	f	0.30181400	0.91634443	0.00000000	0.00000000	10.00000000	0.00000000	0.00000000
S1	f	0.16876667	0.84299915	0.00000000	0.00000000	10.00000000	0.00000000	0.00000000
S2	f	0.56364302	0.38871654	0.00000000	0.00000000	10.00000000	0.00000000	0.00000000
S3	f	0.02506171	0.36831830	0.00000000	0.00000000	10.00000000	0.00000000	0.00000000
S4	f	0.06355568	0.69284938	0.00000000	0.00000000	10.00000000	0.00000000	0.00000000
S5	f	0.45995840	0.57346254	0.00000000	0.00000000	10.00000000	0.00000000	0.00000000
C1	c	0.94968717	0.95278790	0.11366994	0.00000000	8.00000000	0.02744633	0.00000000
C2	c	0.93568067	0.85903098	0.22384062	0.10000000	8.10000000	0.01894457	0.00000000
C3	c	0.91245250	0.72317478	0.04488743	0.20000000	8.20000000	0.01495040	0.00000000
C4	c	0.99463068	0.80885954	0.05732584	0.30000000	8.30000000	0.02517558	0.00000000
C5	c	0.68986135	0.98961815	0.19426735	0.40000000	8.40000000	0.01749512	0.00000000
C6	c	0.66728216	0.92693331	0.21304935	0.50000000	8.50000000	0.02696716	0.00000000
C7	c	0.73298226	0.96493519	0.24324945	0.60000000	8.60000000	0.02635292	0.00000000
C8	c	0.65344420	0.92388133	0.19739055	0.70000000	8.70000000	0.02872807	0.00000000
C9	c	0.57479429	1.00000000	0.22047252	0.80000000	8.80000000	0.01884179	0.00000000
C10	c	0.56320977	0.92552789	0.04857788	0.90000000	8.90000000	0.02875630	0.00000000
C11	c	0.64631066	0.89504329	0.26475711	1.00000000	9.00000000	0.02349981	0.00000000
C12	c	0.60134983	0.89701169	0.27819374	1.10000000	9.10000000	0.02829785	0.00000000
C13	c	0.83340656	0.92193320	0.14098682	1.20000000	9.20000000	0.02251299	0.00000000
C14	c	0.66795115	1.00000000	0.10507909	1.30000000	9.30000000	0.01658189	0.00000000
C15	c	0.76221652	0.95477465	0.22857151	1.40000000	9.40000000	0.01837882	0.00000000
C16	c	0.21413681	0.22816214	0.06843547	1.50000000	9.50000000	0.02495688	0.00000000
C17	c	0.35791488	0.13296783	0.09982356	1.60000000	9.60000000	0.02248131	0.00000000
C18	c	0.67276575	0.12366700	0.06096971	1.70000000	9.70000000	0.02044105	0.00000000
C19	c	0.54707651	0.74680956	0.24603473	1.80000000	9.80000000	0.01046105	0.00000000
C20	c	0.95639441	0.13274745	0.07418859	1.90000000	9.90000000	0.02062195	0.00000000
C21	c	0.68456330	0.87231667	0.07783231	2.00000000	10.00000000	0.01274037	0.00000000
C22	c	0.44722825	0.24751982	0.11154149	2.00000000	10.00000000	0.02766018	0.00000000
C23	c	0.75877905	0.37475584	0.05310126	2.00000000	10.00000000	0.02563615	0.00000000
C24	c	0.84835786	0.81764587	0.19333832	2.00000000	10.00000000	0.01668764	0.00000000
C25	c	0.93640332	0.44208948	0.05068495	2.00000000	10.00000000	0.01519578	0.00000000
C26	c	0.93781502	0.67499039	0.16068482	2.00000000	10.00000000	0.02099745	0.00000000
C27	c	0.91489244	0.62564943	0.21257457	2.00000000	10.00000000	0.01152154	0.00000000
C28	c	0.32909451	0.41894095	0.26702376	2.00000000	10.00000000	0.02268220	0.00000000
C29	c	0.74784389	0.62406573	0.05304401	2.00000000	10.00000000	0.01852372	0.00000000
C30	c	0.52205254	0.02305265	0.19640327	2.00000000	10.00000000	0.02941787	0.00000000

Q Vehicle fuel tank capacity /0.40000000/
C Vehicle load capacity /1.50000000/
r fuel consumption rate /0.25000000/
g inverse refueling rate /1.00000000/
v average Velocity /1.00000000/
