StringID	Type	x	y	demand	ReadyTime	DueDate	ServiceTime	altitude
D0	d	0.50000000	0.50000000	0.00000000	0.00000000	10.00000000	0.00000000	0.00000000
S0	f	0.99885857	0.03442575	0.00000000	0.00000000	10.00000000	0.00000000	0.00000000
S1	f	0.59164747	0.93103043	0.00000000	0.00000000	10.00000000	0.00000000	0.00000000
S2	f	0.12113047	0.71854044	0.00000000	0.00000000	10.00000000	0.00000000	0.00000000
S3	f	0.77168575	0.59872676	0.00000000	0.00000000	10.00000000	0.00000000	0.00000000
S4	f	0.69748625	0.46499266	0.00000000	0.00000000	10.00000000	0.00000000	0.00000000
S5	f	0.05012923	0.48806028	0.00000000	0.00000000	10.00000000	0.00000000	0.00000000
C1	c	0.71521151	0.89099937	0.19817542	0.00000000	8.00000000	0.01883626	0.00000000
C2	c	0.86623547	0.12976504	0.19229876	0.10000000	8.10000000	0.02441552	0.00000000
C3	c	0.53663841	0.53645321	0.21663003	0.20000000	8.20000000	0.01350151	0.00000000
C4	c	0.43367280	0.79238117	0.29321610	0.30000000	8.30000000	0.01783688	0.00000000
C5	c	0.91281590	0.75732127	0.03367164	0.40000000	8.40000000	0.02942442	0.00000000
C6	c	0.95568714	0.51809618	0.25217584	0.50000000	8.50000000	0.01319682	0.00000000
C7	c	0.02779432	0.56883300	0.08620148	0.60000000	8.60000000	0.01433813	0.00000000
C8	c	0.21436314	0.93157288	0.05503779	0.70000000	8.70000000	0.01911919	0.00000000
C9	c	0.09222338	0.22030172	0.12094143	0.80000000	8.80000000	0.01864631	0.00000000
C10	c	0.66238311	0.00000508	0.21968557	0.90000000	8.90000000	0.01612565	0.00000000
C11	c	0.61558584	0.68061573	0.10525705	1.00000000	9.00000000	0.01232556	0.00000000
C12	c	0.74432258	0.14798953	0.10053904	1.10000000	9.10000000	0.02267451	0.00000000
C13	c	0.72937955	0.66409473	0.05007827	1.20000000	9.20000000	0.02835614	0.00000000
C14	c	0.79228594	0.52201430	0.09130035	1.30000000	9.30000000	0.01873086	0.00000000
C15	c	0.98692735	0.95917788	0.02455706	1.40000000	9.40000000	0.02074761	0.00000000
C16	c	0.51918603	0.01717967	0.28986441	1.50000000	9.50000000	0.02114270	0.00000000
C17	c	0.50233105	0.77371874	0.12229222	1.60000000	9.60000000	0.01881484	0.00000000
C18	c	0.77540978	0.48425607	0.18819295	1.70000000	9.70000000	0.01807413	0.00000000
C19	c	0.14785533	0.80594661	0.21020060	1.80000000	9.80000000	0.01957511	0.00000000
C20	c	0.99885857	0.03442575	0.11695296	1.90000000	9.90000000	0.01075235	0.00000000
C21	c	0.49472412	0.96532380	0.13398118	2.00000000	10.00000000	0.02660944	0.00000000
C22	c	0.96035473	0.65694769	0.15943631	2.00000000	10.00000000	0.02661285	0.00000000
C23	c	0.87043055	0.42467535	0.18246195	2.00000000	10.00000000	0.02229735	0.00000000
C24	c	0.50383865	0.26423691	0.03177778	2.00000000	10.00000000	0.02367767	0.00000000
C25	c	0.36538751	0.02145883	0.26060657	2.00000000	10.00000000	0.01847942	0.00000000
C26	c	0.76081946	0.21247842	0.09178909	2.00000000	10.00000000	0.02291978	0.00000000
C27	c	0.13159036	0.59356732	0.21380189	2.00000000	10.00000000	0.02246127	0.00000000
C28	c	0.25042572	0.23447088	0.29659327	2.00000000	10.00000000	0.01492586	0.00000000
C29	c	0.57125466	0.84772845	0.04847248	2.00000000	10.00000000	0.02040252	0.00000000
C30	c	0.96660705	0.86666565	0.11381051	2.00000000	10.00000000	0.02557441	0.00000000

Q Vehicle fuel tank capacity /0.40000000/
C Vehicle load capacity /1.50000000/
r fuel consumption rate /0.25000000/
g inverse refueling rate /1.00000000/
v average Velocity /1.00000000/
