StringID	Type	x	y	demand	ReadyTime	DueDate	ServiceTime	altitude
D0	d	0.50000000	0.50000000	0.00000000	0.00000000	10.00000000	0.00000000	0.00000000
S0	f	0.15138948	0.51682631	0.00000000	0.00000000	10.00000000	0.00000000	0.00000000
S1	f	0.85047904	0.77094441	0.00000000	0.00000000	10.00000000	0.00000000	0.00000000
S2	f	0.38520571	0.43257675	0.00000000	0.00000000	10.00000000	0.00000000	0.00000000
S3	f	0.62646686	0.32648869	0.00000000	0.00000000	10.00000000	0.00000000	0.00000000
S4	f	0.53326401	0.80403862	0.00000000	0.00000000	10.00000000	0.00000000	0.00000000
S5	f	0.76974387	0.06143163	0.00000000	0.00000000	10.00000000	0.00000000	0.00000000
S6	f	0.64119464	0.62756583	0.00000000	0.00000000	10.00000000	0.00000000	0.00000000
S7	f	0.71902204	0.96353238	0.00000000	0.00000000	10.00000000	0.00000000	0.00000000
S8	f	0.62544265	0.75400698	0.00000000	0.00000000	10.00000000	0.00000000	0.00000000
S9	f	0.27304067	0.38058814	0.00000000	0.00000000	10.00000000	0.00000000	0.00000000
C1	c	0.00000000	0.35833503	0.16478727	0.00000000	8.00000000	0.01739296	0.00000000
C2	c	0.04392261	0.43040523	0.08874488	0.06000000	8.06000000	0.01464351	0.00000000
C3	c	0.05527627	0.38248405	0.12502810	0.12000000	8.12000000	0.02165233	0.00000000
C4	c	0.04815116	0.32554408	0.11212285	0.18000000	8.18000000	0.01264823	0.00000000
C5	c	0.14213169	0.36529202	0.07014797	0.24000000	8.24000000	0.02482292	0.00000000
C6	c	0.00000000	0.12905115	0.03891517	0.30000000	8.30000000	0.02308561	0.00000000
C7	c	0.00477893	0.04936855	0.16499252	0.36000000	8.36000000	0.02625693	0.00000000
C8	c	0.00362185	0.08737576	0.01679003	0.42000000	8.42000000	0.01751433	0.00000000
C9	c	0.00756731	0.11154905	0.02010221	0.48000000	8.48000000	0.02680409	0.00000000
C10	c	0.00000000	0.02759096	0.08018465	0.54000000	8.54000000	0.02802812	0.00000000
C11	c	0.01035698	0.11356009	0.14809259	0.60000000	8.60000000	0.01752821	0.00000000
C12	c	0.40293538	0.17548570	0.06319844	0.66000000	8.66000000	0.02612479	0.00000000
C13	c	0.31917921	0.10534051	0.13622966	0.72000000	8.72000000	0.02873481	0.00000000
C14	c	0.45903606	0.17879849	0.08642812	0.78000000	8.78000000	0.01168730	0.00000000
C15	c	0.55630517	0.47644433	0.07677056	0.84000000	8.84000000	0.01703023	0.00000000
C16	c	0.52910112	0.39696172	0.11675033	0.90000000	8.90000000	0.01625694	0.00000000
C17	c	0.52360627	0.44048652	0.03292006	0.96000000	8.96000000	0.01149776	0.00000000
C18	c	0.53999909	0.35830028	0.10881643	1.02000000	9.02000000	0.01387657	0.00000000
C19	c	0.46809288	0.29863955	0.16180721	1.08000000	9.08000000	0.02527614	0.00000000
C20	c	0.45879762	0.41246123	0.15186308	1.14000000	9.14000000	0.02655134	0.00000000
C21	c	0.06272270	0.93671048	0.01819089	1.20000000	9.20000000	0.02346984	0.00000000
C22	c	0.07598815	0.86163675	0.11588094	1.26000000	9.26000000	0.01924219	0.00000000
C23	c	0.03058434	0.82969458	0.04881365	1.32000000	9.32000000	0.01297478	0.00000000
C24	c	0.11885534	0.92854781	0.14871107	1.38000000	9.38000000	0.02138911	0.00000000
C25	c	0.14300780	0.85225355	0.14499929	1.44000000	9.44000000	0.01792068	0.00000000
C26	c	0.54427593	0.27108604	0.03723114	1.50000000	9.50000000	0.01157558	0.00000000
C27	c	0.11440947	0.62504709	0.09806528	1.56000000	9.56000000	0.01223396	0.00000000
C28	c	0.48461507	0.62404996	0.05455343	1.62000000	9.62000000	0.02533803	0.00000000
C29	c	0.86220016	0.92582592	0.02959904	1.68000000	9.68000000	0.01632278	0.00000000
C30	c	0.92993397	0.22243152	0.11092997	1.74000000	9.74000000	0.02370314	0.00000000
C31	c	0.66452137	0.00976057	0.08856290	1.80000000	9.80000000	0.02165115	0.00000000
C32	c	0.62659610	0.39851834	0.11077115	1.86000000	9.86000000	0.02410318	0.00000000
C33	c	0.16774683	0.68334354	0.02922926	1.92000000	9.92000000	0.01809227	0.00000000
C34	c	0.86119216	0.02089597	0.07052619	1.98000000	9.98000000	0.01876521	0.00000000
C35	c	0.22492612	0.71158914	0.14870212	2.00000000	10.00000000	0.01629608	0.00000000
C36	c	0.36964780	0.23217542	0.15883600	2.00000000	10.00000000	0.01789904	0.00000000
C37	c	0.58261672	0.13241149	0.15949031	2.00000000	10.00000000	0.01876316	0.00000000
C38	c	0.74114580	0.65428070	0.04680406	2.00000000	10.00000000	0.01197553	0.00000000
C39	c	0.81284648	0.37571660	0.11721717	2.00000000	10.00000000	0.02703487	0.00000000
C40	c	0.37641049	0.80623970	0.01293126	2.00000000	10.00000000	0.02558360	0.00000000
C41	c	0.93674051	0.08436496	0.11117669	2.00000000	10.00000000	0.02829036	0.00000000
C42	c	0.35151154	0.31284677	0.07484999	2.00000000	10.00000000	0.01122118	0.00000000
C43	c	0.07488802	0.19382860	0.03809425	2.00000000	10.00000000	0.02660091	0.00000000
C44	c	0.76380697	0.82756706	0.12021504	2.00000000	10.00000000	0.02246090	0.00000000
C45	c	0.67349183	0.46210959	0.14854157	2.00000000	10.00000000	0.01851686	0.00000000
C46	c	0.14873885	0.56945561	0.01470483	2.00000000	10.00000000	0.01957026	0.00000000
C47	c	0.39603395	0.07877879	0.02266552	2.00000000	10.00000000	0.02176701	0.00000000
C48	c	0.11169820	0.76690163	0.08309966	2.00000000	10.00000000	0.01101323	0.00000000
C49	c	0.31613920	0.68515698	0.04720139	2.00000000	10.00000000	0.02144108	0.00000000
C50	c	0.58255744	0.70515899	0.12471381	2.00000000	10.00000000	0.02574213	0.00000000

Q Vehicle fuel tank capacity /0.40000000/
C Vehicle load capacity /1.50000000/
r fuel consumption rate /0.25000000/
g inverse refueling rate /1.00000000/
v average Velocity /1.00000000/
