StringID	Type	x	y	demand	ReadyTime	DueDate	ServiceTime	altitude
D0	d	0.50000000	0.50000000	0.00000000	0.00000000	10.00000000	0.00000000	0.00000000
S0	f	0.99984178	0.35761285	0.00000000	0.00000000	10.00000000	0.00000000	0.00000000
S1	f	0.13591995	0.55084604	0.00000000	0.00000000	10.00000000	0.00000000	0.00000000
S2	f	0.82341300	0.24580841	0.00000000	0.00000000	10.00000000	0.00000000	0.00000000
S3	f	0.64318249	0.78638481	0.00000000	0.00000000	10.00000000	0.00000000	0.00000000
S4	f	0.25489273	0.43798749	0.00000000	0.00000000	10.00000000	0.00000000	0.00000000
S5	f	0.18802444	0.86145748	0.00000000	0.00000000	10.00000000	0.00000000	0.00000000
S6	f	0.03125020	0.41508005	0.00000000	0.00000000	10.00000000	0.00000000	0.00000000
S7	f	0.73497850	0.68331181	0.00000000	0.00000000	10.00000000	0.00000000	0.00000000
S8	f	0.49436817	0.43959110	0.00000000	0.00000000	10.00000000	0.00000000	0.00000000
S9	f	0.06273782	0.90251048	0.00000000	0.00000000	10.00000000	0.00000000	0.00000000
C1	c	0.73405049	0.53493387	0.12715058	0.00000000	8.00000000	0.02912941	0.00000000
C2	c	0.09308297	0.85391803	0.08333727	0.06000000	8.06000000	0.02599707	0.00000000
C3	c	0.60345732	0.00810308	0.11119209	0.12000000	8.12000000	0.02664682	0.00000000
C4	c	0.60037654	0.84292805	0.13948513	0.18000000	8.18000000	0.01283033	0.00000000
C5	c	0.27284386	0.11521675	0.16193084	0.24000000	8.24000000	0.01452165	0.00000000
C6	c	0.81268091	0.28580859	0.10556083	0.30000000	8.30000000	0.02271897	0.00000000
C7	c	0.12686923	0.30855317	0.16274716	0.36000000	8.36000000	0.02187252	0.00000000
C8	c	0.33335152	0.49822908	0.02691228	0.42000000	8.42000000	0.01288786	0.00000000
C9	c	0.21459781	0.21731028	0.09778761	0.48000000	8.48000000	0.01967653	0.00000000
C10	c	0.98605691	0.64612859	0.15218630	0.54000000	8.54000000	0.01460692	0.00000000
C11	c	0.61436414	0.37541524	0.13323932	0.60000000	8.60000000	0.02390535	0.00000000
C12	c	0.51362447	0.90091268	0.11376327	0.66000000	8.66000000	0.02102591	0.00000000
C13	c	0.42687679	0.85853019	0.01602247	0.72000000	8.72000000	0.01290165	0.00000000
C14	c	0.63995158	0.14932733	0.08076303	0.78000000	8.78000000	0.02357188	0.00000000
C15	c	0.91749418	0.51218016	0.17520491	0.84000000	8.84000000	0.02947309	0.00000000
C16	c	0.07419289	0.40466315	0.01561359	0.90000000	8.90000000	0.02771566	0.00000000
C17	c	0.68522562	0.73963894	0.06714832	0.96000000	8.96000000	0.02788315	0.00000000
C18	c	0.74374178	0.62736117	0.02021217	1.02000000	9.02000000	0.01823469	0.00000000
C19	c	0.88825382	0.68957117	0.17310979	1.08000000	9.08000000	0.01611607	0.00000000
C20	c	0.99984178	0.35761285	0.03793378	1.14000000	9.14000000	0.01267879	0.00000000
C21	c	0.28249743	0.99786370	0.08348127	1.20000000	9.20000000	0.02196597	0.00000000
C22	c	0.74553010	0.24990632	0.01759640	1.26000000	9.26000000	0.01005263	0.00000000
C23	c	0.69005172	0.30771045	0.03508586	1.32000000	9.32000000	0.01088827	0.00000000
C24	c	0.03768653	0.80167323	0.11137591	1.38000000	9.38000000	0.01836459	0.00000000
C25	c	0.05603951	0.01521534	0.16823177	1.44000000	9.44000000	0.02354255	0.00000000
C26	c	0.01617246	0.37633802	0.01690095	1.50000000	9.50000000	0.02197456	0.00000000
C27	c	0.99206639	0.92507289	0.06609430	1.56000000	9.56000000	0.02795654	0.00000000
C28	c	0.30527419	0.24665494	0.10202472	1.62000000	9.62000000	0.01422343	0.00000000
C29	c	0.86090250	0.21888546	0.01396330	1.68000000	9.68000000	0.01310741	0.00000000
C30	c	0.45435087	0.64326944	0.11153715	1.74000000	9.74000000	0.02563745	0.00000000
C31	c	0.95988018	0.38798569	0.16985920	1.80000000	9.80000000	0.01957141	0.00000000
C32	c	0.39053880	0.55242448	0.02704355	1.86000000	9.86000000	0.02197279	0.00000000
C33	c	0.95157985	0.23209749	0.07075555	1.92000000	9.92000000	0.02613333	0.00000000
C34	c	0.87856485	0.81487592	0.04815063	1.98000000	9.98000000	0.02803061	0.00000000
C35	c	0.10924016	0.07024202	0.10265977	2.00000000	10.00000000	0.01528389	0.00000000
C36	c	0.12295863	0.69224475	0.13196293	2.00000000	10.00000000	0.02409512	0.00000000
C37	c	0.57577337	0.61551657	0.07640558	2.00000000	10.00000000	0.02590320	0.00000000
C38	c	0.53572473	0.35077332	0.17576518	2.00000000	10.00000000	0.01946785	0.00000000
C39	c	0.13591995	0.55084604	0.15021123	2.00000000	10.00000000	0.02791366	0.00000000
C40	c	0.46927757	0.80212751	0.10563736	2.00000000	10.00000000	0.02960521	0.00000000
C41	c	0.69059588	0.88460153	0.05910218	2.00000000	10.00000000	0.01481273	0.00000000
C42	c	0.20622416	0.40798232	0.04550281	2.00000000	10.00000000	0.01719263	0.00000000
C43	c	0.56149702	0.42567299	0.07964676	2.00000000	10.00000000	0.01104103	0.00000000
C44	c	0.91885797	0.92324311	0.13185547	2.00000000	10.00000000	0.01956310	0.00000000
C45	c	0.84695096	0.41331579	0.12698210	2.00000000	10.00000000	0.01832298	0.00000000
C46	c	0.56905409	0.78674589	0.01491667	2.00000000	10.00000000	0.01749604	0.00000000
C47	c	0.33190483	0.98047035	0.08411390	2.00000000	10.00000000	0.02819188	0.00000000
C48	c	0.88915499	0.98054838	0.08455813	2.00000000	10.00000000	0.01774630	0.00000000
C49	c	0.83900699	0.85818768	0.02926299	2.00000000	10.00000000	0.01772740	0.00000000
C50	c	0.65925635	0.07841194	0.05801565	2.00000000	10.00000000	0.02616360	0.00000000

Q Vehicle fuel tank capacity /0.40000000/
C Vehicle load capacity /1.50000000/
r fuel consumption rate /0.25000000/
g inverse refueling rate /1.00000000/
v average Velocity /1.00000000/
