StringID	Type	x	y	demand	ReadyTime	DueDate	ServiceTime	altitude
D0	d	0.50000000	0.50000000	0.00000000	0.00000000	10.00000000	0.00000000	0.00000000
S0	f	0.55800315	0.71175496	0.00000000	0.00000000	10.00000000	0.00000000	0.00000000
S1	f	0.67107861	0.94052874	0.00000000	0.00000000	10.00000000	0.00000000	0.00000000
S2	f	0.05772739	0.27446609	0.00000000	0.00000000	10.00000000	0.00000000	0.00000000
S3	f	0.58764583	0.49260085	0.00000000	0.00000000	10.00000000	0.00000000	0.00000000
S4	f	0.32840551	0.24011068	0.00000000	0.00000000	10.00000000	0.00000000	0.00000000
S5	f	0.63021159	0.33714416	0.00000000	0.00000000	10.00000000	0.00000000	0.00000000
C1	c	0.58037760	0.62345135	0.19428679	0.00000000	8.00000000	0.02252805	0.00000000
C2	c	0.47979889	0.69629617	0.15580337	0.10000000	8.10000000	0.02248644	0.00000000
C3	c	0.62927240	0.71489922	0.04571442	0.20000000	8.20000000	0.01493129	0.00000000
C4	c	0.50519212	0.74882501	0.24998639	0.30000000	8.30000000	0.02628887	0.00000000
C5	c	0.58045627	0.62706130	0.31429710	0.40000000	8.40000000	0.01169853	0.00000000
C6	c	0.79221364	0.88290576	0.03325290	0.50000000	8.50000000	0.01337952	0.00000000
C7	c	0.68779573	0.86387967	0.13165005	0.60000000	8.60000000	0.01152795	0.00000000
C8	c	0.70808697	0.96935236	0.23387875	0.70000000	8.70000000	0.01720991	0.00000000
C9	c	0.71350064	0.97470380	0.16294785	0.80000000	8.80000000	0.02139134	0.00000000
C10	c	0.66585005	0.98357550	0.15912813	0.90000000	8.90000000	0.01183493	0.00000000
C11	c	0.02748352	0.24668757	0.20545914	1.00000000	9.00000000	0.01251854	0.00000000
C12	c	0.06668642	0.40364904	0.25884795	1.10000000	9.10000000	0.02521170	0.00000000
C13	c	0.11176226	0.31221674	0.14948763	1.20000000	9.20000000	0.02087690	0.00000000
C14	c	0.04545163	0.35005070	0.03609346	1.30000000	9.30000000	0.01427538	0.00000000
C15	c	0.05215052	0.13813543	0.03692964	1.40000000	9.40000000	0.02488697	0.00000000
C16	c	0.44961338	0.57880719	0.27265214	1.50000000	9.50000000	0.01583225	0.00000000
C17	c	0.51841724	0.61484099	0.17033599	1.60000000	9.60000000	0.01400970	0.00000000
C18	c	0.59623507	0.08714076	0.05004979	1.70000000	9.70000000	0.01580260	0.00000000
C19	c	0.41687828	0.62640225	0.13569670	1.80000000	9.80000000	0.02563197	0.00000000
C20	c	0.62432188	0.24656473	0.06680904	1.90000000	9.90000000	0.02669666	0.00000000
C21	c	0.81444367	0.08492632	0.16171446	2.00000000	10.00000000	0.02021769	0.00000000
C22	c	0.16897590	0.07639759	0.02585969	2.00000000	10.00000000	0.02082503	0.00000000
C23	c	0.36049529	0.56956680	0.09423435	2.00000000	10.00000000	0.02279139	0.00000000
C24	c	0.09174651	0.12592694	0.15995584	2.00000000	10.00000000	0.02459465	0.00000000
C25	c	0.76058514	0.54384494	0.19961734	2.00000000	10.00000000	0.01768667	0.00000000
C26	c	0.21376919	0.74434836	0.18107810	2.00000000	10.00000000	0.01524899	0.00000000
C27	c	0.29161232	0.20048477	0.21067944	2.00000000	10.00000000	0.02328093	0.00000000
C28	c	0.29012984	0.78159873	0.20496757	2.00000000	10.00000000	0.01135479	0.00000000
C29	c	0.83483276	0.51088431	0.04867956	2.00000000	10.00000000	0.02914092	0.00000000
C30	c	0.72973247	0.38433326	0.14990642	2.00000000	10.00000000	0.01915584	0.00000000

Q Vehicle fuel tank capacity /0.40000000/
C Vehicle load capacity /1.50000000/
r fuel consumption rate /0.25000000/
g inverse refueling rate /1.00000000/
v average Velocity /1.00000000/
