StringID	Type	x	y	demand	ReadyTime	DueDate	ServiceTime	altitude
D0	d	0.50000000	0.50000000	0.00000000	0.00000000	10.00000000	0.00000000	0.00000000
S0	f	0.42883669	0.03983009	0.00000000	0.00000000	10.00000000	0.00000000	0.00000000
S1	f	0.33747042	0.82064180	0.00000000	0.00000000	10.00000000	0.00000000	0.00000000
S2	f	0.93746675	0.73372539	0.00000000	0.00000000	10.00000000	0.00000000	0.00000000
S3	f	0.86641814	0.89862470	0.00000000	0.00000000	10.00000000	0.00000000	0.00000000
S4	f	0.77080693	0.63160949	0.00000000	0.00000000	10.00000000	0.00000000	0.00000000
S5	f	0.88965316	0.12109966	0.00000000	0.00000000	10.00000000	0.00000000	0.00000000
C1	c	0.37793195	0.75277099	0.01794678	0.00000000	8.00000000	0.02994328	0.00000000
C2	c	0.32598985	0.57135157	0.24806005	0.10000000	8.10000000	0.02718650	0.00000000
C3	c	0.52468159	0.77583360	0.15761836	0.20000000	8.20000000	0.02568083	0.00000000
C4	c	0.91681955	0.15663028	0.20463430	0.30000000	8.30000000	0.02081009	0.00000000
C5	c	0.29526870	0.99024336	0.17752729	0.40000000	8.40000000	0.01602952	0.00000000
C6	c	0.59753202	0.17393329	0.10366798	0.50000000	8.50000000	0.02773818	0.00000000
C7	c	0.05451887	0.45609919	0.17223689	0.60000000	8.60000000	0.02000944	0.00000000
C8	c	0.83486341	0.80312980	0.11186055	0.70000000	8.70000000	0.01540759	0.00000000
C9	c	0.24003972	0.99762891	0.20392452	0.80000000	8.80000000	0.02236100	0.00000000
C10	c	0.53490618	0.66507314	0.06244935	0.90000000	8.90000000	0.01140594	0.00000000
C11	c	0.01870261	0.05449806	0.09322965	1.00000000	9.00000000	0.02699562	0.00000000
C12	c	0.11968631	0.28748422	0.14465956	1.10000000	9.10000000	0.02739851	0.00000000
C13	c	0.70444966	0.09585660	0.06901043	1.20000000	9.20000000	0.01927081	0.00000000
C14	c	0.26121128	0.69052577	0.23724452	1.30000000	9.30000000	0.02540249	0.00000000
C15	c	0.02353255	0.28998296	0.11831242	1.40000000	9.40000000	0.01897450	0.00000000
C16	c	0.58173368	0.26812568	0.19127246	1.50000000	9.50000000	0.01689206	0.00000000
C17	c	0.06116642	0.39778086	0.25663787	1.60000000	9.60000000	0.02268039	0.00000000
C18	c	0.33706012	0.77002207	0.02641461	1.70000000	9.70000000	0.01729893	0.00000000
C19	c	0.26039896	0.11330104	0.24202538	1.80000000	9.80000000	0.02416611	0.00000000
C20	c	0.42883669	0.03983009	0.06689801	1.90000000	9.90000000	0.01834102	0.00000000
C21	c	0.20932805	0.80934680	0.04777142	2.00000000	10.00000000	0.02300619	0.00000000
C22	c	0.48127440	0.56997859	0.25721643	2.00000000	10.00000000	0.02919460	0.00000000
C23	c	0.45594255	0.15538980	0.09538183	2.00000000	10.00000000	0.01328085	0.00000000
C24	c	0.54540573	0.50178966	0.22198298	2.00000000	10.00000000	0.02158339	0.00000000
C25	c	0.75721312	0.07543682	0.14909231	2.00000000	10.00000000	0.02216262	0.00000000
C26	c	0.69506022	0.68488027	0.17834611	2.00000000	10.00000000	0.01138437	0.00000000
C27	c	0.21015253	0.17964205	0.15885112	2.00000000	10.00000000	0.02446631	0.00000000
C28	c	0.91899620	0.20439100	0.18436042	2.00000000	10.00000000	0.01825628	0.00000000
C29	c	0.75454056	0.26532304	0.25122384	2.00000000	10.00000000	0.01235500	0.00000000
C30	c	0.90121538	0.61315723	0.05014255	2.00000000	10.00000000	0.02309239	0.00000000

Q Vehicle fuel tank capacity /0.40000000/
C Vehicle load capacity /1.50000000/
r fuel consumption rate /0.25000000/
g inverse refueling rate /1.00000000/
v average Velocity /1.00000000/
