StringID	Type	x	y	demand	ReadyTime	DueDate	ServiceTime	altitude
D0	d	0.50000000	0.50000000	0.00000000	0.00000000	10.00000000	0.00000000	0.00000000
S0	f	0.59956675	0.82210778	0.00000000	0.00000000	10.00000000	0.00000000	0.00000000
S1	f	0.17856965	0.14559909	0.00000000	0.00000000	10.00000000	0.00000000	0.00000000
S2	f	0.47282963	0.68165123	0.00000000	0.00000000	10.00000000	0.00000000	0.00000000
S3	f	0.51459388	0.95083609	0.00000000	0.00000000	10.00000000	0.00000000	0.00000000
S4	f	0.97503526	0.26563294	0.00000000	0.00000000	10.00000000	0.00000000	0.00000000
S5	f	0.83329214	0.79511165	0.00000000	0.00000000	10.00000000	0.00000000	0.00000000
C1	c	0.02548956	0.01773613	0.20091784	0.00000000	8.00000000	0.02510831	0.00000000
C2	c	0.78204288	0.23804322	0.18913205	0.10000000	8.10000000	0.01724068	0.00000000
C3	c	0.71927052	0.14708192	0.21853570	0.20000000	8.20000000	0.01580974	0.00000000
C4	c	0.68089004	0.30208521	0.22955341	0.30000000	8.30000000	0.02443471	0.00000000
C5	c	0.44153640	0.72084269	0.07219544	0.40000000	8.40000000	0.01581478	0.00000000
C6	c	0.84903145	0.72846055	0.13798840	0.50000000	8.50000000	0.02168624	0.00000000
C7	c	0.07004761	0.99891805	0.07196391	0.60000000	8.60000000	0.02587352	0.00000000
C8	c	0.12469995	0.45058075	0.09311648	0.70000000	8.70000000	0.02968203	0.00000000
C9	c	0.74180192	0.90032189	0.02833825	0.80000000	8.80000000	0.01387927	0.00000000
C10	c	0.09322191	0.16440750	0.21565282	0.90000000	8.90000000	0.02276382	0.00000000
C11	c	0.60379648	0.42856083	0.07855694	1.00000000	9.00000000	0.02154619	0.00000000
C12	c	0.12847694	0.10534999	0.01973429	1.10000000	9.10000000	0.02687135	0.00000000
C13	c	0.01357709	0.35680059	0.12149554	1.20000000	9.20000000	0.02552243	0.00000000
C14	c	0.05600531	0.36406668	0.14879413	1.30000000	9.30000000	0.02107175	0.00000000
C15	c	0.38581129	0.64509235	0.25738583	1.40000000	9.40000000	0.02686836	0.00000000
C16	c	0.59956675	0.82210778	0.11275049	1.50000000	9.50000000	0.01319658	0.00000000
C17	c	0.76529266	0.28997867	0.25938070	1.60000000	9.60000000	0.02153118	0.00000000
C18	c	0.51712113	0.19226865	0.24086495	1.70000000	9.70000000	0.02662574	0.00000000
C19	c	0.40936672	0.27127937	0.03270571	1.80000000	9.80000000	0.01884373	0.00000000
C20	c	0.18741732	0.70505081	0.19584526	1.90000000	9.90000000	0.02396660	0.00000000
C21	c	0.39978908	0.17989519	0.07659331	2.00000000	10.00000000	0.01340744	0.00000000
C22	c	0.66208544	0.09641215	0.07580016	2.00000000	10.00000000	0.02472426	0.00000000
C23	c	0.96631809	0.46962690	0.23418985	2.00000000	10.00000000	0.02849755	0.00000000
C24	c	0.70146971	0.52882240	0.24948389	2.00000000	10.00000000	0.02320295	0.00000000
C25	c	0.97251593	0.34020003	0.12981274	2.00000000	10.00000000	0.02566683	0.00000000
C26	c	0.02574967	0.67473376	0.14788496	2.00000000	10.00000000	0.01711603	0.00000000
C27	c	0.17694756	0.86903597	0.14117806	2.00000000	10.00000000	0.02314802	0.00000000
C28	c	0.75136965	0.53446970	0.19411827	2.00000000	10.00000000	0.01417314	0.00000000
C29	c	0.42564396	0.90832361	0.24110218	2.00000000	10.00000000	0.02555660	0.00000000
C30	c	0.53213895	0.30679606	0.08492843	2.00000000	10.00000000	0.02695322	0.00000000

Q Vehicle fuel tank capacity /0.40000000/
C Vehicle load capacity /1.50000000/
r fuel consumption rate /0.25000000/
g inverse refueling rate /1.00000000/
v average Velocity /1.00000000/
