StringID	Type	x	y	demand	ReadyTime	DueDate	ServiceTime	altitude
D0	d	0.50000000	0.50000000	0.00000000	0.00000000	10.00000000	0.00000000	0.00000000
S0	f	0.14084377	0.40352045	0.00000000	0.00000000	10.00000000	0.00000000	0.00000000
S1	f	0.32970778	0.13108962	0.00000000	0.00000000	10.00000000	0.00000000	0.00000000
S2	f	0.12809345	0.03737587	0.00000000	0.00000000	10.00000000	0.00000000	0.00000000
S3	f	0.55505963	0.83183166	0.00000000	0.00000000	10.00000000	0.00000000	0.00000000
S4	f	0.99912145	0.71405443	0.00000000	0.00000000	10.00000000	0.00000000	0.00000000
S5	f	0.21767545	0.85710241	0.00000000	0.00000000	10.00000000	0.00000000	0.00000000
S6	f	0.65157902	0.35660517	0.00000000	0.00000000	10.00000000	0.00000000	0.00000000
S7	f	0.84378947	0.95231086	0.00000000	0.00000000	10.00000000	0.00000000	0.00000000
S8	f	0.01536011	0.89983941	0.00000000	0.00000000	10.00000000	0.00000000	0.00000000
S9	f	0.24586901	0.13925298	0.00000000	0.00000000	10.00000000	0.00000000	0.00000000
C1	c	1.00000000	0.09696296	0.10191105	0.00000000	8.00000000	0.01326944	0.00000000
C2	c	0.94498306	0.05161724	0.15327530	0.06000000	8.06000000	0.02188600	0.00000000
C3	c	1.00000000	0.17440332	0.07488612	0.12000000	8.12000000	0.01928371	0.00000000
C4	c	0.88164244	0.34889146	0.08556217	0.18000000	8.18000000	0.02988329	0.00000000
C5	c	1.00000000	0.29962216	0.10380765	0.24000000	8.24000000	0.01887625	0.00000000
C6	c	0.98314072	0.34871133	0.02587546	0.30000000	8.30000000	0.01314287	0.00000000
C7	c	0.99399813	0.37018705	0.08673705	0.36000000	8.36000000	0.02435188	0.00000000
C8	c	1.00000000	0.35505072	0.04866152	0.42000000	8.42000000	0.01730534	0.00000000
C9	c	0.05429246	0.19788931	0.14713379	0.48000000	8.48000000	0.01963281	0.00000000
C10	c	0.00761473	0.20230531	0.12761916	0.54000000	8.54000000	0.02657914	0.00000000
C11	c	0.04662177	0.24108866	0.05391308	0.60000000	8.60000000	0.01985253	0.00000000
C12	c	0.11919325	0.23107314	0.17160102	0.66000000	8.66000000	0.01103600	0.00000000
C13	c	0.05835048	0.17111345	0.18976769	0.72000000	8.72000000	0.01038462	0.00000000
C14	c	0.38388838	0.58766471	0.17870612	0.78000000	8.78000000	0.02509036	0.00000000
C15	c	0.39348297	0.55706704	0.09982161	0.84000000	8.84000000	0.01906848	0.00000000
C16	c	0.52059019	0.53613184	0.07503273	0.90000000	8.90000000	0.01894965	0.00000000
C17	c	0.47751939	0.51244106	0.03940390	0.96000000	8.96000000	0.01723667	0.00000000
C18	c	0.98629105	0.36734921	0.12443811	1.02000000	9.02000000	0.02325104	0.00000000
C19	c	0.96045103	0.32241826	0.02069115	1.08000000	9.08000000	0.01140371	0.00000000
C20	c	0.92450636	0.27866190	0.09249440	1.14000000	9.14000000	0.01268717	0.00000000
C21	c	0.92288743	0.37560262	0.06751324	1.20000000	9.20000000	0.01180259	0.00000000
C22	c	0.93678077	0.27635739	0.09101449	1.26000000	9.26000000	0.02082107	0.00000000
C23	c	0.86697407	0.30613072	0.01964515	1.32000000	9.32000000	0.02198524	0.00000000
C24	c	0.98751165	0.28091562	0.02844094	1.38000000	9.38000000	0.01137212	0.00000000
C25	c	0.93372118	0.34930797	0.07321589	1.44000000	9.44000000	0.02622243	0.00000000
C26	c	0.47196339	0.95774237	0.10423414	1.50000000	9.50000000	0.01071805	0.00000000
C27	c	0.59286917	0.04709473	0.07888559	1.56000000	9.56000000	0.02888614	0.00000000
C28	c	0.65968030	0.71125458	0.11546208	1.62000000	9.62000000	0.02427145	0.00000000
C29	c	0.87832254	0.75740007	0.18454322	1.68000000	9.68000000	0.02084680	0.00000000
C30	c	0.17529952	0.19255522	0.03417740	1.74000000	9.74000000	0.02551930	0.00000000
C31	c	0.06397857	0.58582706	0.01733898	1.80000000	9.80000000	0.01318740	0.00000000
C32	c	0.67034161	0.04005645	0.05691989	1.86000000	9.86000000	0.02973903	0.00000000
C33	c	0.16347207	0.59430004	0.13942803	1.92000000	9.92000000	0.02688334	0.00000000
C34	c	0.44381228	0.15714332	0.04253254	1.98000000	9.98000000	0.01227647	0.00000000
C35	c	0.71759394	0.36526724	0.09633502	2.00000000	10.00000000	0.01908207	0.00000000
C36	c	0.48164037	0.82895680	0.18245615	2.00000000	10.00000000	0.02488645	0.00000000
C37	c	0.49262643	0.05179999	0.11776976	2.00000000	10.00000000	0.01280946	0.00000000
C38	c	0.01923080	0.75451802	0.02101235	2.00000000	10.00000000	0.02626756	0.00000000
C39	c	0.45342378	0.44748242	0.12961434	2.00000000	10.00000000	0.02110668	0.00000000
C40	c	0.36183352	0.66255217	0.13875767	2.00000000	10.00000000	0.02987345	0.00000000
C41	c	0.09012957	0.54105359	0.16837624	2.00000000	10.00000000	0.02241691	0.00000000
C42	c	0.81112162	0.03590254	0.14693855	2.00000000	10.00000000	0.01233623	0.00000000
C43	c	0.94430719	0.71357245	0.04374109	2.00000000	10.00000000	0.01091867	0.00000000
C44	c	0.54233992	0.77596511	0.04680026	2.00000000	10.00000000	0.01346687	0.00000000
C45	c	0.15936995	0.98695166	0.02400560	2.00000000	10.00000000	0.02493995	0.00000000
C46	c	0.84416723	0.11382353	0.11652130	2.00000000	10.00000000	0.02956924	0.00000000
C47	c	0.45410327	0.74432253	0.13150443	2.00000000	10.00000000	0.02937079	0.00000000
C48	c	0.14047307	0.81337817	0.01976458	2.00000000	10.00000000	0.01667726	0.00000000
C49	c	0.55533381	0.99367248	0.02167186	2.00000000	10.00000000	0.01826867	0.00000000
C50	c	0.62084542	0.11681168	0.04004012	2.00000000	10.00000000	0.02233950	0.00000000

Q Vehicle fuel tank capacity /0.40000000/
C Vehicle load capacity /1.50000000/
r fuel consumption rate /0.25000000/
g inverse refueling rate /1.00000000/
v average Velocity /1.00000000/
