StringID	Type	x	y	demand	ReadyTime	DueDate	ServiceTime	altitude
D0	d	0.50000000	0.50000000	0.00000000	0.00000000	10.00000000	0.00000000	0.00000000
S0	f	0.97089139	0.31098825	0.00000000	0.00000000	10.00000000	0.00000000	0.00000000
S1	f	0.42669186	0.64958864	0.00000000	0.00000000	10.00000000	0.00000000	0.00000000
S2	f	0.52636820	0.61219494	0.00000000	0.00000000	10.00000000	0.00000000	0.00000000
S3	f	0.86720779	0.56525994	0.00000000	0.00000000	10.00000000	0.00000000	0.00000000
S4	f	0.12986893	0.29172113	0.00000000	0.00000000	10.00000000	0.00000000	0.00000000
S5	f	0.81551253	0.12785087	0.00000000	0.00000000	10.00000000	0.00000000	0.00000000
S6	f	0.15922684	0.87025487	0.00000000	0.00000000	10.00000000	0.00000000	0.00000000
S7	f	0.26117056	0.47893197	0.00000000	0.00000000	10.00000000	0.00000000	0.00000000
S8	f	0.02034200	0.57311529	0.00000000	0.00000000	10.00000000	0.00000000	0.00000000
S9	f	0.71145360	0.35307482	0.00000000	0.00000000	10.00000000	0.00000000	0.00000000
C1	c	0.20755500	0.84513100	0.08692511	0.00000000	8.00000000	0.01637060	0.00000000
C2	c	0.61878666	0.50254479	0.08387952	0.06000000	8.06000000	0.01990219	0.00000000
C3	c	0.26014810	0.12611066	0.12568989	0.12000000	8.12000000	0.02341783	0.00000000
C4	c	0.39330093	0.65876593	0.14241726	0.18000000	8.18000000	0.01676198	0.00000000
C5	c	0.07726978	0.30119992	0.09642249	0.24000000	8.24000000	0.02544987	0.00000000
C6	c	0.68369590	0.28509402	0.13828066	0.30000000	8.30000000	0.02056912	0.00000000
C7	c	0.50192140	0.71922110	0.05291149	0.36000000	8.36000000	0.01768776	0.00000000
C8	c	0.70062630	0.51979146	0.07543615	0.42000000	8.42000000	0.02425929	0.00000000
C9	c	0.45787459	0.30158431	0.10272168	0.48000000	8.48000000	0.02503875	0.00000000
C10	c	0.32985540	0.42877523	0.13125039	0.54000000	8.54000000	0.02832185	0.00000000
C11	c	0.61680856	0.92769805	0.09286786	0.60000000	8.60000000	0.01598739	0.00000000
C12	c	0.91486438	0.02118195	0.12596228	0.66000000	8.66000000	0.02383724	0.00000000
C13	c	0.12794804	0.73567850	0.08538875	0.72000000	8.72000000	0.02425229	0.00000000
C14	c	0.30349058	0.79555825	0.14001702	0.78000000	8.78000000	0.01695044	0.00000000
C15	c	0.22440083	0.17798734	0.06007144	0.84000000	8.84000000	0.01187010	0.00000000
C16	c	0.87706335	0.27000490	0.09613734	0.90000000	8.90000000	0.01903445	0.00000000
C17	c	0.82091728	0.26134103	0.01600758	0.96000000	8.96000000	0.01133611	0.00000000
C18	c	0.98377215	0.34027064	0.10378526	1.02000000	9.02000000	0.02673412	0.00000000
C19	c	0.22448918	0.79083424	0.11533566	1.08000000	9.08000000	0.01518984	0.00000000
C20	c	0.06075511	0.79013549	0.13939678	1.14000000	9.14000000	0.01029089	0.00000000
C21	c	0.45030275	0.70607681	0.10071988	1.20000000	9.20000000	0.01383350	0.00000000
C22	c	0.77799074	0.80799587	0.01823878	1.26000000	9.26000000	0.01515998	0.00000000
C23	c	0.85989270	0.60813380	0.06309315	1.32000000	9.32000000	0.02729219	0.00000000
C24	c	0.18381927	0.99257834	0.09442002	1.38000000	9.38000000	0.02778841	0.00000000
C25	c	0.95127084	0.68282700	0.11739306	1.44000000	9.44000000	0.01311157	0.00000000
C26	c	0.18272400	0.78926657	0.12080271	1.50000000	9.50000000	0.02618103	0.00000000
C27	c	0.42402342	0.46588930	0.10430154	1.56000000	9.56000000	0.01263362	0.00000000
C28	c	0.72686867	0.61230228	0.11896529	1.62000000	9.62000000	0.02791722	0.00000000
C29	c	0.12769314	0.14800567	0.09395357	1.68000000	9.68000000	0.01758180	0.00000000
C30	c	0.00534635	0.53096970	0.00996985	1.74000000	9.74000000	0.02846069	0.00000000
C31	c	0.99512601	0.53646082	0.04210437	1.80000000	9.80000000	0.02411969	0.00000000
C32	c	0.59470350	0.45487634	0.06344923	1.86000000	9.86000000	0.01939615	0.00000000
C33	c	0.46670589	0.95964960	0.06115468	1.92000000	9.92000000	0.01009340	0.00000000
C34	c	0.65761603	0.06888115	0.14003683	1.98000000	9.98000000	0.01421121	0.00000000
C35	c	0.91579396	0.76045597	0.08475101	2.00000000	10.00000000	0.01103519	0.00000000
C36	c	0.66012068	0.01402872	0.12741382	2.00000000	10.00000000	0.02173314	0.00000000
C37	c	0.90337737	0.20144139	0.07822500	2.00000000	10.00000000	0.01362647	0.00000000
C38	c	0.50842725	0.08691312	0.11577488	2.00000000	10.00000000	0.01885184	0.00000000
C39	c	0.13510671	0.62474011	0.14187156	2.00000000	10.00000000	0.01283684	0.00000000
C40	c	0.73585949	0.45698018	0.07460163	2.00000000	10.00000000	0.02316878	0.00000000
C41	c	0.99106114	0.19622015	0.11032116	2.00000000	10.00000000	0.01410285	0.00000000
C42	c	0.93283539	0.93136996	0.07275677	2.00000000	10.00000000	0.01226741	0.00000000
C43	c	0.91200143	0.48207440	0.06023053	2.00000000	10.00000000	0.01983921	0.00000000
C44	c	0.99607146	0.45833158	0.03501957	2.00000000	10.00000000	0.01427598	0.00000000
C45	c	0.50102718	0.30549111	0.06307358	2.00000000	10.00000000	0.01366583	0.00000000
C46	c	0.20988351	0.13809114	0.12394387	2.00000000	10.00000000	0.02335140	0.00000000
C47	c	0.23611365	0.52197055	0.02859823	2.00000000	10.00000000	0.02990562	0.00000000
C48	c	0.82914194	0.57918908	0.03149622	2.00000000	10.00000000	0.01853861	0.00000000
C49	c	0.44839269	0.58279811	0.09626894	2.00000000	10.00000000	0.01577173	0.00000000
C50	c	0.52636820	0.61219494	0.09614566	2.00000000	10.00000000	0.02997015	0.00000000

Q Vehicle fuel tank capacity /0.40000000/
C Vehicle load capacity /1.50000000/
r fuel consumption rate /0.25000000/
g inverse refueling rate /1.00000000/
v average Velocity /1.00000000/
