StringID	Type	x	y	demand	ReadyTime	DueDate	ServiceTime	altitude
D0	d	0.50000000	0.50000000	0.00000000	0.00000000	10.00000000	0.00000000	0.00000000
S0	f	0.91946248	0.61340320	0.00000000	0.00000000	10.00000000	0.00000000	0.00000000
S1	f	0.66181950	0.67477439	0.00000000	0.00000000	10.00000000	0.00000000	0.00000000
S2	f	0.78394663	0.13094121	0.00000000	0.00000000	10.00000000	0.00000000	0.00000000
S3	f	0.65585817	0.46777726	0.00000000	0.00000000	10.00000000	0.00000000	0.00000000
S4	f	0.75746337	0.93079197	0.00000000	0.00000000	10.00000000	0.00000000	0.00000000
S5	f	0.61030678	0.39720573	0.00000000	0.00000000	10.00000000	0.00000000	0.00000000
C1	c	0.57293596	0.12327692	0.10981592	0.00000000	8.00000000	0.01315677	0.00000000
C2	c	0.59814666	0.07876877	0.20837589	0.10000000	8.10000000	0.01710698	0.00000000
C3	c	0.60214853	0.09768222	0.24620861	0.20000000	8.20000000	0.01470950	0.00000000
C4	c	0.60724115	0.23662081	0.02458717	0.30000000	8.30000000	0.01875789	0.00000000
C5	c	0.91588854	0.53185424	0.08029786	0.40000000	8.40000000	0.02568920	0.00000000
C6	c	0.85141960	0.59834388	0.23437641	0.50000000	8.50000000	0.01342978	0.00000000
C7	c	0.95035056	0.66451040	0.07168101	0.60000000	8.60000000	0.01291332	0.00000000
C8	c	0.98452699	0.62712862	0.07672684	0.70000000	8.70000000	0.02364194	0.00000000
C9	c	0.97502182	0.59364808	0.06802990	0.80000000	8.80000000	0.01717464	0.00000000
C10	c	0.52587654	0.90932396	0.21274230	0.90000000	8.90000000	0.02903541	0.00000000
C11	c	0.51239231	0.91778079	0.27570265	1.00000000	9.00000000	0.02815413	0.00000000
C12	c	0.58000669	0.77205894	0.16763097	1.10000000	9.10000000	0.02983868	0.00000000
C13	c	0.50482786	0.86421415	0.22520068	1.20000000	9.20000000	0.02092506	0.00000000
C14	c	0.56788681	0.85874060	0.23630883	1.30000000	9.30000000	0.02897443	0.00000000
C15	c	0.48781310	0.86189193	0.11266423	1.40000000	9.40000000	0.01508513	0.00000000
C16	c	0.06451401	0.99420608	0.27814633	1.50000000	9.50000000	0.02148361	0.00000000
C17	c	0.27994974	0.26370070	0.12096400	1.60000000	9.60000000	0.02846532	0.00000000
C18	c	0.56260002	0.04773931	0.04538042	1.70000000	9.70000000	0.02873146	0.00000000
C19	c	0.57973012	0.56036767	0.03586396	1.80000000	9.80000000	0.02363659	0.00000000
C20	c	0.18085252	0.70968271	0.28113250	1.90000000	9.90000000	0.02333005	0.00000000
C21	c	0.39597752	0.96695719	0.09269956	2.00000000	10.00000000	0.01995801	0.00000000
C22	c	0.15783847	0.35534889	0.08841279	2.00000000	10.00000000	0.02446589	0.00000000
C23	c	0.23547490	0.43789435	0.16726750	2.00000000	10.00000000	0.02682140	0.00000000
C24	c	0.78446011	0.17148884	0.03143851	2.00000000	10.00000000	0.02673135	0.00000000
C25	c	0.14566614	0.68209690	0.17178671	2.00000000	10.00000000	0.02261178	0.00000000
C26	c	0.35873196	0.95177056	0.16667857	2.00000000	10.00000000	0.02752759	0.00000000
C27	c	0.90770641	0.99193416	0.06655603	2.00000000	10.00000000	0.02519088	0.00000000
C28	c	0.54625321	0.94872139	0.20607041	2.00000000	10.00000000	0.01722674	0.00000000
C29	c	0.25425648	0.57418036	0.12330966	2.00000000	10.00000000	0.02111533	0.00000000
C30	c	0.92326619	0.93657293	0.27394378	2.00000000	10.00000000	0.02604467	0.00000000

Q Vehicle fuel tank capacity /0.40000000/
C Vehicle load capacity /1.50000000/
r fuel consumption rate /0.25000000/
g inverse refueling rate /1.00000000/
v average Velocity /1.00000000/
