StringID	Type	x	y	demand	ReadyTime	DueDate	ServiceTime	altitude
D0	d	0.50000000	0.50000000	0.00000000	0.00000000	10.00000000	0.00000000	0.00000000
S0	f	0.25482801	0.52174236	0.00000000	0.00000000	10.00000000	0.00000000	0.00000000
S1	f	0.47171229	0.98600233	0.00000000	0.00000000	10.00000000	0.00000000	0.00000000
S2	f	0.21416054	0.38573299	0.00000000	0.00000000	10.00000000	0.00000000	0.00000000
S3	f	0.04045726	0.71568960	0.00000000	0.00000000	10.00000000	0.00000000	0.00000000
S4	f	0.85782283	0.60172536	0.00000000	0.00000000	10.00000000	0.00000000	0.00000000
S5	f	0.68347912	0.16006559	0.00000000	0.00000000	10.00000000	0.00000000	0.00000000
S6	f	0.02508156	0.46694964	0.00000000	0.00000000	10.00000000	0.00000000	0.00000000
S7	f	0.33425030	0.88158918	0.00000000	0.00000000	10.00000000	0.00000000	0.00000000
S8	f	0.95796606	0.79721924	0.00000000	0.00000000	10.00000000	0.00000000	0.00000000
S9	f	0.74890560	0.52492404	0.00000000	0.00000000	10.00000000	0.00000000	0.00000000
C1	c	0.34972268	0.59043722	0.14658414	0.00000000	8.00000000	0.01089134	0.00000000
C2	c	0.20439987	0.54111309	0.11611339	0.06000000	8.06000000	0.02631688	0.00000000
C3	c	0.24993766	0.57548796	0.06232022	0.12000000	8.12000000	0.01437900	0.00000000
C4	c	0.52345352	0.99047093	0.09190850	0.18000000	8.18000000	0.02151238	0.00000000
C5	c	0.53219370	1.00000000	0.12362870	0.24000000	8.24000000	0.01835060	0.00000000
C6	c	0.36894349	0.96881011	0.07288060	0.30000000	8.30000000	0.02450148	0.00000000
C7	c	0.55449878	0.94945414	0.16763331	0.36000000	8.36000000	0.02387066	0.00000000
C8	c	0.42218023	0.98171613	0.03651279	0.42000000	8.42000000	0.02875357	0.00000000
C9	c	0.66978487	0.20624193	0.08587679	0.48000000	8.48000000	0.01547552	0.00000000
C10	c	0.73998226	0.19615236	0.03425808	0.54000000	8.54000000	0.01212731	0.00000000
C11	c	0.43409309	0.53774950	0.06025075	0.60000000	8.60000000	0.01020903	0.00000000
C12	c	0.44714267	0.53195293	0.01223695	0.66000000	8.66000000	0.01276743	0.00000000
C13	c	0.48961037	0.59504846	0.06869928	0.72000000	8.72000000	0.02231071	0.00000000
C14	c	0.41570831	0.51240706	0.10353576	0.78000000	8.78000000	0.02443834	0.00000000
C15	c	0.46556251	0.48219741	0.15584757	0.84000000	8.84000000	0.01117412	0.00000000
C16	c	0.50768732	0.56024641	0.01823193	0.90000000	8.90000000	0.02571155	0.00000000
C17	c	0.33068090	0.59076286	0.08512439	0.96000000	8.96000000	0.02412576	0.00000000
C18	c	0.44152213	0.52097145	0.13886918	1.02000000	9.02000000	0.02944903	0.00000000
C19	c	0.49794722	0.50136818	0.10821773	1.08000000	9.08000000	0.01049106	0.00000000
C20	c	1.00000000	0.23853120	0.16951678	1.14000000	9.14000000	0.02412010	0.00000000
C21	c	1.00000000	0.30957451	0.11566295	1.20000000	9.20000000	0.02173965	0.00000000
C22	c	1.00000000	0.15529876	0.12713235	1.26000000	9.26000000	0.01553378	0.00000000
C23	c	0.98832709	0.27854690	0.16063376	1.32000000	9.32000000	0.02463315	0.00000000
C24	c	0.99821710	0.14899337	0.13125267	1.38000000	9.38000000	0.01269556	0.00000000
C25	c	1.00000000	0.16990807	0.07915018	1.44000000	9.44000000	0.01765803	0.00000000
C26	c	0.21907728	0.26048347	0.13994499	1.50000000	9.50000000	0.01011216	0.00000000
C27	c	0.92270065	0.48701789	0.08306538	1.56000000	9.56000000	0.01825225	0.00000000
C28	c	0.78960053	0.45135103	0.08540723	1.62000000	9.62000000	0.02377477	0.00000000
C29	c	0.85847466	0.01462189	0.16401086	1.68000000	9.68000000	0.02274614	0.00000000
C30	c	0.09219362	0.38931113	0.08905894	1.74000000	9.74000000	0.01440749	0.00000000
C31	c	0.11711888	0.04456725	0.04851537	1.80000000	9.80000000	0.01417130	0.00000000
C32	c	0.81584414	0.21895015	0.03501402	1.86000000	9.86000000	0.02969732	0.00000000
C33	c	0.57561896	0.41753022	0.12190532	1.92000000	9.92000000	0.02930909	0.00000000
C34	c	0.72507399	0.69353286	0.01210082	1.98000000	9.98000000	0.01239105	0.00000000
C35	c	0.93767855	0.27377620	0.04831278	2.00000000	10.00000000	0.02955308	0.00000000
C36	c	0.13837147	0.61553540	0.09452322	2.00000000	10.00000000	0.02518398	0.00000000
C37	c	0.72191704	0.05870607	0.04624922	2.00000000	10.00000000	0.01770166	0.00000000
C38	c	0.78557775	0.70628796	0.10337575	2.00000000	10.00000000	0.02104987	0.00000000
C39	c	0.97245144	0.02455301	0.09606535	2.00000000	10.00000000	0.02034572	0.00000000
C40	c	0.70600506	0.58698258	0.04639173	2.00000000	10.00000000	0.02976234	0.00000000
C41	c	0.27668880	0.73165747	0.05300400	2.00000000	10.00000000	0.02752048	0.00000000
C42	c	0.13477791	0.38290172	0.15875540	2.00000000	10.00000000	0.01513298	0.00000000
C43	c	0.00560786	0.41261259	0.08917995	2.00000000	10.00000000	0.01204751	0.00000000
C44	c	0.68873842	0.63730719	0.13750025	2.00000000	10.00000000	0.01176862	0.00000000
C45	c	0.22037429	0.20856481	0.08348420	2.00000000	10.00000000	0.02472383	0.00000000
C46	c	0.98486608	0.96545472	0.14849896	2.00000000	10.00000000	0.02127563	0.00000000
C47	c	0.11955247	0.97765395	0.01374165	2.00000000	10.00000000	0.02449744	0.00000000
C48	c	0.75919915	0.38508314	0.02612931	2.00000000	10.00000000	0.02236958	0.00000000
C49	c	0.55249329	0.51728598	0.07357687	2.00000000	10.00000000	0.02702433	0.00000000
C50	c	0.98811708	0.87602412	0.03010969	2.00000000	10.00000000	0.02407271	0.00000000

Q Vehicle fuel tank capacity /0.40000000/
C Vehicle load capacity /1.50000000/
r fuel consumption rate /0.25000000/
g inverse refueling rate /1.00000000/
v average Velocity /1.00000000/
