StringID	Type	x	y	demand	ReadyTime	DueDate	ServiceTime	altitude
D0	d	0.50000000	0.50000000	0.00000000	0.00000000	10.00000000	0.00000000	0.00000000
S0	f	0.09085514	0.72436613	0.00000000	0.00000000	10.00000000	0.00000000	0.00000000
S1	f	0.91480926	0.49283438	0.00000000	0.00000000	10.00000000	0.00000000	0.00000000
S2	f	0.36672643	0.01287046	0.00000000	0.00000000	10.00000000	0.00000000	0.00000000
S3	f	0.29559738	0.51466444	0.00000000	0.00000000	10.00000000	0.00000000	0.00000000
S4	f	0.13725882	0.52116197	0.00000000	0.00000000	10.00000000	0.00000000	0.00000000
S5	f	0.62771171	0.66828579	0.00000000	0.00000000	10.00000000	0.00000000	0.00000000
C1	c	0.70932358	0.43292375	0.16168548	0.00000000	8.00000000	0.01163088	0.00000000
C2	c	0.62673670	0.02552263	0.24990305	0.10000000	8.10000000	0.02456852	0.00000000
C3	c	0.51004291	0.10914294	0.16479736	0.20000000	8.20000000	0.01603357	0.00000000
C4	c	0.88453252	0.42466849	0.12324930	0.30000000	8.30000000	0.02391119	0.00000000
C5	c	0.79146583	0.66281008	0.02540430	0.40000000	8.40000000	0.01336270	0.00000000
C6	c	0.40564619	0.96762489	0.20657524	0.50000000	8.50000000	0.02681582	0.00000000
C7	c	0.64082293	0.54400849	0.20458024	0.60000000	8.60000000	0.02521372	0.00000000
C8	c	0.47020888	0.11894858	0.18304258	0.70000000	8.70000000	0.02128235	0.00000000
C9	c	0.88977265	0.28176266	0.15805285	0.80000000	8.80000000	0.02078744	0.00000000
C10	c	0.63974375	0.81155102	0.23950419	0.90000000	8.90000000	0.01269354	0.00000000
C11	c	0.73023302	0.29710273	0.21652786	1.00000000	9.00000000	0.01013246	0.00000000
C12	c	0.41446886	0.88619674	0.14346381	1.10000000	9.10000000	0.01976729	0.00000000
C13	c	0.10009002	0.07107692	0.10489611	1.20000000	9.20000000	0.02928494	0.00000000
C14	c	0.68506276	0.16904715	0.06249825	1.30000000	9.30000000	0.01643772	0.00000000
C15	c	0.12947113	0.16537983	0.16664493	1.40000000	9.40000000	0.01176943	0.00000000
C16	c	0.45692117	0.80930333	0.15459068	1.50000000	9.50000000	0.02720221	0.00000000
C17	c	0.97098772	0.33088553	0.22561890	1.60000000	9.60000000	0.02889086	0.00000000
C18	c	0.81580564	0.84283771	0.06778863	1.70000000	9.70000000	0.02216208	0.00000000
C19	c	0.09085514	0.72436613	0.19350096	1.80000000	9.80000000	0.01053081	0.00000000
C20	c	0.10359163	0.93842622	0.05850138	1.90000000	9.90000000	0.02815877	0.00000000
C21	c	0.02269978	0.83510814	0.03160687	2.00000000	10.00000000	0.02970258	0.00000000
C22	c	0.77357550	0.05956810	0.08713180	2.00000000	10.00000000	0.01049658	0.00000000
C23	c	0.99786574	0.09476026	0.15448886	2.00000000	10.00000000	0.01658807	0.00000000
C24	c	0.39023254	0.09252988	0.04367404	2.00000000	10.00000000	0.01191274	0.00000000
C25	c	0.98722642	0.02721609	0.17448153	2.00000000	10.00000000	0.01879661	0.00000000
C26	c	0.86032747	0.10351666	0.02543574	2.00000000	10.00000000	0.01675179	0.00000000
C27	c	0.10380833	0.43110248	0.24512255	2.00000000	10.00000000	0.02688509	0.00000000
C28	c	0.02561821	0.54589969	0.20870293	2.00000000	10.00000000	0.02872263	0.00000000
C29	c	0.85988451	0.32025352	0.18743175	2.00000000	10.00000000	0.02638298	0.00000000
C30	c	0.51303070	0.59643889	0.23109783	2.00000000	10.00000000	0.02541281	0.00000000

Q Vehicle fuel tank capacity /0.40000000/
C Vehicle load capacity /1.50000000/
r fuel consumption rate /0.25000000/
g inverse refueling rate /1.00000000/
v average Velocity /1.00000000/
