StringID	Type	x	y	demand	ReadyTime	DueDate	ServiceTime	altitude
D0	d	0.50000000	0.50000000	0.00000000	0.00000000	10.00000000	0.00000000	0.00000000
S0	f	0.09164119	0.31974911	0.00000000	0.00000000	10.00000000	0.00000000	0.00000000
S1	f	0.93478304	0.24610332	0.00000000	0.00000000	10.00000000	0.00000000	0.00000000
S2	f	0.01317752	0.62770822	0.00000000	0.00000000	10.00000000	0.00000000	0.00000000
S3	f	0.48055390	0.83018309	0.00000000	0.00000000	10.00000000	0.00000000	0.00000000
S4	f	0.75583633	0.25177205	0.00000000	0.00000000	10.00000000	0.00000000	0.00000000
S5	f	0.13938702	0.28807339	0.00000000	0.00000000	10.00000000	0.00000000	0.00000000
C1	c	0.80725516	0.05359821	0.03016327	0.00000000	8.00000000	0.01815108	0.00000000
C2	c	0.85804481	0.03865539	0.04979230	0.10000000	8.10000000	0.02361397	0.00000000
C3	c	0.91419761	0.09951528	0.13411688	0.20000000	8.20000000	0.02796694	0.00000000
C4	c	0.86386545	0.01980818	0.03028029	0.30000000	8.30000000	0.02341783	0.00000000
C5	c	0.86160572	0.03587673	0.11212582	0.40000000	8.40000000	0.02215517	0.00000000
C6	c	0.87313630	0.00485972	0.12884666	0.50000000	8.50000000	0.02145893	0.00000000
C7	c	0.86658725	0.12656663	0.03442199	0.60000000	8.60000000	0.01583565	0.00000000
C8	c	0.89225006	0.02120614	0.23156205	0.70000000	8.70000000	0.01223590	0.00000000
C9	c	0.33615628	0.48587493	0.14112677	0.80000000	8.80000000	0.01706352	0.00000000
C10	c	0.30993956	0.51935735	0.28995321	0.90000000	8.90000000	0.02566008	0.00000000
C11	c	0.31913686	0.54813693	0.04722468	1.00000000	9.00000000	0.02586101	0.00000000
C12	c	0.01537325	0.37236821	0.14996398	1.10000000	9.10000000	0.01297356	0.00000000
C13	c	0.04267538	0.37882807	0.27354367	1.20000000	9.20000000	0.02145351	0.00000000
C14	c	0.12924445	0.38323382	0.11392111	1.30000000	9.30000000	0.01669447	0.00000000
C15	c	0.01858722	0.35317288	0.17267926	1.40000000	9.40000000	0.02987702	0.00000000
C16	c	0.05058851	0.71530157	0.17940864	1.50000000	9.50000000	0.01757090	0.00000000
C17	c	0.74312532	0.76753868	0.15144087	1.60000000	9.60000000	0.02203250	0.00000000
C18	c	0.69932439	0.60398480	0.20808684	1.70000000	9.70000000	0.02845376	0.00000000
C19	c	0.19083089	0.29595997	0.03331784	1.80000000	9.80000000	0.01877205	0.00000000
C20	c	0.87651673	0.69687080	0.21482357	1.90000000	9.90000000	0.01220474	0.00000000
C21	c	0.39981646	0.50558724	0.22242109	2.00000000	10.00000000	0.02217451	0.00000000
C22	c	0.40755403	0.68069849	0.22908737	2.00000000	10.00000000	0.01735132	0.00000000
C23	c	0.60775839	0.57294655	0.21046086	2.00000000	10.00000000	0.01392746	0.00000000
C24	c	0.29178230	0.11179498	0.18442755	2.00000000	10.00000000	0.02837115	0.00000000
C25	c	0.35317603	0.78300399	0.07161225	2.00000000	10.00000000	0.01738040	0.00000000
C26	c	0.79305051	0.14867785	0.10031867	2.00000000	10.00000000	0.01101269	0.00000000
C27	c	0.57267567	0.33472345	0.25884479	2.00000000	10.00000000	0.01377460	0.00000000
C28	c	0.99385108	0.37854507	0.20979089	2.00000000	10.00000000	0.02778110	0.00000000
C29	c	0.60162477	0.92268821	0.12867759	2.00000000	10.00000000	0.01021683	0.00000000
C30	c	0.43860266	0.11023700	0.15755924	2.00000000	10.00000000	0.02704282	0.00000000

Q Vehicle fuel tank capacity /0.40000000/
C Vehicle load capacity /1.50000000/
r fuel consumption rate /0.25000000/
g inverse refueling rate /1.00000000/
v average Velocity /1.00000000/
