StringID	Type	x	y	demand	ReadyTime	DueDate	ServiceTime	altitude
D0	d	0.50000000	0.50000000	0.00000000	0.00000000	10.00000000	0.00000000	0.00000000
S0	f	0.89380848	0.31581473	0.00000000	0.00000000	10.00000000	0.00000000	0.00000000
S1	f	0.29935437	0.45248422	0.00000000	0.00000000	10.00000000	0.00000000	0.00000000
S2	f	0.87076868	0.67847092	0.00000000	0.00000000	10.00000000	0.00000000	0.00000000
S3	f	0.38456323	0.38777724	0.00000000	0.00000000	10.00000000	0.00000000	0.00000000
S4	f	0.98447030	0.12902218	0.00000000	0.00000000	10.00000000	0.00000000	0.00000000
S5	f	0.23933065	0.50928387	0.00000000	0.00000000	10.00000000	0.00000000	0.00000000
S6	f	0.10547619	0.90744529	0.00000000	0.00000000	10.00000000	0.00000000	0.00000000
S7	f	0.72757785	0.80382843	0.00000000	0.00000000	10.00000000	0.00000000	0.00000000
S8	f	0.69240666	0.43506733	0.00000000	0.00000000	10.00000000	0.00000000	0.00000000
S9	f	0.25488895	0.98583724	0.00000000	0.00000000	10.00000000	0.00000000	0.00000000
C1	c	0.15640219	0.69301627	0.11809001	0.00000000	8.00000000	0.02477256	0.00000000
C2	c	0.14461574	0.71744838	0.04244814	0.06000000	8.06000000	0.01354466	0.00000000
C3	c	0.10907087	0.76567997	0.09235223	0.12000000	8.12000000	0.01531544	0.00000000
C4	c	0.19038891	0.72374749	0.01688624	0.18000000	8.18000000	0.01250130	0.00000000
C5	c	0.95818936	0.32020811	0.04835412	0.24000000	8.24000000	0.02624390	0.00000000
C6	c	0.78455303	0.29858798	0.14556826	0.30000000	8.30000000	0.02647977	0.00000000
C7	c	0.94321682	0.28128305	0.14783586	0.36000000	8.36000000	0.01038039	0.00000000
C8	c	0.86273406	0.27857549	0.02337785	0.42000000	8.42000000	0.02285092	0.00000000
C9	c	0.93894245	0.28983886	0.01375487	0.48000000	8.48000000	0.02179731	0.00000000
C10	c	0.80808135	0.49093732	0.09864126	0.54000000	8.54000000	0.02747568	0.00000000
C11	c	0.71570829	0.60749944	0.11674395	0.60000000	8.60000000	0.01748948	0.00000000
C12	c	0.78652271	0.51128998	0.05330394	0.66000000	8.66000000	0.01937078	0.00000000
C13	c	0.81721202	0.56282076	0.05637951	0.72000000	8.72000000	0.01315416	0.00000000
C14	c	0.78492421	0.61195277	0.14054047	0.78000000	8.78000000	0.02586559	0.00000000
C15	c	0.82054381	0.48973452	0.14695010	0.84000000	8.84000000	0.02631063	0.00000000
C16	c	0.87179419	0.57599875	0.04362004	0.90000000	8.90000000	0.02981748	0.00000000
C17	c	0.58715897	0.30838048	0.10065428	0.96000000	8.96000000	0.01823111	0.00000000
C18	c	0.60566727	0.26252395	0.14996160	1.02000000	9.02000000	0.01187226	0.00000000
C19	c	0.66079224	0.25902503	0.03885789	1.08000000	9.08000000	0.01394090	0.00000000
C20	c	0.63038140	0.32915674	0.12953376	1.14000000	9.14000000	0.01486635	0.00000000
C21	c	0.64798328	0.31625797	0.11612317	1.20000000	9.20000000	0.02747857	0.00000000
C22	c	0.48563843	0.59197344	0.04946721	1.26000000	9.26000000	0.01055841	0.00000000
C23	c	0.48178826	0.54796132	0.03122709	1.32000000	9.32000000	0.01650218	0.00000000
C24	c	0.41156198	0.51847239	0.14391710	1.38000000	9.38000000	0.01778360	0.00000000
C25	c	0.42764008	0.62517876	0.02879825	1.44000000	9.44000000	0.02768166	0.00000000
C26	c	0.05707075	0.72363141	0.10143063	1.50000000	9.50000000	0.02517388	0.00000000
C27	c	0.52270501	0.78588436	0.13692760	1.56000000	9.56000000	0.01690272	0.00000000
C28	c	0.59640026	0.90183986	0.12740602	1.62000000	9.62000000	0.02908249	0.00000000
C29	c	0.03332093	0.80595994	0.09720817	1.68000000	9.68000000	0.02530412	0.00000000
C30	c	0.54358340	0.86349742	0.09944174	1.74000000	9.74000000	0.02421661	0.00000000
C31	c	0.38762628	0.48501780	0.07632027	1.80000000	9.80000000	0.02888292	0.00000000
C32	c	0.65997807	0.50993315	0.12788305	1.86000000	9.86000000	0.01970930	0.00000000
C33	c	0.73862824	0.17723276	0.14899971	1.92000000	9.92000000	0.02213833	0.00000000
C34	c	0.26577180	0.12506492	0.05977522	1.98000000	9.98000000	0.01664657	0.00000000
C35	c	0.81219480	0.82398846	0.01854517	2.00000000	10.00000000	0.02455997	0.00000000
C36	c	0.01901951	0.64254617	0.11474396	2.00000000	10.00000000	0.01626393	0.00000000
C37	c	0.15770818	0.79327962	0.08574603	2.00000000	10.00000000	0.02495725	0.00000000
C38	c	0.81553156	0.99087384	0.12372838	2.00000000	10.00000000	0.02127389	0.00000000
C39	c	0.41155550	0.09361302	0.09638182	2.00000000	10.00000000	0.02275924	0.00000000
C40	c	0.19704476	0.24331756	0.14046320	2.00000000	10.00000000	0.02710222	0.00000000
C41	c	0.87392854	0.02792064	0.01511757	2.00000000	10.00000000	0.01776540	0.00000000
C42	c	0.32510903	0.38917994	0.12662571	2.00000000	10.00000000	0.02863512	0.00000000
C43	c	0.88408322	0.75869420	0.06476897	2.00000000	10.00000000	0.01402822	0.00000000
C44	c	0.34513581	0.95412454	0.08539229	2.00000000	10.00000000	0.01318929	0.00000000
C45	c	0.76520597	0.71083037	0.08875923	2.00000000	10.00000000	0.01565435	0.00000000
C46	c	0.94414595	0.48546512	0.13492958	2.00000000	10.00000000	0.02479545	0.00000000
C47	c	0.72799849	0.31319640	0.06625132	2.00000000	10.00000000	0.02774141	0.00000000
C48	c	0.74786244	0.56369444	0.08030697	2.00000000	10.00000000	0.02405011	0.00000000
C49	c	0.63796196	0.85511092	0.10555744	2.00000000	10.00000000	0.02999506	0.00000000
C50	c	0.38827002	0.93175588	0.08390278	2.00000000	10.00000000	0.01108796	0.00000000

Q Vehicle fuel tank capacity /0.40000000/
C Vehicle load capacity /1.50000000/
r fuel consumption rate /0.25000000/
g inverse refueling rate /1.00000000/
v average Velocity /1.00000000/
