StringID	Type	x	y	demand	ReadyTime	DueDate	ServiceTime	altitude
D0	d	0.50000000	0.50000000	0.00000000	0.00000000	10.00000000	0.00000000	0.00000000
S0	f	0.56370060	0.99988184	0.00000000	0.00000000	10.00000000	0.00000000	0.00000000
S1	f	0.84816076	0.10421619	0.00000000	0.00000000	10.00000000	0.00000000	0.00000000
S2	f	0.33943078	0.79578264	0.00000000	0.00000000	10.00000000	0.00000000	0.00000000
S3	f	0.70706499	0.88790510	0.00000000	0.00000000	10.00000000	0.00000000	0.00000000
S4	f	0.49571351	0.45818801	0.00000000	0.00000000	10.00000000	0.00000000	0.00000000
S5	f	0.25771661	0.83354455	0.00000000	0.00000000	10.00000000	0.00000000	0.00000000
C1	c	0.17428682	0.32741386	0.17186740	0.00000000	8.00000000	0.02248317	0.00000000
C2	c	0.25804196	0.27160656	0.08327233	0.10000000	8.10000000	0.01589183	0.00000000
C3	c	0.19538381	0.26825840	0.09951388	0.20000000	8.20000000	0.02227836	0.00000000
C4	c	0.27573656	0.24999105	0.10941387	0.30000000	8.30000000	0.02033214	0.00000000
C5	c	0.27966968	0.17210270	0.25197561	0.40000000	8.40000000	0.01315491	0.00000000
C6	c	0.29223291	0.42071007	0.16712820	0.50000000	8.50000000	0.01894285	0.00000000
C7	c	0.29435071	0.33721577	0.02096766	0.60000000	8.60000000	0.02907892	0.00000000
C8	c	0.23691107	0.34614665	0.19220413	0.70000000	8.70000000	0.01290456	0.00000000
C9	c	0.36896064	0.44571406	0.20331363	0.80000000	8.80000000	0.02754973	0.00000000
C10	c	0.27876089	0.28887240	0.21970098	0.90000000	8.90000000	0.01843360	0.00000000
C11	c	0.29496297	0.38035282	0.05871194	1.00000000	9.00000000	0.02221395	0.00000000
C12	c	0.30621074	0.28975863	0.24809983	1.10000000	9.10000000	0.01242060	0.00000000
C13	c	0.27225254	0.28734003	0.08264605	1.20000000	9.20000000	0.01349400	0.00000000
C14	c	0.31421896	0.25553492	0.21640806	1.30000000	9.30000000	0.02136914	0.00000000
C15	c	0.25808804	0.39388695	0.23309796	1.40000000	9.40000000	0.02895104	0.00000000
C16	c	0.22471609	0.06141104	0.10068660	1.50000000	9.50000000	0.01417359	0.00000000
C17	c	0.83282905	0.43470519	0.17993190	1.60000000	9.60000000	0.02602044	0.00000000
C18	c	0.53041536	0.59572850	0.12572663	1.70000000	9.70000000	0.02893283	0.00000000
C19	c	0.87308423	0.56407148	0.07154932	1.80000000	9.80000000	0.02691232	0.00000000
C20	c	0.93024769	0.03474667	0.03209440	1.90000000	9.90000000	0.01658489	0.00000000
C21	c	0.62415845	0.29459172	0.21847100	2.00000000	10.00000000	0.01398592	0.00000000
C22	c	0.61391813	0.51660703	0.12228324	2.00000000	10.00000000	0.01688647	0.00000000
C23	c	0.15774533	0.44714257	0.14540707	2.00000000	10.00000000	0.02787224	0.00000000
C24	c	0.95394605	0.14522821	0.16118689	2.00000000	10.00000000	0.02302128	0.00000000
C25	c	0.87748638	0.42168020	0.22819676	2.00000000	10.00000000	0.02813418	0.00000000
C26	c	0.61069744	0.12102989	0.15353847	2.00000000	10.00000000	0.01104695	0.00000000
C27	c	0.17470010	0.56845694	0.22025276	2.00000000	10.00000000	0.02560345	0.00000000
C28	c	0.94755225	0.20867973	0.11469362	2.00000000	10.00000000	0.01286494	0.00000000
C29	c	0.80102182	0.94664158	0.24200760	2.00000000	10.00000000	0.02005710	0.00000000
C30	c	0.84561589	0.32924458	0.02565222	2.00000000	10.00000000	0.01494448	0.00000000

Q Vehicle fuel tank capacity /0.40000000/
C Vehicle load capacity /1.50000000/
r fuel consumption rate /0.25000000/
g inverse refueling rate /1.00000000/
v average Velocity /1.00000000/
