StringID	Type	x	y	demand	ReadyTime	DueDate	ServiceTime	altitude
D0	d	0.50000000	0.50000000	0.00000000	0.00000000	10.00000000	0.00000000	0.00000000
S0	f	0.90825426	0.13878926	0.00000000	0.00000000	10.00000000	0.00000000	0.00000000
S1	f	0.11895018	0.04462879	0.00000000	0.00000000	10.00000000	0.00000000	0.00000000
S2	f	0.13304600	0.79145120	0.00000000	0.00000000	10.00000000	0.00000000	0.00000000
S3	f	0.52326300	0.28244809	0.00000000	0.00000000	10.00000000	0.00000000	0.00000000
S4	f	0.89573793	0.56703423	0.00000000	0.00000000	10.00000000	0.00000000	0.00000000
S5	f	0.07181622	0.01300153	0.00000000	0.00000000	10.00000000	0.00000000	0.00000000
C1	c	0.75165377	0.15790146	0.27057029	0.00000000	8.00000000	0.01801730	0.00000000
C2	c	0.82576610	0.22312221	0.23589595	0.10000000	8.10000000	0.01806243	0.00000000
C3	c	0.34139447	0.49430327	0.09409219	0.20000000	8.20000000	0.01586499	0.00000000
C4	c	0.08558042	0.39599645	0.02082453	0.30000000	8.30000000	0.01478109	0.00000000
C5	c	0.76682925	0.95358153	0.11426991	0.40000000	8.40000000	0.01752967	0.00000000
C6	c	0.05295142	0.46905733	0.04927052	0.50000000	8.50000000	0.01765482	0.00000000
C7	c	0.43352527	0.25838458	0.26477861	0.60000000	8.60000000	0.02004063	0.00000000
C8	c	0.11365579	0.15300430	0.03443118	0.70000000	8.70000000	0.01242457	0.00000000
C9	c	0.53062216	0.13968807	0.05429888	0.80000000	8.80000000	0.01988454	0.00000000
C10	c	0.75932750	0.28179882	0.14745597	0.90000000	8.90000000	0.02482413	0.00000000
C11	c	0.82918542	0.38976259	0.22973570	1.00000000	9.00000000	0.02312012	0.00000000
C12	c	0.51494767	0.01487946	0.05220836	1.10000000	9.10000000	0.01128956	0.00000000
C13	c	0.90565524	0.75168454	0.07545739	1.20000000	9.20000000	0.01228079	0.00000000
C14	c	0.84257490	0.48751727	0.25963800	1.30000000	9.30000000	0.01027470	0.00000000
C15	c	0.98499825	0.07696418	0.16228252	1.40000000	9.40000000	0.02857053	0.00000000
C16	c	0.37447953	0.78129315	0.04031417	1.50000000	9.50000000	0.02434649	0.00000000
C17	c	0.91200891	0.37103651	0.06910042	1.60000000	9.60000000	0.01587027	0.00000000
C18	c	0.24788264	0.11492829	0.15773067	1.70000000	9.70000000	0.02080877	0.00000000
C19	c	0.19277683	0.98409480	0.17635831	1.80000000	9.80000000	0.02077533	0.00000000
C20	c	0.90825426	0.13878926	0.25745791	1.90000000	9.90000000	0.01532516	0.00000000
C21	c	0.38031823	0.68221240	0.26891399	2.00000000	10.00000000	0.02430613	0.00000000
C22	c	0.51373046	0.75333339	0.18145939	2.00000000	10.00000000	0.02122069	0.00000000
C23	c	0.80328826	0.56324093	0.11046068	2.00000000	10.00000000	0.02281814	0.00000000
C24	c	0.29386271	0.28644834	0.24062585	2.00000000	10.00000000	0.02021992	0.00000000
C25	c	0.41050378	0.74861374	0.06238969	2.00000000	10.00000000	0.02313961	0.00000000
C26	c	0.78438735	0.32086730	0.03179602	2.00000000	10.00000000	0.01571513	0.00000000
C27	c	0.70960495	0.36895651	0.18372166	2.00000000	10.00000000	0.01928606	0.00000000
C28	c	0.47506311	0.14921293	0.23582611	2.00000000	10.00000000	0.01144089	0.00000000
C29	c	0.11069843	0.26277056	0.21616350	2.00000000	10.00000000	0.01319345	0.00000000
C30	c	0.78416417	0.05103292	0.20247165	2.00000000	10.00000000	0.01969216	0.00000000

Q Vehicle fuel tank capacity /0.40000000/
C Vehicle load capacity /1.50000000/
r fuel consumption rate /0.25000000/
g inverse refueling rate /1.00000000/
v average Velocity /1.00000000/
