StringID	Type	x	y	demand	ReadyTime	DueDate	ServiceTime	altitude
D0	d	0.50000000	0.50000000	0.00000000	0.00000000	10.00000000	0.00000000	0.00000000
S0	f	0.51453787	0.21486899	0.00000000	0.00000000	10.00000000	0.00000000	0.00000000
S1	f	0.26494652	0.40850094	0.00000000	0.00000000	10.00000000	0.00000000	0.00000000
S2	f	0.10121061	0.91435041	0.00000000	0.00000000	10.00000000	0.00000000	0.00000000
S3	f	0.80695611	0.71787980	0.00000000	0.00000000	10.00000000	0.00000000	0.00000000
S4	f	0.41049571	0.38987148	0.00000000	0.00000000	10.00000000	0.00000000	0.00000000
S5	f	0.44296573	0.21651535	0.00000000	0.00000000	10.00000000	0.00000000	0.00000000
S6	f	0.78614779	0.98683237	0.00000000	0.00000000	10.00000000	0.00000000	0.00000000
S7	f	0.58102785	0.47199267	0.00000000	0.00000000	10.00000000	0.00000000	0.00000000
S8	f	0.88551436	0.88624280	0.00000000	0.00000000	10.00000000	0.00000000	0.00000000
S9	f	0.40876755	0.68310787	0.00000000	0.00000000	10.00000000	0.00000000	0.00000000
C1	c	0.76200622	0.12217552	0.16828123	0.00000000	8.00000000	0.01219332	0.00000000
C2	c	0.75237043	0.02544917	0.10083723	0.06000000	8.06000000	0.01748512	0.00000000
C3	c	0.76138332	0.05409247	0.05413018	0.12000000	8.12000000	0.01552533	0.00000000
C4	c	0.71304950	0.14289483	0.05166751	0.18000000	8.18000000	0.01966885	0.00000000
C5	c	0.52115140	0.14610395	0.03487140	0.24000000	8.24000000	0.01495790	0.00000000
C6	c	0.52386211	0.17493887	0.05017779	0.30000000	8.30000000	0.01323490	0.00000000
C7	c	0.48073251	0.13228938	0.04932818	0.36000000	8.36000000	0.02627313	0.00000000
C8	c	0.52156538	0.09945886	0.16024865	0.42000000	8.42000000	0.02713150	0.00000000
C9	c	0.44668905	0.28649062	0.10984125	0.48000000	8.48000000	0.01057869	0.00000000
C10	c	0.82259272	0.59625723	0.05632183	0.54000000	8.54000000	0.01631107	0.00000000
C11	c	0.73554277	0.64453031	0.14058502	0.60000000	8.60000000	0.01597367	0.00000000
C12	c	0.72974502	0.70347848	0.16555333	0.66000000	8.66000000	0.02904022	0.00000000
C13	c	0.63269140	0.59343890	0.04345026	0.72000000	8.72000000	0.02655568	0.00000000
C14	c	0.65050800	0.52034116	0.08667753	0.78000000	8.78000000	0.01244493	0.00000000
C15	c	0.60551779	0.56152289	0.01964343	0.84000000	8.84000000	0.01717928	0.00000000
C16	c	0.62542268	0.47070692	0.05065001	0.90000000	8.90000000	0.01570825	0.00000000
C17	c	0.64719458	0.57716084	0.01269673	0.96000000	8.96000000	0.01182583	0.00000000
C18	c	0.72779343	0.53992851	0.14743562	1.02000000	9.02000000	0.01471234	0.00000000
C19	c	0.56125932	0.59489625	0.05762909	1.08000000	9.08000000	0.01569773	0.00000000
C20	c	0.66931881	0.62441736	0.12888730	1.14000000	9.14000000	0.01980643	0.00000000
C21	c	0.57088088	0.64994288	0.09214243	1.20000000	9.20000000	0.01631178	0.00000000
C22	c	0.11738501	0.39962839	0.01800553	1.26000000	9.26000000	0.02400935	0.00000000
C23	c	0.13503237	0.54759729	0.08743319	1.32000000	9.32000000	0.02139590	0.00000000
C24	c	0.10920598	0.50888261	0.16073341	1.38000000	9.38000000	0.01364062	0.00000000
C25	c	0.07638429	0.52790913	0.02093322	1.44000000	9.44000000	0.01578214	0.00000000
C26	c	0.05995078	0.59680980	0.10647322	1.50000000	9.50000000	0.02104347	0.00000000
C27	c	0.52389399	0.97747830	0.09485524	1.56000000	9.56000000	0.02627604	0.00000000
C28	c	0.31319131	0.62885646	0.16712673	1.62000000	9.62000000	0.02640276	0.00000000
C29	c	0.54646671	0.91937354	0.06128310	1.68000000	9.68000000	0.02618320	0.00000000
C30	c	0.64767164	0.06283884	0.11157935	1.74000000	9.74000000	0.02165198	0.00000000
C31	c	0.34068307	0.53282231	0.09845185	1.80000000	9.80000000	0.02295411	0.00000000
C32	c	0.75483906	0.28105223	0.15786866	1.86000000	9.86000000	0.01623732	0.00000000
C33	c	0.10152400	0.72916459	0.11457725	1.92000000	9.92000000	0.02569131	0.00000000
C34	c	0.97706965	0.43140615	0.02139339	1.98000000	9.98000000	0.02163512	0.00000000
C35	c	0.73194217	0.08839359	0.10511682	2.00000000	10.00000000	0.01869130	0.00000000
C36	c	0.27626644	0.48344233	0.10911038	2.00000000	10.00000000	0.01891096	0.00000000
C37	c	0.24789494	0.16174497	0.06566348	2.00000000	10.00000000	0.02849837	0.00000000
C38	c	0.81365665	0.85657496	0.09627783	2.00000000	10.00000000	0.02602384	0.00000000
C39	c	0.02893455	0.31555373	0.13165269	2.00000000	10.00000000	0.02888579	0.00000000
C40	c	0.29868344	0.95201107	0.05616225	2.00000000	10.00000000	0.02096558	0.00000000
C41	c	0.82778401	0.12224628	0.02755726	2.00000000	10.00000000	0.02432159	0.00000000
C42	c	0.35896386	0.28541269	0.12756187	2.00000000	10.00000000	0.02350831	0.00000000
C43	c	0.09129160	0.23561683	0.16706162	2.00000000	10.00000000	0.01343270	0.00000000
C44	c	0.31558924	0.70046746	0.08011877	2.00000000	10.00000000	0.01515031	0.00000000
C45	c	0.56979491	0.18203097	0.09197740	2.00000000	10.00000000	0.02573384	0.00000000
C46	c	0.28910699	0.55217369	0.03024246	2.00000000	10.00000000	0.02207813	0.00000000
C47	c	0.64770547	0.31186593	0.09949349	2.00000000	10.00000000	0.02808190	0.00000000
C48	c	0.78456570	0.58175579	0.15676398	2.00000000	10.00000000	0.02737338	0.00000000
C49	c	0.43456476	0.44554785	0.12800443	2.00000000	10.00000000	0.02520388	0.00000000
C50	c	0.92491871	0.80119209	0.02546514	2.00000000	10.00000000	0.01652157	0.00000000

Q Vehicle fuel tank capacity /0.40000000/
C Vehicle load capacity /1.50000000/
r fuel consumption rate /0.25000000/
g inverse refueling rate /1.00000000/
v average Velocity /1.00000000/
