StringID	Type	x	y	demand	ReadyTime	DueDate	ServiceTime	altitude
D0	d	0.50000000	0.50000000	0.00000000	0.00000000	10.00000000	0.00000000	0.00000000
S0	f	0.47156113	0.17851409	0.00000000	0.00000000	10.00000000	0.00000000	0.00000000
S1	f	0.25076010	0.88699064	0.00000000	0.00000000	10.00000000	0.00000000	0.00000000
S2	f	0.39862880	0.49854122	0.00000000	0.00000000	10.00000000	0.00000000	0.00000000
S3	f	0.04600404	0.37785245	0.00000000	0.00000000	10.00000000	0.00000000	0.00000000
S4	f	0.13485445	0.99403665	0.00000000	0.00000000	10.00000000	0.00000000	0.00000000
S5	f	0.98123719	0.02460669	0.00000000	0.00000000	10.00000000	0.00000000	0.00000000
S6	f	0.42347415	0.16809902	0.00000000	0.00000000	10.00000000	0.00000000	0.00000000
S7	f	0.45807136	0.63282814	0.00000000	0.00000000	10.00000000	0.00000000	0.00000000
S8	f	0.97360557	0.82553653	0.00000000	0.00000000	10.00000000	0.00000000	0.00000000
S9	f	0.64562869	0.19199834	0.00000000	0.00000000	10.00000000	0.00000000	0.00000000
C1	c	0.39305853	0.13980585	0.11163951	0.00000000	8.00000000	0.01636125	0.00000000
C2	c	0.44729415	0.21622767	0.04506499	0.06000000	8.06000000	0.01561546	0.00000000
C3	c	0.09383652	0.40951677	0.15546492	0.12000000	8.12000000	0.01456455	0.00000000
C4	c	0.20806706	0.42444409	0.13039209	0.18000000	8.18000000	0.02896677	0.00000000
C5	c	0.13494179	0.39506078	0.11185012	0.24000000	8.24000000	0.02076196	0.00000000
C6	c	0.13130017	0.44466393	0.13540741	0.30000000	8.30000000	0.02540745	0.00000000
C7	c	0.10939988	0.38531782	0.01297524	0.36000000	8.36000000	0.02803080	0.00000000
C8	c	0.34456021	0.89039942	0.07744775	0.42000000	8.42000000	0.02140401	0.00000000
C9	c	0.16615322	0.96724919	0.17043242	0.48000000	8.48000000	0.02586123	0.00000000
C10	c	0.26399369	0.96356006	0.16817567	0.54000000	8.54000000	0.02303757	0.00000000
C11	c	0.34636703	0.81679993	0.02911244	0.60000000	8.60000000	0.02909982	0.00000000
C12	c	0.64396866	0.84768105	0.11986765	0.66000000	8.66000000	0.01687694	0.00000000
C13	c	0.73014731	0.90109594	0.16719303	0.72000000	8.72000000	0.02030060	0.00000000
C14	c	0.64877328	0.92967082	0.03296650	0.78000000	8.78000000	0.01657680	0.00000000
C15	c	0.67762279	0.88084864	0.06039463	0.84000000	8.84000000	0.01360304	0.00000000
C16	c	0.53882248	0.89004782	0.06235963	0.90000000	8.90000000	0.02104582	0.00000000
C17	c	0.56185643	0.90280771	0.12013418	0.96000000	8.96000000	0.01182380	0.00000000
C18	c	0.61682516	0.86797168	0.10312071	1.02000000	9.02000000	0.02906455	0.00000000
C19	c	0.67332536	0.88257404	0.10126222	1.08000000	9.08000000	0.02632926	0.00000000
C20	c	0.69820334	1.00000000	0.14792437	1.14000000	9.14000000	0.01036537	0.00000000
C21	c	0.56762804	0.95764848	0.04653012	1.20000000	9.20000000	0.02378617	0.00000000
C22	c	0.73152340	0.99109516	0.02448958	1.26000000	9.26000000	0.02423031	0.00000000
C23	c	0.66503311	1.00000000	0.07161480	1.32000000	9.32000000	0.02180809	0.00000000
C24	c	0.44987950	0.45218521	0.06441717	1.38000000	9.38000000	0.01193285	0.00000000
C25	c	0.44958705	0.52468084	0.01828268	1.44000000	9.44000000	0.01179046	0.00000000
C26	c	0.51798900	0.11057960	0.09233079	1.50000000	9.50000000	0.02126258	0.00000000
C27	c	0.55685993	0.21416581	0.04540551	1.56000000	9.56000000	0.01674537	0.00000000
C28	c	0.76280611	0.07794375	0.16584357	1.62000000	9.62000000	0.02038459	0.00000000
C29	c	0.69790766	0.21201589	0.12818935	1.68000000	9.68000000	0.02102582	0.00000000
C30	c	0.13797742	0.76368625	0.07829530	1.74000000	9.74000000	0.02881871	0.00000000
C31	c	0.72453779	0.12532979	0.03281273	1.80000000	9.80000000	0.02735014	0.00000000
C32	c	0.28037624	0.70126842	0.07549474	1.86000000	9.86000000	0.02083431	0.00000000
C33	c	0.50368677	0.79458179	0.09574799	1.92000000	9.92000000	0.02862281	0.00000000
C34	c	0.31806267	0.28077308	0.02956633	1.98000000	9.98000000	0.02363452	0.00000000
C35	c	0.53809780	0.77037272	0.10206239	2.00000000	10.00000000	0.01607896	0.00000000
C36	c	0.90153985	0.57020064	0.04639341	2.00000000	10.00000000	0.02611751	0.00000000
C37	c	0.79306136	0.65187867	0.13551733	2.00000000	10.00000000	0.01546151	0.00000000
C38	c	0.95499085	0.34384698	0.02426480	2.00000000	10.00000000	0.02656662	0.00000000
C39	c	0.51503007	0.32884010	0.12497490	2.00000000	10.00000000	0.01265658	0.00000000
C40	c	0.18015221	0.55229115	0.04604416	2.00000000	10.00000000	0.01979994	0.00000000
C41	c	0.09118993	0.95322759	0.03401698	2.00000000	10.00000000	0.01854391	0.00000000
C42	c	0.81646275	0.01826874	0.13566031	2.00000000	10.00000000	0.01530820	0.00000000
C43	c	0.68930845	0.71151534	0.12930083	2.00000000	10.00000000	0.02687875	0.00000000
C44	c	0.59040457	0.09664253	0.03196243	2.00000000	10.00000000	0.02021987	0.00000000
C45	c	0.08952290	0.56312881	0.05714897	2.00000000	10.00000000	0.02463049	0.00000000
C46	c	0.33726870	0.51922962	0.12552083	2.00000000	10.00000000	0.02654346	0.00000000
C47	c	0.86750699	0.54171557	0.09342466	2.00000000	10.00000000	0.02784480	0.00000000
C48	c	0.93114059	0.68172580	0.14067913	2.00000000	10.00000000	0.01918150	0.00000000
C49	c	0.30394791	0.80587534	0.09786026	2.00000000	10.00000000	0.01071711	0.00000000
C50	c	0.13282882	0.48999717	0.14296247	2.00000000	10.00000000	0.01055746	0.00000000

Q Vehicle fuel tank capacity /0.40000000/
C Vehicle load capacity /1.50000000/
r fuel consumption rate /0.25000000/
g inverse refueling rate /1.00000000/
v average Velocity /1.00000000/
