StringID	Type	x	y	demand	ReadyTime	DueDate	ServiceTime	altitude
D0	d	0.50000000	0.50000000	0.00000000	0.00000000	10.00000000	0.00000000	0.00000000
S0	f	0.86214017	0.89089731	0.00000000	0.00000000	10.00000000	0.00000000	0.00000000
S1	f	0.42911289	0.99661566	0.00000000	0.00000000	10.00000000	0.00000000	0.00000000
S2	f	0.15123903	0.04787826	0.00000000	0.00000000	10.00000000	0.00000000	0.00000000
S3	f	0.44671488	0.71304146	0.00000000	0.00000000	10.00000000	0.00000000	0.00000000
S4	f	0.73680271	0.21218228	0.00000000	0.00000000	10.00000000	0.00000000	0.00000000
S5	f	0.41540882	0.82859520	0.00000000	0.00000000	10.00000000	0.00000000	0.00000000
S6	f	0.28627571	0.06013843	0.00000000	0.00000000	10.00000000	0.00000000	0.00000000
S7	f	0.36684366	0.29015455	0.00000000	0.00000000	10.00000000	0.00000000	0.00000000
S8	f	0.59913987	0.91902608	0.00000000	0.00000000	10.00000000	0.00000000	0.00000000
S9	f	0.74134290	0.89347668	0.00000000	0.00000000	10.00000000	0.00000000	0.00000000
C1	c	0.63928482	0.44021293	0.09281227	0.00000000	8.00000000	0.01648813	0.00000000
C2	c	0.52149925	0.49787938	0.09641035	0.06000000	8.06000000	0.02436163	0.00000000
C3	c	0.69229629	0.55761882	0.08765463	0.12000000	8.12000000	0.01456119	0.00000000
C4	c	0.73356241	0.43336995	0.02626885	0.18000000	8.18000000	0.02323278	0.00000000
C5	c	0.56909412	0.31664350	0.08045664	0.24000000	8.24000000	0.02924372	0.00000000
C6	c	0.64833297	0.43051950	0.09630422	0.30000000	8.30000000	0.02699642	0.00000000
C7	c	0.60677532	0.42827771	0.02844040	0.36000000	8.36000000	0.01895151	0.00000000
C8	c	0.58145810	0.43842045	0.05012610	0.42000000	8.42000000	0.01817518	0.00000000
C9	c	0.67671249	0.35707196	0.04038720	0.48000000	8.48000000	0.02886684	0.00000000
C10	c	0.79030576	0.47147667	0.06317472	0.54000000	8.54000000	0.01382179	0.00000000
C11	c	0.64692974	0.46692239	0.17618731	0.60000000	8.60000000	0.02359236	0.00000000
C12	c	0.66594444	0.37725356	0.04428337	0.66000000	8.66000000	0.02109642	0.00000000
C13	c	0.70494003	0.46841796	0.15361909	0.72000000	8.72000000	0.02341794	0.00000000
C14	c	0.65394299	0.38931004	0.07607740	0.78000000	8.78000000	0.02841189	0.00000000
C15	c	0.88308082	0.00000000	0.14644971	0.84000000	8.84000000	0.01964110	0.00000000
C16	c	0.90097060	0.02995409	0.05612553	0.90000000	8.90000000	0.02244993	0.00000000
C17	c	0.93015178	0.00000000	0.13096005	0.96000000	8.96000000	0.02771774	0.00000000
C18	c	0.83482156	0.00000000	0.04685222	1.02000000	9.02000000	0.02157757	0.00000000
C19	c	0.82991361	0.13706358	0.10905458	1.08000000	9.08000000	0.02572023	0.00000000
C20	c	0.89809383	0.09568528	0.17504921	1.14000000	9.14000000	0.01818703	0.00000000
C21	c	0.91536402	0.00000000	0.04034422	1.20000000	9.20000000	0.01416642	0.00000000
C22	c	0.88527217	0.00000000	0.16346963	1.26000000	9.26000000	0.01542461	0.00000000
C23	c	0.82986566	0.02427291	0.01842417	1.32000000	9.32000000	0.01414012	0.00000000
C24	c	0.90946593	0.01113723	0.03541767	1.38000000	9.38000000	0.02134227	0.00000000
C25	c	0.91219592	0.91765448	0.14680789	1.44000000	9.44000000	0.02660764	0.00000000
C26	c	0.62457525	0.96857217	0.12444955	1.50000000	9.50000000	0.02833175	0.00000000
C27	c	0.58810669	0.05229500	0.08360906	1.56000000	9.56000000	0.02385643	0.00000000
C28	c	0.84821860	0.46284692	0.01444828	1.62000000	9.62000000	0.01968418	0.00000000
C29	c	0.43533457	0.87281537	0.17013855	1.68000000	9.68000000	0.02015951	0.00000000
C30	c	0.23138897	0.52278601	0.12978282	1.74000000	9.74000000	0.02577241	0.00000000
C31	c	0.41561406	0.38686565	0.11515860	1.80000000	9.80000000	0.02662129	0.00000000
C32	c	0.21793276	0.40598511	0.17207524	1.86000000	9.86000000	0.01809192	0.00000000
C33	c	0.15963587	0.55951719	0.10912462	1.92000000	9.92000000	0.02278889	0.00000000
C34	c	0.06001615	0.29880802	0.02047091	1.98000000	9.98000000	0.01530240	0.00000000
C35	c	0.32440656	0.71808127	0.15216192	2.00000000	10.00000000	0.02467371	0.00000000
C36	c	0.22805947	0.66163888	0.08839954	2.00000000	10.00000000	0.02925637	0.00000000
C37	c	0.96218623	0.84982109	0.08384743	2.00000000	10.00000000	0.02458095	0.00000000
C38	c	0.94334197	0.19108944	0.15623162	2.00000000	10.00000000	0.02049226	0.00000000
C39	c	0.67089707	0.92059451	0.05010323	2.00000000	10.00000000	0.01516224	0.00000000
C40	c	0.48205480	0.62249626	0.09831687	2.00000000	10.00000000	0.02515513	0.00000000
C41	c	0.88588725	0.57887862	0.08058454	2.00000000	10.00000000	0.01405908	0.00000000
C42	c	0.78601143	0.40935125	0.07582792	2.00000000	10.00000000	0.01186133	0.00000000
C43	c	0.20832077	0.27123067	0.04787681	2.00000000	10.00000000	0.02737988	0.00000000
C44	c	0.20700608	0.56711337	0.07899136	2.00000000	10.00000000	0.02430108	0.00000000
C45	c	0.83038194	0.91658738	0.14655469	2.00000000	10.00000000	0.02361069	0.00000000
C46	c	0.50797560	0.78862071	0.09505688	2.00000000	10.00000000	0.02981341	0.00000000
C47	c	0.83106434	0.40459602	0.03823119	2.00000000	10.00000000	0.02942463	0.00000000
C48	c	0.63944436	0.26511975	0.10439430	2.00000000	10.00000000	0.02267850	0.00000000
C49	c	0.73368530	0.96281826	0.02174843	2.00000000	10.00000000	0.02635882	0.00000000
C50	c	0.72904765	0.52461298	0.06125818	2.00000000	10.00000000	0.02642751	0.00000000

Q Vehicle fuel tank capacity /0.40000000/
C Vehicle load capacity /1.50000000/
r fuel consumption rate /0.25000000/
g inverse refueling rate /1.00000000/
v average Velocity /1.00000000/
