StringID	Type	x	y	demand	ReadyTime	DueDate	ServiceTime	altitude
D0	d	0.50000000	0.50000000	0.00000000	0.00000000	10.00000000	0.00000000	0.00000000
S0	f	0.78338746	0.64093399	0.00000000	0.00000000	10.00000000	0.00000000	0.00000000
S1	f	0.92082730	0.30487099	0.00000000	0.00000000	10.00000000	0.00000000	0.00000000
S2	f	0.32918116	0.04575305	0.00000000	0.00000000	10.00000000	0.00000000	0.00000000
S3	f	0.17027848	0.46412298	0.00000000	0.00000000	10.00000000	0.00000000	0.00000000
S4	f	0.58963065	0.76109090	0.00000000	0.00000000	10.00000000	0.00000000	0.00000000
S5	f	0.41906098	0.17027320	0.00000000	0.00000000	10.00000000	0.00000000	0.00000000
S6	f	0.87246414	0.23760263	0.00000000	0.00000000	10.00000000	0.00000000	0.00000000
S7	f	0.45580435	0.69854953	0.00000000	0.00000000	10.00000000	0.00000000	0.00000000
S8	f	0.51836576	0.16265303	0.00000000	0.00000000	10.00000000	0.00000000	0.00000000
S9	f	0.36175709	0.15976557	0.00000000	0.00000000	10.00000000	0.00000000	0.00000000
C1	c	0.02557680	0.91213912	0.04932239	0.00000000	8.00000000	0.02777924	0.00000000
C2	c	0.07849674	0.96964596	0.06390065	0.06000000	8.06000000	0.01882473	0.00000000
C3	c	0.06073756	0.92566518	0.05746872	0.12000000	8.12000000	0.02832990	0.00000000
C4	c	0.10791610	0.96575278	0.15240427	0.18000000	8.18000000	0.01182444	0.00000000
C5	c	0.00667965	0.88225455	0.15908249	0.24000000	8.24000000	0.01523238	0.00000000
C6	c	0.08251820	0.85546167	0.04251294	0.30000000	8.30000000	0.01657702	0.00000000
C7	c	0.10205808	0.88728722	0.13379728	0.36000000	8.36000000	0.01406221	0.00000000
C8	c	0.69729688	0.74402976	0.10669077	0.42000000	8.42000000	0.02551272	0.00000000
C9	c	0.65151723	0.69454449	0.05544842	0.48000000	8.48000000	0.01041012	0.00000000
C10	c	0.62316497	0.64241350	0.13520943	0.54000000	8.54000000	0.01906986	0.00000000
C11	c	0.56620490	0.69442229	0.12084884	0.60000000	8.60000000	0.01399146	0.00000000
C12	c	0.60384079	0.55299496	0.10509824	0.66000000	8.66000000	0.02559540	0.00000000
C13	c	0.59978508	0.65364155	0.14013989	0.72000000	8.72000000	0.01406430	0.00000000
C14	c	0.65390019	0.80462345	0.13767328	0.78000000	8.78000000	0.02753520	0.00000000
C15	c	0.54231761	0.72182809	0.10272431	0.84000000	8.84000000	0.01757269	0.00000000
C16	c	0.51339401	0.68294134	0.14451049	0.90000000	8.90000000	0.01766582	0.00000000
C17	c	0.51693909	0.71910409	0.07398232	0.96000000	8.96000000	0.02715554	0.00000000
C18	c	0.65845916	0.75423873	0.06024221	1.02000000	9.02000000	0.01294718	0.00000000
C19	c	0.72322330	0.68798390	0.08801519	1.08000000	9.08000000	0.01062125	0.00000000
C20	c	0.54992160	0.57155797	0.09053088	1.14000000	9.14000000	0.01195064	0.00000000
C21	c	0.61344913	0.57569501	0.15636838	1.20000000	9.20000000	0.02652748	0.00000000
C22	c	0.76462594	0.57338562	0.08781244	1.26000000	9.26000000	0.01263057	0.00000000
C23	c	0.71062792	0.60212331	0.01519248	1.32000000	9.32000000	0.01401908	0.00000000
C24	c	0.65839050	0.61077846	0.15698693	1.38000000	9.38000000	0.02373058	0.00000000
C25	c	0.74701046	0.56212483	0.07943392	1.44000000	9.44000000	0.01383714	0.00000000
C26	c	0.17441740	0.83152390	0.11331361	1.50000000	9.50000000	0.01637260	0.00000000
C27	c	0.11483960	0.81369029	0.11523452	1.56000000	9.56000000	0.01826653	0.00000000
C28	c	0.45920521	0.29762906	0.03047411	1.62000000	9.62000000	0.02659224	0.00000000
C29	c	0.09102186	0.06426931	0.03656934	1.68000000	9.68000000	0.02702981	0.00000000
C30	c	0.36301899	0.25811691	0.13431326	1.74000000	9.74000000	0.01959946	0.00000000
C31	c	0.08348482	0.47393805	0.02770720	1.80000000	9.80000000	0.02035476	0.00000000
C32	c	0.83811129	0.17417725	0.13166053	1.86000000	9.86000000	0.01072201	0.00000000
C33	c	0.72923234	0.98529071	0.07893124	1.92000000	9.92000000	0.02808121	0.00000000
C34	c	0.28523910	0.78137310	0.05489695	1.98000000	9.98000000	0.01079400	0.00000000
C35	c	0.99593676	0.48651376	0.02416434	2.00000000	10.00000000	0.01495578	0.00000000
C36	c	0.88896191	0.44123643	0.02018492	2.00000000	10.00000000	0.02359684	0.00000000
C37	c	0.91649507	0.09122212	0.06462363	2.00000000	10.00000000	0.02972688	0.00000000
C38	c	0.26161877	0.32885096	0.04901956	2.00000000	10.00000000	0.02940531	0.00000000
C39	c	0.20311041	0.77563622	0.02304321	2.00000000	10.00000000	0.01605935	0.00000000
C40	c	0.02050599	0.45349298	0.08112273	2.00000000	10.00000000	0.02672531	0.00000000
C41	c	0.20321514	0.87676023	0.13529313	2.00000000	10.00000000	0.01215800	0.00000000
C42	c	0.37863464	0.38329097	0.03653362	2.00000000	10.00000000	0.01838790	0.00000000
C43	c	0.03106257	0.09753190	0.11909750	2.00000000	10.00000000	0.01420272	0.00000000
C44	c	0.82637392	0.13152827	0.15718592	2.00000000	10.00000000	0.01295595	0.00000000
C45	c	0.20095392	0.68652923	0.07714015	2.00000000	10.00000000	0.01894423	0.00000000
C46	c	0.19185709	0.31863003	0.05242317	2.00000000	10.00000000	0.02219866	0.00000000
C47	c	0.41332657	0.82961187	0.05305395	2.00000000	10.00000000	0.01943976	0.00000000
C48	c	0.85149058	0.47997298	0.12685338	2.00000000	10.00000000	0.01982751	0.00000000
C49	c	0.51773811	0.03610057	0.15876951	2.00000000	10.00000000	0.02458535	0.00000000
C50	c	0.90406058	0.03969991	0.08299336	2.00000000	10.00000000	0.02949397	0.00000000

Q Vehicle fuel tank capacity /0.40000000/
C Vehicle load capacity /1.50000000/
r fuel consumption rate /0.25000000/
g inverse refueling rate /1.00000000/
v average Velocity /1.00000000/
