StringID	Type	x	y	demand	ReadyTime	DueDate	ServiceTime	altitude
D0	d	0.50000000	0.50000000	0.00000000	0.00000000	10.00000000	0.00000000	0.00000000
S0	f	0.79589237	0.46670335	0.00000000	0.00000000	10.00000000	0.00000000	0.00000000
S1	f	0.09344705	0.73866170	0.00000000	0.00000000	10.00000000	0.00000000	0.00000000
S2	f	0.82894190	0.21405435	0.00000000	0.00000000	10.00000000	0.00000000	0.00000000
S3	f	0.70740317	0.17336992	0.00000000	0.00000000	10.00000000	0.00000000	0.00000000
S4	f	0.38058335	0.90021548	0.00000000	0.00000000	10.00000000	0.00000000	0.00000000
S5	f	0.63798287	0.44460127	0.00000000	0.00000000	10.00000000	0.00000000	0.00000000
C1	c	0.76004805	0.03305711	0.24545241	0.00000000	8.00000000	0.01698232	0.00000000
C2	c	0.42612197	0.71101895	0.18710808	0.10000000	8.10000000	0.02769690	0.00000000
C3	c	0.84014115	0.59560900	0.03840038	0.20000000	8.20000000	0.01676294	0.00000000
C4	c	0.79033126	0.82189182	0.13679290	0.30000000	8.30000000	0.02098477	0.00000000
C5	c	0.69806696	0.50096898	0.07506945	0.40000000	8.40000000	0.02433101	0.00000000
C6	c	0.41542129	0.40986889	0.16676740	0.50000000	8.50000000	0.01154124	0.00000000
C7	c	0.73001173	0.69408788	0.19237663	0.60000000	8.60000000	0.02188994	0.00000000
C8	c	0.97572619	0.93926893	0.23744062	0.70000000	8.70000000	0.01653374	0.00000000
C9	c	0.53651924	0.44134318	0.23858149	0.80000000	8.80000000	0.02968866	0.00000000
C10	c	0.28635690	0.37326646	0.13935328	0.90000000	8.90000000	0.01878897	0.00000000
C11	c	0.06353452	0.78869998	0.09738196	1.00000000	9.00000000	0.02856674	0.00000000
C12	c	0.66241785	0.74344728	0.03752964	1.10000000	9.10000000	0.01023752	0.00000000
C13	c	0.35300106	0.06493791	0.02078612	1.20000000	9.20000000	0.01743745	0.00000000
C14	c	0.06008480	0.54956016	0.21116098	1.30000000	9.30000000	0.01615032	0.00000000
C15	c	0.25124555	0.07208157	0.13714859	1.40000000	9.40000000	0.01593841	0.00000000
C16	c	0.35725352	0.76745426	0.17482179	1.50000000	9.50000000	0.01788741	0.00000000
C17	c	0.64907925	0.64050454	0.04144687	1.60000000	9.60000000	0.01043363	0.00000000
C18	c	0.49006037	0.56112187	0.05641061	1.70000000	9.70000000	0.01601243	0.00000000
C19	c	0.37992042	0.31112992	0.25194747	1.80000000	9.80000000	0.02915847	0.00000000
C20	c	0.13981158	0.56646475	0.04954935	1.90000000	9.90000000	0.02659513	0.00000000
C21	c	0.79589237	0.46670335	0.23088013	2.00000000	10.00000000	0.01061492	0.00000000
C22	c	0.12807836	0.38160970	0.01967572	2.00000000	10.00000000	0.01793497	0.00000000
C23	c	0.82147703	0.43568485	0.22538938	2.00000000	10.00000000	0.02937837	0.00000000
C24	c	0.85019504	0.27344176	0.17787742	2.00000000	10.00000000	0.02946257	0.00000000
C25	c	0.73569246	0.74380692	0.17590014	2.00000000	10.00000000	0.02706827	0.00000000
C26	c	0.01161593	0.06108437	0.22649738	2.00000000	10.00000000	0.02851029	0.00000000
C27	c	0.93553959	0.13620022	0.22618453	2.00000000	10.00000000	0.01563128	0.00000000
C28	c	0.94357137	0.23121359	0.18376312	2.00000000	10.00000000	0.02998057	0.00000000
C29	c	0.74234003	0.83699058	0.14817170	2.00000000	10.00000000	0.01107279	0.00000000
C30	c	0.24266183	0.86004117	0.15013449	2.00000000	10.00000000	0.01190694	0.00000000

Q Vehicle fuel tank capacity /0.40000000/
C Vehicle load capacity /1.50000000/
r fuel consumption rate /0.25000000/
g inverse refueling rate /1.00000000/
v average Velocity /1.00000000/
