StringID	Type	x	y	demand	ReadyTime	DueDate	ServiceTime	altitude
D0	d	0.50000000	0.50000000	0.00000000	0.00000000	10.00000000	0.00000000	0.00000000
S0	f	0.69013763	0.10357584	0.00000000	0.00000000	10.00000000	0.00000000	0.00000000
S1	f	0.85004016	0.13225948	0.00000000	0.00000000	10.00000000	0.00000000	0.00000000
S2	f	0.04894475	0.17186867	0.00000000	0.00000000	10.00000000	0.00000000	0.00000000
S3	f	0.86784199	0.44118462	0.00000000	0.00000000	10.00000000	0.00000000	0.00000000
S4	f	0.17357418	0.55697733	0.00000000	0.00000000	10.00000000	0.00000000	0.00000000
S5	f	0.61405382	0.06536517	0.00000000	0.00000000	10.00000000	0.00000000	0.00000000
C1	c	0.01765266	0.10428523	0.11961731	0.00000000	8.00000000	0.01851823	0.00000000
C2	c	0.52882365	0.86122784	0.16483667	0.10000000	8.10000000	0.01315343	0.00000000
C3	c	0.80563402	0.53755306	0.21983245	0.20000000	8.20000000	0.02465902	0.00000000
C4	c	0.17609489	0.42320237	0.05711726	0.30000000	8.30000000	0.02604509	0.00000000
C5	c	0.09383031	0.89311691	0.15815185	0.40000000	8.40000000	0.01850576	0.00000000
C6	c	0.05962475	0.84727773	0.29184431	0.50000000	8.50000000	0.01467425	0.00000000
C7	c	0.85020659	0.73285764	0.14200334	0.60000000	8.60000000	0.02807063	0.00000000
C8	c	0.08995758	0.45188246	0.12920162	0.70000000	8.70000000	0.02651668	0.00000000
C9	c	0.29821491	0.72000487	0.21644681	0.80000000	8.80000000	0.02900033	0.00000000
C10	c	0.72289036	0.17719089	0.25050299	0.90000000	8.90000000	0.01983250	0.00000000
C11	c	0.94857119	0.43407687	0.26376498	1.00000000	9.00000000	0.01410840	0.00000000
C12	c	0.29753881	0.05110874	0.07823702	1.10000000	9.10000000	0.01759864	0.00000000
C13	c	0.19721454	0.64092170	0.20534829	1.20000000	9.20000000	0.01006051	0.00000000
C14	c	0.31108476	0.22238295	0.03427055	1.30000000	9.30000000	0.01731478	0.00000000
C15	c	0.40867858	0.79251152	0.04263833	1.40000000	9.40000000	0.02259552	0.00000000
C16	c	0.10128348	0.63116346	0.14297143	1.50000000	9.50000000	0.02350159	0.00000000
C17	c	0.50218019	0.77248670	0.04042376	1.60000000	9.60000000	0.02430887	0.00000000
C18	c	0.81068912	0.39558362	0.02631391	1.70000000	9.70000000	0.02285471	0.00000000
C19	c	0.69013763	0.10357584	0.15354170	1.80000000	9.80000000	0.02272953	0.00000000
C20	c	0.52658117	0.95872196	0.03769435	1.90000000	9.90000000	0.01042471	0.00000000
C21	c	0.62955166	0.91772886	0.24983374	2.00000000	10.00000000	0.01464766	0.00000000
C22	c	0.38419889	0.73637650	0.04455193	2.00000000	10.00000000	0.02789337	0.00000000
C23	c	0.44809054	0.36674689	0.14847069	2.00000000	10.00000000	0.01618038	0.00000000
C24	c	0.73546859	0.10294465	0.28098527	2.00000000	10.00000000	0.01394069	0.00000000
C25	c	0.64383279	0.45624474	0.26043420	2.00000000	10.00000000	0.01333684	0.00000000
C26	c	0.28094198	0.35278255	0.11220451	2.00000000	10.00000000	0.02389269	0.00000000
C27	c	0.55734340	0.90053737	0.14627458	2.00000000	10.00000000	0.01482064	0.00000000
C28	c	0.02494975	0.26776254	0.25673640	2.00000000	10.00000000	0.01479014	0.00000000
C29	c	0.99468566	0.68933414	0.06601309	2.00000000	10.00000000	0.01959100	0.00000000
C30	c	0.61175780	0.59434068	0.15973669	2.00000000	10.00000000	0.02253206	0.00000000

Q Vehicle fuel tank capacity /0.40000000/
C Vehicle load capacity /1.50000000/
r fuel consumption rate /0.25000000/
g inverse refueling rate /1.00000000/
v average Velocity /1.00000000/
