StringID	Type	x	y	demand	ReadyTime	DueDate	ServiceTime	altitude
D0	d	0.50000000	0.50000000	0.00000000	0.00000000	10.00000000	0.00000000	0.00000000
S0	f	0.68128518	0.27921991	0.00000000	0.00000000	10.00000000	0.00000000	0.00000000
S1	f	0.17837834	0.90420210	0.00000000	0.00000000	10.00000000	0.00000000	0.00000000
S2	f	0.78860729	0.60582381	0.00000000	0.00000000	10.00000000	0.00000000	0.00000000
S3	f	0.59555660	0.68937979	0.00000000	0.00000000	10.00000000	0.00000000	0.00000000
S4	f	0.71094810	0.49897476	0.00000000	0.00000000	10.00000000	0.00000000	0.00000000
S5	f	0.81256789	0.48780001	0.00000000	0.00000000	10.00000000	0.00000000	0.00000000
C1	c	0.28388198	0.59670605	0.05657452	0.00000000	8.00000000	0.01028128	0.00000000
C2	c	0.92790645	0.49015091	0.05957396	0.10000000	8.10000000	0.02099266	0.00000000
C3	c	0.60002385	0.99946506	0.03964669	0.20000000	8.20000000	0.02894763	0.00000000
C4	c	0.31359204	0.75055242	0.20456267	0.30000000	8.30000000	0.02007236	0.00000000
C5	c	0.02579924	0.12545234	0.06971541	0.40000000	8.40000000	0.01039974	0.00000000
C6	c	0.51859866	0.05841526	0.08749032	0.50000000	8.50000000	0.01094362	0.00000000
C7	c	0.45794314	0.10035053	0.17993271	0.60000000	8.60000000	0.02369245	0.00000000
C8	c	0.34854981	0.70876237	0.06383648	0.70000000	8.70000000	0.01312165	0.00000000
C9	c	0.00097622	0.40938097	0.26132852	0.80000000	8.80000000	0.01499574	0.00000000
C10	c	0.39043290	0.45206806	0.13008239	0.90000000	8.90000000	0.01602945	0.00000000
C11	c	0.79820883	0.91702042	0.02951666	1.00000000	9.00000000	0.02778294	0.00000000
C12	c	0.76776687	0.81144345	0.15431154	1.10000000	9.10000000	0.02189888	0.00000000
C13	c	0.90242396	0.35798644	0.22714655	1.20000000	9.20000000	0.02069674	0.00000000
C14	c	0.62875609	0.50736225	0.20894518	1.30000000	9.30000000	0.01622310	0.00000000
C15	c	0.61714789	0.31045073	0.12031913	1.40000000	9.40000000	0.01644006	0.00000000
C16	c	0.19008684	0.94688884	0.18124658	1.50000000	9.50000000	0.01565127	0.00000000
C17	c	0.72441949	0.75390000	0.09370198	1.60000000	9.60000000	0.01827480	0.00000000
C18	c	0.68128518	0.27921991	0.03057270	1.70000000	9.70000000	0.02432975	0.00000000
C19	c	0.50720838	0.39370447	0.20183433	1.80000000	9.80000000	0.02207643	0.00000000
C20	c	0.27134584	0.52922379	0.20670212	1.90000000	9.90000000	0.02600898	0.00000000
C21	c	0.72247741	0.04939420	0.09047708	2.00000000	10.00000000	0.02089674	0.00000000
C22	c	0.36344673	0.17216984	0.24289825	2.00000000	10.00000000	0.02646864	0.00000000
C23	c	0.35726850	0.37565738	0.21582773	2.00000000	10.00000000	0.01476095	0.00000000
C24	c	0.05983191	0.88743368	0.13910653	2.00000000	10.00000000	0.01605037	0.00000000
C25	c	0.90067668	0.85739447	0.05446785	2.00000000	10.00000000	0.02990005	0.00000000
C26	c	0.20340937	0.39770081	0.26661290	2.00000000	10.00000000	0.02560856	0.00000000
C27	c	0.33901634	0.56379190	0.28311820	2.00000000	10.00000000	0.02667816	0.00000000
C28	c	0.19298452	0.70162739	0.21797198	2.00000000	10.00000000	0.02245247	0.00000000
C29	c	0.12145117	0.41367161	0.22187842	2.00000000	10.00000000	0.01712159	0.00000000
C30	c	0.05339101	0.38646856	0.16060062	2.00000000	10.00000000	0.01908085	0.00000000

Q Vehicle fuel tank capacity /0.40000000/
C Vehicle load capacity /1.50000000/
r fuel consumption rate /0.25000000/
g inverse refueling rate /1.00000000/
v average Velocity /1.00000000/
