StringID	Type	x	y	demand	ReadyTime	DueDate	ServiceTime	altitude
D0	d	0.50000000	0.50000000	0.00000000	0.00000000	10.00000000	0.00000000	0.00000000
S0	f	0.16932573	0.53489340	0.00000000	0.00000000	10.00000000	0.00000000	0.00000000
S1	f	0.82290610	0.36481512	0.00000000	0.00000000	10.00000000	0.00000000	0.00000000
S2	f	0.31954151	0.21222683	0.00000000	0.00000000	10.00000000	0.00000000	0.00000000
S3	f	0.14062545	0.41033857	0.00000000	0.00000000	10.00000000	0.00000000	0.00000000
S4	f	0.81272697	0.50250034	0.00000000	0.00000000	10.00000000	0.00000000	0.00000000
S5	f	0.25355792	0.13046409	0.00000000	0.00000000	10.00000000	0.00000000	0.00000000
C1	c	0.19048089	0.77595085	0.09435033	0.00000000	8.00000000	0.02946049	0.00000000
C2	c	0.22390807	0.67791961	0.02718019	0.10000000	8.10000000	0.02711214	0.00000000
C3	c	0.25804991	0.77624315	0.22354908	0.20000000	8.20000000	0.02576026	0.00000000
C4	c	0.70244931	0.97165619	0.10618143	0.30000000	8.30000000	0.01366791	0.00000000
C5	c	0.75286504	0.97062739	0.15317250	0.40000000	8.40000000	0.02255714	0.00000000
C6	c	0.79145758	0.96066747	0.03539496	0.50000000	8.50000000	0.01182123	0.00000000
C7	c	0.70544882	1.00000000	0.05986487	0.60000000	8.60000000	0.02517587	0.00000000
C8	c	0.81428375	0.95636456	0.09547849	0.70000000	8.70000000	0.02669478	0.00000000
C9	c	0.75771170	0.97484681	0.13181233	0.80000000	8.80000000	0.01901564	0.00000000
C10	c	0.56709594	0.93350142	0.31101897	0.90000000	8.90000000	0.01603857	0.00000000
C11	c	0.60479403	0.95833318	0.14336683	1.00000000	9.00000000	0.02640096	0.00000000
C12	c	0.58537082	0.88345088	0.17896117	1.10000000	9.10000000	0.02657814	0.00000000
C13	c	0.54306488	0.97449083	0.06332714	1.20000000	9.20000000	0.01274326	0.00000000
C14	c	0.47380366	0.95294256	0.30228398	1.30000000	9.30000000	0.02638375	0.00000000
C15	c	0.58366387	0.97092076	0.06315280	1.40000000	9.40000000	0.02928447	0.00000000
C16	c	0.06389118	0.40890940	0.23490176	1.50000000	9.50000000	0.01946506	0.00000000
C17	c	0.01464566	0.86930713	0.04996157	1.60000000	9.60000000	0.02835920	0.00000000
C18	c	0.85942097	0.97368104	0.25412172	1.70000000	9.70000000	0.02244302	0.00000000
C19	c	0.59588834	0.35788315	0.19963905	1.80000000	9.80000000	0.02602676	0.00000000
C20	c	0.97302449	0.85560677	0.28454153	1.90000000	9.90000000	0.01206575	0.00000000
C21	c	0.78801288	0.18339538	0.02772113	2.00000000	10.00000000	0.02539507	0.00000000
C22	c	0.62785710	0.09106171	0.06659712	2.00000000	10.00000000	0.02604446	0.00000000
C23	c	0.75879334	0.83473900	0.03999049	2.00000000	10.00000000	0.01292112	0.00000000
C24	c	0.45078196	0.30192837	0.14195232	2.00000000	10.00000000	0.01684363	0.00000000
C25	c	0.82004813	0.82890695	0.02543716	2.00000000	10.00000000	0.02787469	0.00000000
C26	c	0.13716282	0.81918746	0.27801177	2.00000000	10.00000000	0.01020562	0.00000000
C27	c	0.96422356	0.47325310	0.27509016	2.00000000	10.00000000	0.01186441	0.00000000
C28	c	0.91796014	0.62215114	0.30885697	2.00000000	10.00000000	0.02057154	0.00000000
C29	c	0.80133775	0.10328730	0.19720944	2.00000000	10.00000000	0.01503141	0.00000000
C30	c	0.14605608	0.34218156	0.12687274	2.00000000	10.00000000	0.02474754	0.00000000

Q Vehicle fuel tank capacity /0.40000000/
C Vehicle load capacity /1.50000000/
r fuel consumption rate /0.25000000/
g inverse refueling rate /1.00000000/
v average Velocity /1.00000000/
