StringID	Type	x	y	demand	ReadyTime	DueDate	ServiceTime	altitude
D0	d	0.50000000	0.50000000	0.00000000	0.00000000	10.00000000	0.00000000	0.00000000
S0	f	0.13815647	0.81191828	0.00000000	0.00000000	10.00000000	0.00000000	0.00000000
S1	f	0.65516996	0.58291201	0.00000000	0.00000000	10.00000000	0.00000000	0.00000000
S2	f	0.35896689	0.69575644	0.00000000	0.00000000	10.00000000	0.00000000	0.00000000
S3	f	0.78254044	0.01692504	0.00000000	0.00000000	10.00000000	0.00000000	0.00000000
S4	f	0.37941283	0.28338148	0.00000000	0.00000000	10.00000000	0.00000000	0.00000000
S5	f	0.34088704	0.09035991	0.00000000	0.00000000	10.00000000	0.00000000	0.00000000
S6	f	0.68848451	0.88227334	0.00000000	0.00000000	10.00000000	0.00000000	0.00000000
S7	f	0.91869377	0.08067169	0.00000000	0.00000000	10.00000000	0.00000000	0.00000000
S8	f	0.68773381	0.63188709	0.00000000	0.00000000	10.00000000	0.00000000	0.00000000
S9	f	0.06885756	0.44797138	0.00000000	0.00000000	10.00000000	0.00000000	0.00000000
C1	c	0.66884933	0.21614963	0.09161131	0.00000000	8.00000000	0.02239519	0.00000000
C2	c	0.76940812	0.20299966	0.15175695	0.06000000	8.06000000	0.02872092	0.00000000
C3	c	0.66343285	0.22711125	0.07162805	0.12000000	8.12000000	0.02943752	0.00000000
C4	c	0.65215807	0.26875957	0.14022927	0.18000000	8.18000000	0.01415964	0.00000000
C5	c	0.42453766	0.12719082	0.13582587	0.24000000	8.24000000	0.01890875	0.00000000
C6	c	0.49115263	0.09568410	0.07737883	0.30000000	8.30000000	0.01989750	0.00000000
C7	c	0.46279468	0.14559983	0.15032435	0.36000000	8.36000000	0.02782201	0.00000000
C8	c	0.43196718	0.20199365	0.07272182	0.42000000	8.42000000	0.02429703	0.00000000
C9	c	0.41466380	0.17544161	0.03073184	0.48000000	8.48000000	0.01742464	0.00000000
C10	c	0.48347908	0.10513737	0.05619869	0.54000000	8.54000000	0.02109036	0.00000000
C11	c	0.13934377	0.86688793	0.08214896	0.60000000	8.60000000	0.02302895	0.00000000
C12	c	0.06298961	0.85160271	0.01875771	0.66000000	8.66000000	0.01536481	0.00000000
C13	c	0.08028359	0.82312276	0.08209871	0.72000000	8.72000000	0.01553649	0.00000000
C14	c	0.15132940	0.75037843	0.10254297	0.78000000	8.78000000	0.02755988	0.00000000
C15	c	0.19324936	0.80942189	0.14451949	0.84000000	8.84000000	0.01118871	0.00000000
C16	c	0.08041870	0.81488338	0.11235498	0.90000000	8.90000000	0.02566202	0.00000000
C17	c	0.59803906	0.60411213	0.04901466	0.96000000	8.96000000	0.01584902	0.00000000
C18	c	0.52715407	0.88372642	0.09968007	1.02000000	9.02000000	0.02944474	0.00000000
C19	c	0.44910588	1.00000000	0.01214855	1.08000000	9.08000000	0.01782614	0.00000000
C20	c	0.53983526	0.96981711	0.02657798	1.14000000	9.14000000	0.02469179	0.00000000
C21	c	0.43268220	0.95973312	0.10758972	1.20000000	9.20000000	0.02343737	0.00000000
C22	c	0.49922533	0.86895829	0.10668607	1.26000000	9.26000000	0.02003051	0.00000000
C23	c	0.49059541	0.95560642	0.08684807	1.32000000	9.32000000	0.01392419	0.00000000
C24	c	0.49123862	0.97649844	0.04549177	1.38000000	9.38000000	0.02201830	0.00000000
C25	c	0.43665664	0.98138366	0.09323382	1.44000000	9.44000000	0.02568942	0.00000000
C26	c	0.74915472	0.31145504	0.13970160	1.50000000	9.50000000	0.01522243	0.00000000
C27	c	0.57010821	0.14713261	0.10468738	1.56000000	9.56000000	0.02420890	0.00000000
C28	c	0.67637573	0.03836351	0.09830126	1.62000000	9.62000000	0.01075997	0.00000000
C29	c	0.28208179	0.61975937	0.16361981	1.68000000	9.68000000	0.01510144	0.00000000
C30	c	0.93604581	0.97187608	0.13413576	1.74000000	9.74000000	0.02547006	0.00000000
C31	c	0.20798182	0.44543732	0.15935828	1.80000000	9.80000000	0.01163242	0.00000000
C32	c	0.71485165	0.37123222	0.04901644	1.86000000	9.86000000	0.01102895	0.00000000
C33	c	0.55451786	0.65144763	0.11519633	1.92000000	9.92000000	0.01597915	0.00000000
C34	c	0.26824056	0.27682435	0.11987308	1.98000000	9.98000000	0.02241425	0.00000000
C35	c	0.87799422	0.05943525	0.15357860	2.00000000	10.00000000	0.01492256	0.00000000
C36	c	0.97223710	0.39130701	0.02126962	2.00000000	10.00000000	0.01484697	0.00000000
C37	c	0.73458935	0.67186839	0.02974930	2.00000000	10.00000000	0.01276594	0.00000000
C38	c	0.50152559	0.19620951	0.13007600	2.00000000	10.00000000	0.02152436	0.00000000
C39	c	0.60091488	0.78447116	0.14793847	2.00000000	10.00000000	0.02355132	0.00000000
C40	c	0.26112136	0.71044510	0.09277108	2.00000000	10.00000000	0.02829408	0.00000000
C41	c	0.03799864	0.25507196	0.07581394	2.00000000	10.00000000	0.02892377	0.00000000
C42	c	0.77350294	0.08162102	0.09672722	2.00000000	10.00000000	0.02795065	0.00000000
C43	c	0.05144760	0.29895772	0.01838276	2.00000000	10.00000000	0.01799622	0.00000000
C44	c	0.24234837	0.13829698	0.12571909	2.00000000	10.00000000	0.01912142	0.00000000
C45	c	0.89753272	0.39981082	0.05866044	2.00000000	10.00000000	0.01329802	0.00000000
C46	c	0.37458418	0.59441249	0.09828791	2.00000000	10.00000000	0.01749168	0.00000000
C47	c	0.07788121	0.74576020	0.03348510	2.00000000	10.00000000	0.02188825	0.00000000
C48	c	0.88844378	0.88628477	0.11456884	2.00000000	10.00000000	0.01155762	0.00000000
C49	c	0.82584239	0.04336290	0.01682091	2.00000000	10.00000000	0.02491520	0.00000000
C50	c	0.67519307	0.92294607	0.05416026	2.00000000	10.00000000	0.02776888	0.00000000

Q Vehicle fuel tank capacity /0.40000000/
C Vehicle load capacity /1.50000000/
r fuel consumption rate /0.25000000/
g inverse refueling rate /1.00000000/
v average Velocity /1.00000000/
