StringID	Type	x	y	demand	ReadyTime	DueDate	ServiceTime	altitude
D0	d	0.50000000	0.50000000	0.00000000	0.00000000	10.00000000	0.00000000	0.00000000
S0	f	0.19452780	0.75602333	0.00000000	0.00000000	10.00000000	0.00000000	0.00000000
S1	f	0.90542590	0.16919051	0.00000000	0.00000000	10.00000000	0.00000000	0.00000000
S2	f	0.97207527	0.60563203	0.00000000	0.00000000	10.00000000	0.00000000	0.00000000
S3	f	0.99845202	0.53387788	0.00000000	0.00000000	10.00000000	0.00000000	0.00000000
S4	f	0.63598483	0.88596562	0.00000000	0.00000000	10.00000000	0.00000000	0.00000000
S5	f	0.06125689	0.56222943	0.00000000	0.00000000	10.00000000	0.00000000	0.00000000
C1	c	0.25498649	0.66241885	0.06888043	0.00000000	8.00000000	0.02372753	0.00000000
C2	c	0.34583401	0.70879070	0.11833948	0.10000000	8.10000000	0.02919462	0.00000000
C3	c	0.19095240	0.62678719	0.22778791	0.20000000	8.20000000	0.01307789	0.00000000
C4	c	0.75348287	0.39323181	0.04072396	0.30000000	8.30000000	0.02958729	0.00000000
C5	c	0.78674616	0.34415933	0.12028538	0.40000000	8.40000000	0.02870358	0.00000000
C6	c	0.79231043	0.27726110	0.11353330	0.50000000	8.50000000	0.01057724	0.00000000
C7	c	0.77519222	0.29389857	0.13423080	0.60000000	8.60000000	0.02034730	0.00000000
C8	c	0.76274754	0.42783355	0.24408920	0.70000000	8.70000000	0.01580965	0.00000000
C9	c	0.72812114	0.36925903	0.05147422	0.80000000	8.80000000	0.01972230	0.00000000
C10	c	0.72019004	0.39022533	0.05482881	0.90000000	8.90000000	0.02314961	0.00000000
C11	c	0.01860531	0.14200561	0.15994120	1.00000000	9.00000000	0.02517360	0.00000000
C12	c	0.01444321	0.02356597	0.23979796	1.10000000	9.10000000	0.02964599	0.00000000
C13	c	0.01681439	0.15254733	0.19404922	1.20000000	9.20000000	0.01876803	0.00000000
C14	c	0.01518077	0.07067449	0.18120920	1.30000000	9.30000000	0.01095532	0.00000000
C15	c	0.08743075	0.12464398	0.27156130	1.40000000	9.40000000	0.02896465	0.00000000
C16	c	0.22959483	0.48914835	0.14824004	1.50000000	9.50000000	0.02039434	0.00000000
C17	c	0.75789158	0.49627976	0.22936102	1.60000000	9.60000000	0.01293644	0.00000000
C18	c	0.04927317	0.93773789	0.28541474	1.70000000	9.70000000	0.01232480	0.00000000
C19	c	0.68637635	0.95973093	0.24927618	1.80000000	9.80000000	0.01673654	0.00000000
C20	c	0.15389434	0.97936431	0.10147912	1.90000000	9.90000000	0.01907059	0.00000000
C21	c	0.93517915	0.02886183	0.20848054	2.00000000	10.00000000	0.01644779	0.00000000
C22	c	0.51736490	0.29048239	0.08856544	2.00000000	10.00000000	0.02060727	0.00000000
C23	c	0.48611524	0.65748049	0.02366094	2.00000000	10.00000000	0.02035001	0.00000000
C24	c	0.75868015	0.98229939	0.04194279	2.00000000	10.00000000	0.01541237	0.00000000
C25	c	0.43840127	0.04776601	0.08020607	2.00000000	10.00000000	0.01896672	0.00000000
C26	c	0.94823246	0.51971697	0.14936271	2.00000000	10.00000000	0.02873905	0.00000000
C27	c	0.14682202	0.11624022	0.22096790	2.00000000	10.00000000	0.02200046	0.00000000
C28	c	0.33682677	0.45352968	0.15126283	2.00000000	10.00000000	0.01114146	0.00000000
C29	c	0.32238964	0.53036331	0.03216033	2.00000000	10.00000000	0.02436636	0.00000000
C30	c	0.44833576	0.93695257	0.26888698	2.00000000	10.00000000	0.01917914	0.00000000

Q Vehicle fuel tank capacity /0.40000000/
C Vehicle load capacity /1.50000000/
r fuel consumption rate /0.25000000/
g inverse refueling rate /1.00000000/
v average Velocity /1.00000000/
