StringID	Type	x	y	demand	ReadyTime	DueDate	ServiceTime	altitude
D0	d	0.50000000	0.50000000	0.00000000	0.00000000	10.00000000	0.00000000	0.00000000
S0	f	0.25915312	0.79248686	0.00000000	0.00000000	10.00000000	0.00000000	0.00000000
S1	f	0.10101264	0.30861185	0.00000000	0.00000000	10.00000000	0.00000000	0.00000000
S2	f	0.23165809	0.45189514	0.00000000	0.00000000	10.00000000	0.00000000	0.00000000
S3	f	0.77896017	0.76339041	0.00000000	0.00000000	10.00000000	0.00000000	0.00000000
S4	f	0.03333299	0.76349219	0.00000000	0.00000000	10.00000000	0.00000000	0.00000000
S5	f	0.97445531	0.98289540	0.00000000	0.00000000	10.00000000	0.00000000	0.00000000
C1	c	0.78214276	0.03336639	0.14828319	0.00000000	8.00000000	0.02894804	0.00000000
C2	c	0.73391848	0.80841051	0.05331900	0.10000000	8.10000000	0.01583526	0.00000000
C3	c	0.89108561	0.86229428	0.09315743	0.20000000	8.20000000	0.02637427	0.00000000
C4	c	0.23256297	0.37241626	0.06355252	0.30000000	8.30000000	0.02419649	0.00000000
C5	c	0.57955158	0.77494952	0.17820525	0.40000000	8.40000000	0.02058639	0.00000000
C6	c	0.87467434	0.28495452	0.24910260	0.50000000	8.50000000	0.01543931	0.00000000
C7	c	0.33578465	0.67718675	0.20781905	0.60000000	8.60000000	0.02774472	0.00000000
C8	c	0.18607545	0.38570017	0.14686045	0.70000000	8.70000000	0.02404317	0.00000000
C9	c	0.48042951	0.61506724	0.22933880	0.80000000	8.80000000	0.02412917	0.00000000
C10	c	0.83907631	0.54142808	0.07821472	0.90000000	8.90000000	0.01897139	0.00000000
C11	c	0.11444474	0.55892197	0.21342029	1.00000000	9.00000000	0.01767821	0.00000000
C12	c	0.39981139	0.40229173	0.23546050	1.10000000	9.10000000	0.01349267	0.00000000
C13	c	0.19746665	0.30242718	0.05880957	1.20000000	9.20000000	0.01307095	0.00000000
C14	c	0.32484342	0.98141328	0.25327101	1.30000000	9.30000000	0.02562681	0.00000000
C15	c	0.79498664	0.21496689	0.12271787	1.40000000	9.40000000	0.01642546	0.00000000
C16	c	0.83951028	0.20719867	0.07567261	1.50000000	9.50000000	0.01971220	0.00000000
C17	c	0.36275856	0.10686187	0.21214319	1.60000000	9.60000000	0.01982144	0.00000000
C18	c	0.36004637	0.80813883	0.02846096	1.70000000	9.70000000	0.02339623	0.00000000
C19	c	0.45669405	0.81075185	0.18883870	1.80000000	9.80000000	0.01033997	0.00000000
C20	c	0.25915312	0.79248686	0.05128744	1.90000000	9.90000000	0.02782108	0.00000000
C21	c	0.35429141	0.60145759	0.12213948	2.00000000	10.00000000	0.02437509	0.00000000
C22	c	0.66438226	0.39473584	0.25074609	2.00000000	10.00000000	0.02651236	0.00000000
C23	c	0.69324183	0.80178515	0.22931857	2.00000000	10.00000000	0.01000454	0.00000000
C24	c	0.52389663	0.56741639	0.14078738	2.00000000	10.00000000	0.01184354	0.00000000
C25	c	0.46638823	0.72603293	0.25692713	2.00000000	10.00000000	0.02349368	0.00000000
C26	c	0.38179891	0.24516784	0.08041942	2.00000000	10.00000000	0.01888462	0.00000000
C27	c	0.30347345	0.75481798	0.21438667	2.00000000	10.00000000	0.02654217	0.00000000
C28	c	0.13420754	0.49945487	0.03200758	2.00000000	10.00000000	0.01154733	0.00000000
C29	c	0.52926530	0.62995064	0.08404232	2.00000000	10.00000000	0.02985119	0.00000000
C30	c	0.17346086	0.23002906	0.20129020	2.00000000	10.00000000	0.02781942	0.00000000

Q Vehicle fuel tank capacity /0.40000000/
C Vehicle load capacity /1.50000000/
r fuel consumption rate /0.25000000/
g inverse refueling rate /1.00000000/
v average Velocity /1.00000000/
