StringID	Type	x	y	demand	ReadyTime	DueDate	ServiceTime	altitude
D0	d	0.50000000	0.50000000	0.00000000	0.00000000	10.00000000	0.00000000	0.00000000
S0	f	0.01730124	0.83918355	0.00000000	0.00000000	10.00000000	0.00000000	0.00000000
S1	f	0.06071106	0.00997965	0.00000000	0.00000000	10.00000000	0.00000000	0.00000000
S2	f	0.55541346	0.10154962	0.00000000	0.00000000	10.00000000	0.00000000	0.00000000
S3	f	0.55260873	0.83367192	0.00000000	0.00000000	10.00000000	0.00000000	0.00000000
S4	f	0.49239249	0.82239076	0.00000000	0.00000000	10.00000000	0.00000000	0.00000000
S5	f	0.64528504	0.40145590	0.00000000	0.00000000	10.00000000	0.00000000	0.00000000
S6	f	0.11722476	0.92650281	0.00000000	0.00000000	10.00000000	0.00000000	0.00000000
S7	f	0.72393259	0.38132867	0.00000000	0.00000000	10.00000000	0.00000000	0.00000000
S8	f	0.10641372	0.40673587	0.00000000	0.00000000	10.00000000	0.00000000	0.00000000
S9	f	0.88279302	0.72555988	0.00000000	0.00000000	10.00000000	0.00000000	0.00000000
C1	c	0.07765610	0.29059062	0.13618311	0.00000000	8.00000000	0.02435418	0.00000000
C2	c	0.34785693	0.61692700	0.04765789	0.06000000	8.06000000	0.02559099	0.00000000
C3	c	0.44381089	0.73822941	0.10343299	0.12000000	8.12000000	0.01833974	0.00000000
C4	c	0.38012232	0.69233207	0.02197787	0.18000000	8.18000000	0.02339191	0.00000000
C5	c	0.32607532	0.71975209	0.12991686	0.24000000	8.24000000	0.01148691	0.00000000
C6	c	0.43161318	0.74925864	0.12589537	0.30000000	8.30000000	0.02945811	0.00000000
C7	c	0.40262898	0.61747219	0.01245264	0.36000000	8.36000000	0.02800137	0.00000000
C8	c	0.31339454	0.71308286	0.10931437	0.42000000	8.42000000	0.01487592	0.00000000
C9	c	0.28857311	0.68498637	0.06393953	0.48000000	8.48000000	0.02605086	0.00000000
C10	c	0.88483058	0.20349115	0.11879378	0.54000000	8.54000000	0.01234697	0.00000000
C11	c	0.97333604	0.26939028	0.08459278	0.60000000	8.60000000	0.02230442	0.00000000
C12	c	1.00000000	0.12640740	0.08584777	0.66000000	8.66000000	0.02878790	0.00000000
C13	c	0.00000000	0.14158166	0.12717572	0.72000000	8.72000000	0.01865698	0.00000000
C14	c	0.01631403	0.18942545	0.05298426	0.78000000	8.78000000	0.02230046	0.00000000
C15	c	0.09820985	0.20469598	0.09022108	0.84000000	8.84000000	0.01451652	0.00000000
C16	c	0.01787449	0.20284894	0.09653262	0.90000000	8.90000000	0.02016849	0.00000000
C17	c	0.15473952	0.18307037	0.13208432	0.96000000	8.96000000	0.01273918	0.00000000
C18	c	0.07482443	0.19896838	0.10797208	1.02000000	9.02000000	0.01757119	0.00000000
C19	c	0.09633451	0.24656816	0.08313881	1.08000000	9.08000000	0.01665497	0.00000000
C20	c	0.14992673	0.16715665	0.01431242	1.14000000	9.14000000	0.01778149	0.00000000
C21	c	0.02326618	0.20038478	0.05036789	1.20000000	9.20000000	0.02998143	0.00000000
C22	c	0.09781836	0.22969706	0.05649458	1.26000000	9.26000000	0.01448237	0.00000000
C23	c	0.07400291	0.22933978	0.03570029	1.32000000	9.32000000	0.02340165	0.00000000
C24	c	0.05030098	0.21387418	0.14017315	1.38000000	9.38000000	0.01146794	0.00000000
C25	c	0.18670894	0.18045787	0.07949400	1.44000000	9.44000000	0.01275772	0.00000000
C26	c	0.70306921	0.60365818	0.01994321	1.50000000	9.50000000	0.02977642	0.00000000
C27	c	0.98820926	0.83716847	0.04486056	1.56000000	9.56000000	0.02186651	0.00000000
C28	c	0.97443221	0.68359292	0.10423166	1.62000000	9.62000000	0.01752218	0.00000000
C29	c	0.10675199	0.44793687	0.11581205	1.68000000	9.68000000	0.01157260	0.00000000
C30	c	0.00732674	0.97357097	0.10094694	1.74000000	9.74000000	0.02390071	0.00000000
C31	c	0.71246708	0.27014503	0.15844955	1.80000000	9.80000000	0.02628986	0.00000000
C32	c	0.52798570	0.89786121	0.13586415	1.86000000	9.86000000	0.02362684	0.00000000
C33	c	0.21234399	0.41229609	0.15638945	1.92000000	9.92000000	0.02274928	0.00000000
C34	c	0.58601008	0.87899304	0.11289972	1.98000000	9.98000000	0.01060250	0.00000000
C35	c	0.71770886	0.77954973	0.02664366	2.00000000	10.00000000	0.01491342	0.00000000
C36	c	0.41698700	0.66959526	0.07766165	2.00000000	10.00000000	0.02812350	0.00000000
C37	c	0.07434559	0.97290526	0.01177642	2.00000000	10.00000000	0.02804857	0.00000000
C38	c	0.90006870	0.24379586	0.15626066	2.00000000	10.00000000	0.02442592	0.00000000
C39	c	0.80254283	0.11734837	0.11721733	2.00000000	10.00000000	0.01224222	0.00000000
C40	c	0.61522103	0.93939479	0.05107612	2.00000000	10.00000000	0.02758301	0.00000000
C41	c	0.22582586	0.50842470	0.06395481	2.00000000	10.00000000	0.01544683	0.00000000
C42	c	0.13695922	0.37855960	0.12102170	2.00000000	10.00000000	0.01933169	0.00000000
C43	c	0.33274855	0.38907473	0.08963150	2.00000000	10.00000000	0.02665026	0.00000000
C44	c	0.99907129	0.22411850	0.14493965	2.00000000	10.00000000	0.01626028	0.00000000
C45	c	0.67008266	0.07339679	0.04243302	2.00000000	10.00000000	0.02331592	0.00000000
C46	c	0.13788581	0.98882097	0.07233222	2.00000000	10.00000000	0.02349448	0.00000000
C47	c	0.59332539	0.37610919	0.09830799	2.00000000	10.00000000	0.02077334	0.00000000
C48	c	0.07862997	0.69503550	0.14211826	2.00000000	10.00000000	0.01969538	0.00000000
C49	c	0.81449307	0.68134178	0.08464649	2.00000000	10.00000000	0.01384249	0.00000000
C50	c	0.63746422	0.03012523	0.14392503	2.00000000	10.00000000	0.02111166	0.00000000

Q Vehicle fuel tank capacity /0.40000000/
C Vehicle load capacity /1.50000000/
r fuel consumption rate /0.25000000/
g inverse refueling rate /1.00000000/
v average Velocity /1.00000000/
