StringID	Type	x	y	demand	ReadyTime	DueDate	ServiceTime	altitude
D0	d	0.50000000	0.50000000	0.00000000	0.00000000	10.00000000	0.00000000	0.00000000
S0	f	0.71932219	0.63670763	0.00000000	0.00000000	10.00000000	0.00000000	0.00000000
S1	f	0.79047667	0.78105043	0.00000000	0.00000000	10.00000000	0.00000000	0.00000000
S2	f	0.97780300	0.18445528	0.00000000	0.00000000	10.00000000	0.00000000	0.00000000
S3	f	0.61902093	0.25602001	0.00000000	0.00000000	10.00000000	0.00000000	0.00000000
S4	f	0.37465986	0.02282910	0.00000000	0.00000000	10.00000000	0.00000000	0.00000000
S5	f	0.23423625	0.01704194	0.00000000	0.00000000	10.00000000	0.00000000	0.00000000
C1	c	0.88032608	0.93085296	0.15404385	0.00000000	8.00000000	0.02435941	0.00000000
C2	c	0.98600159	0.91922205	0.17383882	0.10000000	8.10000000	0.02892526	0.00000000
C3	c	1.00000000	0.95777029	0.10026897	0.20000000	8.20000000	0.01831194	0.00000000
C4	c	0.98298636	0.92904248	0.15231356	0.30000000	8.30000000	0.02019718	0.00000000
C5	c	0.98357560	0.86081383	0.24877976	0.40000000	8.40000000	0.02739807	0.00000000
C6	c	0.41862705	0.04735841	0.08916610	0.50000000	8.50000000	0.01663039	0.00000000
C7	c	0.49929924	0.02984246	0.11194221	0.60000000	8.60000000	0.01419580	0.00000000
C8	c	0.57574412	1.00000000	0.04359549	0.70000000	8.70000000	0.02182994	0.00000000
C9	c	0.60403918	1.00000000	0.12646809	0.80000000	8.80000000	0.02960309	0.00000000
C10	c	0.60841660	1.00000000	0.18790936	0.90000000	8.90000000	0.02342757	0.00000000
C11	c	0.64023321	0.93591614	0.23361057	1.00000000	9.00000000	0.01195986	0.00000000
C12	c	0.53412596	0.97353514	0.06923800	1.10000000	9.10000000	0.01020640	0.00000000
C13	c	0.65833334	1.00000000	0.18860091	1.20000000	9.20000000	0.01036266	0.00000000
C14	c	0.51973236	0.98020464	0.25444211	1.30000000	9.30000000	0.02138497	0.00000000
C15	c	0.57787327	0.97030826	0.05019679	1.40000000	9.40000000	0.01329900	0.00000000
C16	c	0.90595724	0.32563780	0.17124683	1.50000000	9.50000000	0.01544016	0.00000000
C17	c	0.85230037	0.66098260	0.24271228	1.60000000	9.60000000	0.01268164	0.00000000
C18	c	0.58705447	0.05651070	0.23772734	1.70000000	9.70000000	0.02102338	0.00000000
C19	c	0.00385490	0.99318389	0.09657755	1.80000000	9.80000000	0.02783761	0.00000000
C20	c	0.66364829	0.36259142	0.22467650	1.90000000	9.90000000	0.01626211	0.00000000
C21	c	0.34099516	0.77693934	0.17814271	2.00000000	10.00000000	0.01718437	0.00000000
C22	c	0.36006793	0.71797033	0.16016134	2.00000000	10.00000000	0.02519550	0.00000000
C23	c	0.94626290	0.41559714	0.03111838	2.00000000	10.00000000	0.02879677	0.00000000
C24	c	0.50985875	0.86990353	0.01831103	2.00000000	10.00000000	0.01361936	0.00000000
C25	c	0.33151949	0.20979024	0.25894328	2.00000000	10.00000000	0.01562390	0.00000000
C26	c	0.67137851	0.09799310	0.17879108	2.00000000	10.00000000	0.02761719	0.00000000
C27	c	0.01031978	0.01813297	0.10556570	2.00000000	10.00000000	0.01078322	0.00000000
C28	c	0.56924859	0.16494976	0.10031289	2.00000000	10.00000000	0.02917720	0.00000000
C29	c	0.27200786	0.13408180	0.20634661	2.00000000	10.00000000	0.01200031	0.00000000
C30	c	0.55116877	0.89188075	0.10495192	2.00000000	10.00000000	0.01493989	0.00000000

Q Vehicle fuel tank capacity /0.40000000/
C Vehicle load capacity /1.50000000/
r fuel consumption rate /0.25000000/
g inverse refueling rate /1.00000000/
v average Velocity /1.00000000/
