StringID	Type	x	y	demand	ReadyTime	DueDate	ServiceTime	altitude
D0	d	0.50000000	0.50000000	0.00000000	0.00000000	10.00000000	0.00000000	0.00000000
S0	f	0.31075158	0.40723415	0.00000000	0.00000000	10.00000000	0.00000000	0.00000000
S1	f	0.52364109	0.11917796	0.00000000	0.00000000	10.00000000	0.00000000	0.00000000
S2	f	0.08490068	0.59889792	0.00000000	0.00000000	10.00000000	0.00000000	0.00000000
S3	f	0.09826411	0.44099065	0.00000000	0.00000000	10.00000000	0.00000000	0.00000000
S4	f	0.85954981	0.06825808	0.00000000	0.00000000	10.00000000	0.00000000	0.00000000
S5	f	0.36629469	0.13477798	0.00000000	0.00000000	10.00000000	0.00000000	0.00000000
C1	c	0.64562697	0.89254153	0.02160345	0.00000000	8.00000000	0.02090402	0.00000000
C2	c	0.82135459	0.81713177	0.14524715	0.10000000	8.10000000	0.01010184	0.00000000
C3	c	0.82284344	0.82510563	0.02117484	0.20000000	8.20000000	0.01303959	0.00000000
C4	c	0.67784034	0.86646352	0.15161778	0.30000000	8.30000000	0.01127806	0.00000000
C5	c	0.72863914	0.89833747	0.12558243	0.40000000	8.40000000	0.02478825	0.00000000
C6	c	0.31031109	0.34228566	0.30102106	0.50000000	8.50000000	0.02059155	0.00000000
C7	c	0.31073962	0.51843655	0.28572280	0.60000000	8.60000000	0.02068936	0.00000000
C8	c	0.28998258	0.44359588	0.13583215	0.70000000	8.70000000	0.01866505	0.00000000
C9	c	1.00000000	0.88622445	0.28939452	0.80000000	8.80000000	0.02802611	0.00000000
C10	c	0.99391302	0.86857236	0.06296032	0.90000000	8.90000000	0.01234144	0.00000000
C11	c	0.91615351	0.82526977	0.13961962	1.00000000	9.00000000	0.02245454	0.00000000
C12	c	0.92933738	0.94326309	0.10569782	1.10000000	9.10000000	0.01153014	0.00000000
C13	c	0.95417039	0.88846268	0.03706312	1.20000000	9.20000000	0.01813120	0.00000000
C14	c	0.97458807	0.93332305	0.18397431	1.30000000	9.30000000	0.01004260	0.00000000
C15	c	1.00000000	0.95540665	0.22579315	1.40000000	9.40000000	0.02282861	0.00000000
C16	c	0.92382857	0.21952056	0.04072836	1.50000000	9.50000000	0.02953618	0.00000000
C17	c	0.21466680	0.21664832	0.10377904	1.60000000	9.60000000	0.02066744	0.00000000
C18	c	0.44159920	0.74012860	0.23661998	1.70000000	9.70000000	0.01009359	0.00000000
C19	c	0.43718104	0.63940964	0.26782560	1.80000000	9.80000000	0.02088487	0.00000000
C20	c	0.54520084	0.00509182	0.18252978	1.90000000	9.90000000	0.02462971	0.00000000
C21	c	0.15197958	0.06390301	0.11137342	2.00000000	10.00000000	0.02121150	0.00000000
C22	c	0.73941227	0.52957769	0.08590647	2.00000000	10.00000000	0.01699690	0.00000000
C23	c	0.53446823	0.43325257	0.27995949	2.00000000	10.00000000	0.01892109	0.00000000
C24	c	0.90130567	0.11707197	0.08184214	2.00000000	10.00000000	0.01257945	0.00000000
C25	c	0.62272697	0.07650685	0.08047681	2.00000000	10.00000000	0.01535023	0.00000000
C26	c	0.40656004	0.00212977	0.08103419	2.00000000	10.00000000	0.02301430	0.00000000
C27	c	0.64143060	0.97680883	0.14431144	2.00000000	10.00000000	0.02987364	0.00000000
C28	c	0.54424345	0.73148572	0.22828586	2.00000000	10.00000000	0.01335904	0.00000000
C29	c	0.56057509	0.34984483	0.14306864	2.00000000	10.00000000	0.01071564	0.00000000
C30	c	0.44605437	0.12897232	0.19995426	2.00000000	10.00000000	0.01196918	0.00000000

Q Vehicle fuel tank capacity /0.40000000/
C Vehicle load capacity /1.50000000/
r fuel consumption rate /0.25000000/
g inverse refueling rate /1.00000000/
v average Velocity /1.00000000/
