StringID	Type	x	y	demand	ReadyTime	DueDate	ServiceTime	altitude
D0	d	0.50000000	0.50000000	0.00000000	0.00000000	10.00000000	0.00000000	0.00000000
S0	f	0.63000328	0.70463218	0.00000000	0.00000000	10.00000000	0.00000000	0.00000000
S1	f	0.72191509	0.23152651	0.00000000	0.00000000	10.00000000	0.00000000	0.00000000
S2	f	0.27102344	0.10595881	0.00000000	0.00000000	10.00000000	0.00000000	0.00000000
S3	f	0.10315515	0.72320563	0.00000000	0.00000000	10.00000000	0.00000000	0.00000000
S4	f	0.16259921	0.19293816	0.00000000	0.00000000	10.00000000	0.00000000	0.00000000
S5	f	0.23307189	0.63860826	0.00000000	0.00000000	10.00000000	0.00000000	0.00000000
C1	c	0.71807662	0.68858973	0.21317179	0.00000000	8.00000000	0.02620833	0.00000000
C2	c	0.64240369	0.64254211	0.07516803	0.10000000	8.10000000	0.02478854	0.00000000
C3	c	0.69814212	0.70185923	0.19923821	0.20000000	8.20000000	0.01754045	0.00000000
C4	c	0.65723057	0.58111876	0.04649719	0.30000000	8.30000000	0.01318576	0.00000000
C5	c	0.79736225	0.70401439	0.24679273	0.40000000	8.40000000	0.01082056	0.00000000
C6	c	0.76642943	0.63175748	0.02333425	0.50000000	8.50000000	0.02468788	0.00000000
C7	c	0.71154280	0.66295633	0.19125115	0.60000000	8.60000000	0.02416151	0.00000000
C8	c	0.71902006	0.14296738	0.04007781	0.70000000	8.70000000	0.01846719	0.00000000
C9	c	0.82704509	0.27752659	0.23866171	0.80000000	8.80000000	0.01118793	0.00000000
C10	c	0.77203691	0.17135768	0.26506723	0.90000000	8.90000000	0.01762359	0.00000000
C11	c	0.73185407	0.16853694	0.25980848	1.00000000	9.00000000	0.01909345	0.00000000
C12	c	0.70029418	0.28463735	0.10338155	1.10000000	9.10000000	0.02226652	0.00000000
C13	c	0.66474230	0.36632080	0.21593021	1.20000000	9.20000000	0.02542238	0.00000000
C14	c	0.72851220	0.29701918	0.03865391	1.30000000	9.30000000	0.02956857	0.00000000
C15	c	0.77956070	0.25000550	0.14624629	1.40000000	9.40000000	0.01386562	0.00000000
C16	c	0.70958091	0.05262756	0.20569784	1.50000000	9.50000000	0.02859412	0.00000000
C17	c	0.97509349	0.03087065	0.08891105	1.60000000	9.60000000	0.01801063	0.00000000
C18	c	0.37702270	0.15928805	0.07168984	1.70000000	9.70000000	0.02501852	0.00000000
C19	c	0.04102783	0.73439385	0.06122950	1.80000000	9.80000000	0.01546834	0.00000000
C20	c	0.70807558	0.42335945	0.20361098	1.90000000	9.90000000	0.01372150	0.00000000
C21	c	0.05939642	0.38117937	0.23531144	2.00000000	10.00000000	0.01097338	0.00000000
C22	c	0.45467242	0.61332607	0.20434298	2.00000000	10.00000000	0.02520839	0.00000000
C23	c	0.77111909	0.97842841	0.17650899	2.00000000	10.00000000	0.01930808	0.00000000
C24	c	0.19328119	0.92970587	0.13281244	2.00000000	10.00000000	0.01807620	0.00000000
C25	c	0.40053134	0.75092581	0.26636183	2.00000000	10.00000000	0.02378746	0.00000000
C26	c	0.27341717	0.18607480	0.03578477	2.00000000	10.00000000	0.02654770	0.00000000
C27	c	0.46540387	0.40380983	0.19562733	2.00000000	10.00000000	0.01643545	0.00000000
C28	c	0.68937276	0.82738485	0.03107359	2.00000000	10.00000000	0.01828200	0.00000000
C29	c	0.32177256	0.41410008	0.26213295	2.00000000	10.00000000	0.01841837	0.00000000
C30	c	0.42091863	0.89448695	0.02562392	2.00000000	10.00000000	0.02788974	0.00000000

Q Vehicle fuel tank capacity /0.40000000/
C Vehicle load capacity /1.50000000/
r fuel consumption rate /0.25000000/
g inverse refueling rate /1.00000000/
v average Velocity /1.00000000/
