StringID	Type	x	y	demand	ReadyTime	DueDate	ServiceTime	altitude
D0	d	0.50000000	0.50000000	0.00000000	0.00000000	10.00000000	0.00000000	0.00000000
S0	f	0.25160004	0.25683655	0.00000000	0.00000000	10.00000000	0.00000000	0.00000000
S1	f	0.85837723	0.61038240	0.00000000	0.00000000	10.00000000	0.00000000	0.00000000
S2	f	0.98907410	0.90823475	0.00000000	0.00000000	10.00000000	0.00000000	0.00000000
S3	f	0.48841553	0.92875060	0.00000000	0.00000000	10.00000000	0.00000000	0.00000000
S4	f	0.68807637	0.27866932	0.00000000	0.00000000	10.00000000	0.00000000	0.00000000
S5	f	0.32170312	0.14936914	0.00000000	0.00000000	10.00000000	0.00000000	0.00000000
C1	c	0.69889591	0.40372927	0.18400800	0.00000000	8.00000000	0.01327396	0.00000000
C2	c	0.01149337	0.19373204	0.21577331	0.10000000	8.10000000	0.01553594	0.00000000
C3	c	0.95690862	0.55606195	0.11894451	0.20000000	8.20000000	0.01800580	0.00000000
C4	c	0.36629826	0.77128319	0.02437732	0.30000000	8.30000000	0.02582396	0.00000000
C5	c	0.29623166	0.24809211	0.15944553	0.40000000	8.40000000	0.01934012	0.00000000
C6	c	0.51413195	0.82477770	0.19978966	0.50000000	8.50000000	0.02404415	0.00000000
C7	c	0.76468115	0.70707202	0.13436961	0.60000000	8.60000000	0.01880063	0.00000000
C8	c	0.63029534	0.61872395	0.22465379	0.70000000	8.70000000	0.02666370	0.00000000
C9	c	0.20595147	0.47098341	0.24120258	0.80000000	8.80000000	0.02591034	0.00000000
C10	c	0.45325601	0.33780554	0.02070087	0.90000000	8.90000000	0.01565596	0.00000000
C11	c	0.71153594	0.09213640	0.05941281	1.00000000	9.00000000	0.02307444	0.00000000
C12	c	0.78821880	0.05738007	0.08870923	1.10000000	9.10000000	0.02342931	0.00000000
C13	c	0.17942312	0.99961707	0.10178539	1.20000000	9.20000000	0.02652828	0.00000000
C14	c	0.25456598	0.02395194	0.17476492	1.30000000	9.30000000	0.01772622	0.00000000
C15	c	0.41418785	0.79486766	0.10514063	1.40000000	9.40000000	0.02959598	0.00000000
C16	c	0.87150078	0.38696217	0.12201288	1.50000000	9.50000000	0.02367175	0.00000000
C17	c	0.36542947	0.09327645	0.25082292	1.60000000	9.60000000	0.01494538	0.00000000
C18	c	0.39063312	0.68133892	0.20884510	1.70000000	9.70000000	0.01478935	0.00000000
C19	c	0.86151714	0.46400770	0.27410931	1.80000000	9.80000000	0.01232443	0.00000000
C20	c	0.25160004	0.25683655	0.10932787	1.90000000	9.90000000	0.02799402	0.00000000
C21	c	0.52456636	0.13055246	0.13622094	2.00000000	10.00000000	0.02812539	0.00000000
C22	c	0.71507464	0.69500953	0.21003913	2.00000000	10.00000000	0.01845412	0.00000000
C23	c	0.04388780	0.03947410	0.21287730	2.00000000	10.00000000	0.01402007	0.00000000
C24	c	0.15568118	0.10831958	0.19332574	2.00000000	10.00000000	0.01273058	0.00000000
C25	c	0.42021233	0.62710152	0.05516212	2.00000000	10.00000000	0.02543194	0.00000000
C26	c	0.65192771	0.22760823	0.08999207	2.00000000	10.00000000	0.02408752	0.00000000
C27	c	0.62798520	0.32397492	0.08372666	2.00000000	10.00000000	0.02480013	0.00000000
C28	c	0.55514635	0.89853461	0.27239477	2.00000000	10.00000000	0.01344382	0.00000000
C29	c	0.52313222	0.17519247	0.17197405	2.00000000	10.00000000	0.02455907	0.00000000
C30	c	0.78495493	0.24162248	0.05609097	2.00000000	10.00000000	0.01839345	0.00000000

Q Vehicle fuel tank capacity /0.40000000/
C Vehicle load capacity /1.50000000/
r fuel consumption rate /0.25000000/
g inverse refueling rate /1.00000000/
v average Velocity /1.00000000/
