StringID	Type	x	y	demand	ReadyTime	DueDate	ServiceTime	altitude
D0	d	0.50000000	0.50000000	0.00000000	0.00000000	10.00000000	0.00000000	0.00000000
S0	f	0.39448336	0.75841523	0.00000000	0.00000000	10.00000000	0.00000000	0.00000000
S1	f	0.37964082	0.72259277	0.00000000	0.00000000	10.00000000	0.00000000	0.00000000
S2	f	0.47730389	0.26841821	0.00000000	0.00000000	10.00000000	0.00000000	0.00000000
S3	f	0.07153854	0.17601997	0.00000000	0.00000000	10.00000000	0.00000000	0.00000000
S4	f	0.97013657	0.91192406	0.00000000	0.00000000	10.00000000	0.00000000	0.00000000
S5	f	0.13302819	0.87250378	0.00000000	0.00000000	10.00000000	0.00000000	0.00000000
S6	f	0.89272937	0.21224888	0.00000000	0.00000000	10.00000000	0.00000000	0.00000000
S7	f	0.81276188	0.40420708	0.00000000	0.00000000	10.00000000	0.00000000	0.00000000
S8	f	0.94224607	0.59957095	0.00000000	0.00000000	10.00000000	0.00000000	0.00000000
S9	f	0.27229487	0.30204315	0.00000000	0.00000000	10.00000000	0.00000000	0.00000000
C1	c	0.29574532	0.65697111	0.10525642	0.00000000	8.00000000	0.02627206	0.00000000
C2	c	0.55654302	0.08652915	0.13665591	0.06000000	8.06000000	0.01093213	0.00000000
C3	c	0.87302106	0.68366387	0.15944043	0.12000000	8.12000000	0.01040277	0.00000000
C4	c	0.04905131	0.47496346	0.17407407	0.18000000	8.18000000	0.02147982	0.00000000
C5	c	0.89304430	0.98818577	0.12290739	0.24000000	8.24000000	0.02476101	0.00000000
C6	c	0.20551632	0.39146869	0.02441193	0.30000000	8.30000000	0.02767399	0.00000000
C7	c	0.46941778	0.45152845	0.01210672	0.36000000	8.36000000	0.01384310	0.00000000
C8	c	0.73755089	0.94595948	0.04326709	0.42000000	8.42000000	0.02923413	0.00000000
C9	c	0.11060944	0.47965998	0.12002963	0.48000000	8.48000000	0.02534321	0.00000000
C10	c	0.77515800	0.06398239	0.11246953	0.54000000	8.54000000	0.02214884	0.00000000
C11	c	0.01333347	0.72924901	0.05945314	0.60000000	8.60000000	0.02522580	0.00000000
C12	c	0.42664790	0.54707486	0.05524130	0.66000000	8.66000000	0.01446143	0.00000000
C13	c	0.97429444	0.84980437	0.14615100	0.72000000	8.72000000	0.01391229	0.00000000
C14	c	0.21463117	0.83098683	0.15468869	0.78000000	8.78000000	0.01229850	0.00000000
C15	c	0.76813953	0.65332873	0.14115875	0.84000000	8.84000000	0.02302695	0.00000000
C16	c	0.94404191	0.73480723	0.06901212	0.90000000	8.90000000	0.01671919	0.00000000
C17	c	0.39448336	0.75841523	0.15055716	0.96000000	8.96000000	0.01050203	0.00000000
C18	c	0.20492760	0.08367161	0.12317146	1.02000000	9.02000000	0.02542181	0.00000000
C19	c	0.85900716	0.41556222	0.05695467	1.08000000	9.08000000	0.02793075	0.00000000
C20	c	0.10284510	0.53846083	0.12575355	1.14000000	9.14000000	0.02403374	0.00000000
C21	c	0.47857636	0.72242660	0.12830515	1.20000000	9.20000000	0.02742679	0.00000000
C22	c	0.50662910	0.38887596	0.15377763	1.26000000	9.26000000	0.02840529	0.00000000
C23	c	0.67222663	0.20514771	0.03322250	1.32000000	9.32000000	0.01995915	0.00000000
C24	c	0.14865933	0.01967884	0.04380160	1.38000000	9.38000000	0.02380542	0.00000000
C25	c	0.56297055	0.47614906	0.02675027	1.44000000	9.44000000	0.01692220	0.00000000
C26	c	0.95493224	0.55597276	0.12896716	1.50000000	9.50000000	0.02916677	0.00000000
C27	c	0.90150863	0.32302606	0.05027687	1.56000000	9.56000000	0.01255298	0.00000000
C28	c	0.65011588	0.38244068	0.12064518	1.62000000	9.62000000	0.01108977	0.00000000
C29	c	0.06232958	0.35324009	0.01639698	1.68000000	9.68000000	0.02057118	0.00000000
C30	c	0.69167866	0.83776097	0.01435123	1.74000000	9.74000000	0.01091125	0.00000000
C31	c	0.45369024	0.78319934	0.17011204	1.80000000	9.80000000	0.02381075	0.00000000
C32	c	0.53985273	0.04443988	0.06640148	1.86000000	9.86000000	0.01659758	0.00000000
C33	c	0.06289059	0.54638041	0.05743857	1.92000000	9.92000000	0.02122306	0.00000000
C34	c	0.30759036	0.55579164	0.17178300	1.98000000	9.98000000	0.01202380	0.00000000
C35	c	0.61326172	0.68967355	0.04504782	2.00000000	10.00000000	0.01999966	0.00000000
C36	c	0.20141983	0.26819009	0.08612710	2.00000000	10.00000000	0.02757915	0.00000000
C37	c	0.51875868	0.31887789	0.10066876	2.00000000	10.00000000	0.02660423	0.00000000
C38	c	0.65899559	0.71448321	0.06131072	2.00000000	10.00000000	0.01156300	0.00000000
C39	c	0.10166974	0.99793888	0.09183245	2.00000000	10.00000000	0.02280414	0.00000000
C40	c	0.36690958	0.07384919	0.03173242	2.00000000	10.00000000	0.01933967	0.00000000
C41	c	0.63730526	0.47304761	0.13896634	2.00000000	10.00000000	0.01611157	0.00000000
C42	c	0.89035392	0.45277491	0.04026978	2.00000000	10.00000000	0.02326797	0.00000000
C43	c	0.60993006	0.74972483	0.01280002	2.00000000	10.00000000	0.02605237	0.00000000
C44	c	0.71710123	0.08232187	0.16479845	2.00000000	10.00000000	0.01847331	0.00000000
C45	c	0.81069135	0.01343684	0.06876594	2.00000000	10.00000000	0.01098571	0.00000000
C46	c	0.64599585	0.62482409	0.07086068	2.00000000	10.00000000	0.02816254	0.00000000
C47	c	0.81484402	0.07949096	0.12662218	2.00000000	10.00000000	0.01844811	0.00000000
C48	c	0.62728970	0.25439432	0.03912216	2.00000000	10.00000000	0.02684472	0.00000000
C49	c	0.34859424	0.63141344	0.02102920	2.00000000	10.00000000	0.01711476	0.00000000
C50	c	0.39354912	0.01409632	0.12505535	2.00000000	10.00000000	0.01305292	0.00000000

Q Vehicle fuel tank capacity /0.40000000/
C Vehicle load capacity /1.50000000/
r fuel consumption rate /0.25000000/
g inverse refueling rate /1.00000000/
v average Velocity /1.00000000/
