StringID	Type	x	y	demand	ReadyTime	DueDate	ServiceTime	altitude
D0	d	0.50000000	0.50000000	0.00000000	0.00000000	10.00000000	0.00000000	0.00000000
S0	f	0.74686192	0.58256905	0.00000000	0.00000000	10.00000000	0.00000000	0.00000000
S1	f	0.60825114	0.97481825	0.00000000	0.00000000	10.00000000	0.00000000	0.00000000
S2	f	0.07307729	0.53602293	0.00000000	0.00000000	10.00000000	0.00000000	0.00000000
S3	f	0.24763604	0.79224930	0.00000000	0.00000000	10.00000000	0.00000000	0.00000000
S4	f	0.37779410	0.56606509	0.00000000	0.00000000	10.00000000	0.00000000	0.00000000
S5	f	0.18975127	0.04747196	0.00000000	0.00000000	10.00000000	0.00000000	0.00000000
C1	c	0.10089867	0.91868852	0.04083773	0.00000000	8.00000000	0.02810862	0.00000000
C2	c	0.74255823	0.39295243	0.12079213	0.10000000	8.10000000	0.02435229	0.00000000
C3	c	0.69289573	0.29686329	0.11463533	0.20000000	8.20000000	0.01460488	0.00000000
C4	c	0.34051836	0.25777831	0.15834178	0.30000000	8.30000000	0.02480663	0.00000000
C5	c	0.74609504	0.20317468	0.16926637	0.40000000	8.40000000	0.02194898	0.00000000
C6	c	0.00716212	0.59214381	0.07235512	0.50000000	8.50000000	0.02520314	0.00000000
C7	c	0.45837281	0.45175474	0.16186969	0.60000000	8.60000000	0.02013987	0.00000000
C8	c	0.40403669	0.91425396	0.07442006	0.70000000	8.70000000	0.02409262	0.00000000
C9	c	0.31940390	0.62554145	0.13925461	0.80000000	8.80000000	0.02444233	0.00000000
C10	c	0.03597943	0.31219564	0.21726102	0.90000000	8.90000000	0.01388972	0.00000000
C11	c	0.75763571	0.10248811	0.05886620	1.00000000	9.00000000	0.02866912	0.00000000
C12	c	0.85842948	0.06684501	0.09922558	1.10000000	9.10000000	0.01977417	0.00000000
C13	c	0.78300929	0.16262346	0.17519499	1.20000000	9.20000000	0.02034609	0.00000000
C14	c	0.82273452	0.53299075	0.17205873	1.30000000	9.30000000	0.02677351	0.00000000
C15	c	0.13517081	0.67432287	0.06076584	1.40000000	9.40000000	0.01045847	0.00000000
C16	c	0.30849104	0.54750709	0.17639291	1.50000000	9.50000000	0.02175593	0.00000000
C17	c	0.34167289	0.38655467	0.19336177	1.60000000	9.60000000	0.02551562	0.00000000
C18	c	0.98284460	0.67909435	0.15111912	1.70000000	9.70000000	0.02211536	0.00000000
C19	c	0.28133737	0.17702533	0.18450906	1.80000000	9.80000000	0.01450715	0.00000000
C20	c	0.74686192	0.58256905	0.11268929	1.90000000	9.90000000	0.01137925	0.00000000
C21	c	0.47483374	0.24466378	0.16134654	2.00000000	10.00000000	0.01047453	0.00000000
C22	c	0.70647201	0.71430609	0.19903059	2.00000000	10.00000000	0.01255495	0.00000000
C23	c	0.27370322	0.66929940	0.14032579	2.00000000	10.00000000	0.02613384	0.00000000
C24	c	0.13422681	0.47778002	0.22271063	2.00000000	10.00000000	0.01840458	0.00000000
C25	c	0.74649537	0.93146600	0.15630715	2.00000000	10.00000000	0.02544896	0.00000000
C26	c	0.93761132	0.60907324	0.18421318	2.00000000	10.00000000	0.01254955	0.00000000
C27	c	0.21288327	0.18841667	0.22191438	2.00000000	10.00000000	0.01845201	0.00000000
C28	c	0.55593964	0.23703355	0.19541953	2.00000000	10.00000000	0.02167093	0.00000000
C29	c	0.67743729	0.68358422	0.17987978	2.00000000	10.00000000	0.02860919	0.00000000
C30	c	0.62634443	0.64906400	0.18563510	2.00000000	10.00000000	0.01761655	0.00000000

Q Vehicle fuel tank capacity /0.40000000/
C Vehicle load capacity /1.50000000/
r fuel consumption rate /0.25000000/
g inverse refueling rate /1.00000000/
v average Velocity /1.00000000/
