StringID	Type	x	y	demand	ReadyTime	DueDate	ServiceTime	altitude
D0	d	0.50000000	0.50000000	0.00000000	0.00000000	10.00000000	0.00000000	0.00000000
S0	f	0.26639300	0.48981936	0.00000000	0.00000000	10.00000000	0.00000000	0.00000000
S1	f	0.45274345	0.79693353	0.00000000	0.00000000	10.00000000	0.00000000	0.00000000
S2	f	0.17240774	0.34948973	0.00000000	0.00000000	10.00000000	0.00000000	0.00000000
S3	f	0.68706955	0.48162733	0.00000000	0.00000000	10.00000000	0.00000000	0.00000000
S4	f	0.00727822	0.46299353	0.00000000	0.00000000	10.00000000	0.00000000	0.00000000
S5	f	0.53147866	0.21051939	0.00000000	0.00000000	10.00000000	0.00000000	0.00000000
S6	f	0.44684097	0.00849032	0.00000000	0.00000000	10.00000000	0.00000000	0.00000000
S7	f	0.16011913	0.68845848	0.00000000	0.00000000	10.00000000	0.00000000	0.00000000
S8	f	0.42583124	0.23773042	0.00000000	0.00000000	10.00000000	0.00000000	0.00000000
S9	f	0.32476515	0.32557128	0.00000000	0.00000000	10.00000000	0.00000000	0.00000000
C1	c	0.24647046	0.42736409	0.14889988	0.00000000	8.00000000	0.02046012	0.00000000
C2	c	0.33017655	0.59772943	0.03305050	0.06000000	8.06000000	0.01648037	0.00000000
C3	c	0.26469101	0.44842764	0.06295175	0.12000000	8.12000000	0.01078580	0.00000000
C4	c	0.26719419	0.42487923	0.04290148	0.18000000	8.18000000	0.02031749	0.00000000
C5	c	0.22932273	0.53104602	0.14872816	0.24000000	8.24000000	0.02784877	0.00000000
C6	c	0.88195508	0.16196561	0.05884656	0.30000000	8.30000000	0.02912746	0.00000000
C7	c	0.88457793	0.17191736	0.01843437	0.36000000	8.36000000	0.01602347	0.00000000
C8	c	0.78511966	0.11019231	0.07115470	0.42000000	8.42000000	0.02752739	0.00000000
C9	c	0.88826217	0.14006971	0.08715864	0.48000000	8.48000000	0.02927301	0.00000000
C10	c	0.83289442	0.15657074	0.11398791	0.54000000	8.54000000	0.01017924	0.00000000
C11	c	0.82792183	0.06540902	0.08267983	0.60000000	8.60000000	0.01460676	0.00000000
C12	c	0.94695609	0.12042261	0.09903077	0.66000000	8.66000000	0.01115361	0.00000000
C13	c	0.74634715	0.45175746	0.16932981	0.72000000	8.72000000	0.01361369	0.00000000
C14	c	0.74371102	0.44398792	0.17070360	0.78000000	8.78000000	0.02988623	0.00000000
C15	c	0.67660322	0.38833792	0.14307934	0.84000000	8.84000000	0.01499710	0.00000000
C16	c	0.67187237	0.40854006	0.07598247	0.90000000	8.90000000	0.01905703	0.00000000
C17	c	0.61490142	0.22154469	0.06099995	0.96000000	8.96000000	0.02392712	0.00000000
C18	c	0.92869821	0.00000000	0.02312755	1.02000000	9.02000000	0.01206500	0.00000000
C19	c	0.89290983	0.02806490	0.13666315	1.08000000	9.08000000	0.01237274	0.00000000
C20	c	0.00000000	0.14605461	0.11383846	1.14000000	9.14000000	0.02529259	0.00000000
C21	c	0.05514049	0.09369839	0.12336960	1.20000000	9.20000000	0.02290243	0.00000000
C22	c	0.00000000	0.17096702	0.07356722	1.26000000	9.26000000	0.01923173	0.00000000
C23	c	0.00000000	0.21104212	0.11990508	1.32000000	9.32000000	0.02053920	0.00000000
C24	c	0.00000000	0.11390804	0.09103453	1.38000000	9.38000000	0.01830888	0.00000000
C25	c	0.08398465	0.13177517	0.02013563	1.44000000	9.44000000	0.02385681	0.00000000
C26	c	0.58362557	0.72165357	0.06194223	1.50000000	9.50000000	0.02393730	0.00000000
C27	c	0.43606899	0.68876022	0.02797954	1.56000000	9.56000000	0.02681712	0.00000000
C28	c	0.89272137	0.62905340	0.08713641	1.62000000	9.62000000	0.01959118	0.00000000
C29	c	0.71532452	0.83697085	0.14345304	1.68000000	9.68000000	0.02443250	0.00000000
C30	c	0.30108683	0.72729096	0.01678571	1.74000000	9.74000000	0.02505889	0.00000000
C31	c	0.96696394	0.24450829	0.10759942	1.80000000	9.80000000	0.02662789	0.00000000
C32	c	0.37011418	0.31119160	0.02058401	1.86000000	9.86000000	0.01789462	0.00000000
C33	c	0.98467751	0.09125149	0.10488238	1.92000000	9.92000000	0.02629524	0.00000000
C34	c	0.52300615	0.32401830	0.12698239	1.98000000	9.98000000	0.02733600	0.00000000
C35	c	0.03929020	0.51587428	0.08125672	2.00000000	10.00000000	0.02700569	0.00000000
C36	c	0.89243830	0.95637316	0.12171575	2.00000000	10.00000000	0.01849641	0.00000000
C37	c	0.30117370	0.87636938	0.15437249	2.00000000	10.00000000	0.02191305	0.00000000
C38	c	0.23033784	0.05768036	0.11215594	2.00000000	10.00000000	0.02002086	0.00000000
C39	c	0.18068456	0.99431155	0.01553558	2.00000000	10.00000000	0.01588894	0.00000000
C40	c	0.69635596	0.10324997	0.02516605	2.00000000	10.00000000	0.01056003	0.00000000
C41	c	0.11863682	0.76462957	0.12596903	2.00000000	10.00000000	0.01695578	0.00000000
C42	c	0.64512156	0.46158632	0.14544613	2.00000000	10.00000000	0.01230351	0.00000000
C43	c	0.52696019	0.41544398	0.05964438	2.00000000	10.00000000	0.01251354	0.00000000
C44	c	0.69284026	0.69686488	0.12788501	2.00000000	10.00000000	0.02879108	0.00000000
C45	c	0.84085621	0.47955894	0.16625966	2.00000000	10.00000000	0.02467952	0.00000000
C46	c	0.72162524	0.75294469	0.05058545	2.00000000	10.00000000	0.01987035	0.00000000
C47	c	0.83139462	0.39473096	0.07069653	2.00000000	10.00000000	0.01940529	0.00000000
C48	c	0.81476195	0.86680020	0.06126228	2.00000000	10.00000000	0.02140960	0.00000000
C49	c	0.59565226	0.50104312	0.16909582	2.00000000	10.00000000	0.01451489	0.00000000
C50	c	0.29444678	0.02800129	0.02604712	2.00000000	10.00000000	0.02566570	0.00000000

Q Vehicle fuel tank capacity /0.40000000/
C Vehicle load capacity /1.50000000/
r fuel consumption rate /0.25000000/
g inverse refueling rate /1.00000000/
v average Velocity /1.00000000/
