StringID	Type	x	y	demand	ReadyTime	DueDate	ServiceTime	altitude
D0	d	0.50000000	0.50000000	0.00000000	0.00000000	10.00000000	0.00000000	0.00000000
S0	f	0.76863114	0.54205698	0.00000000	0.00000000	10.00000000	0.00000000	0.00000000
S1	f	0.21952259	0.48454891	0.00000000	0.00000000	10.00000000	0.00000000	0.00000000
S2	f	0.10521162	0.07622684	0.00000000	0.00000000	10.00000000	0.00000000	0.00000000
S3	f	0.66509027	0.27539046	0.00000000	0.00000000	10.00000000	0.00000000	0.00000000
S4	f	0.28926732	0.68905174	0.00000000	0.00000000	10.00000000	0.00000000	0.00000000
S5	f	0.77285592	0.90024255	0.00000000	0.00000000	10.00000000	0.00000000	0.00000000
C1	c	0.96843473	0.57114610	0.03095444	0.00000000	8.00000000	0.01225974	0.00000000
C2	c	0.97105611	0.80979192	0.26962122	0.10000000	8.10000000	0.02495975	0.00000000
C3	c	0.10840805	0.98087453	0.03174517	0.20000000	8.20000000	0.01429624	0.00000000
C4	c	0.68659739	0.55101532	0.17214863	0.30000000	8.30000000	0.02770677	0.00000000
C5	c	0.15453999	0.06493657	0.05220956	0.40000000	8.40000000	0.01928973	0.00000000
C6	c	0.53970515	0.84278268	0.12233844	0.50000000	8.50000000	0.02671929	0.00000000
C7	c	0.84137566	0.35131604	0.23557285	0.60000000	8.60000000	0.02582695	0.00000000
C8	c	0.03213723	0.12903305	0.14667384	0.70000000	8.70000000	0.01361894	0.00000000
C9	c	0.80738425	0.60419217	0.25841528	0.80000000	8.80000000	0.01336743	0.00000000
C10	c	0.36795980	0.61386545	0.02574368	0.90000000	8.90000000	0.01562856	0.00000000
C11	c	0.44159323	0.20724914	0.11529844	1.00000000	9.00000000	0.01495545	0.00000000
C12	c	0.87217975	0.06144176	0.12229031	1.10000000	9.10000000	0.01174901	0.00000000
C13	c	0.80270404	0.30310047	0.14439643	1.20000000	9.20000000	0.02341010	0.00000000
C14	c	0.82463192	0.94141758	0.21276975	1.30000000	9.30000000	0.01601591	0.00000000
C15	c	0.92546420	0.78405812	0.18984774	1.40000000	9.40000000	0.02803625	0.00000000
C16	c	0.69928109	0.83928118	0.09834285	1.50000000	9.50000000	0.02588795	0.00000000
C17	c	0.58467913	0.43590674	0.12246095	1.60000000	9.60000000	0.02214310	0.00000000
C18	c	0.93062157	0.91297769	0.18826889	1.70000000	9.70000000	0.02272970	0.00000000
C19	c	0.76863114	0.54205698	0.11065801	1.80000000	9.80000000	0.02551365	0.00000000
C20	c	0.08924156	0.17618437	0.17408090	1.90000000	9.90000000	0.02013635	0.00000000
C21	c	0.77043582	0.73529430	0.22852802	2.00000000	10.00000000	0.02297857	0.00000000
C22	c	0.73338465	0.61038994	0.19214008	2.00000000	10.00000000	0.02531668	0.00000000
C23	c	0.14898270	0.45062035	0.28401559	2.00000000	10.00000000	0.02414113	0.00000000
C24	c	0.62910571	0.79546045	0.24027234	2.00000000	10.00000000	0.01409771	0.00000000
C25	c	0.04788216	0.04320933	0.25460710	2.00000000	10.00000000	0.02412355	0.00000000
C26	c	0.95389441	0.49811269	0.10499150	2.00000000	10.00000000	0.01574422	0.00000000
C27	c	0.42597535	0.05724554	0.03233843	2.00000000	10.00000000	0.02311900	0.00000000
C28	c	0.93005176	0.09104844	0.06465558	2.00000000	10.00000000	0.01643649	0.00000000
C29	c	0.69719849	0.31300610	0.13793024	2.00000000	10.00000000	0.02221728	0.00000000
C30	c	0.36826251	0.75393612	0.13668372	2.00000000	10.00000000	0.01422092	0.00000000

Q Vehicle fuel tank capacity /0.40000000/
C Vehicle load capacity /1.50000000/
r fuel consumption rate /0.25000000/
g inverse refueling rate /1.00000000/
v average Velocity /1.00000000/
