StringID	Type	x	y	demand	ReadyTime	DueDate	ServiceTime	altitude
D0	d	0.50000000	0.50000000	0.00000000	0.00000000	10.00000000	0.00000000	0.00000000
S0	f	0.79513849	0.71147196	0.00000000	0.00000000	10.00000000	0.00000000	0.00000000
S1	f	0.54670706	0.49602481	0.00000000	0.00000000	10.00000000	0.00000000	0.00000000
S2	f	0.99934489	0.71973034	0.00000000	0.00000000	10.00000000	0.00000000	0.00000000
S3	f	0.94352366	0.13057393	0.00000000	0.00000000	10.00000000	0.00000000	0.00000000
S4	f	0.21958463	0.26605747	0.00000000	0.00000000	10.00000000	0.00000000	0.00000000
S5	f	0.84137609	0.77972245	0.00000000	0.00000000	10.00000000	0.00000000	0.00000000
C1	c	0.71433318	0.75710042	0.11007901	0.00000000	8.00000000	0.01473857	0.00000000
C2	c	0.84617539	0.70648817	0.22518615	0.10000000	8.10000000	0.01632338	0.00000000
C3	c	0.75887876	0.73310089	0.24587822	0.20000000	8.20000000	0.01122783	0.00000000
C4	c	0.85555437	0.69726587	0.10973521	0.30000000	8.30000000	0.02999941	0.00000000
C5	c	0.83889512	0.71880624	0.13034373	0.40000000	8.40000000	0.01871142	0.00000000
C6	c	0.35529626	0.39070348	0.17051109	0.50000000	8.50000000	0.02586734	0.00000000
C7	c	0.28890512	0.42640679	0.09580080	0.60000000	8.60000000	0.02979630	0.00000000
C8	c	0.27485045	0.50190800	0.06648830	0.70000000	8.70000000	0.02525376	0.00000000
C9	c	0.38576599	0.37841885	0.13015041	0.80000000	8.80000000	0.02994947	0.00000000
C10	c	0.33640368	0.34698524	0.19362676	0.90000000	8.90000000	0.01869443	0.00000000
C11	c	0.81959042	0.41000773	0.10901665	1.00000000	9.00000000	0.02891717	0.00000000
C12	c	0.88092955	0.42208166	0.08768029	1.10000000	9.10000000	0.01910148	0.00000000
C13	c	0.94861139	0.38703281	0.11032698	1.20000000	9.20000000	0.01902298	0.00000000
C14	c	0.81021301	0.48775769	0.18169856	1.30000000	9.30000000	0.01625682	0.00000000
C15	c	0.92579730	0.50783988	0.03366312	1.40000000	9.40000000	0.01184906	0.00000000
C16	c	0.44137095	0.08116078	0.18846572	1.50000000	9.50000000	0.02357511	0.00000000
C17	c	0.80620508	0.87199821	0.15938648	1.60000000	9.60000000	0.02549714	0.00000000
C18	c	0.85784365	0.08550925	0.15031668	1.70000000	9.70000000	0.02872551	0.00000000
C19	c	0.61107400	0.48741672	0.20127310	1.80000000	9.80000000	0.01866724	0.00000000
C20	c	0.23692839	0.31616916	0.20268832	1.90000000	9.90000000	0.01776752	0.00000000
C21	c	0.06139157	0.99997069	0.19622639	2.00000000	10.00000000	0.01978733	0.00000000
C22	c	0.43557120	0.79336694	0.22179370	2.00000000	10.00000000	0.01113024	0.00000000
C23	c	0.98981481	0.76268820	0.12566066	2.00000000	10.00000000	0.02424020	0.00000000
C24	c	0.99747352	0.43472142	0.03739176	2.00000000	10.00000000	0.01735529	0.00000000
C25	c	0.94585838	0.45507412	0.21506264	2.00000000	10.00000000	0.02057773	0.00000000
C26	c	0.45114902	0.31284097	0.23118514	2.00000000	10.00000000	0.02591579	0.00000000
C27	c	0.09245293	0.67875549	0.22771659	2.00000000	10.00000000	0.02482442	0.00000000
C28	c	0.77485722	0.93627563	0.03845735	2.00000000	10.00000000	0.02708697	0.00000000
C29	c	0.43336200	0.38837623	0.16724610	2.00000000	10.00000000	0.01602043	0.00000000
C30	c	0.48936658	0.05651178	0.13694410	2.00000000	10.00000000	0.01997591	0.00000000

Q Vehicle fuel tank capacity /0.40000000/
C Vehicle load capacity /1.50000000/
r fuel consumption rate /0.25000000/
g inverse refueling rate /1.00000000/
v average Velocity /1.00000000/
