StringID	Type	x	y	demand	ReadyTime	DueDate	ServiceTime	altitude
D0	d	0.50000000	0.50000000	0.00000000	0.00000000	10.00000000	0.00000000	0.00000000
S0	f	0.76195554	0.25550530	0.00000000	0.00000000	10.00000000	0.00000000	0.00000000
S1	f	0.82386252	0.90276967	0.00000000	0.00000000	10.00000000	0.00000000	0.00000000
S2	f	0.03548065	0.85501895	0.00000000	0.00000000	10.00000000	0.00000000	0.00000000
S3	f	0.24557094	0.38155658	0.00000000	0.00000000	10.00000000	0.00000000	0.00000000
S4	f	0.99178433	0.41263119	0.00000000	0.00000000	10.00000000	0.00000000	0.00000000
S5	f	0.35079659	0.51560185	0.00000000	0.00000000	10.00000000	0.00000000	0.00000000
C1	c	0.83897017	0.25255321	0.12181515	0.00000000	8.00000000	0.02684215	0.00000000
C2	c	0.69071666	0.19735603	0.14926023	0.10000000	8.10000000	0.02540590	0.00000000
C3	c	0.00000000	0.62926822	0.15095787	0.20000000	8.20000000	0.02454405	0.00000000
C4	c	0.00000000	0.60402703	0.14891776	0.30000000	8.30000000	0.02537461	0.00000000
C5	c	0.09544099	0.58170918	0.10186261	0.40000000	8.40000000	0.02093161	0.00000000
C6	c	0.06865983	0.59166371	0.13405662	0.50000000	8.50000000	0.02147575	0.00000000
C7	c	0.13693707	0.61225670	0.09282438	0.60000000	8.60000000	0.02025520	0.00000000
C8	c	0.12162523	0.62233298	0.04714437	0.70000000	8.70000000	0.02220680	0.00000000
C9	c	0.00000000	0.68922914	0.13197625	0.80000000	8.80000000	0.01089769	0.00000000
C10	c	0.02012079	0.61383228	0.06977119	0.90000000	8.90000000	0.01907357	0.00000000
C11	c	0.89289574	0.95544310	0.18166057	1.00000000	9.00000000	0.02324472	0.00000000
C12	c	0.79340134	0.98357219	0.18329343	1.10000000	9.10000000	0.02550008	0.00000000
C13	c	0.94384125	0.83309563	0.21860883	1.20000000	9.20000000	0.01103291	0.00000000
C14	c	0.82282673	0.80472164	0.13313051	1.30000000	9.30000000	0.01161386	0.00000000
C15	c	0.79449336	0.97554661	0.12846521	1.40000000	9.40000000	0.02414429	0.00000000
C16	c	0.94002247	0.99900454	0.14819500	1.50000000	9.50000000	0.02293128	0.00000000
C17	c	0.39675523	0.37748642	0.08208229	1.60000000	9.60000000	0.02072915	0.00000000
C18	c	0.72720268	0.76873032	0.12780774	1.70000000	9.70000000	0.02117466	0.00000000
C19	c	0.54658060	0.57378767	0.21493671	1.80000000	9.80000000	0.01157698	0.00000000
C20	c	0.51275997	0.61034006	0.20041870	1.90000000	9.90000000	0.02975398	0.00000000
C21	c	0.04488454	0.45367846	0.21732233	2.00000000	10.00000000	0.02980860	0.00000000
C22	c	0.66223618	0.77500424	0.21875170	2.00000000	10.00000000	0.02226617	0.00000000
C23	c	0.05164574	0.08069319	0.16207976	2.00000000	10.00000000	0.02013227	0.00000000
C24	c	0.70721430	0.64656411	0.21916792	2.00000000	10.00000000	0.01295180	0.00000000
C25	c	0.07884916	0.98769886	0.06525507	2.00000000	10.00000000	0.01155482	0.00000000
C26	c	0.99043009	0.61330871	0.15486195	2.00000000	10.00000000	0.02088096	0.00000000
C27	c	0.50661356	0.14758992	0.23452572	2.00000000	10.00000000	0.01160819	0.00000000
C28	c	0.07774092	0.54404797	0.24820193	2.00000000	10.00000000	0.02831628	0.00000000
C29	c	0.08040960	0.91581390	0.10855804	2.00000000	10.00000000	0.02560117	0.00000000
C30	c	0.78005836	0.43739530	0.10409017	2.00000000	10.00000000	0.01874791	0.00000000

Q Vehicle fuel tank capacity /0.40000000/
C Vehicle load capacity /1.50000000/
r fuel consumption rate /0.25000000/
g inverse refueling rate /1.00000000/
v average Velocity /1.00000000/
