StringID	Type	x	y	demand	ReadyTime	DueDate	ServiceTime	altitude
D0	d	0.50000000	0.50000000	0.00000000	0.00000000	10.00000000	0.00000000	0.00000000
S0	f	0.44613420	0.78013269	0.00000000	0.00000000	10.00000000	0.00000000	0.00000000
S1	f	0.61137656	0.95946182	0.00000000	0.00000000	10.00000000	0.00000000	0.00000000
S2	f	0.69166160	0.66349006	0.00000000	0.00000000	10.00000000	0.00000000	0.00000000
S3	f	0.07593734	0.49768293	0.00000000	0.00000000	10.00000000	0.00000000	0.00000000
S4	f	0.14538671	0.16218697	0.00000000	0.00000000	10.00000000	0.00000000	0.00000000
S5	f	0.15506346	0.89181496	0.00000000	0.00000000	10.00000000	0.00000000	0.00000000
C1	c	0.21577954	0.65559134	0.13858477	0.00000000	8.00000000	0.01775252	0.00000000
C2	c	0.92114412	0.71655335	0.10245248	0.10000000	8.10000000	0.02556811	0.00000000
C3	c	0.51726390	0.29343780	0.15857678	0.20000000	8.20000000	0.01898517	0.00000000
C4	c	0.38732342	0.43161467	0.10620555	0.30000000	8.30000000	0.02566795	0.00000000
C5	c	0.49535513	0.19903390	0.24675027	0.40000000	8.40000000	0.01452085	0.00000000
C6	c	0.57722254	0.45968798	0.02143643	0.50000000	8.50000000	0.01272730	0.00000000
C7	c	0.78314372	0.53629613	0.18093467	0.60000000	8.60000000	0.01322053	0.00000000
C8	c	0.64217637	0.35709106	0.10960642	0.70000000	8.70000000	0.02563002	0.00000000
C9	c	0.80292568	0.09257336	0.24907426	0.80000000	8.80000000	0.01956179	0.00000000
C10	c	0.00226339	0.58166043	0.10726413	0.90000000	8.90000000	0.02078171	0.00000000
C11	c	0.39392236	0.75413825	0.06429418	1.00000000	9.00000000	0.01631853	0.00000000
C12	c	0.58474993	0.01929757	0.16342550	1.10000000	9.10000000	0.01142977	0.00000000
C13	c	0.21675351	0.25181636	0.09353727	1.20000000	9.20000000	0.02386762	0.00000000
C14	c	0.09799914	0.29053618	0.17404685	1.30000000	9.30000000	0.02235254	0.00000000
C15	c	0.65959348	0.41431857	0.09883203	1.40000000	9.40000000	0.01436409	0.00000000
C16	c	0.44613420	0.78013269	0.03726155	1.50000000	9.50000000	0.01143505	0.00000000
C17	c	0.65897242	0.45849813	0.10066329	1.60000000	9.60000000	0.02896373	0.00000000
C18	c	0.58211698	0.53251478	0.20573237	1.70000000	9.70000000	0.01167857	0.00000000
C19	c	0.22953613	0.36694559	0.13265793	1.80000000	9.80000000	0.02064792	0.00000000
C20	c	0.73670107	0.34850437	0.13755042	1.90000000	9.90000000	0.01230751	0.00000000
C21	c	0.01576085	0.26358699	0.17564859	2.00000000	10.00000000	0.02609820	0.00000000
C22	c	0.55429042	0.31273270	0.18392512	2.00000000	10.00000000	0.02858901	0.00000000
C23	c	0.40487421	0.17353519	0.10483136	2.00000000	10.00000000	0.02743872	0.00000000
C24	c	0.49579056	0.34207479	0.16233205	2.00000000	10.00000000	0.02769738	0.00000000
C25	c	0.15121137	0.83970381	0.14093883	2.00000000	10.00000000	0.02244527	0.00000000
C26	c	0.02024821	0.13489626	0.22675666	2.00000000	10.00000000	0.02766073	0.00000000
C27	c	0.35365418	0.91803615	0.24492702	2.00000000	10.00000000	0.01569726	0.00000000
C28	c	0.14864751	0.24406412	0.15752511	2.00000000	10.00000000	0.02626582	0.00000000
C29	c	0.18150327	0.55936098	0.24020067	2.00000000	10.00000000	0.01677100	0.00000000
C30	c	0.27772083	0.40779527	0.23402742	2.00000000	10.00000000	0.01649238	0.00000000

Q Vehicle fuel tank capacity /0.40000000/
C Vehicle load capacity /1.50000000/
r fuel consumption rate /0.25000000/
g inverse refueling rate /1.00000000/
v average Velocity /1.00000000/
