StringID	Type	x	y	demand	ReadyTime	DueDate	ServiceTime	altitude
D0	d	0.50000000	0.50000000	0.00000000	0.00000000	10.00000000	0.00000000	0.00000000
S0	f	0.48014765	0.91944191	0.00000000	0.00000000	10.00000000	0.00000000	0.00000000
S1	f	0.18949871	0.82168255	0.00000000	0.00000000	10.00000000	0.00000000	0.00000000
S2	f	0.17945812	0.25757217	0.00000000	0.00000000	10.00000000	0.00000000	0.00000000
S3	f	0.16815516	0.57189373	0.00000000	0.00000000	10.00000000	0.00000000	0.00000000
S4	f	0.55651302	0.16981743	0.00000000	0.00000000	10.00000000	0.00000000	0.00000000
S5	f	0.12847205	0.34825721	0.00000000	0.00000000	10.00000000	0.00000000	0.00000000
S6	f	0.74659409	0.04419043	0.00000000	0.00000000	10.00000000	0.00000000	0.00000000
S7	f	0.95368136	0.98692339	0.00000000	0.00000000	10.00000000	0.00000000	0.00000000
S8	f	0.78515942	0.43576799	0.00000000	0.00000000	10.00000000	0.00000000	0.00000000
S9	f	0.86151835	0.84491502	0.00000000	0.00000000	10.00000000	0.00000000	0.00000000
C1	c	0.78814654	0.49460286	0.03912104	0.00000000	8.00000000	0.02205419	0.00000000
C2	c	0.10445640	0.66639514	0.10969390	0.06000000	8.06000000	0.01962906	0.00000000
C3	c	0.37911309	0.22776595	0.12180282	0.12000000	8.12000000	0.01540911	0.00000000
C4	c	0.87337505	0.91104997	0.06531305	0.18000000	8.18000000	0.02499776	0.00000000
C5	c	0.11328210	0.20418149	0.13434062	0.24000000	8.24000000	0.01381867	0.00000000
C6	c	0.19791236	0.19014157	0.11162336	0.30000000	8.30000000	0.02407271	0.00000000
C7	c	0.94296456	0.54229508	0.11524544	0.36000000	8.36000000	0.01237220	0.00000000
C8	c	0.57776247	0.76649650	0.01307133	0.42000000	8.42000000	0.01899876	0.00000000
C9	c	0.26680179	0.49337856	0.13991137	0.48000000	8.48000000	0.01747247	0.00000000
C10	c	0.19638003	0.47189354	0.10030821	0.54000000	8.54000000	0.02604983	0.00000000
C11	c	0.48378970	0.58384092	0.01718902	0.60000000	8.60000000	0.01207519	0.00000000
C12	c	0.17131274	0.88932767	0.15162327	0.66000000	8.66000000	0.02169997	0.00000000
C13	c	0.83222359	0.80955766	0.06890060	0.72000000	8.72000000	0.02691658	0.00000000
C14	c	0.89247949	0.25918360	0.05902402	0.78000000	8.78000000	0.01777123	0.00000000
C15	c	0.36988060	0.10608892	0.09871093	0.84000000	8.84000000	0.01244196	0.00000000
C16	c	0.68484628	0.16664044	0.07148993	0.90000000	8.90000000	0.02951341	0.00000000
C17	c	0.98075094	0.45363165	0.07169223	0.96000000	8.96000000	0.01849397	0.00000000
C18	c	0.67530878	0.75619856	0.03999753	1.02000000	9.02000000	0.02497963	0.00000000
C19	c	0.74561490	0.57177889	0.14648629	1.08000000	9.08000000	0.01946624	0.00000000
C20	c	0.48014765	0.91944191	0.03633809	1.14000000	9.14000000	0.01712666	0.00000000
C21	c	0.36810200	0.38548845	0.06659266	1.20000000	9.20000000	0.02032086	0.00000000
C22	c	0.22493275	0.31836470	0.15773559	1.26000000	9.26000000	0.02852857	0.00000000
C23	c	0.16676729	0.67154877	0.12565566	1.32000000	9.32000000	0.01709352	0.00000000
C24	c	0.97873009	0.01688697	0.07262912	1.38000000	9.38000000	0.02288358	0.00000000
C25	c	0.67084038	0.56117037	0.04570236	1.44000000	9.44000000	0.01417227	0.00000000
C26	c	0.01648273	0.82332639	0.12379574	1.50000000	9.50000000	0.02254026	0.00000000
C27	c	0.01552478	0.05416987	0.11791514	1.56000000	9.56000000	0.02541060	0.00000000
C28	c	0.06195027	0.39492702	0.03112627	1.62000000	9.62000000	0.01180090	0.00000000
C29	c	0.98480662	0.55546610	0.11366778	1.68000000	9.68000000	0.02740878	0.00000000
C30	c	0.90939936	0.31917213	0.12709133	1.74000000	9.74000000	0.02248091	0.00000000
C31	c	0.76435874	0.73900746	0.04801294	1.80000000	9.80000000	0.02771483	0.00000000
C32	c	0.06728477	0.88788921	0.06291323	1.86000000	9.86000000	0.02697007	0.00000000
C33	c	0.37143104	0.92228019	0.11530155	1.92000000	9.92000000	0.02689232	0.00000000
C34	c	0.56235567	0.38384831	0.12822209	1.98000000	9.98000000	0.02413554	0.00000000
C35	c	0.66659956	0.05906682	0.13587750	2.00000000	10.00000000	0.02506951	0.00000000
C36	c	0.79092605	0.22726746	0.07964524	2.00000000	10.00000000	0.01224595	0.00000000
C37	c	0.18949871	0.82168255	0.11365242	2.00000000	10.00000000	0.02426009	0.00000000
C38	c	0.30217039	0.18403296	0.08271535	2.00000000	10.00000000	0.01252613	0.00000000
C39	c	0.11034804	0.06674268	0.15180076	2.00000000	10.00000000	0.01524256	0.00000000
C40	c	0.20917482	0.92305135	0.02612455	2.00000000	10.00000000	0.02281704	0.00000000
C41	c	0.13080931	0.24429070	0.01700915	2.00000000	10.00000000	0.01138649	0.00000000
C42	c	0.47533134	0.82260519	0.15072149	2.00000000	10.00000000	0.01303931	0.00000000
C43	c	0.74025112	0.48537282	0.10549925	2.00000000	10.00000000	0.02440192	0.00000000
C44	c	0.97599042	0.73562559	0.07624840	2.00000000	10.00000000	0.01871941	0.00000000
C45	c	0.78406916	0.89929823	0.07547970	2.00000000	10.00000000	0.01258143	0.00000000
C46	c	0.62218166	0.18586899	0.12078573	2.00000000	10.00000000	0.02491126	0.00000000
C47	c	0.44924402	0.24109706	0.01769681	2.00000000	10.00000000	0.02235524	0.00000000
C48	c	0.35181027	0.06447491	0.15077787	2.00000000	10.00000000	0.01695863	0.00000000
C49	c	0.22550621	0.00360786	0.01408571	2.00000000	10.00000000	0.02409523	0.00000000
C50	c	0.64824796	0.96611827	0.13363558	2.00000000	10.00000000	0.01672765	0.00000000

Q Vehicle fuel tank capacity /0.40000000/
C Vehicle load capacity /1.50000000/
r fuel consumption rate /0.25000000/
g inverse refueling rate /1.00000000/
v average Velocity /1.00000000/
