StringID	Type	x	y	demand	ReadyTime	DueDate	ServiceTime	altitude
D0	d	0.50000000	0.50000000	0.00000000	0.00000000	10.00000000	0.00000000	0.00000000
S0	f	0.78580287	0.59510855	0.00000000	0.00000000	10.00000000	0.00000000	0.00000000
S1	f	0.72395089	0.17013316	0.00000000	0.00000000	10.00000000	0.00000000	0.00000000
S2	f	0.40704139	0.61587034	0.00000000	0.00000000	10.00000000	0.00000000	0.00000000
S3	f	0.77742165	0.21229140	0.00000000	0.00000000	10.00000000	0.00000000	0.00000000
S4	f	0.46388050	0.41028801	0.00000000	0.00000000	10.00000000	0.00000000	0.00000000
S5	f	0.27014431	0.07948825	0.00000000	0.00000000	10.00000000	0.00000000	0.00000000
C1	c	0.99676082	0.12984527	0.08518809	0.00000000	8.00000000	0.02451197	0.00000000
C2	c	0.19284905	0.41357724	0.14892160	0.10000000	8.10000000	0.01297475	0.00000000
C3	c	0.59548510	0.96538277	0.12293110	0.20000000	8.20000000	0.01033787	0.00000000
C4	c	0.32191009	0.18201904	0.09531903	0.30000000	8.30000000	0.01327566	0.00000000
C5	c	0.80480929	0.85736855	0.27252110	0.40000000	8.40000000	0.02720833	0.00000000
C6	c	0.36683465	0.58686803	0.18596553	0.50000000	8.50000000	0.02222029	0.00000000
C7	c	0.84135093	0.34211362	0.14202467	0.60000000	8.60000000	0.01450497	0.00000000
C8	c	0.39878849	0.71484247	0.21419198	0.70000000	8.70000000	0.01230999	0.00000000
C9	c	0.43550732	0.50876191	0.07895650	0.80000000	8.80000000	0.02532746	0.00000000
C10	c	0.43141563	0.56541137	0.04818098	0.90000000	8.90000000	0.01105329	0.00000000
C11	c	0.00961943	0.03509058	0.06314409	1.00000000	9.00000000	0.02213831	0.00000000
C12	c	0.83381989	0.50082081	0.24043547	1.10000000	9.10000000	0.02977592	0.00000000
C13	c	0.67795174	0.13458127	0.21636039	1.20000000	9.20000000	0.01277031	0.00000000
C14	c	0.96170674	0.65692762	0.06783016	1.30000000	9.30000000	0.02786422	0.00000000
C15	c	0.59733700	0.22215867	0.04673563	1.40000000	9.40000000	0.02434919	0.00000000
C16	c	0.78218132	0.44907714	0.18447674	1.50000000	9.50000000	0.02885080	0.00000000
C17	c	0.37925058	0.09419055	0.17391991	1.60000000	9.60000000	0.01585822	0.00000000
C18	c	0.85010075	0.26552771	0.08800331	1.70000000	9.70000000	0.02599294	0.00000000
C19	c	0.78580287	0.59510855	0.04238456	1.80000000	9.80000000	0.02399742	0.00000000
C20	c	0.23189234	0.62770489	0.24567502	1.90000000	9.90000000	0.01873684	0.00000000
C21	c	0.32257969	0.53456816	0.27340189	2.00000000	10.00000000	0.01299091	0.00000000
C22	c	0.20126170	0.84597484	0.16912441	2.00000000	10.00000000	0.02452602	0.00000000
C23	c	0.60518533	0.65898122	0.19452597	2.00000000	10.00000000	0.02607562	0.00000000
C24	c	0.14001647	0.27068660	0.26023523	2.00000000	10.00000000	0.01740634	0.00000000
C25	c	0.38241034	0.43283497	0.04664844	2.00000000	10.00000000	0.01622595	0.00000000
C26	c	0.48994980	0.32909960	0.12546839	2.00000000	10.00000000	0.01569650	0.00000000
C27	c	0.87303567	0.57728240	0.02925163	2.00000000	10.00000000	0.01315465	0.00000000
C28	c	0.56323986	0.61839362	0.22452392	2.00000000	10.00000000	0.01708186	0.00000000
C29	c	0.79118344	0.40830153	0.18654650	2.00000000	10.00000000	0.02665810	0.00000000
C30	c	0.47126181	0.20253342	0.22710779	2.00000000	10.00000000	0.01129283	0.00000000

Q Vehicle fuel tank capacity /0.40000000/
C Vehicle load capacity /1.50000000/
r fuel consumption rate /0.25000000/
g inverse refueling rate /1.00000000/
v average Velocity /1.00000000/
