StringID	Type	x	y	demand	ReadyTime	DueDate	ServiceTime	altitude
D0	d	0.50000000	0.50000000	0.00000000	0.00000000	10.00000000	0.00000000	0.00000000
S0	f	0.97157843	0.32010764	0.00000000	0.00000000	10.00000000	0.00000000	0.00000000
S1	f	0.35350821	0.19223948	0.00000000	0.00000000	10.00000000	0.00000000	0.00000000
S2	f	0.04301434	0.18310542	0.00000000	0.00000000	10.00000000	0.00000000	0.00000000
S3	f	0.49988650	0.58169945	0.00000000	0.00000000	10.00000000	0.00000000	0.00000000
S4	f	0.42136166	0.22615303	0.00000000	0.00000000	10.00000000	0.00000000	0.00000000
S5	f	0.86390234	0.47320274	0.00000000	0.00000000	10.00000000	0.00000000	0.00000000
S6	f	0.04297408	0.13260858	0.00000000	0.00000000	10.00000000	0.00000000	0.00000000
S7	f	0.02847643	0.91924488	0.00000000	0.00000000	10.00000000	0.00000000	0.00000000
S8	f	0.34340580	0.75656205	0.00000000	0.00000000	10.00000000	0.00000000	0.00000000
S9	f	0.49909451	0.64536207	0.00000000	0.00000000	10.00000000	0.00000000	0.00000000
C1	c	0.43852835	0.17254593	0.06853561	0.00000000	8.00000000	0.01419160	0.00000000
C2	c	0.73143961	0.33749523	0.09452351	0.06000000	8.06000000	0.01544600	0.00000000
C3	c	0.03072444	0.59991129	0.13069984	0.12000000	8.12000000	0.01997080	0.00000000
C4	c	0.07340731	0.54194290	0.11867270	0.18000000	8.18000000	0.02769158	0.00000000
C5	c	0.19037040	0.07400942	0.14632536	0.24000000	8.24000000	0.01506655	0.00000000
C6	c	0.34105783	0.71366830	0.14242542	0.30000000	8.30000000	0.02036444	0.00000000
C7	c	0.86670912	0.62565280	0.01900749	0.36000000	8.36000000	0.01198092	0.00000000
C8	c	0.60959632	0.56611329	0.15432798	0.42000000	8.42000000	0.02634884	0.00000000
C9	c	0.48193954	0.70750046	0.08185375	0.48000000	8.48000000	0.02188803	0.00000000
C10	c	0.11301903	0.78058869	0.02329996	0.54000000	8.54000000	0.02261049	0.00000000
C11	c	0.33813999	0.14790454	0.05603193	0.60000000	8.60000000	0.02148341	0.00000000
C12	c	0.18549895	0.64537471	0.02267994	0.66000000	8.66000000	0.02312457	0.00000000
C13	c	0.43423652	0.95954631	0.04513849	0.72000000	8.72000000	0.01105004	0.00000000
C14	c	0.48291828	0.82519832	0.08975991	0.78000000	8.78000000	0.01108791	0.00000000
C15	c	0.13963998	0.28611331	0.09859980	0.84000000	8.84000000	0.02504428	0.00000000
C16	c	0.16269290	0.84848328	0.09824571	0.90000000	8.90000000	0.02462594	0.00000000
C17	c	0.31478759	0.61546122	0.13353786	0.96000000	8.96000000	0.01418968	0.00000000
C18	c	0.15066588	0.40931379	0.11496423	1.02000000	9.02000000	0.01990767	0.00000000
C19	c	0.12838926	0.44866982	0.11424071	1.08000000	9.08000000	0.02190073	0.00000000
C20	c	0.97157843	0.32010764	0.08795285	1.14000000	9.14000000	0.01637125	0.00000000
C21	c	0.10153939	0.16283380	0.11364540	1.20000000	9.20000000	0.01482456	0.00000000
C22	c	0.65868561	0.46286538	0.10135029	1.26000000	9.26000000	0.02488297	0.00000000
C23	c	0.09011699	0.48200340	0.09321128	1.32000000	9.32000000	0.02034180	0.00000000
C24	c	0.38769730	0.70025298	0.13037977	1.38000000	9.38000000	0.02671038	0.00000000
C25	c	0.17247158	0.32267219	0.12350919	1.44000000	9.44000000	0.01251210	0.00000000
C26	c	0.01343171	0.29132894	0.13415748	1.50000000	9.50000000	0.01694110	0.00000000
C27	c	0.06200870	0.02615037	0.06163482	1.56000000	9.56000000	0.01971627	0.00000000
C28	c	0.04241798	0.69588160	0.01968507	1.62000000	9.62000000	0.01356413	0.00000000
C29	c	0.61076743	0.27435139	0.08795985	1.68000000	9.68000000	0.02390051	0.00000000
C30	c	0.38912741	0.31991107	0.09462423	1.74000000	9.74000000	0.02645299	0.00000000
C31	c	0.34104527	0.04141608	0.12737102	1.80000000	9.80000000	0.01514112	0.00000000
C32	c	0.58806457	0.31185136	0.08638492	1.86000000	9.86000000	0.01243855	0.00000000
C33	c	0.61242324	0.60899366	0.13754598	1.92000000	9.92000000	0.01781063	0.00000000
C34	c	0.26718359	0.04956208	0.02461593	1.98000000	9.98000000	0.02142650	0.00000000
C35	c	0.35350821	0.19223948	0.13358653	2.00000000	10.00000000	0.02977277	0.00000000
C36	c	0.22465118	0.27261272	0.01582680	2.00000000	10.00000000	0.01517669	0.00000000
C37	c	0.98876791	0.54825422	0.06686973	2.00000000	10.00000000	0.02189681	0.00000000
C38	c	0.79278457	0.94192624	0.11670616	2.00000000	10.00000000	0.02655537	0.00000000
C39	c	0.78549603	0.48394525	0.12661380	2.00000000	10.00000000	0.02509950	0.00000000
C40	c	0.63725074	0.82097730	0.06615822	2.00000000	10.00000000	0.02610522	0.00000000
C41	c	0.66183291	0.54345170	0.05597600	2.00000000	10.00000000	0.02659156	0.00000000
C42	c	0.32471602	0.48840732	0.08930077	2.00000000	10.00000000	0.01903373	0.00000000
C43	c	0.13969530	0.70141115	0.13539865	2.00000000	10.00000000	0.02015441	0.00000000
C44	c	0.72658161	0.02949880	0.03176310	2.00000000	10.00000000	0.02742931	0.00000000
C45	c	0.44399130	0.52318602	0.02521752	2.00000000	10.00000000	0.02095950	0.00000000
C46	c	0.21441469	0.58186711	0.01852183	2.00000000	10.00000000	0.02420770	0.00000000
C47	c	0.79744677	0.89447161	0.13114642	2.00000000	10.00000000	0.01251567	0.00000000
C48	c	0.24246166	0.72493273	0.05808296	2.00000000	10.00000000	0.01314911	0.00000000
C49	c	0.11841415	0.59611380	0.13501999	2.00000000	10.00000000	0.02090721	0.00000000
C50	c	0.92384912	0.34605573	0.11691322	2.00000000	10.00000000	0.01777324	0.00000000

Q Vehicle fuel tank capacity /0.40000000/
C Vehicle load capacity /1.50000000/
r fuel consumption rate /0.25000000/
g inverse refueling rate /1.00000000/
v average Velocity /1.00000000/
