StringID	Type	x	y	demand	ReadyTime	DueDate	ServiceTime	altitude
D0	d	0.50000000	0.50000000	0.00000000	0.00000000	10.00000000	0.00000000	0.00000000
S0	f	0.71449108	0.61183099	0.00000000	0.00000000	10.00000000	0.00000000	0.00000000
S1	f	0.57420387	0.91745569	0.00000000	0.00000000	10.00000000	0.00000000	0.00000000
S2	f	0.44833664	0.33249296	0.00000000	0.00000000	10.00000000	0.00000000	0.00000000
S3	f	0.49615757	0.01876650	0.00000000	0.00000000	10.00000000	0.00000000	0.00000000
S4	f	0.60094933	0.20339453	0.00000000	0.00000000	10.00000000	0.00000000	0.00000000
S5	f	0.55392170	0.69013977	0.00000000	0.00000000	10.00000000	0.00000000	0.00000000
C1	c	0.81367662	0.06045809	0.13202837	0.00000000	8.00000000	0.01674034	0.00000000
C2	c	0.79129539	0.00000000	0.02043836	0.10000000	8.10000000	0.02712833	0.00000000
C3	c	0.69812010	0.00000000	0.19489134	0.20000000	8.20000000	0.02794694	0.00000000
C4	c	0.62211009	0.00000000	0.08344164	0.30000000	8.30000000	0.02935237	0.00000000
C5	c	0.69940671	0.04822019	0.03129874	0.40000000	8.40000000	0.02326731	0.00000000
C6	c	0.15974417	0.48921502	0.26604359	0.50000000	8.50000000	0.02031059	0.00000000
C7	c	0.16414960	0.57839550	0.16814387	0.60000000	8.60000000	0.02675239	0.00000000
C8	c	0.23388221	0.50981783	0.12399551	0.70000000	8.70000000	0.02188440	0.00000000
C9	c	0.07340146	0.45945323	0.22570617	0.80000000	8.80000000	0.02299632	0.00000000
C10	c	0.18597746	0.41021004	0.24741365	0.90000000	8.90000000	0.01090305	0.00000000
C11	c	0.11188166	0.68642856	0.04073881	1.00000000	9.00000000	0.01014616	0.00000000
C12	c	0.04502388	0.55853874	0.26750538	1.10000000	9.10000000	0.02116793	0.00000000
C13	c	0.08372397	0.60239605	0.25623784	1.20000000	9.20000000	0.01496866	0.00000000
C14	c	0.17087992	0.67218565	0.23059658	1.30000000	9.30000000	0.02504549	0.00000000
C15	c	0.11523234	0.59775571	0.23887032	1.40000000	9.40000000	0.02653224	0.00000000
C16	c	0.73204818	0.17046243	0.05874910	1.50000000	9.50000000	0.02418242	0.00000000
C17	c	0.30202643	0.68915222	0.22619272	1.60000000	9.60000000	0.01835152	0.00000000
C18	c	0.83194255	0.59604450	0.06809654	1.70000000	9.70000000	0.01909901	0.00000000
C19	c	0.01057782	0.02414105	0.10513410	1.80000000	9.80000000	0.01571056	0.00000000
C20	c	0.52856504	0.37841855	0.21411676	1.90000000	9.90000000	0.01131947	0.00000000
C21	c	0.61862856	0.41627679	0.25431473	2.00000000	10.00000000	0.02206282	0.00000000
C22	c	0.33442200	0.16580957	0.18790531	2.00000000	10.00000000	0.01662184	0.00000000
C23	c	0.33701686	0.85641668	0.02308623	2.00000000	10.00000000	0.02108674	0.00000000
C24	c	0.89734701	0.96761832	0.02690451	2.00000000	10.00000000	0.02259666	0.00000000
C25	c	0.66336556	0.51552950	0.16890866	2.00000000	10.00000000	0.02445733	0.00000000
C26	c	0.64981602	0.04515262	0.12663981	2.00000000	10.00000000	0.01383124	0.00000000
C27	c	0.24843310	0.75227448	0.19426312	2.00000000	10.00000000	0.02100329	0.00000000
C28	c	0.82661189	0.70912122	0.13729756	2.00000000	10.00000000	0.01451421	0.00000000
C29	c	0.41757603	0.45495068	0.11425401	2.00000000	10.00000000	0.02042025	0.00000000
C30	c	0.28552803	0.06597330	0.06678667	2.00000000	10.00000000	0.02278741	0.00000000

Q Vehicle fuel tank capacity /0.40000000/
C Vehicle load capacity /1.50000000/
r fuel consumption rate /0.25000000/
g inverse refueling rate /1.00000000/
v average Velocity /1.00000000/
