StringID	Type	x	y	demand	ReadyTime	DueDate	ServiceTime	altitude
D0	d	0.50000000	0.50000000	0.00000000	0.00000000	10.00000000	0.00000000	0.00000000
S0	f	0.65359127	0.90453079	0.00000000	0.00000000	10.00000000	0.00000000	0.00000000
S1	f	0.66931820	0.50410613	0.00000000	0.00000000	10.00000000	0.00000000	0.00000000
S2	f	0.01084353	0.92069666	0.00000000	0.00000000	10.00000000	0.00000000	0.00000000
S3	f	0.16204149	0.77816552	0.00000000	0.00000000	10.00000000	0.00000000	0.00000000
S4	f	0.37171359	0.69471495	0.00000000	0.00000000	10.00000000	0.00000000	0.00000000
S5	f	0.02275249	0.34717429	0.00000000	0.00000000	10.00000000	0.00000000	0.00000000
S6	f	0.24958473	0.10230651	0.00000000	0.00000000	10.00000000	0.00000000	0.00000000
S7	f	0.99424492	0.76234852	0.00000000	0.00000000	10.00000000	0.00000000	0.00000000
S8	f	0.33176894	0.47111134	0.00000000	0.00000000	10.00000000	0.00000000	0.00000000
S9	f	0.75181279	0.47984482	0.00000000	0.00000000	10.00000000	0.00000000	0.00000000
C1	c	0.54471769	0.83055686	0.07456174	0.00000000	8.00000000	0.02073933	0.00000000
C2	c	0.32342160	0.88032862	0.15509802	0.06000000	8.06000000	0.02025594	0.00000000
C3	c	0.01828343	0.13388531	0.02698915	0.12000000	8.12000000	0.01454143	0.00000000
C4	c	0.72282260	0.41520438	0.13103214	0.18000000	8.18000000	0.02893291	0.00000000
C5	c	0.78925522	0.64961665	0.04705679	0.24000000	8.24000000	0.01383673	0.00000000
C6	c	0.90623129	0.90876205	0.03170266	0.30000000	8.30000000	0.01232117	0.00000000
C7	c	0.62596185	0.94096555	0.05009415	0.36000000	8.36000000	0.01389954	0.00000000
C8	c	0.54291439	0.76824705	0.14947499	0.42000000	8.42000000	0.01404043	0.00000000
C9	c	0.53658682	0.27238063	0.11500470	0.48000000	8.48000000	0.02563057	0.00000000
C10	c	0.62204205	0.57532367	0.02924493	0.54000000	8.54000000	0.02698007	0.00000000
C11	c	0.03345235	0.69154472	0.06529432	0.60000000	8.60000000	0.02748923	0.00000000
C12	c	0.34825782	0.06855615	0.02640187	0.66000000	8.66000000	0.01852602	0.00000000
C13	c	0.34174389	0.74149317	0.10736484	0.72000000	8.72000000	0.02743436	0.00000000
C14	c	0.73529626	0.60059753	0.02916313	0.78000000	8.78000000	0.01632164	0.00000000
C15	c	0.86340206	0.71216124	0.09714712	0.84000000	8.84000000	0.01127678	0.00000000
C16	c	0.27033667	0.53330704	0.01588055	0.90000000	8.90000000	0.01078257	0.00000000
C17	c	0.97909999	0.37371769	0.10684830	0.96000000	8.96000000	0.02120767	0.00000000
C18	c	0.08679524	0.32005406	0.13820773	1.02000000	9.02000000	0.01324258	0.00000000
C19	c	0.65359127	0.90453079	0.15458412	1.08000000	9.08000000	0.02081525	0.00000000
C20	c	0.25996308	0.23650128	0.09328565	1.14000000	9.14000000	0.01495699	0.00000000
C21	c	0.16281293	0.46684041	0.15749063	1.20000000	9.20000000	0.01683205	0.00000000
C22	c	0.68112103	0.98548201	0.05862393	1.26000000	9.26000000	0.01487370	0.00000000
C23	c	0.94958549	0.74079693	0.15137966	1.32000000	9.32000000	0.01115295	0.00000000
C24	c	0.13316193	0.11333069	0.02765864	1.38000000	9.38000000	0.02670034	0.00000000
C25	c	0.09194408	0.25228701	0.07852772	1.44000000	9.44000000	0.02843817	0.00000000
C26	c	0.60321025	0.30582649	0.08097728	1.50000000	9.50000000	0.02510764	0.00000000
C27	c	0.19169167	0.26335097	0.09061037	1.56000000	9.56000000	0.02688878	0.00000000
C28	c	0.73416144	0.31697298	0.06688354	1.62000000	9.62000000	0.02613485	0.00000000
C29	c	0.96883380	0.03071641	0.07227794	1.68000000	9.68000000	0.02518793	0.00000000
C30	c	0.19709919	0.80159757	0.03460975	1.74000000	9.74000000	0.02359528	0.00000000
C31	c	0.49276465	0.45856562	0.08376605	1.80000000	9.80000000	0.02370426	0.00000000
C32	c	0.29999442	0.12179766	0.12835453	1.86000000	9.86000000	0.02323851	0.00000000
C33	c	0.68141274	0.94246563	0.12547629	1.92000000	9.92000000	0.01070806	0.00000000
C34	c	0.40881662	0.52937534	0.16549418	1.98000000	9.98000000	0.01532052	0.00000000
C35	c	0.70143081	0.72514955	0.11744329	2.00000000	10.00000000	0.02249425	0.00000000
C36	c	0.21641043	0.01299107	0.11435731	2.00000000	10.00000000	0.02249970	0.00000000
C37	c	0.41028932	0.95289034	0.11563214	2.00000000	10.00000000	0.01257128	0.00000000
C38	c	0.66931820	0.50410613	0.06206471	2.00000000	10.00000000	0.02121177	0.00000000
C39	c	0.49725557	0.40271320	0.01481174	2.00000000	10.00000000	0.02518712	0.00000000
C40	c	0.08494320	0.94570171	0.11998606	2.00000000	10.00000000	0.02817472	0.00000000
C41	c	0.73454724	0.26548904	0.03457299	2.00000000	10.00000000	0.01989522	0.00000000
C42	c	0.26529367	0.94031243	0.03301357	2.00000000	10.00000000	0.01208221	0.00000000
C43	c	0.78924529	0.33466074	0.12224842	2.00000000	10.00000000	0.01676505	0.00000000
C44	c	0.29218923	0.75549246	0.07354912	2.00000000	10.00000000	0.02797755	0.00000000
C45	c	0.45364807	0.83316657	0.14999311	2.00000000	10.00000000	0.02011278	0.00000000
C46	c	0.88030378	0.85092416	0.06815298	2.00000000	10.00000000	0.01881398	0.00000000
C47	c	0.32118399	0.33436680	0.15722995	2.00000000	10.00000000	0.01224879	0.00000000
C48	c	0.14239029	0.03659368	0.13107711	2.00000000	10.00000000	0.02296111	0.00000000
C49	c	0.25895883	0.59319350	0.05839843	2.00000000	10.00000000	0.02105436	0.00000000
C50	c	0.56413477	0.42657472	0.16090168	2.00000000	10.00000000	0.02768718	0.00000000

Q Vehicle fuel tank capacity /0.40000000/
C Vehicle load capacity /1.50000000/
r fuel consumption rate /0.25000000/
g inverse refueling rate /1.00000000/
v average Velocity /1.00000000/
