StringID	Type	x	y	demand	ReadyTime	DueDate	ServiceTime	altitude
D0	d	0.50000000	0.50000000	0.00000000	0.00000000	10.00000000	0.00000000	0.00000000
S0	f	0.61840853	0.32670038	0.00000000	0.00000000	10.00000000	0.00000000	0.00000000
S1	f	0.95699996	0.46245315	0.00000000	0.00000000	10.00000000	0.00000000	0.00000000
S2	f	0.49963876	0.12335483	0.00000000	0.00000000	10.00000000	0.00000000	0.00000000
S3	f	0.07258350	0.24640380	0.00000000	0.00000000	10.00000000	0.00000000	0.00000000
S4	f	0.43945011	0.31461998	0.00000000	0.00000000	10.00000000	0.00000000	0.00000000
S5	f	0.18859973	0.89492761	0.00000000	0.00000000	10.00000000	0.00000000	0.00000000
C1	c	0.09761192	0.59585297	0.03343324	0.00000000	8.00000000	0.01799081	0.00000000
C2	c	0.63068693	0.91844482	0.07098027	0.10000000	8.10000000	0.01483330	0.00000000
C3	c	0.41544545	0.90811440	0.21010666	0.20000000	8.20000000	0.01392458	0.00000000
C4	c	0.90831245	0.81973402	0.18684013	0.30000000	8.30000000	0.02105501	0.00000000
C5	c	0.50456900	0.69270474	0.12465478	0.40000000	8.40000000	0.01696239	0.00000000
C6	c	0.69341225	0.31081994	0.21126242	0.50000000	8.50000000	0.01571824	0.00000000
C7	c	0.15592949	0.47310201	0.17304413	0.60000000	8.60000000	0.01876277	0.00000000
C8	c	0.15283275	0.14689734	0.19658338	0.70000000	8.70000000	0.02207232	0.00000000
C9	c	0.07227085	0.94020379	0.17883116	0.80000000	8.80000000	0.01440576	0.00000000
C10	c	0.75904658	0.04184387	0.10554802	0.90000000	8.90000000	0.01330735	0.00000000
C11	c	0.63001727	0.00846397	0.25705638	1.00000000	9.00000000	0.02566336	0.00000000
C12	c	0.46099253	0.02229160	0.07342680	1.10000000	9.10000000	0.01637766	0.00000000
C13	c	0.21357815	0.74939455	0.24297234	1.20000000	9.20000000	0.01887801	0.00000000
C14	c	0.79167407	0.89564730	0.05225093	1.30000000	9.30000000	0.01800069	0.00000000
C15	c	0.01121887	0.70898713	0.24004161	1.40000000	9.40000000	0.02874014	0.00000000
C16	c	0.92237737	0.17695535	0.11581744	1.50000000	9.50000000	0.01928872	0.00000000
C17	c	0.64361620	0.61818253	0.08008036	1.60000000	9.60000000	0.01731569	0.00000000
C18	c	0.37598562	0.82354383	0.05120762	1.70000000	9.70000000	0.01390834	0.00000000
C19	c	0.61840853	0.32670038	0.23015116	1.80000000	9.80000000	0.02001099	0.00000000
C20	c	0.37343575	0.38180128	0.20372783	1.90000000	9.90000000	0.02269480	0.00000000
C21	c	0.80819170	0.72318071	0.05472059	2.00000000	10.00000000	0.02044882	0.00000000
C22	c	0.67030375	0.87957728	0.22844462	2.00000000	10.00000000	0.02059523	0.00000000
C23	c	0.30369753	0.08332945	0.25866823	2.00000000	10.00000000	0.01746482	0.00000000
C24	c	0.11573882	0.55506724	0.23044796	2.00000000	10.00000000	0.02553491	0.00000000
C25	c	0.10472867	0.91303707	0.07799226	2.00000000	10.00000000	0.02081133	0.00000000
C26	c	0.53549144	0.62177131	0.04494781	2.00000000	10.00000000	0.02730927	0.00000000
C27	c	0.85215652	0.06483215	0.11778046	2.00000000	10.00000000	0.01492855	0.00000000
C28	c	0.68511784	0.66343820	0.25743454	2.00000000	10.00000000	0.02119886	0.00000000
C29	c	0.76223601	0.60417165	0.04414297	2.00000000	10.00000000	0.01881559	0.00000000
C30	c	0.49354977	0.36419885	0.14740391	2.00000000	10.00000000	0.02989081	0.00000000

Q Vehicle fuel tank capacity /0.40000000/
C Vehicle load capacity /1.50000000/
r fuel consumption rate /0.25000000/
g inverse refueling rate /1.00000000/
v average Velocity /1.00000000/
