StringID	Type	x	y	demand	ReadyTime	DueDate	ServiceTime	altitude
D0	d	0.50000000	0.50000000	0.00000000	0.00000000	10.00000000	0.00000000	0.00000000
S0	f	0.25273671	0.32974266	0.00000000	0.00000000	10.00000000	0.00000000	0.00000000
S1	f	0.93063720	0.50575028	0.00000000	0.00000000	10.00000000	0.00000000	0.00000000
S2	f	0.04497897	0.29585296	0.00000000	0.00000000	10.00000000	0.00000000	0.00000000
S3	f	0.14354737	0.34345226	0.00000000	0.00000000	10.00000000	0.00000000	0.00000000
S4	f	0.30739923	0.65438553	0.00000000	0.00000000	10.00000000	0.00000000	0.00000000
S5	f	0.57708261	0.94238478	0.00000000	0.00000000	10.00000000	0.00000000	0.00000000
C1	c	0.56855515	0.67330139	0.13456327	0.00000000	8.00000000	0.01497440	0.00000000
C2	c	0.88478308	0.33677535	0.06458010	0.10000000	8.10000000	0.01405074	0.00000000
C3	c	0.06374591	0.10277099	0.11740809	0.20000000	8.20000000	0.02971902	0.00000000
C4	c	0.18777594	0.00116698	0.17188077	0.30000000	8.30000000	0.02034084	0.00000000
C5	c	0.98263360	0.34365536	0.29051722	0.40000000	8.40000000	0.02820323	0.00000000
C6	c	0.75698152	0.72983104	0.24380995	0.50000000	8.50000000	0.02180142	0.00000000
C7	c	0.20518700	0.12010446	0.25928122	0.60000000	8.60000000	0.02984074	0.00000000
C8	c	0.30432273	0.59172614	0.02566387	0.70000000	8.70000000	0.02912062	0.00000000
C9	c	0.91650387	0.62725728	0.03346160	0.80000000	8.80000000	0.01539092	0.00000000
C10	c	0.87066693	0.19405937	0.07433416	0.90000000	8.90000000	0.01629298	0.00000000
C11	c	0.02921045	0.76902145	0.14659556	1.00000000	9.00000000	0.01650644	0.00000000
C12	c	0.76465963	0.82941462	0.05629976	1.10000000	9.10000000	0.01961083	0.00000000
C13	c	0.72536668	0.64368759	0.19777997	1.20000000	9.20000000	0.02239368	0.00000000
C14	c	0.14048059	0.05595970	0.29901704	1.30000000	9.30000000	0.02751569	0.00000000
C15	c	0.37103960	0.90402911	0.05006380	1.40000000	9.40000000	0.01696326	0.00000000
C16	c	0.02351810	0.63808383	0.18390380	1.50000000	9.50000000	0.02666703	0.00000000
C17	c	0.46395861	0.24895550	0.04757989	1.60000000	9.60000000	0.01437766	0.00000000
C18	c	0.59244129	0.88578389	0.06699619	1.70000000	9.70000000	0.02163199	0.00000000
C19	c	0.25273671	0.32974266	0.11330219	1.80000000	9.80000000	0.01865316	0.00000000
C20	c	0.49664468	0.64348653	0.12079554	1.90000000	9.90000000	0.02902395	0.00000000
C21	c	0.63078973	0.82823695	0.30833782	2.00000000	10.00000000	0.02754423	0.00000000
C22	c	0.01641615	0.91839748	0.30801559	2.00000000	10.00000000	0.01689300	0.00000000
C23	c	0.11437297	0.28463543	0.21960938	2.00000000	10.00000000	0.01578356	0.00000000
C24	c	0.09386531	0.75631709	0.16209750	2.00000000	10.00000000	0.01373177	0.00000000
C25	c	0.45784739	0.72713204	0.12746740	2.00000000	10.00000000	0.01422918	0.00000000
C26	c	0.21510497	0.51623866	0.11031760	2.00000000	10.00000000	0.02648819	0.00000000
C27	c	0.61691407	0.63541383	0.04238750	2.00000000	10.00000000	0.02904801	0.00000000
C28	c	0.25316080	0.08063623	0.10465312	2.00000000	10.00000000	0.01873586	0.00000000
C29	c	0.78962184	0.86541483	0.31093811	2.00000000	10.00000000	0.02211556	0.00000000
C30	c	0.92286279	0.75133173	0.10834199	2.00000000	10.00000000	0.02975109	0.00000000

Q Vehicle fuel tank capacity /0.40000000/
C Vehicle load capacity /1.50000000/
r fuel consumption rate /0.25000000/
g inverse refueling rate /1.00000000/
v average Velocity /1.00000000/
