StringID	Type	x	y	demand	ReadyTime	DueDate	ServiceTime	altitude
D0	d	0.50000000	0.50000000	0.00000000	0.00000000	10.00000000	0.00000000	0.00000000
S0	f	0.10998750	0.59209678	0.00000000	0.00000000	10.00000000	0.00000000	0.00000000
S1	f	0.49179279	0.62944795	0.00000000	0.00000000	10.00000000	0.00000000	0.00000000
S2	f	0.83880956	0.49460834	0.00000000	0.00000000	10.00000000	0.00000000	0.00000000
S3	f	0.17375181	0.04857838	0.00000000	0.00000000	10.00000000	0.00000000	0.00000000
S4	f	0.48507818	0.09237830	0.00000000	0.00000000	10.00000000	0.00000000	0.00000000
S5	f	0.85711910	0.69248752	0.00000000	0.00000000	10.00000000	0.00000000	0.00000000
S6	f	0.36066655	0.93999758	0.00000000	0.00000000	10.00000000	0.00000000	0.00000000
S7	f	0.67449140	0.43210499	0.00000000	0.00000000	10.00000000	0.00000000	0.00000000
S8	f	0.31394930	0.51894153	0.00000000	0.00000000	10.00000000	0.00000000	0.00000000
S9	f	0.49973519	0.58499576	0.00000000	0.00000000	10.00000000	0.00000000	0.00000000
C1	c	0.59143958	0.26089852	0.12483869	0.00000000	8.00000000	0.01471317	0.00000000
C2	c	0.51452386	0.26040319	0.04222306	0.06000000	8.06000000	0.01598612	0.00000000
C3	c	0.64729282	0.13921845	0.09673798	0.12000000	8.12000000	0.02227187	0.00000000
C4	c	0.55413042	0.18868376	0.07789507	0.18000000	8.18000000	0.01593125	0.00000000
C5	c	0.55112663	0.24272581	0.06295428	0.24000000	8.24000000	0.02117964	0.00000000
C6	c	0.35584903	0.62011098	0.02363188	0.30000000	8.30000000	0.01023218	0.00000000
C7	c	0.25551711	0.59651355	0.16517793	0.36000000	8.36000000	0.02056098	0.00000000
C8	c	0.26363422	0.64982872	0.11176027	0.42000000	8.42000000	0.01147206	0.00000000
C9	c	0.36668408	0.59187508	0.04584880	0.48000000	8.48000000	0.02261567	0.00000000
C10	c	0.26095081	0.63324733	0.04257409	0.54000000	8.54000000	0.01229026	0.00000000
C11	c	0.40364931	0.56644210	0.12653328	0.60000000	8.60000000	0.02301484	0.00000000
C12	c	0.64408554	0.93335632	0.01747538	0.66000000	8.66000000	0.02921811	0.00000000
C13	c	0.59789580	0.90867304	0.11102188	0.72000000	8.72000000	0.01767808	0.00000000
C14	c	0.60884212	0.93707237	0.08097755	0.78000000	8.78000000	0.01139951	0.00000000
C15	c	0.59314381	1.00000000	0.05677317	0.84000000	8.84000000	0.01653080	0.00000000
C16	c	0.59586039	0.97145754	0.16290913	0.90000000	8.90000000	0.01451548	0.00000000
C17	c	0.53552351	0.89040741	0.07046444	0.96000000	8.96000000	0.01952458	0.00000000
C18	c	0.88665358	0.23755911	0.15879535	1.02000000	9.02000000	0.02594072	0.00000000
C19	c	0.87235336	0.31520951	0.03217880	1.08000000	9.08000000	0.02009718	0.00000000
C20	c	0.95338834	0.30078682	0.07646189	1.14000000	9.14000000	0.01471773	0.00000000
C21	c	0.86815912	0.32675496	0.10393187	1.20000000	9.20000000	0.01965994	0.00000000
C22	c	0.00000000	0.66926857	0.02689868	1.26000000	9.26000000	0.01381515	0.00000000
C23	c	0.09045043	0.49133758	0.11535910	1.32000000	9.32000000	0.01387680	0.00000000
C24	c	0.17700947	0.64345805	0.06116587	1.38000000	9.38000000	0.01911064	0.00000000
C25	c	0.01491180	0.49802933	0.10456164	1.44000000	9.44000000	0.01921967	0.00000000
C26	c	0.96503057	0.74631073	0.07578787	1.50000000	9.50000000	0.01552418	0.00000000
C27	c	0.53243187	0.04215306	0.01754012	1.56000000	9.56000000	0.01459195	0.00000000
C28	c	0.58199581	0.60302214	0.10547497	1.62000000	9.62000000	0.02078440	0.00000000
C29	c	0.60794200	0.41550247	0.11400310	1.68000000	9.68000000	0.02647435	0.00000000
C30	c	0.29930597	0.61359348	0.09977765	1.74000000	9.74000000	0.02156114	0.00000000
C31	c	0.29656255	0.55898198	0.05364157	1.80000000	9.80000000	0.02297788	0.00000000
C32	c	0.07360318	0.63078364	0.06664760	1.86000000	9.86000000	0.01543415	0.00000000
C33	c	0.11451288	0.65074186	0.08391805	1.92000000	9.92000000	0.02001316	0.00000000
C34	c	0.96090572	0.38390393	0.14013208	1.98000000	9.98000000	0.02542548	0.00000000
C35	c	0.06997573	0.32653977	0.12429134	2.00000000	10.00000000	0.01566013	0.00000000
C36	c	0.22577406	0.47622878	0.16397655	2.00000000	10.00000000	0.01755855	0.00000000
C37	c	0.79703582	0.50485878	0.02106200	2.00000000	10.00000000	0.02609315	0.00000000
C38	c	0.19075769	0.19383994	0.10380145	2.00000000	10.00000000	0.01856205	0.00000000
C39	c	0.45553213	0.46098341	0.10295782	2.00000000	10.00000000	0.02965151	0.00000000
C40	c	0.27620892	0.22959769	0.16298395	2.00000000	10.00000000	0.01136879	0.00000000
C41	c	0.53922003	0.82371757	0.12859010	2.00000000	10.00000000	0.02761076	0.00000000
C42	c	0.57805691	0.64889412	0.09495749	2.00000000	10.00000000	0.02923759	0.00000000
C43	c	0.27170745	0.50065823	0.01786079	2.00000000	10.00000000	0.02572973	0.00000000
C44	c	0.77127406	0.28300661	0.07009398	2.00000000	10.00000000	0.01828136	0.00000000
C45	c	0.37792757	0.80465756	0.11408983	2.00000000	10.00000000	0.02191927	0.00000000
C46	c	0.42810252	0.98257540	0.10275146	2.00000000	10.00000000	0.02278936	0.00000000
C47	c	0.06843970	0.88053817	0.10605786	2.00000000	10.00000000	0.01576390	0.00000000
C48	c	0.96187933	0.78648655	0.10683151	2.00000000	10.00000000	0.02260241	0.00000000
C49	c	0.63946783	0.28819497	0.07657026	2.00000000	10.00000000	0.01409312	0.00000000
C50	c	0.63012040	0.20465598	0.14705050	2.00000000	10.00000000	0.01171653	0.00000000

Q Vehicle fuel tank capacity /0.40000000/
C Vehicle load capacity /1.50000000/
r fuel consumption rate /0.25000000/
g inverse refueling rate /1.00000000/
v average Velocity /1.00000000/
