StringID	Type	x	y	demand	ReadyTime	DueDate	ServiceTime	altitude
D0	d	0.50000000	0.50000000	0.00000000	0.00000000	10.00000000	0.00000000	0.00000000
S0	f	0.21295314	0.19419730	0.00000000	0.00000000	10.00000000	0.00000000	0.00000000
S1	f	0.51526734	0.30339462	0.00000000	0.00000000	10.00000000	0.00000000	0.00000000
S2	f	0.19950816	0.37235402	0.00000000	0.00000000	10.00000000	0.00000000	0.00000000
S3	f	0.19553149	0.90507822	0.00000000	0.00000000	10.00000000	0.00000000	0.00000000
S4	f	0.55493808	0.41206933	0.00000000	0.00000000	10.00000000	0.00000000	0.00000000
S5	f	0.42860513	0.91003373	0.00000000	0.00000000	10.00000000	0.00000000	0.00000000
S6	f	0.87446763	0.36887075	0.00000000	0.00000000	10.00000000	0.00000000	0.00000000
S7	f	0.07520340	0.92927192	0.00000000	0.00000000	10.00000000	0.00000000	0.00000000
S8	f	0.11147960	0.95098127	0.00000000	0.00000000	10.00000000	0.00000000	0.00000000
S9	f	0.33918372	0.49901131	0.00000000	0.00000000	10.00000000	0.00000000	0.00000000
C1	c	0.60883979	0.57488268	0.12694259	0.00000000	8.00000000	0.01624118	0.00000000
C2	c	0.83012558	0.43570499	0.12862944	0.06000000	8.06000000	0.01773807	0.00000000
C3	c	0.77485822	0.09350640	0.01132895	0.12000000	8.12000000	0.01684438	0.00000000
C4	c	0.80453293	0.51108636	0.01776830	0.18000000	8.18000000	0.02198309	0.00000000
C5	c	0.49249681	0.18650654	0.10231011	0.24000000	8.24000000	0.02790700	0.00000000
C6	c	0.78736073	0.67949775	0.12591441	0.30000000	8.30000000	0.01479744	0.00000000
C7	c	0.96553658	0.69605418	0.11630328	0.36000000	8.36000000	0.02471235	0.00000000
C8	c	0.06652396	0.13995712	0.12487978	0.42000000	8.42000000	0.02289042	0.00000000
C9	c	0.90467958	0.31750895	0.04760569	0.48000000	8.48000000	0.01518199	0.00000000
C10	c	0.92521784	0.57912393	0.11587465	0.54000000	8.54000000	0.01418991	0.00000000
C11	c	0.96423654	0.59850990	0.10158973	0.60000000	8.60000000	0.01485416	0.00000000
C12	c	0.41744823	0.31009610	0.11760243	0.66000000	8.66000000	0.01430236	0.00000000
C13	c	0.40447134	0.74529734	0.12973542	0.72000000	8.72000000	0.01664074	0.00000000
C14	c	0.76753798	0.25117823	0.03900168	0.78000000	8.78000000	0.01978342	0.00000000
C15	c	0.95319969	0.77714171	0.09956185	0.84000000	8.84000000	0.02744036	0.00000000
C16	c	0.25471002	0.85621758	0.14143210	0.90000000	8.90000000	0.02686380	0.00000000
C17	c	0.43848719	0.78928032	0.01238722	0.96000000	8.96000000	0.02463746	0.00000000
C18	c	0.20362189	0.06552420	0.03255855	1.02000000	9.02000000	0.02363233	0.00000000
C19	c	0.04738129	0.58763391	0.10233162	1.08000000	9.08000000	0.01350420	0.00000000
C20	c	0.21295314	0.19419730	0.13430233	1.14000000	9.14000000	0.01473147	0.00000000
C21	c	0.37237607	0.44571845	0.14032838	1.20000000	9.20000000	0.02911047	0.00000000
C22	c	0.38845577	0.36436091	0.08880304	1.26000000	9.26000000	0.01907506	0.00000000
C23	c	0.76057530	0.53239168	0.00978938	1.32000000	9.32000000	0.02570070	0.00000000
C24	c	0.05857433	0.33221543	0.09086567	1.38000000	9.38000000	0.02873954	0.00000000
C25	c	0.91774529	0.52261473	0.13529581	1.44000000	9.44000000	0.02587555	0.00000000
C26	c	0.52131579	0.75880878	0.08739711	1.50000000	9.50000000	0.01023050	0.00000000
C27	c	0.24533507	0.72266589	0.09928680	1.56000000	9.56000000	0.01740132	0.00000000
C28	c	0.83073087	0.57997253	0.06287008	1.62000000	9.62000000	0.01843834	0.00000000
C29	c	0.27287738	0.33565974	0.09569330	1.68000000	9.68000000	0.01111383	0.00000000
C30	c	0.02977466	0.37942282	0.01738641	1.74000000	9.74000000	0.02829908	0.00000000
C31	c	0.93287246	0.99546597	0.14534637	1.80000000	9.80000000	0.02286564	0.00000000
C32	c	0.58394737	0.47004359	0.12865173	1.86000000	9.86000000	0.02110818	0.00000000
C33	c	0.83667394	0.64900347	0.14316196	1.92000000	9.92000000	0.01823316	0.00000000
C34	c	0.01855111	0.32591053	0.08794874	1.98000000	9.98000000	0.02180829	0.00000000
C35	c	0.51526734	0.30339462	0.07482079	2.00000000	10.00000000	0.01924506	0.00000000
C36	c	0.60482739	0.73935939	0.12266919	2.00000000	10.00000000	0.01722375	0.00000000
C37	c	0.97227899	0.42222566	0.02302714	2.00000000	10.00000000	0.02856688	0.00000000
C38	c	0.55515645	0.73557384	0.03160100	2.00000000	10.00000000	0.01619375	0.00000000
C39	c	0.93040627	0.44445611	0.06379448	2.00000000	10.00000000	0.02072367	0.00000000
C40	c	0.90797619	0.09197118	0.12521437	2.00000000	10.00000000	0.02933429	0.00000000
C41	c	0.13625414	0.06291169	0.06637149	2.00000000	10.00000000	0.01794573	0.00000000
C42	c	0.18632940	0.72284201	0.06954267	2.00000000	10.00000000	0.01067574	0.00000000
C43	c	0.02454209	0.18415054	0.14332476	2.00000000	10.00000000	0.02200610	0.00000000
C44	c	0.80806575	0.88824208	0.12318747	2.00000000	10.00000000	0.01371099	0.00000000
C45	c	0.64771757	0.64242846	0.09630999	2.00000000	10.00000000	0.01451829	0.00000000
C46	c	0.00356007	0.94057003	0.13825983	2.00000000	10.00000000	0.01211547	0.00000000
C47	c	0.18235209	0.49959781	0.11552936	2.00000000	10.00000000	0.01724254	0.00000000
C48	c	0.75343018	0.41750580	0.08555165	2.00000000	10.00000000	0.01965933	0.00000000
C49	c	0.50769194	0.86944586	0.03044694	2.00000000	10.00000000	0.01804959	0.00000000
C50	c	0.19950816	0.37235402	0.02946394	2.00000000	10.00000000	0.02257281	0.00000000

Q Vehicle fuel tank capacity /0.40000000/
C Vehicle load capacity /1.50000000/
r fuel consumption rate /0.25000000/
g inverse refueling rate /1.00000000/
v average Velocity /1.00000000/
