StringID	Type	x	y	demand	ReadyTime	DueDate	ServiceTime	altitude
D0	d	0.50000000	0.50000000	0.00000000	0.00000000	10.00000000	0.00000000	0.00000000
S0	f	0.69139919	0.51572459	0.00000000	0.00000000	10.00000000	0.00000000	0.00000000
S1	f	0.27451785	0.77989881	0.00000000	0.00000000	10.00000000	0.00000000	0.00000000
S2	f	0.34182678	0.09175922	0.00000000	0.00000000	10.00000000	0.00000000	0.00000000
S3	f	0.01212807	0.91241436	0.00000000	0.00000000	10.00000000	0.00000000	0.00000000
S4	f	0.66394153	0.20002048	0.00000000	0.00000000	10.00000000	0.00000000	0.00000000
S5	f	0.09647790	0.58669433	0.00000000	0.00000000	10.00000000	0.00000000	0.00000000
S6	f	0.75779313	0.58053750	0.00000000	0.00000000	10.00000000	0.00000000	0.00000000
S7	f	0.51443868	0.85489237	0.00000000	0.00000000	10.00000000	0.00000000	0.00000000
S8	f	0.72757015	0.17350979	0.00000000	0.00000000	10.00000000	0.00000000	0.00000000
S9	f	0.03284126	0.07957982	0.00000000	0.00000000	10.00000000	0.00000000	0.00000000
C1	c	0.98967472	0.66917849	0.10339540	0.00000000	8.00000000	0.02413557	0.00000000
C2	c	0.00896994	0.45331246	0.03645735	0.06000000	8.06000000	0.02126143	0.00000000
C3	c	0.20859317	0.67156258	0.07300014	0.12000000	8.12000000	0.01239077	0.00000000
C4	c	0.63793709	0.97414846	0.13511726	0.18000000	8.18000000	0.01727045	0.00000000
C5	c	0.30308774	0.01903852	0.13819324	0.24000000	8.24000000	0.02664172	0.00000000
C6	c	0.72588865	0.49891794	0.09779058	0.30000000	8.30000000	0.02661288	0.00000000
C7	c	0.72992845	0.97683685	0.11331199	0.36000000	8.36000000	0.01298037	0.00000000
C8	c	0.36830601	0.72921629	0.03134091	0.42000000	8.42000000	0.01565436	0.00000000
C9	c	0.62832637	0.72116981	0.08461913	0.48000000	8.48000000	0.02987640	0.00000000
C10	c	0.37013710	0.21377687	0.15307350	0.54000000	8.54000000	0.02682173	0.00000000
C11	c	0.81012106	0.53527542	0.02985774	0.60000000	8.60000000	0.02546894	0.00000000
C12	c	0.55963404	0.46268275	0.04932945	0.66000000	8.66000000	0.01038352	0.00000000
C13	c	0.91373981	0.65894972	0.08716544	0.72000000	8.72000000	0.01961918	0.00000000
C14	c	0.29733512	0.63410536	0.15081213	0.78000000	8.78000000	0.01799205	0.00000000
C15	c	0.63496393	0.38540999	0.08759305	0.84000000	8.84000000	0.01776470	0.00000000
C16	c	0.59797709	0.02231713	0.03114816	0.90000000	8.90000000	0.02114841	0.00000000
C17	c	0.62745221	0.49487835	0.03585575	0.96000000	8.96000000	0.01391390	0.00000000
C18	c	0.66426070	0.09474787	0.02635450	1.02000000	9.02000000	0.01404085	0.00000000
C19	c	0.18507671	0.54132099	0.01237321	1.08000000	9.08000000	0.01010640	0.00000000
C20	c	0.72909511	0.71534728	0.16684440	1.14000000	9.14000000	0.02083440	0.00000000
C21	c	0.12588722	0.52834693	0.12728423	1.20000000	9.20000000	0.01203992	0.00000000
C22	c	0.77144548	0.17074513	0.09615035	1.26000000	9.26000000	0.01499286	0.00000000
C23	c	0.61555523	0.25111759	0.07784061	1.32000000	9.32000000	0.02727520	0.00000000
C24	c	0.41788041	0.45925852	0.04517192	1.38000000	9.38000000	0.02819824	0.00000000
C25	c	0.16887229	0.04201656	0.10731207	1.44000000	9.44000000	0.02777400	0.00000000
C26	c	0.80319846	0.25628806	0.07756751	1.50000000	9.50000000	0.02725114	0.00000000
C27	c	0.49379994	0.65941491	0.16548942	1.56000000	9.56000000	0.01071823	0.00000000
C28	c	0.32708709	0.30435142	0.16627244	1.62000000	9.62000000	0.01080174	0.00000000
C29	c	0.67663134	0.61144972	0.10264538	1.68000000	9.68000000	0.02182686	0.00000000
C30	c	0.82906904	0.61814479	0.16578333	1.74000000	9.74000000	0.02074120	0.00000000
C31	c	0.74619080	0.67761386	0.01548842	1.80000000	9.80000000	0.01402924	0.00000000
C32	c	0.34482010	0.02108060	0.02055128	1.86000000	9.86000000	0.02887217	0.00000000
C33	c	0.19016008	0.89395316	0.08779682	1.92000000	9.92000000	0.02264872	0.00000000
C34	c	0.59226033	0.64760909	0.09981020	1.98000000	9.98000000	0.01866672	0.00000000
C35	c	0.27451785	0.77989881	0.11326986	2.00000000	10.00000000	0.01032064	0.00000000
C36	c	0.68032796	0.03097348	0.04932884	2.00000000	10.00000000	0.02386922	0.00000000
C37	c	0.12587570	0.47698823	0.02804683	2.00000000	10.00000000	0.01229418	0.00000000
C38	c	0.98628478	0.27775555	0.12536462	2.00000000	10.00000000	0.01836436	0.00000000
C39	c	0.31177119	0.55949871	0.16535007	2.00000000	10.00000000	0.02409758	0.00000000
C40	c	0.59043791	0.58124258	0.14529379	2.00000000	10.00000000	0.02741964	0.00000000
C41	c	0.76349903	0.45782943	0.02175086	2.00000000	10.00000000	0.02298022	0.00000000
C42	c	0.66091974	0.24062785	0.12323793	2.00000000	10.00000000	0.01580287	0.00000000
C43	c	0.32193240	0.84993102	0.17642114	2.00000000	10.00000000	0.02955999	0.00000000
C44	c	0.86122997	0.02984595	0.07672160	2.00000000	10.00000000	0.02206179	0.00000000
C45	c	0.10278340	0.94902738	0.03995989	2.00000000	10.00000000	0.02479848	0.00000000
C46	c	0.50007298	0.23423917	0.02500039	2.00000000	10.00000000	0.02032902	0.00000000
C47	c	0.84892370	0.10909536	0.11408437	2.00000000	10.00000000	0.01680137	0.00000000
C48	c	0.31168958	0.13787552	0.06271311	2.00000000	10.00000000	0.01686245	0.00000000
C49	c	0.10452009	0.86917463	0.10922878	2.00000000	10.00000000	0.01485317	0.00000000
C50	c	0.34182678	0.09175922	0.12543061	2.00000000	10.00000000	0.01438254	0.00000000

Q Vehicle fuel tank capacity /0.40000000/
C Vehicle load capacity /1.50000000/
r fuel consumption rate /0.25000000/
g inverse refueling rate /1.00000000/
v average Velocity /1.00000000/
