StringID	Type	x	y	demand	ReadyTime	DueDate	ServiceTime	altitude
D0	d	0.50000000	0.50000000	0.00000000	0.00000000	10.00000000	0.00000000	0.00000000
S0	f	0.91977812	0.04248184	0.00000000	0.00000000	10.00000000	0.00000000	0.00000000
S1	f	0.01385972	0.08757192	0.00000000	0.00000000	10.00000000	0.00000000	0.00000000
S2	f	0.24257163	0.09690185	0.00000000	0.00000000	10.00000000	0.00000000	0.00000000
S3	f	0.87391054	0.71525172	0.00000000	0.00000000	10.00000000	0.00000000	0.00000000
S4	f	0.24503250	0.01082967	0.00000000	0.00000000	10.00000000	0.00000000	0.00000000
S5	f	0.61011984	0.84427564	0.00000000	0.00000000	10.00000000	0.00000000	0.00000000
C1	c	0.40911793	0.89788754	0.20473064	0.00000000	8.00000000	0.01152036	0.00000000
C2	c	0.46511013	0.80408986	0.27445070	0.10000000	8.10000000	0.01781811	0.00000000
C3	c	0.51470133	0.78422287	0.03687991	0.20000000	8.20000000	0.02957262	0.00000000
C4	c	0.32767483	0.75744910	0.13204040	0.30000000	8.30000000	0.01708095	0.00000000
C5	c	0.38733367	0.85556562	0.10912722	0.40000000	8.40000000	0.02858751	0.00000000
C6	c	0.33109791	0.93121401	0.09904945	0.50000000	8.50000000	0.02996124	0.00000000
C7	c	0.51665415	0.88604755	0.24891680	0.60000000	8.60000000	0.01219146	0.00000000
C8	c	0.47575445	0.85390709	0.17701773	0.70000000	8.70000000	0.01088654	0.00000000
C9	c	0.56898819	0.44361302	0.19255681	0.80000000	8.80000000	0.01117808	0.00000000
C10	c	0.95658750	0.66159245	0.25784345	0.90000000	8.90000000	0.02340958	0.00000000
C11	c	0.86797755	0.48926646	0.17602321	1.00000000	9.00000000	0.01153705	0.00000000
C12	c	0.88180391	0.64780319	0.06534935	1.10000000	9.10000000	0.02460397	0.00000000
C13	c	0.95139999	0.61685591	0.12731574	1.20000000	9.20000000	0.01609455	0.00000000
C14	c	0.88990884	0.62643128	0.07172900	1.30000000	9.30000000	0.02288025	0.00000000
C15	c	0.89621105	0.61127842	0.25566883	1.40000000	9.40000000	0.02517601	0.00000000
C16	c	0.35256154	0.12228678	0.16207376	1.50000000	9.50000000	0.01338185	0.00000000
C17	c	0.47521302	0.63075028	0.18546003	1.60000000	9.60000000	0.01032993	0.00000000
C18	c	0.59053220	0.03256730	0.09365942	1.70000000	9.70000000	0.01629078	0.00000000
C19	c	0.22321634	0.61547693	0.02328509	1.80000000	9.80000000	0.01260900	0.00000000
C20	c	0.55580896	0.91052837	0.11182758	1.90000000	9.90000000	0.02224915	0.00000000
C21	c	0.79755143	0.07601817	0.05109251	2.00000000	10.00000000	0.02172998	0.00000000
C22	c	0.39090558	0.97863120	0.14417697	2.00000000	10.00000000	0.02443974	0.00000000
C23	c	0.99806182	0.10957286	0.18519999	2.00000000	10.00000000	0.02794358	0.00000000
C24	c	0.04432720	0.05890415	0.17459245	2.00000000	10.00000000	0.01943908	0.00000000
C25	c	0.67047913	0.07685242	0.02742896	2.00000000	10.00000000	0.01722727	0.00000000
C26	c	0.73019853	0.30472736	0.07771273	2.00000000	10.00000000	0.02503400	0.00000000
C27	c	0.64401245	0.75880055	0.18117164	2.00000000	10.00000000	0.01803563	0.00000000
C28	c	0.16909242	0.01649651	0.16543418	2.00000000	10.00000000	0.01650283	0.00000000
C29	c	0.61245769	0.58649916	0.25899159	2.00000000	10.00000000	0.02070291	0.00000000
C30	c	0.72198725	0.89717892	0.22919387	2.00000000	10.00000000	0.01401274	0.00000000

Q Vehicle fuel tank capacity /0.40000000/
C Vehicle load capacity /1.50000000/
r fuel consumption rate /0.25000000/
g inverse refueling rate /1.00000000/
v average Velocity /1.00000000/
