StringID	Type	x	y	demand	ReadyTime	DueDate	ServiceTime	altitude
D0	d	0.50000000	0.50000000	0.00000000	0.00000000	10.00000000	0.00000000	0.00000000
S0	f	0.16496327	0.41074511	0.00000000	0.00000000	10.00000000	0.00000000	0.00000000
S1	f	0.33518495	0.55223887	0.00000000	0.00000000	10.00000000	0.00000000	0.00000000
S2	f	0.94898868	0.14245434	0.00000000	0.00000000	10.00000000	0.00000000	0.00000000
S3	f	0.27296190	0.71088352	0.00000000	0.00000000	10.00000000	0.00000000	0.00000000
S4	f	0.43943478	0.67337576	0.00000000	0.00000000	10.00000000	0.00000000	0.00000000
S5	f	0.66762705	0.10151245	0.00000000	0.00000000	10.00000000	0.00000000	0.00000000
C1	c	0.09687895	0.39637382	0.03518585	0.00000000	8.00000000	0.01549685	0.00000000
C2	c	0.20524121	0.42635148	0.17254150	0.10000000	8.10000000	0.02718031	0.00000000
C3	c	0.18177405	0.34392373	0.16917622	0.20000000	8.20000000	0.01211703	0.00000000
C4	c	0.21074971	0.39133178	0.13120923	0.30000000	8.30000000	0.01861323	0.00000000
C5	c	0.69350352	1.00000000	0.25693908	0.40000000	8.40000000	0.02504917	0.00000000
C6	c	0.61480423	0.92019883	0.24480466	0.50000000	8.50000000	0.02056506	0.00000000
C7	c	0.64154506	0.90684694	0.11058779	0.60000000	8.60000000	0.02079450	0.00000000
C8	c	0.57537747	0.93637112	0.22406257	0.70000000	8.70000000	0.01924321	0.00000000
C9	c	0.93858833	0.57211312	0.13395885	0.80000000	8.80000000	0.01021286	0.00000000
C10	c	0.88009232	0.58146368	0.03952038	0.90000000	8.90000000	0.02565555	0.00000000
C11	c	0.93842472	0.56621078	0.07063914	1.00000000	9.00000000	0.01536187	0.00000000
C12	c	0.90609133	0.67282648	0.18297748	1.10000000	9.10000000	0.02593471	0.00000000
C13	c	0.93760815	0.59582003	0.02333977	1.20000000	9.20000000	0.02237261	0.00000000
C14	c	0.92020827	0.54663628	0.07234217	1.30000000	9.30000000	0.01442248	0.00000000
C15	c	0.90718985	0.63530343	0.27110181	1.40000000	9.40000000	0.02040737	0.00000000
C16	c	0.56700911	0.74139344	0.24107395	1.50000000	9.50000000	0.01356402	0.00000000
C17	c	0.33139679	0.36215661	0.21190939	1.60000000	9.60000000	0.01508660	0.00000000
C18	c	0.25527925	0.62448695	0.08469639	1.70000000	9.70000000	0.01383499	0.00000000
C19	c	0.91622008	0.88486628	0.09817165	1.80000000	9.80000000	0.01181553	0.00000000
C20	c	0.03572454	0.03379942	0.14831570	1.90000000	9.90000000	0.02811736	0.00000000
C21	c	0.27484247	0.85901527	0.18422747	2.00000000	10.00000000	0.02318623	0.00000000
C22	c	0.75245854	0.52825302	0.23454778	2.00000000	10.00000000	0.02077993	0.00000000
C23	c	0.53972488	0.46216057	0.11623922	2.00000000	10.00000000	0.02730070	0.00000000
C24	c	0.01064279	0.78277732	0.12511527	2.00000000	10.00000000	0.01053826	0.00000000
C25	c	0.26809343	0.79673572	0.09427475	2.00000000	10.00000000	0.01122025	0.00000000
C26	c	0.61863064	0.22112411	0.20081326	2.00000000	10.00000000	0.02261708	0.00000000
C27	c	0.52036832	0.17820088	0.28499573	2.00000000	10.00000000	0.02204330	0.00000000
C28	c	0.25432997	0.19174935	0.27594828	2.00000000	10.00000000	0.01563741	0.00000000
C29	c	0.09077628	0.90586800	0.03092008	2.00000000	10.00000000	0.01806913	0.00000000
C30	c	0.65931146	0.53899633	0.03036457	2.00000000	10.00000000	0.02668147	0.00000000

Q Vehicle fuel tank capacity /0.40000000/
C Vehicle load capacity /1.50000000/
r fuel consumption rate /0.25000000/
g inverse refueling rate /1.00000000/
v average Velocity /1.00000000/
