StringID	Type	x	y	demand	ReadyTime	DueDate	ServiceTime	altitude
D0	d	0.50000000	0.50000000	0.00000000	0.00000000	10.00000000	0.00000000	0.00000000
S0	f	0.32134809	0.03735201	0.00000000	0.00000000	10.00000000	0.00000000	0.00000000
S1	f	0.12201846	0.74066734	0.00000000	0.00000000	10.00000000	0.00000000	0.00000000
S2	f	0.42857990	0.46218442	0.00000000	0.00000000	10.00000000	0.00000000	0.00000000
S3	f	0.04557899	0.12615771	0.00000000	0.00000000	10.00000000	0.00000000	0.00000000
S4	f	0.66887017	0.63183328	0.00000000	0.00000000	10.00000000	0.00000000	0.00000000
S5	f	0.73643715	0.50688242	0.00000000	0.00000000	10.00000000	0.00000000	0.00000000
S6	f	0.08597482	0.31265578	0.00000000	0.00000000	10.00000000	0.00000000	0.00000000
S7	f	0.74243804	0.57349979	0.00000000	0.00000000	10.00000000	0.00000000	0.00000000
S8	f	0.75589836	0.15017992	0.00000000	0.00000000	10.00000000	0.00000000	0.00000000
S9	f	0.27351978	0.75308817	0.00000000	0.00000000	10.00000000	0.00000000	0.00000000
C1	c	0.75250426	0.27308499	0.06016293	0.00000000	8.00000000	0.02017419	0.00000000
C2	c	0.79206574	0.23970122	0.07797453	0.06000000	8.06000000	0.01353087	0.00000000
C3	c	0.72728942	0.24470157	0.08018197	0.12000000	8.12000000	0.01330361	0.00000000
C4	c	0.76717215	0.24056154	0.15079765	0.18000000	8.18000000	0.02090421	0.00000000
C5	c	0.53939475	0.80434451	0.08870860	0.24000000	8.24000000	0.02203024	0.00000000
C6	c	0.52230600	0.79085117	0.15323149	0.30000000	8.30000000	0.01832059	0.00000000
C7	c	0.90500269	0.72763639	0.08408278	0.36000000	8.36000000	0.02075270	0.00000000
C8	c	0.91021075	0.65931646	0.08386043	0.42000000	8.42000000	0.02704278	0.00000000
C9	c	0.89690545	0.67376276	0.06340667	0.48000000	8.48000000	0.02762551	0.00000000
C10	c	0.95804329	0.69410161	0.09406541	0.54000000	8.54000000	0.01988118	0.00000000
C11	c	0.42184854	0.63153613	0.14321718	0.60000000	8.60000000	0.01920593	0.00000000
C12	c	0.38901422	0.59072865	0.09023533	0.66000000	8.66000000	0.02517116	0.00000000
C13	c	0.23904890	0.62849635	0.07166839	0.72000000	8.72000000	0.02222404	0.00000000
C14	c	0.35215209	0.60432214	0.03273876	0.78000000	8.78000000	0.01198083	0.00000000
C15	c	0.33226163	0.64198588	0.14640575	0.84000000	8.84000000	0.01812555	0.00000000
C16	c	0.32352450	0.62368626	0.08570976	0.90000000	8.90000000	0.02753196	0.00000000
C17	c	0.27581390	0.65533230	0.12854809	0.96000000	8.96000000	0.02233530	0.00000000
C18	c	0.26190497	0.67096548	0.04480453	1.02000000	9.02000000	0.02280903	0.00000000
C19	c	0.25332794	0.70484883	0.08092054	1.08000000	9.08000000	0.02610776	0.00000000
C20	c	0.48412650	0.18352042	0.04691946	1.14000000	9.14000000	0.01885066	0.00000000
C21	c	0.43027745	0.08913387	0.02765332	1.20000000	9.20000000	0.02489753	0.00000000
C22	c	0.48805631	0.09990233	0.12926170	1.26000000	9.26000000	0.01218469	0.00000000
C23	c	0.47751279	0.17168428	0.11405267	1.32000000	9.32000000	0.02288721	0.00000000
C24	c	0.41289836	0.23344398	0.14055901	1.38000000	9.38000000	0.02258773	0.00000000
C25	c	0.46670535	0.20842108	0.15942336	1.44000000	9.44000000	0.02945411	0.00000000
C26	c	0.79328487	0.90249736	0.03250936	1.50000000	9.50000000	0.01991741	0.00000000
C27	c	0.44279665	0.57451922	0.14141051	1.56000000	9.56000000	0.01618086	0.00000000
C28	c	0.57395658	0.18349036	0.03071990	1.62000000	9.62000000	0.01169379	0.00000000
C29	c	0.62826026	0.48067879	0.02143330	1.68000000	9.68000000	0.02361143	0.00000000
C30	c	0.30354687	0.55148073	0.16165065	1.74000000	9.74000000	0.02704842	0.00000000
C31	c	0.51319021	0.84449030	0.04766031	1.80000000	9.80000000	0.01022754	0.00000000
C32	c	0.40432810	0.74211417	0.07230796	1.86000000	9.86000000	0.01554421	0.00000000
C33	c	0.24482380	0.50870929	0.06044958	1.92000000	9.92000000	0.01260194	0.00000000
C34	c	0.17654331	0.16518051	0.13443827	1.98000000	9.98000000	0.01552997	0.00000000
C35	c	0.54521049	0.60151177	0.15141770	2.00000000	10.00000000	0.01215437	0.00000000
C36	c	0.41602961	0.53763512	0.08750389	2.00000000	10.00000000	0.02153662	0.00000000
C37	c	0.85213884	0.88127553	0.02689335	2.00000000	10.00000000	0.01372128	0.00000000
C38	c	0.49405905	0.46029642	0.07994735	2.00000000	10.00000000	0.01373813	0.00000000
C39	c	0.75855812	0.61120184	0.10042645	2.00000000	10.00000000	0.01421452	0.00000000
C40	c	0.09904171	0.40627762	0.10033898	2.00000000	10.00000000	0.01359354	0.00000000
C41	c	0.87659821	0.61676514	0.03963262	2.00000000	10.00000000	0.01665452	0.00000000
C42	c	0.64045141	0.80538814	0.10878165	2.00000000	10.00000000	0.01302739	0.00000000
C43	c	0.10923459	0.64436066	0.08583694	2.00000000	10.00000000	0.02476637	0.00000000
C44	c	0.62938645	0.97270545	0.05829798	2.00000000	10.00000000	0.02715092	0.00000000
C45	c	0.49587032	0.30904302	0.09684463	2.00000000	10.00000000	0.02152470	0.00000000
C46	c	0.08468970	0.68057157	0.09089154	2.00000000	10.00000000	0.02567889	0.00000000
C47	c	0.85242113	0.01137692	0.14239926	2.00000000	10.00000000	0.01122980	0.00000000
C48	c	0.27721034	0.13009724	0.07396659	2.00000000	10.00000000	0.02295714	0.00000000
C49	c	0.18690652	0.21072611	0.12648269	2.00000000	10.00000000	0.02603795	0.00000000
C50	c	0.17967723	0.33272602	0.04916822	2.00000000	10.00000000	0.01242217	0.00000000

Q Vehicle fuel tank capacity /0.40000000/
C Vehicle load capacity /1.50000000/
r fuel consumption rate /0.25000000/
g inverse refueling rate /1.00000000/
v average Velocity /1.00000000/
