StringID	Type	x	y	demand	ReadyTime	DueDate	ServiceTime	altitude
D0	d	0.50000000	0.50000000	0.00000000	0.00000000	10.00000000	0.00000000	0.00000000
S0	f	0.49742164	0.34872556	0.00000000	0.00000000	10.00000000	0.00000000	0.00000000
S1	f	0.13149063	0.00578234	0.00000000	0.00000000	10.00000000	0.00000000	0.00000000
S2	f	0.23213824	0.81520500	0.00000000	0.00000000	10.00000000	0.00000000	0.00000000
S3	f	0.02176595	0.62085602	0.00000000	0.00000000	10.00000000	0.00000000	0.00000000
S4	f	0.12458873	0.55353396	0.00000000	0.00000000	10.00000000	0.00000000	0.00000000
S5	f	0.89049853	0.22718126	0.00000000	0.00000000	10.00000000	0.00000000	0.00000000
C1	c	0.12835211	0.69095109	0.18985162	0.00000000	8.00000000	0.01186498	0.00000000
C2	c	0.17354768	0.71874720	0.14752756	0.10000000	8.10000000	0.01053551	0.00000000
C3	c	0.11891378	0.62430681	0.04635375	0.20000000	8.20000000	0.02145575	0.00000000
C4	c	0.18438611	0.76392926	0.13362345	0.30000000	8.30000000	0.01663222	0.00000000
C5	c	0.42056893	0.35538096	0.10153358	0.40000000	8.40000000	0.01565913	0.00000000
C6	c	0.59355243	0.32892771	0.04787347	0.50000000	8.50000000	0.02216429	0.00000000
C7	c	0.48896656	0.44256179	0.09440650	0.60000000	8.60000000	0.01925116	0.00000000
C8	c	0.45098116	0.38176191	0.09714165	0.70000000	8.70000000	0.02680246	0.00000000
C9	c	0.36346675	0.37692026	0.15126431	0.80000000	8.80000000	0.01552921	0.00000000
C10	c	0.55253513	0.38086740	0.08154335	0.90000000	8.90000000	0.02909921	0.00000000
C11	c	0.51483594	0.21324017	0.19089040	1.00000000	9.00000000	0.02652549	0.00000000
C12	c	0.45960712	0.17134267	0.19462514	1.10000000	9.10000000	0.01596590	0.00000000
C13	c	0.52484508	0.12407981	0.24095748	1.20000000	9.20000000	0.01598979	0.00000000
C14	c	0.50723244	0.21188326	0.08469008	1.30000000	9.30000000	0.01473771	0.00000000
C15	c	0.57932231	0.09888164	0.25308762	1.40000000	9.40000000	0.01047569	0.00000000
C16	c	0.30734764	0.30581837	0.20893147	1.50000000	9.50000000	0.02292893	0.00000000
C17	c	0.71052170	0.82937720	0.26821412	1.60000000	9.60000000	0.01924446	0.00000000
C18	c	0.60428476	0.28950575	0.10790926	1.70000000	9.70000000	0.01432899	0.00000000
C19	c	0.93188906	0.96484754	0.11033173	1.80000000	9.80000000	0.01755685	0.00000000
C20	c	0.01566225	0.23806414	0.09540752	1.90000000	9.90000000	0.01643212	0.00000000
C21	c	0.96161746	0.09324911	0.09502232	2.00000000	10.00000000	0.02590884	0.00000000
C22	c	0.02677541	0.57278726	0.19696045	2.00000000	10.00000000	0.02374098	0.00000000
C23	c	0.60821474	0.46255795	0.22689820	2.00000000	10.00000000	0.01218646	0.00000000
C24	c	0.84012278	0.27646057	0.17020111	2.00000000	10.00000000	0.01578711	0.00000000
C25	c	0.95496065	0.82627469	0.09091344	2.00000000	10.00000000	0.02138285	0.00000000
C26	c	0.23688562	0.02378457	0.25271926	2.00000000	10.00000000	0.01150296	0.00000000
C27	c	0.21644962	0.37784272	0.26102096	2.00000000	10.00000000	0.02647226	0.00000000
C28	c	0.32160594	0.79544224	0.02193675	2.00000000	10.00000000	0.02223538	0.00000000
C29	c	0.68704882	0.10932320	0.07795614	2.00000000	10.00000000	0.02437635	0.00000000
C30	c	0.28935566	0.56914244	0.26020735	2.00000000	10.00000000	0.01494481	0.00000000

Q Vehicle fuel tank capacity /0.40000000/
C Vehicle load capacity /1.50000000/
r fuel consumption rate /0.25000000/
g inverse refueling rate /1.00000000/
v average Velocity /1.00000000/
