StringID	Type	x	y	demand	ReadyTime	DueDate	ServiceTime	altitude
D0	d	0.50000000	0.50000000	0.00000000	0.00000000	10.00000000	0.00000000	0.00000000
S0	f	0.35518444	0.60205822	0.00000000	0.00000000	10.00000000	0.00000000	0.00000000
S1	f	0.89458330	0.67898003	0.00000000	0.00000000	10.00000000	0.00000000	0.00000000
S2	f	0.11723252	0.39989735	0.00000000	0.00000000	10.00000000	0.00000000	0.00000000
S3	f	0.40590874	0.98751757	0.00000000	0.00000000	10.00000000	0.00000000	0.00000000
S4	f	0.92839937	0.64489070	0.00000000	0.00000000	10.00000000	0.00000000	0.00000000
S5	f	0.70566281	0.13677260	0.00000000	0.00000000	10.00000000	0.00000000	0.00000000
S6	f	0.19093754	0.89166535	0.00000000	0.00000000	10.00000000	0.00000000	0.00000000
S7	f	0.71921245	0.68765766	0.00000000	0.00000000	10.00000000	0.00000000	0.00000000
S8	f	0.48483169	0.70016092	0.00000000	0.00000000	10.00000000	0.00000000	0.00000000
S9	f	0.02846206	0.31462519	0.00000000	0.00000000	10.00000000	0.00000000	0.00000000
C1	c	0.58931362	0.25598483	0.09370722	0.00000000	8.00000000	0.01268947	0.00000000
C2	c	0.52461984	0.05854757	0.01899620	0.06000000	8.06000000	0.01379773	0.00000000
C3	c	0.61460362	0.04795379	0.04284615	0.12000000	8.12000000	0.01126722	0.00000000
C4	c	0.89255247	0.51251792	0.08506260	0.18000000	8.18000000	0.01521245	0.00000000
C5	c	0.64892341	0.72897736	0.12045950	0.24000000	8.24000000	0.01209295	0.00000000
C6	c	0.85398418	0.03121201	0.04340230	0.30000000	8.30000000	0.02488734	0.00000000
C7	c	0.12552196	0.90768988	0.14691148	0.36000000	8.36000000	0.01783990	0.00000000
C8	c	0.42188410	0.86407417	0.04308806	0.42000000	8.42000000	0.02987007	0.00000000
C9	c	0.04643817	0.51020027	0.13787004	0.48000000	8.48000000	0.02587392	0.00000000
C10	c	0.17237800	0.97287812	0.13167082	0.54000000	8.54000000	0.01273576	0.00000000
C11	c	0.49209427	0.97176756	0.04104807	0.60000000	8.60000000	0.01356640	0.00000000
C12	c	0.22768808	0.38323766	0.08803377	0.66000000	8.66000000	0.01170748	0.00000000
C13	c	0.53706218	0.30930121	0.13479805	0.72000000	8.72000000	0.02142119	0.00000000
C14	c	0.83794009	0.32799568	0.15070494	0.78000000	8.78000000	0.01020203	0.00000000
C15	c	0.36844572	0.58898432	0.08552649	0.84000000	8.84000000	0.01993527	0.00000000
C16	c	0.61848287	0.56266358	0.02647804	0.90000000	8.90000000	0.02845589	0.00000000
C17	c	0.41664761	0.18423215	0.12533057	0.96000000	8.96000000	0.02995914	0.00000000
C18	c	0.41631913	0.67204941	0.12475174	1.02000000	9.02000000	0.02857354	0.00000000
C19	c	0.75783761	0.76422071	0.01802104	1.08000000	9.08000000	0.01702544	0.00000000
C20	c	0.62226154	0.30882594	0.05412498	1.14000000	9.14000000	0.02041223	0.00000000
C21	c	0.88990631	0.98490628	0.05532444	1.20000000	9.20000000	0.01399553	0.00000000
C22	c	0.94160299	0.68936900	0.15725137	1.26000000	9.26000000	0.02855979	0.00000000
C23	c	0.88187046	0.81763000	0.12415591	1.32000000	9.32000000	0.02451044	0.00000000
C24	c	0.32076787	0.29878439	0.04049144	1.38000000	9.38000000	0.01430798	0.00000000
C25	c	0.86310062	0.86341265	0.13700825	1.44000000	9.44000000	0.01710419	0.00000000
C26	c	0.00941960	0.72433236	0.14978739	1.50000000	9.50000000	0.01339418	0.00000000
C27	c	0.66638237	0.62614887	0.07299489	1.56000000	9.56000000	0.01754396	0.00000000
C28	c	0.78391004	0.07648102	0.14263775	1.62000000	9.62000000	0.02767702	0.00000000
C29	c	0.98576395	0.62823886	0.08186201	1.68000000	9.68000000	0.01982296	0.00000000
C30	c	0.52743914	0.46312695	0.04261233	1.74000000	9.74000000	0.02064123	0.00000000
C31	c	0.27181349	0.86075751	0.01126159	1.80000000	9.80000000	0.01103694	0.00000000
C32	c	0.86925797	0.11152660	0.05481812	1.86000000	9.86000000	0.01898246	0.00000000
C33	c	0.19393686	0.00687718	0.12337125	1.92000000	9.92000000	0.02975858	0.00000000
C34	c	0.80244904	0.45469438	0.03620604	1.98000000	9.98000000	0.02995751	0.00000000
C35	c	0.89458330	0.67898003	0.06798412	2.00000000	10.00000000	0.01809412	0.00000000
C36	c	0.16862604	0.60823517	0.13057243	2.00000000	10.00000000	0.01443378	0.00000000
C37	c	0.65989791	0.49039007	0.12584068	2.00000000	10.00000000	0.02022536	0.00000000
C38	c	0.61354974	0.35820618	0.07669771	2.00000000	10.00000000	0.01922686	0.00000000
C39	c	0.23316700	0.79884443	0.16170946	2.00000000	10.00000000	0.02964421	0.00000000
C40	c	0.69102414	0.52706703	0.03915699	2.00000000	10.00000000	0.02672236	0.00000000
C41	c	0.48486822	0.79356241	0.12618529	2.00000000	10.00000000	0.02061065	0.00000000
C42	c	0.31275825	0.70425532	0.02297833	2.00000000	10.00000000	0.01320042	0.00000000
C43	c	0.95414480	0.25490874	0.13788159	2.00000000	10.00000000	0.01060915	0.00000000
C44	c	0.56234186	0.89551696	0.05506286	2.00000000	10.00000000	0.01516465	0.00000000
C45	c	0.56152724	0.03658276	0.15310607	2.00000000	10.00000000	0.01423811	0.00000000
C46	c	0.59846191	0.66338991	0.15537761	2.00000000	10.00000000	0.01048297	0.00000000
C47	c	0.74848684	0.30488022	0.09810769	2.00000000	10.00000000	0.01016338	0.00000000
C48	c	0.36752985	0.06534670	0.01873620	2.00000000	10.00000000	0.01619358	0.00000000
C49	c	0.10185792	0.79149610	0.11811586	2.00000000	10.00000000	0.01100764	0.00000000
C50	c	0.11723252	0.39989735	0.06987226	2.00000000	10.00000000	0.02157400	0.00000000

Q Vehicle fuel tank capacity /0.40000000/
C Vehicle load capacity /1.50000000/
r fuel consumption rate /0.25000000/
g inverse refueling rate /1.00000000/
v average Velocity /1.00000000/
