StringID	Type	x	y	demand	ReadyTime	DueDate	ServiceTime	altitude
D0	d	0.50000000	0.50000000	0.00000000	0.00000000	10.00000000	0.00000000	0.00000000
S0	f	0.26719387	0.59281837	0.00000000	0.00000000	10.00000000	0.00000000	0.00000000
S1	f	0.93823557	0.91020228	0.00000000	0.00000000	10.00000000	0.00000000	0.00000000
S2	f	0.05464565	0.19926001	0.00000000	0.00000000	10.00000000	0.00000000	0.00000000
S3	f	0.52013839	0.19877328	0.00000000	0.00000000	10.00000000	0.00000000	0.00000000
S4	f	0.92580190	0.76690748	0.00000000	0.00000000	10.00000000	0.00000000	0.00000000
S5	f	0.87085458	0.06702843	0.00000000	0.00000000	10.00000000	0.00000000	0.00000000
C1	c	0.08656588	0.93516061	0.24840155	0.00000000	8.00000000	0.01605526	0.00000000
C2	c	0.09855137	1.00000000	0.20751340	0.10000000	8.10000000	0.01462356	0.00000000
C3	c	0.05421559	1.00000000	0.19688610	0.20000000	8.20000000	0.01759966	0.00000000
C4	c	0.12824211	0.93904900	0.06837946	0.30000000	8.30000000	0.01188796	0.00000000
C5	c	0.03528795	0.99241559	0.18592894	0.40000000	8.40000000	0.02065087	0.00000000
C6	c	0.11603431	0.95631281	0.05536285	0.50000000	8.50000000	0.01687756	0.00000000
C7	c	0.12286370	1.00000000	0.11685532	0.60000000	8.60000000	0.02823737	0.00000000
C8	c	0.02565867	0.96880230	0.16204796	0.70000000	8.70000000	0.01161495	0.00000000
C9	c	0.66883484	1.00000000	0.08511080	0.80000000	8.80000000	0.01846556	0.00000000
C10	c	0.62080704	0.98913161	0.17560513	0.90000000	8.90000000	0.02208540	0.00000000
C11	c	0.63472026	0.92015609	0.06045761	1.00000000	9.00000000	0.01745087	0.00000000
C12	c	0.68301647	1.00000000	0.18308130	1.10000000	9.10000000	0.02457241	0.00000000
C13	c	0.57553399	0.94925654	0.24147756	1.20000000	9.20000000	0.02135359	0.00000000
C14	c	0.17052412	0.60598571	0.24364995	1.30000000	9.30000000	0.02638033	0.00000000
C15	c	0.21230488	0.67605428	0.07710647	1.40000000	9.40000000	0.01611451	0.00000000
C16	c	0.33631030	0.52641837	0.17403504	1.50000000	9.50000000	0.02143966	0.00000000
C17	c	0.39449623	0.60214279	0.06780574	1.60000000	9.60000000	0.02420617	0.00000000
C18	c	0.73778656	0.12025522	0.17448384	1.70000000	9.70000000	0.02059358	0.00000000
C19	c	0.32878161	0.74942536	0.21794094	1.80000000	9.80000000	0.01555984	0.00000000
C20	c	0.52799814	0.82493411	0.13193689	1.90000000	9.90000000	0.02398713	0.00000000
C21	c	0.30276290	0.23117792	0.09916848	2.00000000	10.00000000	0.02806993	0.00000000
C22	c	0.37998315	0.09439776	0.14540574	2.00000000	10.00000000	0.01661335	0.00000000
C23	c	0.53254339	0.34387791	0.11332021	2.00000000	10.00000000	0.01962202	0.00000000
C24	c	0.91186864	0.08074750	0.16382310	2.00000000	10.00000000	0.01202348	0.00000000
C25	c	0.37254328	0.72862049	0.19681379	2.00000000	10.00000000	0.02806478	0.00000000
C26	c	0.56767928	0.81901656	0.04662050	2.00000000	10.00000000	0.01176935	0.00000000
C27	c	0.30572554	0.57198309	0.09733738	2.00000000	10.00000000	0.02076969	0.00000000
C28	c	0.71030841	0.52967891	0.19964453	2.00000000	10.00000000	0.01211621	0.00000000
C29	c	0.27799181	0.69935630	0.14578996	2.00000000	10.00000000	0.01941687	0.00000000
C30	c	0.90349647	0.33066757	0.21800944	2.00000000	10.00000000	0.02660340	0.00000000

Q Vehicle fuel tank capacity /0.40000000/
C Vehicle load capacity /1.50000000/
r fuel consumption rate /0.25000000/
g inverse refueling rate /1.00000000/
v average Velocity /1.00000000/
