StringID	Type	x	y	demand	ReadyTime	DueDate	ServiceTime	altitude
D0	d	0.50000000	0.50000000	0.00000000	0.00000000	10.00000000	0.00000000	0.00000000
S0	f	0.79488776	0.45329364	0.00000000	0.00000000	10.00000000	0.00000000	0.00000000
S1	f	0.30015865	0.63871216	0.00000000	0.00000000	10.00000000	0.00000000	0.00000000
S2	f	0.08880886	0.34850357	0.00000000	0.00000000	10.00000000	0.00000000	0.00000000
S3	f	0.63139528	0.61003651	0.00000000	0.00000000	10.00000000	0.00000000	0.00000000
S4	f	0.39193665	0.41521091	0.00000000	0.00000000	10.00000000	0.00000000	0.00000000
S5	f	0.58977031	0.27020886	0.00000000	0.00000000	10.00000000	0.00000000	0.00000000
S6	f	0.52010610	0.56276481	0.00000000	0.00000000	10.00000000	0.00000000	0.00000000
S7	f	0.09734839	0.78901961	0.00000000	0.00000000	10.00000000	0.00000000	0.00000000
S8	f	0.91396172	0.29593438	0.00000000	0.00000000	10.00000000	0.00000000	0.00000000
S9	f	0.25092966	0.48074523	0.00000000	0.00000000	10.00000000	0.00000000	0.00000000
C1	c	0.69633865	0.09596969	0.09790705	0.00000000	8.00000000	0.02620985	0.00000000
C2	c	0.64497458	0.17335413	0.01535621	0.06000000	8.06000000	0.01148148	0.00000000
C3	c	0.63188662	0.02179010	0.08173742	0.12000000	8.12000000	0.01220718	0.00000000
C4	c	0.60353900	0.06467201	0.10133211	0.18000000	8.18000000	0.02346505	0.00000000
C5	c	0.30478125	0.81333302	0.05123668	0.24000000	8.24000000	0.01357559	0.00000000
C6	c	0.24459624	0.83334134	0.09629158	0.30000000	8.30000000	0.02170938	0.00000000
C7	c	0.20555166	0.86436549	0.04591421	0.36000000	8.36000000	0.01770185	0.00000000
C8	c	0.89268568	0.42077626	0.02668691	0.42000000	8.42000000	0.01188346	0.00000000
C9	c	0.76648506	0.49372040	0.17319691	0.48000000	8.48000000	0.02763250	0.00000000
C10	c	0.87911612	0.40184875	0.17701018	0.54000000	8.54000000	0.02436660	0.00000000
C11	c	0.79436426	0.40445704	0.16659300	0.60000000	8.60000000	0.02900130	0.00000000
C12	c	0.75707266	0.43301009	0.12419218	0.66000000	8.66000000	0.02837636	0.00000000
C13	c	0.90820409	0.93212734	0.13950034	0.72000000	8.72000000	0.02523239	0.00000000
C14	c	0.84791275	0.87241426	0.10300907	0.78000000	8.78000000	0.01083722	0.00000000
C15	c	0.84192764	0.90432662	0.05427331	0.84000000	8.84000000	0.02724890	0.00000000
C16	c	0.85279325	1.00000000	0.01486626	0.90000000	8.90000000	0.01982115	0.00000000
C17	c	0.87782621	0.95626494	0.02627277	0.96000000	8.96000000	0.02019846	0.00000000
C18	c	0.92226289	0.92111092	0.14086452	1.02000000	9.02000000	0.01706786	0.00000000
C19	c	0.82993482	0.95457519	0.04607979	1.08000000	9.08000000	0.02884061	0.00000000
C20	c	0.23545700	0.00000000	0.05228207	1.14000000	9.14000000	0.01014479	0.00000000
C21	c	0.20334191	0.18689376	0.08350779	1.20000000	9.20000000	0.01902283	0.00000000
C22	c	0.25594830	0.15483393	0.10997114	1.26000000	9.26000000	0.01874002	0.00000000
C23	c	0.14104289	0.11231826	0.03283433	1.32000000	9.32000000	0.02592903	0.00000000
C24	c	0.24576245	0.12213051	0.08013081	1.38000000	9.38000000	0.01281265	0.00000000
C25	c	0.26325486	0.20369776	0.18441776	1.44000000	9.44000000	0.02133844	0.00000000
C26	c	0.39598602	0.18622003	0.16536948	1.50000000	9.50000000	0.01705429	0.00000000
C27	c	0.05508577	0.88328943	0.05074753	1.56000000	9.56000000	0.02641136	0.00000000
C28	c	0.65655161	0.11842639	0.07444002	1.62000000	9.62000000	0.01604705	0.00000000
C29	c	0.91668927	0.77040714	0.08091251	1.68000000	9.68000000	0.02735018	0.00000000
C30	c	0.85002115	0.56423233	0.04460065	1.74000000	9.74000000	0.01536895	0.00000000
C31	c	0.21386582	0.58608785	0.02190046	1.80000000	9.80000000	0.01688903	0.00000000
C32	c	0.28946392	0.52115577	0.16526791	1.86000000	9.86000000	0.01348154	0.00000000
C33	c	0.38214222	0.34780282	0.12601812	1.92000000	9.92000000	0.02243936	0.00000000
C34	c	0.18561510	0.74300312	0.03286513	1.98000000	9.98000000	0.01974656	0.00000000
C35	c	0.47543846	0.41264072	0.17104964	2.00000000	10.00000000	0.02996098	0.00000000
C36	c	0.02743070	0.30804302	0.14572725	2.00000000	10.00000000	0.01301123	0.00000000
C37	c	0.81049251	0.07407422	0.15950896	2.00000000	10.00000000	0.01231760	0.00000000
C38	c	0.11035908	0.67325249	0.11003705	2.00000000	10.00000000	0.01897207	0.00000000
C39	c	0.38509240	0.09417277	0.04938632	2.00000000	10.00000000	0.01119965	0.00000000
C40	c	0.88162492	0.71832993	0.11382038	2.00000000	10.00000000	0.02697885	0.00000000
C41	c	0.76161936	0.04186081	0.06247284	2.00000000	10.00000000	0.01035356	0.00000000
C42	c	0.86244503	0.49105774	0.10258022	2.00000000	10.00000000	0.02615330	0.00000000
C43	c	0.50992290	0.35339286	0.07851606	2.00000000	10.00000000	0.02127479	0.00000000
C44	c	0.94203074	0.00723936	0.07257169	2.00000000	10.00000000	0.02585720	0.00000000
C45	c	0.79645147	0.14063247	0.04449594	2.00000000	10.00000000	0.02725636	0.00000000
C46	c	0.56692202	0.35271461	0.14098344	2.00000000	10.00000000	0.02072784	0.00000000
C47	c	0.82056822	0.30235268	0.09466625	2.00000000	10.00000000	0.01317996	0.00000000
C48	c	0.86750886	0.26844727	0.08379555	2.00000000	10.00000000	0.02725563	0.00000000
C49	c	0.34445170	0.17407682	0.01711318	2.00000000	10.00000000	0.01550827	0.00000000
C50	c	0.62196813	0.48732788	0.06568901	2.00000000	10.00000000	0.02312972	0.00000000

Q Vehicle fuel tank capacity /0.40000000/
C Vehicle load capacity /1.50000000/
r fuel consumption rate /0.25000000/
g inverse refueling rate /1.00000000/
v average Velocity /1.00000000/
