StringID	Type	x	y	demand	ReadyTime	DueDate	ServiceTime	altitude
D0	d	0.50000000	0.50000000	0.00000000	0.00000000	10.00000000	0.00000000	0.00000000
S0	f	0.07592510	0.95961462	0.00000000	0.00000000	10.00000000	0.00000000	0.00000000
S1	f	0.68582065	0.87456941	0.00000000	0.00000000	10.00000000	0.00000000	0.00000000
S2	f	0.27248109	0.48221379	0.00000000	0.00000000	10.00000000	0.00000000	0.00000000
S3	f	0.71721558	0.37859353	0.00000000	0.00000000	10.00000000	0.00000000	0.00000000
S4	f	0.34080606	0.29474588	0.00000000	0.00000000	10.00000000	0.00000000	0.00000000
S5	f	0.39632151	0.27839265	0.00000000	0.00000000	10.00000000	0.00000000	0.00000000
C1	c	0.72248962	0.59420583	0.10668345	0.00000000	8.00000000	0.02388192	0.00000000
C2	c	0.78243032	0.65700975	0.04151386	0.10000000	8.10000000	0.01539202	0.00000000
C3	c	0.19279546	0.79256943	0.10051917	0.20000000	8.20000000	0.01522134	0.00000000
C4	c	0.87269660	0.22727829	0.07518770	0.30000000	8.30000000	0.01255801	0.00000000
C5	c	0.45998281	0.02000014	0.05728747	0.40000000	8.40000000	0.02969075	0.00000000
C6	c	0.18606174	0.96051099	0.22707419	0.50000000	8.50000000	0.01733602	0.00000000
C7	c	0.90691848	0.27147159	0.05484430	0.60000000	8.60000000	0.02493448	0.00000000
C8	c	0.80239445	0.73567766	0.10766863	0.70000000	8.70000000	0.02219994	0.00000000
C9	c	0.59280462	0.34960351	0.05979962	0.80000000	8.80000000	0.01876158	0.00000000
C10	c	0.35690411	0.47694160	0.26091207	0.90000000	8.90000000	0.01998089	0.00000000
C11	c	0.38883381	0.82430563	0.28346211	1.00000000	9.00000000	0.01129359	0.00000000
C12	c	0.37212797	0.56485863	0.23647795	1.10000000	9.10000000	0.01338937	0.00000000
C13	c	0.91328784	0.19642563	0.04576644	1.20000000	9.20000000	0.01868225	0.00000000
C14	c	0.29736166	0.30535671	0.08832920	1.30000000	9.30000000	0.01190066	0.00000000
C15	c	0.10340182	0.69277987	0.05546052	1.40000000	9.40000000	0.02501021	0.00000000
C16	c	0.28939024	0.65138196	0.28436659	1.50000000	9.50000000	0.01293585	0.00000000
C17	c	0.02474016	0.74322630	0.14021293	1.60000000	9.60000000	0.01977871	0.00000000
C18	c	0.23410192	0.27141575	0.08934767	1.70000000	9.70000000	0.02759420	0.00000000
C19	c	0.39792405	0.71198307	0.05541268	1.80000000	9.80000000	0.01968267	0.00000000
C20	c	0.07592510	0.95961462	0.30145776	1.90000000	9.90000000	0.01530550	0.00000000
C21	c	0.62850322	0.09363801	0.10012517	2.00000000	10.00000000	0.02277242	0.00000000
C22	c	0.97760479	0.31379871	0.04969810	2.00000000	10.00000000	0.02475676	0.00000000
C23	c	0.32139292	0.84589538	0.28253755	2.00000000	10.00000000	0.01021065	0.00000000
C24	c	0.91806559	0.38599824	0.20644288	2.00000000	10.00000000	0.01660628	0.00000000
C25	c	0.13412688	0.34401490	0.21367697	2.00000000	10.00000000	0.02578833	0.00000000
C26	c	0.15397588	0.47037152	0.21979122	2.00000000	10.00000000	0.02735507	0.00000000
C27	c	0.03798444	0.35445680	0.08553622	2.00000000	10.00000000	0.02948393	0.00000000
C28	c	0.33099463	0.07163764	0.32724880	2.00000000	10.00000000	0.02218548	0.00000000
C29	c	0.05811622	0.71932271	0.20356029	2.00000000	10.00000000	0.01461864	0.00000000
C30	c	0.23056538	0.68643070	0.13959848	2.00000000	10.00000000	0.01307007	0.00000000

Q Vehicle fuel tank capacity /0.40000000/
C Vehicle load capacity /1.50000000/
r fuel consumption rate /0.25000000/
g inverse refueling rate /1.00000000/
v average Velocity /1.00000000/
