StringID	Type	x	y	demand	ReadyTime	DueDate	ServiceTime	altitude
D0	d	0.50000000	0.50000000	0.00000000	0.00000000	10.00000000	0.00000000	0.00000000
S0	f	0.60575526	0.16667333	0.00000000	0.00000000	10.00000000	0.00000000	0.00000000
S1	f	0.00593804	0.01298956	0.00000000	0.00000000	10.00000000	0.00000000	0.00000000
S2	f	0.88404289	0.50524024	0.00000000	0.00000000	10.00000000	0.00000000	0.00000000
S3	f	0.94954992	0.24697167	0.00000000	0.00000000	10.00000000	0.00000000	0.00000000
S4	f	0.81857885	0.78457757	0.00000000	0.00000000	10.00000000	0.00000000	0.00000000
S5	f	0.86054821	0.88210897	0.00000000	0.00000000	10.00000000	0.00000000	0.00000000
C1	c	0.32910630	0.28369219	0.15925890	0.00000000	8.00000000	0.01389164	0.00000000
C2	c	0.52426667	0.09766365	0.23404316	0.10000000	8.10000000	0.02209256	0.00000000
C3	c	0.55641328	0.11981898	0.02252670	0.20000000	8.20000000	0.01647483	0.00000000
C4	c	0.65128451	0.13700462	0.15406611	0.30000000	8.30000000	0.02813692	0.00000000
C5	c	0.37587567	0.85602228	0.05310909	0.40000000	8.40000000	0.01201381	0.00000000
C6	c	0.44968778	0.81838154	0.23508275	0.50000000	8.50000000	0.02860493	0.00000000
C7	c	0.43866188	0.86096646	0.18899444	0.60000000	8.60000000	0.01124156	0.00000000
C8	c	0.43623751	0.84713127	0.24163675	0.70000000	8.70000000	0.01545900	0.00000000
C9	c	0.44431004	0.89028091	0.15446802	0.80000000	8.80000000	0.01033775	0.00000000
C10	c	0.42977732	0.74115784	0.08417159	0.90000000	8.90000000	0.02186663	0.00000000
C11	c	0.47901572	0.82956064	0.11000271	1.00000000	9.00000000	0.01254087	0.00000000
C12	c	0.41687946	0.87760323	0.10200848	1.10000000	9.10000000	0.02283721	0.00000000
C13	c	0.38832151	0.93049670	0.16449210	1.20000000	9.20000000	0.02818794	0.00000000
C14	c	0.35496782	0.78305665	0.02742887	1.30000000	9.30000000	0.02658458	0.00000000
C15	c	0.36398846	0.75872901	0.04594615	1.40000000	9.40000000	0.02482850	0.00000000
C16	c	0.87851002	0.95235353	0.24138121	1.50000000	9.50000000	0.02986445	0.00000000
C17	c	0.34633948	0.47512375	0.17973220	1.60000000	9.60000000	0.02133002	0.00000000
C18	c	0.22894164	0.29408551	0.14025022	1.70000000	9.70000000	0.01965316	0.00000000
C19	c	0.69193795	0.08525327	0.21801188	1.80000000	9.80000000	0.01185593	0.00000000
C20	c	0.63219229	0.20545335	0.28004750	1.90000000	9.90000000	0.02521615	0.00000000
C21	c	0.19458186	0.60462824	0.25253705	2.00000000	10.00000000	0.02198896	0.00000000
C22	c	0.32374147	0.90684590	0.27216803	2.00000000	10.00000000	0.02046144	0.00000000
C23	c	0.10069036	0.93024648	0.11106182	2.00000000	10.00000000	0.01404911	0.00000000
C24	c	0.06207805	0.27294996	0.14529856	2.00000000	10.00000000	0.02592914	0.00000000
C25	c	0.01688754	0.59333126	0.07985212	2.00000000	10.00000000	0.01944163	0.00000000
C26	c	0.12704334	0.64186052	0.09717033	2.00000000	10.00000000	0.02843707	0.00000000
C27	c	0.90939699	0.82922885	0.20293768	2.00000000	10.00000000	0.01328842	0.00000000
C28	c	0.74142490	0.99322229	0.04165319	2.00000000	10.00000000	0.02415034	0.00000000
C29	c	0.56650106	0.48265789	0.18705455	2.00000000	10.00000000	0.02254693	0.00000000
C30	c	0.09279654	0.76080755	0.07360786	2.00000000	10.00000000	0.01759847	0.00000000

Q Vehicle fuel tank capacity /0.40000000/
C Vehicle load capacity /1.50000000/
r fuel consumption rate /0.25000000/
g inverse refueling rate /1.00000000/
v average Velocity /1.00000000/
