StringID	Type	x	y	demand	ReadyTime	DueDate	ServiceTime	altitude
D0	d	0.50000000	0.50000000	0.00000000	0.00000000	10.00000000	0.00000000	0.00000000
S0	f	0.24146516	0.80770119	0.00000000	0.00000000	10.00000000	0.00000000	0.00000000
S1	f	0.50137519	0.07027562	0.00000000	0.00000000	10.00000000	0.00000000	0.00000000
S2	f	0.80631694	0.31289210	0.00000000	0.00000000	10.00000000	0.00000000	0.00000000
S3	f	0.55267819	0.42912174	0.00000000	0.00000000	10.00000000	0.00000000	0.00000000
S4	f	0.30450500	0.52445857	0.00000000	0.00000000	10.00000000	0.00000000	0.00000000
S5	f	0.64659256	0.05296944	0.00000000	0.00000000	10.00000000	0.00000000	0.00000000
C1	c	0.00078332	0.76310892	0.04319552	0.00000000	8.00000000	0.02140645	0.00000000
C2	c	0.50922658	0.87934980	0.15597857	0.10000000	8.10000000	0.01841956	0.00000000
C3	c	0.08963543	0.22174568	0.23173344	0.20000000	8.20000000	0.02971788	0.00000000
C4	c	0.97644276	0.86880042	0.22852971	0.30000000	8.30000000	0.01764714	0.00000000
C5	c	0.66761309	0.22927895	0.05114110	0.40000000	8.40000000	0.01722559	0.00000000
C6	c	0.81916182	0.18979011	0.16508704	0.50000000	8.50000000	0.02039236	0.00000000
C7	c	0.11921503	0.48981402	0.24889882	0.60000000	8.60000000	0.01947968	0.00000000
C8	c	0.97957776	0.32804583	0.09589955	0.70000000	8.70000000	0.01875953	0.00000000
C9	c	0.56857837	0.60911791	0.02347108	0.80000000	8.80000000	0.02809485	0.00000000
C10	c	0.48731275	0.74598526	0.24861905	0.90000000	8.90000000	0.02932704	0.00000000
C11	c	0.15073657	0.98971297	0.22442793	1.00000000	9.00000000	0.02786953	0.00000000
C12	c	0.48449281	0.95965387	0.11201704	1.10000000	9.10000000	0.01885549	0.00000000
C13	c	0.67041791	0.65118612	0.14697701	1.20000000	9.20000000	0.01678065	0.00000000
C14	c	0.01056793	0.89920355	0.14790097	1.30000000	9.30000000	0.01175068	0.00000000
C15	c	0.73965882	0.25453115	0.09272840	1.40000000	9.40000000	0.02567445	0.00000000
C16	c	0.78768791	0.07727184	0.08562824	1.50000000	9.50000000	0.02001462	0.00000000
C17	c	0.24146516	0.80770119	0.10947059	1.60000000	9.60000000	0.01590049	0.00000000
C18	c	0.85074088	0.96136314	0.06758527	1.70000000	9.70000000	0.01345649	0.00000000
C19	c	0.75500407	0.46632477	0.23430469	1.80000000	9.80000000	0.02516339	0.00000000
C20	c	0.91430815	0.51187525	0.21194640	1.90000000	9.90000000	0.01753922	0.00000000
C21	c	0.65671012	0.70796273	0.04608918	2.00000000	10.00000000	0.01532896	0.00000000
C22	c	0.65590960	0.26960916	0.23240523	2.00000000	10.00000000	0.01704335	0.00000000
C23	c	0.24339491	0.14335608	0.09359378	2.00000000	10.00000000	0.02462905	0.00000000
C24	c	0.32423200	0.19444390	0.18103920	2.00000000	10.00000000	0.01309642	0.00000000
C25	c	0.09940206	0.43990043	0.10180928	2.00000000	10.00000000	0.02591007	0.00000000
C26	c	0.07961026	0.33942350	0.20322986	2.00000000	10.00000000	0.01740837	0.00000000
C27	c	0.39934992	0.18737684	0.19447900	2.00000000	10.00000000	0.01014290	0.00000000
C28	c	0.83603403	0.11807508	0.07673630	2.00000000	10.00000000	0.01505537	0.00000000
C29	c	0.09079203	0.72240250	0.24420608	2.00000000	10.00000000	0.02900438	0.00000000
C30	c	0.16655542	0.18704655	0.20087168	2.00000000	10.00000000	0.02982229	0.00000000

Q Vehicle fuel tank capacity /0.40000000/
C Vehicle load capacity /1.50000000/
r fuel consumption rate /0.25000000/
g inverse refueling rate /1.00000000/
v average Velocity /1.00000000/
