StringID	Type	x	y	demand	ReadyTime	DueDate	ServiceTime	altitude
D0	d	0.50000000	0.50000000	0.00000000	0.00000000	10.00000000	0.00000000	0.00000000
S0	f	0.66088516	0.00576549	0.00000000	0.00000000	10.00000000	0.00000000	0.00000000
S1	f	0.27715950	0.36890860	0.00000000	0.00000000	10.00000000	0.00000000	0.00000000
S2	f	0.64117530	0.54977774	0.00000000	0.00000000	10.00000000	0.00000000	0.00000000
S3	f	0.81612833	0.72281892	0.00000000	0.00000000	10.00000000	0.00000000	0.00000000
S4	f	0.84684789	0.31242247	0.00000000	0.00000000	10.00000000	0.00000000	0.00000000
S5	f	0.97345733	0.78807652	0.00000000	0.00000000	10.00000000	0.00000000	0.00000000
C1	c	0.21419113	0.00466331	0.23304014	0.00000000	8.00000000	0.01539152	0.00000000
C2	c	0.11794604	0.48817775	0.12977537	0.10000000	8.10000000	0.01987734	0.00000000
C3	c	0.25569107	0.55516427	0.15620350	0.20000000	8.20000000	0.01700167	0.00000000
C4	c	0.32573220	0.20920769	0.05572856	0.30000000	8.30000000	0.02216815	0.00000000
C5	c	0.44974488	0.44358290	0.22466337	0.40000000	8.40000000	0.01570086	0.00000000
C6	c	0.96979604	0.33189795	0.25039429	0.50000000	8.50000000	0.01293154	0.00000000
C7	c	0.62730172	0.25640411	0.04043448	0.60000000	8.60000000	0.01047879	0.00000000
C8	c	0.24857328	0.78232616	0.15834252	0.70000000	8.70000000	0.01805044	0.00000000
C9	c	0.64505617	0.65255309	0.17347362	0.80000000	8.80000000	0.02387455	0.00000000
C10	c	0.48921491	0.55869073	0.05493191	0.90000000	8.90000000	0.01583938	0.00000000
C11	c	0.38500279	0.24325963	0.12289887	1.00000000	9.00000000	0.02099935	0.00000000
C12	c	0.97563106	0.88252942	0.21087440	1.10000000	9.10000000	0.02234950	0.00000000
C13	c	0.71383625	0.57095902	0.08064014	1.20000000	9.20000000	0.01379831	0.00000000
C14	c	0.65193561	0.44813021	0.20053593	1.30000000	9.30000000	0.01707824	0.00000000
C15	c	0.58626039	0.75398487	0.07085834	1.40000000	9.40000000	0.02296292	0.00000000
C16	c	0.13688552	0.26043333	0.17521966	1.50000000	9.50000000	0.02668814	0.00000000
C17	c	0.04639897	0.41014243	0.25236878	1.60000000	9.60000000	0.02725273	0.00000000
C18	c	0.67483516	0.77182530	0.22397882	1.70000000	9.70000000	0.01279695	0.00000000
C19	c	0.71791940	0.30027334	0.16011833	1.80000000	9.80000000	0.01618727	0.00000000
C20	c	0.66088516	0.00576549	0.12033442	1.90000000	9.90000000	0.02346017	0.00000000
C21	c	0.08885877	0.36602436	0.22809263	2.00000000	10.00000000	0.02164390	0.00000000
C22	c	0.55190943	0.24889568	0.05308871	2.00000000	10.00000000	0.02019697	0.00000000
C23	c	0.04660948	0.91400182	0.27860429	2.00000000	10.00000000	0.01837523	0.00000000
C24	c	0.35410497	0.36514417	0.16719105	2.00000000	10.00000000	0.01175341	0.00000000
C25	c	0.72490874	0.72453926	0.23910261	2.00000000	10.00000000	0.01883516	0.00000000
C26	c	0.05904795	0.79516487	0.04200589	2.00000000	10.00000000	0.02608692	0.00000000
C27	c	0.30663393	0.54562507	0.04195189	2.00000000	10.00000000	0.01413802	0.00000000
C28	c	0.43151479	0.85611908	0.14171776	2.00000000	10.00000000	0.01628719	0.00000000
C29	c	0.39318044	0.95131624	0.11389511	2.00000000	10.00000000	0.01604960	0.00000000
C30	c	0.47687898	0.02539703	0.09953463	2.00000000	10.00000000	0.01520438	0.00000000

Q Vehicle fuel tank capacity /0.40000000/
C Vehicle load capacity /1.50000000/
r fuel consumption rate /0.25000000/
g inverse refueling rate /1.00000000/
v average Velocity /1.00000000/
