StringID	Type	x	y	demand	ReadyTime	DueDate	ServiceTime	altitude
D0	d	0.50000000	0.50000000	0.00000000	0.00000000	10.00000000	0.00000000	0.00000000
S0	f	0.95695124	0.55570714	0.00000000	0.00000000	10.00000000	0.00000000	0.00000000
S1	f	0.59492089	0.30458679	0.00000000	0.00000000	10.00000000	0.00000000	0.00000000
S2	f	0.46040223	0.78914339	0.00000000	0.00000000	10.00000000	0.00000000	0.00000000
S3	f	0.53653293	0.25160300	0.00000000	0.00000000	10.00000000	0.00000000	0.00000000
S4	f	0.84777763	0.92016088	0.00000000	0.00000000	10.00000000	0.00000000	0.00000000
S5	f	0.27043360	0.58654303	0.00000000	0.00000000	10.00000000	0.00000000	0.00000000
C1	c	0.39351887	0.79801692	0.06351674	0.00000000	8.00000000	0.02275088	0.00000000
C2	c	0.50938090	0.77993694	0.14168102	0.10000000	8.10000000	0.01087150	0.00000000
C3	c	0.44289955	0.74859804	0.23713016	0.20000000	8.20000000	0.02610006	0.00000000
C4	c	0.43210265	0.71379002	0.08205688	0.30000000	8.30000000	0.01455026	0.00000000
C5	c	0.53328957	0.76428519	0.06000716	0.40000000	8.40000000	0.01245823	0.00000000
C6	c	0.48295745	0.71590551	0.08189636	0.50000000	8.50000000	0.02589381	0.00000000
C7	c	0.50536046	0.78038047	0.12658779	0.60000000	8.60000000	0.01876433	0.00000000
C8	c	0.33004490	0.75200235	0.24485388	0.70000000	8.70000000	0.02714487	0.00000000
C9	c	0.09315541	0.73016573	0.09107653	0.80000000	8.80000000	0.02594963	0.00000000
C10	c	0.07312937	0.72225499	0.21852540	0.90000000	8.90000000	0.01913512	0.00000000
C11	c	0.08751102	0.78002873	0.10149661	1.00000000	9.00000000	0.01649593	0.00000000
C12	c	0.17591764	0.76493233	0.23624788	1.10000000	9.10000000	0.01095061	0.00000000
C13	c	0.43376847	0.44046347	0.19288292	1.20000000	9.20000000	0.02094493	0.00000000
C14	c	0.51668168	0.53873780	0.23706405	1.30000000	9.30000000	0.02767806	0.00000000
C15	c	0.41267722	0.46062238	0.08864900	1.40000000	9.40000000	0.02344696	0.00000000
C16	c	0.86369436	0.53119733	0.03945765	1.50000000	9.50000000	0.02414050	0.00000000
C17	c	0.27673091	0.64356299	0.23322739	1.60000000	9.60000000	0.02186116	0.00000000
C18	c	0.62285408	0.73825022	0.15542431	1.70000000	9.70000000	0.01057603	0.00000000
C19	c	0.62689969	0.01665444	0.23476273	1.80000000	9.80000000	0.01407172	0.00000000
C20	c	0.62540505	0.63000140	0.15128931	1.90000000	9.90000000	0.01389061	0.00000000
C21	c	0.47179355	0.53742749	0.08740548	2.00000000	10.00000000	0.02095347	0.00000000
C22	c	0.80500304	0.22751319	0.17949873	2.00000000	10.00000000	0.02415227	0.00000000
C23	c	0.43821660	0.85724326	0.17429975	2.00000000	10.00000000	0.02484185	0.00000000
C24	c	0.79748157	0.45675598	0.20326997	2.00000000	10.00000000	0.02861288	0.00000000
C25	c	0.32479648	0.04753029	0.17531540	2.00000000	10.00000000	0.02592995	0.00000000
C26	c	0.54724632	0.88390314	0.02211325	2.00000000	10.00000000	0.01325705	0.00000000
C27	c	0.67234816	0.70702502	0.17494017	2.00000000	10.00000000	0.02065854	0.00000000
C28	c	0.20358584	0.19453058	0.17609409	2.00000000	10.00000000	0.01135635	0.00000000
C29	c	0.54767334	0.70761330	0.13637599	2.00000000	10.00000000	0.01806966	0.00000000
C30	c	0.74209231	0.93064386	0.15285339	2.00000000	10.00000000	0.02573597	0.00000000

Q Vehicle fuel tank capacity /0.40000000/
C Vehicle load capacity /1.50000000/
r fuel consumption rate /0.25000000/
g inverse refueling rate /1.00000000/
v average Velocity /1.00000000/
