StringID	Type	x	y	demand	ReadyTime	DueDate	ServiceTime	altitude
D0	d	0.50000000	0.50000000	0.00000000	0.00000000	10.00000000	0.00000000	0.00000000
S0	f	0.40661301	0.78735005	0.00000000	0.00000000	10.00000000	0.00000000	0.00000000
S1	f	0.72496239	0.46693280	0.00000000	0.00000000	10.00000000	0.00000000	0.00000000
S2	f	0.94191929	0.61407556	0.00000000	0.00000000	10.00000000	0.00000000	0.00000000
S3	f	0.12783210	0.37310401	0.00000000	0.00000000	10.00000000	0.00000000	0.00000000
S4	f	0.57768214	0.62876892	0.00000000	0.00000000	10.00000000	0.00000000	0.00000000
S5	f	0.74047137	0.98149841	0.00000000	0.00000000	10.00000000	0.00000000	0.00000000
C1	c	0.62477957	0.82383087	0.23797422	0.00000000	8.00000000	0.02592441	0.00000000
C2	c	0.78093790	0.82261370	0.25670832	0.10000000	8.10000000	0.02932393	0.00000000
C3	c	0.69573038	0.89439854	0.21110147	0.20000000	8.20000000	0.01618057	0.00000000
C4	c	0.90602455	0.51689388	0.07710032	0.30000000	8.30000000	0.02405854	0.00000000
C5	c	0.22416938	0.77541660	0.24329501	0.40000000	8.40000000	0.01014748	0.00000000
C6	c	0.89722180	0.20756599	0.25078713	0.50000000	8.50000000	0.01971765	0.00000000
C7	c	0.29001430	0.67453724	0.03408810	0.60000000	8.60000000	0.02918743	0.00000000
C8	c	0.29384573	0.75751035	0.08801073	0.70000000	8.70000000	0.01373086	0.00000000
C9	c	0.36006572	0.54564626	0.19849352	0.80000000	8.80000000	0.02755962	0.00000000
C10	c	0.02606162	0.46963262	0.12047873	0.90000000	8.90000000	0.01628732	0.00000000
C11	c	0.13384949	0.15184174	0.16774707	1.00000000	9.00000000	0.01501849	0.00000000
C12	c	0.75992351	0.44583989	0.23456681	1.10000000	9.10000000	0.01798820	0.00000000
C13	c	0.83892181	0.97211787	0.18700669	1.20000000	9.20000000	0.01759553	0.00000000
C14	c	0.85529787	0.19121093	0.21361336	1.30000000	9.30000000	0.01773392	0.00000000
C15	c	0.39005597	0.94815819	0.06642582	1.40000000	9.40000000	0.01712233	0.00000000
C16	c	0.38336163	0.27798800	0.22008364	1.50000000	9.50000000	0.02993266	0.00000000
C17	c	0.00954617	0.63371505	0.04911056	1.60000000	9.60000000	0.01761590	0.00000000
C18	c	0.55459643	0.32600853	0.16737251	1.70000000	9.70000000	0.01919126	0.00000000
C19	c	0.10389558	0.97966256	0.14572100	1.80000000	9.80000000	0.01076238	0.00000000
C20	c	0.40661301	0.78735005	0.02716270	1.90000000	9.90000000	0.02628122	0.00000000
C21	c	0.19742251	0.16810807	0.11061884	2.00000000	10.00000000	0.01187274	0.00000000
C22	c	0.03198763	0.14735530	0.16808474	2.00000000	10.00000000	0.02935788	0.00000000
C23	c	0.98065108	0.27634891	0.10076947	2.00000000	10.00000000	0.02046767	0.00000000
C24	c	0.88117661	0.65391513	0.04600956	2.00000000	10.00000000	0.01650588	0.00000000
C25	c	0.20261688	0.91328272	0.14097705	2.00000000	10.00000000	0.01699737	0.00000000
C26	c	0.95612858	0.71350836	0.11381263	2.00000000	10.00000000	0.01461376	0.00000000
C27	c	0.64960720	0.98319423	0.15688981	2.00000000	10.00000000	0.01138662	0.00000000
C28	c	0.75865268	0.18472902	0.13533415	2.00000000	10.00000000	0.02434231	0.00000000
C29	c	0.61213977	0.95397056	0.18484336	2.00000000	10.00000000	0.01507910	0.00000000
C30	c	0.67406896	0.31006565	0.14581268	2.00000000	10.00000000	0.02269821	0.00000000

Q Vehicle fuel tank capacity /0.40000000/
C Vehicle load capacity /1.50000000/
r fuel consumption rate /0.25000000/
g inverse refueling rate /1.00000000/
v average Velocity /1.00000000/
