StringID	Type	x	y	demand	ReadyTime	DueDate	ServiceTime	altitude
D0	d	0.50000000	0.50000000	0.00000000	0.00000000	10.00000000	0.00000000	0.00000000
S0	f	0.89093061	0.46182555	0.00000000	0.00000000	10.00000000	0.00000000	0.00000000
S1	f	0.47077746	0.79469458	0.00000000	0.00000000	10.00000000	0.00000000	0.00000000
S2	f	0.24255088	0.24271716	0.00000000	0.00000000	10.00000000	0.00000000	0.00000000
S3	f	0.06534892	0.10030883	0.00000000	0.00000000	10.00000000	0.00000000	0.00000000
S4	f	0.58020205	0.60787327	0.00000000	0.00000000	10.00000000	0.00000000	0.00000000
S5	f	0.88573219	0.29262085	0.00000000	0.00000000	10.00000000	0.00000000	0.00000000
C1	c	0.82092657	0.89261782	0.16376522	0.00000000	8.00000000	0.01890131	0.00000000
C2	c	0.88690890	0.79061996	0.12499112	0.10000000	8.10000000	0.02846689	0.00000000
C3	c	0.83252497	0.67891551	0.22704784	0.20000000	8.20000000	0.01712441	0.00000000
C4	c	0.85862411	0.70838977	0.08195806	0.30000000	8.30000000	0.02394512	0.00000000
C5	c	0.77792931	0.84884530	0.07058580	0.40000000	8.40000000	0.02317309	0.00000000
C6	c	0.80627537	0.76659960	0.17976987	0.50000000	8.50000000	0.02201613	0.00000000
C7	c	0.77120198	0.83139281	0.26574289	0.60000000	8.60000000	0.01613958	0.00000000
C8	c	0.74272336	0.12399403	0.05790906	0.70000000	8.70000000	0.02980150	0.00000000
C9	c	0.78590983	0.31756627	0.11704577	0.80000000	8.80000000	0.01531661	0.00000000
C10	c	0.74988196	0.19701445	0.12121851	0.90000000	8.90000000	0.02573629	0.00000000
C11	c	0.66431649	0.20280040	0.11425820	1.00000000	9.00000000	0.01863500	0.00000000
C12	c	0.71876946	0.42012326	0.08904868	1.10000000	9.10000000	0.01241005	0.00000000
C13	c	0.74967973	0.41993067	0.03720718	1.20000000	9.20000000	0.01322763	0.00000000
C14	c	0.75954344	0.47495350	0.22703301	1.30000000	9.30000000	0.02206881	0.00000000
C15	c	0.83883380	0.54721060	0.16387195	1.40000000	9.40000000	0.01504434	0.00000000
C16	c	0.80352482	0.43291406	0.27204138	1.50000000	9.50000000	0.02141883	0.00000000
C17	c	0.42226360	0.38945966	0.13766365	1.60000000	9.60000000	0.02276418	0.00000000
C18	c	0.68840342	0.39141443	0.11009553	1.70000000	9.70000000	0.01867892	0.00000000
C19	c	0.52877779	0.29327642	0.23561634	1.80000000	9.80000000	0.01231224	0.00000000
C20	c	0.81153177	0.81699798	0.13581451	1.90000000	9.90000000	0.02845132	0.00000000
C21	c	0.12590585	0.63785660	0.13294645	2.00000000	10.00000000	0.02944797	0.00000000
C22	c	0.44506556	0.92334450	0.12411267	2.00000000	10.00000000	0.02201525	0.00000000
C23	c	0.35622067	0.69725595	0.20461528	2.00000000	10.00000000	0.02325446	0.00000000
C24	c	0.65865461	0.60080650	0.12463907	2.00000000	10.00000000	0.01583768	0.00000000
C25	c	0.30697898	0.99007492	0.16162967	2.00000000	10.00000000	0.02065516	0.00000000
C26	c	0.26583038	0.78681429	0.09821147	2.00000000	10.00000000	0.02021777	0.00000000
C27	c	0.43174992	0.12050272	0.23777253	2.00000000	10.00000000	0.02036914	0.00000000
C28	c	0.16138131	0.60344031	0.23924453	2.00000000	10.00000000	0.02699927	0.00000000
C29	c	0.25221696	0.57094157	0.05314022	2.00000000	10.00000000	0.02501479	0.00000000
C30	c	0.63820917	0.43394607	0.19100352	2.00000000	10.00000000	0.01417556	0.00000000

Q Vehicle fuel tank capacity /0.40000000/
C Vehicle load capacity /1.50000000/
r fuel consumption rate /0.25000000/
g inverse refueling rate /1.00000000/
v average Velocity /1.00000000/
