StringID	Type	x	y	demand	ReadyTime	DueDate	ServiceTime	altitude
D0	d	0.50000000	0.50000000	0.00000000	0.00000000	10.00000000	0.00000000	0.00000000
S0	f	0.90845416	0.26304487	0.00000000	0.00000000	10.00000000	0.00000000	0.00000000
S1	f	0.25636012	0.98847687	0.00000000	0.00000000	10.00000000	0.00000000	0.00000000
S2	f	0.72375143	0.69016138	0.00000000	0.00000000	10.00000000	0.00000000	0.00000000
S3	f	0.86784559	0.27551661	0.00000000	0.00000000	10.00000000	0.00000000	0.00000000
S4	f	0.52793542	0.47133560	0.00000000	0.00000000	10.00000000	0.00000000	0.00000000
S5	f	0.99269976	0.35414581	0.00000000	0.00000000	10.00000000	0.00000000	0.00000000
S6	f	0.48634451	0.72367497	0.00000000	0.00000000	10.00000000	0.00000000	0.00000000
S7	f	0.66079912	0.31319844	0.00000000	0.00000000	10.00000000	0.00000000	0.00000000
S8	f	0.29470731	0.72590114	0.00000000	0.00000000	10.00000000	0.00000000	0.00000000
S9	f	0.69804459	0.19995687	0.00000000	0.00000000	10.00000000	0.00000000	0.00000000
C1	c	0.82921098	0.24370778	0.06335724	0.00000000	8.00000000	0.02892375	0.00000000
C2	c	0.88185045	0.21995214	0.07130609	0.06000000	8.06000000	0.02767392	0.00000000
C3	c	0.82795272	0.22955453	0.06602887	0.12000000	8.12000000	0.01900817	0.00000000
C4	c	0.79491743	0.26371013	0.12697854	0.18000000	8.18000000	0.01718940	0.00000000
C5	c	0.77781779	0.70413758	0.14146611	0.24000000	8.24000000	0.02363600	0.00000000
C6	c	0.76574129	0.77662309	0.07855848	0.30000000	8.30000000	0.02147790	0.00000000
C7	c	0.83241765	0.82153622	0.05455834	0.36000000	8.36000000	0.01675310	0.00000000
C8	c	0.88562057	0.73954430	0.09319113	0.42000000	8.42000000	0.01024283	0.00000000
C9	c	0.80819886	0.79067179	0.03275489	0.48000000	8.48000000	0.01516788	0.00000000
C10	c	0.78813280	0.71101228	0.01458703	0.54000000	8.54000000	0.01000891	0.00000000
C11	c	0.79599177	0.81333803	0.12309411	0.60000000	8.60000000	0.02143603	0.00000000
C12	c	0.84886300	0.81241065	0.13630613	0.66000000	8.66000000	0.01609048	0.00000000
C13	c	0.85075667	0.80299364	0.02005070	0.72000000	8.72000000	0.02111088	0.00000000
C14	c	0.82226689	0.78581345	0.02603491	0.78000000	8.78000000	0.02728475	0.00000000
C15	c	0.65968507	0.11916735	0.14273722	0.84000000	8.84000000	0.02409475	0.00000000
C16	c	0.68083616	0.02217701	0.07941843	0.90000000	8.90000000	0.01889899	0.00000000
C17	c	0.68435035	0.15517095	0.09342783	0.96000000	8.96000000	0.01973243	0.00000000
C18	c	0.72252405	0.14072961	0.03167245	1.02000000	9.02000000	0.02172632	0.00000000
C19	c	0.63257222	0.17600994	0.02737553	1.08000000	9.08000000	0.02193589	0.00000000
C20	c	0.32127639	0.06362172	0.02163384	1.14000000	9.14000000	0.02018153	0.00000000
C21	c	0.40221535	0.17738462	0.01496392	1.20000000	9.20000000	0.02862551	0.00000000
C22	c	0.42034796	0.00675129	0.02215182	1.26000000	9.26000000	0.01036166	0.00000000
C23	c	0.36583247	0.09344377	0.14475930	1.32000000	9.32000000	0.02521967	0.00000000
C24	c	0.16571139	0.11811890	0.05503488	1.38000000	9.38000000	0.01313900	0.00000000
C25	c	0.19524212	0.17024899	0.03351866	1.44000000	9.44000000	0.02756767	0.00000000
C26	c	0.76302651	0.85759773	0.16711633	1.50000000	9.50000000	0.01105871	0.00000000
C27	c	0.96235304	0.62010844	0.13798902	1.56000000	9.56000000	0.02039502	0.00000000
C28	c	0.57841673	0.04003819	0.15362772	1.62000000	9.62000000	0.02585124	0.00000000
C29	c	0.35914129	0.94729702	0.17095050	1.68000000	9.68000000	0.01685824	0.00000000
C30	c	0.59884504	0.66538201	0.11435548	1.74000000	9.74000000	0.02576784	0.00000000
C31	c	0.69306264	0.99546639	0.10746117	1.80000000	9.80000000	0.01411785	0.00000000
C32	c	0.15624406	0.53180032	0.01843262	1.86000000	9.86000000	0.01039829	0.00000000
C33	c	0.85370285	0.96507968	0.07120085	1.92000000	9.92000000	0.01175597	0.00000000
C34	c	0.05721655	0.73169007	0.16846077	1.98000000	9.98000000	0.02701369	0.00000000
C35	c	0.42219935	0.85208266	0.11083928	2.00000000	10.00000000	0.02471809	0.00000000
C36	c	0.24698840	0.93074935	0.12184211	2.00000000	10.00000000	0.01779130	0.00000000
C37	c	0.94618738	0.88369585	0.12641950	2.00000000	10.00000000	0.01955690	0.00000000
C38	c	0.45040839	0.35946992	0.17642626	2.00000000	10.00000000	0.02370715	0.00000000
C39	c	0.68180022	0.57389521	0.03764891	2.00000000	10.00000000	0.01104070	0.00000000
C40	c	0.33765479	0.01214164	0.09975248	2.00000000	10.00000000	0.01374021	0.00000000
C41	c	0.25839390	0.00044557	0.15298364	2.00000000	10.00000000	0.01540168	0.00000000
C42	c	0.57180175	0.30452381	0.17140139	2.00000000	10.00000000	0.02414802	0.00000000
C43	c	0.55554399	0.86423751	0.02127330	2.00000000	10.00000000	0.01891162	0.00000000
C44	c	0.70473775	0.44494954	0.13280709	2.00000000	10.00000000	0.01305445	0.00000000
C45	c	0.48662133	0.58631580	0.03780190	2.00000000	10.00000000	0.02966098	0.00000000
C46	c	0.59679469	0.50907667	0.03351994	2.00000000	10.00000000	0.02527623	0.00000000
C47	c	0.93127545	0.01808312	0.08162840	2.00000000	10.00000000	0.02732500	0.00000000
C48	c	0.76098326	0.15694987	0.15271572	2.00000000	10.00000000	0.01061272	0.00000000
C49	c	0.87838354	0.05293539	0.05265478	2.00000000	10.00000000	0.02910191	0.00000000
C50	c	0.51975090	0.79256203	0.16572438	2.00000000	10.00000000	0.02728036	0.00000000

Q Vehicle fuel tank capacity /0.40000000/
C Vehicle load capacity /1.50000000/
r fuel consumption rate /0.25000000/
g inverse refueling rate /1.00000000/
v average Velocity /1.00000000/
