StringID	Type	x	y	demand	ReadyTime	DueDate	ServiceTime	altitude
D0	d	0.50000000	0.50000000	0.00000000	0.00000000	10.00000000	0.00000000	0.00000000
S0	f	0.22500584	0.14140059	0.00000000	0.00000000	10.00000000	0.00000000	0.00000000
S1	f	0.50529334	0.03900003	0.00000000	0.00000000	10.00000000	0.00000000	0.00000000
S2	f	0.31558520	0.31019438	0.00000000	0.00000000	10.00000000	0.00000000	0.00000000
S3	f	0.38643100	0.76792923	0.00000000	0.00000000	10.00000000	0.00000000	0.00000000
S4	f	0.50731769	0.29233347	0.00000000	0.00000000	10.00000000	0.00000000	0.00000000
S5	f	0.74949502	0.24319518	0.00000000	0.00000000	10.00000000	0.00000000	0.00000000
S6	f	0.66197775	0.35523166	0.00000000	0.00000000	10.00000000	0.00000000	0.00000000
S7	f	0.68682247	0.51587608	0.00000000	0.00000000	10.00000000	0.00000000	0.00000000
S8	f	0.04315625	0.21309591	0.00000000	0.00000000	10.00000000	0.00000000	0.00000000
S9	f	0.25566374	0.74480085	0.00000000	0.00000000	10.00000000	0.00000000	0.00000000
C1	c	0.14583762	0.43754443	0.09880479	0.00000000	8.00000000	0.01095020	0.00000000
C2	c	0.19117857	0.46505203	0.07729025	0.06000000	8.06000000	0.01645398	0.00000000
C3	c	0.12586436	0.50300052	0.13062520	0.12000000	8.12000000	0.02894992	0.00000000
C4	c	0.43568351	0.03995264	0.10175758	0.18000000	8.18000000	0.02264921	0.00000000
C5	c	0.44532027	0.03639362	0.14858654	0.24000000	8.24000000	0.01921121	0.00000000
C6	c	0.40828209	0.04523267	0.11456702	0.30000000	8.30000000	0.01171042	0.00000000
C7	c	0.43384835	0.06595461	0.08906449	0.36000000	8.36000000	0.01743782	0.00000000
C8	c	0.54072060	0.07179281	0.05804162	0.42000000	8.42000000	0.01121658	0.00000000
C9	c	0.37784033	0.11975456	0.02213112	0.48000000	8.48000000	0.01214976	0.00000000
C10	c	0.06406412	0.37406934	0.11857006	0.54000000	8.54000000	0.02872915	0.00000000
C11	c	0.12108269	0.34432187	0.02393238	0.60000000	8.60000000	0.01385244	0.00000000
C12	c	0.19122724	0.44168061	0.11556008	0.66000000	8.66000000	0.02665296	0.00000000
C13	c	0.10045252	0.34193596	0.06103409	0.72000000	8.72000000	0.02281445	0.00000000
C14	c	0.50362809	0.76060098	0.06366028	0.78000000	8.78000000	0.02150259	0.00000000
C15	c	0.61016603	0.78267800	0.05325783	0.84000000	8.84000000	0.02123536	0.00000000
C16	c	0.55136411	0.72422345	0.08397151	0.90000000	8.90000000	0.01504045	0.00000000
C17	c	0.53700041	0.72433931	0.14716789	0.96000000	8.96000000	0.01840081	0.00000000
C18	c	0.00000000	0.15494369	0.11966065	1.02000000	9.02000000	0.01351203	0.00000000
C19	c	0.10893348	0.12370671	0.11642579	1.08000000	9.08000000	0.02853675	0.00000000
C20	c	0.00000000	0.10898672	0.07521430	1.14000000	9.14000000	0.02655020	0.00000000
C21	c	0.00000000	0.05631954	0.06106524	1.20000000	9.20000000	0.02415412	0.00000000
C22	c	0.05896951	0.09869218	0.02532316	1.26000000	9.26000000	0.02558794	0.00000000
C23	c	0.00000000	0.12055284	0.07241364	1.32000000	9.32000000	0.01877665	0.00000000
C24	c	0.00000000	0.20769833	0.14018041	1.38000000	9.38000000	0.02272649	0.00000000
C25	c	0.04374606	0.15464495	0.07976426	1.44000000	9.44000000	0.02811306	0.00000000
C26	c	0.30291442	0.72045710	0.09641868	1.50000000	9.50000000	0.01823976	0.00000000
C27	c	0.65818611	0.97007927	0.14741034	1.56000000	9.56000000	0.01753500	0.00000000
C28	c	0.36170334	0.06366451	0.05624288	1.62000000	9.62000000	0.02426422	0.00000000
C29	c	0.38234063	0.35634064	0.11897626	1.68000000	9.68000000	0.02758721	0.00000000
C30	c	0.04676979	0.47771822	0.01795826	1.74000000	9.74000000	0.01291607	0.00000000
C31	c	0.96620459	0.89004814	0.06986379	1.80000000	9.80000000	0.02540123	0.00000000
C32	c	0.36233485	0.51208343	0.10962041	1.86000000	9.86000000	0.01223930	0.00000000
C33	c	0.52507293	0.62952535	0.15648056	1.92000000	9.92000000	0.01671617	0.00000000
C34	c	0.77784749	0.61734629	0.06507558	1.98000000	9.98000000	0.01039045	0.00000000
C35	c	0.54069748	0.90940417	0.02029696	2.00000000	10.00000000	0.02121679	0.00000000
C36	c	0.32269891	0.94749623	0.06817621	2.00000000	10.00000000	0.01949510	0.00000000
C37	c	0.63246054	0.46056029	0.06426986	2.00000000	10.00000000	0.02932736	0.00000000
C38	c	0.93645734	0.19262180	0.01775862	2.00000000	10.00000000	0.02763042	0.00000000
C39	c	0.83264798	0.64072258	0.08250614	2.00000000	10.00000000	0.02167988	0.00000000
C40	c	0.57512949	0.56176792	0.15589841	2.00000000	10.00000000	0.01089154	0.00000000
C41	c	0.25202251	0.42004030	0.14445634	2.00000000	10.00000000	0.01021256	0.00000000
C42	c	0.17560158	0.92683741	0.06517046	2.00000000	10.00000000	0.01293424	0.00000000
C43	c	0.82751005	0.70770599	0.08766932	2.00000000	10.00000000	0.02743422	0.00000000
C44	c	0.77939713	0.43883255	0.08962092	2.00000000	10.00000000	0.01697850	0.00000000
C45	c	0.63632438	0.90565309	0.10531429	2.00000000	10.00000000	0.01663726	0.00000000
C46	c	0.71321098	0.87936066	0.12759884	2.00000000	10.00000000	0.01814268	0.00000000
C47	c	0.14580331	0.77006132	0.10348446	2.00000000	10.00000000	0.01100514	0.00000000
C48	c	0.01952231	0.56083968	0.09196842	2.00000000	10.00000000	0.02912049	0.00000000
C49	c	0.47475512	0.96636810	0.14736447	2.00000000	10.00000000	0.01860267	0.00000000
C50	c	0.88152081	0.58399420	0.09232934	2.00000000	10.00000000	0.02159525	0.00000000

Q Vehicle fuel tank capacity /0.40000000/
C Vehicle load capacity /1.50000000/
r fuel consumption rate /0.25000000/
g inverse refueling rate /1.00000000/
v average Velocity /1.00000000/
