StringID	Type	x	y	demand	ReadyTime	DueDate	ServiceTime	altitude
D0	d	0.50000000	0.50000000	0.00000000	0.00000000	10.00000000	0.00000000	0.00000000
S0	f	0.51437839	0.17399272	0.00000000	0.00000000	10.00000000	0.00000000	0.00000000
S1	f	0.08638185	0.87759335	0.00000000	0.00000000	10.00000000	0.00000000	0.00000000
S2	f	0.15403318	0.56463353	0.00000000	0.00000000	10.00000000	0.00000000	0.00000000
S3	f	0.89243320	0.65268695	0.00000000	0.00000000	10.00000000	0.00000000	0.00000000
S4	f	0.16056431	0.02849648	0.00000000	0.00000000	10.00000000	0.00000000	0.00000000
S5	f	0.41864338	0.86742146	0.00000000	0.00000000	10.00000000	0.00000000	0.00000000
C1	c	0.38415143	0.66689062	0.16895227	0.00000000	8.00000000	0.01848592	0.00000000
C2	c	0.41202189	0.62847530	0.10460206	0.10000000	8.10000000	0.01517490	0.00000000
C3	c	0.36376931	0.67102510	0.13762377	0.20000000	8.20000000	0.02456906	0.00000000
C4	c	0.42890662	0.63020103	0.15674921	0.30000000	8.30000000	0.01100252	0.00000000
C5	c	0.40266272	0.62249902	0.03874809	0.40000000	8.40000000	0.01026320	0.00000000
C6	c	0.32653129	0.94314993	0.13829104	0.50000000	8.50000000	0.01428977	0.00000000
C7	c	0.26647566	0.90482944	0.22077221	0.60000000	8.60000000	0.02649414	0.00000000
C8	c	0.29495849	0.87922262	0.16753992	0.70000000	8.70000000	0.02138532	0.00000000
C9	c	0.27819788	0.97280705	0.21638977	0.80000000	8.80000000	0.02904326	0.00000000
C10	c	0.95475012	0.96545052	0.25790520	0.90000000	8.90000000	0.01597799	0.00000000
C11	c	1.00000000	0.93870816	0.20113821	1.00000000	9.00000000	0.01308948	0.00000000
C12	c	0.88273351	0.94658412	0.11197827	1.10000000	9.10000000	0.02320864	0.00000000
C13	c	1.00000000	0.87094554	0.16473094	1.20000000	9.20000000	0.01913689	0.00000000
C14	c	0.95930343	0.95011568	0.22602383	1.30000000	9.30000000	0.02113464	0.00000000
C15	c	0.91246471	0.93163468	0.22809707	1.40000000	9.40000000	0.02500285	0.00000000
C16	c	0.17978017	0.83458452	0.06179788	1.50000000	9.50000000	0.02079488	0.00000000
C17	c	0.49899846	0.31698308	0.16781552	1.60000000	9.60000000	0.02252328	0.00000000
C18	c	0.08966051	0.39151717	0.03044532	1.70000000	9.70000000	0.02913453	0.00000000
C19	c	0.00619589	0.43232777	0.27614297	1.80000000	9.80000000	0.02095334	0.00000000
C20	c	0.50056974	0.75307897	0.07173487	1.90000000	9.90000000	0.01441202	0.00000000
C21	c	0.19820122	0.42429617	0.25872002	2.00000000	10.00000000	0.02642842	0.00000000
C22	c	0.25874511	0.72845288	0.16289046	2.00000000	10.00000000	0.02961685	0.00000000
C23	c	0.05012597	0.01316007	0.11091437	2.00000000	10.00000000	0.02196670	0.00000000
C24	c	0.56926578	0.95216309	0.04600041	2.00000000	10.00000000	0.01826260	0.00000000
C25	c	0.29889967	0.15447407	0.13219823	2.00000000	10.00000000	0.02726928	0.00000000
C26	c	0.66043215	0.45684439	0.02216635	2.00000000	10.00000000	0.02930614	0.00000000
C27	c	0.55673223	0.75014226	0.14385206	2.00000000	10.00000000	0.02349068	0.00000000
C28	c	0.53974416	0.62616399	0.16333916	2.00000000	10.00000000	0.02446187	0.00000000
C29	c	0.95672656	0.54766675	0.23544539	2.00000000	10.00000000	0.02827798	0.00000000
C30	c	0.22060086	0.82142107	0.07699516	2.00000000	10.00000000	0.01481508	0.00000000

Q Vehicle fuel tank capacity /0.40000000/
C Vehicle load capacity /1.50000000/
r fuel consumption rate /0.25000000/
g inverse refueling rate /1.00000000/
v average Velocity /1.00000000/
