StringID	Type	x	y	demand	ReadyTime	DueDate	ServiceTime	altitude
D0	d	0.50000000	0.50000000	0.00000000	0.00000000	10.00000000	0.00000000	0.00000000
S0	f	0.23780570	0.29186078	0.00000000	0.00000000	10.00000000	0.00000000	0.00000000
S1	f	0.92982138	0.91738009	0.00000000	0.00000000	10.00000000	0.00000000	0.00000000
S2	f	0.84617623	0.48563404	0.00000000	0.00000000	10.00000000	0.00000000	0.00000000
S3	f	0.41176813	0.33422877	0.00000000	0.00000000	10.00000000	0.00000000	0.00000000
S4	f	0.04530690	0.42313359	0.00000000	0.00000000	10.00000000	0.00000000	0.00000000
S5	f	0.52021234	0.77319824	0.00000000	0.00000000	10.00000000	0.00000000	0.00000000
C1	c	0.63707887	0.03422223	0.03303599	0.00000000	8.00000000	0.01907430	0.00000000
C2	c	0.81251676	0.88466982	0.32452770	0.10000000	8.10000000	0.02661478	0.00000000
C3	c	0.92867250	0.81805649	0.07268493	0.20000000	8.20000000	0.01461723	0.00000000
C4	c	0.52393932	0.93001305	0.11091884	0.30000000	8.30000000	0.02692878	0.00000000
C5	c	0.73819189	0.76048737	0.18485140	0.40000000	8.40000000	0.01260304	0.00000000
C6	c	0.96828768	0.63485847	0.04029016	0.50000000	8.50000000	0.02154511	0.00000000
C7	c	0.31215705	0.26926423	0.05480556	0.60000000	8.60000000	0.01141208	0.00000000
C8	c	0.35062063	0.33839341	0.13834641	0.70000000	8.70000000	0.01409508	0.00000000
C9	c	0.73193748	0.52588175	0.09714033	0.80000000	8.80000000	0.02445379	0.00000000
C10	c	0.38414778	0.49476098	0.14645441	0.90000000	8.90000000	0.02316558	0.00000000
C11	c	0.22938796	0.24555255	0.09864617	1.00000000	9.00000000	0.02395228	0.00000000
C12	c	0.10220213	0.87777882	0.14517502	1.10000000	9.10000000	0.01891965	0.00000000
C13	c	0.17314079	0.70597701	0.20228310	1.20000000	9.20000000	0.01378157	0.00000000
C14	c	0.40721632	0.11251628	0.34149465	1.30000000	9.30000000	0.01606963	0.00000000
C15	c	0.26799151	0.61762625	0.14755420	1.40000000	9.40000000	0.02763202	0.00000000
C16	c	0.42302893	0.83754267	0.21672776	1.50000000	9.50000000	0.02141638	0.00000000
C17	c	0.20365402	0.64339873	0.13112846	1.60000000	9.60000000	0.01297379	0.00000000
C18	c	0.34121097	0.06884231	0.28829726	1.70000000	9.70000000	0.01879386	0.00000000
C19	c	0.56914734	0.18741991	0.16287377	1.80000000	9.80000000	0.02950011	0.00000000
C20	c	0.23780570	0.29186078	0.12462345	1.90000000	9.90000000	0.01589167	0.00000000
C21	c	0.53950870	0.35786930	0.12073148	2.00000000	10.00000000	0.01081270	0.00000000
C22	c	0.92782849	0.11623685	0.15899029	2.00000000	10.00000000	0.02469472	0.00000000
C23	c	0.66335667	0.68840066	0.24198709	2.00000000	10.00000000	0.02813031	0.00000000
C24	c	0.75610026	0.12463759	0.09464039	2.00000000	10.00000000	0.01837017	0.00000000
C25	c	0.11281005	0.38890102	0.05701847	2.00000000	10.00000000	0.01013443	0.00000000
C26	c	0.01427554	0.32026315	0.25282688	2.00000000	10.00000000	0.02707645	0.00000000
C27	c	0.26765692	0.19729272	0.17696619	2.00000000	10.00000000	0.02815376	0.00000000
C28	c	0.25504823	0.76046271	0.06570849	2.00000000	10.00000000	0.01986978	0.00000000
C29	c	0.48776212	0.35325920	0.14353846	2.00000000	10.00000000	0.01195792	0.00000000
C30	c	0.31323063	0.35446740	0.12573269	2.00000000	10.00000000	0.01184773	0.00000000

Q Vehicle fuel tank capacity /0.40000000/
C Vehicle load capacity /1.50000000/
r fuel consumption rate /0.25000000/
g inverse refueling rate /1.00000000/
v average Velocity /1.00000000/
