StringID	Type	x	y	demand	ReadyTime	DueDate	ServiceTime	altitude
D0	d	0.50000000	0.50000000	0.00000000	0.00000000	10.00000000	0.00000000	0.00000000
S0	f	0.16961419	0.65829918	0.00000000	0.00000000	10.00000000	0.00000000	0.00000000
S1	f	0.99373791	0.31734690	0.00000000	0.00000000	10.00000000	0.00000000	0.00000000
S2	f	0.64745296	0.28347334	0.00000000	0.00000000	10.00000000	0.00000000	0.00000000
S3	f	0.05233763	0.00583308	0.00000000	0.00000000	10.00000000	0.00000000	0.00000000
S4	f	0.11270479	0.77243160	0.00000000	0.00000000	10.00000000	0.00000000	0.00000000
S5	f	0.34650548	0.49001549	0.00000000	0.00000000	10.00000000	0.00000000	0.00000000
C1	c	0.99828505	0.02455868	0.22121110	0.00000000	8.00000000	0.02190823	0.00000000
C2	c	0.94983019	0.01692634	0.23489583	0.10000000	8.10000000	0.01851333	0.00000000
C3	c	1.00000000	0.03229827	0.04927447	0.20000000	8.20000000	0.02785336	0.00000000
C4	c	0.92103196	0.05832399	0.17696297	0.30000000	8.30000000	0.02733287	0.00000000
C5	c	0.99716024	0.05609566	0.12842573	0.40000000	8.40000000	0.02924098	0.00000000
C6	c	0.97938438	0.00000000	0.14898650	0.50000000	8.50000000	0.02119915	0.00000000
C7	c	0.88486976	0.00000000	0.23497104	0.60000000	8.60000000	0.01921599	0.00000000
C8	c	0.94156978	0.05797972	0.08723362	0.70000000	8.70000000	0.02821363	0.00000000
C9	c	0.96682877	0.00000000	0.22356842	0.80000000	8.80000000	0.01286781	0.00000000
C10	c	0.92024387	0.04717600	0.10921365	0.90000000	8.90000000	0.01050327	0.00000000
C11	c	0.51518100	0.56234413	0.11859887	1.00000000	9.00000000	0.01879637	0.00000000
C12	c	0.52725923	0.53602600	0.14830947	1.10000000	9.10000000	0.02467039	0.00000000
C13	c	0.22119700	0.74935377	0.13588113	1.20000000	9.20000000	0.01900605	0.00000000
C14	c	0.12574327	0.73008529	0.17320545	1.30000000	9.30000000	0.01520323	0.00000000
C15	c	0.20625807	0.63044092	0.11983324	1.40000000	9.40000000	0.02711551	0.00000000
C16	c	0.35731164	0.94943156	0.16711989	1.50000000	9.50000000	0.01089783	0.00000000
C17	c	0.58538777	0.45306367	0.12545722	1.60000000	9.60000000	0.02285494	0.00000000
C18	c	0.69978335	0.96840851	0.23824875	1.70000000	9.70000000	0.02648984	0.00000000
C19	c	0.23146428	0.39145954	0.11730979	1.80000000	9.80000000	0.02559332	0.00000000
C20	c	0.89266821	0.86664346	0.07124266	1.90000000	9.90000000	0.01885004	0.00000000
C21	c	0.96204922	0.55995758	0.23133853	2.00000000	10.00000000	0.01656584	0.00000000
C22	c	0.46079959	0.91068169	0.05068237	2.00000000	10.00000000	0.01576878	0.00000000
C23	c	0.14339066	0.02516337	0.09780750	2.00000000	10.00000000	0.01173990	0.00000000
C24	c	0.43981839	0.73351926	0.23288644	2.00000000	10.00000000	0.01737093	0.00000000
C25	c	0.45030244	0.26016149	0.14983798	2.00000000	10.00000000	0.01074108	0.00000000
C26	c	0.85577546	0.04489170	0.11965119	2.00000000	10.00000000	0.01992917	0.00000000
C27	c	0.64274720	0.82449219	0.17593477	2.00000000	10.00000000	0.02709110	0.00000000
C28	c	0.77966575	0.44250187	0.23721560	2.00000000	10.00000000	0.02767567	0.00000000
C29	c	0.32829210	0.28843890	0.06909824	2.00000000	10.00000000	0.02096598	0.00000000
C30	c	0.08699504	0.36854644	0.10559758	2.00000000	10.00000000	0.02810220	0.00000000

Q Vehicle fuel tank capacity /0.40000000/
C Vehicle load capacity /1.50000000/
r fuel consumption rate /0.25000000/
g inverse refueling rate /1.00000000/
v average Velocity /1.00000000/
