StringID	Type	x	y	demand	ReadyTime	DueDate	ServiceTime	altitude
D0	d	0.50000000	0.50000000	0.00000000	0.00000000	10.00000000	0.00000000	0.00000000
S0	f	0.34845843	0.01321873	0.00000000	0.00000000	10.00000000	0.00000000	0.00000000
S1	f	0.04067208	0.19890362	0.00000000	0.00000000	10.00000000	0.00000000	0.00000000
S2	f	0.33232952	0.70820867	0.00000000	0.00000000	10.00000000	0.00000000	0.00000000
S3	f	0.17345360	0.21260755	0.00000000	0.00000000	10.00000000	0.00000000	0.00000000
S4	f	0.04913277	0.66909028	0.00000000	0.00000000	10.00000000	0.00000000	0.00000000
S5	f	0.97271119	0.01274849	0.00000000	0.00000000	10.00000000	0.00000000	0.00000000
S6	f	0.39779208	0.32587137	0.00000000	0.00000000	10.00000000	0.00000000	0.00000000
S7	f	0.68872965	0.03944795	0.00000000	0.00000000	10.00000000	0.00000000	0.00000000
S8	f	0.46017695	0.21186479	0.00000000	0.00000000	10.00000000	0.00000000	0.00000000
S9	f	0.01753953	0.29701293	0.00000000	0.00000000	10.00000000	0.00000000	0.00000000
C1	c	0.86398654	0.96364466	0.13881235	0.00000000	8.00000000	0.02709181	0.00000000
C2	c	0.89506388	0.83349472	0.02444082	0.06000000	8.06000000	0.02698470	0.00000000
C3	c	0.97334797	0.91361658	0.15596006	0.12000000	8.12000000	0.02042973	0.00000000
C4	c	1.00000000	0.88625660	0.05426423	0.18000000	8.18000000	0.02071388	0.00000000
C5	c	0.95431590	0.88051030	0.07229189	0.24000000	8.24000000	0.02711049	0.00000000
C6	c	0.68096550	0.49098454	0.13110605	0.30000000	8.30000000	0.02819350	0.00000000
C7	c	0.71627323	0.48809729	0.08880561	0.36000000	8.36000000	0.01133037	0.00000000
C8	c	0.64793840	0.48222476	0.15155349	0.42000000	8.42000000	0.01675452	0.00000000
C9	c	0.60533547	0.08291276	0.11041608	0.48000000	8.48000000	0.01208211	0.00000000
C10	c	0.61661319	0.15258224	0.07474227	0.54000000	8.54000000	0.01408650	0.00000000
C11	c	0.62872379	0.19323962	0.08369935	0.60000000	8.60000000	0.01185623	0.00000000
C12	c	0.67010495	0.24103097	0.09176948	0.66000000	8.66000000	0.02876559	0.00000000
C13	c	0.58336031	0.12695365	0.03377710	0.72000000	8.72000000	0.01590388	0.00000000
C14	c	0.69556356	0.16903994	0.09963197	0.78000000	8.78000000	0.02672427	0.00000000
C15	c	0.62355118	0.11277717	0.15678605	0.84000000	8.84000000	0.02702837	0.00000000
C16	c	0.65295418	0.24190719	0.12245021	0.90000000	8.90000000	0.01877634	0.00000000
C17	c	0.62422375	0.26749908	0.13162410	0.96000000	8.96000000	0.02617830	0.00000000
C18	c	0.71166893	0.24428283	0.14298690	1.02000000	9.02000000	0.02136814	0.00000000
C19	c	0.70244474	0.20833427	0.04282282	1.08000000	9.08000000	0.01582984	0.00000000
C20	c	0.62532582	0.29477116	0.02047337	1.14000000	9.14000000	0.02263887	0.00000000
C21	c	0.70997979	0.30371136	0.04005523	1.20000000	9.20000000	0.01060093	0.00000000
C22	c	0.67754378	0.17112868	0.07482285	1.26000000	9.26000000	0.01235393	0.00000000
C23	c	0.66889080	0.21515509	0.02473372	1.32000000	9.32000000	0.02835741	0.00000000
C24	c	0.72773187	0.21291099	0.12974931	1.38000000	9.38000000	0.02194890	0.00000000
C25	c	0.63293885	0.18425476	0.04404570	1.44000000	9.44000000	0.02793646	0.00000000
C26	c	0.52702627	0.87774849	0.14836385	1.50000000	9.50000000	0.01950259	0.00000000
C27	c	0.70406499	0.62757062	0.07698912	1.56000000	9.56000000	0.02996822	0.00000000
C28	c	0.08622111	0.07156412	0.06611809	1.62000000	9.62000000	0.02534745	0.00000000
C29	c	0.33864834	0.17260718	0.05561133	1.68000000	9.68000000	0.02260250	0.00000000
C30	c	0.23520037	0.30293111	0.13286970	1.74000000	9.74000000	0.01476846	0.00000000
C31	c	0.57515890	0.74824581	0.12998481	1.80000000	9.80000000	0.02785854	0.00000000
C32	c	0.28607370	0.04340718	0.15443461	1.86000000	9.86000000	0.02801940	0.00000000
C33	c	0.85459044	0.84923477	0.05165630	1.92000000	9.92000000	0.02097995	0.00000000
C34	c	0.52148675	0.53569382	0.04163725	1.98000000	9.98000000	0.02368892	0.00000000
C35	c	0.85552473	0.90967522	0.09675035	2.00000000	10.00000000	0.01193513	0.00000000
C36	c	0.06651873	0.33772614	0.15345053	2.00000000	10.00000000	0.02290806	0.00000000
C37	c	0.10410532	0.20432491	0.12537165	2.00000000	10.00000000	0.01167701	0.00000000
C38	c	0.09281143	0.93827932	0.11300504	2.00000000	10.00000000	0.01503087	0.00000000
C39	c	0.29519393	0.83621364	0.02548674	2.00000000	10.00000000	0.02299495	0.00000000
C40	c	0.85141846	0.43881678	0.02311719	2.00000000	10.00000000	0.02011650	0.00000000
C41	c	0.80891504	0.56840700	0.16986355	2.00000000	10.00000000	0.02517306	0.00000000
C42	c	0.29149219	0.63194347	0.16421975	2.00000000	10.00000000	0.01426050	0.00000000
C43	c	0.03004648	0.11769634	0.06629587	2.00000000	10.00000000	0.01623207	0.00000000
C44	c	0.91787042	0.59744486	0.03945251	2.00000000	10.00000000	0.01492502	0.00000000
C45	c	0.89682307	0.47512932	0.04957176	2.00000000	10.00000000	0.02498303	0.00000000
C46	c	0.99841122	0.76737254	0.06052158	2.00000000	10.00000000	0.02765035	0.00000000
C47	c	0.54899739	0.68444597	0.10453180	2.00000000	10.00000000	0.01246977	0.00000000
C48	c	0.09675646	0.64540295	0.13251423	2.00000000	10.00000000	0.01658350	0.00000000
C49	c	0.08385040	0.25154343	0.05779629	2.00000000	10.00000000	0.02038182	0.00000000
C50	c	0.31160339	0.24625114	0.01856514	2.00000000	10.00000000	0.01045920	0.00000000

Q Vehicle fuel tank capacity /0.40000000/
C Vehicle load capacity /1.50000000/
r fuel consumption rate /0.25000000/
g inverse refueling rate /1.00000000/
v average Velocity /1.00000000/
