StringID	Type	x	y	demand	ReadyTime	DueDate	ServiceTime	altitude
D0	d	0.50000000	0.50000000	0.00000000	0.00000000	10.00000000	0.00000000	0.00000000
S0	f	0.07958561	0.04639079	0.00000000	0.00000000	10.00000000	0.00000000	0.00000000
S1	f	0.46374933	0.07671404	0.00000000	0.00000000	10.00000000	0.00000000	0.00000000
S2	f	0.24218008	0.18498824	0.00000000	0.00000000	10.00000000	0.00000000	0.00000000
S3	f	0.58681968	0.09526936	0.00000000	0.00000000	10.00000000	0.00000000	0.00000000
S4	f	0.48888357	0.44505880	0.00000000	0.00000000	10.00000000	0.00000000	0.00000000
S5	f	0.71167698	0.97688496	0.00000000	0.00000000	10.00000000	0.00000000	0.00000000
C1	c	0.00000000	0.45951864	0.14464040	0.00000000	8.00000000	0.01998484	0.00000000
C2	c	0.00000000	0.52810945	0.09893885	0.10000000	8.10000000	0.01468258	0.00000000
C3	c	0.10587040	0.49257355	0.20608245	0.20000000	8.20000000	0.02379625	0.00000000
C4	c	0.00000000	0.60396369	0.04122105	0.30000000	8.30000000	0.01135382	0.00000000
C5	c	0.00000000	0.45404250	0.10674967	0.40000000	8.40000000	0.01286618	0.00000000
C6	c	0.02629752	0.12274127	0.27260390	0.50000000	8.50000000	0.01245726	0.00000000
C7	c	0.13709553	0.02814325	0.23088354	0.60000000	8.60000000	0.02351220	0.00000000
C8	c	0.05237267	0.09390685	0.13323947	0.70000000	8.70000000	0.01110230	0.00000000
C9	c	0.63655485	0.77888378	0.14324685	0.80000000	8.80000000	0.02568620	0.00000000
C10	c	0.71233273	0.63974076	0.05220300	0.90000000	8.90000000	0.01134915	0.00000000
C11	c	0.80276452	0.71813128	0.22934761	1.00000000	9.00000000	0.02695299	0.00000000
C12	c	0.68308527	0.64236339	0.16498286	1.10000000	9.10000000	0.02281197	0.00000000
C13	c	0.68837446	0.72277927	0.04643491	1.20000000	9.20000000	0.02280047	0.00000000
C14	c	0.69847043	0.67628129	0.27565528	1.30000000	9.30000000	0.02500562	0.00000000
C15	c	0.62718983	0.67430545	0.13632764	1.40000000	9.40000000	0.01353048	0.00000000
C16	c	0.32833338	0.21130994	0.24219992	1.50000000	9.50000000	0.02793717	0.00000000
C17	c	0.88863992	0.69447251	0.15786411	1.60000000	9.60000000	0.02420590	0.00000000
C18	c	0.49924214	0.23412916	0.10314206	1.70000000	9.70000000	0.02198638	0.00000000
C19	c	0.68981250	0.06769084	0.02456244	1.80000000	9.80000000	0.01276615	0.00000000
C20	c	0.14330891	0.12286308	0.05327533	1.90000000	9.90000000	0.01664966	0.00000000
C21	c	0.78431020	0.06745751	0.07503727	2.00000000	10.00000000	0.02202838	0.00000000
C22	c	0.84764961	0.64059859	0.12157566	2.00000000	10.00000000	0.01893863	0.00000000
C23	c	0.17652411	0.89685863	0.19504846	2.00000000	10.00000000	0.02775746	0.00000000
C24	c	0.71029521	0.59931915	0.21250959	2.00000000	10.00000000	0.01021990	0.00000000
C25	c	0.13830727	0.33248296	0.18033603	2.00000000	10.00000000	0.02600813	0.00000000
C26	c	0.60141882	0.44693146	0.20533045	2.00000000	10.00000000	0.02796474	0.00000000
C27	c	0.88787318	0.01099488	0.10731732	2.00000000	10.00000000	0.02586508	0.00000000
C28	c	0.80040646	0.89823703	0.07590202	2.00000000	10.00000000	0.02283058	0.00000000
C29	c	0.79325401	0.64152884	0.25773334	2.00000000	10.00000000	0.01681724	0.00000000
C30	c	0.34086206	0.45622430	0.20560850	2.00000000	10.00000000	0.01912449	0.00000000

Q Vehicle fuel tank capacity /0.40000000/
C Vehicle load capacity /1.50000000/
r fuel consumption rate /0.25000000/
g inverse refueling rate /1.00000000/
v average Velocity /1.00000000/
