StringID	Type	x	y	demand	ReadyTime	DueDate	ServiceTime	altitude
D0	d	0.50000000	0.50000000	0.00000000	0.00000000	10.00000000	0.00000000	0.00000000
S0	f	0.52841098	0.02439470	0.00000000	0.00000000	10.00000000	0.00000000	0.00000000
S1	f	0.43759444	0.77412600	0.00000000	0.00000000	10.00000000	0.00000000	0.00000000
S2	f	0.49669054	0.75894322	0.00000000	0.00000000	10.00000000	0.00000000	0.00000000
S3	f	0.87291670	0.72766278	0.00000000	0.00000000	10.00000000	0.00000000	0.00000000
S4	f	0.18490039	0.28340233	0.00000000	0.00000000	10.00000000	0.00000000	0.00000000
S5	f	0.39610802	0.49797403	0.00000000	0.00000000	10.00000000	0.00000000	0.00000000
S6	f	0.10166194	0.01960656	0.00000000	0.00000000	10.00000000	0.00000000	0.00000000
S7	f	0.66160288	0.71357527	0.00000000	0.00000000	10.00000000	0.00000000	0.00000000
S8	f	0.52920721	0.36265545	0.00000000	0.00000000	10.00000000	0.00000000	0.00000000
S9	f	0.00768187	0.80044773	0.00000000	0.00000000	10.00000000	0.00000000	0.00000000
C1	c	0.69543545	0.88764083	0.13052635	0.00000000	8.00000000	0.02838697	0.00000000
C2	c	0.89244780	0.61378799	0.14283096	0.06000000	8.06000000	0.01415700	0.00000000
C3	c	0.39401876	0.75848673	0.06629313	0.12000000	8.12000000	0.02924175	0.00000000
C4	c	0.31972431	0.79792410	0.11151898	0.18000000	8.18000000	0.02102628	0.00000000
C5	c	0.90015603	0.25879170	0.14535365	0.24000000	8.24000000	0.02396131	0.00000000
C6	c	0.62750740	0.45395178	0.01387251	0.30000000	8.30000000	0.01409202	0.00000000
C7	c	0.53803996	0.97611487	0.16658354	0.36000000	8.36000000	0.02891150	0.00000000
C8	c	0.64338738	0.97000734	0.09838880	0.42000000	8.42000000	0.02551759	0.00000000
C9	c	0.94750419	0.89785577	0.12365475	0.48000000	8.48000000	0.01247085	0.00000000
C10	c	0.22394396	0.05528317	0.01213623	0.54000000	8.54000000	0.01176354	0.00000000
C11	c	0.88917273	0.35919698	0.05170096	0.60000000	8.60000000	0.01286797	0.00000000
C12	c	0.85726108	0.46899665	0.13845530	0.66000000	8.66000000	0.02010823	0.00000000
C13	c	0.69990999	0.07167823	0.06952127	0.72000000	8.72000000	0.02052426	0.00000000
C14	c	0.91470736	0.66340950	0.08265405	0.78000000	8.78000000	0.01713211	0.00000000
C15	c	0.61398651	0.88581317	0.07238937	0.84000000	8.84000000	0.01180836	0.00000000
C16	c	0.74041540	0.89440766	0.10613058	0.90000000	8.90000000	0.02576889	0.00000000
C17	c	0.31723406	0.55137291	0.15058481	0.96000000	8.96000000	0.01348497	0.00000000
C18	c	0.25204968	0.22880095	0.04493682	1.02000000	9.02000000	0.02170787	0.00000000
C19	c	0.52841098	0.02439470	0.05674197	1.08000000	9.08000000	0.02154246	0.00000000
C20	c	0.37217229	0.70705631	0.14104090	1.14000000	9.14000000	0.01292583	0.00000000
C21	c	0.42055162	0.03731966	0.02409329	1.20000000	9.20000000	0.01863858	0.00000000
C22	c	0.68939600	0.13466596	0.02051823	1.26000000	9.26000000	0.02146206	0.00000000
C23	c	0.30883641	0.05138754	0.09282653	1.32000000	9.32000000	0.01999872	0.00000000
C24	c	0.69970975	0.76484358	0.14184681	1.38000000	9.38000000	0.01250093	0.00000000
C25	c	0.77173495	0.96613682	0.04789260	1.44000000	9.44000000	0.02190143	0.00000000
C26	c	0.00451495	0.50903495	0.04009806	1.50000000	9.50000000	0.02967529	0.00000000
C27	c	0.82694110	0.72085040	0.08539588	1.56000000	9.56000000	0.01467675	0.00000000
C28	c	0.58843837	0.99786772	0.13171781	1.62000000	9.62000000	0.02402501	0.00000000
C29	c	0.84323366	0.26224962	0.14138221	1.68000000	9.68000000	0.01282558	0.00000000
C30	c	0.82167379	0.39221681	0.08185146	1.74000000	9.74000000	0.02257117	0.00000000
C31	c	0.82239922	0.57104836	0.13666535	1.80000000	9.80000000	0.01326812	0.00000000
C32	c	0.15062173	0.40422304	0.12390254	1.86000000	9.86000000	0.02030379	0.00000000
C33	c	0.91151095	0.85737068	0.16585410	1.92000000	9.92000000	0.01197553	0.00000000
C34	c	0.35477157	0.15880467	0.13265839	1.98000000	9.98000000	0.01480217	0.00000000
C35	c	0.43759444	0.77412600	0.06210648	2.00000000	10.00000000	0.01535641	0.00000000
C36	c	0.90654437	0.98909044	0.15364821	2.00000000	10.00000000	0.02848201	0.00000000
C37	c	0.98028798	0.97573471	0.04188499	2.00000000	10.00000000	0.02290274	0.00000000
C38	c	0.59180750	0.02521959	0.05674207	2.00000000	10.00000000	0.01618849	0.00000000
C39	c	0.66118484	0.48861409	0.14775679	2.00000000	10.00000000	0.01161225	0.00000000
C40	c	0.14497889	0.25944593	0.07130612	2.00000000	10.00000000	0.01206561	0.00000000
C41	c	0.83088703	0.67153264	0.03338317	2.00000000	10.00000000	0.01908151	0.00000000
C42	c	0.41917980	0.64037983	0.12402509	2.00000000	10.00000000	0.01946655	0.00000000
C43	c	0.72852749	0.58678851	0.01476735	2.00000000	10.00000000	0.02351165	0.00000000
C44	c	0.55705946	0.92051390	0.15069595	2.00000000	10.00000000	0.02243188	0.00000000
C45	c	0.43070253	0.09005371	0.03787966	2.00000000	10.00000000	0.02658568	0.00000000
C46	c	0.93898994	0.43859595	0.02836056	2.00000000	10.00000000	0.01331000	0.00000000
C47	c	0.26544294	0.43160090	0.13673648	2.00000000	10.00000000	0.02658901	0.00000000
C48	c	0.06135614	0.20947112	0.02558444	2.00000000	10.00000000	0.02016046	0.00000000
C49	c	0.11901946	0.60814717	0.01827262	2.00000000	10.00000000	0.02676228	0.00000000
C50	c	0.48761233	0.53831024	0.10483182	2.00000000	10.00000000	0.01937660	0.00000000

Q Vehicle fuel tank capacity /0.40000000/
C Vehicle load capacity /1.50000000/
r fuel consumption rate /0.25000000/
g inverse refueling rate /1.00000000/
v average Velocity /1.00000000/
