StringID	Type	x	y	demand	ReadyTime	DueDate	ServiceTime	altitude
D0	d	0.50000000	0.50000000	0.00000000	0.00000000	10.00000000	0.00000000	0.00000000
S0	f	0.77061453	0.91171469	0.00000000	0.00000000	10.00000000	0.00000000	0.00000000
S1	f	0.38421271	0.07619240	0.00000000	0.00000000	10.00000000	0.00000000	0.00000000
S2	f	0.17594523	0.18798131	0.00000000	0.00000000	10.00000000	0.00000000	0.00000000
S3	f	0.41948043	0.85311464	0.00000000	0.00000000	10.00000000	0.00000000	0.00000000
S4	f	0.70117053	0.84528065	0.00000000	0.00000000	10.00000000	0.00000000	0.00000000
S5	f	0.78964253	0.97305707	0.00000000	0.00000000	10.00000000	0.00000000	0.00000000
S6	f	0.90160288	0.52784258	0.00000000	0.00000000	10.00000000	0.00000000	0.00000000
S7	f	0.13044027	0.53729615	0.00000000	0.00000000	10.00000000	0.00000000	0.00000000
S8	f	0.66023201	0.74805818	0.00000000	0.00000000	10.00000000	0.00000000	0.00000000
S9	f	0.32535947	0.76555834	0.00000000	0.00000000	10.00000000	0.00000000	0.00000000
C1	c	0.68363933	0.41937451	0.04967380	0.00000000	8.00000000	0.01504653	0.00000000
C2	c	0.62273127	0.85848510	0.12986969	0.06000000	8.06000000	0.01274702	0.00000000
C3	c	0.42567790	0.54826858	0.01731788	0.12000000	8.12000000	0.02428309	0.00000000
C4	c	0.03377094	0.44390739	0.07555390	0.18000000	8.18000000	0.01520589	0.00000000
C5	c	0.57820587	0.24531952	0.03677038	0.24000000	8.24000000	0.02313909	0.00000000
C6	c	0.33235313	0.19798272	0.12549587	0.30000000	8.30000000	0.02219362	0.00000000
C7	c	0.20538735	0.04109129	0.11848322	0.36000000	8.36000000	0.02429875	0.00000000
C8	c	0.07903436	0.69968150	0.01319273	0.42000000	8.42000000	0.02751555	0.00000000
C9	c	0.30639602	0.33676074	0.07248832	0.48000000	8.48000000	0.02154116	0.00000000
C10	c	0.10116837	0.93725936	0.14286201	0.54000000	8.54000000	0.01837368	0.00000000
C11	c	0.97356652	0.83043406	0.05312671	0.60000000	8.60000000	0.01825354	0.00000000
C12	c	0.29582008	0.51532173	0.15637230	0.66000000	8.66000000	0.01289406	0.00000000
C13	c	0.24071770	0.25139113	0.04222408	0.72000000	8.72000000	0.02178153	0.00000000
C14	c	0.19742648	0.47920701	0.02996545	0.78000000	8.78000000	0.01105206	0.00000000
C15	c	0.05218879	0.33164175	0.14691616	0.84000000	8.84000000	0.02145240	0.00000000
C16	c	0.19183063	0.65823015	0.13870699	0.90000000	8.90000000	0.01875716	0.00000000
C17	c	0.20776754	0.08655323	0.11498530	0.96000000	8.96000000	0.01500564	0.00000000
C18	c	0.62632261	0.23292388	0.06032364	1.02000000	9.02000000	0.01430968	0.00000000
C19	c	0.97890902	0.20158877	0.08359390	1.08000000	9.08000000	0.02496574	0.00000000
C20	c	0.77061453	0.91171469	0.03182002	1.14000000	9.14000000	0.02527822	0.00000000
C21	c	0.72804097	0.57998280	0.05247923	1.20000000	9.20000000	0.02683230	0.00000000
C22	c	0.37043906	0.93177915	0.13604152	1.26000000	9.26000000	0.01514798	0.00000000
C23	c	0.61697489	0.47586453	0.14303203	1.32000000	9.32000000	0.02741060	0.00000000
C24	c	0.14989226	0.82830200	0.05015595	1.38000000	9.38000000	0.02757090	0.00000000
C25	c	0.93846609	0.90910479	0.11401754	1.44000000	9.44000000	0.02995257	0.00000000
C26	c	0.91968126	0.36345760	0.16409991	1.50000000	9.50000000	0.02451369	0.00000000
C27	c	0.63156525	0.91143712	0.03558299	1.56000000	9.56000000	0.01338701	0.00000000
C28	c	0.08190245	0.21163022	0.06140750	1.62000000	9.62000000	0.02189965	0.00000000
C29	c	0.88647120	0.43846021	0.10599580	1.68000000	9.68000000	0.02250847	0.00000000
C30	c	0.32224709	0.71728568	0.14763852	1.74000000	9.74000000	0.01979386	0.00000000
C31	c	0.81670260	0.36377204	0.07782442	1.80000000	9.80000000	0.01638576	0.00000000
C32	c	0.96281441	0.41089748	0.16645996	1.86000000	9.86000000	0.01194491	0.00000000
C33	c	0.09453720	0.50537599	0.10131020	1.92000000	9.92000000	0.01123732	0.00000000
C34	c	0.65086048	0.97759705	0.16227856	1.98000000	9.98000000	0.02240748	0.00000000
C35	c	0.06428964	0.16404693	0.14839914	2.00000000	10.00000000	0.01543564	0.00000000
C36	c	0.84897336	0.38948928	0.02492157	2.00000000	10.00000000	0.01256979	0.00000000
C37	c	0.62946752	0.71639285	0.15898988	2.00000000	10.00000000	0.01871690	0.00000000
C38	c	0.08897759	0.65951766	0.15870754	2.00000000	10.00000000	0.01432613	0.00000000
C39	c	0.38421271	0.07619240	0.15488704	2.00000000	10.00000000	0.02267970	0.00000000
C40	c	0.62259709	0.17194103	0.05361216	2.00000000	10.00000000	0.01136141	0.00000000
C41	c	0.53503991	0.89945955	0.06227675	2.00000000	10.00000000	0.02168612	0.00000000
C42	c	0.91188579	0.07590457	0.06530020	2.00000000	10.00000000	0.02221428	0.00000000
C43	c	0.71448833	0.15504597	0.02625218	2.00000000	10.00000000	0.01057144	0.00000000
C44	c	0.01155376	0.86946771	0.04726782	2.00000000	10.00000000	0.01327489	0.00000000
C45	c	0.38677413	0.15520431	0.03528828	2.00000000	10.00000000	0.01654617	0.00000000
C46	c	0.22789008	0.80956512	0.06201586	2.00000000	10.00000000	0.02610012	0.00000000
C47	c	0.51682761	0.40108821	0.08481015	2.00000000	10.00000000	0.01654637	0.00000000
C48	c	0.25178005	0.57397717	0.13243548	2.00000000	10.00000000	0.02719659	0.00000000
C49	c	0.57310465	0.97529182	0.07237015	2.00000000	10.00000000	0.02019433	0.00000000
C50	c	0.62982970	0.41368394	0.05439932	2.00000000	10.00000000	0.02502841	0.00000000

Q Vehicle fuel tank capacity /0.40000000/
C Vehicle load capacity /1.50000000/
r fuel consumption rate /0.25000000/
g inverse refueling rate /1.00000000/
v average Velocity /1.00000000/
