StringID	Type	x	y	demand	ReadyTime	DueDate	ServiceTime	altitude
D0	d	0.50000000	0.50000000	0.00000000	0.00000000	10.00000000	0.00000000	0.00000000
S0	f	0.85364158	0.76822448	0.00000000	0.00000000	10.00000000	0.00000000	0.00000000
S1	f	0.36327667	0.69075479	0.00000000	0.00000000	10.00000000	0.00000000	0.00000000
S2	f	0.18247179	0.65436171	0.00000000	0.00000000	10.00000000	0.00000000	0.00000000
S3	f	0.48736663	0.42926765	0.00000000	0.00000000	10.00000000	0.00000000	0.00000000
S4	f	0.66210530	0.01493740	0.00000000	0.00000000	10.00000000	0.00000000	0.00000000
S5	f	0.03074524	0.08577587	0.00000000	0.00000000	10.00000000	0.00000000	0.00000000
C1	c	0.12866490	0.47441766	0.26179911	0.00000000	8.00000000	0.02048150	0.00000000
C2	c	0.88996088	0.79465810	0.09529601	0.10000000	8.10000000	0.01627566	0.00000000
C3	c	0.12575055	0.63191192	0.23556346	0.20000000	8.20000000	0.02146827	0.00000000
C4	c	0.11328541	0.27719565	0.24389630	0.30000000	8.30000000	0.01931227	0.00000000
C5	c	0.76942258	0.21939790	0.10724818	0.40000000	8.40000000	0.02285272	0.00000000
C6	c	0.66043227	0.62680207	0.05083710	0.50000000	8.50000000	0.01384690	0.00000000
C7	c	0.05580867	0.88135849	0.02324636	0.60000000	8.60000000	0.02394900	0.00000000
C8	c	0.58790941	0.56761917	0.12812536	0.70000000	8.70000000	0.02625100	0.00000000
C9	c	0.51017954	0.16538472	0.09323707	0.80000000	8.80000000	0.02626192	0.00000000
C10	c	0.72602581	0.24601396	0.23863578	0.90000000	8.90000000	0.02343467	0.00000000
C11	c	0.95152608	0.94246413	0.20030411	1.00000000	9.00000000	0.02650836	0.00000000
C12	c	0.52566896	0.05333921	0.07021190	1.10000000	9.10000000	0.01007049	0.00000000
C13	c	0.87854613	0.31453850	0.23076893	1.20000000	9.20000000	0.01370194	0.00000000
C14	c	0.52777980	0.34737795	0.24359144	1.30000000	9.30000000	0.02991904	0.00000000
C15	c	0.58615277	0.94553455	0.06969240	1.40000000	9.40000000	0.02000034	0.00000000
C16	c	0.10001630	0.00361645	0.12194757	1.50000000	9.50000000	0.01842930	0.00000000
C17	c	0.39783204	0.26761826	0.21525625	1.60000000	9.60000000	0.02658421	0.00000000
C18	c	0.84603587	0.86782355	0.19259694	1.70000000	9.70000000	0.02774626	0.00000000
C19	c	0.85364158	0.76822448	0.02441569	1.80000000	9.80000000	0.02852074	0.00000000
C20	c	0.17714027	0.71661338	0.13164807	1.90000000	9.90000000	0.01792260	0.00000000
C21	c	0.76792576	0.35111274	0.15397552	2.00000000	10.00000000	0.01936613	0.00000000
C22	c	0.37078772	0.30702207	0.11301500	2.00000000	10.00000000	0.02287690	0.00000000
C23	c	0.85720386	0.64055810	0.13394480	2.00000000	10.00000000	0.02175102	0.00000000
C24	c	0.37043687	0.51422338	0.10207742	2.00000000	10.00000000	0.02077720	0.00000000
C25	c	0.77492983	0.91978516	0.14013277	2.00000000	10.00000000	0.01646646	0.00000000
C26	c	0.90714955	0.70617696	0.18810689	2.00000000	10.00000000	0.02941318	0.00000000
C27	c	0.54065274	0.54993179	0.26918024	2.00000000	10.00000000	0.01222606	0.00000000
C28	c	0.35501464	0.15135344	0.15097638	2.00000000	10.00000000	0.01292282	0.00000000
C29	c	0.46907711	0.20630526	0.11273070	2.00000000	10.00000000	0.01125628	0.00000000
C30	c	0.83164930	0.31091190	0.15754227	2.00000000	10.00000000	0.02982553	0.00000000

Q Vehicle fuel tank capacity /0.40000000/
C Vehicle load capacity /1.50000000/
r fuel consumption rate /0.25000000/
g inverse refueling rate /1.00000000/
v average Velocity /1.00000000/
