StringID	Type	x	y	demand	ReadyTime	DueDate	ServiceTime	altitude
D0	d	0.50000000	0.50000000	0.00000000	0.00000000	10.00000000	0.00000000	0.00000000
S0	f	0.35627474	0.12196984	0.00000000	0.00000000	10.00000000	0.00000000	0.00000000
S1	f	0.99629785	0.97888985	0.00000000	0.00000000	10.00000000	0.00000000	0.00000000
S2	f	0.36617951	0.42537781	0.00000000	0.00000000	10.00000000	0.00000000	0.00000000
S3	f	0.04573876	0.99491463	0.00000000	0.00000000	10.00000000	0.00000000	0.00000000
S4	f	0.11518200	0.66046910	0.00000000	0.00000000	10.00000000	0.00000000	0.00000000
S5	f	0.02659959	0.12136426	0.00000000	0.00000000	10.00000000	0.00000000	0.00000000
C1	c	0.06228036	0.60687608	0.12002346	0.00000000	8.00000000	0.01017954	0.00000000
C2	c	0.33631117	0.71080614	0.03539295	0.10000000	8.10000000	0.01210729	0.00000000
C3	c	0.21035963	0.93237795	0.19137545	0.20000000	8.20000000	0.02265095	0.00000000
C4	c	0.40630053	0.33996344	0.08303047	0.30000000	8.30000000	0.01547941	0.00000000
C5	c	0.18239729	0.02156267	0.26542399	0.40000000	8.40000000	0.01492740	0.00000000
C6	c	0.01527610	0.88695112	0.27198677	0.50000000	8.50000000	0.02800664	0.00000000
C7	c	0.30003629	0.99322517	0.24441785	0.60000000	8.60000000	0.02019097	0.00000000
C8	c	0.56125236	0.38168060	0.03533368	0.70000000	8.70000000	0.02021748	0.00000000
C9	c	0.37375018	0.68396459	0.21325434	0.80000000	8.80000000	0.02845172	0.00000000
C10	c	0.38209217	0.58697775	0.02032558	0.90000000	8.90000000	0.02459781	0.00000000
C11	c	0.54244065	0.64522557	0.03164348	1.00000000	9.00000000	0.01694288	0.00000000
C12	c	0.01741379	0.54450192	0.19356515	1.10000000	9.10000000	0.01548609	0.00000000
C13	c	0.39367670	0.80939641	0.17609422	1.20000000	9.20000000	0.02348472	0.00000000
C14	c	0.73097358	0.10991639	0.10226148	1.30000000	9.30000000	0.01767017	0.00000000
C15	c	0.35897827	0.10070286	0.03784121	1.40000000	9.40000000	0.01541967	0.00000000
C16	c	0.88882297	0.77908316	0.19301615	1.50000000	9.50000000	0.02477418	0.00000000
C17	c	0.83125825	0.29101755	0.15775609	1.60000000	9.60000000	0.02212908	0.00000000
C18	c	0.78707451	0.24023690	0.11853523	1.70000000	9.70000000	0.02393403	0.00000000
C19	c	0.88458890	0.04370334	0.26583828	1.80000000	9.80000000	0.01297594	0.00000000
C20	c	0.16877469	0.52705807	0.13896190	1.90000000	9.90000000	0.01442268	0.00000000
C21	c	0.41349837	0.42306397	0.25511940	2.00000000	10.00000000	0.02519681	0.00000000
C22	c	0.08480854	0.09536835	0.26371605	2.00000000	10.00000000	0.02069313	0.00000000
C23	c	0.83699959	0.14249108	0.11543768	2.00000000	10.00000000	0.02156435	0.00000000
C24	c	0.87937559	0.14094599	0.14875609	2.00000000	10.00000000	0.01401994	0.00000000
C25	c	0.73030210	0.40285253	0.09583920	2.00000000	10.00000000	0.01189301	0.00000000
C26	c	0.08362086	0.88799648	0.16031676	2.00000000	10.00000000	0.02513864	0.00000000
C27	c	0.45610756	0.99110105	0.25223040	2.00000000	10.00000000	0.02999528	0.00000000
C28	c	0.94325999	0.83509872	0.10684726	2.00000000	10.00000000	0.01336681	0.00000000
C29	c	0.20531695	0.61279684	0.11687717	2.00000000	10.00000000	0.02049965	0.00000000
C30	c	0.59583282	0.06425202	0.08878226	2.00000000	10.00000000	0.01939412	0.00000000

Q Vehicle fuel tank capacity /0.40000000/
C Vehicle load capacity /1.50000000/
r fuel consumption rate /0.25000000/
g inverse refueling rate /1.00000000/
v average Velocity /1.00000000/
