StringID	Type	x	y	demand	ReadyTime	DueDate	ServiceTime	altitude
D0	d	0.50000000	0.50000000	0.00000000	0.00000000	10.00000000	0.00000000	0.00000000
S0	f	0.19447595	0.33883689	0.00000000	0.00000000	10.00000000	0.00000000	0.00000000
S1	f	0.94343842	0.32954103	0.00000000	0.00000000	10.00000000	0.00000000	0.00000000
S2	f	0.87496432	0.62267577	0.00000000	0.00000000	10.00000000	0.00000000	0.00000000
S3	f	0.55823705	0.31680897	0.00000000	0.00000000	10.00000000	0.00000000	0.00000000
S4	f	0.96118131	0.01725798	0.00000000	0.00000000	10.00000000	0.00000000	0.00000000
S5	f	0.48735476	0.73440163	0.00000000	0.00000000	10.00000000	0.00000000	0.00000000
C1	c	0.63158026	0.82706938	0.04479436	0.00000000	8.00000000	0.02008060	0.00000000
C2	c	0.30880052	0.13128030	0.08965832	0.10000000	8.10000000	0.01299004	0.00000000
C3	c	0.40754131	0.31700961	0.04188201	0.20000000	8.20000000	0.01826434	0.00000000
C4	c	0.04097249	0.52104947	0.07122596	0.30000000	8.30000000	0.02649779	0.00000000
C5	c	0.01082883	0.63294077	0.09219396	0.40000000	8.40000000	0.01308968	0.00000000
C6	c	0.62430941	0.59900493	0.14114179	0.50000000	8.50000000	0.01412183	0.00000000
C7	c	0.24147089	0.34887065	0.05922836	0.60000000	8.60000000	0.02118523	0.00000000
C8	c	0.80295605	0.52288078	0.14166708	0.70000000	8.70000000	0.02870023	0.00000000
C9	c	0.62910006	0.42311604	0.16502423	0.80000000	8.80000000	0.01752151	0.00000000
C10	c	0.21202776	0.57214840	0.24314993	0.90000000	8.90000000	0.02917011	0.00000000
C11	c	0.87410314	0.76490391	0.16200650	1.00000000	9.00000000	0.01857719	0.00000000
C12	c	0.19743122	0.41962444	0.15037180	1.10000000	9.10000000	0.02412243	0.00000000
C13	c	0.91924271	0.87451461	0.23315924	1.20000000	9.20000000	0.01270907	0.00000000
C14	c	0.45801967	0.80345367	0.16915745	1.30000000	9.30000000	0.01838043	0.00000000
C15	c	0.98056708	0.72402847	0.20920962	1.40000000	9.40000000	0.01935942	0.00000000
C16	c	0.84651152	0.68567868	0.27384337	1.50000000	9.50000000	0.02368872	0.00000000
C17	c	0.17262303	0.69136889	0.26753310	1.60000000	9.60000000	0.02491505	0.00000000
C18	c	0.88779422	0.90386972	0.23088982	1.70000000	9.70000000	0.01456988	0.00000000
C19	c	0.43947031	0.89649557	0.13303473	1.80000000	9.80000000	0.01942536	0.00000000
C20	c	0.19447595	0.33883689	0.28515144	1.90000000	9.90000000	0.02487114	0.00000000
C21	c	0.00510399	0.43168712	0.07403217	2.00000000	10.00000000	0.02797025	0.00000000
C22	c	0.12460384	0.57553020	0.26528092	2.00000000	10.00000000	0.01303958	0.00000000
C23	c	0.04341742	0.34161268	0.21661738	2.00000000	10.00000000	0.01462499	0.00000000
C24	c	0.91492407	0.04167773	0.11404791	2.00000000	10.00000000	0.01093782	0.00000000
C25	c	0.86329438	0.09311759	0.07330887	2.00000000	10.00000000	0.02157936	0.00000000
C26	c	0.17353351	0.83957154	0.10471342	2.00000000	10.00000000	0.01096189	0.00000000
C27	c	0.01364362	0.84139110	0.15048141	2.00000000	10.00000000	0.02716492	0.00000000
C28	c	0.67465963	0.75862297	0.09400652	2.00000000	10.00000000	0.02730371	0.00000000
C29	c	0.23209261	0.45497408	0.03598264	2.00000000	10.00000000	0.01905984	0.00000000
C30	c	0.06525868	0.97062237	0.16720570	2.00000000	10.00000000	0.01830923	0.00000000

Q Vehicle fuel tank capacity /0.40000000/
C Vehicle load capacity /1.50000000/
r fuel consumption rate /0.25000000/
g inverse refueling rate /1.00000000/
v average Velocity /1.00000000/
