StringID	Type	x	y	demand	ReadyTime	DueDate	ServiceTime	altitude
D0	d	0.50000000	0.50000000	0.00000000	0.00000000	10.00000000	0.00000000	0.00000000
S0	f	0.19528461	0.73248884	0.00000000	0.00000000	10.00000000	0.00000000	0.00000000
S1	f	0.31644188	0.80931100	0.00000000	0.00000000	10.00000000	0.00000000	0.00000000
S2	f	0.98132010	0.90408081	0.00000000	0.00000000	10.00000000	0.00000000	0.00000000
S3	f	0.41202558	0.64192492	0.00000000	0.00000000	10.00000000	0.00000000	0.00000000
S4	f	0.73178108	0.54504042	0.00000000	0.00000000	10.00000000	0.00000000	0.00000000
S5	f	0.09368445	0.38033103	0.00000000	0.00000000	10.00000000	0.00000000	0.00000000
C1	c	0.76602204	0.34205692	0.02690488	0.00000000	8.00000000	0.01449454	0.00000000
C2	c	0.74668180	0.36504585	0.24534491	0.10000000	8.10000000	0.01723449	0.00000000
C3	c	0.71405248	0.46541541	0.15738682	0.20000000	8.20000000	0.01929775	0.00000000
C4	c	0.61836275	0.42009124	0.15224546	0.30000000	8.30000000	0.01673791	0.00000000
C5	c	0.71155125	0.38340228	0.20298639	0.40000000	8.40000000	0.02254708	0.00000000
C6	c	0.57609157	0.40070432	0.14269316	0.50000000	8.50000000	0.02564382	0.00000000
C7	c	0.62201868	0.35553035	0.17703788	0.60000000	8.60000000	0.01807836	0.00000000
C8	c	0.68433704	0.36687086	0.18955644	0.70000000	8.70000000	0.02908507	0.00000000
C9	c	0.62481559	0.41020756	0.25115831	0.80000000	8.80000000	0.01676712	0.00000000
C10	c	0.68571319	0.46124984	0.05155867	0.90000000	8.90000000	0.01941791	0.00000000
C11	c	0.53516467	0.09998858	0.14132533	1.00000000	9.00000000	0.01627164	0.00000000
C12	c	0.60263394	0.14134056	0.16260877	1.10000000	9.10000000	0.01712476	0.00000000
C13	c	0.64778402	0.05559908	0.02782860	1.20000000	9.20000000	0.02040197	0.00000000
C14	c	0.62562255	0.04878493	0.20817763	1.30000000	9.30000000	0.01893630	0.00000000
C15	c	0.65873976	0.03158933	0.05940925	1.40000000	9.40000000	0.01002510	0.00000000
C16	c	0.61869744	0.84830057	0.15546347	1.50000000	9.50000000	0.01682811	0.00000000
C17	c	0.51180682	0.99764376	0.24764030	1.60000000	9.60000000	0.01992491	0.00000000
C18	c	0.67313069	0.97929815	0.15648713	1.70000000	9.70000000	0.02091018	0.00000000
C19	c	0.24405018	0.03323102	0.16380600	1.80000000	9.80000000	0.01710202	0.00000000
C20	c	0.27443890	0.09857066	0.21830384	1.90000000	9.90000000	0.01050020	0.00000000
C21	c	0.38352272	0.82854493	0.13843480	2.00000000	10.00000000	0.02841528	0.00000000
C22	c	0.22472678	0.36172448	0.25375143	2.00000000	10.00000000	0.01012266	0.00000000
C23	c	0.46488771	0.33689532	0.17672610	2.00000000	10.00000000	0.01305827	0.00000000
C24	c	0.62735379	0.78219092	0.24939698	2.00000000	10.00000000	0.01237132	0.00000000
C25	c	0.40391807	0.95425372	0.07488098	2.00000000	10.00000000	0.02816713	0.00000000
C26	c	0.33835600	0.47089536	0.02484165	2.00000000	10.00000000	0.02790114	0.00000000
C27	c	0.31358204	0.35623793	0.08209395	2.00000000	10.00000000	0.02253862	0.00000000
C28	c	0.52009866	0.44681513	0.04035045	2.00000000	10.00000000	0.02437516	0.00000000
C29	c	0.00125482	0.34140537	0.10798572	2.00000000	10.00000000	0.02290463	0.00000000
C30	c	0.49624562	0.54550914	0.21361470	2.00000000	10.00000000	0.01846610	0.00000000

Q Vehicle fuel tank capacity /0.40000000/
C Vehicle load capacity /1.50000000/
r fuel consumption rate /0.25000000/
g inverse refueling rate /1.00000000/
v average Velocity /1.00000000/
