StringID	Type	x	y	demand	ReadyTime	DueDate	ServiceTime	altitude
D0	d	0.50000000	0.50000000	0.00000000	0.00000000	10.00000000	0.00000000	0.00000000
S0	f	0.30740851	0.16931086	0.00000000	0.00000000	10.00000000	0.00000000	0.00000000
S1	f	0.36336322	0.48626326	0.00000000	0.00000000	10.00000000	0.00000000	0.00000000
S2	f	0.61271943	0.34072884	0.00000000	0.00000000	10.00000000	0.00000000	0.00000000
S3	f	0.93411112	0.80912083	0.00000000	0.00000000	10.00000000	0.00000000	0.00000000
S4	f	0.96325664	0.89878459	0.00000000	0.00000000	10.00000000	0.00000000	0.00000000
S5	f	0.71305070	0.54323127	0.00000000	0.00000000	10.00000000	0.00000000	0.00000000
C1	c	0.57953768	0.73782398	0.04057461	0.00000000	8.00000000	0.01920315	0.00000000
C2	c	0.35100346	0.65444021	0.11692763	0.10000000	8.10000000	0.02534340	0.00000000
C3	c	0.13236911	0.78022494	0.23827186	0.20000000	8.20000000	0.02058707	0.00000000
C4	c	0.46921465	0.77132070	0.04263908	0.30000000	8.30000000	0.02864178	0.00000000
C5	c	0.56779473	0.23996643	0.19011703	0.40000000	8.40000000	0.01085105	0.00000000
C6	c	0.77213343	0.66416995	0.05974648	0.50000000	8.50000000	0.02160102	0.00000000
C7	c	0.62166326	0.27170002	0.12096970	0.60000000	8.60000000	0.02587906	0.00000000
C8	c	0.77431072	0.44931793	0.17063557	0.70000000	8.70000000	0.01488693	0.00000000
C9	c	0.44699161	0.03715084	0.06121954	0.80000000	8.80000000	0.01577482	0.00000000
C10	c	0.99200033	0.93817119	0.04896456	0.90000000	8.90000000	0.02884840	0.00000000
C11	c	0.09206810	0.53928044	0.04726104	1.00000000	9.00000000	0.02978629	0.00000000
C12	c	0.77884971	0.79195983	0.27020113	1.10000000	9.10000000	0.02185228	0.00000000
C13	c	0.97843780	0.78158154	0.11605727	1.20000000	9.20000000	0.01115101	0.00000000
C14	c	0.35386661	0.87697389	0.26150910	1.30000000	9.30000000	0.02945856	0.00000000
C15	c	0.42495510	0.70771464	0.21026113	1.40000000	9.40000000	0.01874628	0.00000000
C16	c	0.21539500	0.00997124	0.13841027	1.50000000	9.50000000	0.01139022	0.00000000
C17	c	0.93860805	0.24606785	0.23992221	1.60000000	9.60000000	0.02028071	0.00000000
C18	c	0.28511743	0.81810838	0.13009378	1.70000000	9.70000000	0.01610682	0.00000000
C19	c	0.30740851	0.16931086	0.22821916	1.80000000	9.80000000	0.02019206	0.00000000
C20	c	0.35198876	0.54965791	0.07496230	1.90000000	9.90000000	0.02946335	0.00000000
C21	c	0.02615505	0.48714712	0.09793757	2.00000000	10.00000000	0.01634372	0.00000000
C22	c	0.62920254	0.79364614	0.20634969	2.00000000	10.00000000	0.02673641	0.00000000
C23	c	0.16739934	0.62874033	0.15798516	2.00000000	10.00000000	0.02226434	0.00000000
C24	c	0.67015191	0.37740341	0.10258529	2.00000000	10.00000000	0.02208156	0.00000000
C25	c	0.98640452	0.35804269	0.23773170	2.00000000	10.00000000	0.02825497	0.00000000
C26	c	0.08350541	0.07752503	0.19624303	2.00000000	10.00000000	0.02430153	0.00000000
C27	c	0.97936745	0.84500366	0.11052682	2.00000000	10.00000000	0.02247389	0.00000000
C28	c	0.93943041	0.36411378	0.16992288	2.00000000	10.00000000	0.02722384	0.00000000
C29	c	0.25130173	0.92409443	0.19477699	2.00000000	10.00000000	0.01168360	0.00000000
C30	c	0.41804501	0.16228464	0.21897744	2.00000000	10.00000000	0.02859981	0.00000000

Q Vehicle fuel tank capacity /0.40000000/
C Vehicle load capacity /1.50000000/
r fuel consumption rate /0.25000000/
g inverse refueling rate /1.00000000/
v average Velocity /1.00000000/
