StringID	Type	x	y	demand	ReadyTime	DueDate	ServiceTime	altitude
D0	d	0.50000000	0.50000000	0.00000000	0.00000000	10.00000000	0.00000000	0.00000000
S0	f	0.15649336	0.85997797	0.00000000	0.00000000	10.00000000	0.00000000	0.00000000
S1	f	0.16736023	0.70884413	0.00000000	0.00000000	10.00000000	0.00000000	0.00000000
S2	f	0.78767879	0.62069476	0.00000000	0.00000000	10.00000000	0.00000000	0.00000000
S3	f	0.33111380	0.25034591	0.00000000	0.00000000	10.00000000	0.00000000	0.00000000
S4	f	0.95329801	0.17590567	0.00000000	0.00000000	10.00000000	0.00000000	0.00000000
S5	f	0.09686909	0.30446212	0.00000000	0.00000000	10.00000000	0.00000000	0.00000000
C1	c	0.52336340	0.62951266	0.28410521	0.00000000	8.00000000	0.01388802	0.00000000
C2	c	0.53818904	0.66429285	0.02279042	0.10000000	8.10000000	0.02923118	0.00000000
C3	c	0.54304831	0.64896477	0.12984286	0.20000000	8.20000000	0.01908361	0.00000000
C4	c	0.72687886	0.91311273	0.12881857	0.30000000	8.30000000	0.01763336	0.00000000
C5	c	0.76073457	0.95605823	0.14721951	0.40000000	8.40000000	0.02144987	0.00000000
C6	c	0.67156405	0.87476001	0.02429010	0.50000000	8.50000000	0.01681306	0.00000000
C7	c	0.74142939	0.92579288	0.10902385	0.60000000	8.60000000	0.02808479	0.00000000
C8	c	0.67339523	0.93250296	0.11085048	0.70000000	8.70000000	0.02557162	0.00000000
C9	c	0.64022630	0.89080107	0.19651555	0.80000000	8.80000000	0.01223943	0.00000000
C10	c	0.64900371	0.80843768	0.07992298	0.90000000	8.90000000	0.01683419	0.00000000
C11	c	0.72636586	0.95393196	0.17151893	1.00000000	9.00000000	0.02174073	0.00000000
C12	c	0.64740862	0.44305242	0.12756705	1.10000000	9.10000000	0.01380722	0.00000000
C13	c	0.66956829	0.46661196	0.05873594	1.20000000	9.20000000	0.02726425	0.00000000
C14	c	0.67700836	0.46271280	0.21943602	1.30000000	9.30000000	0.01089490	0.00000000
C15	c	0.65908593	0.44213229	0.15222005	1.40000000	9.40000000	0.01101511	0.00000000
C16	c	0.22690214	0.43158835	0.05334620	1.50000000	9.50000000	0.02708702	0.00000000
C17	c	0.63405551	0.56960753	0.22750421	1.60000000	9.60000000	0.02346997	0.00000000
C18	c	0.53487214	0.57593955	0.09224590	1.70000000	9.70000000	0.01025991	0.00000000
C19	c	0.99287484	0.36039796	0.07932151	1.80000000	9.80000000	0.01837639	0.00000000
C20	c	0.35485919	0.89527281	0.13374441	1.90000000	9.90000000	0.02012658	0.00000000
C21	c	0.19440103	0.96155880	0.18757729	2.00000000	10.00000000	0.01947516	0.00000000
C22	c	0.45418054	0.38166804	0.17044157	2.00000000	10.00000000	0.02773006	0.00000000
C23	c	0.57249356	0.34065313	0.16120597	2.00000000	10.00000000	0.01922874	0.00000000
C24	c	0.90423967	0.77858081	0.17212516	2.00000000	10.00000000	0.01116034	0.00000000
C25	c	0.11197148	0.34170962	0.22501926	2.00000000	10.00000000	0.01270494	0.00000000
C26	c	0.58703673	0.19036081	0.26643898	2.00000000	10.00000000	0.01282122	0.00000000
C27	c	0.86321230	0.04474490	0.28298179	2.00000000	10.00000000	0.01468244	0.00000000
C28	c	0.05075559	0.85435083	0.11481599	2.00000000	10.00000000	0.01722622	0.00000000
C29	c	0.67349854	0.01299533	0.11334331	2.00000000	10.00000000	0.02878580	0.00000000
C30	c	0.41881930	0.50632919	0.25703092	2.00000000	10.00000000	0.02201125	0.00000000

Q Vehicle fuel tank capacity /0.40000000/
C Vehicle load capacity /1.50000000/
r fuel consumption rate /0.25000000/
g inverse refueling rate /1.00000000/
v average Velocity /1.00000000/
