StringID	Type	x	y	demand	ReadyTime	DueDate	ServiceTime	altitude
D0	d	0.50000000	0.50000000	0.00000000	0.00000000	10.00000000	0.00000000	0.00000000
S0	f	0.65152582	0.27774243	0.00000000	0.00000000	10.00000000	0.00000000	0.00000000
S1	f	0.71187907	0.30723507	0.00000000	0.00000000	10.00000000	0.00000000	0.00000000
S2	f	0.34710443	0.01830678	0.00000000	0.00000000	10.00000000	0.00000000	0.00000000
S3	f	0.39683991	0.55076559	0.00000000	0.00000000	10.00000000	0.00000000	0.00000000
S4	f	0.25893840	0.67284348	0.00000000	0.00000000	10.00000000	0.00000000	0.00000000
S5	f	0.46581467	0.40862779	0.00000000	0.00000000	10.00000000	0.00000000	0.00000000
C1	c	0.79594335	0.56904877	0.13834546	0.00000000	8.00000000	0.01143067	0.00000000
C2	c	0.95503734	0.56256434	0.12659031	0.10000000	8.10000000	0.01577563	0.00000000
C3	c	0.84890391	0.52891214	0.08894411	0.20000000	8.20000000	0.02517202	0.00000000
C4	c	0.86105646	0.58073991	0.16853093	0.30000000	8.30000000	0.01316943	0.00000000
C5	c	0.85810622	0.63481239	0.25013693	0.40000000	8.40000000	0.02039140	0.00000000
C6	c	0.78524330	0.59284921	0.02883384	0.50000000	8.50000000	0.01488015	0.00000000
C7	c	0.20941794	0.42607717	0.07794111	0.60000000	8.60000000	0.02983044	0.00000000
C8	c	0.07070869	0.44304097	0.14292614	0.70000000	8.70000000	0.01140036	0.00000000
C9	c	0.17883041	0.39496245	0.25765151	0.80000000	8.80000000	0.02830915	0.00000000
C10	c	0.00000000	0.53587545	0.16674309	0.90000000	8.90000000	0.02532907	0.00000000
C11	c	0.16838823	0.71438681	0.10766226	1.00000000	9.00000000	0.02229082	0.00000000
C12	c	0.09300618	0.84002116	0.22374763	1.10000000	9.10000000	0.02182177	0.00000000
C13	c	0.08025328	0.86133284	0.16680783	1.20000000	9.20000000	0.02809123	0.00000000
C14	c	0.16261229	0.80945833	0.22949281	1.30000000	9.30000000	0.02710085	0.00000000
C15	c	0.07419151	0.84126807	0.20995832	1.40000000	9.40000000	0.01201813	0.00000000
C16	c	0.42367492	0.17303533	0.13148202	1.50000000	9.50000000	0.01944684	0.00000000
C17	c	0.35954425	0.80702370	0.08010352	1.60000000	9.60000000	0.01227542	0.00000000
C18	c	0.07153329	0.28878138	0.14747138	1.70000000	9.70000000	0.02181947	0.00000000
C19	c	0.75860088	0.15847145	0.13832522	1.80000000	9.80000000	0.01817049	0.00000000
C20	c	0.51957020	0.24400726	0.12235698	1.90000000	9.90000000	0.01526350	0.00000000
C21	c	0.99152223	0.07001819	0.20388691	2.00000000	10.00000000	0.02943651	0.00000000
C22	c	0.91545773	0.76645346	0.22459873	2.00000000	10.00000000	0.02497206	0.00000000
C23	c	0.61454120	0.59108838	0.09816463	2.00000000	10.00000000	0.02125274	0.00000000
C24	c	0.90456147	0.85504268	0.12280353	2.00000000	10.00000000	0.02113282	0.00000000
C25	c	0.10090640	0.47234184	0.11258919	2.00000000	10.00000000	0.01079595	0.00000000
C26	c	0.11377112	0.59097336	0.23680062	2.00000000	10.00000000	0.01998044	0.00000000
C27	c	0.40852455	0.26317482	0.12011679	2.00000000	10.00000000	0.01510191	0.00000000
C28	c	0.97182569	0.74860311	0.05930926	2.00000000	10.00000000	0.02298305	0.00000000
C29	c	0.56263725	0.55664075	0.10455809	2.00000000	10.00000000	0.01983241	0.00000000
C30	c	0.03979764	0.49902185	0.21312084	2.00000000	10.00000000	0.02844721	0.00000000

Q Vehicle fuel tank capacity /0.40000000/
C Vehicle load capacity /1.50000000/
r fuel consumption rate /0.25000000/
g inverse refueling rate /1.00000000/
v average Velocity /1.00000000/
