StringID	Type	x	y	demand	ReadyTime	DueDate	ServiceTime	altitude
D0	d	0.50000000	0.50000000	0.00000000	0.00000000	10.00000000	0.00000000	0.00000000
S0	f	0.77722238	0.15472770	0.00000000	0.00000000	10.00000000	0.00000000	0.00000000
S1	f	0.32969520	0.08226854	0.00000000	0.00000000	10.00000000	0.00000000	0.00000000
S2	f	0.79936906	0.67506789	0.00000000	0.00000000	10.00000000	0.00000000	0.00000000
S3	f	0.30726559	0.23122621	0.00000000	0.00000000	10.00000000	0.00000000	0.00000000
S4	f	0.32149992	0.34208487	0.00000000	0.00000000	10.00000000	0.00000000	0.00000000
S5	f	0.46496614	0.09148987	0.00000000	0.00000000	10.00000000	0.00000000	0.00000000
C1	c	0.22625374	0.47568712	0.22630506	0.00000000	8.00000000	0.02531761	0.00000000
C2	c	0.36269741	0.36998174	0.18895742	0.10000000	8.10000000	0.01772473	0.00000000
C3	c	0.30106034	0.91013507	0.13429883	0.20000000	8.20000000	0.01646566	0.00000000
C4	c	0.59629368	0.50340519	0.19852617	0.30000000	8.30000000	0.01591640	0.00000000
C5	c	0.54433142	0.62683462	0.10363428	0.40000000	8.40000000	0.02081560	0.00000000
C6	c	0.09542527	0.06990609	0.16676502	0.50000000	8.50000000	0.02858963	0.00000000
C7	c	0.19853742	0.35317743	0.17880531	0.60000000	8.60000000	0.02762913	0.00000000
C8	c	0.88825767	0.99870597	0.11977967	0.70000000	8.70000000	0.01322084	0.00000000
C9	c	0.99968053	0.98441972	0.22213540	0.80000000	8.80000000	0.01999234	0.00000000
C10	c	0.84895323	0.16469585	0.17451556	0.90000000	8.90000000	0.01277640	0.00000000
C11	c	0.76450658	0.43193229	0.21098655	1.00000000	9.00000000	0.02728777	0.00000000
C12	c	0.96110599	0.61589558	0.02907510	1.10000000	9.10000000	0.01168726	0.00000000
C13	c	0.71200080	0.56692721	0.08290687	1.20000000	9.20000000	0.01117631	0.00000000
C14	c	0.13981789	0.52957985	0.04922193	1.30000000	9.30000000	0.02597209	0.00000000
C15	c	0.42553437	0.28792717	0.08278307	1.40000000	9.40000000	0.01173389	0.00000000
C16	c	0.87051017	0.22946360	0.06016223	1.50000000	9.50000000	0.01163039	0.00000000
C17	c	0.06412388	0.31716651	0.21366155	1.60000000	9.60000000	0.01902441	0.00000000
C18	c	0.58349195	0.29373736	0.21722097	1.70000000	9.70000000	0.01237693	0.00000000
C19	c	0.06859570	0.90121268	0.15035249	1.80000000	9.80000000	0.02385648	0.00000000
C20	c	0.43352981	0.44543715	0.20555625	1.90000000	9.90000000	0.01062811	0.00000000
C21	c	0.77722238	0.15472770	0.05818566	2.00000000	10.00000000	0.02018372	0.00000000
C22	c	0.20615929	0.11325378	0.17888449	2.00000000	10.00000000	0.01174542	0.00000000
C23	c	0.26455258	0.25798072	0.05480480	2.00000000	10.00000000	0.01699395	0.00000000
C24	c	0.04047075	0.98151155	0.15704888	2.00000000	10.00000000	0.02270799	0.00000000
C25	c	0.56403282	0.74278817	0.14990213	2.00000000	10.00000000	0.01847410	0.00000000
C26	c	0.53759576	0.41905258	0.18184969	2.00000000	10.00000000	0.01509101	0.00000000
C27	c	0.41701321	0.77095629	0.20732953	2.00000000	10.00000000	0.02068572	0.00000000
C28	c	0.18484119	0.72202571	0.18306293	2.00000000	10.00000000	0.02753552	0.00000000
C29	c	0.96160001	0.84613583	0.17840498	2.00000000	10.00000000	0.01553479	0.00000000
C30	c	0.55350385	0.68647561	0.13487717	2.00000000	10.00000000	0.01877524	0.00000000

Q Vehicle fuel tank capacity /0.40000000/
C Vehicle load capacity /1.50000000/
r fuel consumption rate /0.25000000/
g inverse refueling rate /1.00000000/
v average Velocity /1.00000000/
