StringID	Type	x	y	demand	ReadyTime	DueDate	ServiceTime	altitude
D0	d	0.50000000	0.50000000	0.00000000	0.00000000	10.00000000	0.00000000	0.00000000
S0	f	0.21099528	0.08862188	0.00000000	0.00000000	10.00000000	0.00000000	0.00000000
S1	f	0.88133901	0.77739143	0.00000000	0.00000000	10.00000000	0.00000000	0.00000000
S2	f	0.07685573	0.49466436	0.00000000	0.00000000	10.00000000	0.00000000	0.00000000
S3	f	0.32358814	0.55506095	0.00000000	0.00000000	10.00000000	0.00000000	0.00000000
S4	f	0.35457314	0.61192427	0.00000000	0.00000000	10.00000000	0.00000000	0.00000000
S5	f	0.91208575	0.00627647	0.00000000	0.00000000	10.00000000	0.00000000	0.00000000
S6	f	0.58753082	0.48613166	0.00000000	0.00000000	10.00000000	0.00000000	0.00000000
S7	f	0.00726209	0.53790215	0.00000000	0.00000000	10.00000000	0.00000000	0.00000000
S8	f	0.80060083	0.02891162	0.00000000	0.00000000	10.00000000	0.00000000	0.00000000
S9	f	0.71353584	0.55902230	0.00000000	0.00000000	10.00000000	0.00000000	0.00000000
C1	c	0.89769037	0.51570561	0.02147802	0.00000000	8.00000000	0.02413388	0.00000000
C2	c	0.92773614	0.46524792	0.11062388	0.06000000	8.06000000	0.02400874	0.00000000
C3	c	0.14543341	0.26838109	0.05940066	0.12000000	8.12000000	0.01848827	0.00000000
C4	c	0.33873385	0.47954326	0.15145753	0.18000000	8.18000000	0.01019783	0.00000000
C5	c	0.00722341	0.20013198	0.06604169	0.24000000	8.24000000	0.02656816	0.00000000
C6	c	0.94107112	0.73873462	0.11505004	0.30000000	8.30000000	0.01491744	0.00000000
C7	c	0.74189340	0.30887633	0.13802431	0.36000000	8.36000000	0.02859407	0.00000000
C8	c	0.83144964	0.72919620	0.11649232	0.42000000	8.42000000	0.02424870	0.00000000
C9	c	0.02336254	0.90218853	0.05718044	0.48000000	8.48000000	0.01666521	0.00000000
C10	c	0.80838590	0.58236415	0.07862471	0.54000000	8.54000000	0.02686297	0.00000000
C11	c	0.41634554	0.59866851	0.02394760	0.60000000	8.60000000	0.02394671	0.00000000
C12	c	0.12808525	0.36010718	0.03630170	0.66000000	8.66000000	0.01561301	0.00000000
C13	c	0.12200185	0.63325919	0.08447384	0.72000000	8.72000000	0.02425940	0.00000000
C14	c	0.64668130	0.77313916	0.02598573	0.78000000	8.78000000	0.01440805	0.00000000
C15	c	0.65961363	0.14593746	0.16497832	0.84000000	8.84000000	0.01006382	0.00000000
C16	c	0.24430048	0.27093312	0.02253518	0.90000000	8.90000000	0.02097332	0.00000000
C17	c	0.43964743	0.90282853	0.09577979	0.96000000	8.96000000	0.01892227	0.00000000
C18	c	0.21800920	0.20921206	0.12947629	1.02000000	9.02000000	0.01156607	0.00000000
C19	c	0.21099528	0.08862188	0.05529310	1.08000000	9.08000000	0.01609965	0.00000000
C20	c	0.38772308	0.43729225	0.10942014	1.14000000	9.14000000	0.01125574	0.00000000
C21	c	0.13735344	0.13419883	0.10018069	1.20000000	9.20000000	0.02255235	0.00000000
C22	c	0.49198059	0.11064869	0.15220322	1.26000000	9.26000000	0.01884034	0.00000000
C23	c	0.33111985	0.19510835	0.05980642	1.32000000	9.32000000	0.01819742	0.00000000
C24	c	0.19062049	0.69418851	0.04845205	1.38000000	9.38000000	0.02681502	0.00000000
C25	c	0.04724427	0.73856322	0.16455399	1.44000000	9.44000000	0.01595339	0.00000000
C26	c	0.72032777	0.37934693	0.03680719	1.50000000	9.50000000	0.02658053	0.00000000
C27	c	0.35090648	0.29074381	0.13702995	1.56000000	9.56000000	0.01862719	0.00000000
C28	c	0.59941662	0.05530480	0.14063439	1.62000000	9.62000000	0.01440488	0.00000000
C29	c	0.68717024	0.20461776	0.10532648	1.68000000	9.68000000	0.01777969	0.00000000
C30	c	0.16550457	0.80179335	0.01932890	1.74000000	9.74000000	0.01032305	0.00000000
C31	c	0.88341106	0.68385862	0.11676421	1.80000000	9.80000000	0.02885414	0.00000000
C32	c	0.29733121	0.62958511	0.02842147	1.86000000	9.86000000	0.01077307	0.00000000
C33	c	0.58644949	0.73056541	0.05363641	1.92000000	9.92000000	0.01217358	0.00000000
C34	c	0.24826879	0.98487048	0.11768871	1.98000000	9.98000000	0.01467211	0.00000000
C35	c	0.94219295	0.93889017	0.04173546	2.00000000	10.00000000	0.02423334	0.00000000
C36	c	0.53443891	0.03885602	0.06233116	2.00000000	10.00000000	0.01097071	0.00000000
C37	c	0.32952278	0.66195333	0.02563021	2.00000000	10.00000000	0.02845406	0.00000000
C38	c	0.88133901	0.77739143	0.09147836	2.00000000	10.00000000	0.01142996	0.00000000
C39	c	0.23580580	0.71087164	0.11796035	2.00000000	10.00000000	0.02506055	0.00000000
C40	c	0.69476721	0.62956589	0.17111988	2.00000000	10.00000000	0.01156654	0.00000000
C41	c	0.76361950	0.58876564	0.18072023	2.00000000	10.00000000	0.02299600	0.00000000
C42	c	0.51356360	0.68073346	0.04578767	2.00000000	10.00000000	0.01354952	0.00000000
C43	c	0.71576613	0.82660634	0.01576797	2.00000000	10.00000000	0.01746343	0.00000000
C44	c	0.75204308	0.08671964	0.06104476	2.00000000	10.00000000	0.02331424	0.00000000
C45	c	0.51731942	0.37170583	0.17002351	2.00000000	10.00000000	0.01991191	0.00000000
C46	c	0.27759501	0.68180640	0.17201331	2.00000000	10.00000000	0.02747884	0.00000000
C47	c	0.18732308	0.57917241	0.09478055	2.00000000	10.00000000	0.01729812	0.00000000
C48	c	0.78169255	0.87687466	0.11647794	2.00000000	10.00000000	0.02045113	0.00000000
C49	c	0.49035415	0.04165135	0.09219127	2.00000000	10.00000000	0.01304268	0.00000000
C50	c	0.41230791	0.20071194	0.09753802	2.00000000	10.00000000	0.01556011	0.00000000

Q Vehicle fuel tank capacity /0.40000000/
C Vehicle load capacity /1.50000000/
r fuel consumption rate /0.25000000/
g inverse refueling rate /1.00000000/
v average Velocity /1.00000000/
