StringID	Type	x	y	demand	ReadyTime	DueDate	ServiceTime	altitude
D0	d	0.50000000	0.50000000	0.00000000	0.00000000	10.00000000	0.00000000	0.00000000
S0	f	0.46402997	0.11418424	0.00000000	0.00000000	10.00000000	0.00000000	0.00000000
S1	f	0.00777921	0.97850160	0.00000000	0.00000000	10.00000000	0.00000000	0.00000000
S2	f	0.58311869	0.45569632	0.00000000	0.00000000	10.00000000	0.00000000	0.00000000
S3	f	0.98650060	0.20264877	0.00000000	0.00000000	10.00000000	0.00000000	0.00000000
S4	f	0.60453214	0.83622812	0.00000000	0.00000000	10.00000000	0.00000000	0.00000000
S5	f	0.96313304	0.64519780	0.00000000	0.00000000	10.00000000	0.00000000	0.00000000
C1	c	0.84085158	0.91671404	0.21052481	0.00000000	8.00000000	0.02620518	0.00000000
C2	c	0.77361754	0.05892071	0.06668043	0.10000000	8.10000000	0.01712511	0.00000000
C3	c	0.54269141	0.91757991	0.12022985	0.20000000	8.20000000	0.01621791	0.00000000
C4	c	0.41971471	0.70972795	0.08513552	0.30000000	8.30000000	0.02383925	0.00000000
C5	c	0.79063206	0.10097274	0.16975269	0.40000000	8.40000000	0.01115566	0.00000000
C6	c	0.74276036	0.23577220	0.02001788	0.50000000	8.50000000	0.01330888	0.00000000
C7	c	0.79639413	0.44159097	0.09683459	0.60000000	8.60000000	0.01403012	0.00000000
C8	c	0.84752800	0.28060024	0.26475800	0.70000000	8.70000000	0.01598765	0.00000000
C9	c	0.54509398	0.00488773	0.12358121	0.80000000	8.80000000	0.01064870	0.00000000
C10	c	0.27714357	0.08661386	0.07373336	0.90000000	8.90000000	0.02527522	0.00000000
C11	c	0.81806223	0.61913303	0.08262466	1.00000000	9.00000000	0.01432242	0.00000000
C12	c	0.51883985	0.43564230	0.13344871	1.10000000	9.10000000	0.01468415	0.00000000
C13	c	0.88215646	0.07911156	0.23927132	1.20000000	9.20000000	0.01986723	0.00000000
C14	c	0.27157105	0.58846287	0.11910584	1.30000000	9.30000000	0.01308747	0.00000000
C15	c	0.62780507	0.86877284	0.25755140	1.40000000	9.40000000	0.02196191	0.00000000
C16	c	0.76404599	0.61242970	0.17673391	1.50000000	9.50000000	0.01197427	0.00000000
C17	c	0.90195352	0.27269773	0.11923736	1.60000000	9.60000000	0.02456464	0.00000000
C18	c	0.45782346	0.24154159	0.21453724	1.70000000	9.70000000	0.01150746	0.00000000
C19	c	0.67786166	0.52787663	0.03974788	1.80000000	9.80000000	0.02688556	0.00000000
C20	c	0.46402997	0.11418424	0.04588566	1.90000000	9.90000000	0.02929519	0.00000000
C21	c	0.32376764	0.78081118	0.10741575	2.00000000	10.00000000	0.01277935	0.00000000
C22	c	0.35417818	0.39575513	0.25109395	2.00000000	10.00000000	0.01058646	0.00000000
C23	c	0.13051223	0.50940619	0.16423497	2.00000000	10.00000000	0.02568487	0.00000000
C24	c	0.25925888	0.37178981	0.22284588	2.00000000	10.00000000	0.02734404	0.00000000
C25	c	0.37584547	0.66827383	0.15649020	2.00000000	10.00000000	0.02291354	0.00000000
C26	c	0.02795236	0.91077803	0.19707231	2.00000000	10.00000000	0.01859692	0.00000000
C27	c	0.27102970	0.80573896	0.27351052	2.00000000	10.00000000	0.02362176	0.00000000
C28	c	0.30925906	0.26703972	0.13029176	2.00000000	10.00000000	0.02025340	0.00000000
C29	c	0.63840065	0.20352556	0.24535364	2.00000000	10.00000000	0.02607377	0.00000000
C30	c	0.13109263	0.09869996	0.09229869	2.00000000	10.00000000	0.01394880	0.00000000

Q Vehicle fuel tank capacity /0.40000000/
C Vehicle load capacity /1.50000000/
r fuel consumption rate /0.25000000/
g inverse refueling rate /1.00000000/
v average Velocity /1.00000000/
