StringID	Type	x	y	demand	ReadyTime	DueDate	ServiceTime	altitude
D0	d	0.50000000	0.50000000	0.00000000	0.00000000	10.00000000	0.00000000	0.00000000
S0	f	0.09313206	0.62605177	0.00000000	0.00000000	10.00000000	0.00000000	0.00000000
S1	f	0.67603509	0.40955110	0.00000000	0.00000000	10.00000000	0.00000000	0.00000000
S2	f	0.18699184	0.45351605	0.00000000	0.00000000	10.00000000	0.00000000	0.00000000
S3	f	0.05640585	0.07051146	0.00000000	0.00000000	10.00000000	0.00000000	0.00000000
S4	f	0.76094167	0.45477745	0.00000000	0.00000000	10.00000000	0.00000000	0.00000000
S5	f	0.51650942	0.91434560	0.00000000	0.00000000	10.00000000	0.00000000	0.00000000
S6	f	0.96231352	0.16637172	0.00000000	0.00000000	10.00000000	0.00000000	0.00000000
S7	f	0.30610256	0.54806152	0.00000000	0.00000000	10.00000000	0.00000000	0.00000000
S8	f	0.60753184	0.24919025	0.00000000	0.00000000	10.00000000	0.00000000	0.00000000
S9	f	0.41857418	0.59098866	0.00000000	0.00000000	10.00000000	0.00000000	0.00000000
C1	c	0.81141491	0.69130219	0.15670275	0.00000000	8.00000000	0.01658289	0.00000000
C2	c	0.01270028	0.69028350	0.05810941	0.06000000	8.06000000	0.01089491	0.00000000
C3	c	0.51769852	0.98948588	0.14184524	0.12000000	8.12000000	0.02219639	0.00000000
C4	c	0.68269797	0.76046976	0.08518445	0.18000000	8.18000000	0.01724073	0.00000000
C5	c	0.35119380	0.49362622	0.09283320	0.24000000	8.24000000	0.01934169	0.00000000
C6	c	0.98126099	0.46493323	0.03638507	0.30000000	8.30000000	0.02930791	0.00000000
C7	c	0.34836884	0.44694983	0.05593261	0.36000000	8.36000000	0.02317063	0.00000000
C8	c	0.12220318	0.48504677	0.05718783	0.42000000	8.42000000	0.01877874	0.00000000
C9	c	0.21324328	0.18576092	0.05657774	0.48000000	8.48000000	0.01733907	0.00000000
C10	c	0.20208379	0.85531431	0.06239029	0.54000000	8.54000000	0.02188360	0.00000000
C11	c	0.20033765	0.57524721	0.07547050	0.60000000	8.60000000	0.01199699	0.00000000
C12	c	0.98614650	0.60923468	0.12410642	0.66000000	8.66000000	0.02364571	0.00000000
C13	c	0.69549140	0.69651941	0.08684370	0.72000000	8.72000000	0.01423968	0.00000000
C14	c	0.53652934	0.14859075	0.11163652	0.78000000	8.78000000	0.02942987	0.00000000
C15	c	0.72885067	0.91766384	0.12161465	0.84000000	8.84000000	0.02995598	0.00000000
C16	c	0.46054251	0.71777414	0.06592065	0.90000000	8.90000000	0.02724150	0.00000000
C17	c	0.87961727	0.54692792	0.02419669	0.96000000	8.96000000	0.01293874	0.00000000
C18	c	0.26029719	0.65453438	0.02315482	1.02000000	9.02000000	0.01598210	0.00000000
C19	c	0.01792614	0.84681508	0.05811360	1.08000000	9.08000000	0.01586649	0.00000000
C20	c	0.09313206	0.62605177	0.16456160	1.14000000	9.14000000	0.01572301	0.00000000
C21	c	0.58488670	0.97527635	0.05653026	1.20000000	9.20000000	0.01093988	0.00000000
C22	c	0.74509805	0.79830650	0.02575484	1.26000000	9.26000000	0.02817748	0.00000000
C23	c	0.17031371	0.09301132	0.15511221	1.32000000	9.32000000	0.02508500	0.00000000
C24	c	0.77129072	0.29456821	0.02353115	1.38000000	9.38000000	0.01316055	0.00000000
C25	c	0.82324305	0.76055813	0.08545058	1.44000000	9.44000000	0.01765350	0.00000000
C26	c	0.76713586	0.99155081	0.08718745	1.50000000	9.50000000	0.02463466	0.00000000
C27	c	0.95945856	0.32625682	0.11917271	1.56000000	9.56000000	0.01883438	0.00000000
C28	c	0.06852251	0.44720619	0.09675569	1.62000000	9.62000000	0.02291751	0.00000000
C29	c	0.77539346	0.34711237	0.07889035	1.68000000	9.68000000	0.02176400	0.00000000
C30	c	0.39636938	0.99490625	0.12578719	1.74000000	9.74000000	0.01636992	0.00000000
C31	c	0.81844598	0.43003135	0.08930421	1.80000000	9.80000000	0.02593847	0.00000000
C32	c	0.11740515	0.15683933	0.02655228	1.86000000	9.86000000	0.01257665	0.00000000
C33	c	0.40018821	0.20222042	0.09709756	1.92000000	9.92000000	0.02581992	0.00000000
C34	c	0.69323346	0.48984365	0.04037491	1.98000000	9.98000000	0.02427163	0.00000000
C35	c	0.64721034	0.17343099	0.07536469	2.00000000	10.00000000	0.02403736	0.00000000
C36	c	0.97363199	0.74736711	0.01346317	2.00000000	10.00000000	0.01919736	0.00000000
C37	c	0.67603509	0.40955110	0.13987890	2.00000000	10.00000000	0.01455164	0.00000000
C38	c	0.06978099	0.01105753	0.06196234	2.00000000	10.00000000	0.01715436	0.00000000
C39	c	0.81084336	0.81576308	0.11260394	2.00000000	10.00000000	0.01981478	0.00000000
C40	c	0.74425476	0.00919614	0.09373916	2.00000000	10.00000000	0.02818999	0.00000000
C41	c	0.92845252	0.51542841	0.14814610	2.00000000	10.00000000	0.02664815	0.00000000
C42	c	0.00033667	0.97874374	0.10256141	2.00000000	10.00000000	0.02279079	0.00000000
C43	c	0.50067814	0.09576938	0.16774858	2.00000000	10.00000000	0.01451115	0.00000000
C44	c	0.40924299	0.09205277	0.14400944	2.00000000	10.00000000	0.02421017	0.00000000
C45	c	0.33087057	0.72814163	0.16492873	2.00000000	10.00000000	0.01220668	0.00000000
C46	c	0.53315460	0.23225667	0.15609493	2.00000000	10.00000000	0.02178643	0.00000000
C47	c	0.41522048	0.67909233	0.08969393	2.00000000	10.00000000	0.01915303	0.00000000
C48	c	0.51888118	0.82246580	0.03013372	2.00000000	10.00000000	0.02503865	0.00000000
C49	c	0.81364561	0.94502246	0.10143318	2.00000000	10.00000000	0.02391616	0.00000000
C50	c	0.90291938	0.91450212	0.13196867	2.00000000	10.00000000	0.02064489	0.00000000

Q Vehicle fuel tank capacity /0.40000000/
C Vehicle load capacity /1.50000000/
r fuel consumption rate /0.25000000/
g inverse refueling rate /1.00000000/
v average Velocity /1.00000000/
