StringID	Type	x	y	demand	ReadyTime	DueDate	ServiceTime	altitude
D0	d	0.50000000	0.50000000	0.00000000	0.00000000	10.00000000	0.00000000	0.00000000
S0	f	0.12016274	0.81785353	0.00000000	0.00000000	10.00000000	0.00000000	0.00000000
S1	f	0.36682285	0.41777425	0.00000000	0.00000000	10.00000000	0.00000000	0.00000000
S2	f	0.93549401	0.12188128	0.00000000	0.00000000	10.00000000	0.00000000	0.00000000
S3	f	0.68183522	0.68035572	0.00000000	0.00000000	10.00000000	0.00000000	0.00000000
S4	f	0.01343761	0.70839555	0.00000000	0.00000000	10.00000000	0.00000000	0.00000000
S5	f	0.68999618	0.44420062	0.00000000	0.00000000	10.00000000	0.00000000	0.00000000
S6	f	0.37759561	0.89372753	0.00000000	0.00000000	10.00000000	0.00000000	0.00000000
S7	f	0.50821656	0.85435019	0.00000000	0.00000000	10.00000000	0.00000000	0.00000000
S8	f	0.82568517	0.39425385	0.00000000	0.00000000	10.00000000	0.00000000	0.00000000
S9	f	0.58783769	0.15994455	0.00000000	0.00000000	10.00000000	0.00000000	0.00000000
C1	c	0.60657928	0.55068530	0.02756362	0.00000000	8.00000000	0.02820659	0.00000000
C2	c	0.56511879	0.91702325	0.03856254	0.06000000	8.06000000	0.01706878	0.00000000
C3	c	0.39169374	0.53527070	0.02305122	0.12000000	8.12000000	0.01705041	0.00000000
C4	c	0.69448866	0.88483841	0.18266672	0.18000000	8.18000000	0.01402835	0.00000000
C5	c	0.12816915	0.67307676	0.05593791	0.24000000	8.24000000	0.02949808	0.00000000
C6	c	0.81548840	0.07425601	0.02015380	0.30000000	8.30000000	0.02735243	0.00000000
C7	c	0.23402084	0.67177728	0.11161884	0.36000000	8.36000000	0.02770369	0.00000000
C8	c	0.78725759	0.20429662	0.07299748	0.42000000	8.42000000	0.01880412	0.00000000
C9	c	0.01140514	0.15762352	0.04660715	0.48000000	8.48000000	0.01070641	0.00000000
C10	c	0.73519585	0.58075142	0.11157675	0.54000000	8.54000000	0.01619359	0.00000000
C11	c	0.32939720	0.64129445	0.12371191	0.60000000	8.60000000	0.01121424	0.00000000
C12	c	0.70660095	0.35313929	0.17108907	0.66000000	8.66000000	0.01398935	0.00000000
C13	c	0.64597491	0.84828681	0.09777130	0.72000000	8.72000000	0.02142180	0.00000000
C14	c	0.90283919	0.22664894	0.05074550	0.78000000	8.78000000	0.02147062	0.00000000
C15	c	0.86999761	0.31100103	0.03236486	0.84000000	8.84000000	0.02140494	0.00000000
C16	c	0.20037701	0.06881309	0.14038499	0.90000000	8.90000000	0.01669507	0.00000000
C17	c	0.43577393	0.66116950	0.09259289	0.96000000	8.96000000	0.02114954	0.00000000
C18	c	0.43045364	0.22721977	0.03857190	1.02000000	9.02000000	0.02194924	0.00000000
C19	c	0.12016274	0.81785353	0.01997532	1.08000000	9.08000000	0.01104746	0.00000000
C20	c	0.61980918	0.88932469	0.17191050	1.14000000	9.14000000	0.02406770	0.00000000
C21	c	0.25457214	0.61687858	0.10372353	1.20000000	9.20000000	0.02430858	0.00000000
C22	c	0.20042108	0.90599726	0.12064386	1.26000000	9.26000000	0.02194038	0.00000000
C23	c	0.47558645	0.71089042	0.02009152	1.32000000	9.32000000	0.02218505	0.00000000
C24	c	0.58021542	0.49877461	0.15723121	1.38000000	9.38000000	0.01597217	0.00000000
C25	c	0.46277011	0.44045126	0.01784880	1.44000000	9.44000000	0.02356269	0.00000000
C26	c	0.57965839	0.33823898	0.02293045	1.50000000	9.50000000	0.01068906	0.00000000
C27	c	0.05036186	0.53719515	0.06914261	1.56000000	9.56000000	0.01632441	0.00000000
C28	c	0.88561817	0.50866003	0.11890752	1.62000000	9.62000000	0.01974845	0.00000000
C29	c	0.54284402	0.67786839	0.18604874	1.68000000	9.68000000	0.02036038	0.00000000
C30	c	0.41843451	0.34320375	0.16942719	1.74000000	9.74000000	0.02345655	0.00000000
C31	c	0.62653704	0.04975567	0.05233435	1.80000000	9.80000000	0.01094223	0.00000000
C32	c	0.42977338	0.51267530	0.07841347	1.86000000	9.86000000	0.02580732	0.00000000
C33	c	0.91046193	0.99866869	0.01977382	1.92000000	9.92000000	0.02111474	0.00000000
C34	c	0.81483097	0.16543953	0.07637475	1.98000000	9.98000000	0.01849632	0.00000000
C35	c	0.66885675	0.81111609	0.14939966	2.00000000	10.00000000	0.02635585	0.00000000
C36	c	0.36682285	0.41777425	0.08342819	2.00000000	10.00000000	0.02901118	0.00000000
C37	c	0.05363852	0.20086335	0.16781429	2.00000000	10.00000000	0.01380016	0.00000000
C38	c	0.28117192	0.17230319	0.10676991	2.00000000	10.00000000	0.01892242	0.00000000
C39	c	0.90751037	0.47021759	0.15080477	2.00000000	10.00000000	0.01444126	0.00000000
C40	c	0.92267499	0.70711449	0.09593474	2.00000000	10.00000000	0.02331953	0.00000000
C41	c	0.89268534	0.03580793	0.13692674	2.00000000	10.00000000	0.02734836	0.00000000
C42	c	0.64987183	0.19208524	0.14633912	2.00000000	10.00000000	0.02861737	0.00000000
C43	c	0.49450165	0.00065972	0.04170958	2.00000000	10.00000000	0.02277688	0.00000000
C44	c	0.80345557	0.24781989	0.14620721	2.00000000	10.00000000	0.01683497	0.00000000
C45	c	0.04913748	0.81746891	0.08649385	2.00000000	10.00000000	0.01139781	0.00000000
C46	c	0.96347098	0.54556819	0.06206080	2.00000000	10.00000000	0.01749093	0.00000000
C47	c	0.76577217	0.92036333	0.07272358	2.00000000	10.00000000	0.01014492	0.00000000
C48	c	0.88454854	0.39546391	0.03536809	2.00000000	10.00000000	0.02005505	0.00000000
C49	c	0.26784006	0.91841064	0.14020674	2.00000000	10.00000000	0.01831479	0.00000000
C50	c	0.98921622	0.10453948	0.03506660	2.00000000	10.00000000	0.01171386	0.00000000

Q Vehicle fuel tank capacity /0.40000000/
C Vehicle load capacity /1.50000000/
r fuel consumption rate /0.25000000/
g inverse refueling rate /1.00000000/
v average Velocity /1.00000000/
