StringID	Type	x	y	demand	ReadyTime	DueDate	ServiceTime	altitude
D0	d	0.50000000	0.50000000	0.00000000	0.00000000	10.00000000	0.00000000	0.00000000
S0	f	0.06300532	0.31147275	0.00000000	0.00000000	10.00000000	0.00000000	0.00000000
S1	f	0.57163609	0.28909441	0.00000000	0.00000000	10.00000000	0.00000000	0.00000000
S2	f	0.51543873	0.94466260	0.00000000	0.00000000	10.00000000	0.00000000	0.00000000
S3	f	0.86812057	0.21332539	0.00000000	0.00000000	10.00000000	0.00000000	0.00000000
S4	f	0.01576388	0.54010222	0.00000000	0.00000000	10.00000000	0.00000000	0.00000000
S5	f	0.31214022	0.08283198	0.00000000	0.00000000	10.00000000	0.00000000	0.00000000
C1	c	0.66311702	0.96869787	0.13954802	0.00000000	8.00000000	0.01832527	0.00000000
C2	c	0.72375094	0.90826009	0.18296778	0.10000000	8.10000000	0.01248197	0.00000000
C3	c	0.32853014	0.29629108	0.11311508	0.20000000	8.20000000	0.02564727	0.00000000
C4	c	0.24714065	0.30721562	0.02211524	0.30000000	8.30000000	0.01465393	0.00000000
C5	c	0.27270587	0.36189735	0.21577318	0.40000000	8.40000000	0.01459035	0.00000000
C6	c	0.30343976	0.25983797	0.19718972	0.50000000	8.50000000	0.01470471	0.00000000
C7	c	0.26175083	0.24627025	0.08294394	0.60000000	8.60000000	0.02805828	0.00000000
C8	c	0.32995012	0.27177682	0.25366064	0.70000000	8.70000000	0.01566323	0.00000000
C9	c	0.06824744	0.02273944	0.06824469	0.80000000	8.80000000	0.02597074	0.00000000
C10	c	0.00000000	0.02475890	0.26683440	0.90000000	8.90000000	0.02122681	0.00000000
C11	c	0.00000000	0.08605197	0.05992190	1.00000000	9.00000000	0.02789064	0.00000000
C12	c	0.06592253	0.02728594	0.27969430	1.10000000	9.10000000	0.02051085	0.00000000
C13	c	0.03834428	0.09244534	0.09939980	1.20000000	9.20000000	0.01420852	0.00000000
C14	c	0.00000000	0.13826342	0.24882226	1.30000000	9.30000000	0.01687916	0.00000000
C15	c	0.00000000	0.19145691	0.09981551	1.40000000	9.40000000	0.01865816	0.00000000
C16	c	0.30153187	0.86218356	0.20329356	1.50000000	9.50000000	0.02628385	0.00000000
C17	c	0.30309168	0.69135418	0.08097484	1.60000000	9.60000000	0.01543841	0.00000000
C18	c	0.23239913	0.95610858	0.27385475	1.70000000	9.70000000	0.02166552	0.00000000
C19	c	0.45533942	0.25171213	0.14039192	1.80000000	9.80000000	0.02148845	0.00000000
C20	c	0.21507758	0.66569566	0.08612206	1.90000000	9.90000000	0.01684587	0.00000000
C21	c	0.15834911	0.65339871	0.07635838	2.00000000	10.00000000	0.02517422	0.00000000
C22	c	0.74356119	0.47907091	0.19645516	2.00000000	10.00000000	0.01158775	0.00000000
C23	c	0.51828482	0.41734860	0.06123935	2.00000000	10.00000000	0.01317112	0.00000000
C24	c	0.38930943	0.24349803	0.19317783	2.00000000	10.00000000	0.02799112	0.00000000
C25	c	0.41626354	0.12409842	0.21720754	2.00000000	10.00000000	0.02720530	0.00000000
C26	c	0.78236345	0.23269666	0.14671674	2.00000000	10.00000000	0.02373774	0.00000000
C27	c	0.90291398	0.28316146	0.15716786	2.00000000	10.00000000	0.02132882	0.00000000
C28	c	0.79853685	0.56134069	0.13026677	2.00000000	10.00000000	0.01067613	0.00000000
C29	c	0.89453178	0.52554275	0.12279390	2.00000000	10.00000000	0.01566072	0.00000000
C30	c	0.21042576	0.34395809	0.08393287	2.00000000	10.00000000	0.02649279	0.00000000

Q Vehicle fuel tank capacity /0.40000000/
C Vehicle load capacity /1.50000000/
r fuel consumption rate /0.25000000/
g inverse refueling rate /1.00000000/
v average Velocity /1.00000000/
