StringID	Type	x	y	demand	ReadyTime	DueDate	ServiceTime	altitude
D0	d	0.50000000	0.50000000	0.00000000	0.00000000	10.00000000	0.00000000	0.00000000
S0	f	0.72157285	0.09815409	0.00000000	0.00000000	10.00000000	0.00000000	0.00000000
S1	f	0.07366241	0.51024376	0.00000000	0.00000000	10.00000000	0.00000000	0.00000000
S2	f	0.58337038	0.97643183	0.00000000	0.00000000	10.00000000	0.00000000	0.00000000
S3	f	0.40193820	0.20267092	0.00000000	0.00000000	10.00000000	0.00000000	0.00000000
S4	f	0.47058658	0.30958299	0.00000000	0.00000000	10.00000000	0.00000000	0.00000000
S5	f	0.23206719	0.86503399	0.00000000	0.00000000	10.00000000	0.00000000	0.00000000
S6	f	0.50648090	0.24112594	0.00000000	0.00000000	10.00000000	0.00000000	0.00000000
S7	f	0.71097563	0.63770444	0.00000000	0.00000000	10.00000000	0.00000000	0.00000000
S8	f	0.58729250	0.50050775	0.00000000	0.00000000	10.00000000	0.00000000	0.00000000
S9	f	0.48782239	0.54060606	0.00000000	0.00000000	10.00000000	0.00000000	0.00000000
C1	c	0.75531959	0.07238768	0.13285711	0.00000000	8.00000000	0.02300721	0.00000000
C2	c	0.66792533	0.16600958	0.08228750	0.06000000	8.06000000	0.01872373	0.00000000
C3	c	0.72727668	0.16292497	0.03027208	0.12000000	8.12000000	0.01176875	0.00000000
C4	c	0.65837829	0.07150676	0.09146275	0.18000000	8.18000000	0.02088662	0.00000000
C5	c	0.63251667	0.10840115	0.12835302	0.24000000	8.24000000	0.02379487	0.00000000
C6	c	0.62453512	0.19530267	0.03349023	0.30000000	8.30000000	0.02588855	0.00000000
C7	c	0.74210009	0.20365133	0.17920745	0.36000000	8.36000000	0.02869260	0.00000000
C8	c	0.67418014	0.16245402	0.11886372	0.42000000	8.42000000	0.01231081	0.00000000
C9	c	0.71971234	0.21600661	0.02626814	0.48000000	8.48000000	0.02385294	0.00000000
C10	c	0.74662034	0.15166006	0.13411343	0.54000000	8.54000000	0.02095421	0.00000000
C11	c	0.66758493	0.12328434	0.03172575	0.60000000	8.60000000	0.01955133	0.00000000
C12	c	0.68466837	0.21784248	0.12461469	0.66000000	8.66000000	0.02108080	0.00000000
C13	c	0.61568810	0.24266020	0.14737560	0.72000000	8.72000000	0.01508194	0.00000000
C14	c	0.64550033	0.10088940	0.18168658	0.78000000	8.78000000	0.02416166	0.00000000
C15	c	0.15687500	0.52095888	0.12873249	0.84000000	8.84000000	0.01389163	0.00000000
C16	c	0.07062607	0.56133508	0.07134654	0.90000000	8.90000000	0.01590591	0.00000000
C17	c	0.09872296	0.42061819	0.05397560	0.96000000	8.96000000	0.02232499	0.00000000
C18	c	0.31162405	0.11839073	0.07208138	1.02000000	9.02000000	0.02166789	0.00000000
C19	c	0.32426704	0.02593887	0.01512066	1.08000000	9.08000000	0.01584325	0.00000000
C20	c	0.39912993	0.07632994	0.14084389	1.14000000	9.14000000	0.02621359	0.00000000
C21	c	0.46208772	0.37563272	0.06773409	1.20000000	9.20000000	0.01093002	0.00000000
C22	c	0.40236691	0.38340384	0.06215885	1.26000000	9.26000000	0.02908785	0.00000000
C23	c	0.49621308	0.37934106	0.15928744	1.32000000	9.32000000	0.01125062	0.00000000
C24	c	0.39194372	0.36119743	0.14927424	1.38000000	9.38000000	0.02756249	0.00000000
C25	c	0.41293418	0.38177382	0.02189707	1.44000000	9.44000000	0.01428097	0.00000000
C26	c	0.97188829	0.41060585	0.12637711	1.50000000	9.50000000	0.01756620	0.00000000
C27	c	0.06869650	0.14293137	0.02077608	1.56000000	9.56000000	0.01567628	0.00000000
C28	c	0.12292716	0.66313664	0.11415942	1.62000000	9.62000000	0.02031060	0.00000000
C29	c	0.02099542	0.75722264	0.02465341	1.68000000	9.68000000	0.02489041	0.00000000
C30	c	0.78151948	0.36457178	0.10662423	1.74000000	9.74000000	0.02478693	0.00000000
C31	c	0.33185876	0.65036056	0.03362318	1.80000000	9.80000000	0.01654327	0.00000000
C32	c	0.54433112	0.68974330	0.06164175	1.86000000	9.86000000	0.02540037	0.00000000
C33	c	0.79442756	0.93463000	0.06017508	1.92000000	9.92000000	0.02726383	0.00000000
C34	c	0.54771032	0.47756648	0.12988127	1.98000000	9.98000000	0.01831891	0.00000000
C35	c	0.55403986	0.25409714	0.12115381	2.00000000	10.00000000	0.02388001	0.00000000
C36	c	0.29529541	0.61624966	0.17966151	2.00000000	10.00000000	0.01135859	0.00000000
C37	c	0.58339458	0.29216227	0.10397386	2.00000000	10.00000000	0.01747014	0.00000000
C38	c	0.81067926	0.04650117	0.04902164	2.00000000	10.00000000	0.01992241	0.00000000
C39	c	0.95439232	0.06253103	0.05761482	2.00000000	10.00000000	0.02944875	0.00000000
C40	c	0.87812429	0.21404833	0.17811063	2.00000000	10.00000000	0.01075053	0.00000000
C41	c	0.37830985	0.28381413	0.08229088	2.00000000	10.00000000	0.01011434	0.00000000
C42	c	0.51553022	0.74452050	0.02392156	2.00000000	10.00000000	0.02443580	0.00000000
C43	c	0.73934646	0.32716341	0.03659462	2.00000000	10.00000000	0.02856033	0.00000000
C44	c	0.77001829	0.86319163	0.03317959	2.00000000	10.00000000	0.01476683	0.00000000
C45	c	0.41594563	0.69400064	0.12540186	2.00000000	10.00000000	0.01293598	0.00000000
C46	c	0.06792963	0.37350697	0.01577823	2.00000000	10.00000000	0.02761684	0.00000000
C47	c	0.49612047	0.97243763	0.14146383	2.00000000	10.00000000	0.01697553	0.00000000
C48	c	0.03752643	0.00571683	0.14561168	2.00000000	10.00000000	0.02453672	0.00000000
C49	c	0.72178987	0.92801630	0.07443213	2.00000000	10.00000000	0.02039672	0.00000000
C50	c	0.23834174	0.14679887	0.06884751	2.00000000	10.00000000	0.01128335	0.00000000

Q Vehicle fuel tank capacity /0.40000000/
C Vehicle load capacity /1.50000000/
r fuel consumption rate /0.25000000/
g inverse refueling rate /1.00000000/
v average Velocity /1.00000000/
