StringID	Type	x	y	demand	ReadyTime	DueDate	ServiceTime	altitude
D0	d	0.50000000	0.50000000	0.00000000	0.00000000	10.00000000	0.00000000	0.00000000
S0	f	0.17548671	0.52349107	0.00000000	0.00000000	10.00000000	0.00000000	0.00000000
S1	f	0.00137863	0.56283634	0.00000000	0.00000000	10.00000000	0.00000000	0.00000000
S2	f	0.65137274	0.17062392	0.00000000	0.00000000	10.00000000	0.00000000	0.00000000
S3	f	0.65677130	0.63051619	0.00000000	0.00000000	10.00000000	0.00000000	0.00000000
S4	f	0.15080711	0.29347106	0.00000000	0.00000000	10.00000000	0.00000000	0.00000000
S5	f	0.73471939	0.62659093	0.00000000	0.00000000	10.00000000	0.00000000	0.00000000
S6	f	0.86772062	0.65368858	0.00000000	0.00000000	10.00000000	0.00000000	0.00000000
S7	f	0.45067663	0.10702214	0.00000000	0.00000000	10.00000000	0.00000000	0.00000000
S8	f	0.73264864	0.96871743	0.00000000	0.00000000	10.00000000	0.00000000	0.00000000
S9	f	0.06744992	0.10688841	0.00000000	0.00000000	10.00000000	0.00000000	0.00000000
C1	c	0.69184784	0.48185448	0.10205548	0.00000000	8.00000000	0.02141895	0.00000000
C2	c	0.89991963	0.42067765	0.13751608	0.06000000	8.06000000	0.01209319	0.00000000
C3	c	0.29164469	0.63239576	0.06370655	0.12000000	8.12000000	0.01119782	0.00000000
C4	c	0.08338710	0.53023414	0.12725928	0.18000000	8.18000000	0.01498154	0.00000000
C5	c	0.73528854	0.40999521	0.10877442	0.24000000	8.24000000	0.02846302	0.00000000
C6	c	0.82766193	0.28762998	0.09416253	0.30000000	8.30000000	0.01485592	0.00000000
C7	c	0.16436149	0.36926624	0.06478016	0.36000000	8.36000000	0.02405357	0.00000000
C8	c	0.00802666	0.07517381	0.03805779	0.42000000	8.42000000	0.02664671	0.00000000
C9	c	0.60596347	0.66500796	0.08856111	0.48000000	8.48000000	0.02211748	0.00000000
C10	c	0.20042012	0.70980967	0.09518378	0.54000000	8.54000000	0.01049284	0.00000000
C11	c	0.96249492	0.57352715	0.15116443	0.60000000	8.60000000	0.01528500	0.00000000
C12	c	0.89643857	0.21276238	0.12429697	0.66000000	8.66000000	0.01718888	0.00000000
C13	c	0.07044076	0.18445593	0.16386455	0.72000000	8.72000000	0.01395487	0.00000000
C14	c	0.13591387	0.89067286	0.02473876	0.78000000	8.78000000	0.02651313	0.00000000
C15	c	0.55576684	0.45584437	0.02456201	0.84000000	8.84000000	0.02825853	0.00000000
C16	c	0.85045213	0.78060116	0.07507729	0.90000000	8.90000000	0.02102094	0.00000000
C17	c	0.55537455	0.15397929	0.09439865	0.96000000	8.96000000	0.02275245	0.00000000
C18	c	0.17548671	0.52349107	0.10903642	1.02000000	9.02000000	0.02520080	0.00000000
C19	c	0.68737224	0.60368383	0.02457086	1.08000000	9.08000000	0.02506339	0.00000000
C20	c	0.34709773	0.81904356	0.15434326	1.14000000	9.14000000	0.01531708	0.00000000
C21	c	0.28685268	0.98260186	0.06781541	1.20000000	9.20000000	0.02665586	0.00000000
C22	c	0.51531403	0.68718727	0.09590092	1.26000000	9.26000000	0.01072924	0.00000000
C23	c	0.87089644	0.29540336	0.09832243	1.32000000	9.32000000	0.01894474	0.00000000
C24	c	0.78253146	0.41431360	0.07666018	1.38000000	9.38000000	0.02225748	0.00000000
C25	c	0.54414247	0.89738225	0.10657505	1.44000000	9.44000000	0.02313599	0.00000000
C26	c	0.38685076	0.01285157	0.14455199	1.50000000	9.50000000	0.01981743	0.00000000
C27	c	0.80613416	0.60671397	0.14710917	1.56000000	9.56000000	0.01688540	0.00000000
C28	c	0.18474743	0.26259235	0.10047002	1.62000000	9.62000000	0.01080600	0.00000000
C29	c	0.70526318	0.92607970	0.05190142	1.68000000	9.68000000	0.02520351	0.00000000
C30	c	0.56185426	0.62771976	0.02079309	1.74000000	9.74000000	0.02492156	0.00000000
C31	c	0.48556965	0.17885492	0.02523304	1.80000000	9.80000000	0.01778748	0.00000000
C32	c	0.25199578	0.83167182	0.16095922	1.86000000	9.86000000	0.01012024	0.00000000
C33	c	0.93914452	0.47793557	0.15559153	1.92000000	9.92000000	0.02001526	0.00000000
C34	c	0.92142254	0.89826039	0.01819698	1.98000000	9.98000000	0.02369627	0.00000000
C35	c	0.81964199	0.01500506	0.06197338	2.00000000	10.00000000	0.02592816	0.00000000
C36	c	0.00137863	0.56283634	0.08834034	2.00000000	10.00000000	0.01172602	0.00000000
C37	c	0.70558299	0.32968401	0.08673606	2.00000000	10.00000000	0.01846916	0.00000000
C38	c	0.34618642	0.95965738	0.10841947	2.00000000	10.00000000	0.02348196	0.00000000
C39	c	0.01717563	0.39750982	0.15192675	2.00000000	10.00000000	0.01421435	0.00000000
C40	c	0.61100155	0.42537942	0.11296247	2.00000000	10.00000000	0.02871445	0.00000000
C41	c	0.41815323	0.62658611	0.02249915	2.00000000	10.00000000	0.01759810	0.00000000
C42	c	0.90409299	0.06949670	0.08869232	2.00000000	10.00000000	0.02288622	0.00000000
C43	c	0.62440980	0.02726296	0.09811658	2.00000000	10.00000000	0.02674632	0.00000000
C44	c	0.29997327	0.44248442	0.09551658	2.00000000	10.00000000	0.01439671	0.00000000
C45	c	0.85617121	0.19389862	0.09599121	2.00000000	10.00000000	0.02269293	0.00000000
C46	c	0.96304833	0.71022893	0.05713587	2.00000000	10.00000000	0.01702571	0.00000000
C47	c	0.75293091	0.14156797	0.16003300	2.00000000	10.00000000	0.01171089	0.00000000
C48	c	0.73608636	0.09124837	0.03845753	2.00000000	10.00000000	0.02356173	0.00000000
C49	c	0.66294896	0.36476867	0.01133734	2.00000000	10.00000000	0.01412801	0.00000000
C50	c	0.53651118	0.36985813	0.08567115	2.00000000	10.00000000	0.02821642	0.00000000

Q Vehicle fuel tank capacity /0.40000000/
C Vehicle load capacity /1.50000000/
r fuel consumption rate /0.25000000/
g inverse refueling rate /1.00000000/
v average Velocity /1.00000000/
