StringID	Type	x	y	demand	ReadyTime	DueDate	ServiceTime	altitude
D0	d	0.50000000	0.50000000	0.00000000	0.00000000	10.00000000	0.00000000	0.00000000
S0	f	0.03201162	0.33199316	0.00000000	0.00000000	10.00000000	0.00000000	0.00000000
S1	f	0.10025699	0.56599928	0.00000000	0.00000000	10.00000000	0.00000000	0.00000000
S2	f	0.69120516	0.18752017	0.00000000	0.00000000	10.00000000	0.00000000	0.00000000
S3	f	0.13329448	0.91288230	0.00000000	0.00000000	10.00000000	0.00000000	0.00000000
S4	f	0.88652545	0.17315107	0.00000000	0.00000000	10.00000000	0.00000000	0.00000000
S5	f	0.50373310	0.07062008	0.00000000	0.00000000	10.00000000	0.00000000	0.00000000
S6	f	0.44271580	0.10325705	0.00000000	0.00000000	10.00000000	0.00000000	0.00000000
S7	f	0.32402576	0.76485435	0.00000000	0.00000000	10.00000000	0.00000000	0.00000000
S8	f	0.80034228	0.65282714	0.00000000	0.00000000	10.00000000	0.00000000	0.00000000
S9	f	0.86913094	0.67022435	0.00000000	0.00000000	10.00000000	0.00000000	0.00000000
C1	c	0.58680536	0.04351561	0.11964254	0.00000000	8.00000000	0.02234418	0.00000000
C2	c	0.45866781	0.91730227	0.03006701	0.06000000	8.06000000	0.01259067	0.00000000
C3	c	0.48865104	0.54822330	0.12098350	0.12000000	8.12000000	0.02701487	0.00000000
C4	c	0.32832815	0.30594485	0.05945569	0.18000000	8.18000000	0.01285990	0.00000000
C5	c	0.65797702	0.10623580	0.02354242	0.24000000	8.24000000	0.01270082	0.00000000
C6	c	0.88146574	0.00300354	0.12687271	0.30000000	8.30000000	0.01802479	0.00000000
C7	c	0.69830124	0.11805211	0.04582940	0.36000000	8.36000000	0.01075677	0.00000000
C8	c	0.94496715	0.25285409	0.14922036	0.42000000	8.42000000	0.01019216	0.00000000
C9	c	0.92245719	0.95226962	0.11660208	0.48000000	8.48000000	0.02562237	0.00000000
C10	c	0.16571405	0.10070433	0.07500527	0.54000000	8.54000000	0.01907870	0.00000000
C11	c	0.41696999	0.92152026	0.06390003	0.60000000	8.60000000	0.02442164	0.00000000
C12	c	0.91846495	0.78394545	0.14445911	0.66000000	8.66000000	0.02618933	0.00000000
C13	c	0.44809982	0.02829850	0.13157137	0.72000000	8.72000000	0.02239586	0.00000000
C14	c	0.03217352	0.31306231	0.03101329	0.78000000	8.78000000	0.02801215	0.00000000
C15	c	0.30705421	0.90616904	0.01690701	0.84000000	8.84000000	0.02132729	0.00000000
C16	c	0.64285492	0.83248990	0.10042440	0.90000000	8.90000000	0.02294010	0.00000000
C17	c	0.32696576	0.81923326	0.05668791	0.96000000	8.96000000	0.02786603	0.00000000
C18	c	0.20713096	0.92696791	0.08703846	1.02000000	9.02000000	0.01622886	0.00000000
C19	c	0.54894086	0.39408076	0.12675559	1.08000000	9.08000000	0.01439243	0.00000000
C20	c	0.45821705	0.18425834	0.12338381	1.14000000	9.14000000	0.01260368	0.00000000
C21	c	0.65905859	0.90259429	0.10328589	1.20000000	9.20000000	0.01519045	0.00000000
C22	c	0.25129918	0.92678704	0.04673541	1.26000000	9.26000000	0.01219001	0.00000000
C23	c	0.10222079	0.76908503	0.09194783	1.32000000	9.32000000	0.01142403	0.00000000
C24	c	0.85810746	0.61274907	0.12143164	1.38000000	9.38000000	0.01260391	0.00000000
C25	c	0.69664815	0.64715386	0.14039882	1.44000000	9.44000000	0.01327474	0.00000000
C26	c	0.65043737	0.52454228	0.01174994	1.50000000	9.50000000	0.02604324	0.00000000
C27	c	0.95284414	0.10189887	0.03570753	1.56000000	9.56000000	0.01710809	0.00000000
C28	c	0.01732029	0.59899567	0.10472255	1.62000000	9.62000000	0.02648265	0.00000000
C29	c	0.63780375	0.32677568	0.02161001	1.68000000	9.68000000	0.02789514	0.00000000
C30	c	0.14106354	0.71692508	0.08428418	1.74000000	9.74000000	0.02129628	0.00000000
C31	c	0.44214466	0.33587825	0.03108204	1.80000000	9.80000000	0.01968137	0.00000000
C32	c	0.77942182	0.41126938	0.15854718	1.86000000	9.86000000	0.01090696	0.00000000
C33	c	0.82547885	0.96082248	0.08938738	1.92000000	9.92000000	0.02054515	0.00000000
C34	c	0.96696292	0.73397540	0.02702228	1.98000000	9.98000000	0.01837489	0.00000000
C35	c	0.14275922	0.55893798	0.09420429	2.00000000	10.00000000	0.02723806	0.00000000
C36	c	0.15420813	0.48560829	0.07991637	2.00000000	10.00000000	0.02987130	0.00000000
C37	c	0.84194552	0.82604872	0.08114877	2.00000000	10.00000000	0.01257529	0.00000000
C38	c	0.10025699	0.56599928	0.04237066	2.00000000	10.00000000	0.02559038	0.00000000
C39	c	0.23219737	0.49758914	0.04733239	2.00000000	10.00000000	0.01990110	0.00000000
C40	c	0.69930656	0.95390789	0.12479487	2.00000000	10.00000000	0.02032664	0.00000000
C41	c	0.81776772	0.31868284	0.08007901	2.00000000	10.00000000	0.01788726	0.00000000
C42	c	0.00281136	0.06635049	0.08829039	2.00000000	10.00000000	0.02651912	0.00000000
C43	c	0.57877240	0.91068930	0.16318439	2.00000000	10.00000000	0.02150998	0.00000000
C44	c	0.79878669	0.05445239	0.09124304	2.00000000	10.00000000	0.01880587	0.00000000
C45	c	0.18257775	0.01184207	0.15829237	2.00000000	10.00000000	0.01628515	0.00000000
C46	c	0.71069623	0.50368844	0.09406266	2.00000000	10.00000000	0.01099246	0.00000000
C47	c	0.98268883	0.87487841	0.16179190	2.00000000	10.00000000	0.02329189	0.00000000
C48	c	0.20596396	0.78006581	0.07522700	2.00000000	10.00000000	0.02818015	0.00000000
C49	c	0.61820551	0.86728722	0.14067454	2.00000000	10.00000000	0.02283171	0.00000000
C50	c	0.54252082	0.51282103	0.16011271	2.00000000	10.00000000	0.02504183	0.00000000

Q Vehicle fuel tank capacity /0.40000000/
C Vehicle load capacity /1.50000000/
r fuel consumption rate /0.25000000/
g inverse refueling rate /1.00000000/
v average Velocity /1.00000000/
