StringID	Type	x	y	demand	ReadyTime	DueDate	ServiceTime	altitude
D0	d	0.50000000	0.50000000	0.00000000	0.00000000	10.00000000	0.00000000	0.00000000
S0	f	0.57351951	0.24659092	0.00000000	0.00000000	10.00000000	0.00000000	0.00000000
S1	f	0.20528651	0.94534301	0.00000000	0.00000000	10.00000000	0.00000000	0.00000000
S2	f	0.71355476	0.75827933	0.00000000	0.00000000	10.00000000	0.00000000	0.00000000
S3	f	0.77094111	0.52826944	0.00000000	0.00000000	10.00000000	0.00000000	0.00000000
S4	f	0.46642617	0.85236128	0.00000000	0.00000000	10.00000000	0.00000000	0.00000000
S5	f	0.41409615	0.40263504	0.00000000	0.00000000	10.00000000	0.00000000	0.00000000
C1	c	0.21329860	0.36988984	0.05491956	0.00000000	8.00000000	0.02954433	0.00000000
C2	c	0.22208699	0.68970893	0.20219866	0.10000000	8.10000000	0.02777676	0.00000000
C3	c	0.67864477	0.50641632	0.30185411	0.20000000	8.20000000	0.02169332	0.00000000
C4	c	0.03066763	0.45770856	0.10246226	0.30000000	8.30000000	0.02503890	0.00000000
C5	c	0.24452642	0.06387750	0.28212177	0.40000000	8.40000000	0.01671537	0.00000000
C6	c	0.22155379	0.45989858	0.23671913	0.50000000	8.50000000	0.01400631	0.00000000
C7	c	0.18524514	0.79453880	0.21405966	0.60000000	8.60000000	0.02554349	0.00000000
C8	c	0.91310251	0.13349699	0.17865162	0.70000000	8.70000000	0.02946306	0.00000000
C9	c	0.62113466	0.82441346	0.11424525	0.80000000	8.80000000	0.02462102	0.00000000
C10	c	0.66194977	0.93190332	0.19087633	0.90000000	8.90000000	0.02723867	0.00000000
C11	c	0.32589759	0.16779724	0.15042683	1.00000000	9.00000000	0.01773831	0.00000000
C12	c	0.78528465	0.56587364	0.02427441	1.10000000	9.10000000	0.01028286	0.00000000
C13	c	0.51478317	0.77997353	0.25360622	1.20000000	9.20000000	0.01214086	0.00000000
C14	c	0.91566921	0.23442934	0.05826350	1.30000000	9.30000000	0.01211513	0.00000000
C15	c	0.47480745	0.62850551	0.08843718	1.40000000	9.40000000	0.01087652	0.00000000
C16	c	0.40594289	0.94724078	0.27638949	1.50000000	9.50000000	0.02980052	0.00000000
C17	c	0.64983666	0.28135359	0.18874098	1.60000000	9.60000000	0.01415750	0.00000000
C18	c	0.01517169	0.60165054	0.22346026	1.70000000	9.70000000	0.01221954	0.00000000
C19	c	0.41179838	0.88394986	0.08078878	1.80000000	9.80000000	0.01207765	0.00000000
C20	c	0.57351951	0.24659092	0.03777191	1.90000000	9.90000000	0.02622196	0.00000000
C21	c	0.97788246	0.31597638	0.15856819	2.00000000	10.00000000	0.01505245	0.00000000
C22	c	0.50913658	0.60240009	0.08914688	2.00000000	10.00000000	0.02191370	0.00000000
C23	c	0.74969109	0.04721134	0.29772415	2.00000000	10.00000000	0.02981689	0.00000000
C24	c	0.87417160	0.34768383	0.19277120	2.00000000	10.00000000	0.02613776	0.00000000
C25	c	0.66355120	0.58770365	0.04376958	2.00000000	10.00000000	0.01536677	0.00000000
C26	c	0.81741042	0.36083059	0.03322080	2.00000000	10.00000000	0.02805771	0.00000000
C27	c	0.34914366	0.34424614	0.16452467	2.00000000	10.00000000	0.02600206	0.00000000
C28	c	0.88492187	0.45212328	0.05989312	2.00000000	10.00000000	0.02787501	0.00000000
C29	c	0.07881650	0.39214889	0.14832151	2.00000000	10.00000000	0.02774661	0.00000000
C30	c	0.08391629	0.08019329	0.05179202	2.00000000	10.00000000	0.02912639	0.00000000

Q Vehicle fuel tank capacity /0.40000000/
C Vehicle load capacity /1.50000000/
r fuel consumption rate /0.25000000/
g inverse refueling rate /1.00000000/
v average Velocity /1.00000000/
