StringID	Type	x	y	demand	ReadyTime	DueDate	ServiceTime	altitude
D0	d	0.50000000	0.50000000	0.00000000	0.00000000	10.00000000	0.00000000	0.00000000
S0	f	0.62381184	0.77140407	0.00000000	0.00000000	10.00000000	0.00000000	0.00000000
S1	f	0.27371232	0.02881320	0.00000000	0.00000000	10.00000000	0.00000000	0.00000000
S2	f	0.45446101	0.71577710	0.00000000	0.00000000	10.00000000	0.00000000	0.00000000
S3	f	0.65538840	0.28920706	0.00000000	0.00000000	10.00000000	0.00000000	0.00000000
S4	f	0.67527576	0.56060020	0.00000000	0.00000000	10.00000000	0.00000000	0.00000000
S5	f	0.64366184	0.13406311	0.00000000	0.00000000	10.00000000	0.00000000	0.00000000
C1	c	0.19694318	0.97761548	0.19346263	0.00000000	8.00000000	0.01649654	0.00000000
C2	c	0.87230914	0.10335183	0.27991226	0.10000000	8.10000000	0.01310002	0.00000000
C3	c	0.29241442	0.20918304	0.16974156	0.20000000	8.20000000	0.01383194	0.00000000
C4	c	0.24953081	0.61999364	0.21748386	0.30000000	8.30000000	0.02531579	0.00000000
C5	c	0.26749713	0.28180379	0.04992056	0.40000000	8.40000000	0.01398020	0.00000000
C6	c	0.72595792	0.29909693	0.13122421	0.50000000	8.50000000	0.01068187	0.00000000
C7	c	0.79463688	0.93364195	0.11961016	0.60000000	8.60000000	0.01457053	0.00000000
C8	c	0.11608053	0.60903812	0.19776060	0.70000000	8.70000000	0.02621441	0.00000000
C9	c	0.61943616	0.02548344	0.07069540	0.80000000	8.80000000	0.02518847	0.00000000
C10	c	0.10344189	0.91692701	0.09689287	0.90000000	8.90000000	0.02302408	0.00000000
C11	c	0.90713061	0.22459195	0.19632611	1.00000000	9.00000000	0.01432636	0.00000000
C12	c	0.36131782	0.93879351	0.30135909	1.10000000	9.10000000	0.01963722	0.00000000
C13	c	0.74811300	0.35492582	0.26248728	1.20000000	9.20000000	0.02469144	0.00000000
C14	c	0.99568897	0.77769301	0.19320504	1.30000000	9.30000000	0.01156647	0.00000000
C15	c	0.57214192	0.44528369	0.12057849	1.40000000	9.40000000	0.01298872	0.00000000
C16	c	0.49166266	0.65370691	0.17244999	1.50000000	9.50000000	0.01884624	0.00000000
C17	c	0.98484824	0.33975049	0.09213109	1.60000000	9.60000000	0.01322235	0.00000000
C18	c	0.93589114	0.75647253	0.08303975	1.70000000	9.70000000	0.01776871	0.00000000
C19	c	0.91754355	0.35744042	0.17100041	1.80000000	9.80000000	0.02936735	0.00000000
C20	c	0.62381184	0.77140407	0.04216404	1.90000000	9.90000000	0.02544720	0.00000000
C21	c	0.33847299	0.40246344	0.16475252	2.00000000	10.00000000	0.02243231	0.00000000
C22	c	0.25726138	0.50514882	0.27490742	2.00000000	10.00000000	0.01541730	0.00000000
C23	c	0.95624083	0.30725614	0.24608707	2.00000000	10.00000000	0.02840491	0.00000000
C24	c	0.88428335	0.85293497	0.06186034	2.00000000	10.00000000	0.01641332	0.00000000
C25	c	0.62334577	0.85192512	0.08670469	2.00000000	10.00000000	0.01951824	0.00000000
C26	c	0.86433849	0.35011584	0.17156091	2.00000000	10.00000000	0.02677484	0.00000000
C27	c	0.58536206	0.60400122	0.07516657	2.00000000	10.00000000	0.01615222	0.00000000
C28	c	0.63439031	0.25475327	0.06124302	2.00000000	10.00000000	0.01373899	0.00000000
C29	c	0.05971710	0.95249155	0.03826249	2.00000000	10.00000000	0.02113751	0.00000000
C30	c	0.82373253	0.81403291	0.15800957	2.00000000	10.00000000	0.02200757	0.00000000

Q Vehicle fuel tank capacity /0.40000000/
C Vehicle load capacity /1.50000000/
r fuel consumption rate /0.25000000/
g inverse refueling rate /1.00000000/
v average Velocity /1.00000000/
