StringID	Type	x	y	demand	ReadyTime	DueDate	ServiceTime	altitude
D0	d	0.50000000	0.50000000	0.00000000	0.00000000	10.00000000	0.00000000	0.00000000
S0	f	0.32622151	0.61934909	0.00000000	0.00000000	10.00000000	0.00000000	0.00000000
S1	f	0.98494104	0.94048977	0.00000000	0.00000000	10.00000000	0.00000000	0.00000000
S2	f	0.46544642	0.91115751	0.00000000	0.00000000	10.00000000	0.00000000	0.00000000
S3	f	0.79735678	0.20349504	0.00000000	0.00000000	10.00000000	0.00000000	0.00000000
S4	f	0.53126002	0.87187633	0.00000000	0.00000000	10.00000000	0.00000000	0.00000000
S5	f	0.95597293	0.50152867	0.00000000	0.00000000	10.00000000	0.00000000	0.00000000
S6	f	0.05467012	0.61163147	0.00000000	0.00000000	10.00000000	0.00000000	0.00000000
S7	f	0.05895305	0.92427988	0.00000000	0.00000000	10.00000000	0.00000000	0.00000000
S8	f	0.93252692	0.10473356	0.00000000	0.00000000	10.00000000	0.00000000	0.00000000
S9	f	0.01589881	0.83656559	0.00000000	0.00000000	10.00000000	0.00000000	0.00000000
C1	c	0.39942071	0.09301534	0.04036008	0.00000000	8.00000000	0.02303488	0.00000000
C2	c	0.35657846	0.17543285	0.10609195	0.06000000	8.06000000	0.02298441	0.00000000
C3	c	0.47675173	0.00401079	0.14452597	0.12000000	8.12000000	0.02905633	0.00000000
C4	c	0.36083362	0.03194395	0.04050736	0.18000000	8.18000000	0.02634158	0.00000000
C5	c	0.42898490	0.00000000	0.07378546	0.24000000	8.24000000	0.01276259	0.00000000
C6	c	0.27701317	0.00000000	0.08736532	0.30000000	8.30000000	0.01042140	0.00000000
C7	c	0.41844136	0.04969631	0.04269774	0.36000000	8.36000000	0.01771269	0.00000000
C8	c	0.38377744	0.13939162	0.09599674	0.42000000	8.42000000	0.01262682	0.00000000
C9	c	0.69860913	0.05180700	0.06849125	0.48000000	8.48000000	0.01569694	0.00000000
C10	c	0.74252153	0.15927471	0.07988220	0.54000000	8.54000000	0.01197373	0.00000000
C11	c	0.75204098	0.10125648	0.09892194	0.60000000	8.60000000	0.01201521	0.00000000
C12	c	0.72118013	0.01944007	0.11029081	0.66000000	8.66000000	0.01618754	0.00000000
C13	c	0.73048537	0.00000000	0.09258334	0.72000000	8.72000000	0.01054306	0.00000000
C14	c	0.77834742	0.01645902	0.03356231	0.78000000	8.78000000	0.01000036	0.00000000
C15	c	0.70920796	0.05474896	0.02457953	0.84000000	8.84000000	0.01865729	0.00000000
C16	c	0.76982220	0.00960699	0.04705449	0.90000000	8.90000000	0.01090577	0.00000000
C17	c	0.48294303	0.05674666	0.15567982	0.96000000	8.96000000	0.01866551	0.00000000
C18	c	0.41702420	0.02693845	0.09929274	1.02000000	9.02000000	0.02559665	0.00000000
C19	c	0.23418068	0.48882657	0.13811853	1.08000000	9.08000000	0.01751584	0.00000000
C20	c	0.27085949	0.53992302	0.15731337	1.14000000	9.14000000	0.02736334	0.00000000
C21	c	0.83693318	0.91842279	0.08913605	1.20000000	9.20000000	0.01168453	0.00000000
C22	c	0.89937104	0.95463816	0.04071072	1.26000000	9.26000000	0.02427294	0.00000000
C23	c	0.79734429	0.94485082	0.15079771	1.32000000	9.32000000	0.02688414	0.00000000
C24	c	0.76725970	0.97014006	0.15200623	1.38000000	9.38000000	0.02094128	0.00000000
C25	c	0.83638068	0.87002813	0.02911420	1.44000000	9.44000000	0.01477624	0.00000000
C26	c	0.12273137	0.31585062	0.05807236	1.50000000	9.50000000	0.01621061	0.00000000
C27	c	0.87605770	0.40032548	0.14207518	1.56000000	9.56000000	0.02026968	0.00000000
C28	c	0.67545189	0.63458479	0.07073933	1.62000000	9.62000000	0.01056600	0.00000000
C29	c	0.11979861	0.95456026	0.11199442	1.68000000	9.68000000	0.02481753	0.00000000
C30	c	0.09758490	0.45200800	0.10586642	1.74000000	9.74000000	0.02172352	0.00000000
C31	c	0.75440132	0.34766589	0.02867444	1.80000000	9.80000000	0.01488328	0.00000000
C32	c	0.83810423	0.97443963	0.15384661	1.86000000	9.86000000	0.02772314	0.00000000
C33	c	0.13247834	0.80950185	0.02534350	1.92000000	9.92000000	0.01913385	0.00000000
C34	c	0.44171845	0.08365360	0.07848910	1.98000000	9.98000000	0.02253935	0.00000000
C35	c	0.82085497	0.78927296	0.12383286	2.00000000	10.00000000	0.02994351	0.00000000
C36	c	0.49087092	0.15091305	0.06284305	2.00000000	10.00000000	0.02503246	0.00000000
C37	c	0.71862610	0.94237570	0.13638408	2.00000000	10.00000000	0.02765170	0.00000000
C38	c	0.47737204	0.26186523	0.15682751	2.00000000	10.00000000	0.01401294	0.00000000
C39	c	0.95281663	0.81707899	0.03057576	2.00000000	10.00000000	0.02688469	0.00000000
C40	c	0.13812973	0.02107018	0.13209516	2.00000000	10.00000000	0.01350661	0.00000000
C41	c	0.28484686	0.09868660	0.07694619	2.00000000	10.00000000	0.01403321	0.00000000
C42	c	0.02715295	0.00001797	0.02325451	2.00000000	10.00000000	0.01595400	0.00000000
C43	c	0.43327572	0.77983257	0.13379756	2.00000000	10.00000000	0.01222615	0.00000000
C44	c	0.37579214	0.86816697	0.12906185	2.00000000	10.00000000	0.01629500	0.00000000
C45	c	0.08422636	0.71364694	0.08431658	2.00000000	10.00000000	0.01432241	0.00000000
C46	c	0.84420690	0.54706420	0.03334004	2.00000000	10.00000000	0.02748074	0.00000000
C47	c	0.23881194	0.31053032	0.11846838	2.00000000	10.00000000	0.02846989	0.00000000
C48	c	0.51348425	0.02829984	0.15201954	2.00000000	10.00000000	0.01238269	0.00000000
C49	c	0.74087669	0.58617575	0.08229243	2.00000000	10.00000000	0.01707263	0.00000000
C50	c	0.24416400	0.88615691	0.04997727	2.00000000	10.00000000	0.02330677	0.00000000

Q Vehicle fuel tank capacity /0.40000000/
C Vehicle load capacity /1.50000000/
r fuel consumption rate /0.25000000/
g inverse refueling rate /1.00000000/
v average Velocity /1.00000000/
