StringID	Type	x	y	demand	ReadyTime	DueDate	ServiceTime	altitude
D0	d	0.50000000	0.50000000	0.00000000	0.00000000	10.00000000	0.00000000	0.00000000
S0	f	0.70535042	0.93389524	0.00000000	0.00000000	10.00000000	0.00000000	0.00000000
S1	f	0.57447286	0.06604222	0.00000000	0.00000000	10.00000000	0.00000000	0.00000000
S2	f	0.14036198	0.69668895	0.00000000	0.00000000	10.00000000	0.00000000	0.00000000
S3	f	0.59140931	0.79307309	0.00000000	0.00000000	10.00000000	0.00000000	0.00000000
S4	f	0.76230590	0.10682310	0.00000000	0.00000000	10.00000000	0.00000000	0.00000000
S5	f	0.14930154	0.30374949	0.00000000	0.00000000	10.00000000	0.00000000	0.00000000
S6	f	0.04771605	0.87862015	0.00000000	0.00000000	10.00000000	0.00000000	0.00000000
S7	f	0.79754495	0.67821917	0.00000000	0.00000000	10.00000000	0.00000000	0.00000000
S8	f	0.49216768	0.92254149	0.00000000	0.00000000	10.00000000	0.00000000	0.00000000
S9	f	0.53768647	0.20685457	0.00000000	0.00000000	10.00000000	0.00000000	0.00000000
C1	c	0.12691773	0.04245278	0.06559656	0.00000000	8.00000000	0.02826374	0.00000000
C2	c	0.45992041	0.95758976	0.13297201	0.06000000	8.06000000	0.01353356	0.00000000
C3	c	0.56165135	0.56585050	0.09130581	0.12000000	8.12000000	0.01690739	0.00000000
C4	c	0.21196719	0.85166257	0.06580612	0.18000000	8.18000000	0.01590232	0.00000000
C5	c	0.66815233	0.98395151	0.06459471	0.24000000	8.24000000	0.01622835	0.00000000
C6	c	0.27981098	0.94132533	0.01944843	0.30000000	8.30000000	0.01052162	0.00000000
C7	c	0.41128041	0.85908544	0.04106408	0.36000000	8.36000000	0.01042697	0.00000000
C8	c	0.28522646	0.17913794	0.06530742	0.42000000	8.42000000	0.02708849	0.00000000
C9	c	0.51142772	0.88565815	0.03429746	0.48000000	8.48000000	0.01232224	0.00000000
C10	c	0.34214872	0.49068981	0.02412842	0.54000000	8.54000000	0.02142500	0.00000000
C11	c	0.08535665	0.60678613	0.12862678	0.60000000	8.60000000	0.02484255	0.00000000
C12	c	0.01687613	0.39245993	0.09330556	0.66000000	8.66000000	0.02022914	0.00000000
C13	c	0.04126204	0.73481341	0.01831259	0.72000000	8.72000000	0.02399556	0.00000000
C14	c	0.99806008	0.54468410	0.06459421	0.78000000	8.78000000	0.01328698	0.00000000
C15	c	0.17726950	0.99574898	0.08468284	0.84000000	8.84000000	0.02897050	0.00000000
C16	c	0.79020242	0.14570431	0.08669218	0.90000000	8.90000000	0.01410267	0.00000000
C17	c	0.41431880	0.75200530	0.11007332	0.96000000	8.96000000	0.02972980	0.00000000
C18	c	0.30692406	0.83566582	0.08131973	1.02000000	9.02000000	0.02715487	0.00000000
C19	c	0.76089792	0.27501994	0.07447151	1.08000000	9.08000000	0.01924059	0.00000000
C20	c	0.70535042	0.93389524	0.10622945	1.14000000	9.14000000	0.02452202	0.00000000
C21	c	0.61903495	0.89609797	0.11792779	1.20000000	9.20000000	0.01106063	0.00000000
C22	c	0.83873338	0.80467630	0.04075560	1.26000000	9.26000000	0.01413750	0.00000000
C23	c	0.32321616	0.87796592	0.04976907	1.32000000	9.32000000	0.01071332	0.00000000
C24	c	0.45652881	0.87015825	0.12043723	1.38000000	9.38000000	0.02413295	0.00000000
C25	c	0.04257986	0.21393293	0.03187266	1.44000000	9.44000000	0.02275807	0.00000000
C26	c	0.53181188	0.00292969	0.14499646	1.50000000	9.50000000	0.01841980	0.00000000
C27	c	0.02886316	0.46620267	0.15272175	1.56000000	9.56000000	0.01387842	0.00000000
C28	c	0.60884436	0.17027238	0.15278309	1.62000000	9.62000000	0.02058483	0.00000000
C29	c	0.85469661	0.60447312	0.14120774	1.68000000	9.68000000	0.02875542	0.00000000
C30	c	0.87942152	0.42836038	0.15183293	1.74000000	9.74000000	0.01478616	0.00000000
C31	c	0.38356660	0.17172286	0.02378430	1.80000000	9.80000000	0.01962626	0.00000000
C32	c	0.43595102	0.30576246	0.05469058	1.86000000	9.86000000	0.01432642	0.00000000
C33	c	0.01385464	0.17823158	0.06037374	1.92000000	9.92000000	0.02265172	0.00000000
C34	c	0.20705343	0.54649281	0.16657176	1.98000000	9.98000000	0.02874989	0.00000000
C35	c	0.50352053	0.78528869	0.07145463	2.00000000	10.00000000	0.01779792	0.00000000
C36	c	0.57447286	0.06604222	0.14314208	2.00000000	10.00000000	0.02667010	0.00000000
C37	c	0.88795169	0.87565954	0.02303430	2.00000000	10.00000000	0.01455177	0.00000000
C38	c	0.34335701	0.60411318	0.13636249	2.00000000	10.00000000	0.01821151	0.00000000
C39	c	0.21090517	0.72208335	0.10196212	2.00000000	10.00000000	0.01323238	0.00000000
C40	c	0.46254672	0.72242256	0.15038179	2.00000000	10.00000000	0.01406695	0.00000000
C41	c	0.19528413	0.33969828	0.07905320	2.00000000	10.00000000	0.02009227	0.00000000
C42	c	0.49966950	0.09472335	0.08702106	2.00000000	10.00000000	0.01908641	0.00000000
C43	c	0.08665233	0.75506472	0.09066135	2.00000000	10.00000000	0.02746793	0.00000000
C44	c	0.96212485	0.79911876	0.15921037	2.00000000	10.00000000	0.02717526	0.00000000
C45	c	0.06531961	0.25633056	0.16496762	2.00000000	10.00000000	0.01331864	0.00000000
C46	c	0.57512479	0.29378600	0.07188243	2.00000000	10.00000000	0.02105426	0.00000000
C47	c	0.34539551	0.96012910	0.03843311	2.00000000	10.00000000	0.01288792	0.00000000
C48	c	0.92286532	0.35664165	0.09895654	2.00000000	10.00000000	0.02254364	0.00000000
C49	c	0.20580039	0.19698819	0.13256102	2.00000000	10.00000000	0.02968548	0.00000000
C50	c	0.14036198	0.69668895	0.08836200	2.00000000	10.00000000	0.01868171	0.00000000

Q Vehicle fuel tank capacity /0.40000000/
C Vehicle load capacity /1.50000000/
r fuel consumption rate /0.25000000/
g inverse refueling rate /1.00000000/
v average Velocity /1.00000000/
