StringID	Type	x	y	demand	ReadyTime	DueDate	ServiceTime	altitude
D0	d	0.50000000	0.50000000	0.00000000	0.00000000	10.00000000	0.00000000	0.00000000
S0	f	0.93785417	0.74832137	0.00000000	0.00000000	10.00000000	0.00000000	0.00000000
S1	f	0.48222134	0.84179205	0.00000000	0.00000000	10.00000000	0.00000000	0.00000000
S2	f	0.55313891	0.29057116	0.00000000	0.00000000	10.00000000	0.00000000	0.00000000
S3	f	0.66397416	0.18032411	0.00000000	0.00000000	10.00000000	0.00000000	0.00000000
S4	f	0.64631191	0.75796510	0.00000000	0.00000000	10.00000000	0.00000000	0.00000000
S5	f	0.07935897	0.49462019	0.00000000	0.00000000	10.00000000	0.00000000	0.00000000
C1	c	0.64426716	0.39482913	0.27067556	0.00000000	8.00000000	0.02369088	0.00000000
C2	c	0.61306780	0.71721966	0.13988748	0.10000000	8.10000000	0.01810091	0.00000000
C3	c	0.09670316	0.42115485	0.03756919	0.20000000	8.20000000	0.01193881	0.00000000
C4	c	0.68961273	0.14958600	0.04970506	0.30000000	8.30000000	0.02672742	0.00000000
C5	c	0.69700408	0.58867320	0.27290046	0.40000000	8.40000000	0.02773047	0.00000000
C6	c	0.21632842	0.88411915	0.23564560	0.50000000	8.50000000	0.02505325	0.00000000
C7	c	0.02833198	0.43503530	0.23606843	0.60000000	8.60000000	0.01567963	0.00000000
C8	c	0.52540439	0.07404684	0.04329363	0.70000000	8.70000000	0.01755927	0.00000000
C9	c	0.30553190	0.77811302	0.19360110	0.80000000	8.80000000	0.01209563	0.00000000
C10	c	0.87915325	0.43601566	0.25069551	0.90000000	8.90000000	0.01933255	0.00000000
C11	c	0.34333013	0.69548771	0.05821961	1.00000000	9.00000000	0.01179416	0.00000000
C12	c	0.79015177	0.98585885	0.16261404	1.10000000	9.10000000	0.01479757	0.00000000
C13	c	0.28470040	0.58373408	0.04493243	1.20000000	9.20000000	0.02494330	0.00000000
C14	c	0.86906586	0.34370345	0.23211586	1.30000000	9.30000000	0.02099146	0.00000000
C15	c	0.23772095	0.54156856	0.16398641	1.40000000	9.40000000	0.02767153	0.00000000
C16	c	0.98810858	0.97623664	0.05914729	1.50000000	9.50000000	0.01911831	0.00000000
C17	c	0.89289606	0.91335713	0.26652666	1.60000000	9.60000000	0.02997416	0.00000000
C18	c	0.00146203	0.03607397	0.20174805	1.70000000	9.70000000	0.01151227	0.00000000
C19	c	0.01682467	0.93659492	0.07528223	1.80000000	9.80000000	0.02655533	0.00000000
C20	c	0.66229843	0.82302915	0.26003397	1.90000000	9.90000000	0.02241245	0.00000000
C21	c	0.93785417	0.74832137	0.06574025	2.00000000	10.00000000	0.02385488	0.00000000
C22	c	0.41673043	0.86011934	0.10009167	2.00000000	10.00000000	0.01571521	0.00000000
C23	c	0.79104565	0.73723706	0.09882674	2.00000000	10.00000000	0.01895025	0.00000000
C24	c	0.30218539	0.37861918	0.23310206	2.00000000	10.00000000	0.02163455	0.00000000
C25	c	0.33698136	0.15758567	0.24817163	2.00000000	10.00000000	0.01791069	0.00000000
C26	c	0.02066653	0.73560036	0.06090691	2.00000000	10.00000000	0.02482135	0.00000000
C27	c	0.93306909	0.44364339	0.04822186	2.00000000	10.00000000	0.02656916	0.00000000
C28	c	0.32601795	0.61578654	0.16276392	2.00000000	10.00000000	0.01786754	0.00000000
C29	c	0.71552895	0.90551426	0.12608692	2.00000000	10.00000000	0.02019130	0.00000000
C30	c	0.77741171	0.01063140	0.10143945	2.00000000	10.00000000	0.01941567	0.00000000

Q Vehicle fuel tank capacity /0.40000000/
C Vehicle load capacity /1.50000000/
r fuel consumption rate /0.25000000/
g inverse refueling rate /1.00000000/
v average Velocity /1.00000000/
