StringID	Type	x	y	demand	ReadyTime	DueDate	ServiceTime	altitude
D0	d	0.50000000	0.50000000	0.00000000	0.00000000	10.00000000	0.00000000	0.00000000
S0	f	0.20600209	0.82480655	0.00000000	0.00000000	10.00000000	0.00000000	0.00000000
S1	f	0.80075226	0.81301301	0.00000000	0.00000000	10.00000000	0.00000000	0.00000000
S2	f	0.40723783	0.75855578	0.00000000	0.00000000	10.00000000	0.00000000	0.00000000
S3	f	0.13977326	0.68380572	0.00000000	0.00000000	10.00000000	0.00000000	0.00000000
S4	f	0.90580562	0.47026145	0.00000000	0.00000000	10.00000000	0.00000000	0.00000000
S5	f	0.12880669	0.20278929	0.00000000	0.00000000	10.00000000	0.00000000	0.00000000
C1	c	0.54386624	0.19840413	0.17784224	0.00000000	8.00000000	0.02730283	0.00000000
C2	c	0.57803965	0.23344832	0.18744732	0.10000000	8.10000000	0.02277823	0.00000000
C3	c	0.55423768	0.29334521	0.25478759	0.20000000	8.20000000	0.01690835	0.00000000
C4	c	0.55248512	0.06972923	0.17616563	0.30000000	8.30000000	0.01113067	0.00000000
C5	c	0.54182239	0.16225869	0.07024038	0.40000000	8.40000000	0.01629268	0.00000000
C6	c	0.63831768	0.13152789	0.17432541	0.50000000	8.50000000	0.01150906	0.00000000
C7	c	0.54149731	0.10477402	0.01923337	0.60000000	8.60000000	0.01046370	0.00000000
C8	c	0.55846020	0.08293170	0.25642755	0.70000000	8.70000000	0.01372989	0.00000000
C9	c	0.54059721	0.11733595	0.19791462	0.80000000	8.80000000	0.01352884	0.00000000
C10	c	0.49929723	0.11357202	0.12669705	0.90000000	8.90000000	0.01150982	0.00000000
C11	c	0.47624373	0.10711383	0.10835004	1.00000000	9.00000000	0.01875578	0.00000000
C12	c	0.69063720	0.48831541	0.12661302	1.10000000	9.10000000	0.01437771	0.00000000
C13	c	0.67276671	0.41614331	0.24147712	1.20000000	9.20000000	0.01486201	0.00000000
C14	c	0.64693252	0.42349718	0.21475384	1.30000000	9.30000000	0.02010207	0.00000000
C15	c	0.62447155	0.41010787	0.25708666	1.40000000	9.40000000	0.02452978	0.00000000
C16	c	0.51397592	0.32229699	0.15286842	1.50000000	9.50000000	0.01699077	0.00000000
C17	c	0.11977074	0.60593559	0.13359759	1.60000000	9.60000000	0.01442615	0.00000000
C18	c	0.48972104	0.05304490	0.05394632	1.70000000	9.70000000	0.02199977	0.00000000
C19	c	0.37579730	0.51981972	0.23512966	1.80000000	9.80000000	0.02405678	0.00000000
C20	c	0.34155098	0.73705815	0.05883207	1.90000000	9.90000000	0.01363245	0.00000000
C21	c	0.86514131	0.63891155	0.15587120	2.00000000	10.00000000	0.01829546	0.00000000
C22	c	0.34541754	0.05653363	0.10483431	2.00000000	10.00000000	0.01732368	0.00000000
C23	c	0.02318523	0.18649442	0.05090919	2.00000000	10.00000000	0.01762512	0.00000000
C24	c	0.17644206	0.07549082	0.18035660	2.00000000	10.00000000	0.01701272	0.00000000
C25	c	0.43778897	0.21888542	0.14941304	2.00000000	10.00000000	0.02924646	0.00000000
C26	c	0.24310064	0.50510336	0.03314260	2.00000000	10.00000000	0.02892388	0.00000000
C27	c	0.72648917	0.34953841	0.11907943	2.00000000	10.00000000	0.01521384	0.00000000
C28	c	0.22130741	0.59998872	0.15742718	2.00000000	10.00000000	0.01987709	0.00000000
C29	c	0.70283891	0.18162248	0.10996092	2.00000000	10.00000000	0.02432961	0.00000000
C30	c	0.41477278	0.36618395	0.21526961	2.00000000	10.00000000	0.01290985	0.00000000

Q Vehicle fuel tank capacity /0.40000000/
C Vehicle load capacity /1.50000000/
r fuel consumption rate /0.25000000/
g inverse refueling rate /1.00000000/
v average Velocity /1.00000000/
