StringID	Type	x	y	demand	ReadyTime	DueDate	ServiceTime	altitude
D0	d	0.50000000	0.50000000	0.00000000	0.00000000	10.00000000	0.00000000	0.00000000
S0	f	0.58123734	0.77562516	0.00000000	0.00000000	10.00000000	0.00000000	0.00000000
S1	f	0.35807354	0.89007081	0.00000000	0.00000000	10.00000000	0.00000000	0.00000000
S2	f	0.37430089	0.32240164	0.00000000	0.00000000	10.00000000	0.00000000	0.00000000
S3	f	0.03869241	0.01237748	0.00000000	0.00000000	10.00000000	0.00000000	0.00000000
S4	f	0.70637551	0.71207066	0.00000000	0.00000000	10.00000000	0.00000000	0.00000000
S5	f	0.39693946	0.62131690	0.00000000	0.00000000	10.00000000	0.00000000	0.00000000
C1	c	0.58423492	0.25670543	0.05749783	0.00000000	8.00000000	0.02464172	0.00000000
C2	c	0.51972123	0.23601436	0.11228481	0.10000000	8.10000000	0.01926165	0.00000000
C3	c	0.53121532	0.13511317	0.14029358	0.20000000	8.20000000	0.01251391	0.00000000
C4	c	0.55393307	0.16963409	0.28280079	0.30000000	8.30000000	0.02602153	0.00000000
C5	c	0.64717474	0.73393024	0.31427294	0.40000000	8.40000000	0.02028648	0.00000000
C6	c	0.59335701	0.82698086	0.02268462	0.50000000	8.50000000	0.02437204	0.00000000
C7	c	0.62002633	0.74739210	0.12994407	0.60000000	8.60000000	0.01679878	0.00000000
C8	c	0.57061678	0.90468798	0.28111179	0.70000000	8.70000000	0.02491039	0.00000000
C9	c	0.64450354	0.77307051	0.05676030	0.80000000	8.80000000	0.02668791	0.00000000
C10	c	0.52095192	0.86687141	0.11313788	0.90000000	8.90000000	0.01812451	0.00000000
C11	c	0.54976728	0.81095595	0.18359371	1.00000000	9.00000000	0.01989043	0.00000000
C12	c	0.55967198	0.71011841	0.18509708	1.10000000	9.10000000	0.02921186	0.00000000
C13	c	0.21637197	0.13607430	0.07684195	1.20000000	9.20000000	0.01902169	0.00000000
C14	c	0.21443075	0.13399448	0.30375691	1.30000000	9.30000000	0.01239111	0.00000000
C15	c	0.20404346	0.07784262	0.03778035	1.40000000	9.40000000	0.01314544	0.00000000
C16	c	0.37317239	0.84004899	0.20608349	1.50000000	9.50000000	0.02781390	0.00000000
C17	c	0.36509322	0.43360536	0.06817556	1.60000000	9.60000000	0.01352532	0.00000000
C18	c	0.13409237	0.37614669	0.13003187	1.70000000	9.70000000	0.02907959	0.00000000
C19	c	0.84471477	0.08157163	0.13418185	1.80000000	9.80000000	0.01432854	0.00000000
C20	c	0.10815247	0.63607931	0.27508655	1.90000000	9.90000000	0.02469847	0.00000000
C21	c	0.64268074	0.26453480	0.13174353	2.00000000	10.00000000	0.01066724	0.00000000
C22	c	0.73208582	0.46308253	0.15242069	2.00000000	10.00000000	0.01753113	0.00000000
C23	c	0.12569571	0.80107637	0.06202681	2.00000000	10.00000000	0.02109965	0.00000000
C24	c	0.51432394	0.71860186	0.13507950	2.00000000	10.00000000	0.01497578	0.00000000
C25	c	0.33993879	0.74551947	0.27649469	2.00000000	10.00000000	0.02087838	0.00000000
C26	c	0.83439535	0.40622539	0.04617590	2.00000000	10.00000000	0.02216491	0.00000000
C27	c	0.49452168	0.96059288	0.05419808	2.00000000	10.00000000	0.02809268	0.00000000
C28	c	0.45108434	0.11955525	0.21352791	2.00000000	10.00000000	0.01462510	0.00000000
C29	c	0.15727214	0.89069521	0.21552024	2.00000000	10.00000000	0.01504744	0.00000000
C30	c	0.17626584	0.95397954	0.10139471	2.00000000	10.00000000	0.01143321	0.00000000

Q Vehicle fuel tank capacity /0.40000000/
C Vehicle load capacity /1.50000000/
r fuel consumption rate /0.25000000/
g inverse refueling rate /1.00000000/
v average Velocity /1.00000000/
