StringID	Type	x	y	demand	ReadyTime	DueDate	ServiceTime	altitude
D0	d	0.50000000	0.50000000	0.00000000	0.00000000	10.00000000	0.00000000	0.00000000
S0	f	0.11879157	0.40255268	0.00000000	0.00000000	10.00000000	0.00000000	0.00000000
S1	f	0.36153212	0.16043359	0.00000000	0.00000000	10.00000000	0.00000000	0.00000000
S2	f	0.90326618	0.84078087	0.00000000	0.00000000	10.00000000	0.00000000	0.00000000
S3	f	0.47861967	0.71303838	0.00000000	0.00000000	10.00000000	0.00000000	0.00000000
S4	f	0.85753449	0.49167118	0.00000000	0.00000000	10.00000000	0.00000000	0.00000000
S5	f	0.16279808	0.70835736	0.00000000	0.00000000	10.00000000	0.00000000	0.00000000
C1	c	0.82925477	0.53431251	0.15691068	0.00000000	8.00000000	0.02400144	0.00000000
C2	c	0.44591036	0.86599529	0.26133345	0.10000000	8.10000000	0.02446769	0.00000000
C3	c	0.67889799	0.98228776	0.16314679	0.20000000	8.20000000	0.02263284	0.00000000
C4	c	0.73506414	0.69899016	0.06445054	0.30000000	8.30000000	0.02911544	0.00000000
C5	c	0.02279658	0.04226670	0.08638638	0.40000000	8.40000000	0.01003644	0.00000000
C6	c	0.08603577	0.16112711	0.08467718	0.50000000	8.50000000	0.02072616	0.00000000
C7	c	0.67513165	0.84144617	0.17017796	0.60000000	8.60000000	0.02213912	0.00000000
C8	c	0.76500137	0.76757260	0.22729189	0.70000000	8.70000000	0.02453818	0.00000000
C9	c	0.63894852	0.46770515	0.21322815	0.80000000	8.80000000	0.01156309	0.00000000
C10	c	0.22932355	0.27780927	0.12934293	0.90000000	8.90000000	0.01234954	0.00000000
C11	c	0.27066045	0.44889629	0.06743063	1.00000000	9.00000000	0.01423865	0.00000000
C12	c	0.29177649	0.04387579	0.07874103	1.10000000	9.10000000	0.02255031	0.00000000
C13	c	0.53646384	0.78177921	0.15743470	1.20000000	9.20000000	0.02803626	0.00000000
C14	c	0.72887127	0.34960718	0.07342483	1.30000000	9.30000000	0.02666894	0.00000000
C15	c	0.31206491	0.97039400	0.26256958	1.40000000	9.40000000	0.02767271	0.00000000
C16	c	0.49053227	0.28303598	0.04711795	1.50000000	9.50000000	0.02935494	0.00000000
C17	c	0.11879157	0.40255268	0.17614791	1.60000000	9.60000000	0.01278379	0.00000000
C18	c	0.98331400	0.40740267	0.16252046	1.70000000	9.70000000	0.02064914	0.00000000
C19	c	0.08427609	0.07704858	0.13402365	1.80000000	9.80000000	0.02872991	0.00000000
C20	c	0.31361990	0.23695758	0.15831529	1.90000000	9.90000000	0.02926544	0.00000000
C21	c	0.46434582	0.10579774	0.13033043	2.00000000	10.00000000	0.02724644	0.00000000
C22	c	0.95435565	0.84645993	0.28571599	2.00000000	10.00000000	0.01957248	0.00000000
C23	c	0.52454281	0.10962880	0.05406923	2.00000000	10.00000000	0.02307334	0.00000000
C24	c	0.01028786	0.93910283	0.14823926	2.00000000	10.00000000	0.01652697	0.00000000
C25	c	0.63566448	0.72948013	0.12836880	2.00000000	10.00000000	0.02720440	0.00000000
C26	c	0.88947642	0.15665589	0.27884776	2.00000000	10.00000000	0.02940950	0.00000000
C27	c	0.16420532	0.05966629	0.19064341	2.00000000	10.00000000	0.02608230	0.00000000
C28	c	0.42544478	0.30319832	0.29605195	2.00000000	10.00000000	0.01953378	0.00000000
C29	c	0.31632242	0.14598279	0.06479006	2.00000000	10.00000000	0.01459002	0.00000000
C30	c	0.75340579	0.83542069	0.04827114	2.00000000	10.00000000	0.01920950	0.00000000

Q Vehicle fuel tank capacity /0.40000000/
C Vehicle load capacity /1.50000000/
r fuel consumption rate /0.25000000/
g inverse refueling rate /1.00000000/
v average Velocity /1.00000000/
