StringID	Type	x	y	demand	ReadyTime	DueDate	ServiceTime	altitude
D0	d	0.50000000	0.50000000	0.00000000	0.00000000	10.00000000	0.00000000	0.00000000
S0	f	0.45195638	0.63717853	0.00000000	0.00000000	10.00000000	0.00000000	0.00000000
S1	f	0.22839390	0.88580944	0.00000000	0.00000000	10.00000000	0.00000000	0.00000000
S2	f	0.36465340	0.85545389	0.00000000	0.00000000	10.00000000	0.00000000	0.00000000
S3	f	0.80998399	0.42408308	0.00000000	0.00000000	10.00000000	0.00000000	0.00000000
S4	f	0.14315747	0.78228295	0.00000000	0.00000000	10.00000000	0.00000000	0.00000000
S5	f	0.80287578	0.16380237	0.00000000	0.00000000	10.00000000	0.00000000	0.00000000
C1	c	0.13328196	0.88883813	0.18901871	0.00000000	8.00000000	0.02798611	0.00000000
C2	c	0.06379746	0.12817128	0.12195708	0.10000000	8.10000000	0.01613770	0.00000000
C3	c	0.64872224	0.18874087	0.08550208	0.20000000	8.20000000	0.02321073	0.00000000
C4	c	0.45117331	0.72969077	0.05537268	0.30000000	8.30000000	0.02477528	0.00000000
C5	c	0.97829162	0.56159826	0.26211206	0.40000000	8.40000000	0.01457126	0.00000000
C6	c	0.05967743	0.58928550	0.25009390	0.50000000	8.50000000	0.01671869	0.00000000
C7	c	0.72950355	0.91116284	0.26825039	0.60000000	8.60000000	0.01783699	0.00000000
C8	c	0.92205113	0.74660129	0.28108927	0.70000000	8.70000000	0.01984422	0.00000000
C9	c	0.25477176	0.60055639	0.22614190	0.80000000	8.80000000	0.01560390	0.00000000
C10	c	0.58027703	0.83417086	0.14038150	0.90000000	8.90000000	0.02603168	0.00000000
C11	c	0.51280197	0.59124142	0.08334307	1.00000000	9.00000000	0.02139250	0.00000000
C12	c	0.08865749	0.08808174	0.30302520	1.10000000	9.10000000	0.01617669	0.00000000
C13	c	0.56654511	0.99928888	0.17764759	1.20000000	9.20000000	0.01339333	0.00000000
C14	c	0.70889883	0.87453414	0.09421934	1.30000000	9.30000000	0.01130381	0.00000000
C15	c	0.33222503	0.94607417	0.13765499	1.40000000	9.40000000	0.01632015	0.00000000
C16	c	0.11232487	0.17337928	0.10601186	1.50000000	9.50000000	0.01513182	0.00000000
C17	c	0.60614363	0.04750433	0.03494534	1.60000000	9.60000000	0.01720975	0.00000000
C18	c	0.45195638	0.63717853	0.13366682	1.70000000	9.70000000	0.01927888	0.00000000
C19	c	0.50434006	0.43872039	0.13098445	1.80000000	9.80000000	0.01119412	0.00000000
C20	c	0.86977781	0.89089753	0.06889868	1.90000000	9.90000000	0.01733488	0.00000000
C21	c	0.72120732	0.42274640	0.10932598	2.00000000	10.00000000	0.01859593	0.00000000
C22	c	0.04981248	0.35046363	0.23328594	2.00000000	10.00000000	0.01104262	0.00000000
C23	c	0.21639721	0.69515434	0.30230336	2.00000000	10.00000000	0.02080463	0.00000000
C24	c	0.53328433	0.65453890	0.23448121	2.00000000	10.00000000	0.02668358	0.00000000
C25	c	0.20498472	0.46852361	0.09292730	2.00000000	10.00000000	0.02597808	0.00000000
C26	c	0.66376234	0.65015784	0.03272734	2.00000000	10.00000000	0.02952300	0.00000000
C27	c	0.58532816	0.68956634	0.20580227	2.00000000	10.00000000	0.01501940	0.00000000
C28	c	0.48771346	0.53893304	0.06644339	2.00000000	10.00000000	0.02697486	0.00000000
C29	c	0.10785860	0.85010175	0.03094409	2.00000000	10.00000000	0.01212889	0.00000000
C30	c	0.17635447	0.29799386	0.04144221	2.00000000	10.00000000	0.02182247	0.00000000

Q Vehicle fuel tank capacity /0.40000000/
C Vehicle load capacity /1.50000000/
r fuel consumption rate /0.25000000/
g inverse refueling rate /1.00000000/
v average Velocity /1.00000000/
