StringID	Type	x	y	demand	ReadyTime	DueDate	ServiceTime	altitude
D0	d	0.50000000	0.50000000	0.00000000	0.00000000	10.00000000	0.00000000	0.00000000
S0	f	0.27723691	0.59130486	0.00000000	0.00000000	10.00000000	0.00000000	0.00000000
S1	f	0.65862263	0.42568802	0.00000000	0.00000000	10.00000000	0.00000000	0.00000000
S2	f	0.61660084	0.77611605	0.00000000	0.00000000	10.00000000	0.00000000	0.00000000
S3	f	0.49868558	0.55095746	0.00000000	0.00000000	10.00000000	0.00000000	0.00000000
S4	f	0.39661555	0.53913261	0.00000000	0.00000000	10.00000000	0.00000000	0.00000000
S5	f	0.31915425	0.40886599	0.00000000	0.00000000	10.00000000	0.00000000	0.00000000
S6	f	0.16531295	0.35842817	0.00000000	0.00000000	10.00000000	0.00000000	0.00000000
S7	f	0.41168360	0.09638471	0.00000000	0.00000000	10.00000000	0.00000000	0.00000000
S8	f	0.29960680	0.34634621	0.00000000	0.00000000	10.00000000	0.00000000	0.00000000
S9	f	0.64899837	0.33055086	0.00000000	0.00000000	10.00000000	0.00000000	0.00000000
C1	c	0.26104657	0.86614734	0.06136692	0.00000000	8.00000000	0.01057899	0.00000000
C2	c	0.26647535	0.81696620	0.01374610	0.06000000	8.06000000	0.02742185	0.00000000
C3	c	0.17748631	0.82592735	0.06257735	0.12000000	8.12000000	0.02358171	0.00000000
C4	c	0.22445051	0.88037679	0.09815168	0.18000000	8.18000000	0.01360599	0.00000000
C5	c	0.22956134	0.76208240	0.12471503	0.24000000	8.24000000	0.02165080	0.00000000
C6	c	0.21066800	0.93828426	0.11381730	0.30000000	8.30000000	0.02849159	0.00000000
C7	c	0.93209943	0.42869587	0.13932360	0.36000000	8.36000000	0.01144137	0.00000000
C8	c	0.89528455	0.41706863	0.12341757	0.42000000	8.42000000	0.02312301	0.00000000
C9	c	0.96028270	0.41027790	0.06902757	0.48000000	8.48000000	0.01124417	0.00000000
C10	c	0.89908140	0.44150030	0.15606466	0.54000000	8.54000000	0.01737184	0.00000000
C11	c	0.89602236	0.50671829	0.09798686	0.60000000	8.60000000	0.01300020	0.00000000
C12	c	0.93143162	0.39742428	0.08945657	0.66000000	8.66000000	0.01916623	0.00000000
C13	c	0.31783521	0.68879338	0.14389086	0.72000000	8.72000000	0.01056994	0.00000000
C14	c	0.35731861	0.59527671	0.01143589	0.78000000	8.78000000	0.02603630	0.00000000
C15	c	0.42567246	0.71319192	0.02391516	0.84000000	8.84000000	0.01172869	0.00000000
C16	c	0.35154391	0.70251558	0.11847392	0.90000000	8.90000000	0.02355974	0.00000000
C17	c	0.39178228	0.78581953	0.14356738	0.96000000	8.96000000	0.01693828	0.00000000
C18	c	0.26498161	0.53411635	0.02286748	1.02000000	9.02000000	0.02337678	0.00000000
C19	c	0.13160537	0.66153343	0.13754299	1.08000000	9.08000000	0.02734316	0.00000000
C20	c	0.31188179	0.64282971	0.12021937	1.14000000	9.14000000	0.01834128	0.00000000
C21	c	0.24645541	0.64953081	0.09896812	1.20000000	9.20000000	0.02314945	0.00000000
C22	c	0.71453845	0.76362502	0.04660790	1.26000000	9.26000000	0.01253459	0.00000000
C23	c	0.68735234	0.70588743	0.14717737	1.32000000	9.32000000	0.01084954	0.00000000
C24	c	0.67954726	0.80258715	0.02553568	1.38000000	9.38000000	0.01840466	0.00000000
C25	c	0.69979680	0.64388702	0.13764537	1.44000000	9.44000000	0.02147881	0.00000000
C26	c	0.79286559	0.87100763	0.13928990	1.50000000	9.50000000	0.01522029	0.00000000
C27	c	0.54810254	0.43566027	0.02156677	1.56000000	9.56000000	0.02141166	0.00000000
C28	c	0.75652510	0.50649207	0.01739746	1.62000000	9.62000000	0.01900172	0.00000000
C29	c	0.53127159	0.37343612	0.05298156	1.68000000	9.68000000	0.02726363	0.00000000
C30	c	0.32395307	0.27781327	0.08998322	1.74000000	9.74000000	0.01223199	0.00000000
C31	c	0.42729201	0.59531311	0.07178664	1.80000000	9.80000000	0.01914417	0.00000000
C32	c	0.63783632	0.81146861	0.15767565	1.86000000	9.86000000	0.02666748	0.00000000
C33	c	0.55534971	0.68992298	0.06354599	1.92000000	9.92000000	0.01954490	0.00000000
C34	c	0.02894940	0.87109252	0.04260105	1.98000000	9.98000000	0.01887102	0.00000000
C35	c	0.67908571	0.18029964	0.12746580	2.00000000	10.00000000	0.01996569	0.00000000
C36	c	0.58253984	0.92457926	0.13899017	2.00000000	10.00000000	0.01841813	0.00000000
C37	c	0.07206866	0.65615028	0.09136823	2.00000000	10.00000000	0.02886362	0.00000000
C38	c	0.06220848	0.36859213	0.07478529	2.00000000	10.00000000	0.02937004	0.00000000
C39	c	0.15001002	0.45831162	0.12210632	2.00000000	10.00000000	0.01740261	0.00000000
C40	c	0.02849712	0.80181493	0.08523154	2.00000000	10.00000000	0.01195142	0.00000000
C41	c	0.65747262	0.12672965	0.08888601	2.00000000	10.00000000	0.02623034	0.00000000
C42	c	0.04247725	0.42023317	0.06560849	2.00000000	10.00000000	0.02570607	0.00000000
C43	c	0.57394031	0.26101439	0.05831075	2.00000000	10.00000000	0.02151258	0.00000000
C44	c	0.86318138	0.11159964	0.05150607	2.00000000	10.00000000	0.02125325	0.00000000
C45	c	0.45720860	0.83337395	0.07355114	2.00000000	10.00000000	0.02885156	0.00000000
C46	c	0.47724489	0.44355104	0.09833083	2.00000000	10.00000000	0.02827038	0.00000000
C47	c	0.94318089	0.96850224	0.10460214	2.00000000	10.00000000	0.01614430	0.00000000
C48	c	0.37013035	0.09757115	0.13020937	2.00000000	10.00000000	0.02406616	0.00000000
C49	c	0.81151715	0.78530330	0.09243704	2.00000000	10.00000000	0.01507624	0.00000000
C50	c	0.57562891	0.56266267	0.11228386	2.00000000	10.00000000	0.01998325	0.00000000

Q Vehicle fuel tank capacity /0.40000000/
C Vehicle load capacity /1.50000000/
r fuel consumption rate /0.25000000/
g inverse refueling rate /1.00000000/
v average Velocity /1.00000000/
