StringID	Type	x	y	demand	ReadyTime	DueDate	ServiceTime	altitude
D0	d	0.50000000	0.50000000	0.00000000	0.00000000	10.00000000	0.00000000	0.00000000
S0	f	0.66879403	0.75398323	0.00000000	0.00000000	10.00000000	0.00000000	0.00000000
S1	f	0.90946702	0.29536325	0.00000000	0.00000000	10.00000000	0.00000000	0.00000000
S2	f	0.51515716	0.84384775	0.00000000	0.00000000	10.00000000	0.00000000	0.00000000
S3	f	0.82068633	0.13098037	0.00000000	0.00000000	10.00000000	0.00000000	0.00000000
S4	f	0.43383396	0.98258420	0.00000000	0.00000000	10.00000000	0.00000000	0.00000000
S5	f	0.97750390	0.00581053	0.00000000	0.00000000	10.00000000	0.00000000	0.00000000
S6	f	0.16516238	0.20208910	0.00000000	0.00000000	10.00000000	0.00000000	0.00000000
S7	f	0.39721525	0.17753576	0.00000000	0.00000000	10.00000000	0.00000000	0.00000000
S8	f	0.05882499	0.92782249	0.00000000	0.00000000	10.00000000	0.00000000	0.00000000
S9	f	0.90048200	0.74409479	0.00000000	0.00000000	10.00000000	0.00000000	0.00000000
C1	c	0.86916420	0.80200692	0.15791362	0.00000000	8.00000000	0.02073277	0.00000000
C2	c	0.27701940	0.07681952	0.15592731	0.06000000	8.06000000	0.02869684	0.00000000
C3	c	0.61225254	0.48865289	0.07146234	0.12000000	8.12000000	0.01185773	0.00000000
C4	c	0.03318620	0.79377783	0.05694721	0.18000000	8.18000000	0.02231664	0.00000000
C5	c	0.98678576	0.56519316	0.12849663	0.24000000	8.24000000	0.02452604	0.00000000
C6	c	0.43858794	0.38546723	0.04993319	0.30000000	8.30000000	0.01889524	0.00000000
C7	c	0.59077167	0.88802416	0.07381233	0.36000000	8.36000000	0.01941122	0.00000000
C8	c	0.96027431	0.98648908	0.05371844	0.42000000	8.42000000	0.02809098	0.00000000
C9	c	0.62586889	0.42058255	0.04685138	0.48000000	8.48000000	0.02056410	0.00000000
C10	c	0.59498990	0.63855903	0.12914611	0.54000000	8.54000000	0.02429149	0.00000000
C11	c	0.19701346	0.98872184	0.06714109	0.60000000	8.60000000	0.01815362	0.00000000
C12	c	0.62519940	0.21880076	0.07382006	0.66000000	8.66000000	0.01713715	0.00000000
C13	c	0.60293350	0.95133980	0.08093451	0.72000000	8.72000000	0.01989586	0.00000000
C14	c	0.60622325	0.09499107	0.12793363	0.78000000	8.78000000	0.02539717	0.00000000
C15	c	0.79692577	0.97328865	0.09494587	0.84000000	8.84000000	0.01967269	0.00000000
C16	c	0.90102308	0.40868684	0.01419818	0.90000000	8.90000000	0.02744976	0.00000000
C17	c	0.27480984	0.81767927	0.05674333	0.96000000	8.96000000	0.01926031	0.00000000
C18	c	0.17530504	0.49076308	0.13087923	1.02000000	9.02000000	0.01492467	0.00000000
C19	c	0.40669974	0.91580959	0.03458787	1.08000000	9.08000000	0.02848674	0.00000000
C20	c	0.66879403	0.75398323	0.13321373	1.14000000	9.14000000	0.01683392	0.00000000
C21	c	0.56149423	0.18060208	0.12669695	1.20000000	9.20000000	0.01678675	0.00000000
C22	c	0.00718537	0.51612657	0.03344924	1.26000000	9.26000000	0.02494796	0.00000000
C23	c	0.08313461	0.20802137	0.09426098	1.32000000	9.32000000	0.01708544	0.00000000
C24	c	0.54771486	0.73090395	0.05581078	1.38000000	9.38000000	0.01396063	0.00000000
C25	c	0.84186283	0.85832309	0.12264502	1.44000000	9.44000000	0.01819979	0.00000000
C26	c	0.18466254	0.27249937	0.13103600	1.50000000	9.50000000	0.01289609	0.00000000
C27	c	0.55998157	0.54773278	0.14262192	1.56000000	9.56000000	0.02697995	0.00000000
C28	c	0.30266994	0.69121473	0.04090171	1.62000000	9.62000000	0.02771292	0.00000000
C29	c	0.99690084	0.25964157	0.08411152	1.68000000	9.68000000	0.01349200	0.00000000
C30	c	0.28494063	0.15958011	0.05795544	1.74000000	9.74000000	0.02698110	0.00000000
C31	c	0.30846536	0.73643075	0.01777513	1.80000000	9.80000000	0.01521228	0.00000000
C32	c	0.67755210	0.11354393	0.12392810	1.86000000	9.86000000	0.01204933	0.00000000
C33	c	0.36242336	0.44168580	0.04745538	1.92000000	9.92000000	0.02286777	0.00000000
C34	c	0.03292220	0.63453490	0.07234371	1.98000000	9.98000000	0.01268299	0.00000000
C35	c	0.45783291	0.07565425	0.15634484	2.00000000	10.00000000	0.02531338	0.00000000
C36	c	0.17000232	0.69849163	0.15752440	2.00000000	10.00000000	0.01730453	0.00000000
C37	c	0.90946702	0.29536325	0.03443769	2.00000000	10.00000000	0.01159850	0.00000000
C38	c	0.73402971	0.51447233	0.12260717	2.00000000	10.00000000	0.01896826	0.00000000
C39	c	0.04242319	0.56285476	0.03877726	2.00000000	10.00000000	0.02691492	0.00000000
C40	c	0.30815153	0.03882948	0.11210077	2.00000000	10.00000000	0.01185575	0.00000000
C41	c	0.50820019	0.89278848	0.13329922	2.00000000	10.00000000	0.02250745	0.00000000
C42	c	0.31478385	0.34898710	0.09171249	2.00000000	10.00000000	0.02147253	0.00000000
C43	c	0.20905047	0.63955198	0.15987160	2.00000000	10.00000000	0.02788359	0.00000000
C44	c	0.55324371	0.78064942	0.03418746	2.00000000	10.00000000	0.02643526	0.00000000
C45	c	0.29870892	0.53106039	0.06382943	2.00000000	10.00000000	0.02751843	0.00000000
C46	c	0.06395600	0.16749850	0.10757781	2.00000000	10.00000000	0.01539279	0.00000000
C47	c	0.21618521	0.18855249	0.05184883	2.00000000	10.00000000	0.01660655	0.00000000
C48	c	0.94897819	0.30857876	0.12253197	2.00000000	10.00000000	0.02195198	0.00000000
C49	c	0.68096333	0.41546998	0.06962491	2.00000000	10.00000000	0.01177620	0.00000000
C50	c	0.77493450	0.63287515	0.15412619	2.00000000	10.00000000	0.01933093	0.00000000

Q Vehicle fuel tank capacity /0.40000000/
C Vehicle load capacity /1.50000000/
r fuel consumption rate /0.25000000/
g inverse refueling rate /1.00000000/
v average Velocity /1.00000000/
