StringID	Type	x	y	demand	ReadyTime	DueDate	ServiceTime	altitude
D0	d	0.50000000	0.50000000	0.00000000	0.00000000	10.00000000	0.00000000	0.00000000
S0	f	0.63540108	0.70346772	0.00000000	0.00000000	10.00000000	0.00000000	0.00000000
S1	f	0.22881014	0.70761903	0.00000000	0.00000000	10.00000000	0.00000000	0.00000000
S2	f	0.49486325	0.44514463	0.00000000	0.00000000	10.00000000	0.00000000	0.00000000
S3	f	0.16143750	0.29091893	0.00000000	0.00000000	10.00000000	0.00000000	0.00000000
S4	f	0.58958531	0.54365772	0.00000000	0.00000000	10.00000000	0.00000000	0.00000000
S5	f	0.45327279	0.18088530	0.00000000	0.00000000	10.00000000	0.00000000	0.00000000
C1	c	0.76107605	0.34715625	0.21003202	0.00000000	8.00000000	0.02413322	0.00000000
C2	c	0.65439579	0.37612393	0.24681661	0.10000000	8.10000000	0.01301532	0.00000000
C3	c	0.69033239	0.32718836	0.18999343	0.20000000	8.20000000	0.02533744	0.00000000
C4	c	0.75023394	0.33603190	0.18063804	0.30000000	8.30000000	0.02852179	0.00000000
C5	c	0.80983679	0.94933056	0.26276108	0.40000000	8.40000000	0.02327793	0.00000000
C6	c	0.69022323	1.00000000	0.18299843	0.50000000	8.50000000	0.02460483	0.00000000
C7	c	0.81935327	0.95518359	0.19349376	0.60000000	8.60000000	0.01018129	0.00000000
C8	c	0.77012245	0.94501125	0.14576909	0.70000000	8.70000000	0.01416658	0.00000000
C9	c	0.82399354	1.00000000	0.11262814	0.80000000	8.80000000	0.01330070	0.00000000
C10	c	0.77635685	1.00000000	0.04487229	0.90000000	8.90000000	0.02583830	0.00000000
C11	c	0.63052458	0.58654267	0.07579857	1.00000000	9.00000000	0.02490962	0.00000000
C12	c	0.63182773	0.60504321	0.05814103	1.10000000	9.10000000	0.02413191	0.00000000
C13	c	0.63569472	0.63733170	0.01920723	1.20000000	9.20000000	0.02199548	0.00000000
C14	c	0.56417027	0.74574478	0.11813035	1.30000000	9.30000000	0.02534809	0.00000000
C15	c	0.67746510	0.70784091	0.23450285	1.40000000	9.40000000	0.01925629	0.00000000
C16	c	0.98538725	0.34995927	0.22820908	1.50000000	9.50000000	0.01547816	0.00000000
C17	c	0.37846569	0.60273829	0.01941436	1.60000000	9.60000000	0.02863460	0.00000000
C18	c	0.70666092	0.15076619	0.25852038	1.70000000	9.70000000	0.02712179	0.00000000
C19	c	0.00906461	0.20832879	0.23249715	1.80000000	9.80000000	0.02333075	0.00000000
C20	c	0.16503513	0.79191510	0.07147263	1.90000000	9.90000000	0.02731790	0.00000000
C21	c	0.74548113	0.70659556	0.06778933	2.00000000	10.00000000	0.01999050	0.00000000
C22	c	0.59977407	0.76740441	0.04361486	2.00000000	10.00000000	0.01017383	0.00000000
C23	c	0.46281453	0.27390818	0.25037568	2.00000000	10.00000000	0.02348740	0.00000000
C24	c	0.93173002	0.85608969	0.11286730	2.00000000	10.00000000	0.01718519	0.00000000
C25	c	0.66653743	0.86589522	0.19949096	2.00000000	10.00000000	0.02005340	0.00000000
C26	c	0.49952482	0.00869160	0.10103137	2.00000000	10.00000000	0.02140038	0.00000000
C27	c	0.50267022	0.57001919	0.25947996	2.00000000	10.00000000	0.02352694	0.00000000
C28	c	0.97854597	0.19470151	0.10346334	2.00000000	10.00000000	0.02445230	0.00000000
C29	c	0.67264019	0.75464649	0.11046252	2.00000000	10.00000000	0.02957092	0.00000000
C30	c	0.91751221	0.47698037	0.16552817	2.00000000	10.00000000	0.01389403	0.00000000

Q Vehicle fuel tank capacity /0.40000000/
C Vehicle load capacity /1.50000000/
r fuel consumption rate /0.25000000/
g inverse refueling rate /1.00000000/
v average Velocity /1.00000000/
