StringID	Type	x	y	demand	ReadyTime	DueDate	ServiceTime	altitude
D0	d	0.50000000	0.50000000	0.00000000	0.00000000	10.00000000	0.00000000	0.00000000
S0	f	0.97312282	0.00345786	0.00000000	0.00000000	10.00000000	0.00000000	0.00000000
S1	f	0.22427869	0.05962340	0.00000000	0.00000000	10.00000000	0.00000000	0.00000000
S2	f	0.72752970	0.07406302	0.00000000	0.00000000	10.00000000	0.00000000	0.00000000
S3	f	0.55331117	0.92787721	0.00000000	0.00000000	10.00000000	0.00000000	0.00000000
S4	f	0.19686646	0.45119165	0.00000000	0.00000000	10.00000000	0.00000000	0.00000000
S5	f	0.08000851	0.05526183	0.00000000	0.00000000	10.00000000	0.00000000	0.00000000
S6	f	0.93346261	0.83689530	0.00000000	0.00000000	10.00000000	0.00000000	0.00000000
S7	f	0.56970091	0.38494548	0.00000000	0.00000000	10.00000000	0.00000000	0.00000000
S8	f	0.12559434	0.03698006	0.00000000	0.00000000	10.00000000	0.00000000	0.00000000
S9	f	0.05148847	0.33246774	0.00000000	0.00000000	10.00000000	0.00000000	0.00000000
C1	c	0.16139939	0.74816128	0.10635388	0.00000000	8.00000000	0.01197225	0.00000000
C2	c	0.03725730	0.85505232	0.01138661	0.06000000	8.06000000	0.01806824	0.00000000
C3	c	0.15294477	0.67492382	0.15538491	0.12000000	8.12000000	0.02167188	0.00000000
C4	c	0.68771693	0.15245167	0.13510577	0.18000000	8.18000000	0.02347114	0.00000000
C5	c	0.25819161	0.65922717	0.13535959	0.24000000	8.24000000	0.01150084	0.00000000
C6	c	0.79348849	0.11227846	0.11768390	0.30000000	8.30000000	0.02282246	0.00000000
C7	c	0.00207755	0.50400404	0.04855717	0.36000000	8.36000000	0.02853542	0.00000000
C8	c	0.72849727	0.47759415	0.14735211	0.42000000	8.42000000	0.01715873	0.00000000
C9	c	0.49730214	0.44999946	0.13268713	0.48000000	8.48000000	0.02251779	0.00000000
C10	c	0.60517610	0.63565263	0.14501411	0.54000000	8.54000000	0.01048022	0.00000000
C11	c	0.34206608	0.72575645	0.15338223	0.60000000	8.60000000	0.02284047	0.00000000
C12	c	0.19120271	0.18351252	0.10247922	0.66000000	8.66000000	0.02287448	0.00000000
C13	c	0.95296824	0.90952672	0.06696684	0.72000000	8.72000000	0.01372799	0.00000000
C14	c	0.28134204	0.13306245	0.04416184	0.78000000	8.78000000	0.02463282	0.00000000
C15	c	0.56115891	0.76627808	0.07501052	0.84000000	8.84000000	0.02318712	0.00000000
C16	c	0.67911660	0.78639217	0.03722558	0.90000000	8.90000000	0.02445637	0.00000000
C17	c	0.61045515	0.59152007	0.04432033	0.96000000	8.96000000	0.01126246	0.00000000
C18	c	0.53378097	0.24643911	0.04270244	1.02000000	9.02000000	0.01977181	0.00000000
C19	c	0.97312282	0.00345786	0.15003112	1.08000000	9.08000000	0.01352152	0.00000000
C20	c	0.51781950	0.08170668	0.08629711	1.14000000	9.14000000	0.02311838	0.00000000
C21	c	0.08495028	0.79634712	0.15094380	1.20000000	9.20000000	0.01072196	0.00000000
C22	c	0.17827598	0.24816539	0.10912555	1.26000000	9.26000000	0.01307360	0.00000000
C23	c	0.03431344	0.61993999	0.04273078	1.32000000	9.32000000	0.01184346	0.00000000
C24	c	0.53369635	0.69694728	0.01584223	1.38000000	9.38000000	0.01723687	0.00000000
C25	c	0.31760711	0.94093098	0.04755625	1.44000000	9.44000000	0.02621919	0.00000000
C26	c	0.38335809	0.34967751	0.14370333	1.50000000	9.50000000	0.02710798	0.00000000
C27	c	0.11116005	0.62356856	0.12733879	1.56000000	9.56000000	0.02090155	0.00000000
C28	c	0.29802434	0.08132255	0.02828490	1.62000000	9.62000000	0.02389326	0.00000000
C29	c	0.91735105	0.95925057	0.15014558	1.68000000	9.68000000	0.02002566	0.00000000
C30	c	0.31587049	0.38642693	0.01642833	1.74000000	9.74000000	0.01099395	0.00000000
C31	c	0.26377904	0.72821757	0.08413355	1.80000000	9.80000000	0.02965304	0.00000000
C32	c	0.63986855	0.93989664	0.12535598	1.86000000	9.86000000	0.01579396	0.00000000
C33	c	0.97130371	0.72878552	0.03488345	1.92000000	9.92000000	0.02405390	0.00000000
C34	c	0.53243379	0.36886142	0.06911787	1.98000000	9.98000000	0.01739680	0.00000000
C35	c	0.67366948	0.41794928	0.02468650	2.00000000	10.00000000	0.01494397	0.00000000
C36	c	0.41943455	0.24769450	0.12412722	2.00000000	10.00000000	0.02777017	0.00000000
C37	c	0.66281587	0.88839346	0.09506089	2.00000000	10.00000000	0.02561972	0.00000000
C38	c	0.22427869	0.05962340	0.01618891	2.00000000	10.00000000	0.01654603	0.00000000
C39	c	0.81603063	0.15834107	0.14507071	2.00000000	10.00000000	0.01682453	0.00000000
C40	c	0.18729510	0.71154275	0.02884372	2.00000000	10.00000000	0.01993744	0.00000000
C41	c	0.86057005	0.64316229	0.11593135	2.00000000	10.00000000	0.01367628	0.00000000
C42	c	0.94393113	0.38343094	0.08212374	2.00000000	10.00000000	0.01084960	0.00000000
C43	c	0.78049679	0.70506875	0.09324624	2.00000000	10.00000000	0.02919829	0.00000000
C44	c	0.46528694	0.17375704	0.12270704	2.00000000	10.00000000	0.02833902	0.00000000
C45	c	0.44584624	0.82347426	0.13512282	2.00000000	10.00000000	0.01784298	0.00000000
C46	c	0.01869008	0.80040762	0.06571082	2.00000000	10.00000000	0.02095075	0.00000000
C47	c	0.82852148	0.36697406	0.14287767	2.00000000	10.00000000	0.02194474	0.00000000
C48	c	0.77100065	0.55540198	0.12523683	2.00000000	10.00000000	0.01261015	0.00000000
C49	c	0.49531869	0.27408103	0.02591585	2.00000000	10.00000000	0.01264306	0.00000000
C50	c	0.88936571	0.61472086	0.07409691	2.00000000	10.00000000	0.01841510	0.00000000

Q Vehicle fuel tank capacity /0.40000000/
C Vehicle load capacity /1.50000000/
r fuel consumption rate /0.25000000/
g inverse refueling rate /1.00000000/
v average Velocity /1.00000000/
