StringID	Type	x	y	demand	ReadyTime	DueDate	ServiceTime	altitude
D0	d	0.50000000	0.50000000	0.00000000	0.00000000	10.00000000	0.00000000	0.00000000
S0	f	0.18805999	0.24963595	0.00000000	0.00000000	10.00000000	0.00000000	0.00000000
S1	f	0.18317368	0.19714536	0.00000000	0.00000000	10.00000000	0.00000000	0.00000000
S2	f	0.83868940	0.33904603	0.00000000	0.00000000	10.00000000	0.00000000	0.00000000
S3	f	0.96213632	0.31858278	0.00000000	0.00000000	10.00000000	0.00000000	0.00000000
S4	f	0.72356034	0.71042711	0.00000000	0.00000000	10.00000000	0.00000000	0.00000000
S5	f	0.13708810	0.27310290	0.00000000	0.00000000	10.00000000	0.00000000	0.00000000
C1	c	0.95020144	0.42381410	0.11421556	0.00000000	8.00000000	0.02727795	0.00000000
C2	c	0.29292287	0.95838009	0.17103335	0.10000000	8.10000000	0.02968762	0.00000000
C3	c	0.79829611	0.60287412	0.21023912	0.20000000	8.20000000	0.01452384	0.00000000
C4	c	0.16757499	0.75962532	0.19548713	0.30000000	8.30000000	0.01396929	0.00000000
C5	c	0.76255183	0.35427821	0.17625335	0.40000000	8.40000000	0.02757316	0.00000000
C6	c	0.22261546	0.72785270	0.03208581	0.50000000	8.50000000	0.02078449	0.00000000
C7	c	0.83701810	0.83061961	0.11224830	0.60000000	8.60000000	0.02828095	0.00000000
C8	c	0.05799551	0.88431542	0.11209289	0.70000000	8.70000000	0.01969089	0.00000000
C9	c	0.61106606	0.72482397	0.08242855	0.80000000	8.80000000	0.02862923	0.00000000
C10	c	0.06294606	0.98847780	0.26550092	0.90000000	8.90000000	0.01024473	0.00000000
C11	c	0.43332672	0.22252737	0.26721423	1.00000000	9.00000000	0.02164469	0.00000000
C12	c	0.31489166	0.31601769	0.25592701	1.10000000	9.10000000	0.02943108	0.00000000
C13	c	0.85308906	0.12113538	0.02930028	1.20000000	9.20000000	0.01820405	0.00000000
C14	c	0.14626671	0.58415399	0.13540224	1.30000000	9.30000000	0.01143608	0.00000000
C15	c	0.54724748	0.68539139	0.05237733	1.40000000	9.40000000	0.01285905	0.00000000
C16	c	0.44749685	0.30975793	0.23862789	1.50000000	9.50000000	0.01325444	0.00000000
C17	c	0.71999823	0.35399596	0.22182031	1.60000000	9.60000000	0.01959416	0.00000000
C18	c	0.20000332	0.87320139	0.20909475	1.70000000	9.70000000	0.02229847	0.00000000
C19	c	0.18805999	0.24963595	0.16738897	1.80000000	9.80000000	0.02834351	0.00000000
C20	c	0.82414237	0.38824281	0.17390399	1.90000000	9.90000000	0.01953440	0.00000000
C21	c	0.10647607	0.79067142	0.18063266	2.00000000	10.00000000	0.01313575	0.00000000
C22	c	0.65348110	0.06109539	0.11867578	2.00000000	10.00000000	0.02246573	0.00000000
C23	c	0.21929745	0.61480676	0.21184266	2.00000000	10.00000000	0.01869130	0.00000000
C24	c	0.27886424	0.71495739	0.03476385	2.00000000	10.00000000	0.02428960	0.00000000
C25	c	0.78277815	0.43037006	0.02459318	2.00000000	10.00000000	0.01730366	0.00000000
C26	c	0.74528919	0.45770284	0.08062132	2.00000000	10.00000000	0.01494721	0.00000000
C27	c	0.98225339	0.60161956	0.17718986	2.00000000	10.00000000	0.01715901	0.00000000
C28	c	0.79923991	0.12262288	0.19933992	2.00000000	10.00000000	0.01059368	0.00000000
C29	c	0.35245249	0.20668958	0.03203534	2.00000000	10.00000000	0.01284036	0.00000000
C30	c	0.20230736	0.39286052	0.21766344	2.00000000	10.00000000	0.01633226	0.00000000

Q Vehicle fuel tank capacity /0.40000000/
C Vehicle load capacity /1.50000000/
r fuel consumption rate /0.25000000/
g inverse refueling rate /1.00000000/
v average Velocity /1.00000000/
