StringID	Type	x	y	demand	ReadyTime	DueDate	ServiceTime	altitude
D0	d	0.50000000	0.50000000	0.00000000	0.00000000	10.00000000	0.00000000	0.00000000
S0	f	0.18922039	0.28775348	0.00000000	0.00000000	10.00000000	0.00000000	0.00000000
S1	f	0.33215819	0.65806981	0.00000000	0.00000000	10.00000000	0.00000000	0.00000000
S2	f	0.06392942	0.13009137	0.00000000	0.00000000	10.00000000	0.00000000	0.00000000
S3	f	0.96523501	0.26740427	0.00000000	0.00000000	10.00000000	0.00000000	0.00000000
S4	f	0.56528557	0.70334339	0.00000000	0.00000000	10.00000000	0.00000000	0.00000000
S5	f	0.07371666	0.26409013	0.00000000	0.00000000	10.00000000	0.00000000	0.00000000
C1	c	0.18766529	0.21974581	0.17789174	0.00000000	8.00000000	0.01664268	0.00000000
C2	c	0.23591492	0.19537251	0.22594465	0.10000000	8.10000000	0.01868903	0.00000000
C3	c	0.17612138	0.20536706	0.12665517	0.20000000	8.20000000	0.02132818	0.00000000
C4	c	0.00000000	0.24387707	0.14023853	0.30000000	8.30000000	0.02281017	0.00000000
C5	c	0.00000000	0.25853389	0.22112118	0.40000000	8.40000000	0.02369657	0.00000000
C6	c	0.00000000	0.23892269	0.08630082	0.50000000	8.50000000	0.02071612	0.00000000
C7	c	0.00000000	0.21889971	0.07262464	0.60000000	8.60000000	0.01200481	0.00000000
C8	c	0.00000000	0.23349726	0.19829489	0.70000000	8.70000000	0.02417444	0.00000000
C9	c	0.14627014	0.70430123	0.14530298	0.80000000	8.80000000	0.01364192	0.00000000
C10	c	0.15136784	0.72629636	0.19824339	0.90000000	8.90000000	0.02045709	0.00000000
C11	c	0.19241947	0.85030782	0.04876679	1.00000000	9.00000000	0.01496313	0.00000000
C12	c	0.15305766	0.68838013	0.19225763	1.10000000	9.10000000	0.02547249	0.00000000
C13	c	0.18962417	0.68705834	0.17512969	1.20000000	9.20000000	0.02354518	0.00000000
C14	c	0.11396080	0.82856182	0.03922433	1.30000000	9.30000000	0.02863583	0.00000000
C15	c	0.13677643	0.66804457	0.16450664	1.40000000	9.40000000	0.02569285	0.00000000
C16	c	0.70030078	0.75907248	0.17703479	1.50000000	9.50000000	0.02924522	0.00000000
C17	c	0.49676702	0.83810504	0.12112012	1.60000000	9.60000000	0.01898928	0.00000000
C18	c	0.91723830	0.35237298	0.19388186	1.70000000	9.70000000	0.01535974	0.00000000
C19	c	0.57731599	0.61018724	0.21075040	1.80000000	9.80000000	0.02434474	0.00000000
C20	c	0.97253446	0.84669163	0.09034018	1.90000000	9.90000000	0.02737842	0.00000000
C21	c	0.41779588	0.35495585	0.13829044	2.00000000	10.00000000	0.02310402	0.00000000
C22	c	0.74949376	0.42204787	0.14529748	2.00000000	10.00000000	0.01445871	0.00000000
C23	c	0.86027014	0.48476987	0.22253767	2.00000000	10.00000000	0.01803322	0.00000000
C24	c	0.33213379	0.43445160	0.19571223	2.00000000	10.00000000	0.01114586	0.00000000
C25	c	0.68482854	0.53580593	0.10428614	2.00000000	10.00000000	0.01025197	0.00000000
C26	c	0.10024067	0.70872211	0.09089076	2.00000000	10.00000000	0.02277203	0.00000000
C27	c	0.18209581	0.52285466	0.17499292	2.00000000	10.00000000	0.02264659	0.00000000
C28	c	0.24815627	0.77362447	0.10519252	2.00000000	10.00000000	0.02113373	0.00000000
C29	c	0.67725885	0.93179162	0.19860671	2.00000000	10.00000000	0.02803661	0.00000000
C30	c	0.78464227	0.96226096	0.11856273	2.00000000	10.00000000	0.01511804	0.00000000

Q Vehicle fuel tank capacity /0.40000000/
C Vehicle load capacity /1.50000000/
r fuel consumption rate /0.25000000/
g inverse refueling rate /1.00000000/
v average Velocity /1.00000000/
