StringID	Type	x	y	demand	ReadyTime	DueDate	ServiceTime	altitude
D0	d	0.50000000	0.50000000	0.00000000	0.00000000	10.00000000	0.00000000	0.00000000
S0	f	0.11271818	0.69342687	0.00000000	0.00000000	10.00000000	0.00000000	0.00000000
S1	f	0.31258117	0.07634205	0.00000000	0.00000000	10.00000000	0.00000000	0.00000000
S2	f	0.18850284	0.53456180	0.00000000	0.00000000	10.00000000	0.00000000	0.00000000
S3	f	0.77519378	0.86573508	0.00000000	0.00000000	10.00000000	0.00000000	0.00000000
S4	f	0.14672835	0.14155694	0.00000000	0.00000000	10.00000000	0.00000000	0.00000000
S5	f	0.41544562	0.74149776	0.00000000	0.00000000	10.00000000	0.00000000	0.00000000
C1	c	0.83476808	1.00000000	0.07150885	0.00000000	8.00000000	0.02118520	0.00000000
C2	c	0.78278651	0.96637756	0.04434362	0.10000000	8.10000000	0.02096245	0.00000000
C3	c	0.79572641	0.95087780	0.18134416	0.20000000	8.20000000	0.02544708	0.00000000
C4	c	0.77463074	0.98554812	0.14806177	0.30000000	8.30000000	0.01337933	0.00000000
C5	c	0.15461298	0.59444929	0.13235388	0.40000000	8.40000000	0.01458714	0.00000000
C6	c	0.05559657	0.82254847	0.06154402	0.50000000	8.50000000	0.02907659	0.00000000
C7	c	0.18967668	0.65363848	0.07736139	0.60000000	8.60000000	0.02414901	0.00000000
C8	c	0.74172066	0.05752510	0.18452417	0.70000000	8.70000000	0.01118326	0.00000000
C9	c	0.80343214	0.15492323	0.07036415	0.80000000	8.80000000	0.01330306	0.00000000
C10	c	0.87072015	0.08710798	0.19559453	0.90000000	8.90000000	0.02308127	0.00000000
C11	c	0.85102891	0.16590987	0.05912619	1.00000000	9.00000000	0.02975940	0.00000000
C12	c	0.78139613	0.05214452	0.23237232	1.10000000	9.10000000	0.02770050	0.00000000
C13	c	0.78789467	0.16770324	0.16838899	1.20000000	9.20000000	0.01110473	0.00000000
C14	c	0.84077110	0.08865536	0.21190204	1.30000000	9.30000000	0.02060707	0.00000000
C15	c	0.74610622	0.01673258	0.18083337	1.40000000	9.40000000	0.01622495	0.00000000
C16	c	0.86006722	0.31909641	0.15269534	1.50000000	9.50000000	0.02675112	0.00000000
C17	c	0.68106730	0.49291942	0.17364751	1.60000000	9.60000000	0.02916195	0.00000000
C18	c	0.88672847	0.48935887	0.16533210	1.70000000	9.70000000	0.02311186	0.00000000
C19	c	0.77142315	0.09880584	0.24000534	1.80000000	9.80000000	0.01303010	0.00000000
C20	c	0.55925977	0.54812245	0.09617264	1.90000000	9.90000000	0.02606881	0.00000000
C21	c	0.22935712	0.95382959	0.21790915	2.00000000	10.00000000	0.01564152	0.00000000
C22	c	0.98797001	0.88502498	0.09135733	2.00000000	10.00000000	0.02294628	0.00000000
C23	c	0.05523648	0.53035349	0.19863952	2.00000000	10.00000000	0.01728442	0.00000000
C24	c	0.31124747	0.83755618	0.24423249	2.00000000	10.00000000	0.02376228	0.00000000
C25	c	0.95809749	0.65559306	0.17603486	2.00000000	10.00000000	0.01792496	0.00000000
C26	c	0.15150494	0.80344043	0.13202056	2.00000000	10.00000000	0.01345683	0.00000000
C27	c	0.28207588	0.64731396	0.22414614	2.00000000	10.00000000	0.02243235	0.00000000
C28	c	0.36422116	0.68811420	0.13118762	2.00000000	10.00000000	0.02071994	0.00000000
C29	c	0.39624776	0.17284165	0.19717223	2.00000000	10.00000000	0.01436585	0.00000000
C30	c	0.62161755	0.53599690	0.03982373	2.00000000	10.00000000	0.02317224	0.00000000

Q Vehicle fuel tank capacity /0.40000000/
C Vehicle load capacity /1.50000000/
r fuel consumption rate /0.25000000/
g inverse refueling rate /1.00000000/
v average Velocity /1.00000000/
