StringID	Type	x	y	demand	ReadyTime	DueDate	ServiceTime	altitude
D0	d	0.50000000	0.50000000	0.00000000	0.00000000	10.00000000	0.00000000	0.00000000
S0	f	0.13950461	0.59131555	0.00000000	0.00000000	10.00000000	0.00000000	0.00000000
S1	f	0.53871305	0.65725362	0.00000000	0.00000000	10.00000000	0.00000000	0.00000000
S2	f	0.39337093	0.24673755	0.00000000	0.00000000	10.00000000	0.00000000	0.00000000
S3	f	0.78037298	0.59449959	0.00000000	0.00000000	10.00000000	0.00000000	0.00000000
S4	f	0.87018154	0.52426055	0.00000000	0.00000000	10.00000000	0.00000000	0.00000000
S5	f	0.22104599	0.12307484	0.00000000	0.00000000	10.00000000	0.00000000	0.00000000
C1	c	0.76667622	0.66906947	0.18299141	0.00000000	8.00000000	0.02929571	0.00000000
C2	c	0.72454165	0.77415253	0.02423607	0.10000000	8.10000000	0.01765954	0.00000000
C3	c	0.73819610	0.72764658	0.12669170	0.20000000	8.20000000	0.02882881	0.00000000
C4	c	0.76045715	0.69280909	0.08753414	0.30000000	8.30000000	0.01810816	0.00000000
C5	c	0.82423751	0.72035846	0.06549195	0.40000000	8.40000000	0.01115769	0.00000000
C6	c	0.89874653	0.81129514	0.18310021	0.50000000	8.50000000	0.01042883	0.00000000
C7	c	0.80992784	0.70039345	0.03142197	0.60000000	8.60000000	0.02726507	0.00000000
C8	c	0.83119868	0.69224797	0.07299157	0.70000000	8.70000000	0.01576268	0.00000000
C9	c	0.80646756	0.70743006	0.24281190	0.80000000	8.80000000	0.01802937	0.00000000
C10	c	0.07032231	0.94747931	0.06805457	0.90000000	8.90000000	0.01862751	0.00000000
C11	c	0.04536270	0.91653832	0.03258394	1.00000000	9.00000000	0.02523659	0.00000000
C12	c	0.09246280	1.00000000	0.21997147	1.10000000	9.10000000	0.01606563	0.00000000
C13	c	0.09209626	0.87195672	0.26453335	1.20000000	9.20000000	0.01389838	0.00000000
C14	c	0.03722872	0.94285689	0.32203909	1.30000000	9.30000000	0.02736560	0.00000000
C15	c	0.08440584	0.85101250	0.27787058	1.40000000	9.40000000	0.01127287	0.00000000
C16	c	0.28922925	0.22489409	0.22581416	1.50000000	9.50000000	0.02232840	0.00000000
C17	c	0.45202327	0.15928996	0.10268731	1.60000000	9.60000000	0.01542554	0.00000000
C18	c	0.65984206	0.67448767	0.13114339	1.70000000	9.70000000	0.02462215	0.00000000
C19	c	0.36972262	0.69959450	0.11459214	1.80000000	9.80000000	0.01807821	0.00000000
C20	c	0.16464270	0.41344126	0.09415087	1.90000000	9.90000000	0.01786642	0.00000000
C21	c	0.23952727	0.58103007	0.16631683	2.00000000	10.00000000	0.02866837	0.00000000
C22	c	0.96478569	0.38297687	0.07330641	2.00000000	10.00000000	0.01191363	0.00000000
C23	c	0.05788442	0.02144126	0.23234728	2.00000000	10.00000000	0.02876918	0.00000000
C24	c	0.86325375	0.28813383	0.23700065	2.00000000	10.00000000	0.01981552	0.00000000
C25	c	0.40146860	0.43137533	0.14016737	2.00000000	10.00000000	0.01572124	0.00000000
C26	c	0.76182968	0.30328160	0.24497786	2.00000000	10.00000000	0.02187790	0.00000000
C27	c	0.19491892	0.86828022	0.07500714	2.00000000	10.00000000	0.01649897	0.00000000
C28	c	0.06364333	0.61641982	0.15405813	2.00000000	10.00000000	0.02834610	0.00000000
C29	c	0.27127725	0.73110766	0.09880028	2.00000000	10.00000000	0.02791531	0.00000000
C30	c	0.93341834	0.09568152	0.20730628	2.00000000	10.00000000	0.02591447	0.00000000

Q Vehicle fuel tank capacity /0.40000000/
C Vehicle load capacity /1.50000000/
r fuel consumption rate /0.25000000/
g inverse refueling rate /1.00000000/
v average Velocity /1.00000000/
