StringID	Type	x	y	demand	ReadyTime	DueDate	ServiceTime	altitude
D0	d	0.50000000	0.50000000	0.00000000	0.00000000	10.00000000	0.00000000	0.00000000
S0	f	0.93600298	0.46332089	0.00000000	0.00000000	10.00000000	0.00000000	0.00000000
S1	f	0.02082963	0.61167489	0.00000000	0.00000000	10.00000000	0.00000000	0.00000000
S2	f	0.02445648	0.30082979	0.00000000	0.00000000	10.00000000	0.00000000	0.00000000
S3	f	0.42619262	0.87633611	0.00000000	0.00000000	10.00000000	0.00000000	0.00000000
S4	f	0.45243613	0.10108765	0.00000000	0.00000000	10.00000000	0.00000000	0.00000000
S5	f	0.70275880	0.21028698	0.00000000	0.00000000	10.00000000	0.00000000	0.00000000
C1	c	0.89944963	0.87256242	0.04441694	0.00000000	8.00000000	0.02462480	0.00000000
C2	c	0.91988189	0.99764855	0.30710195	0.10000000	8.10000000	0.02283559	0.00000000
C3	c	0.88265133	0.89658203	0.13768186	0.20000000	8.20000000	0.02881106	0.00000000
C4	c	0.91767859	0.90435018	0.22961799	0.30000000	8.30000000	0.02832192	0.00000000
C5	c	0.87194422	0.84820372	0.20438768	0.40000000	8.40000000	0.01672880	0.00000000
C6	c	0.86829225	0.76926552	0.14169956	0.50000000	8.50000000	0.02321415	0.00000000
C7	c	0.92207997	0.94943869	0.21625538	0.60000000	8.60000000	0.01639776	0.00000000
C8	c	0.86733426	0.72109776	0.26825149	0.70000000	8.70000000	0.02183865	0.00000000
C9	c	0.66806448	0.57313696	0.04084480	0.80000000	8.80000000	0.02441771	0.00000000
C10	c	0.68849568	0.54310331	0.16872951	0.90000000	8.90000000	0.01023103	0.00000000
C11	c	0.71633233	0.43983002	0.03009990	1.00000000	9.00000000	0.02765511	0.00000000
C12	c	0.37500681	0.67804449	0.07866295	1.10000000	9.10000000	0.02252907	0.00000000
C13	c	0.38173386	0.73498051	0.23989830	1.20000000	9.20000000	0.01820337	0.00000000
C14	c	0.34970003	0.71393618	0.28313381	1.30000000	9.30000000	0.01001882	0.00000000
C15	c	0.33921486	0.67840193	0.16454313	1.40000000	9.40000000	0.01204377	0.00000000
C16	c	0.13351950	0.39472701	0.16826334	1.50000000	9.50000000	0.01592593	0.00000000
C17	c	0.51533627	0.23891268	0.05880983	1.60000000	9.60000000	0.01075813	0.00000000
C18	c	0.29137183	0.26829896	0.13376331	1.70000000	9.70000000	0.02056462	0.00000000
C19	c	0.15216362	0.13483232	0.16837213	1.80000000	9.80000000	0.01336261	0.00000000
C20	c	0.43721420	0.20810687	0.08905240	1.90000000	9.90000000	0.01410279	0.00000000
C21	c	0.74109956	0.74207194	0.10410555	2.00000000	10.00000000	0.01057663	0.00000000
C22	c	0.75100603	0.18200615	0.09748479	2.00000000	10.00000000	0.02498716	0.00000000
C23	c	0.73123996	0.64177929	0.06415976	2.00000000	10.00000000	0.01926713	0.00000000
C24	c	0.31988792	0.59193244	0.05918655	2.00000000	10.00000000	0.02525429	0.00000000
C25	c	0.72088551	0.01155161	0.14595500	2.00000000	10.00000000	0.02520238	0.00000000
C26	c	0.88275574	0.62645339	0.08021267	2.00000000	10.00000000	0.01959738	0.00000000
C27	c	0.41016832	0.00094091	0.23315488	2.00000000	10.00000000	0.02254039	0.00000000
C28	c	0.10218829	0.29629667	0.23343391	2.00000000	10.00000000	0.01208198	0.00000000
C29	c	0.03790635	0.52823098	0.23599754	2.00000000	10.00000000	0.02739234	0.00000000
C30	c	0.16813064	0.20513936	0.07272307	2.00000000	10.00000000	0.01637897	0.00000000

Q Vehicle fuel tank capacity /0.40000000/
C Vehicle load capacity /1.50000000/
r fuel consumption rate /0.25000000/
g inverse refueling rate /1.00000000/
v average Velocity /1.00000000/
