StringID	Type	x	y	demand	ReadyTime	DueDate	ServiceTime	altitude
D0	d	0.50000000	0.50000000	0.00000000	0.00000000	10.00000000	0.00000000	0.00000000
S0	f	0.86225626	0.43590896	0.00000000	0.00000000	10.00000000	0.00000000	0.00000000
S1	f	0.02238138	0.42537881	0.00000000	0.00000000	10.00000000	0.00000000	0.00000000
S2	f	0.23253794	0.12039528	0.00000000	0.00000000	10.00000000	0.00000000	0.00000000
S3	f	0.63394320	0.58440550	0.00000000	0.00000000	10.00000000	0.00000000	0.00000000
S4	f	0.55035771	0.61820605	0.00000000	0.00000000	10.00000000	0.00000000	0.00000000
S5	f	0.28153287	0.70325297	0.00000000	0.00000000	10.00000000	0.00000000	0.00000000
C1	c	0.88659739	0.64981329	0.17404802	0.00000000	8.00000000	0.02183487	0.00000000
C2	c	0.95134758	0.61223784	0.04403255	0.10000000	8.10000000	0.01189238	0.00000000
C3	c	0.89554622	0.50057469	0.22647679	0.20000000	8.20000000	0.01997859	0.00000000
C4	c	0.84843091	0.39393969	0.22998768	0.30000000	8.30000000	0.02384467	0.00000000
C5	c	0.82315398	0.40139382	0.05231614	0.40000000	8.40000000	0.02032216	0.00000000
C6	c	0.79324875	0.41998616	0.13101336	0.50000000	8.50000000	0.02367056	0.00000000
C7	c	0.83321743	0.35129686	0.14550454	0.60000000	8.60000000	0.01953526	0.00000000
C8	c	0.84754962	0.49754091	0.28529689	0.70000000	8.70000000	0.02901484	0.00000000
C9	c	0.40293874	0.47027576	0.09702309	0.80000000	8.80000000	0.01610673	0.00000000
C10	c	0.39123335	0.46466194	0.26024846	0.90000000	8.90000000	0.01538681	0.00000000
C11	c	0.45806043	0.48355585	0.07731765	1.00000000	9.00000000	0.02124322	0.00000000
C12	c	0.39156694	0.44386615	0.09602707	1.10000000	9.10000000	0.02844543	0.00000000
C13	c	0.36932567	0.44167843	0.27197660	1.20000000	9.20000000	0.01735728	0.00000000
C14	c	0.30592288	0.46136913	0.19705603	1.30000000	9.30000000	0.02345529	0.00000000
C15	c	0.48896287	0.49640082	0.24700219	1.40000000	9.40000000	0.02467497	0.00000000
C16	c	0.34467312	0.17292690	0.13918477	1.50000000	9.50000000	0.01308528	0.00000000
C17	c	0.43048174	0.53073252	0.19570082	1.60000000	9.60000000	0.02667360	0.00000000
C18	c	0.59174358	0.09461903	0.20130376	1.70000000	9.70000000	0.02461621	0.00000000
C19	c	0.49892969	0.69223347	0.06423849	1.80000000	9.80000000	0.02331834	0.00000000
C20	c	0.47676284	0.95074207	0.02637934	1.90000000	9.90000000	0.02488625	0.00000000
C21	c	0.30533632	0.26934065	0.05205784	2.00000000	10.00000000	0.02971762	0.00000000
C22	c	0.56216082	0.92227173	0.19487118	2.00000000	10.00000000	0.01039458	0.00000000
C23	c	0.36786413	0.67276437	0.10950770	2.00000000	10.00000000	0.01458792	0.00000000
C24	c	0.73374846	0.15426418	0.23701975	2.00000000	10.00000000	0.01927087	0.00000000
C25	c	0.83367990	0.73081026	0.11586216	2.00000000	10.00000000	0.02361991	0.00000000
C26	c	0.66591694	0.74431236	0.06803998	2.00000000	10.00000000	0.01862284	0.00000000
C27	c	0.98588100	0.01972913	0.12067985	2.00000000	10.00000000	0.02440468	0.00000000
C28	c	0.22939620	0.46354347	0.13240223	2.00000000	10.00000000	0.02629673	0.00000000
C29	c	0.68099550	0.43114202	0.13975529	2.00000000	10.00000000	0.01403848	0.00000000
C30	c	0.72023378	0.81483658	0.16766979	2.00000000	10.00000000	0.02665594	0.00000000

Q Vehicle fuel tank capacity /0.40000000/
C Vehicle load capacity /1.50000000/
r fuel consumption rate /0.25000000/
g inverse refueling rate /1.00000000/
v average Velocity /1.00000000/
