StringID	Type	x	y	demand	ReadyTime	DueDate	ServiceTime	altitude
D0	d	0.50000000	0.50000000	0.00000000	0.00000000	10.00000000	0.00000000	0.00000000
S0	f	0.94047882	0.63873321	0.00000000	0.00000000	10.00000000	0.00000000	0.00000000
S1	f	0.04492615	0.70411941	0.00000000	0.00000000	10.00000000	0.00000000	0.00000000
S2	f	0.62774297	0.87068677	0.00000000	0.00000000	10.00000000	0.00000000	0.00000000
S3	f	0.55175773	0.13202086	0.00000000	0.00000000	10.00000000	0.00000000	0.00000000
S4	f	0.10636586	0.75479260	0.00000000	0.00000000	10.00000000	0.00000000	0.00000000
S5	f	0.01145674	0.29215942	0.00000000	0.00000000	10.00000000	0.00000000	0.00000000
C1	c	0.51943239	0.24132014	0.07575349	0.00000000	8.00000000	0.01280854	0.00000000
C2	c	0.49748810	0.13592109	0.21695149	0.10000000	8.10000000	0.02593147	0.00000000
C3	c	0.64201809	0.92160443	0.10054447	0.20000000	8.20000000	0.02483539	0.00000000
C4	c	0.72159371	0.90031283	0.04329634	0.30000000	8.30000000	0.01153201	0.00000000
C5	c	0.79096154	0.91097921	0.03142324	0.40000000	8.40000000	0.02652973	0.00000000
C6	c	0.73446551	0.94634191	0.14754809	0.50000000	8.50000000	0.01231144	0.00000000
C7	c	0.68114947	0.92748853	0.14973288	0.60000000	8.60000000	0.01389871	0.00000000
C8	c	0.72156641	0.98576258	0.07520087	0.70000000	8.70000000	0.02634115	0.00000000
C9	c	0.77591052	0.88387503	0.03901630	0.80000000	8.80000000	0.01705579	0.00000000
C10	c	0.89471652	0.60540437	0.10755962	0.90000000	8.90000000	0.02284328	0.00000000
C11	c	0.92750552	0.73823598	0.22736302	1.00000000	9.00000000	0.02585628	0.00000000
C12	c	1.00000000	0.49465947	0.27258429	1.10000000	9.10000000	0.02525033	0.00000000
C13	c	0.90583746	0.59571887	0.26836635	1.20000000	9.20000000	0.01938837	0.00000000
C14	c	0.90533272	0.66043629	0.14256027	1.30000000	9.30000000	0.02503196	0.00000000
C15	c	0.95780852	0.57905363	0.14633895	1.40000000	9.40000000	0.02823819	0.00000000
C16	c	0.16641161	0.69281308	0.14430353	1.50000000	9.50000000	0.01170688	0.00000000
C17	c	0.94004429	0.11695977	0.03616640	1.60000000	9.60000000	0.02802286	0.00000000
C18	c	0.87781588	0.89489003	0.08094523	1.70000000	9.70000000	0.01564398	0.00000000
C19	c	0.14042710	0.79657326	0.25351575	1.80000000	9.80000000	0.01006450	0.00000000
C20	c	0.74176968	0.07660033	0.18929581	1.90000000	9.90000000	0.01721138	0.00000000
C21	c	0.82648630	0.11557180	0.18581820	2.00000000	10.00000000	0.01321106	0.00000000
C22	c	0.19493536	0.81705737	0.04902343	2.00000000	10.00000000	0.01797343	0.00000000
C23	c	0.35278945	0.64216418	0.06119499	2.00000000	10.00000000	0.01319298	0.00000000
C24	c	0.79281413	0.76251654	0.19663523	2.00000000	10.00000000	0.02154314	0.00000000
C25	c	0.46941834	0.75159815	0.26024648	2.00000000	10.00000000	0.02944545	0.00000000
C26	c	0.91190975	0.08534419	0.04847130	2.00000000	10.00000000	0.02436098	0.00000000
C27	c	0.90114323	0.28219890	0.21470614	2.00000000	10.00000000	0.01448204	0.00000000
C28	c	0.00322522	0.36056924	0.24257391	2.00000000	10.00000000	0.01552456	0.00000000
C29	c	0.16055286	0.39867171	0.24423544	2.00000000	10.00000000	0.02489931	0.00000000
C30	c	0.15964892	0.57715682	0.24862853	2.00000000	10.00000000	0.02862773	0.00000000

Q Vehicle fuel tank capacity /0.40000000/
C Vehicle load capacity /1.50000000/
r fuel consumption rate /0.25000000/
g inverse refueling rate /1.00000000/
v average Velocity /1.00000000/
