StringID	Type	x	y	demand	ReadyTime	DueDate	ServiceTime	altitude
D0	d	0.50000000	0.50000000	0.00000000	0.00000000	10.00000000	0.00000000	0.00000000
S0	f	0.08283077	0.70943574	0.00000000	0.00000000	10.00000000	0.00000000	0.00000000
S1	f	0.45266935	0.63912035	0.00000000	0.00000000	10.00000000	0.00000000	0.00000000
S2	f	0.07774666	0.38703546	0.00000000	0.00000000	10.00000000	0.00000000	0.00000000
S3	f	0.55780190	0.10086358	0.00000000	0.00000000	10.00000000	0.00000000	0.00000000
S4	f	0.56078079	0.24707247	0.00000000	0.00000000	10.00000000	0.00000000	0.00000000
S5	f	0.28597141	0.12118410	0.00000000	0.00000000	10.00000000	0.00000000	0.00000000
C1	c	0.10529798	0.66239026	0.21615891	0.00000000	8.00000000	0.01090056	0.00000000
C2	c	0.14793208	0.71699107	0.21267640	0.10000000	8.10000000	0.01892532	0.00000000
C3	c	0.04857981	0.65697202	0.10856819	0.20000000	8.20000000	0.02070742	0.00000000
C4	c	0.00000000	0.68197901	0.09457278	0.30000000	8.30000000	0.02011980	0.00000000
C5	c	0.10818473	0.57462163	0.28515021	0.40000000	8.40000000	0.01115683	0.00000000
C6	c	0.65796174	0.84906955	0.02656630	0.50000000	8.50000000	0.02724653	0.00000000
C7	c	0.60192926	0.79231834	0.25643814	0.60000000	8.60000000	0.01407900	0.00000000
C8	c	0.63392427	0.75215447	0.22236127	0.70000000	8.70000000	0.02772010	0.00000000
C9	c	0.58989663	0.76975581	0.09919346	0.80000000	8.80000000	0.01727901	0.00000000
C10	c	0.67598255	0.62699908	0.16552755	0.90000000	8.90000000	0.02222955	0.00000000
C11	c	0.63949579	0.73987726	0.03024728	1.00000000	9.00000000	0.02215553	0.00000000
C12	c	0.05593348	0.83873251	0.03941638	1.10000000	9.10000000	0.01137458	0.00000000
C13	c	0.06091184	0.86245436	0.28090192	1.20000000	9.20000000	0.02544346	0.00000000
C14	c	0.00000000	0.88750592	0.27229037	1.30000000	9.30000000	0.02475237	0.00000000
C15	c	0.13153493	0.94335379	0.15315754	1.40000000	9.40000000	0.02546998	0.00000000
C16	c	0.68783773	0.78416509	0.13387937	1.50000000	9.50000000	0.02744115	0.00000000
C17	c	0.63324532	0.50198211	0.04767465	1.60000000	9.60000000	0.02054995	0.00000000
C18	c	0.30487087	0.01822207	0.15791867	1.70000000	9.70000000	0.02098918	0.00000000
C19	c	0.18844591	0.32189255	0.21312481	1.80000000	9.80000000	0.01584145	0.00000000
C20	c	0.36985156	0.50989328	0.24016374	1.90000000	9.90000000	0.02928566	0.00000000
C21	c	0.41604031	0.45311691	0.19780081	2.00000000	10.00000000	0.02833195	0.00000000
C22	c	0.04502817	0.44626581	0.16095544	2.00000000	10.00000000	0.02544735	0.00000000
C23	c	0.20394993	0.88600516	0.10562664	2.00000000	10.00000000	0.02375759	0.00000000
C24	c	0.36395032	0.61147741	0.02516479	2.00000000	10.00000000	0.02660429	0.00000000
C25	c	0.60777635	0.06872903	0.07294634	2.00000000	10.00000000	0.02175369	0.00000000
C26	c	0.77217307	0.73761854	0.11040459	2.00000000	10.00000000	0.01801640	0.00000000
C27	c	0.77349913	0.87205768	0.12386661	2.00000000	10.00000000	0.01180948	0.00000000
C28	c	0.52749769	0.54945876	0.16317609	2.00000000	10.00000000	0.01077602	0.00000000
C29	c	0.29207254	0.96428312	0.13683172	2.00000000	10.00000000	0.01822628	0.00000000
C30	c	0.91659746	0.77236726	0.14723906	2.00000000	10.00000000	0.01307090	0.00000000

Q Vehicle fuel tank capacity /0.40000000/
C Vehicle load capacity /1.50000000/
r fuel consumption rate /0.25000000/
g inverse refueling rate /1.00000000/
v average Velocity /1.00000000/
