StringID	Type	x	y	demand	ReadyTime	DueDate	ServiceTime	altitude
D0	d	0.50000000	0.50000000	0.00000000	0.00000000	10.00000000	0.00000000	0.00000000
S0	f	0.55612734	0.67250493	0.00000000	0.00000000	10.00000000	0.00000000	0.00000000
S1	f	0.08796462	0.38678001	0.00000000	0.00000000	10.00000000	0.00000000	0.00000000
S2	f	0.31929100	0.88129394	0.00000000	0.00000000	10.00000000	0.00000000	0.00000000
S3	f	0.45157845	0.15125251	0.00000000	0.00000000	10.00000000	0.00000000	0.00000000
S4	f	0.09745209	0.94604466	0.00000000	0.00000000	10.00000000	0.00000000	0.00000000
S5	f	0.64017983	0.53965524	0.00000000	0.00000000	10.00000000	0.00000000	0.00000000
C1	c	0.74676694	0.95320981	0.04055002	0.00000000	8.00000000	0.01360440	0.00000000
C2	c	0.38137662	0.23306483	0.18317168	0.10000000	8.10000000	0.01444834	0.00000000
C3	c	0.26314164	0.14124411	0.26453157	0.20000000	8.20000000	0.01764486	0.00000000
C4	c	0.36350923	0.90283214	0.21714879	0.30000000	8.30000000	0.01365017	0.00000000
C5	c	0.39954998	0.73246656	0.13418604	0.40000000	8.40000000	0.02972399	0.00000000
C6	c	0.55934911	0.93315034	0.07080569	0.50000000	8.50000000	0.02794834	0.00000000
C7	c	0.10491438	0.69565833	0.18422305	0.60000000	8.60000000	0.02935285	0.00000000
C8	c	0.17103374	0.62678375	0.11465141	0.70000000	8.70000000	0.01902382	0.00000000
C9	c	0.13147057	0.45055514	0.17251901	0.80000000	8.80000000	0.02773397	0.00000000
C10	c	0.64518803	0.21617597	0.05352388	0.90000000	8.90000000	0.02223011	0.00000000
C11	c	0.65310297	0.03648386	0.16005512	1.00000000	9.00000000	0.02276048	0.00000000
C12	c	0.43936643	0.83787722	0.02381656	1.10000000	9.10000000	0.02686492	0.00000000
C13	c	0.18102898	0.24917266	0.20238941	1.20000000	9.20000000	0.01834187	0.00000000
C14	c	0.21399918	0.93662325	0.09850714	1.30000000	9.30000000	0.01308159	0.00000000
C15	c	0.68972544	0.64159506	0.22820430	1.40000000	9.40000000	0.02677272	0.00000000
C16	c	0.36406217	0.78225049	0.09751019	1.50000000	9.50000000	0.01820206	0.00000000
C17	c	0.07101101	0.09354913	0.05653515	1.60000000	9.60000000	0.02941474	0.00000000
C18	c	0.55612734	0.67250493	0.12005300	1.70000000	9.70000000	0.02408401	0.00000000
C19	c	0.95982951	0.70291325	0.10696372	1.80000000	9.80000000	0.02020782	0.00000000
C20	c	0.30619993	0.97041668	0.02557083	1.90000000	9.90000000	0.01324697	0.00000000
C21	c	0.89813277	0.96395766	0.30344911	2.00000000	10.00000000	0.02858679	0.00000000
C22	c	0.13057806	0.89529147	0.20921894	2.00000000	10.00000000	0.01876436	0.00000000
C23	c	0.43720001	0.05419230	0.05959556	2.00000000	10.00000000	0.02843118	0.00000000
C24	c	0.61092451	0.28072906	0.29626031	2.00000000	10.00000000	0.01640235	0.00000000
C25	c	0.57467602	0.98745024	0.04081583	2.00000000	10.00000000	0.02056042	0.00000000
C26	c	0.22928138	0.16848061	0.19272975	2.00000000	10.00000000	0.02008207	0.00000000
C27	c	0.94800525	0.30775075	0.21427761	2.00000000	10.00000000	0.02242256	0.00000000
C28	c	0.67555133	0.84730187	0.13236627	2.00000000	10.00000000	0.02391473	0.00000000
C29	c	0.55802266	0.18839124	0.19600588	2.00000000	10.00000000	0.01080192	0.00000000
C30	c	0.13391424	0.35455184	0.30036417	2.00000000	10.00000000	0.01167503	0.00000000

Q Vehicle fuel tank capacity /0.40000000/
C Vehicle load capacity /1.50000000/
r fuel consumption rate /0.25000000/
g inverse refueling rate /1.00000000/
v average Velocity /1.00000000/
