StringID	Type	x	y	demand	ReadyTime	DueDate	ServiceTime	altitude
D0	d	0.50000000	0.50000000	0.00000000	0.00000000	10.00000000	0.00000000	0.00000000
S0	f	0.86446670	0.56091435	0.00000000	0.00000000	10.00000000	0.00000000	0.00000000
S1	f	0.55732764	0.10382309	0.00000000	0.00000000	10.00000000	0.00000000	0.00000000
S2	f	0.51325161	0.33227049	0.00000000	0.00000000	10.00000000	0.00000000	0.00000000
S3	f	0.91036997	0.45941782	0.00000000	0.00000000	10.00000000	0.00000000	0.00000000
S4	f	0.88804075	0.78406617	0.00000000	0.00000000	10.00000000	0.00000000	0.00000000
S5	f	0.37392286	0.25577174	0.00000000	0.00000000	10.00000000	0.00000000	0.00000000
S6	f	0.30552156	0.75984181	0.00000000	0.00000000	10.00000000	0.00000000	0.00000000
S7	f	0.78453829	0.50614689	0.00000000	0.00000000	10.00000000	0.00000000	0.00000000
S8	f	0.89493800	0.33300567	0.00000000	0.00000000	10.00000000	0.00000000	0.00000000
S9	f	0.39814854	0.41173114	0.00000000	0.00000000	10.00000000	0.00000000	0.00000000
C1	c	0.27176000	0.21418109	0.06262145	0.00000000	8.00000000	0.02275832	0.00000000
C2	c	0.28746793	0.19569490	0.14140561	0.06000000	8.06000000	0.01334354	0.00000000
C3	c	0.24765647	0.14384358	0.12151558	0.12000000	8.12000000	0.02280988	0.00000000
C4	c	0.19121267	0.16094911	0.13671814	0.18000000	8.18000000	0.01882375	0.00000000
C5	c	0.28771650	0.15359242	0.06114337	0.24000000	8.24000000	0.01675393	0.00000000
C6	c	0.27611337	0.16185853	0.05451450	0.30000000	8.30000000	0.01981976	0.00000000
C7	c	0.27401377	0.11290573	0.11941311	0.36000000	8.36000000	0.01850051	0.00000000
C8	c	0.22185582	0.42307676	0.09140041	0.42000000	8.42000000	0.02341321	0.00000000
C9	c	0.21110609	0.33754719	0.15650814	0.48000000	8.48000000	0.02946923	0.00000000
C10	c	0.15106314	0.31696031	0.02590326	0.54000000	8.54000000	0.02256499	0.00000000
C11	c	0.23690920	0.38625577	0.09668800	0.60000000	8.60000000	0.01548359	0.00000000
C12	c	0.22952507	0.34809334	0.08175395	0.66000000	8.66000000	0.01338019	0.00000000
C13	c	0.96228703	0.07037646	0.07603943	0.72000000	8.72000000	0.01206996	0.00000000
C14	c	0.90218470	0.05603856	0.16439048	0.78000000	8.78000000	0.02930673	0.00000000
C15	c	0.90005594	0.12210592	0.10574614	0.84000000	8.84000000	0.01319133	0.00000000
C16	c	0.90053361	0.09251061	0.02631770	0.90000000	8.90000000	0.01080336	0.00000000
C17	c	0.99309078	0.00000000	0.15199686	0.96000000	8.96000000	0.01956367	0.00000000
C18	c	0.16279835	0.13444021	0.11520618	1.02000000	9.02000000	0.02098277	0.00000000
C19	c	0.24923482	0.18094289	0.09010113	1.08000000	9.08000000	0.01081214	0.00000000
C20	c	0.24908547	0.90387720	0.08121527	1.14000000	9.14000000	0.02512706	0.00000000
C21	c	0.37888691	0.96879389	0.16569436	1.20000000	9.20000000	0.01358855	0.00000000
C22	c	0.25666405	1.00000000	0.04351094	1.26000000	9.26000000	0.02587095	0.00000000
C23	c	0.36111404	0.96481285	0.12527362	1.32000000	9.32000000	0.02922139	0.00000000
C24	c	0.32856787	1.00000000	0.13556876	1.38000000	9.38000000	0.01008127	0.00000000
C25	c	0.41446140	0.96474764	0.04445517	1.44000000	9.44000000	0.02668268	0.00000000
C26	c	0.20153336	0.28391424	0.06234062	1.50000000	9.50000000	0.01590513	0.00000000
C27	c	0.14370643	0.60877320	0.10288354	1.56000000	9.56000000	0.02669984	0.00000000
C28	c	0.40411442	0.07636985	0.01164063	1.62000000	9.62000000	0.02210523	0.00000000
C29	c	0.00283741	0.50322417	0.13931196	1.68000000	9.68000000	0.01116592	0.00000000
C30	c	0.97061731	0.55515547	0.10636205	1.74000000	9.74000000	0.01208867	0.00000000
C31	c	0.33766395	0.46669496	0.12607303	1.80000000	9.80000000	0.01560059	0.00000000
C32	c	0.91218989	0.38485010	0.01151095	1.86000000	9.86000000	0.01600396	0.00000000
C33	c	0.63791619	0.16717680	0.04363292	1.92000000	9.92000000	0.01395668	0.00000000
C34	c	0.64049389	0.44118772	0.05680149	1.98000000	9.98000000	0.01814123	0.00000000
C35	c	0.42502533	0.67066039	0.03438929	2.00000000	10.00000000	0.01048534	0.00000000
C36	c	0.97346165	0.62824968	0.10873014	2.00000000	10.00000000	0.02864986	0.00000000
C37	c	0.10349795	0.96533654	0.07601547	2.00000000	10.00000000	0.01577541	0.00000000
C38	c	0.15956628	0.04016799	0.02362555	2.00000000	10.00000000	0.02932925	0.00000000
C39	c	0.47818342	0.54913866	0.01187141	2.00000000	10.00000000	0.02728015	0.00000000
C40	c	0.04060713	0.75635281	0.09185814	2.00000000	10.00000000	0.01525491	0.00000000
C41	c	0.17942730	0.79354747	0.16657086	2.00000000	10.00000000	0.01884387	0.00000000
C42	c	0.83413411	0.29525644	0.10015935	2.00000000	10.00000000	0.02184060	0.00000000
C43	c	0.83499201	0.60526153	0.06539337	2.00000000	10.00000000	0.02078588	0.00000000
C44	c	0.05829578	0.10443373	0.08601896	2.00000000	10.00000000	0.02226552	0.00000000
C45	c	0.28002946	0.30019789	0.16801751	2.00000000	10.00000000	0.02640625	0.00000000
C46	c	0.02426688	0.93249299	0.09467127	2.00000000	10.00000000	0.02513161	0.00000000
C47	c	0.28877067	0.96646246	0.15723125	2.00000000	10.00000000	0.01340228	0.00000000
C48	c	0.86400768	0.26274547	0.07293607	2.00000000	10.00000000	0.02272710	0.00000000
C49	c	0.44219329	0.59203025	0.05898818	2.00000000	10.00000000	0.02884479	0.00000000
C50	c	0.53929399	0.61327612	0.04786444	2.00000000	10.00000000	0.02518860	0.00000000

Q Vehicle fuel tank capacity /0.40000000/
C Vehicle load capacity /1.50000000/
r fuel consumption rate /0.25000000/
g inverse refueling rate /1.00000000/
v average Velocity /1.00000000/
