StringID	Type	x	y	demand	ReadyTime	DueDate	ServiceTime	altitude
D0	d	0.50000000	0.50000000	0.00000000	0.00000000	10.00000000	0.00000000	0.00000000
S0	f	0.41678819	0.48188587	0.00000000	0.00000000	10.00000000	0.00000000	0.00000000
S1	f	0.43754836	0.86792902	0.00000000	0.00000000	10.00000000	0.00000000	0.00000000
S2	f	0.73060310	0.09862916	0.00000000	0.00000000	10.00000000	0.00000000	0.00000000
S3	f	0.79182967	0.85559560	0.00000000	0.00000000	10.00000000	0.00000000	0.00000000
S4	f	0.90156032	0.99603671	0.00000000	0.00000000	10.00000000	0.00000000	0.00000000
S5	f	0.25177997	0.86861222	0.00000000	0.00000000	10.00000000	0.00000000	0.00000000
S6	f	0.10308856	0.85946826	0.00000000	0.00000000	10.00000000	0.00000000	0.00000000
S7	f	0.21371919	0.97959843	0.00000000	0.00000000	10.00000000	0.00000000	0.00000000
S8	f	0.92726026	0.46385199	0.00000000	0.00000000	10.00000000	0.00000000	0.00000000
S9	f	0.61849944	0.40156648	0.00000000	0.00000000	10.00000000	0.00000000	0.00000000
C1	c	0.40277939	0.43402062	0.01066212	0.00000000	8.00000000	0.02390519	0.00000000
C2	c	0.43281258	0.57164733	0.15207579	0.06000000	8.06000000	0.01934038	0.00000000
C3	c	0.41599722	0.56689008	0.13009039	0.12000000	8.12000000	0.01250327	0.00000000
C4	c	0.54164237	0.51842880	0.01070568	0.18000000	8.18000000	0.01289047	0.00000000
C5	c	0.36754110	0.43448566	0.14777612	0.24000000	8.24000000	0.02905625	0.00000000
C6	c	0.39667710	0.56263843	0.11058461	0.30000000	8.30000000	0.02668037	0.00000000
C7	c	0.50522710	0.89371626	0.03577376	0.36000000	8.36000000	0.02803960	0.00000000
C8	c	0.43997650	0.92180293	0.12693930	0.42000000	8.42000000	0.02465833	0.00000000
C9	c	0.85836184	0.12429618	0.06459275	0.48000000	8.48000000	0.01757657	0.00000000
C10	c	0.87338349	0.08789776	0.06350866	0.54000000	8.54000000	0.01018929	0.00000000
C11	c	0.78440476	0.08124078	0.10597987	0.60000000	8.60000000	0.02299514	0.00000000
C12	c	0.90568227	0.19543092	0.12055222	0.66000000	8.66000000	0.01884789	0.00000000
C13	c	0.83776567	0.11731053	0.04129889	0.72000000	8.72000000	0.01998614	0.00000000
C14	c	0.79568894	0.06202479	0.11155866	0.78000000	8.78000000	0.01732131	0.00000000
C15	c	0.80483399	0.09405760	0.04964831	0.84000000	8.84000000	0.01573986	0.00000000
C16	c	0.83011769	0.69129606	0.10932143	0.90000000	8.90000000	0.02160851	0.00000000
C17	c	0.81337495	0.63506546	0.11433049	0.96000000	8.96000000	0.01731687	0.00000000
C18	c	0.72682804	0.65751397	0.05657137	1.02000000	9.02000000	0.02878085	0.00000000
C19	c	0.82947852	0.60429787	0.09387034	1.08000000	9.08000000	0.02512338	0.00000000
C20	c	0.75669994	0.64804544	0.13853198	1.14000000	9.14000000	0.01124731	0.00000000
C21	c	0.78835786	0.58468992	0.15071760	1.20000000	9.20000000	0.02704156	0.00000000
C22	c	0.73187827	0.66899323	0.07232748	1.26000000	9.26000000	0.02597158	0.00000000
C23	c	0.75911609	0.16948944	0.05885402	1.32000000	9.32000000	0.02314098	0.00000000
C24	c	0.77775858	0.08082847	0.14289211	1.38000000	9.38000000	0.01076250	0.00000000
C25	c	0.75534383	0.06284853	0.08960799	1.44000000	9.44000000	0.01864827	0.00000000
C26	c	0.30865219	0.34563016	0.06761442	1.50000000	9.50000000	0.02957194	0.00000000
C27	c	0.86259003	0.75512312	0.10509888	1.56000000	9.56000000	0.02982030	0.00000000
C28	c	0.65040979	0.59450798	0.13241410	1.62000000	9.62000000	0.01259972	0.00000000
C29	c	0.62336504	0.76514934	0.03958341	1.68000000	9.68000000	0.01078278	0.00000000
C30	c	0.06564713	0.04794690	0.01941868	1.74000000	9.74000000	0.01579367	0.00000000
C31	c	0.75660095	0.36239531	0.09218644	1.80000000	9.80000000	0.02999005	0.00000000
C32	c	0.69525930	0.46701881	0.15538401	1.86000000	9.86000000	0.01321437	0.00000000
C33	c	0.12516343	0.14452346	0.10281381	1.92000000	9.92000000	0.01466915	0.00000000
C34	c	0.95281260	0.83401829	0.13019243	1.98000000	9.98000000	0.02148369	0.00000000
C35	c	0.90197989	0.73291626	0.14460111	2.00000000	10.00000000	0.02297770	0.00000000
C36	c	0.37882838	0.00946456	0.03736304	2.00000000	10.00000000	0.01010384	0.00000000
C37	c	0.64975713	0.44239443	0.05521281	2.00000000	10.00000000	0.01247113	0.00000000
C38	c	0.49930720	0.36606565	0.06058445	2.00000000	10.00000000	0.01384428	0.00000000
C39	c	0.28699281	0.58042544	0.13568114	2.00000000	10.00000000	0.02953443	0.00000000
C40	c	0.36584342	0.93904272	0.12006985	2.00000000	10.00000000	0.01149731	0.00000000
C41	c	0.85207787	0.79857878	0.12413413	2.00000000	10.00000000	0.01109321	0.00000000
C42	c	0.65704901	0.03812508	0.02426459	2.00000000	10.00000000	0.02072495	0.00000000
C43	c	0.43241340	0.97859685	0.10485857	2.00000000	10.00000000	0.01918880	0.00000000
C44	c	0.99101484	0.12998607	0.09673794	2.00000000	10.00000000	0.01143228	0.00000000
C45	c	0.03913917	0.28968334	0.10092988	2.00000000	10.00000000	0.02641764	0.00000000
C46	c	0.23345750	0.57418467	0.12152632	2.00000000	10.00000000	0.01965740	0.00000000
C47	c	0.12355647	0.19221383	0.01991244	2.00000000	10.00000000	0.01339777	0.00000000
C48	c	0.97672159	0.07486541	0.01734120	2.00000000	10.00000000	0.02213606	0.00000000
C49	c	0.05466053	0.53624769	0.12028453	2.00000000	10.00000000	0.01840046	0.00000000
C50	c	0.45943980	0.07161421	0.06301986	2.00000000	10.00000000	0.02360689	0.00000000

Q Vehicle fuel tank capacity /0.40000000/
C Vehicle load capacity /1.50000000/
r fuel consumption rate /0.25000000/
g inverse refueling rate /1.00000000/
v average Velocity /1.00000000/
