StringID	Type	x	y	demand	ReadyTime	DueDate	ServiceTime	altitude
D0	d	0.50000000	0.50000000	0.00000000	0.00000000	10.00000000	0.00000000	0.00000000
S0	f	0.00672629	0.20629755	0.00000000	0.00000000	10.00000000	0.00000000	0.00000000
S1	f	0.11517440	0.41895720	0.00000000	0.00000000	10.00000000	0.00000000	0.00000000
S2	f	0.90460698	0.22986485	0.00000000	0.00000000	10.00000000	0.00000000	0.00000000
S3	f	0.19239001	0.97039948	0.00000000	0.00000000	10.00000000	0.00000000	0.00000000
S4	f	0.56736656	0.01591614	0.00000000	0.00000000	10.00000000	0.00000000	0.00000000
S5	f	0.22306475	0.53866018	0.00000000	0.00000000	10.00000000	0.00000000	0.00000000
C1	c	0.02434967	0.29126803	0.18934425	0.00000000	8.00000000	0.01914990	0.00000000
C2	c	0.08038856	0.19071350	0.20621620	0.10000000	8.10000000	0.01600365	0.00000000
C3	c	0.06156494	0.19493957	0.17355529	0.20000000	8.20000000	0.02638235	0.00000000
C4	c	0.94452167	0.72307324	0.08630585	0.30000000	8.30000000	0.02626300	0.00000000
C5	c	0.99496286	0.75345596	0.21766612	0.40000000	8.40000000	0.02534855	0.00000000
C6	c	0.97626573	0.73600798	0.20974343	0.50000000	8.50000000	0.02430535	0.00000000
C7	c	1.00000000	0.79727741	0.20722297	0.60000000	8.60000000	0.02057285	0.00000000
C8	c	0.94601061	0.67916275	0.26119927	0.70000000	8.70000000	0.01007475	0.00000000
C9	c	0.99684917	0.67718103	0.18469274	0.80000000	8.80000000	0.02877947	0.00000000
C10	c	0.45584257	0.97527854	0.09753859	0.90000000	8.90000000	0.02199069	0.00000000
C11	c	0.41137009	0.94017224	0.04530617	1.00000000	9.00000000	0.02255067	0.00000000
C12	c	0.40886169	0.97918704	0.21578999	1.10000000	9.10000000	0.01215433	0.00000000
C13	c	0.28201299	0.95407716	0.06223901	1.20000000	9.20000000	0.02163545	0.00000000
C14	c	0.39282703	0.89487210	0.17241721	1.30000000	9.30000000	0.01287251	0.00000000
C15	c	0.49803415	0.92698622	0.09828397	1.40000000	9.40000000	0.02030102	0.00000000
C16	c	0.37592787	0.62125309	0.20069407	1.50000000	9.50000000	0.02637817	0.00000000
C17	c	0.05685490	0.31947944	0.09264197	1.60000000	9.60000000	0.01302861	0.00000000
C18	c	0.13218475	0.10255071	0.26041822	1.70000000	9.70000000	0.01788517	0.00000000
C19	c	0.73441468	0.45749495	0.17236134	1.80000000	9.80000000	0.01028311	0.00000000
C20	c	0.30018262	0.81911749	0.20561891	1.90000000	9.90000000	0.02673891	0.00000000
C21	c	0.81314976	0.76742731	0.06489085	2.00000000	10.00000000	0.01130684	0.00000000
C22	c	0.71526748	0.52864257	0.13770506	2.00000000	10.00000000	0.01967278	0.00000000
C23	c	0.00373751	0.93897341	0.24262454	2.00000000	10.00000000	0.01947571	0.00000000
C24	c	0.59953428	0.62753340	0.10945612	2.00000000	10.00000000	0.01948603	0.00000000
C25	c	0.10771670	0.58177233	0.16948062	2.00000000	10.00000000	0.02928594	0.00000000
C26	c	0.14362560	0.51505094	0.03138752	2.00000000	10.00000000	0.02603503	0.00000000
C27	c	0.81890867	0.15143049	0.09564471	2.00000000	10.00000000	0.01802090	0.00000000
C28	c	0.39425839	0.01415532	0.04981872	2.00000000	10.00000000	0.02204969	0.00000000
C29	c	0.83694564	0.06534202	0.04256806	2.00000000	10.00000000	0.01983237	0.00000000
C30	c	0.80175154	0.40104490	0.19716823	2.00000000	10.00000000	0.01164888	0.00000000

Q Vehicle fuel tank capacity /0.40000000/
C Vehicle load capacity /1.50000000/
r fuel consumption rate /0.25000000/
g inverse refueling rate /1.00000000/
v average Velocity /1.00000000/
