StringID	Type	x	y	demand	ReadyTime	DueDate	ServiceTime	altitude
D0	d	0.50000000	0.50000000	0.00000000	0.00000000	10.00000000	0.00000000	0.00000000
S0	f	0.43939826	0.86962091	0.00000000	0.00000000	10.00000000	0.00000000	0.00000000
S1	f	0.33150579	0.82451066	0.00000000	0.00000000	10.00000000	0.00000000	0.00000000
S2	f	0.11071235	0.45236453	0.00000000	0.00000000	10.00000000	0.00000000	0.00000000
S3	f	0.23993528	0.68868628	0.00000000	0.00000000	10.00000000	0.00000000	0.00000000
S4	f	0.36889590	0.41036674	0.00000000	0.00000000	10.00000000	0.00000000	0.00000000
S5	f	0.76830671	0.05232770	0.00000000	0.00000000	10.00000000	0.00000000	0.00000000
C1	c	0.48009161	0.82729792	0.29651570	0.00000000	8.00000000	0.02624423	0.00000000
C2	c	0.56917754	0.83615034	0.15135482	0.10000000	8.10000000	0.02150237	0.00000000
C3	c	0.36146884	0.85318606	0.15060839	0.20000000	8.20000000	0.01433462	0.00000000
C4	c	0.45651866	0.92427009	0.02292631	0.30000000	8.30000000	0.02049842	0.00000000
C5	c	0.00000000	0.06366170	0.31411743	0.40000000	8.40000000	0.01237953	0.00000000
C6	c	0.00019461	0.03488694	0.08088450	0.50000000	8.50000000	0.02861816	0.00000000
C7	c	0.04972007	0.09016801	0.11201484	0.60000000	8.60000000	0.01972085	0.00000000
C8	c	0.05100432	0.00000000	0.19873143	0.70000000	8.70000000	0.01681033	0.00000000
C9	c	0.03905474	0.00000000	0.04819799	0.80000000	8.80000000	0.02430369	0.00000000
C10	c	0.01019390	0.00000000	0.20071913	0.90000000	8.90000000	0.01369268	0.00000000
C11	c	0.05376721	0.01662850	0.03908239	1.00000000	9.00000000	0.02563651	0.00000000
C12	c	0.07239486	0.00000000	0.28775257	1.10000000	9.10000000	0.02109666	0.00000000
C13	c	0.10303750	0.04809836	0.32677573	1.20000000	9.20000000	0.02431661	0.00000000
C14	c	0.03519078	0.04371047	0.26884195	1.30000000	9.30000000	0.01278167	0.00000000
C15	c	0.01204657	0.01979381	0.02664468	1.40000000	9.40000000	0.02484362	0.00000000
C16	c	0.65134584	0.39496713	0.12923055	1.50000000	9.50000000	0.01874347	0.00000000
C17	c	0.00887460	0.34376612	0.27050814	1.60000000	9.60000000	0.02523496	0.00000000
C18	c	0.04478368	0.37933921	0.21302883	1.70000000	9.70000000	0.01287014	0.00000000
C19	c	0.42985003	0.21438268	0.07584893	1.80000000	9.80000000	0.01139458	0.00000000
C20	c	0.81221141	0.57511860	0.08657525	1.90000000	9.90000000	0.02157334	0.00000000
C21	c	0.21673092	0.52492122	0.21170256	2.00000000	10.00000000	0.02508121	0.00000000
C22	c	0.11897635	0.93090805	0.02338089	2.00000000	10.00000000	0.02792335	0.00000000
C23	c	0.48604239	0.34051639	0.22942324	2.00000000	10.00000000	0.02747054	0.00000000
C24	c	0.71518466	0.18463394	0.14804345	2.00000000	10.00000000	0.01522918	0.00000000
C25	c	0.71583042	0.13908370	0.02548985	2.00000000	10.00000000	0.02543455	0.00000000
C26	c	0.74218112	0.43717334	0.13179121	2.00000000	10.00000000	0.02188354	0.00000000
C27	c	0.76174793	0.14350702	0.03688812	2.00000000	10.00000000	0.02981071	0.00000000
C28	c	0.06972925	0.57866684	0.14308283	2.00000000	10.00000000	0.01992871	0.00000000
C29	c	0.75406029	0.89616773	0.15911599	2.00000000	10.00000000	0.01455771	0.00000000
C30	c	0.87352696	0.26145915	0.09072228	2.00000000	10.00000000	0.01366379	0.00000000

Q Vehicle fuel tank capacity /0.40000000/
C Vehicle load capacity /1.50000000/
r fuel consumption rate /0.25000000/
g inverse refueling rate /1.00000000/
v average Velocity /1.00000000/
