StringID	Type	x	y	demand	ReadyTime	DueDate	ServiceTime	altitude
D0	d	0.50000000	0.50000000	0.00000000	0.00000000	10.00000000	0.00000000	0.00000000
S0	f	0.61051311	0.40915339	0.00000000	0.00000000	10.00000000	0.00000000	0.00000000
S1	f	0.72976646	0.73521790	0.00000000	0.00000000	10.00000000	0.00000000	0.00000000
S2	f	0.35228550	0.39053837	0.00000000	0.00000000	10.00000000	0.00000000	0.00000000
S3	f	0.40018046	0.55020748	0.00000000	0.00000000	10.00000000	0.00000000	0.00000000
S4	f	0.11041538	0.71113408	0.00000000	0.00000000	10.00000000	0.00000000	0.00000000
S5	f	0.47521275	0.79695580	0.00000000	0.00000000	10.00000000	0.00000000	0.00000000
C1	c	0.21809002	0.84213835	0.19002581	0.00000000	8.00000000	0.01958096	0.00000000
C2	c	0.36185089	0.21369955	0.17704947	0.10000000	8.10000000	0.01110495	0.00000000
C3	c	0.84239845	0.24809591	0.16002665	0.20000000	8.20000000	0.02091243	0.00000000
C4	c	0.11649906	0.34013023	0.02661757	0.30000000	8.30000000	0.02206760	0.00000000
C5	c	0.49532255	0.36890555	0.10918681	0.40000000	8.40000000	0.01615323	0.00000000
C6	c	0.12145728	0.09158753	0.22084566	0.50000000	8.50000000	0.02400317	0.00000000
C7	c	0.24710708	0.27264182	0.23614141	0.60000000	8.60000000	0.01928803	0.00000000
C8	c	0.58388259	0.32701895	0.20380639	0.70000000	8.70000000	0.01011394	0.00000000
C9	c	0.04030238	0.29790887	0.15646214	0.80000000	8.80000000	0.02784658	0.00000000
C10	c	0.96720579	0.34374489	0.07029608	0.90000000	8.90000000	0.01344173	0.00000000
C11	c	0.64491598	0.69264806	0.11917141	1.00000000	9.00000000	0.02538739	0.00000000
C12	c	0.43639152	0.82570929	0.17349944	1.10000000	9.10000000	0.02721103	0.00000000
C13	c	0.37736718	0.78932689	0.20863320	1.20000000	9.20000000	0.01730328	0.00000000
C14	c	0.24437715	0.66629409	0.13152635	1.30000000	9.30000000	0.02877815	0.00000000
C15	c	0.42515036	0.90864857	0.14474041	1.40000000	9.40000000	0.01770016	0.00000000
C16	c	0.76361017	0.12884371	0.21930982	1.50000000	9.50000000	0.02719314	0.00000000
C17	c	0.16956592	0.12763248	0.19424861	1.60000000	9.60000000	0.01202794	0.00000000
C18	c	0.19017902	0.06489902	0.22998726	1.70000000	9.70000000	0.02804093	0.00000000
C19	c	0.73285738	0.46713115	0.23373120	1.80000000	9.80000000	0.01137917	0.00000000
C20	c	0.61051311	0.40915339	0.11909189	1.90000000	9.90000000	0.02435315	0.00000000
C21	c	0.67045276	0.89755118	0.05273630	2.00000000	10.00000000	0.02686332	0.00000000
C22	c	0.11771804	0.90391223	0.23729265	2.00000000	10.00000000	0.02708924	0.00000000
C23	c	0.59563137	0.08364459	0.11517068	2.00000000	10.00000000	0.02183247	0.00000000
C24	c	0.99159468	0.47872462	0.02594947	2.00000000	10.00000000	0.01616401	0.00000000
C25	c	0.96839104	0.22736849	0.17159300	2.00000000	10.00000000	0.02055653	0.00000000
C26	c	0.20859863	0.88511192	0.07329417	2.00000000	10.00000000	0.02312171	0.00000000
C27	c	0.93620811	0.31438920	0.14075068	2.00000000	10.00000000	0.02916327	0.00000000
C28	c	0.07602223	0.41450453	0.24836839	2.00000000	10.00000000	0.02069156	0.00000000
C29	c	0.58545187	0.26591824	0.02051144	2.00000000	10.00000000	0.02312985	0.00000000
C30	c	0.84343698	0.72216957	0.08993563	2.00000000	10.00000000	0.01359472	0.00000000

Q Vehicle fuel tank capacity /0.40000000/
C Vehicle load capacity /1.50000000/
r fuel consumption rate /0.25000000/
g inverse refueling rate /1.00000000/
v average Velocity /1.00000000/
