StringID	Type	x	y	demand	ReadyTime	DueDate	ServiceTime	altitude
D0	d	0.50000000	0.50000000	0.00000000	0.00000000	10.00000000	0.00000000	0.00000000
S0	f	0.83300424	0.06909868	0.00000000	0.00000000	10.00000000	0.00000000	0.00000000
S1	f	0.75161333	0.94040909	0.00000000	0.00000000	10.00000000	0.00000000	0.00000000
S2	f	0.57632454	0.60542504	0.00000000	0.00000000	10.00000000	0.00000000	0.00000000
S3	f	0.38853285	0.92435928	0.00000000	0.00000000	10.00000000	0.00000000	0.00000000
S4	f	0.01627271	0.41746921	0.00000000	0.00000000	10.00000000	0.00000000	0.00000000
S5	f	0.45531769	0.39371372	0.00000000	0.00000000	10.00000000	0.00000000	0.00000000
S6	f	0.94533703	0.19692932	0.00000000	0.00000000	10.00000000	0.00000000	0.00000000
S7	f	0.30145840	0.62160069	0.00000000	0.00000000	10.00000000	0.00000000	0.00000000
S8	f	0.72039077	0.16269299	0.00000000	0.00000000	10.00000000	0.00000000	0.00000000
S9	f	0.25674748	0.93452122	0.00000000	0.00000000	10.00000000	0.00000000	0.00000000
C1	c	0.53435843	0.22790410	0.07326497	0.00000000	8.00000000	0.01113854	0.00000000
C2	c	0.95887312	0.99333276	0.12589839	0.06000000	8.06000000	0.01775302	0.00000000
C3	c	0.17751710	0.60654308	0.05970636	0.12000000	8.12000000	0.01711674	0.00000000
C4	c	0.37209604	0.32562087	0.04287404	0.18000000	8.18000000	0.01755531	0.00000000
C5	c	0.97529813	0.02286290	0.15390449	0.24000000	8.24000000	0.01666414	0.00000000
C6	c	0.34253631	0.22541369	0.15237502	0.30000000	8.30000000	0.01480341	0.00000000
C7	c	0.22852137	0.68183689	0.06109333	0.36000000	8.36000000	0.01663285	0.00000000
C8	c	0.16852047	0.70688568	0.03951640	0.42000000	8.42000000	0.01342260	0.00000000
C9	c	0.91478447	0.77408959	0.15430506	0.48000000	8.48000000	0.02962390	0.00000000
C10	c	0.81384242	0.53700818	0.07619966	0.54000000	8.54000000	0.02575013	0.00000000
C11	c	0.75493492	0.98055924	0.11100567	0.60000000	8.60000000	0.01371243	0.00000000
C12	c	0.79381645	0.71505147	0.04732013	0.66000000	8.66000000	0.01141676	0.00000000
C13	c	0.15991819	0.39443074	0.14202799	0.72000000	8.72000000	0.02249113	0.00000000
C14	c	0.11614970	0.55468146	0.01214894	0.78000000	8.78000000	0.02172045	0.00000000
C15	c	0.91432368	0.45134935	0.05155848	0.84000000	8.84000000	0.02799060	0.00000000
C16	c	0.96433704	0.71211603	0.14727300	0.90000000	8.90000000	0.01421374	0.00000000
C17	c	0.97284341	0.80450196	0.14912671	0.96000000	8.96000000	0.01443104	0.00000000
C18	c	0.88298563	0.49530695	0.10138017	1.02000000	9.02000000	0.02067612	0.00000000
C19	c	0.83535039	0.81230247	0.02256531	1.08000000	9.08000000	0.02448930	0.00000000
C20	c	0.59345795	0.73067477	0.02578707	1.14000000	9.14000000	0.01487070	0.00000000
C21	c	0.83300424	0.06909868	0.09147271	1.20000000	9.20000000	0.02788102	0.00000000
C22	c	0.37267337	0.56886834	0.06672584	1.26000000	9.26000000	0.01891500	0.00000000
C23	c	0.29491386	0.57466243	0.12495296	1.32000000	9.32000000	0.01713778	0.00000000
C24	c	0.34975209	0.70667304	0.07209502	1.38000000	9.38000000	0.01963279	0.00000000
C25	c	0.50315497	0.94423292	0.02248924	1.44000000	9.44000000	0.02042330	0.00000000
C26	c	0.98713257	0.45443611	0.09900464	1.50000000	9.50000000	0.01667493	0.00000000
C27	c	0.62850283	0.97820499	0.08445179	1.56000000	9.56000000	0.02674376	0.00000000
C28	c	0.40797371	0.54384569	0.14641520	1.62000000	9.62000000	0.02434215	0.00000000
C29	c	0.69860179	0.47993570	0.11759456	1.68000000	9.68000000	0.02490631	0.00000000
C30	c	0.66547835	0.81164831	0.02363759	1.74000000	9.74000000	0.01037993	0.00000000
C31	c	0.52770871	0.55612209	0.06133818	1.80000000	9.80000000	0.02510131	0.00000000
C32	c	0.84778998	0.41691955	0.12863551	1.86000000	9.86000000	0.02900744	0.00000000
C33	c	0.48569492	0.62854908	0.10353150	1.92000000	9.92000000	0.01764644	0.00000000
C34	c	0.80177025	0.23380796	0.11218873	1.98000000	9.98000000	0.01758890	0.00000000
C35	c	0.51360940	0.79987944	0.12154191	2.00000000	10.00000000	0.02721715	0.00000000
C36	c	0.55869268	0.40326986	0.04007453	2.00000000	10.00000000	0.02712651	0.00000000
C37	c	0.03546886	0.94679982	0.11829620	2.00000000	10.00000000	0.01204005	0.00000000
C38	c	0.75161333	0.94040909	0.04346860	2.00000000	10.00000000	0.02607042	0.00000000
C39	c	0.08429545	0.42104193	0.14078456	2.00000000	10.00000000	0.02772148	0.00000000
C40	c	0.36359520	0.44787516	0.09065246	2.00000000	10.00000000	0.01976984	0.00000000
C41	c	0.64067081	0.54665557	0.13853995	2.00000000	10.00000000	0.01919284	0.00000000
C42	c	0.85343949	0.23959734	0.10770281	2.00000000	10.00000000	0.01695981	0.00000000
C43	c	0.88412969	0.92494922	0.05818387	2.00000000	10.00000000	0.02145915	0.00000000
C44	c	0.80648202	0.45921470	0.02227944	2.00000000	10.00000000	0.01171421	0.00000000
C45	c	0.62438937	0.14305128	0.06964698	2.00000000	10.00000000	0.01723338	0.00000000
C46	c	0.10999085	0.28590474	0.04858412	2.00000000	10.00000000	0.02575330	0.00000000
C47	c	0.75723340	0.31586141	0.09841511	2.00000000	10.00000000	0.01447698	0.00000000
C48	c	0.36174019	0.76402464	0.15755063	2.00000000	10.00000000	0.02032949	0.00000000
C49	c	0.81481371	0.99023634	0.12915456	2.00000000	10.00000000	0.01801131	0.00000000
C50	c	0.98438559	0.57065865	0.11125958	2.00000000	10.00000000	0.01203503	0.00000000

Q Vehicle fuel tank capacity /0.40000000/
C Vehicle load capacity /1.50000000/
r fuel consumption rate /0.25000000/
g inverse refueling rate /1.00000000/
v average Velocity /1.00000000/
