StringID	Type	x	y	demand	ReadyTime	DueDate	ServiceTime	altitude
D0	d	0.50000000	0.50000000	0.00000000	0.00000000	10.00000000	0.00000000	0.00000000
S0	f	0.08142358	0.31009638	0.00000000	0.00000000	10.00000000	0.00000000	0.00000000
S1	f	0.07963048	0.43849895	0.00000000	0.00000000	10.00000000	0.00000000	0.00000000
S2	f	0.83584867	0.00684472	0.00000000	0.00000000	10.00000000	0.00000000	0.00000000
S3	f	0.22638155	0.66393859	0.00000000	0.00000000	10.00000000	0.00000000	0.00000000
S4	f	0.48933748	0.80876484	0.00000000	0.00000000	10.00000000	0.00000000	0.00000000
S5	f	0.50679653	0.41555591	0.00000000	0.00000000	10.00000000	0.00000000	0.00000000
C1	c	0.66110241	0.24700397	0.25809351	0.00000000	8.00000000	0.02834492	0.00000000
C2	c	0.31330221	0.18699048	0.03089412	0.10000000	8.10000000	0.02915188	0.00000000
C3	c	0.54221508	0.37962055	0.13602982	0.20000000	8.20000000	0.01412331	0.00000000
C4	c	0.74893931	0.92872608	0.26189959	0.30000000	8.30000000	0.01356523	0.00000000
C5	c	0.39889097	0.48743889	0.27072550	0.40000000	8.40000000	0.01164061	0.00000000
C6	c	0.04236817	0.51058261	0.22310232	0.50000000	8.50000000	0.01547550	0.00000000
C7	c	0.82856886	0.28846833	0.08365197	0.60000000	8.60000000	0.01189246	0.00000000
C8	c	0.70517671	0.99725124	0.27654249	0.70000000	8.70000000	0.02230565	0.00000000
C9	c	0.81310720	0.67307643	0.06746431	0.80000000	8.80000000	0.01903788	0.00000000
C10	c	0.77350710	0.52952119	0.02399286	0.90000000	8.90000000	0.02773795	0.00000000
C11	c	0.99523336	0.02069790	0.04604159	1.00000000	9.00000000	0.02489271	0.00000000
C12	c	0.84816612	0.99251486	0.02075078	1.10000000	9.10000000	0.01218702	0.00000000
C13	c	0.29450438	0.08044634	0.22336181	1.20000000	9.20000000	0.01145597	0.00000000
C14	c	0.17201895	0.44049537	0.24041841	1.30000000	9.30000000	0.01443511	0.00000000
C15	c	0.26837802	0.89759215	0.15634063	1.40000000	9.40000000	0.02218009	0.00000000
C16	c	0.44828989	0.58245844	0.28323672	1.50000000	9.50000000	0.01016367	0.00000000
C17	c	0.94043317	0.71816464	0.14700473	1.60000000	9.60000000	0.02658465	0.00000000
C18	c	0.38249924	0.79010453	0.18323741	1.70000000	9.70000000	0.01156562	0.00000000
C19	c	0.71102502	0.18039929	0.19146976	1.80000000	9.80000000	0.01476999	0.00000000
C20	c	0.08142358	0.31009638	0.02388508	1.90000000	9.90000000	0.01570242	0.00000000
C21	c	0.64701994	0.62187058	0.06051409	2.00000000	10.00000000	0.02431276	0.00000000
C22	c	0.97373600	0.28464726	0.09746252	2.00000000	10.00000000	0.01309281	0.00000000
C23	c	0.30009933	0.34205425	0.25270093	2.00000000	10.00000000	0.01576672	0.00000000
C24	c	0.02848663	0.22965032	0.17276315	2.00000000	10.00000000	0.02088795	0.00000000
C25	c	0.17225377	0.63026691	0.09220423	2.00000000	10.00000000	0.02381002	0.00000000
C26	c	0.77962847	0.82413623	0.05125988	2.00000000	10.00000000	0.02827796	0.00000000
C27	c	0.45171752	0.05363729	0.19343810	2.00000000	10.00000000	0.02017001	0.00000000
C28	c	0.91589620	0.99655716	0.25189634	2.00000000	10.00000000	0.01678433	0.00000000
C29	c	0.08076633	0.87348654	0.10797223	2.00000000	10.00000000	0.01903755	0.00000000
C30	c	0.05777929	0.10710141	0.07164511	2.00000000	10.00000000	0.02922370	0.00000000

Q Vehicle fuel tank capacity /0.40000000/
C Vehicle load capacity /1.50000000/
r fuel consumption rate /0.25000000/
g inverse refueling rate /1.00000000/
v average Velocity /1.00000000/
