StringID	Type	x	y	demand	ReadyTime	DueDate	ServiceTime	altitude
D0	d	0.50000000	0.50000000	0.00000000	0.00000000	10.00000000	0.00000000	0.00000000
S0	f	0.42146374	0.16566471	0.00000000	0.00000000	10.00000000	0.00000000	0.00000000
S1	f	0.25908568	0.05835787	0.00000000	0.00000000	10.00000000	0.00000000	0.00000000
S2	f	0.99148194	0.46215028	0.00000000	0.00000000	10.00000000	0.00000000	0.00000000
S3	f	0.79004553	0.61568801	0.00000000	0.00000000	10.00000000	0.00000000	0.00000000
S4	f	0.36967977	0.47442519	0.00000000	0.00000000	10.00000000	0.00000000	0.00000000
S5	f	0.78035023	0.39584343	0.00000000	0.00000000	10.00000000	0.00000000	0.00000000
C1	c	0.79394330	0.80283022	0.16857804	0.00000000	8.00000000	0.02237096	0.00000000
C2	c	0.71406922	0.88725731	0.20398819	0.10000000	8.10000000	0.02480048	0.00000000
C3	c	0.76829471	0.80818888	0.17225101	0.20000000	8.20000000	0.01042796	0.00000000
C4	c	0.82682174	0.90016955	0.25043711	0.30000000	8.30000000	0.02499661	0.00000000
C5	c	0.79684958	0.84822153	0.26035594	0.40000000	8.40000000	0.02259137	0.00000000
C6	c	0.03919579	0.28867351	0.06164680	0.50000000	8.50000000	0.01579936	0.00000000
C7	c	0.11085657	0.21255619	0.21437816	0.60000000	8.60000000	0.02607169	0.00000000
C8	c	0.07569209	0.26640266	0.13365847	0.70000000	8.70000000	0.01278975	0.00000000
C9	c	0.08925698	0.39771632	0.14987181	0.80000000	8.80000000	0.02746413	0.00000000
C10	c	0.12653030	0.40317163	0.12096153	0.90000000	8.90000000	0.01841534	0.00000000
C11	c	0.16308909	0.44244005	0.10399006	1.00000000	9.00000000	0.01602438	0.00000000
C12	c	0.17156608	0.52495224	0.23412979	1.10000000	9.10000000	0.02851469	0.00000000
C13	c	0.12363234	0.43055122	0.09723201	1.20000000	9.20000000	0.02363370	0.00000000
C14	c	0.06519772	0.52189649	0.26026136	1.30000000	9.30000000	0.02299181	0.00000000
C15	c	0.20791332	0.40196123	0.21411419	1.40000000	9.40000000	0.01773222	0.00000000
C16	c	0.57506278	0.38138558	0.05399009	1.50000000	9.50000000	0.02025756	0.00000000
C17	c	0.43822358	0.67397694	0.03693067	1.60000000	9.60000000	0.02560356	0.00000000
C18	c	0.93913357	0.37163548	0.07122738	1.70000000	9.70000000	0.02531632	0.00000000
C19	c	0.53503145	0.20771426	0.13904621	1.80000000	9.80000000	0.02418058	0.00000000
C20	c	0.05829298	0.89837992	0.12760035	1.90000000	9.90000000	0.01364266	0.00000000
C21	c	0.61854780	0.74002405	0.15906396	2.00000000	10.00000000	0.01787758	0.00000000
C22	c	0.02139824	0.74983036	0.11141126	2.00000000	10.00000000	0.01075146	0.00000000
C23	c	0.62956839	0.28996776	0.12539579	2.00000000	10.00000000	0.01835427	0.00000000
C24	c	0.80358459	0.13948760	0.18340099	2.00000000	10.00000000	0.01225274	0.00000000
C25	c	0.87320632	0.42076689	0.24864064	2.00000000	10.00000000	0.02153823	0.00000000
C26	c	0.30121916	0.92573468	0.10901232	2.00000000	10.00000000	0.01437249	0.00000000
C27	c	0.68168484	0.64959073	0.14921458	2.00000000	10.00000000	0.02268058	0.00000000
C28	c	0.38661087	0.51287807	0.06868083	2.00000000	10.00000000	0.02417475	0.00000000
C29	c	0.70902882	0.18213287	0.03191694	2.00000000	10.00000000	0.02149204	0.00000000
C30	c	0.39387907	0.03757294	0.23861353	2.00000000	10.00000000	0.01574244	0.00000000

Q Vehicle fuel tank capacity /0.40000000/
C Vehicle load capacity /1.50000000/
r fuel consumption rate /0.25000000/
g inverse refueling rate /1.00000000/
v average Velocity /1.00000000/
