StringID	Type	x	y	demand	ReadyTime	DueDate	ServiceTime	altitude
D0	d	0.50000000	0.50000000	0.00000000	0.00000000	10.00000000	0.00000000	0.00000000
S0	f	0.87145156	0.61391386	0.00000000	0.00000000	10.00000000	0.00000000	0.00000000
S1	f	0.86391257	0.63902691	0.00000000	0.00000000	10.00000000	0.00000000	0.00000000
S2	f	0.77107382	0.80193290	0.00000000	0.00000000	10.00000000	0.00000000	0.00000000
S3	f	0.43437816	0.39331389	0.00000000	0.00000000	10.00000000	0.00000000	0.00000000
S4	f	0.52305987	0.21344499	0.00000000	0.00000000	10.00000000	0.00000000	0.00000000
S5	f	0.96512805	0.86690791	0.00000000	0.00000000	10.00000000	0.00000000	0.00000000
S6	f	0.69117327	0.07299861	0.00000000	0.00000000	10.00000000	0.00000000	0.00000000
S7	f	0.22107816	0.79634462	0.00000000	0.00000000	10.00000000	0.00000000	0.00000000
S8	f	0.45509195	0.15059001	0.00000000	0.00000000	10.00000000	0.00000000	0.00000000
S9	f	0.85089308	0.22672459	0.00000000	0.00000000	10.00000000	0.00000000	0.00000000
C1	c	0.44006332	0.77377686	0.12666771	0.00000000	8.00000000	0.01756349	0.00000000
C2	c	0.59425543	0.32059938	0.02024406	0.06000000	8.06000000	0.02190896	0.00000000
C3	c	0.89713328	0.49245404	0.04314211	0.12000000	8.12000000	0.02569511	0.00000000
C4	c	0.32342142	0.58530940	0.06675943	0.18000000	8.18000000	0.02381341	0.00000000
C5	c	0.64949350	0.33673917	0.13756483	0.24000000	8.24000000	0.02297804	0.00000000
C6	c	0.66376165	0.82431560	0.11065720	0.30000000	8.30000000	0.02751194	0.00000000
C7	c	0.59269055	0.48029514	0.12863133	0.36000000	8.36000000	0.01640324	0.00000000
C8	c	0.11955107	0.80081914	0.02456883	0.42000000	8.42000000	0.01980600	0.00000000
C9	c	0.90343324	0.38659349	0.08749336	0.48000000	8.48000000	0.01031608	0.00000000
C10	c	0.52464274	0.14467882	0.05776863	0.54000000	8.54000000	0.01863181	0.00000000
C11	c	0.25330365	0.17078801	0.03402118	0.60000000	8.60000000	0.01601031	0.00000000
C12	c	0.09694992	0.67262058	0.14852553	0.66000000	8.66000000	0.02570915	0.00000000
C13	c	0.05617768	0.91360383	0.01959487	0.72000000	8.72000000	0.01922718	0.00000000
C14	c	0.09636621	0.36843429	0.17037851	0.78000000	8.78000000	0.01905659	0.00000000
C15	c	0.75939747	0.68558134	0.02505187	0.84000000	8.84000000	0.01202131	0.00000000
C16	c	0.77470373	0.86509689	0.09255968	0.90000000	8.90000000	0.01108465	0.00000000
C17	c	0.67497104	0.64789450	0.15403254	0.96000000	8.96000000	0.01072839	0.00000000
C18	c	0.00527783	0.25061739	0.08972402	1.02000000	9.02000000	0.01374363	0.00000000
C19	c	0.87145156	0.61391386	0.09682112	1.08000000	9.08000000	0.02049854	0.00000000
C20	c	0.39727793	0.53339846	0.15962601	1.14000000	9.14000000	0.02338077	0.00000000
C21	c	0.35730101	0.41464358	0.02418916	1.20000000	9.20000000	0.02385231	0.00000000
C22	c	0.26935716	0.02246917	0.08300802	1.26000000	9.26000000	0.02918061	0.00000000
C23	c	0.70149538	0.94318820	0.09443327	1.32000000	9.32000000	0.01658743	0.00000000
C24	c	0.27877289	0.25088437	0.09985605	1.38000000	9.38000000	0.01296035	0.00000000
C25	c	0.69633193	0.58030643	0.07643499	1.44000000	9.44000000	0.02072304	0.00000000
C26	c	0.40948214	0.84055060	0.10362247	1.50000000	9.50000000	0.02350703	0.00000000
C27	c	0.31084674	0.68512623	0.11219901	1.56000000	9.56000000	0.02588512	0.00000000
C28	c	0.80827051	0.78268806	0.09004431	1.62000000	9.62000000	0.01677563	0.00000000
C29	c	0.84513805	0.03650999	0.02582608	1.68000000	9.68000000	0.01783670	0.00000000
C30	c	0.27517121	0.50570786	0.14803709	1.74000000	9.74000000	0.01361851	0.00000000
C31	c	0.99391482	0.65800208	0.05574357	1.80000000	9.80000000	0.01846807	0.00000000
C32	c	0.54690962	0.93973322	0.09492837	1.86000000	9.86000000	0.01329056	0.00000000
C33	c	0.34414651	0.27289842	0.12165943	1.92000000	9.92000000	0.02991842	0.00000000
C34	c	0.87680037	0.97050304	0.05276510	1.98000000	9.98000000	0.01224320	0.00000000
C35	c	0.44124576	0.46538734	0.02614321	2.00000000	10.00000000	0.02135800	0.00000000
C36	c	0.04890852	0.22063871	0.04899777	2.00000000	10.00000000	0.02326344	0.00000000
C37	c	0.30897205	0.10369367	0.12687134	2.00000000	10.00000000	0.01713750	0.00000000
C38	c	0.24343050	0.71128334	0.16257711	2.00000000	10.00000000	0.01176216	0.00000000
C39	c	0.81092472	0.72872848	0.02314461	2.00000000	10.00000000	0.01334781	0.00000000
C40	c	0.99011132	0.52453803	0.02047036	2.00000000	10.00000000	0.02331236	0.00000000
C41	c	0.84538259	0.43772535	0.16985559	2.00000000	10.00000000	0.02914659	0.00000000
C42	c	0.75587337	0.46724160	0.02135929	2.00000000	10.00000000	0.01386052	0.00000000
C43	c	0.92777778	0.00572955	0.14515863	2.00000000	10.00000000	0.02171459	0.00000000
C44	c	0.00053954	0.49766965	0.08972520	2.00000000	10.00000000	0.02243859	0.00000000
C45	c	0.60570742	0.53716234	0.07877492	2.00000000	10.00000000	0.01223108	0.00000000
C46	c	0.48226495	0.29494008	0.08624990	2.00000000	10.00000000	0.01662995	0.00000000
C47	c	0.69706710	0.19142697	0.07830673	2.00000000	10.00000000	0.01751667	0.00000000
C48	c	0.06827330	0.54060824	0.15715229	2.00000000	10.00000000	0.02657303	0.00000000
C49	c	0.42349628	0.93524952	0.15831809	2.00000000	10.00000000	0.02858956	0.00000000
C50	c	0.77107382	0.80193290	0.13031522	2.00000000	10.00000000	0.01446537	0.00000000

Q Vehicle fuel tank capacity /0.40000000/
C Vehicle load capacity /1.50000000/
r fuel consumption rate /0.25000000/
g inverse refueling rate /1.00000000/
v average Velocity /1.00000000/
