StringID	Type	x	y	demand	ReadyTime	DueDate	ServiceTime	altitude
D0	d	0.50000000	0.50000000	0.00000000	0.00000000	10.00000000	0.00000000	0.00000000
S0	f	0.82469301	0.97901704	0.00000000	0.00000000	10.00000000	0.00000000	0.00000000
S1	f	0.89196527	0.36591552	0.00000000	0.00000000	10.00000000	0.00000000	0.00000000
S2	f	0.31258889	0.74389070	0.00000000	0.00000000	10.00000000	0.00000000	0.00000000
S3	f	0.61461894	0.38116935	0.00000000	0.00000000	10.00000000	0.00000000	0.00000000
S4	f	0.02375814	0.02688268	0.00000000	0.00000000	10.00000000	0.00000000	0.00000000
S5	f	0.35418006	0.62727806	0.00000000	0.00000000	10.00000000	0.00000000	0.00000000
S6	f	0.39975924	0.59164649	0.00000000	0.00000000	10.00000000	0.00000000	0.00000000
S7	f	0.02863666	0.78329015	0.00000000	0.00000000	10.00000000	0.00000000	0.00000000
S8	f	0.04768357	0.19361423	0.00000000	0.00000000	10.00000000	0.00000000	0.00000000
S9	f	0.24818760	0.20294775	0.00000000	0.00000000	10.00000000	0.00000000	0.00000000
C1	c	0.19602174	0.27162727	0.03861933	0.00000000	8.00000000	0.02509882	0.00000000
C2	c	0.06527254	0.33184690	0.04008059	0.06000000	8.06000000	0.01995645	0.00000000
C3	c	0.15409123	0.35131898	0.12360729	0.12000000	8.12000000	0.02641364	0.00000000
C4	c	0.17887242	0.34440898	0.11029056	0.18000000	8.18000000	0.01407086	0.00000000
C5	c	0.10760106	0.33087720	0.16463501	0.24000000	8.24000000	0.02328238	0.00000000
C6	c	0.11793839	0.38494903	0.08868139	0.30000000	8.30000000	0.01287013	0.00000000
C7	c	0.13542441	0.40732656	0.04435359	0.36000000	8.36000000	0.01118063	0.00000000
C8	c	0.69578036	0.70384768	0.05965929	0.42000000	8.42000000	0.02229419	0.00000000
C9	c	0.74749940	0.75913155	0.03273584	0.48000000	8.48000000	0.02609297	0.00000000
C10	c	0.68262040	0.65954206	0.08216540	0.54000000	8.54000000	0.02695691	0.00000000
C11	c	0.60360027	0.76514285	0.11952884	0.60000000	8.60000000	0.02596035	0.00000000
C12	c	0.72238716	0.77695306	0.06581350	0.66000000	8.66000000	0.01095649	0.00000000
C13	c	0.74327394	0.78226808	0.15117776	0.72000000	8.72000000	0.02423183	0.00000000
C14	c	0.75163600	0.68466071	0.05656521	0.78000000	8.78000000	0.02743693	0.00000000
C15	c	0.76274505	0.70630989	0.14863341	0.84000000	8.84000000	0.02138395	0.00000000
C16	c	0.40549587	0.37492658	0.09873742	0.90000000	8.90000000	0.01798748	0.00000000
C17	c	0.42711267	0.29053624	0.09111558	0.96000000	8.96000000	0.01661514	0.00000000
C18	c	0.45451397	0.34170014	0.07116077	1.02000000	9.02000000	0.01444538	0.00000000
C19	c	0.46539509	0.32568989	0.10931574	1.08000000	9.08000000	0.01178296	0.00000000
C20	c	0.45260064	0.28446260	0.09096104	1.14000000	9.14000000	0.01026166	0.00000000
C21	c	0.98030552	0.72910339	0.06224219	1.20000000	9.20000000	0.01790048	0.00000000
C22	c	0.92832829	0.81327296	0.01369898	1.26000000	9.26000000	0.02088784	0.00000000
C23	c	0.67411148	0.99816934	0.02967611	1.32000000	9.32000000	0.02112239	0.00000000
C24	c	0.81516360	0.88551835	0.10765732	1.38000000	9.38000000	0.02376169	0.00000000
C25	c	0.78441472	0.85515945	0.16514975	1.44000000	9.44000000	0.01611444	0.00000000
C26	c	0.59470101	0.82205905	0.13741073	1.50000000	9.50000000	0.02039849	0.00000000
C27	c	0.99455250	0.94976910	0.03982406	1.56000000	9.56000000	0.02510481	0.00000000
C28	c	0.20872439	0.82907848	0.06832248	1.62000000	9.62000000	0.01787314	0.00000000
C29	c	0.83275271	0.34136990	0.10783108	1.68000000	9.68000000	0.01882282	0.00000000
C30	c	0.55311952	0.24907804	0.14463512	1.74000000	9.74000000	0.01589434	0.00000000
C31	c	0.28945972	0.53197946	0.17255785	1.80000000	9.80000000	0.02642702	0.00000000
C32	c	0.20671656	0.21820220	0.16530844	1.86000000	9.86000000	0.02233723	0.00000000
C33	c	0.46793935	0.55269062	0.04535033	1.92000000	9.92000000	0.01069943	0.00000000
C34	c	0.59460947	0.33837376	0.14577140	1.98000000	9.98000000	0.01141737	0.00000000
C35	c	0.68219067	0.26808308	0.14636618	2.00000000	10.00000000	0.02751287	0.00000000
C36	c	0.75494080	0.49782247	0.06682259	2.00000000	10.00000000	0.02396960	0.00000000
C37	c	0.82068210	0.20354318	0.10109999	2.00000000	10.00000000	0.02441985	0.00000000
C38	c	0.66411910	0.14350642	0.05188266	2.00000000	10.00000000	0.01779622	0.00000000
C39	c	0.05903130	0.61470932	0.05841952	2.00000000	10.00000000	0.02303017	0.00000000
C40	c	0.79801741	0.04782453	0.09767790	2.00000000	10.00000000	0.01396386	0.00000000
C41	c	0.71159161	0.87184628	0.04502531	2.00000000	10.00000000	0.02358280	0.00000000
C42	c	0.56919759	0.39937377	0.04688457	2.00000000	10.00000000	0.01713119	0.00000000
C43	c	0.33075678	0.22226893	0.08168258	2.00000000	10.00000000	0.01155991	0.00000000
C44	c	0.08914790	0.01308282	0.07141687	2.00000000	10.00000000	0.02858949	0.00000000
C45	c	0.39502402	0.54439212	0.08731128	2.00000000	10.00000000	0.01299600	0.00000000
C46	c	0.55611942	0.68808439	0.10103056	2.00000000	10.00000000	0.02108511	0.00000000
C47	c	0.75524035	0.39365708	0.10781626	2.00000000	10.00000000	0.01057433	0.00000000
C48	c	0.82135077	0.61686151	0.06633758	2.00000000	10.00000000	0.01838398	0.00000000
C49	c	0.03497129	0.07086829	0.12199364	2.00000000	10.00000000	0.01202523	0.00000000
C50	c	0.87564336	0.69848004	0.05495914	2.00000000	10.00000000	0.01143195	0.00000000

Q Vehicle fuel tank capacity /0.40000000/
C Vehicle load capacity /1.50000000/
r fuel consumption rate /0.25000000/
g inverse refueling rate /1.00000000/
v average Velocity /1.00000000/
