StringID	Type	x	y	demand	ReadyTime	DueDate	ServiceTime	altitude
D0	d	0.50000000	0.50000000	0.00000000	0.00000000	10.00000000	0.00000000	0.00000000
S0	f	0.16660806	0.17344227	0.00000000	0.00000000	10.00000000	0.00000000	0.00000000
S1	f	0.02370010	0.24802401	0.00000000	0.00000000	10.00000000	0.00000000	0.00000000
S2	f	0.83731285	0.23698546	0.00000000	0.00000000	10.00000000	0.00000000	0.00000000
S3	f	0.19850251	0.60992557	0.00000000	0.00000000	10.00000000	0.00000000	0.00000000
S4	f	0.09976773	0.12717277	0.00000000	0.00000000	10.00000000	0.00000000	0.00000000
S5	f	0.64090436	0.63881764	0.00000000	0.00000000	10.00000000	0.00000000	0.00000000
C1	c	0.18084710	0.77492582	0.04615436	0.00000000	8.00000000	0.01562512	0.00000000
C2	c	0.85835248	0.99078400	0.23976988	0.10000000	8.10000000	0.01593862	0.00000000
C3	c	0.05237413	0.15941183	0.25303782	0.20000000	8.20000000	0.01166085	0.00000000
C4	c	0.47492443	0.92112548	0.03897910	0.30000000	8.30000000	0.02817384	0.00000000
C5	c	0.19149065	0.48960924	0.15792981	0.40000000	8.40000000	0.01662091	0.00000000
C6	c	0.30666756	0.96329422	0.18276315	0.50000000	8.50000000	0.01532725	0.00000000
C7	c	0.15959498	0.53055370	0.13502194	0.60000000	8.60000000	0.02649508	0.00000000
C8	c	0.02618829	0.43355918	0.06123894	0.70000000	8.70000000	0.02337002	0.00000000
C9	c	0.68975610	0.08338538	0.13059354	0.80000000	8.80000000	0.01574799	0.00000000
C10	c	0.54159047	0.70000492	0.26794075	0.90000000	8.90000000	0.01577822	0.00000000
C11	c	0.89717176	0.29108631	0.21411386	1.00000000	9.00000000	0.02971036	0.00000000
C12	c	0.82124520	0.57859104	0.12706999	1.10000000	9.10000000	0.02227037	0.00000000
C13	c	0.37656316	0.41977037	0.03313237	1.20000000	9.20000000	0.02547005	0.00000000
C14	c	0.78195146	0.21988477	0.18129950	1.30000000	9.30000000	0.02432015	0.00000000
C15	c	0.34511694	0.24684153	0.10550781	1.40000000	9.40000000	0.02435009	0.00000000
C16	c	0.35193395	0.55004930	0.07771321	1.50000000	9.50000000	0.02286705	0.00000000
C17	c	0.71528910	0.25795674	0.24681566	1.60000000	9.60000000	0.02662823	0.00000000
C18	c	0.99725583	0.21000620	0.02686072	1.70000000	9.70000000	0.02207671	0.00000000
C19	c	0.71527077	0.86185170	0.27330732	1.80000000	9.80000000	0.02666251	0.00000000
C20	c	0.16660806	0.17344227	0.24632057	1.90000000	9.90000000	0.01353950	0.00000000
C21	c	0.53163211	0.02791797	0.05889658	2.00000000	10.00000000	0.01881648	0.00000000
C22	c	0.12658491	0.63637695	0.12248767	2.00000000	10.00000000	0.01354494	0.00000000
C23	c	0.51636796	0.60488912	0.07073156	2.00000000	10.00000000	0.01842412	0.00000000
C24	c	0.77168242	0.33388820	0.13460335	2.00000000	10.00000000	0.02220884	0.00000000
C25	c	0.66201649	0.00594373	0.07298618	2.00000000	10.00000000	0.01531946	0.00000000
C26	c	0.41899607	0.74958986	0.27263597	2.00000000	10.00000000	0.01192180	0.00000000
C27	c	0.81019190	0.65758502	0.14001006	2.00000000	10.00000000	0.01912035	0.00000000
C28	c	0.08908385	0.36756697	0.23963629	2.00000000	10.00000000	0.02384095	0.00000000
C29	c	0.94308512	0.74827923	0.09021833	2.00000000	10.00000000	0.02278401	0.00000000
C30	c	0.79958307	0.91151509	0.25222370	2.00000000	10.00000000	0.02963707	0.00000000

Q Vehicle fuel tank capacity /0.40000000/
C Vehicle load capacity /1.50000000/
r fuel consumption rate /0.25000000/
g inverse refueling rate /1.00000000/
v average Velocity /1.00000000/
