StringID	Type	x	y	demand	ReadyTime	DueDate	ServiceTime	altitude
D0	d	0.50000000	0.50000000	0.00000000	0.00000000	10.00000000	0.00000000	0.00000000
S0	f	0.60945951	0.56422983	0.00000000	0.00000000	10.00000000	0.00000000	0.00000000
S1	f	0.43996803	0.63305215	0.00000000	0.00000000	10.00000000	0.00000000	0.00000000
S2	f	0.26278667	0.68804990	0.00000000	0.00000000	10.00000000	0.00000000	0.00000000
S3	f	0.10121340	0.82535871	0.00000000	0.00000000	10.00000000	0.00000000	0.00000000
S4	f	0.94272699	0.74069577	0.00000000	0.00000000	10.00000000	0.00000000	0.00000000
S5	f	0.35284873	0.23665661	0.00000000	0.00000000	10.00000000	0.00000000	0.00000000
C1	c	0.75066732	0.87876920	0.17089126	0.00000000	8.00000000	0.02536910	0.00000000
C2	c	0.53250192	0.25303962	0.06963803	0.10000000	8.10000000	0.01165376	0.00000000
C3	c	0.48936421	0.12562745	0.22110406	0.20000000	8.20000000	0.01534673	0.00000000
C4	c	0.96107332	0.79483794	0.19560351	0.30000000	8.30000000	0.01114373	0.00000000
C5	c	0.64978240	0.76383958	0.16585445	0.40000000	8.40000000	0.02188203	0.00000000
C6	c	0.34570546	0.89670616	0.19290423	0.50000000	8.50000000	0.01434698	0.00000000
C7	c	0.62840835	0.05056507	0.09872711	0.60000000	8.60000000	0.01443818	0.00000000
C8	c	0.36009212	0.98859355	0.09486705	0.70000000	8.70000000	0.02778434	0.00000000
C9	c	0.48117231	0.01789993	0.08581718	0.80000000	8.80000000	0.02994678	0.00000000
C10	c	0.01753425	0.57609722	0.23084466	0.90000000	8.90000000	0.02685403	0.00000000
C11	c	0.65553328	0.53460277	0.18594973	1.00000000	9.00000000	0.01625519	0.00000000
C12	c	0.50258023	0.57710629	0.23256867	1.10000000	9.10000000	0.02302479	0.00000000
C13	c	0.83588185	0.27490619	0.04519803	1.20000000	9.20000000	0.02123323	0.00000000
C14	c	0.87565340	0.75482628	0.11773713	1.30000000	9.30000000	0.01093364	0.00000000
C15	c	0.06928070	0.28632701	0.20559453	1.40000000	9.40000000	0.02407361	0.00000000
C16	c	0.61464994	0.53801236	0.05153275	1.50000000	9.50000000	0.02290953	0.00000000
C17	c	0.89528341	0.85215861	0.21069491	1.60000000	9.60000000	0.01430960	0.00000000
C18	c	0.38000419	0.43955100	0.18781288	1.70000000	9.70000000	0.01893843	0.00000000
C19	c	0.78086036	0.22536112	0.21545495	1.80000000	9.80000000	0.02476151	0.00000000
C20	c	0.65154078	0.35555859	0.16573331	1.90000000	9.90000000	0.01712101	0.00000000
C21	c	0.70248560	0.05735223	0.05210950	2.00000000	10.00000000	0.01328159	0.00000000
C22	c	0.28967725	0.16657327	0.14824649	2.00000000	10.00000000	0.02833040	0.00000000
C23	c	0.56040771	0.40555090	0.05910830	2.00000000	10.00000000	0.02340414	0.00000000
C24	c	0.95155067	0.96339142	0.20940660	2.00000000	10.00000000	0.02120194	0.00000000
C25	c	0.85224174	0.68090983	0.13371711	2.00000000	10.00000000	0.01653021	0.00000000
C26	c	0.34446644	0.00862357	0.20292929	2.00000000	10.00000000	0.01377015	0.00000000
C27	c	0.15315448	0.04810284	0.10561884	2.00000000	10.00000000	0.02201254	0.00000000
C28	c	0.68121194	0.11724110	0.16343433	2.00000000	10.00000000	0.02455287	0.00000000
C29	c	0.30719980	0.04165242	0.14668265	2.00000000	10.00000000	0.01530213	0.00000000
C30	c	0.40577932	0.68480206	0.13421848	2.00000000	10.00000000	0.02953553	0.00000000

Q Vehicle fuel tank capacity /0.40000000/
C Vehicle load capacity /1.50000000/
r fuel consumption rate /0.25000000/
g inverse refueling rate /1.00000000/
v average Velocity /1.00000000/
