StringID	Type	x	y	demand	ReadyTime	DueDate	ServiceTime	altitude
D0	d	0.50000000	0.50000000	0.00000000	0.00000000	10.00000000	0.00000000	0.00000000
S0	f	0.38822093	0.14832885	0.00000000	0.00000000	10.00000000	0.00000000	0.00000000
S1	f	0.81254179	0.77236789	0.00000000	0.00000000	10.00000000	0.00000000	0.00000000
S2	f	0.02230036	0.44156401	0.00000000	0.00000000	10.00000000	0.00000000	0.00000000
S3	f	0.62563966	0.29183689	0.00000000	0.00000000	10.00000000	0.00000000	0.00000000
S4	f	0.50885433	0.55752776	0.00000000	0.00000000	10.00000000	0.00000000	0.00000000
S5	f	0.39707779	0.25292608	0.00000000	0.00000000	10.00000000	0.00000000	0.00000000
S6	f	0.08507177	0.71271736	0.00000000	0.00000000	10.00000000	0.00000000	0.00000000
S7	f	0.76096581	0.03377902	0.00000000	0.00000000	10.00000000	0.00000000	0.00000000
S8	f	0.44931288	0.54959132	0.00000000	0.00000000	10.00000000	0.00000000	0.00000000
S9	f	0.33100081	0.93215415	0.00000000	0.00000000	10.00000000	0.00000000	0.00000000
C1	c	0.82442429	0.93718552	0.14251049	0.00000000	8.00000000	0.02226137	0.00000000
C2	c	0.73168073	0.37759287	0.13713447	0.06000000	8.06000000	0.01889945	0.00000000
C3	c	0.15943192	0.23018755	0.13834394	0.12000000	8.12000000	0.02687488	0.00000000
C4	c	0.63167576	0.58287984	0.11104581	0.18000000	8.18000000	0.02947634	0.00000000
C5	c	0.92320221	0.20858809	0.10708911	0.24000000	8.24000000	0.01364657	0.00000000
C6	c	0.25868117	0.79831137	0.10665705	0.30000000	8.30000000	0.02781450	0.00000000
C7	c	0.58582899	0.18013769	0.01218949	0.36000000	8.36000000	0.01891950	0.00000000
C8	c	0.23666842	0.90282682	0.02779286	0.42000000	8.42000000	0.02308470	0.00000000
C9	c	0.45572143	0.10931236	0.08161830	0.48000000	8.48000000	0.01912423	0.00000000
C10	c	0.68657993	0.50142528	0.12386858	0.54000000	8.54000000	0.01308976	0.00000000
C11	c	0.12707853	0.49246096	0.08382879	0.60000000	8.60000000	0.02074237	0.00000000
C12	c	0.65144635	0.71298969	0.13947664	0.66000000	8.66000000	0.01911580	0.00000000
C13	c	0.75033139	0.85384233	0.12100203	0.72000000	8.72000000	0.01649321	0.00000000
C14	c	0.62566532	0.07500640	0.13860451	0.78000000	8.78000000	0.01225920	0.00000000
C15	c	0.00126882	0.17612589	0.06167958	0.84000000	8.84000000	0.01512384	0.00000000
C16	c	0.47855208	0.76837364	0.05386794	0.90000000	8.90000000	0.02897326	0.00000000
C17	c	0.87864749	0.16898625	0.12670466	0.96000000	8.96000000	0.01928406	0.00000000
C18	c	0.32606272	0.30072272	0.14486082	1.02000000	9.02000000	0.02626683	0.00000000
C19	c	0.38822093	0.14832885	0.04445150	1.08000000	9.08000000	0.02410411	0.00000000
C20	c	0.58802434	0.96855678	0.14023817	1.14000000	9.14000000	0.02624726	0.00000000
C21	c	0.87242454	0.57598894	0.13477809	1.20000000	9.20000000	0.02573604	0.00000000
C22	c	0.03019600	0.92043738	0.02071358	1.26000000	9.26000000	0.02001646	0.00000000
C23	c	0.58527910	0.92592802	0.10000418	1.32000000	9.32000000	0.01365276	0.00000000
C24	c	0.62321183	0.99007525	0.07856157	1.38000000	9.38000000	0.02598301	0.00000000
C25	c	0.59112365	0.50104058	0.12594483	1.44000000	9.44000000	0.02150486	0.00000000
C26	c	0.98026213	0.18180929	0.14938872	1.50000000	9.50000000	0.02104477	0.00000000
C27	c	0.23946294	0.73890934	0.14351541	1.56000000	9.56000000	0.02645207	0.00000000
C28	c	0.25111397	0.04095925	0.10778545	1.62000000	9.62000000	0.02853099	0.00000000
C29	c	0.14137933	0.96637458	0.06700383	1.68000000	9.68000000	0.01302958	0.00000000
C30	c	0.10023758	0.37507763	0.14070636	1.74000000	9.74000000	0.02731039	0.00000000
C31	c	0.33087219	0.35440494	0.12229581	1.80000000	9.80000000	0.02352889	0.00000000
C32	c	0.33270982	0.64031475	0.12610929	1.86000000	9.86000000	0.02457696	0.00000000
C33	c	0.72228506	0.97753055	0.12639771	1.92000000	9.92000000	0.02186029	0.00000000
C34	c	0.53553626	0.25005516	0.05357845	1.98000000	9.98000000	0.01266393	0.00000000
C35	c	0.12283229	0.78568007	0.13451764	2.00000000	10.00000000	0.01727563	0.00000000
C36	c	0.02972657	0.71196848	0.02786350	2.00000000	10.00000000	0.02409650	0.00000000
C37	c	0.81254179	0.77236789	0.08952992	2.00000000	10.00000000	0.02908986	0.00000000
C38	c	0.27812395	0.27230977	0.01538943	2.00000000	10.00000000	0.01786913	0.00000000
C39	c	0.42225082	0.30592312	0.02894728	2.00000000	10.00000000	0.02728976	0.00000000
C40	c	0.87333527	0.79474139	0.05531831	2.00000000	10.00000000	0.01691253	0.00000000
C41	c	0.52749619	0.01309501	0.08183989	2.00000000	10.00000000	0.02723977	0.00000000
C42	c	0.31729282	0.41415924	0.10760443	2.00000000	10.00000000	0.01125353	0.00000000
C43	c	0.71594688	0.44441346	0.01602653	2.00000000	10.00000000	0.02669762	0.00000000
C44	c	0.85647619	0.33789507	0.07342483	2.00000000	10.00000000	0.01972569	0.00000000
C45	c	0.67518103	0.21953012	0.01334559	2.00000000	10.00000000	0.01993950	0.00000000
C46	c	0.54901415	0.21156343	0.08358714	2.00000000	10.00000000	0.02857129	0.00000000
C47	c	0.81272221	0.62966462	0.05096051	2.00000000	10.00000000	0.01718747	0.00000000
C48	c	0.26023890	0.95124019	0.01262711	2.00000000	10.00000000	0.02214452	0.00000000
C49	c	0.75512505	0.91626433	0.02124591	2.00000000	10.00000000	0.01567948	0.00000000
C50	c	0.37093230	0.01314710	0.14802397	2.00000000	10.00000000	0.01846355	0.00000000

Q Vehicle fuel tank capacity /0.40000000/
C Vehicle load capacity /1.50000000/
r fuel consumption rate /0.25000000/
g inverse refueling rate /1.00000000/
v average Velocity /1.00000000/
