StringID	Type	x	y	demand	ReadyTime	DueDate	ServiceTime	altitude
D0	d	0.50000000	0.50000000	0.00000000	0.00000000	10.00000000	0.00000000	0.00000000
S0	f	0.37857983	0.93412269	0.00000000	0.00000000	10.00000000	0.00000000	0.00000000
S1	f	0.14173007	0.45148402	0.00000000	0.00000000	10.00000000	0.00000000	0.00000000
S2	f	0.50073869	0.11458951	0.00000000	0.00000000	10.00000000	0.00000000	0.00000000
S3	f	0.02965221	0.10647239	0.00000000	0.00000000	10.00000000	0.00000000	0.00000000
S4	f	0.78265207	0.00066316	0.00000000	0.00000000	10.00000000	0.00000000	0.00000000
S5	f	0.35170546	0.17523844	0.00000000	0.00000000	10.00000000	0.00000000	0.00000000
C1	c	0.93707145	0.16458728	0.03115899	0.00000000	8.00000000	0.01942290	0.00000000
C2	c	0.09329269	0.69167045	0.02304057	0.10000000	8.10000000	0.01773273	0.00000000
C3	c	0.99773498	0.78347658	0.26988315	0.20000000	8.20000000	0.01573928	0.00000000
C4	c	0.00815254	0.19244223	0.25510163	0.30000000	8.30000000	0.02930059	0.00000000
C5	c	0.92094319	0.34435512	0.19254523	0.40000000	8.40000000	0.01288064	0.00000000
C6	c	0.36702548	0.71401647	0.26319712	0.50000000	8.50000000	0.01376289	0.00000000
C7	c	0.08870618	0.43680153	0.12759763	0.60000000	8.60000000	0.01018081	0.00000000
C8	c	0.16309972	0.92556153	0.12006319	0.70000000	8.70000000	0.02022066	0.00000000
C9	c	0.80424024	0.50473502	0.07250862	0.80000000	8.80000000	0.02430570	0.00000000
C10	c	0.18330917	0.41638587	0.03216948	0.90000000	8.90000000	0.02211253	0.00000000
C11	c	0.53709942	0.57329184	0.06472851	1.00000000	9.00000000	0.02601608	0.00000000
C12	c	0.27807491	0.29343307	0.25210269	1.10000000	9.10000000	0.02205001	0.00000000
C13	c	0.76773788	0.43889312	0.27455119	1.20000000	9.20000000	0.02490933	0.00000000
C14	c	0.17397052	0.13958919	0.06208313	1.30000000	9.30000000	0.02493027	0.00000000
C15	c	0.28871527	0.38305651	0.27844121	1.40000000	9.40000000	0.01158198	0.00000000
C16	c	0.52966869	0.05841592	0.22297250	1.50000000	9.50000000	0.01206293	0.00000000
C17	c	0.75351832	0.20481709	0.15803884	1.60000000	9.60000000	0.02082824	0.00000000
C18	c	0.26234318	0.44227731	0.27264855	1.70000000	9.70000000	0.01576184	0.00000000
C19	c	0.05852786	0.78129657	0.06973140	1.80000000	9.80000000	0.01258156	0.00000000
C20	c	0.37857983	0.93412269	0.15599061	1.90000000	9.90000000	0.01876297	0.00000000
C21	c	0.98158771	0.91555191	0.19212606	2.00000000	10.00000000	0.02070157	0.00000000
C22	c	0.10402278	0.36788854	0.11508953	2.00000000	10.00000000	0.01699454	0.00000000
C23	c	0.64134685	0.40733296	0.09779737	2.00000000	10.00000000	0.02710122	0.00000000
C24	c	0.74584122	0.38252091	0.09420261	2.00000000	10.00000000	0.02168255	0.00000000
C25	c	0.52738240	0.92083507	0.09539136	2.00000000	10.00000000	0.02178004	0.00000000
C26	c	0.01115741	0.94964752	0.24278178	2.00000000	10.00000000	0.01335449	0.00000000
C27	c	0.00556572	0.90340054	0.12664754	2.00000000	10.00000000	0.01881262	0.00000000
C28	c	0.61879880	0.80199124	0.21728507	2.00000000	10.00000000	0.01700586	0.00000000
C29	c	0.63095414	0.09160848	0.07946662	2.00000000	10.00000000	0.02126124	0.00000000
C30	c	0.12821964	0.02803621	0.04065782	2.00000000	10.00000000	0.01871586	0.00000000

Q Vehicle fuel tank capacity /0.40000000/
C Vehicle load capacity /1.50000000/
r fuel consumption rate /0.25000000/
g inverse refueling rate /1.00000000/
v average Velocity /1.00000000/
