StringID	Type	x	y	demand	ReadyTime	DueDate	ServiceTime	altitude
D0	d	0.50000000	0.50000000	0.00000000	0.00000000	10.00000000	0.00000000	0.00000000
S0	f	0.79218749	0.99776707	0.00000000	0.00000000	10.00000000	0.00000000	0.00000000
S1	f	0.63292081	0.51248444	0.00000000	0.00000000	10.00000000	0.00000000	0.00000000
S2	f	0.41011443	0.74705529	0.00000000	0.00000000	10.00000000	0.00000000	0.00000000
S3	f	0.31533463	0.28290332	0.00000000	0.00000000	10.00000000	0.00000000	0.00000000
S4	f	0.73997235	0.88609787	0.00000000	0.00000000	10.00000000	0.00000000	0.00000000
S5	f	0.30408429	0.42263756	0.00000000	0.00000000	10.00000000	0.00000000	0.00000000
S6	f	0.90825834	0.33661864	0.00000000	0.00000000	10.00000000	0.00000000	0.00000000
S7	f	0.33165770	0.50558261	0.00000000	0.00000000	10.00000000	0.00000000	0.00000000
S8	f	0.70152333	0.18136199	0.00000000	0.00000000	10.00000000	0.00000000	0.00000000
S9	f	0.77885409	0.81697827	0.00000000	0.00000000	10.00000000	0.00000000	0.00000000
C1	c	0.50751395	0.67093320	0.11110346	0.00000000	8.00000000	0.01842109	0.00000000
C2	c	0.55814926	0.65352383	0.12274358	0.06000000	8.06000000	0.01161507	0.00000000
C3	c	0.58840382	0.72059229	0.04617944	0.12000000	8.12000000	0.01723746	0.00000000
C4	c	0.56379205	0.65195713	0.01904831	0.18000000	8.18000000	0.01037459	0.00000000
C5	c	0.07706340	0.68621972	0.07768165	0.24000000	8.24000000	0.01948324	0.00000000
C6	c	0.00000000	0.66898855	0.07451486	0.30000000	8.30000000	0.02278024	0.00000000
C7	c	0.44676531	0.14693779	0.13196933	0.36000000	8.36000000	0.01387551	0.00000000
C8	c	0.46113402	0.21158615	0.11695438	0.42000000	8.42000000	0.02194414	0.00000000
C9	c	0.45994710	0.24480794	0.11811473	0.48000000	8.48000000	0.02597944	0.00000000
C10	c	0.42267616	0.26148716	0.03855364	0.54000000	8.54000000	0.02486660	0.00000000
C11	c	0.41491289	0.18066505	0.04520839	0.60000000	8.60000000	0.02769359	0.00000000
C12	c	0.40146948	0.20571158	0.06659832	0.66000000	8.66000000	0.02922597	0.00000000
C13	c	0.41409118	0.21902133	0.05554665	0.72000000	8.72000000	0.01288009	0.00000000
C14	c	0.43883081	0.22027637	0.15824039	0.78000000	8.78000000	0.02073040	0.00000000
C15	c	0.37715935	0.97850303	0.10196544	0.84000000	8.84000000	0.01534131	0.00000000
C16	c	0.23081873	0.90058137	0.09427812	0.90000000	8.90000000	0.01473583	0.00000000
C17	c	0.26861665	0.95680788	0.03074764	0.96000000	8.96000000	0.01887013	0.00000000
C18	c	0.30543627	0.97695685	0.02067073	1.02000000	9.02000000	0.01948362	0.00000000
C19	c	0.18279410	0.99443761	0.04541669	1.08000000	9.08000000	0.01085340	0.00000000
C20	c	0.26594051	0.95042926	0.13421370	1.14000000	9.14000000	0.01436054	0.00000000
C21	c	0.19927674	0.91047406	0.12338525	1.20000000	9.20000000	0.01416203	0.00000000
C22	c	0.24975484	0.89761917	0.04292495	1.26000000	9.26000000	0.01479413	0.00000000
C23	c	0.28667369	0.95042221	0.14802319	1.32000000	9.32000000	0.01731852	0.00000000
C24	c	0.19754395	0.90559355	0.02869586	1.38000000	9.38000000	0.02377232	0.00000000
C25	c	0.01165617	0.14558313	0.10992596	1.44000000	9.44000000	0.02845676	0.00000000
C26	c	0.63168257	0.13830990	0.03279098	1.50000000	9.50000000	0.02032986	0.00000000
C27	c	0.93301512	0.73108800	0.15703696	1.56000000	9.56000000	0.01794536	0.00000000
C28	c	0.73935632	0.19813067	0.12546722	1.62000000	9.62000000	0.01875866	0.00000000
C29	c	0.60233472	0.86871172	0.09066709	1.68000000	9.68000000	0.01084093	0.00000000
C30	c	0.85202417	0.66434169	0.12076711	1.74000000	9.74000000	0.01155233	0.00000000
C31	c	0.62670898	0.23944419	0.12675991	1.80000000	9.80000000	0.01906277	0.00000000
C32	c	0.86639744	0.82006850	0.04214349	1.86000000	9.86000000	0.02458270	0.00000000
C33	c	0.06478892	0.16121804	0.10533765	1.92000000	9.92000000	0.02471907	0.00000000
C34	c	0.64025482	0.32687224	0.14698362	1.98000000	9.98000000	0.01122767	0.00000000
C35	c	0.41002373	0.86926344	0.14437465	2.00000000	10.00000000	0.01665689	0.00000000
C36	c	0.20838355	0.49007425	0.11503195	2.00000000	10.00000000	0.01032133	0.00000000
C37	c	0.82442695	0.31901421	0.10914837	2.00000000	10.00000000	0.02686985	0.00000000
C38	c	0.42105440	0.08075359	0.04860254	2.00000000	10.00000000	0.01497666	0.00000000
C39	c	0.36187277	0.01872931	0.14662180	2.00000000	10.00000000	0.01753128	0.00000000
C40	c	0.47416210	0.63901181	0.13937863	2.00000000	10.00000000	0.01021399	0.00000000
C41	c	0.19377554	0.59720706	0.02129654	2.00000000	10.00000000	0.01453368	0.00000000
C42	c	0.79897219	0.74333017	0.03637249	2.00000000	10.00000000	0.01487502	0.00000000
C43	c	0.88467941	0.96129827	0.11126616	2.00000000	10.00000000	0.02241828	0.00000000
C44	c	0.14400462	0.53651981	0.06227123	2.00000000	10.00000000	0.02846495	0.00000000
C45	c	0.26706526	0.23679141	0.07527132	2.00000000	10.00000000	0.01970221	0.00000000
C46	c	0.44350636	0.47418076	0.14706988	2.00000000	10.00000000	0.02619927	0.00000000
C47	c	0.04266996	0.21802685	0.04374645	2.00000000	10.00000000	0.02547284	0.00000000
C48	c	0.20810133	0.23970670	0.08778660	2.00000000	10.00000000	0.01561163	0.00000000
C49	c	0.36592608	0.68861621	0.14006004	2.00000000	10.00000000	0.01715896	0.00000000
C50	c	0.92283775	0.51649295	0.06104269	2.00000000	10.00000000	0.01149415	0.00000000

Q Vehicle fuel tank capacity /0.40000000/
C Vehicle load capacity /1.50000000/
r fuel consumption rate /0.25000000/
g inverse refueling rate /1.00000000/
v average Velocity /1.00000000/
