StringID	Type	x	y	demand	ReadyTime	DueDate	ServiceTime	altitude
D0	d	0.50000000	0.50000000	0.00000000	0.00000000	10.00000000	0.00000000	0.00000000
S0	f	0.41498065	0.67897368	0.00000000	0.00000000	10.00000000	0.00000000	0.00000000
S1	f	0.28185187	0.73596132	0.00000000	0.00000000	10.00000000	0.00000000	0.00000000
S2	f	0.98458726	0.43360780	0.00000000	0.00000000	10.00000000	0.00000000	0.00000000
S3	f	0.16826586	0.89474653	0.00000000	0.00000000	10.00000000	0.00000000	0.00000000
S4	f	0.42348345	0.07241745	0.00000000	0.00000000	10.00000000	0.00000000	0.00000000
S5	f	0.85109442	0.54516192	0.00000000	0.00000000	10.00000000	0.00000000	0.00000000
C1	c	0.77787185	0.66801671	0.05498964	0.00000000	8.00000000	0.01103167	0.00000000
C2	c	0.75852210	0.61664667	0.13355813	0.10000000	8.10000000	0.02576699	0.00000000
C3	c	0.85661992	0.69611111	0.02916994	0.20000000	8.20000000	0.01356803	0.00000000
C4	c	0.80895861	0.68370729	0.04781173	0.30000000	8.30000000	0.02638563	0.00000000
C5	c	0.80772761	0.64175686	0.24461916	0.40000000	8.40000000	0.01036145	0.00000000
C6	c	0.88575940	0.68007922	0.19303859	0.50000000	8.50000000	0.02709409	0.00000000
C7	c	0.87810112	0.68538936	0.18690574	0.60000000	8.60000000	0.01131182	0.00000000
C8	c	0.98719127	0.71180069	0.16213067	0.70000000	8.70000000	0.01250854	0.00000000
C9	c	0.98411104	0.70992728	0.10524705	0.80000000	8.80000000	0.02692342	0.00000000
C10	c	0.87987885	0.63706119	0.23784936	0.90000000	8.90000000	0.01727577	0.00000000
C11	c	0.95168134	0.69463241	0.24293487	1.00000000	9.00000000	0.02579257	0.00000000
C12	c	0.36603286	0.33939260	0.14139812	1.10000000	9.10000000	0.01297967	0.00000000
C13	c	0.36922241	0.40194706	0.21813399	1.20000000	9.20000000	0.01547452	0.00000000
C14	c	0.27678500	0.37790379	0.09031569	1.30000000	9.30000000	0.01210263	0.00000000
C15	c	0.41671261	0.40289740	0.16638332	1.40000000	9.40000000	0.02638607	0.00000000
C16	c	0.11324215	0.83948195	0.12122092	1.50000000	9.50000000	0.02624797	0.00000000
C17	c	0.67990117	0.83915884	0.07447261	1.60000000	9.60000000	0.02456584	0.00000000
C18	c	0.88731427	0.28927116	0.04218015	1.70000000	9.70000000	0.01647183	0.00000000
C19	c	0.92801086	0.79034217	0.20805868	1.80000000	9.80000000	0.02105970	0.00000000
C20	c	0.31700176	0.77693818	0.17160925	1.90000000	9.90000000	0.02990661	0.00000000
C21	c	0.43095658	0.89544142	0.20798488	2.00000000	10.00000000	0.02047454	0.00000000
C22	c	0.25877407	0.05158334	0.21898393	2.00000000	10.00000000	0.01042038	0.00000000
C23	c	0.78834956	0.17840140	0.08238648	2.00000000	10.00000000	0.01017121	0.00000000
C24	c	0.81928155	0.01807250	0.22827933	2.00000000	10.00000000	0.02133153	0.00000000
C25	c	0.85470431	0.06559122	0.19683479	2.00000000	10.00000000	0.02905518	0.00000000
C26	c	0.36378873	0.78962849	0.08872035	2.00000000	10.00000000	0.02490140	0.00000000
C27	c	0.14898346	0.27372580	0.19377322	2.00000000	10.00000000	0.01119682	0.00000000
C28	c	0.81239849	0.72829183	0.11474847	2.00000000	10.00000000	0.02856365	0.00000000
C29	c	0.32359170	0.55298504	0.22084023	2.00000000	10.00000000	0.01335623	0.00000000
C30	c	0.99533043	0.52372698	0.07542072	2.00000000	10.00000000	0.01809401	0.00000000

Q Vehicle fuel tank capacity /0.40000000/
C Vehicle load capacity /1.50000000/
r fuel consumption rate /0.25000000/
g inverse refueling rate /1.00000000/
v average Velocity /1.00000000/
