StringID	Type	x	y	demand	ReadyTime	DueDate	ServiceTime	altitude
D0	d	0.50000000	0.50000000	0.00000000	0.00000000	10.00000000	0.00000000	0.00000000
S0	f	0.33773934	0.59059126	0.00000000	0.00000000	10.00000000	0.00000000	0.00000000
S1	f	0.33735056	0.75273889	0.00000000	0.00000000	10.00000000	0.00000000	0.00000000
S2	f	0.09402334	0.95449266	0.00000000	0.00000000	10.00000000	0.00000000	0.00000000
S3	f	0.04557583	0.23429404	0.00000000	0.00000000	10.00000000	0.00000000	0.00000000
S4	f	0.42123233	0.24812533	0.00000000	0.00000000	10.00000000	0.00000000	0.00000000
S5	f	0.39985049	0.60654205	0.00000000	0.00000000	10.00000000	0.00000000	0.00000000
S6	f	0.76544966	0.67044108	0.00000000	0.00000000	10.00000000	0.00000000	0.00000000
S7	f	0.83575834	0.91115677	0.00000000	0.00000000	10.00000000	0.00000000	0.00000000
S8	f	0.31763994	0.19681706	0.00000000	0.00000000	10.00000000	0.00000000	0.00000000
S9	f	0.00674445	0.77498057	0.00000000	0.00000000	10.00000000	0.00000000	0.00000000
C1	c	0.31187285	0.64473043	0.14829529	0.00000000	8.00000000	0.02731406	0.00000000
C2	c	0.32387566	0.66566144	0.07397939	0.06000000	8.06000000	0.02583244	0.00000000
C3	c	0.38452785	0.67882982	0.07384743	0.12000000	8.12000000	0.02082997	0.00000000
C4	c	0.29807893	0.64817715	0.08385609	0.18000000	8.18000000	0.02679133	0.00000000
C5	c	0.66333834	0.11314970	0.06165009	0.24000000	8.24000000	0.02716709	0.00000000
C6	c	0.67111311	0.03263822	0.07087246	0.30000000	8.30000000	0.01813980	0.00000000
C7	c	0.70528531	0.16510186	0.14294144	0.36000000	8.36000000	0.02015422	0.00000000
C8	c	0.67336923	0.10721249	0.05417714	0.42000000	8.42000000	0.02945087	0.00000000
C9	c	0.77426887	0.11160190	0.15391239	0.48000000	8.48000000	0.02699017	0.00000000
C10	c	0.75142148	0.13318196	0.13110445	0.54000000	8.54000000	0.02630111	0.00000000
C11	c	0.66057120	0.14639031	0.07658353	0.60000000	8.60000000	0.01301180	0.00000000
C12	c	0.32047336	0.00325258	0.01099684	0.66000000	8.66000000	0.02837796	0.00000000
C13	c	0.38228791	0.00000000	0.13409868	0.72000000	8.72000000	0.01759865	0.00000000
C14	c	0.30343161	0.02460513	0.14623547	0.78000000	8.78000000	0.01834770	0.00000000
C15	c	0.26116790	0.00000000	0.06968692	0.84000000	8.84000000	0.02075379	0.00000000
C16	c	0.31362941	0.00000000	0.03805556	0.90000000	8.90000000	0.02427478	0.00000000
C17	c	0.41032498	0.00000000	0.10837012	0.96000000	8.96000000	0.02456416	0.00000000
C18	c	0.36604770	0.02305551	0.03809993	1.02000000	9.02000000	0.02253271	0.00000000
C19	c	0.88277331	0.77805663	0.03536322	1.08000000	9.08000000	0.01075608	0.00000000
C20	c	0.90818010	0.70699758	0.10917665	1.14000000	9.14000000	0.02282265	0.00000000
C21	c	0.90988930	0.71332250	0.14347932	1.20000000	9.20000000	0.01345287	0.00000000
C22	c	0.97123461	0.73456627	0.01730189	1.26000000	9.26000000	0.02629004	0.00000000
C23	c	0.65148888	0.25697313	0.14485902	1.32000000	9.32000000	0.01168464	0.00000000
C24	c	0.68782239	0.28242139	0.10035977	1.38000000	9.38000000	0.01380931	0.00000000
C25	c	0.70051589	0.14250817	0.14203290	1.44000000	9.44000000	0.01684699	0.00000000
C26	c	0.93785292	0.49671274	0.15058964	1.50000000	9.50000000	0.02641831	0.00000000
C27	c	0.83545386	0.05951313	0.14681543	1.56000000	9.56000000	0.02473929	0.00000000
C28	c	0.37588172	0.17875861	0.08264484	1.62000000	9.62000000	0.02788396	0.00000000
C29	c	0.19503984	0.24786376	0.13191992	1.68000000	9.68000000	0.02310513	0.00000000
C30	c	0.01434486	0.47481043	0.01904747	1.74000000	9.74000000	0.02532268	0.00000000
C31	c	0.55035929	0.36600318	0.06506812	1.80000000	9.80000000	0.01784212	0.00000000
C32	c	0.73419083	0.78950993	0.03639355	1.86000000	9.86000000	0.01229337	0.00000000
C33	c	0.62355376	0.63741896	0.03876190	1.92000000	9.92000000	0.02427779	0.00000000
C34	c	0.85256499	0.28727175	0.04644595	1.98000000	9.98000000	0.01644657	0.00000000
C35	c	0.72040075	0.97176357	0.01247706	2.00000000	10.00000000	0.02735863	0.00000000
C36	c	0.60378093	0.54357137	0.07945882	2.00000000	10.00000000	0.01677781	0.00000000
C37	c	0.54149845	0.83956629	0.09044855	2.00000000	10.00000000	0.02613283	0.00000000
C38	c	0.85835431	0.40698979	0.06363114	2.00000000	10.00000000	0.01560754	0.00000000
C39	c	0.50771106	0.97254338	0.11718966	2.00000000	10.00000000	0.01095601	0.00000000
C40	c	0.84950862	0.81505535	0.12523667	2.00000000	10.00000000	0.02229391	0.00000000
C41	c	0.15059002	0.91889818	0.11071943	2.00000000	10.00000000	0.02946946	0.00000000
C42	c	0.37993244	0.41738487	0.02840726	2.00000000	10.00000000	0.01409460	0.00000000
C43	c	0.53768928	0.71373884	0.10109581	2.00000000	10.00000000	0.01513135	0.00000000
C44	c	0.72820795	0.62663535	0.10311271	2.00000000	10.00000000	0.02698028	0.00000000
C45	c	0.03780388	0.64113246	0.13440899	2.00000000	10.00000000	0.02740599	0.00000000
C46	c	0.17264330	0.81450200	0.05217845	2.00000000	10.00000000	0.02282800	0.00000000
C47	c	0.08423220	0.19046551	0.11518368	2.00000000	10.00000000	0.01780624	0.00000000
C48	c	0.34234962	0.82091538	0.15174825	2.00000000	10.00000000	0.01474547	0.00000000
C49	c	0.73696468	0.89419821	0.09821955	2.00000000	10.00000000	0.01705154	0.00000000
C50	c	0.65525644	0.76613399	0.08946115	2.00000000	10.00000000	0.02493648	0.00000000

Q Vehicle fuel tank capacity /0.40000000/
C Vehicle load capacity /1.50000000/
r fuel consumption rate /0.25000000/
g inverse refueling rate /1.00000000/
v average Velocity /1.00000000/
