StringID	Type	x	y	demand	ReadyTime	DueDate	ServiceTime	altitude
D0	d	0.50000000	0.50000000	0.00000000	0.00000000	10.00000000	0.00000000	0.00000000
S0	f	0.84257901	0.74714497	0.00000000	0.00000000	10.00000000	0.00000000	0.00000000
S1	f	0.61104535	0.67828318	0.00000000	0.00000000	10.00000000	0.00000000	0.00000000
S2	f	0.87173675	0.01372530	0.00000000	0.00000000	10.00000000	0.00000000	0.00000000
S3	f	0.58832916	0.81216729	0.00000000	0.00000000	10.00000000	0.00000000	0.00000000
S4	f	0.01630198	0.25989686	0.00000000	0.00000000	10.00000000	0.00000000	0.00000000
S5	f	0.88761273	0.30000638	0.00000000	0.00000000	10.00000000	0.00000000	0.00000000
C1	c	0.98821154	0.38532779	0.07887131	0.00000000	8.00000000	0.01447126	0.00000000
C2	c	0.46051908	0.39030276	0.26098948	0.10000000	8.10000000	0.02579867	0.00000000
C3	c	0.40975142	0.99521216	0.12142710	0.20000000	8.20000000	0.01323464	0.00000000
C4	c	0.77794479	0.35768964	0.03803578	0.30000000	8.30000000	0.02993178	0.00000000
C5	c	0.95709377	0.24743136	0.20174632	0.40000000	8.40000000	0.01698111	0.00000000
C6	c	0.61229550	0.07119159	0.16245688	0.50000000	8.50000000	0.01034992	0.00000000
C7	c	0.48711108	0.24218142	0.09558119	0.60000000	8.60000000	0.01345620	0.00000000
C8	c	0.92983766	0.13774774	0.13071555	0.70000000	8.70000000	0.01944006	0.00000000
C9	c	0.37384075	0.51108631	0.25315394	0.80000000	8.80000000	0.01302899	0.00000000
C10	c	0.77204199	0.47781448	0.25017286	0.90000000	8.90000000	0.02165421	0.00000000
C11	c	0.58605011	0.98187936	0.15147167	1.00000000	9.00000000	0.02913055	0.00000000
C12	c	0.63982991	0.21290791	0.08356655	1.10000000	9.10000000	0.02663787	0.00000000
C13	c	0.27192822	0.66069586	0.05972184	1.20000000	9.20000000	0.01752208	0.00000000
C14	c	0.24504224	0.37255012	0.04582049	1.30000000	9.30000000	0.01702950	0.00000000
C15	c	0.63295983	0.01605173	0.09044270	1.40000000	9.40000000	0.01598092	0.00000000
C16	c	0.35631442	0.64814558	0.13519273	1.50000000	9.50000000	0.02715239	0.00000000
C17	c	0.46414969	0.56994780	0.15054336	1.60000000	9.60000000	0.02913841	0.00000000
C18	c	0.90717982	0.59561998	0.22946889	1.70000000	9.70000000	0.01699449	0.00000000
C19	c	0.84257901	0.74714497	0.23363311	1.80000000	9.80000000	0.02799399	0.00000000
C20	c	0.23277337	0.31839457	0.04771253	1.90000000	9.90000000	0.02539461	0.00000000
C21	c	0.14440453	0.44139780	0.13520940	2.00000000	10.00000000	0.02694434	0.00000000
C22	c	0.43133118	0.10369659	0.18251636	2.00000000	10.00000000	0.02568076	0.00000000
C23	c	0.03624378	0.95840384	0.14222724	2.00000000	10.00000000	0.02724632	0.00000000
C24	c	0.03532851	0.46884890	0.19758757	2.00000000	10.00000000	0.01255161	0.00000000
C25	c	0.65783514	0.60603727	0.22429974	2.00000000	10.00000000	0.01343964	0.00000000
C26	c	0.48117247	0.96138357	0.24637442	2.00000000	10.00000000	0.02777591	0.00000000
C27	c	0.49944521	0.11330193	0.18166666	2.00000000	10.00000000	0.01676571	0.00000000
C28	c	0.88940526	0.63475489	0.09583036	2.00000000	10.00000000	0.01823712	0.00000000
C29	c	0.76361059	0.20047913	0.19053464	2.00000000	10.00000000	0.01117219	0.00000000
C30	c	0.12902471	0.71460519	0.08302933	2.00000000	10.00000000	0.02962447	0.00000000

Q Vehicle fuel tank capacity /0.40000000/
C Vehicle load capacity /1.50000000/
r fuel consumption rate /0.25000000/
g inverse refueling rate /1.00000000/
v average Velocity /1.00000000/
