StringID	Type	x	y	demand	ReadyTime	DueDate	ServiceTime	altitude
D0	d	0.50000000	0.50000000	0.00000000	0.00000000	10.00000000	0.00000000	0.00000000
S0	f	0.28670984	0.03687709	0.00000000	0.00000000	10.00000000	0.00000000	0.00000000
S1	f	0.02420288	0.49854032	0.00000000	0.00000000	10.00000000	0.00000000	0.00000000
S2	f	0.23226593	0.19317876	0.00000000	0.00000000	10.00000000	0.00000000	0.00000000
S3	f	0.40551931	0.20688776	0.00000000	0.00000000	10.00000000	0.00000000	0.00000000
S4	f	0.21352733	0.69849412	0.00000000	0.00000000	10.00000000	0.00000000	0.00000000
S5	f	0.24449112	0.75302846	0.00000000	0.00000000	10.00000000	0.00000000	0.00000000
C1	c	0.01114654	0.11342048	0.17560954	0.00000000	8.00000000	0.02667201	0.00000000
C2	c	0.03757813	0.82477330	0.04107202	0.10000000	8.10000000	0.02399628	0.00000000
C3	c	0.09302578	0.71405098	0.03713415	0.20000000	8.20000000	0.02733008	0.00000000
C4	c	0.31380203	0.74895906	0.12273442	0.30000000	8.30000000	0.01925246	0.00000000
C5	c	0.87502815	0.68500896	0.12758707	0.40000000	8.40000000	0.01515102	0.00000000
C6	c	0.99588876	0.48238278	0.10374109	0.50000000	8.50000000	0.02590419	0.00000000
C7	c	0.11145363	0.14945886	0.21552587	0.60000000	8.60000000	0.02364061	0.00000000
C8	c	0.60070799	0.35373257	0.15326575	0.70000000	8.70000000	0.02012698	0.00000000
C9	c	0.99272020	0.67867237	0.11403330	0.80000000	8.80000000	0.02321161	0.00000000
C10	c	0.89925517	0.19506954	0.10677289	0.90000000	8.90000000	0.01192326	0.00000000
C11	c	0.38109903	0.50194408	0.16613353	1.00000000	9.00000000	0.01895711	0.00000000
C12	c	0.60670738	0.60514077	0.22656295	1.10000000	9.10000000	0.01901578	0.00000000
C13	c	0.04274912	0.35703287	0.19330918	1.20000000	9.20000000	0.01896199	0.00000000
C14	c	0.23948127	0.58842201	0.17896187	1.30000000	9.30000000	0.02674580	0.00000000
C15	c	0.67989766	0.80689591	0.23986964	1.40000000	9.40000000	0.01641279	0.00000000
C16	c	0.10831245	0.23989034	0.19527146	1.50000000	9.50000000	0.02708460	0.00000000
C17	c	0.93229097	0.16798347	0.20214347	1.60000000	9.60000000	0.02535128	0.00000000
C18	c	0.92001324	0.08669818	0.14168126	1.70000000	9.70000000	0.02434322	0.00000000
C19	c	0.31459315	0.05440556	0.13936819	1.80000000	9.80000000	0.01611270	0.00000000
C20	c	0.17164859	0.50506468	0.04838887	1.90000000	9.90000000	0.02998448	0.00000000
C21	c	0.77003289	0.21688673	0.22126343	2.00000000	10.00000000	0.02902345	0.00000000
C22	c	0.44984734	0.63007162	0.19416883	2.00000000	10.00000000	0.02533206	0.00000000
C23	c	0.96672276	0.04416761	0.11458278	2.00000000	10.00000000	0.01428457	0.00000000
C24	c	0.70271622	0.36688343	0.22541799	2.00000000	10.00000000	0.02099022	0.00000000
C25	c	0.41044017	0.11027624	0.23937645	2.00000000	10.00000000	0.02830835	0.00000000
C26	c	0.59522418	0.17281666	0.11857483	2.00000000	10.00000000	0.01147356	0.00000000
C27	c	0.54176613	0.10839155	0.16259225	2.00000000	10.00000000	0.02055714	0.00000000
C28	c	0.54438694	0.00909874	0.12395349	2.00000000	10.00000000	0.01043992	0.00000000
C29	c	0.82822553	0.12590778	0.14495160	2.00000000	10.00000000	0.02111302	0.00000000
C30	c	0.40540772	0.92984554	0.02595183	2.00000000	10.00000000	0.02824925	0.00000000

Q Vehicle fuel tank capacity /0.40000000/
C Vehicle load capacity /1.50000000/
r fuel consumption rate /0.25000000/
g inverse refueling rate /1.00000000/
v average Velocity /1.00000000/
