StringID	Type	x	y	demand	ReadyTime	DueDate	ServiceTime	altitude
D0	d	0.50000000	0.50000000	0.00000000	0.00000000	10.00000000	0.00000000	0.00000000
S0	f	0.13733642	0.51504661	0.00000000	0.00000000	10.00000000	0.00000000	0.00000000
S1	f	0.93934265	0.57281651	0.00000000	0.00000000	10.00000000	0.00000000	0.00000000
S2	f	0.37806867	0.60886818	0.00000000	0.00000000	10.00000000	0.00000000	0.00000000
S3	f	0.67096500	0.37249456	0.00000000	0.00000000	10.00000000	0.00000000	0.00000000
S4	f	0.33641855	0.77166278	0.00000000	0.00000000	10.00000000	0.00000000	0.00000000
S5	f	0.92694109	0.68750620	0.00000000	0.00000000	10.00000000	0.00000000	0.00000000
S6	f	0.74341405	0.41443803	0.00000000	0.00000000	10.00000000	0.00000000	0.00000000
S7	f	0.78241711	0.21932730	0.00000000	0.00000000	10.00000000	0.00000000	0.00000000
S8	f	0.89928826	0.53583706	0.00000000	0.00000000	10.00000000	0.00000000	0.00000000
S9	f	0.56746817	0.79706752	0.00000000	0.00000000	10.00000000	0.00000000	0.00000000
C1	c	0.48704088	0.84260451	0.05388309	0.00000000	8.00000000	0.01375206	0.00000000
C2	c	0.58107097	0.34390781	0.03349652	0.06000000	8.06000000	0.02898287	0.00000000
C3	c	0.82665879	0.75536890	0.13746320	0.12000000	8.12000000	0.01945322	0.00000000
C4	c	0.90629575	0.65284785	0.10632365	0.18000000	8.18000000	0.01067754	0.00000000
C5	c	0.76715288	0.87034646	0.07544707	0.24000000	8.24000000	0.01902717	0.00000000
C6	c	0.85023805	0.65767975	0.09315762	0.30000000	8.30000000	0.01058270	0.00000000
C7	c	0.47204114	0.06325815	0.15096117	0.36000000	8.36000000	0.01355967	0.00000000
C8	c	0.87699427	0.31088623	0.01725528	0.42000000	8.42000000	0.02948804	0.00000000
C9	c	0.53585489	0.48185687	0.03718381	0.48000000	8.48000000	0.01959290	0.00000000
C10	c	0.69863172	0.99147142	0.03137462	0.54000000	8.54000000	0.01149816	0.00000000
C11	c	0.86655563	0.49857990	0.02627393	0.60000000	8.60000000	0.01768907	0.00000000
C12	c	0.13353878	0.41335840	0.07053259	0.66000000	8.66000000	0.01962479	0.00000000
C13	c	0.28701942	0.07848310	0.06514664	0.72000000	8.72000000	0.01385142	0.00000000
C14	c	0.02347662	0.63674210	0.09547223	0.78000000	8.78000000	0.01676889	0.00000000
C15	c	0.02930140	0.15035332	0.01176257	0.84000000	8.84000000	0.01775754	0.00000000
C16	c	0.32952059	0.51068413	0.02839118	0.90000000	8.90000000	0.02287379	0.00000000
C17	c	0.36141873	0.30285476	0.11470385	0.96000000	8.96000000	0.02735736	0.00000000
C18	c	0.62905100	0.30884072	0.11734709	1.02000000	9.02000000	0.02739275	0.00000000
C19	c	0.06733096	0.64053958	0.08573431	1.08000000	9.08000000	0.02959974	0.00000000
C20	c	0.13733642	0.51504661	0.04613884	1.14000000	9.14000000	0.02116131	0.00000000
C21	c	0.50750114	0.39990074	0.09076416	1.20000000	9.20000000	0.02027260	0.00000000
C22	c	0.12424228	0.26651227	0.12054538	1.26000000	9.26000000	0.02822682	0.00000000
C23	c	0.12686666	0.91978495	0.17190245	1.32000000	9.32000000	0.01236468	0.00000000
C24	c	0.36602427	0.22393514	0.16788226	1.38000000	9.38000000	0.02974262	0.00000000
C25	c	0.03530191	0.70914851	0.09169449	1.44000000	9.44000000	0.02930349	0.00000000
C26	c	0.17078772	0.99427744	0.05067478	1.50000000	9.50000000	0.02255983	0.00000000
C27	c	0.19498597	0.93679987	0.03075246	1.56000000	9.56000000	0.02217401	0.00000000
C28	c	0.54906379	0.97028311	0.05399275	1.62000000	9.62000000	0.01224172	0.00000000
C29	c	0.02202850	0.93051876	0.17406217	1.68000000	9.68000000	0.01422519	0.00000000
C30	c	0.97744841	0.16804614	0.08530507	1.74000000	9.74000000	0.01707581	0.00000000
C31	c	0.31820588	0.01641785	0.11084667	1.80000000	9.80000000	0.01884319	0.00000000
C32	c	0.71076709	0.94537623	0.02768410	1.86000000	9.86000000	0.02644239	0.00000000
C33	c	0.23638023	0.84020093	0.14020008	1.92000000	9.92000000	0.02666184	0.00000000
C34	c	0.73365940	0.66567708	0.06061003	1.98000000	9.98000000	0.02025296	0.00000000
C35	c	0.16880841	0.11021929	0.06806292	2.00000000	10.00000000	0.01046617	0.00000000
C36	c	0.93934265	0.57281651	0.12016038	2.00000000	10.00000000	0.01003272	0.00000000
C37	c	0.58506400	0.52281340	0.12314161	2.00000000	10.00000000	0.01405688	0.00000000
C38	c	0.63369489	0.26134700	0.13724398	2.00000000	10.00000000	0.02046146	0.00000000
C39	c	0.11829085	0.87512305	0.02099259	2.00000000	10.00000000	0.02111976	0.00000000
C40	c	0.72662055	0.15541393	0.08624559	2.00000000	10.00000000	0.01119834	0.00000000
C41	c	0.63477494	0.55390346	0.14966554	2.00000000	10.00000000	0.01492018	0.00000000
C42	c	0.67906697	0.65711169	0.14146925	2.00000000	10.00000000	0.01468848	0.00000000
C43	c	0.43115309	0.48757917	0.12701447	2.00000000	10.00000000	0.02511178	0.00000000
C44	c	0.07161399	0.58861337	0.08049784	2.00000000	10.00000000	0.02240614	0.00000000
C45	c	0.67737694	0.14712585	0.04254587	2.00000000	10.00000000	0.02632817	0.00000000
C46	c	0.69354112	0.20918373	0.07825045	2.00000000	10.00000000	0.02460191	0.00000000
C47	c	0.78746525	0.15753510	0.15936204	2.00000000	10.00000000	0.01347270	0.00000000
C48	c	0.07925041	0.74053923	0.12205611	2.00000000	10.00000000	0.01904932	0.00000000
C49	c	0.04297459	0.33129031	0.15943446	2.00000000	10.00000000	0.01670943	0.00000000
C50	c	0.65272572	0.49074933	0.10889079	2.00000000	10.00000000	0.02179767	0.00000000

Q Vehicle fuel tank capacity /0.40000000/
C Vehicle load capacity /1.50000000/
r fuel consumption rate /0.25000000/
g inverse refueling rate /1.00000000/
v average Velocity /1.00000000/
