StringID	Type	x	y	demand	ReadyTime	DueDate	ServiceTime	altitude
D0	d	0.50000000	0.50000000	0.00000000	0.00000000	10.00000000	0.00000000	0.00000000
S0	f	0.97300386	0.75562882	0.00000000	0.00000000	10.00000000	0.00000000	0.00000000
S1	f	0.36832105	0.59812999	0.00000000	0.00000000	10.00000000	0.00000000	0.00000000
S2	f	0.11837053	0.41702451	0.00000000	0.00000000	10.00000000	0.00000000	0.00000000
S3	f	0.94269424	0.45389101	0.00000000	0.00000000	10.00000000	0.00000000	0.00000000
S4	f	0.22580734	0.26933523	0.00000000	0.00000000	10.00000000	0.00000000	0.00000000
S5	f	0.18308959	0.20656806	0.00000000	0.00000000	10.00000000	0.00000000	0.00000000
S6	f	0.33501873	0.47783635	0.00000000	0.00000000	10.00000000	0.00000000	0.00000000
S7	f	0.66921009	0.93466073	0.00000000	0.00000000	10.00000000	0.00000000	0.00000000
S8	f	0.07705026	0.59200920	0.00000000	0.00000000	10.00000000	0.00000000	0.00000000
S9	f	0.76531935	0.71078922	0.00000000	0.00000000	10.00000000	0.00000000	0.00000000
C1	c	0.65708314	0.08359916	0.07222940	0.00000000	8.00000000	0.02136952	0.00000000
C2	c	0.57998897	0.23523377	0.07185754	0.06000000	8.06000000	0.01676880	0.00000000
C3	c	0.57985715	0.85573992	0.05045278	0.12000000	8.12000000	0.01069524	0.00000000
C4	c	0.56826193	0.02320926	0.07749622	0.18000000	8.18000000	0.02305743	0.00000000
C5	c	0.52546842	0.64332651	0.06666269	0.24000000	8.24000000	0.02341809	0.00000000
C6	c	0.33812509	0.77523922	0.16488892	0.30000000	8.30000000	0.02740767	0.00000000
C7	c	0.61752265	0.96356727	0.02477945	0.36000000	8.36000000	0.01577253	0.00000000
C8	c	0.53196497	0.56176965	0.08833549	0.42000000	8.42000000	0.01071253	0.00000000
C9	c	0.57333614	0.07062846	0.05154681	0.48000000	8.48000000	0.01412492	0.00000000
C10	c	0.88943811	0.15935914	0.06709717	0.54000000	8.54000000	0.02691228	0.00000000
C11	c	0.86544413	0.10867024	0.08862485	0.60000000	8.60000000	0.01600050	0.00000000
C12	c	0.54912148	0.37028116	0.08917656	0.66000000	8.66000000	0.02710223	0.00000000
C13	c	0.82699584	0.43196271	0.06687851	0.72000000	8.72000000	0.02034450	0.00000000
C14	c	0.07531749	0.75484710	0.12001630	0.78000000	8.78000000	0.01770656	0.00000000
C15	c	0.37927157	0.85905596	0.15916888	0.84000000	8.84000000	0.01040388	0.00000000
C16	c	0.78779000	0.25414227	0.16472675	0.90000000	8.90000000	0.01087952	0.00000000
C17	c	0.66225962	0.74698460	0.11480710	0.96000000	8.96000000	0.01674756	0.00000000
C18	c	0.37748109	0.44594927	0.11048384	1.02000000	9.02000000	0.01905799	0.00000000
C19	c	0.49940029	0.02398113	0.04267417	1.08000000	9.08000000	0.01093075	0.00000000
C20	c	0.97300386	0.75562882	0.11062001	1.14000000	9.14000000	0.01057753	0.00000000
C21	c	0.16827647	0.57910203	0.06222270	1.20000000	9.20000000	0.02999560	0.00000000
C22	c	0.42022694	0.32468667	0.10743486	1.26000000	9.26000000	0.02103226	0.00000000
C23	c	0.17196922	0.73336559	0.16693807	1.32000000	9.32000000	0.01891537	0.00000000
C24	c	0.82576700	0.29135612	0.05613628	1.38000000	9.38000000	0.02206420	0.00000000
C25	c	0.04536581	0.78582133	0.05506093	1.44000000	9.44000000	0.01204768	0.00000000
C26	c	0.99673370	0.49607516	0.02827302	1.50000000	9.50000000	0.02267016	0.00000000
C27	c	0.55096494	0.15380004	0.06700502	1.56000000	9.56000000	0.01731329	0.00000000
C28	c	0.83448168	0.58247093	0.11535725	1.62000000	9.62000000	0.01494430	0.00000000
C29	c	0.92586366	0.29057848	0.13056756	1.68000000	9.68000000	0.02378155	0.00000000
C30	c	0.78325374	0.44836828	0.09348054	1.74000000	9.74000000	0.02964297	0.00000000
C31	c	0.03727270	0.53119425	0.05868028	1.80000000	9.80000000	0.02385360	0.00000000
C32	c	0.62674063	0.81869766	0.13013047	1.86000000	9.86000000	0.01436899	0.00000000
C33	c	0.91176242	0.64745889	0.13348586	1.92000000	9.92000000	0.01009304	0.00000000
C34	c	0.74614657	0.84393181	0.02783205	1.98000000	9.98000000	0.01503163	0.00000000
C35	c	0.96693684	0.18671123	0.16637593	2.00000000	10.00000000	0.01269263	0.00000000
C36	c	0.43840678	0.18186152	0.06644652	2.00000000	10.00000000	0.01741251	0.00000000
C37	c	0.36832105	0.59812999	0.08958547	2.00000000	10.00000000	0.02320996	0.00000000
C38	c	0.90735116	0.48396835	0.13880329	2.00000000	10.00000000	0.01804519	0.00000000
C39	c	0.85833335	0.70018534	0.10571042	2.00000000	10.00000000	0.02149369	0.00000000
C40	c	0.74592879	0.76425588	0.05824360	2.00000000	10.00000000	0.02208461	0.00000000
C41	c	0.81277164	0.93352291	0.13848861	2.00000000	10.00000000	0.02620831	0.00000000
C42	c	0.92518196	0.88433834	0.02048121	2.00000000	10.00000000	0.01622014	0.00000000
C43	c	0.63752130	0.56881401	0.08668579	2.00000000	10.00000000	0.02182228	0.00000000
C44	c	0.37696895	0.14413535	0.01634267	2.00000000	10.00000000	0.02590649	0.00000000
C45	c	0.79771422	0.54236374	0.11202528	2.00000000	10.00000000	0.02587789	0.00000000
C46	c	0.26256331	0.59388619	0.15775697	2.00000000	10.00000000	0.01544353	0.00000000
C47	c	0.77102575	0.79825771	0.02950002	2.00000000	10.00000000	0.02706195	0.00000000
C48	c	0.26569758	0.88832830	0.08960659	2.00000000	10.00000000	0.02339461	0.00000000
C49	c	0.40575805	0.65896546	0.14969720	2.00000000	10.00000000	0.01720806	0.00000000
C50	c	0.17958161	0.29060206	0.03912209	2.00000000	10.00000000	0.01893534	0.00000000

Q Vehicle fuel tank capacity /0.40000000/
C Vehicle load capacity /1.50000000/
r fuel consumption rate /0.25000000/
g inverse refueling rate /1.00000000/
v average Velocity /1.00000000/
