StringID	Type	x	y	demand	ReadyTime	DueDate	ServiceTime	altitude
D0	d	0.50000000	0.50000000	0.00000000	0.00000000	10.00000000	0.00000000	0.00000000
S0	f	0.37526836	0.95044211	0.00000000	0.00000000	10.00000000	0.00000000	0.00000000
S1	f	0.05886619	0.01984036	0.00000000	0.00000000	10.00000000	0.00000000	0.00000000
S2	f	0.91513935	0.41180769	0.00000000	0.00000000	10.00000000	0.00000000	0.00000000
S3	f	0.03793853	0.84260935	0.00000000	0.00000000	10.00000000	0.00000000	0.00000000
S4	f	0.47134444	0.26053019	0.00000000	0.00000000	10.00000000	0.00000000	0.00000000
S5	f	0.34357513	0.22472744	0.00000000	0.00000000	10.00000000	0.00000000	0.00000000
C1	c	0.55935950	0.41721515	0.20280116	0.00000000	8.00000000	0.02921153	0.00000000
C2	c	0.60578333	0.45356341	0.17740280	0.10000000	8.10000000	0.02745674	0.00000000
C3	c	0.56630468	0.51890059	0.04464685	0.20000000	8.20000000	0.02764657	0.00000000
C4	c	0.61545074	0.41936011	0.03695927	0.30000000	8.30000000	0.01913406	0.00000000
C5	c	0.32189749	0.65434500	0.09674568	0.40000000	8.40000000	0.02662112	0.00000000
C6	c	0.26210707	0.58140026	0.11031662	0.50000000	8.50000000	0.01800403	0.00000000
C7	c	0.33698397	0.66497404	0.08898671	0.60000000	8.60000000	0.01656991	0.00000000
C8	c	0.27060995	0.68468124	0.23473963	0.70000000	8.70000000	0.02757482	0.00000000
C9	c	0.28747823	0.63993779	0.16053883	0.80000000	8.80000000	0.02420475	0.00000000
C10	c	0.30961681	0.71291534	0.18909870	0.90000000	8.90000000	0.01885636	0.00000000
C11	c	0.35536746	0.61319813	0.14398037	1.00000000	9.00000000	0.01758118	0.00000000
C12	c	0.29767995	0.68241102	0.19497406	1.10000000	9.10000000	0.01215046	0.00000000
C13	c	0.63434567	0.65304924	0.19277930	1.20000000	9.20000000	0.02740907	0.00000000
C14	c	0.69109599	0.53077512	0.25054317	1.30000000	9.30000000	0.01272026	0.00000000
C15	c	0.63633125	0.52136736	0.02372680	1.40000000	9.40000000	0.02689260	0.00000000
C16	c	0.97900453	0.39936378	0.08607033	1.50000000	9.50000000	0.02494675	0.00000000
C17	c	0.72882680	0.07930283	0.28041370	1.60000000	9.60000000	0.02263739	0.00000000
C18	c	0.80423411	0.25075185	0.09914998	1.70000000	9.70000000	0.02315433	0.00000000
C19	c	0.34885299	0.38861822	0.16249961	1.80000000	9.80000000	0.02941383	0.00000000
C20	c	0.96057648	0.87283707	0.20451670	1.90000000	9.90000000	0.02817068	0.00000000
C21	c	0.88232850	0.45670309	0.28617663	2.00000000	10.00000000	0.01211494	0.00000000
C22	c	0.83105579	0.40020168	0.12826116	2.00000000	10.00000000	0.02058219	0.00000000
C23	c	0.32849560	0.87874106	0.21801901	2.00000000	10.00000000	0.01004431	0.00000000
C24	c	0.71023761	0.44281823	0.04106478	2.00000000	10.00000000	0.01277242	0.00000000
C25	c	0.37905913	0.10752281	0.09328506	2.00000000	10.00000000	0.01378070	0.00000000
C26	c	0.87045335	0.13601323	0.18613273	2.00000000	10.00000000	0.01511018	0.00000000
C27	c	0.84462991	0.74733745	0.23856274	2.00000000	10.00000000	0.02807455	0.00000000
C28	c	0.10574694	0.52910959	0.08777380	2.00000000	10.00000000	0.02528734	0.00000000
C29	c	0.00221546	0.13862086	0.11450016	2.00000000	10.00000000	0.02586516	0.00000000
C30	c	0.18903483	0.25550877	0.12533367	2.00000000	10.00000000	0.01074909	0.00000000

Q Vehicle fuel tank capacity /0.40000000/
C Vehicle load capacity /1.50000000/
r fuel consumption rate /0.25000000/
g inverse refueling rate /1.00000000/
v average Velocity /1.00000000/
