StringID	Type	x	y	demand	ReadyTime	DueDate	ServiceTime	altitude
D0	d	0.50000000	0.50000000	0.00000000	0.00000000	10.00000000	0.00000000	0.00000000
S0	f	0.79128515	0.26207389	0.00000000	0.00000000	10.00000000	0.00000000	0.00000000
S1	f	0.17182430	0.20655098	0.00000000	0.00000000	10.00000000	0.00000000	0.00000000
S2	f	0.01852484	0.73001545	0.00000000	0.00000000	10.00000000	0.00000000	0.00000000
S3	f	0.16942664	0.43833823	0.00000000	0.00000000	10.00000000	0.00000000	0.00000000
S4	f	0.40870673	0.12152477	0.00000000	0.00000000	10.00000000	0.00000000	0.00000000
S5	f	0.69727906	0.95570068	0.00000000	0.00000000	10.00000000	0.00000000	0.00000000
C1	c	0.56554714	0.20603713	0.07820433	0.00000000	8.00000000	0.02892421	0.00000000
C2	c	0.58582514	0.22871153	0.18291737	0.10000000	8.10000000	0.02333292	0.00000000
C3	c	0.59748078	0.28016863	0.19794625	0.20000000	8.20000000	0.02912837	0.00000000
C4	c	0.65558737	0.23140345	0.18365887	0.30000000	8.30000000	0.02483546	0.00000000
C5	c	0.58100499	0.16432036	0.08155273	0.40000000	8.40000000	0.01528722	0.00000000
C6	c	0.63670046	0.16361913	0.21637720	0.50000000	8.50000000	0.01063857	0.00000000
C7	c	0.43358337	0.79077874	0.08087648	0.60000000	8.60000000	0.01742355	0.00000000
C8	c	0.32594718	0.74190947	0.18016854	0.70000000	8.70000000	0.02399919	0.00000000
C9	c	0.36099609	0.73162019	0.15746861	0.80000000	8.80000000	0.02377416	0.00000000
C10	c	0.36744499	0.75713166	0.14867432	0.90000000	8.90000000	0.01991391	0.00000000
C11	c	0.42152544	1.00000000	0.21223592	1.00000000	9.00000000	0.02692585	0.00000000
C12	c	0.42900077	0.93961364	0.13311477	1.10000000	9.10000000	0.01398214	0.00000000
C13	c	0.45124571	0.97541617	0.09844020	1.20000000	9.20000000	0.01981554	0.00000000
C14	c	0.38887078	0.98532394	0.07004410	1.30000000	9.30000000	0.02253536	0.00000000
C15	c	0.46635955	1.00000000	0.11197809	1.40000000	9.40000000	0.01246234	0.00000000
C16	c	0.35996870	0.37342299	0.07259472	1.50000000	9.50000000	0.01368218	0.00000000
C17	c	0.99487337	0.92293637	0.18088904	1.60000000	9.60000000	0.02248296	0.00000000
C18	c	0.69075978	0.49694933	0.06874274	1.70000000	9.70000000	0.02999026	0.00000000
C19	c	0.95663778	0.80788708	0.09331631	1.80000000	9.80000000	0.01766424	0.00000000
C20	c	0.93753072	0.31764407	0.09622663	1.90000000	9.90000000	0.01855114	0.00000000
C21	c	0.94621069	0.66664604	0.23065367	2.00000000	10.00000000	0.02370011	0.00000000
C22	c	0.95641860	0.74177294	0.21509285	2.00000000	10.00000000	0.01199301	0.00000000
C23	c	0.26436082	0.03192868	0.16487032	2.00000000	10.00000000	0.02422559	0.00000000
C24	c	0.84629237	0.19910686	0.12294683	2.00000000	10.00000000	0.01721397	0.00000000
C25	c	0.49077694	0.62676802	0.22238286	2.00000000	10.00000000	0.01420120	0.00000000
C26	c	0.12311717	0.18410901	0.19020633	2.00000000	10.00000000	0.01690250	0.00000000
C27	c	0.62414791	0.99951289	0.21810930	2.00000000	10.00000000	0.01568762	0.00000000
C28	c	0.38321185	0.42755691	0.18789986	2.00000000	10.00000000	0.02489021	0.00000000
C29	c	0.68500552	0.09965048	0.21824978	2.00000000	10.00000000	0.01475709	0.00000000
C30	c	0.71127931	0.36069830	0.08416100	2.00000000	10.00000000	0.02703333	0.00000000

Q Vehicle fuel tank capacity /0.40000000/
C Vehicle load capacity /1.50000000/
r fuel consumption rate /0.25000000/
g inverse refueling rate /1.00000000/
v average Velocity /1.00000000/
