StringID	Type	x	y	demand	ReadyTime	DueDate	ServiceTime	altitude
D0	d	0.50000000	0.50000000	0.00000000	0.00000000	10.00000000	0.00000000	0.00000000
S0	f	0.68801706	0.46654289	0.00000000	0.00000000	10.00000000	0.00000000	0.00000000
S1	f	0.40701792	0.54079060	0.00000000	0.00000000	10.00000000	0.00000000	0.00000000
S2	f	0.18440221	0.43454581	0.00000000	0.00000000	10.00000000	0.00000000	0.00000000
S3	f	0.25457451	0.03646911	0.00000000	0.00000000	10.00000000	0.00000000	0.00000000
S4	f	0.39166240	0.26425523	0.00000000	0.00000000	10.00000000	0.00000000	0.00000000
S5	f	0.05945266	0.59756175	0.00000000	0.00000000	10.00000000	0.00000000	0.00000000
S6	f	0.04666702	0.94250613	0.00000000	0.00000000	10.00000000	0.00000000	0.00000000
S7	f	0.76905420	0.62364167	0.00000000	0.00000000	10.00000000	0.00000000	0.00000000
S8	f	0.25246749	0.12789094	0.00000000	0.00000000	10.00000000	0.00000000	0.00000000
S9	f	0.02158533	0.28125237	0.00000000	0.00000000	10.00000000	0.00000000	0.00000000
C1	c	0.14184428	0.59183155	0.10590909	0.00000000	8.00000000	0.01923547	0.00000000
C2	c	0.18043497	0.48100246	0.04489551	0.06000000	8.06000000	0.01146920	0.00000000
C3	c	0.48761573	0.49206461	0.13435325	0.12000000	8.12000000	0.01472380	0.00000000
C4	c	0.52476174	0.39904649	0.13807733	0.18000000	8.18000000	0.02267298	0.00000000
C5	c	0.57267679	0.46519201	0.05567655	0.24000000	8.24000000	0.02666035	0.00000000
C6	c	0.56536432	0.38227968	0.11041235	0.30000000	8.30000000	0.01882848	0.00000000
C7	c	0.58060511	0.46673999	0.14395906	0.36000000	8.36000000	0.01556151	0.00000000
C8	c	0.55338146	0.07731213	0.02062439	0.42000000	8.42000000	0.02415349	0.00000000
C9	c	0.64302719	0.03839133	0.05827566	0.48000000	8.48000000	0.02685968	0.00000000
C10	c	0.57606160	0.10089582	0.05121444	0.54000000	8.54000000	0.01598205	0.00000000
C11	c	0.59090569	0.01790541	0.08013064	0.60000000	8.60000000	0.02158619	0.00000000
C12	c	0.58137950	0.00058506	0.07779469	0.66000000	8.66000000	0.01284827	0.00000000
C13	c	0.58685608	0.00000000	0.14838777	0.72000000	8.72000000	0.02733909	0.00000000
C14	c	0.61522133	0.07874878	0.14194072	0.78000000	8.78000000	0.01536929	0.00000000
C15	c	0.92439042	0.26034278	0.14660876	0.84000000	8.84000000	0.01908193	0.00000000
C16	c	0.87187104	0.22796915	0.05235971	0.90000000	8.90000000	0.01889643	0.00000000
C17	c	0.83680119	0.26067287	0.07523325	0.96000000	8.96000000	0.01247255	0.00000000
C18	c	0.77656877	0.26253967	0.07477927	1.02000000	9.02000000	0.01449404	0.00000000
C19	c	0.84513901	0.27615060	0.14041311	1.08000000	9.08000000	0.02126567	0.00000000
C20	c	0.84376763	0.33700770	0.01476239	1.14000000	9.14000000	0.02746186	0.00000000
C21	c	0.85563316	0.32403662	0.12501716	1.20000000	9.20000000	0.01906862	0.00000000
C22	c	0.80137560	0.37648011	0.05869750	1.26000000	9.26000000	0.01375160	0.00000000
C23	c	0.86076105	0.38118825	0.04594352	1.32000000	9.32000000	0.01983636	0.00000000
C24	c	0.80030754	0.30947972	0.07312956	1.38000000	9.38000000	0.01850856	0.00000000
C25	c	0.90096990	0.42069270	0.09757689	1.44000000	9.44000000	0.02623184	0.00000000
C26	c	0.33098527	0.93305907	0.02167876	1.50000000	9.50000000	0.01592769	0.00000000
C27	c	0.85741172	0.08103740	0.06030024	1.56000000	9.56000000	0.01198530	0.00000000
C28	c	0.45729904	0.12350103	0.15051879	1.62000000	9.62000000	0.01141072	0.00000000
C29	c	0.94935546	0.58146481	0.13918331	1.68000000	9.68000000	0.02316602	0.00000000
C30	c	0.40347863	0.47123526	0.02284647	1.74000000	9.74000000	0.01093026	0.00000000
C31	c	0.62828496	0.15330134	0.07922789	1.80000000	9.80000000	0.02148398	0.00000000
C32	c	0.68321977	0.80026396	0.02920949	1.86000000	9.86000000	0.01330822	0.00000000
C33	c	0.64029269	0.76762154	0.15296074	1.92000000	9.92000000	0.01604879	0.00000000
C34	c	0.14936453	0.64428801	0.09783368	1.98000000	9.98000000	0.02822226	0.00000000
C35	c	0.20229055	0.94153793	0.07116310	2.00000000	10.00000000	0.01154682	0.00000000
C36	c	0.46177346	0.07346023	0.08131618	2.00000000	10.00000000	0.01632442	0.00000000
C37	c	0.23618999	0.63364909	0.10484951	2.00000000	10.00000000	0.01805939	0.00000000
C38	c	0.83301760	0.44142406	0.03367495	2.00000000	10.00000000	0.01867504	0.00000000
C39	c	0.27807529	0.70767436	0.11308129	2.00000000	10.00000000	0.02190851	0.00000000
C40	c	0.57930972	0.14241360	0.13061993	2.00000000	10.00000000	0.02777782	0.00000000
C41	c	0.45409642	0.44482174	0.10664882	2.00000000	10.00000000	0.01507565	0.00000000
C42	c	0.12362745	0.22470213	0.12572858	2.00000000	10.00000000	0.01661572	0.00000000
C43	c	0.56328359	0.87309324	0.03308504	2.00000000	10.00000000	0.02321092	0.00000000
C44	c	0.45343094	0.18757977	0.10724751	2.00000000	10.00000000	0.02729260	0.00000000
C45	c	0.49181823	0.42542814	0.04101581	2.00000000	10.00000000	0.02232723	0.00000000
C46	c	0.09926489	0.07053586	0.15178932	2.00000000	10.00000000	0.01766688	0.00000000
C47	c	0.07734102	0.31622120	0.13108416	2.00000000	10.00000000	0.01616196	0.00000000
C48	c	0.25378228	0.33078599	0.04829457	2.00000000	10.00000000	0.01283304	0.00000000
C49	c	0.66054592	0.86462990	0.15601089	2.00000000	10.00000000	0.01034214	0.00000000
C50	c	0.61636137	0.38334388	0.09445842	2.00000000	10.00000000	0.02450557	0.00000000

Q Vehicle fuel tank capacity /0.40000000/
C Vehicle load capacity /1.50000000/
r fuel consumption rate /0.25000000/
g inverse refueling rate /1.00000000/
v average Velocity /1.00000000/
