StringID	Type	x	y	demand	ReadyTime	DueDate	ServiceTime	altitude
D0	d	0.50000000	0.50000000	0.00000000	0.00000000	10.00000000	0.00000000	0.00000000
S0	f	0.46290546	0.48493049	0.00000000	0.00000000	10.00000000	0.00000000	0.00000000
S1	f	0.89384327	0.20066684	0.00000000	0.00000000	10.00000000	0.00000000	0.00000000
S2	f	0.75024238	0.79253191	0.00000000	0.00000000	10.00000000	0.00000000	0.00000000
S3	f	0.53756691	0.38908741	0.00000000	0.00000000	10.00000000	0.00000000	0.00000000
S4	f	0.94540202	0.91214747	0.00000000	0.00000000	10.00000000	0.00000000	0.00000000
S5	f	0.76134307	0.92561460	0.00000000	0.00000000	10.00000000	0.00000000	0.00000000
C1	c	0.80139314	0.12567862	0.26951658	0.00000000	8.00000000	0.01333413	0.00000000
C2	c	0.81037339	0.14042320	0.11630135	0.10000000	8.10000000	0.02895726	0.00000000
C3	c	0.83105634	0.17072613	0.06906106	0.20000000	8.20000000	0.01004617	0.00000000
C4	c	0.79258848	0.11433143	0.11707538	0.30000000	8.30000000	0.02743046	0.00000000
C5	c	0.84682262	0.18294260	0.21984758	0.40000000	8.40000000	0.01297982	0.00000000
C6	c	0.24500294	0.26789073	0.14135996	0.50000000	8.50000000	0.02382596	0.00000000
C7	c	0.20477615	0.34912231	0.10027730	0.60000000	8.60000000	0.01090446	0.00000000
C8	c	0.24501757	0.41338104	0.16093461	0.70000000	8.70000000	0.02642831	0.00000000
C9	c	0.28426324	0.35774097	0.07264974	0.80000000	8.80000000	0.01097924	0.00000000
C10	c	0.25598105	0.33614232	0.14066909	0.90000000	8.90000000	0.02177641	0.00000000
C11	c	0.11248831	0.21291873	0.12410777	1.00000000	9.00000000	0.01298872	0.00000000
C12	c	0.06490973	0.12834614	0.08785763	1.10000000	9.10000000	0.02574874	0.00000000
C13	c	0.07921715	0.23026175	0.13141556	1.20000000	9.20000000	0.02890418	0.00000000
C14	c	0.05161113	0.20290593	0.17139093	1.30000000	9.30000000	0.02743257	0.00000000
C15	c	0.14470310	0.21909536	0.23181896	1.40000000	9.40000000	0.01559143	0.00000000
C16	c	0.52745290	0.71495681	0.26661598	1.50000000	9.50000000	0.02084612	0.00000000
C17	c	0.41675034	0.87771373	0.18855906	1.60000000	9.60000000	0.02853624	0.00000000
C18	c	0.49460970	0.40349512	0.03713027	1.70000000	9.70000000	0.01726036	0.00000000
C19	c	0.36085753	0.79075775	0.16521442	1.80000000	9.80000000	0.01208167	0.00000000
C20	c	0.58052150	0.20664774	0.21694143	1.90000000	9.90000000	0.02016279	0.00000000
C21	c	0.04615355	0.44132279	0.13467472	2.00000000	10.00000000	0.02663757	0.00000000
C22	c	0.16670662	0.94786314	0.26184145	2.00000000	10.00000000	0.01983000	0.00000000
C23	c	0.00230844	0.87152306	0.15615391	2.00000000	10.00000000	0.01509339	0.00000000
C24	c	0.14899119	0.69129820	0.13101798	2.00000000	10.00000000	0.01197128	0.00000000
C25	c	0.04522288	0.82141530	0.11925548	2.00000000	10.00000000	0.02067459	0.00000000
C26	c	0.04896221	0.58882033	0.23785276	2.00000000	10.00000000	0.02783401	0.00000000
C27	c	0.14943587	0.78743692	0.17985454	2.00000000	10.00000000	0.01525381	0.00000000
C28	c	0.94520878	0.87162845	0.07671337	2.00000000	10.00000000	0.01997814	0.00000000
C29	c	0.27957172	0.54230607	0.03243757	2.00000000	10.00000000	0.01167006	0.00000000
C30	c	0.92681208	0.36301800	0.14145356	2.00000000	10.00000000	0.02742365	0.00000000

Q Vehicle fuel tank capacity /0.40000000/
C Vehicle load capacity /1.50000000/
r fuel consumption rate /0.25000000/
g inverse refueling rate /1.00000000/
v average Velocity /1.00000000/
