StringID	Type	x	y	demand	ReadyTime	DueDate	ServiceTime	altitude
D0	d	0.50000000	0.50000000	0.00000000	0.00000000	10.00000000	0.00000000	0.00000000
S0	f	0.16714493	0.95706658	0.00000000	0.00000000	10.00000000	0.00000000	0.00000000
S1	f	0.31971229	0.60041536	0.00000000	0.00000000	10.00000000	0.00000000	0.00000000
S2	f	0.98849664	0.24373155	0.00000000	0.00000000	10.00000000	0.00000000	0.00000000
S3	f	0.07238405	0.23841018	0.00000000	0.00000000	10.00000000	0.00000000	0.00000000
S4	f	0.58022487	0.43405155	0.00000000	0.00000000	10.00000000	0.00000000	0.00000000
S5	f	0.09558304	0.02661328	0.00000000	0.00000000	10.00000000	0.00000000	0.00000000
S6	f	0.66699124	0.87722050	0.00000000	0.00000000	10.00000000	0.00000000	0.00000000
S7	f	0.67468084	0.01006933	0.00000000	0.00000000	10.00000000	0.00000000	0.00000000
S8	f	0.52685419	0.17452799	0.00000000	0.00000000	10.00000000	0.00000000	0.00000000
S9	f	0.13008282	0.46977448	0.00000000	0.00000000	10.00000000	0.00000000	0.00000000
C1	c	0.95035854	0.10961850	0.04234966	0.00000000	8.00000000	0.02442458	0.00000000
C2	c	0.44047915	0.02551414	0.02777331	0.06000000	8.06000000	0.01427970	0.00000000
C3	c	0.78943284	0.09357016	0.04082891	0.12000000	8.12000000	0.01302869	0.00000000
C4	c	0.90517263	0.97726683	0.13653908	0.18000000	8.18000000	0.01413567	0.00000000
C5	c	0.79673179	0.57598055	0.15793328	0.24000000	8.24000000	0.02060722	0.00000000
C6	c	0.90658032	0.67899060	0.12672852	0.30000000	8.30000000	0.02607312	0.00000000
C7	c	0.42146485	0.34167375	0.12727131	0.36000000	8.36000000	0.02954740	0.00000000
C8	c	0.26911375	0.19803515	0.05434573	0.42000000	8.42000000	0.02705765	0.00000000
C9	c	0.54668831	0.40420511	0.11163721	0.48000000	8.48000000	0.02569562	0.00000000
C10	c	0.36127357	0.14925487	0.10201158	0.54000000	8.54000000	0.01229149	0.00000000
C11	c	0.43011662	0.69462754	0.15622191	0.60000000	8.60000000	0.02802301	0.00000000
C12	c	0.82951947	0.65004434	0.14874140	0.66000000	8.66000000	0.01953513	0.00000000
C13	c	0.68463471	0.32595625	0.08625291	0.72000000	8.72000000	0.02726595	0.00000000
C14	c	0.05948727	0.86331379	0.01245451	0.78000000	8.78000000	0.01733788	0.00000000
C15	c	0.17879473	0.59825655	0.10030966	0.84000000	8.84000000	0.02994694	0.00000000
C16	c	0.68384612	0.78963193	0.06507685	0.90000000	8.90000000	0.01424340	0.00000000
C17	c	0.34028568	0.48749816	0.06018503	0.96000000	8.96000000	0.02431887	0.00000000
C18	c	0.21112458	0.26144951	0.08746504	1.02000000	9.02000000	0.01827626	0.00000000
C19	c	0.73609591	0.46246075	0.12669566	1.08000000	9.08000000	0.01659142	0.00000000
C20	c	0.16714493	0.95706658	0.07143126	1.14000000	9.14000000	0.01062634	0.00000000
C21	c	0.59708132	0.26323892	0.03056750	1.20000000	9.20000000	0.02403318	0.00000000
C22	c	0.32121447	0.22339716	0.14369397	1.26000000	9.26000000	0.02758461	0.00000000
C23	c	0.70281671	0.97091633	0.13766983	1.32000000	9.32000000	0.01526293	0.00000000
C24	c	0.61565603	0.86075331	0.03506426	1.38000000	9.38000000	0.02209376	0.00000000
C25	c	0.21881265	0.37289047	0.07179363	1.44000000	9.44000000	0.02548354	0.00000000
C26	c	0.18697471	0.86829795	0.05777392	1.50000000	9.50000000	0.02006400	0.00000000
C27	c	0.98462499	0.44101863	0.06374114	1.56000000	9.56000000	0.02638488	0.00000000
C28	c	0.11615322	0.58205626	0.02605090	1.62000000	9.62000000	0.02081329	0.00000000
C29	c	0.70560495	0.18930104	0.14743195	1.68000000	9.68000000	0.01159599	0.00000000
C30	c	0.90244312	0.51886239	0.12661854	1.74000000	9.74000000	0.01647479	0.00000000
C31	c	0.02701500	0.89977599	0.10048768	1.80000000	9.80000000	0.01442393	0.00000000
C32	c	0.53370216	0.59808728	0.05154145	1.86000000	9.86000000	0.02642234	0.00000000
C33	c	0.05559795	0.56083848	0.05170060	1.92000000	9.92000000	0.02533550	0.00000000
C34	c	0.55734954	0.35305887	0.12328455	1.98000000	9.98000000	0.02654735	0.00000000
C35	c	0.77177316	0.42228539	0.07546313	2.00000000	10.00000000	0.01615129	0.00000000
C36	c	0.25096329	0.46033044	0.10512973	2.00000000	10.00000000	0.02869044	0.00000000
C37	c	0.31971229	0.60041536	0.11295607	2.00000000	10.00000000	0.02707477	0.00000000
C38	c	0.14040178	0.26479075	0.02678665	2.00000000	10.00000000	0.02596548	0.00000000
C39	c	0.71588352	0.70038014	0.14442950	2.00000000	10.00000000	0.01115701	0.00000000
C40	c	0.24401837	0.62127887	0.13495712	2.00000000	10.00000000	0.02806390	0.00000000
C41	c	0.76246111	0.81742377	0.11883361	2.00000000	10.00000000	0.02500870	0.00000000
C42	c	0.50439525	0.11462093	0.07175163	2.00000000	10.00000000	0.02430194	0.00000000
C43	c	0.57966577	0.60743208	0.02851725	2.00000000	10.00000000	0.01662874	0.00000000
C44	c	0.24560511	0.51563608	0.15520586	2.00000000	10.00000000	0.02078389	0.00000000
C45	c	0.82406964	0.22549940	0.04760029	2.00000000	10.00000000	0.01841387	0.00000000
C46	c	0.63194166	0.36642829	0.06935030	2.00000000	10.00000000	0.01960425	0.00000000
C47	c	0.71479041	0.85605492	0.11511477	2.00000000	10.00000000	0.02841522	0.00000000
C48	c	0.29699929	0.87573055	0.13269432	2.00000000	10.00000000	0.01161761	0.00000000
C49	c	0.64111242	0.28184900	0.07025909	2.00000000	10.00000000	0.01975365	0.00000000
C50	c	0.96626607	0.65893265	0.08127797	2.00000000	10.00000000	0.01352584	0.00000000

Q Vehicle fuel tank capacity /0.40000000/
C Vehicle load capacity /1.50000000/
r fuel consumption rate /0.25000000/
g inverse refueling rate /1.00000000/
v average Velocity /1.00000000/
