StringID	Type	x	y	demand	ReadyTime	DueDate	ServiceTime	altitude
D0	d	0.50000000	0.50000000	0.00000000	0.00000000	10.00000000	0.00000000	0.00000000
S0	f	0.12956189	0.75754894	0.00000000	0.00000000	10.00000000	0.00000000	0.00000000
S1	f	0.99227524	0.19983581	0.00000000	0.00000000	10.00000000	0.00000000	0.00000000
S2	f	0.97532552	0.80648501	0.00000000	0.00000000	10.00000000	0.00000000	0.00000000
S3	f	0.32838867	0.21340749	0.00000000	0.00000000	10.00000000	0.00000000	0.00000000
S4	f	0.58402623	0.42821418	0.00000000	0.00000000	10.00000000	0.00000000	0.00000000
S5	f	0.53574194	0.39708520	0.00000000	0.00000000	10.00000000	0.00000000	0.00000000
C1	c	0.52853824	0.88502801	0.15334713	0.00000000	8.00000000	0.02174355	0.00000000
C2	c	0.58189543	0.77400224	0.15916429	0.10000000	8.10000000	0.02069021	0.00000000
C3	c	0.59180477	0.87299532	0.23607177	0.20000000	8.20000000	0.02322216	0.00000000
C4	c	0.67585899	0.82384249	0.06159781	0.30000000	8.30000000	0.02693750	0.00000000
C5	c	0.65321414	0.80300281	0.24417229	0.40000000	8.40000000	0.02856578	0.00000000
C6	c	0.77270917	0.82104650	0.20887692	0.50000000	8.50000000	0.01284067	0.00000000
C7	c	0.66213414	0.82631439	0.22769204	0.60000000	8.60000000	0.02681889	0.00000000
C8	c	0.59066246	0.85296345	0.14840821	0.70000000	8.70000000	0.01420792	0.00000000
C9	c	0.58574483	0.80839645	0.10548315	0.80000000	8.80000000	0.02492836	0.00000000
C10	c	0.67079906	0.82614174	0.16788257	0.90000000	8.90000000	0.02060688	0.00000000
C11	c	0.18580766	0.72085096	0.21342595	1.00000000	9.00000000	0.02556526	0.00000000
C12	c	0.02444925	0.66829415	0.14899370	1.10000000	9.10000000	0.01477976	0.00000000
C13	c	0.90682522	0.16372518	0.10877917	1.20000000	9.20000000	0.02491766	0.00000000
C14	c	0.91227279	0.23069869	0.18854834	1.30000000	9.30000000	0.02856282	0.00000000
C15	c	0.94897019	0.14622928	0.19681221	1.40000000	9.40000000	0.02003048	0.00000000
C16	c	0.03321702	0.02340958	0.13973293	1.50000000	9.50000000	0.01891595	0.00000000
C17	c	0.97493044	0.73077332	0.09147848	1.60000000	9.60000000	0.02815053	0.00000000
C18	c	0.35440438	0.30547524	0.16747434	1.70000000	9.70000000	0.02546922	0.00000000
C19	c	0.58717737	0.53451051	0.12725379	1.80000000	9.80000000	0.01195309	0.00000000
C20	c	0.84094448	0.21039604	0.07653226	1.90000000	9.90000000	0.01277770	0.00000000
C21	c	0.74641814	0.53034400	0.26183228	2.00000000	10.00000000	0.01710247	0.00000000
C22	c	0.77826306	0.23898816	0.08000974	2.00000000	10.00000000	0.02525806	0.00000000
C23	c	0.74588294	0.92814078	0.02624799	2.00000000	10.00000000	0.01618176	0.00000000
C24	c	0.50152381	0.44579741	0.02378801	2.00000000	10.00000000	0.01065456	0.00000000
C25	c	0.90752658	0.77346092	0.26245560	2.00000000	10.00000000	0.01684359	0.00000000
C26	c	0.09765449	0.13888512	0.20121428	2.00000000	10.00000000	0.01087828	0.00000000
C27	c	0.35512328	0.76290307	0.07379042	2.00000000	10.00000000	0.02566301	0.00000000
C28	c	0.30908821	0.03272825	0.19758588	2.00000000	10.00000000	0.01220361	0.00000000
C29	c	0.78315059	0.11018041	0.10681061	2.00000000	10.00000000	0.02622880	0.00000000
C30	c	0.81143986	0.77081162	0.09453784	2.00000000	10.00000000	0.02541623	0.00000000

Q Vehicle fuel tank capacity /0.40000000/
C Vehicle load capacity /1.50000000/
r fuel consumption rate /0.25000000/
g inverse refueling rate /1.00000000/
v average Velocity /1.00000000/
