StringID	Type	x	y	demand	ReadyTime	DueDate	ServiceTime	altitude
D0	d	0.50000000	0.50000000	0.00000000	0.00000000	10.00000000	0.00000000	0.00000000
S0	f	0.70822995	0.81430252	0.00000000	0.00000000	10.00000000	0.00000000	0.00000000
S1	f	0.36240245	0.39254522	0.00000000	0.00000000	10.00000000	0.00000000	0.00000000
S2	f	0.14265877	0.41660001	0.00000000	0.00000000	10.00000000	0.00000000	0.00000000
S3	f	0.34285032	0.96366212	0.00000000	0.00000000	10.00000000	0.00000000	0.00000000
S4	f	0.12573647	0.16948678	0.00000000	0.00000000	10.00000000	0.00000000	0.00000000
S5	f	0.98706170	0.59622536	0.00000000	0.00000000	10.00000000	0.00000000	0.00000000
S6	f	0.30834425	0.43509331	0.00000000	0.00000000	10.00000000	0.00000000	0.00000000
S7	f	0.69637691	0.91377084	0.00000000	0.00000000	10.00000000	0.00000000	0.00000000
S8	f	0.23607850	0.74264407	0.00000000	0.00000000	10.00000000	0.00000000	0.00000000
S9	f	0.89695773	0.66219925	0.00000000	0.00000000	10.00000000	0.00000000	0.00000000
C1	c	0.13727949	0.49620437	0.12276020	0.00000000	8.00000000	0.01479061	0.00000000
C2	c	0.15300136	0.52593324	0.04869848	0.06000000	8.06000000	0.02047387	0.00000000
C3	c	0.21092593	0.42240130	0.15044162	0.12000000	8.12000000	0.01925493	0.00000000
C4	c	0.23255234	0.55100108	0.01726309	0.18000000	8.18000000	0.02274648	0.00000000
C5	c	0.14916426	0.48554915	0.10987432	0.24000000	8.24000000	0.02326601	0.00000000
C6	c	0.21155908	0.45345113	0.15860596	0.30000000	8.30000000	0.01886911	0.00000000
C7	c	0.33582181	0.65332104	0.10938271	0.36000000	8.36000000	0.02301458	0.00000000
C8	c	0.31074245	0.68050326	0.09175116	0.42000000	8.42000000	0.02507389	0.00000000
C9	c	0.37866824	0.75033422	0.09427021	0.48000000	8.48000000	0.02795287	0.00000000
C10	c	0.27414363	0.68800286	0.10806421	0.54000000	8.54000000	0.01972854	0.00000000
C11	c	0.26472803	0.67431374	0.01148106	0.60000000	8.60000000	0.01018268	0.00000000
C12	c	0.32190038	0.64128620	0.12916201	0.66000000	8.66000000	0.01104055	0.00000000
C13	c	0.76080289	0.82157436	0.05846165	0.72000000	8.72000000	0.01676383	0.00000000
C14	c	0.79261125	0.80390848	0.11366338	0.78000000	8.78000000	0.02573296	0.00000000
C15	c	0.76912252	0.80252583	0.02252019	0.84000000	8.84000000	0.01315679	0.00000000
C16	c	0.81261023	0.78056939	0.03984555	0.90000000	8.90000000	0.02657768	0.00000000
C17	c	0.06133511	0.81642702	0.13439447	0.96000000	8.96000000	0.02738147	0.00000000
C18	c	0.12758612	0.86710396	0.02553818	1.02000000	9.02000000	0.02598619	0.00000000
C19	c	0.10427953	0.78878783	0.01372588	1.08000000	9.08000000	0.01417781	0.00000000
C20	c	0.04058466	0.96752829	0.10138724	1.14000000	9.14000000	0.02661900	0.00000000
C21	c	0.20001273	0.97678694	0.12407858	1.20000000	9.20000000	0.02575821	0.00000000
C22	c	0.11699288	1.00000000	0.06622510	1.26000000	9.26000000	0.02096372	0.00000000
C23	c	0.26115279	1.00000000	0.16342439	1.32000000	9.32000000	0.01023007	0.00000000
C24	c	0.19823335	0.97927716	0.08188885	1.38000000	9.38000000	0.02714242	0.00000000
C25	c	0.13858034	0.99242349	0.12735593	1.44000000	9.44000000	0.01738740	0.00000000
C26	c	0.37362839	0.84401956	0.11520071	1.50000000	9.50000000	0.01216191	0.00000000
C27	c	0.43878378	0.36119809	0.07710651	1.56000000	9.56000000	0.02302064	0.00000000
C28	c	0.20861444	0.16977987	0.06359734	1.62000000	9.62000000	0.02391811	0.00000000
C29	c	0.68499347	0.86880605	0.06797172	1.68000000	9.68000000	0.01337856	0.00000000
C30	c	0.70402509	0.34533549	0.13981263	1.74000000	9.74000000	0.02966477	0.00000000
C31	c	0.00294672	0.99153422	0.07792263	1.80000000	9.80000000	0.02035577	0.00000000
C32	c	0.99971852	0.66422391	0.06607329	1.86000000	9.86000000	0.01382648	0.00000000
C33	c	0.52684296	0.74050039	0.04276982	1.92000000	9.92000000	0.01152545	0.00000000
C34	c	0.82116460	0.14136444	0.03683877	1.98000000	9.98000000	0.02648802	0.00000000
C35	c	0.45540553	0.71272859	0.11552523	2.00000000	10.00000000	0.01367336	0.00000000
C36	c	0.46274627	0.63732389	0.14359817	2.00000000	10.00000000	0.01233964	0.00000000
C37	c	0.66330051	0.44345549	0.11843185	2.00000000	10.00000000	0.01316151	0.00000000
C38	c	0.65072902	0.75369442	0.06365066	2.00000000	10.00000000	0.01274962	0.00000000
C39	c	0.89764344	0.48642711	0.01135903	2.00000000	10.00000000	0.02748710	0.00000000
C40	c	0.00913391	0.05202743	0.16234194	2.00000000	10.00000000	0.01554420	0.00000000
C41	c	0.33819132	0.78664812	0.03766621	2.00000000	10.00000000	0.02495580	0.00000000
C42	c	0.15783947	0.82888385	0.07550648	2.00000000	10.00000000	0.01724861	0.00000000
C43	c	0.86907353	0.79930941	0.16359189	2.00000000	10.00000000	0.02922693	0.00000000
C44	c	0.20889028	0.83095025	0.11235318	2.00000000	10.00000000	0.02663098	0.00000000
C45	c	0.78791028	0.54818619	0.09137155	2.00000000	10.00000000	0.01119959	0.00000000
C46	c	0.01150370	0.85712122	0.12400257	2.00000000	10.00000000	0.02954843	0.00000000
C47	c	0.36937020	0.10809527	0.13632209	2.00000000	10.00000000	0.02243633	0.00000000
C48	c	0.65103195	0.69590561	0.03249900	2.00000000	10.00000000	0.02313264	0.00000000
C49	c	0.51778872	0.19132383	0.08046121	2.00000000	10.00000000	0.01214765	0.00000000
C50	c	0.18366823	0.11698211	0.11976110	2.00000000	10.00000000	0.02095634	0.00000000

Q Vehicle fuel tank capacity /0.40000000/
C Vehicle load capacity /1.50000000/
r fuel consumption rate /0.25000000/
g inverse refueling rate /1.00000000/
v average Velocity /1.00000000/
