StringID	Type	x	y	demand	ReadyTime	DueDate	ServiceTime	altitude
D0	d	0.50000000	0.50000000	0.00000000	0.00000000	10.00000000	0.00000000	0.00000000
S0	f	0.28652097	0.18298083	0.00000000	0.00000000	10.00000000	0.00000000	0.00000000
S1	f	0.31941222	0.79604242	0.00000000	0.00000000	10.00000000	0.00000000	0.00000000
S2	f	0.98213836	0.76531615	0.00000000	0.00000000	10.00000000	0.00000000	0.00000000
S3	f	0.59724983	0.69668807	0.00000000	0.00000000	10.00000000	0.00000000	0.00000000
S4	f	0.09623812	0.08782300	0.00000000	0.00000000	10.00000000	0.00000000	0.00000000
S5	f	0.13162495	0.30746064	0.00000000	0.00000000	10.00000000	0.00000000	0.00000000
S6	f	0.89113251	0.92768568	0.00000000	0.00000000	10.00000000	0.00000000	0.00000000
S7	f	0.12920608	0.74140023	0.00000000	0.00000000	10.00000000	0.00000000	0.00000000
S8	f	0.57971271	0.80299967	0.00000000	0.00000000	10.00000000	0.00000000	0.00000000
S9	f	0.00715208	0.77825195	0.00000000	0.00000000	10.00000000	0.00000000	0.00000000
C1	c	0.46941771	0.72464613	0.07541167	0.00000000	8.00000000	0.02013987	0.00000000
C2	c	0.43785976	0.75236501	0.03967554	0.06000000	8.06000000	0.01322837	0.00000000
C3	c	0.31771055	0.91540881	0.16029526	0.12000000	8.12000000	0.02751404	0.00000000
C4	c	0.37046595	0.74293874	0.11294665	0.18000000	8.18000000	0.02580852	0.00000000
C5	c	0.87205341	0.77155708	0.09938593	0.24000000	8.24000000	0.02345011	0.00000000
C6	c	0.91019045	0.79439659	0.05397162	0.30000000	8.30000000	0.02020671	0.00000000
C7	c	0.96322293	0.29566889	0.14817700	0.36000000	8.36000000	0.01251148	0.00000000
C8	c	0.89274173	0.61407046	0.07410374	0.42000000	8.42000000	0.01371178	0.00000000
C9	c	0.82998166	0.30680269	0.14799459	0.48000000	8.48000000	0.02403010	0.00000000
C10	c	0.46454042	0.09874655	0.14231940	0.54000000	8.54000000	0.01261153	0.00000000
C11	c	0.21299401	0.60682134	0.06404059	0.60000000	8.60000000	0.01162537	0.00000000
C12	c	0.13070479	0.85405157	0.13970472	0.66000000	8.66000000	0.02459048	0.00000000
C13	c	0.38025069	0.40039981	0.14285952	0.72000000	8.72000000	0.02949885	0.00000000
C14	c	0.74635344	0.45723732	0.03141853	0.78000000	8.78000000	0.01054835	0.00000000
C15	c	0.32018007	0.20602855	0.02685092	0.84000000	8.84000000	0.01854933	0.00000000
C16	c	0.52337960	0.21314544	0.12838190	0.90000000	8.90000000	0.01430671	0.00000000
C17	c	0.78398302	0.80989736	0.04292979	0.96000000	8.96000000	0.01887197	0.00000000
C18	c	0.79949872	0.26195232	0.08334489	1.02000000	9.02000000	0.01059773	0.00000000
C19	c	0.75468832	0.40537512	0.07820361	1.08000000	9.08000000	0.02698316	0.00000000
C20	c	0.28652097	0.18298083	0.12788692	1.14000000	9.14000000	0.01735818	0.00000000
C21	c	0.19136099	0.37732615	0.11674734	1.20000000	9.20000000	0.02825537	0.00000000
C22	c	0.43031271	0.85219111	0.04688988	1.26000000	9.26000000	0.02117457	0.00000000
C23	c	0.33705489	0.41271513	0.12936631	1.32000000	9.32000000	0.02670599	0.00000000
C24	c	0.02983709	0.02881690	0.11036741	1.38000000	9.38000000	0.02927453	0.00000000
C25	c	0.82228159	0.46290812	0.06609652	1.44000000	9.44000000	0.01076744	0.00000000
C26	c	0.25346216	0.83052794	0.06955585	1.50000000	9.50000000	0.02455555	0.00000000
C27	c	0.77991608	0.02546433	0.11391142	1.56000000	9.56000000	0.02300279	0.00000000
C28	c	0.21327401	0.68089279	0.02628276	1.62000000	9.62000000	0.02513535	0.00000000
C29	c	0.32296765	0.05273579	0.02192607	1.68000000	9.68000000	0.01614210	0.00000000
C30	c	0.04527339	0.93114932	0.01101838	1.74000000	9.74000000	0.02810632	0.00000000
C31	c	0.63061248	0.74184075	0.12552326	1.80000000	9.80000000	0.01679506	0.00000000
C32	c	0.74303123	0.68213636	0.02593313	1.86000000	9.86000000	0.02739160	0.00000000
C33	c	0.06016675	0.64259561	0.07131650	1.92000000	9.92000000	0.02265707	0.00000000
C34	c	0.60776819	0.91425067	0.13567072	1.98000000	9.98000000	0.01106015	0.00000000
C35	c	0.00207438	0.68317361	0.13195426	2.00000000	10.00000000	0.01102728	0.00000000
C36	c	0.65443510	0.59895386	0.02323646	2.00000000	10.00000000	0.01815996	0.00000000
C37	c	0.76346916	0.19767513	0.11347012	2.00000000	10.00000000	0.02903236	0.00000000
C38	c	0.50460579	0.80825625	0.12858183	2.00000000	10.00000000	0.02103339	0.00000000
C39	c	0.31941222	0.79604242	0.05261080	2.00000000	10.00000000	0.02083981	0.00000000
C40	c	0.74218936	0.06190806	0.13658406	2.00000000	10.00000000	0.01590592	0.00000000
C41	c	0.97829011	0.56459834	0.06365617	2.00000000	10.00000000	0.02991665	0.00000000
C42	c	0.40431105	0.19665916	0.08737135	2.00000000	10.00000000	0.02406678	0.00000000
C43	c	0.92326675	0.23398164	0.16096082	2.00000000	10.00000000	0.01388543	0.00000000
C44	c	0.73595080	0.79656286	0.09769360	2.00000000	10.00000000	0.01975695	0.00000000
C45	c	0.92133990	0.88009622	0.06165072	2.00000000	10.00000000	0.02513380	0.00000000
C46	c	0.63714478	0.16505194	0.11492389	2.00000000	10.00000000	0.01626288	0.00000000
C47	c	0.04561750	0.24495259	0.07333930	2.00000000	10.00000000	0.02919343	0.00000000
C48	c	0.44713809	0.54092768	0.10429144	2.00000000	10.00000000	0.02817024	0.00000000
C49	c	0.01353207	0.59377588	0.02417647	2.00000000	10.00000000	0.01739567	0.00000000
C50	c	0.36539228	0.59065241	0.13499039	2.00000000	10.00000000	0.02401062	0.00000000

Q Vehicle fuel tank capacity /0.40000000/
C Vehicle load capacity /1.50000000/
r fuel consumption rate /0.25000000/
g inverse refueling rate /1.00000000/
v average Velocity /1.00000000/
