StringID	Type	x	y	demand	ReadyTime	DueDate	ServiceTime	altitude
D0	d	0.50000000	0.50000000	0.00000000	0.00000000	10.00000000	0.00000000	0.00000000
S0	f	0.88094067	0.79031224	0.00000000	0.00000000	10.00000000	0.00000000	0.00000000
S1	f	0.34483096	0.55309071	0.00000000	0.00000000	10.00000000	0.00000000	0.00000000
S2	f	0.20674548	0.50903210	0.00000000	0.00000000	10.00000000	0.00000000	0.00000000
S3	f	0.88133878	0.40489506	0.00000000	0.00000000	10.00000000	0.00000000	0.00000000
S4	f	0.85301935	0.56098310	0.00000000	0.00000000	10.00000000	0.00000000	0.00000000
S5	f	0.58385155	0.16843985	0.00000000	0.00000000	10.00000000	0.00000000	0.00000000
C1	c	0.02512565	0.29771584	0.11279257	0.00000000	8.00000000	0.02424285	0.00000000
C2	c	0.83451134	0.39922590	0.06332906	0.10000000	8.10000000	0.01356721	0.00000000
C3	c	0.41548240	0.01293946	0.18891069	0.20000000	8.20000000	0.01637398	0.00000000
C4	c	0.44449765	0.25241165	0.24723910	0.30000000	8.30000000	0.02198531	0.00000000
C5	c	0.86576212	0.19558807	0.09968918	0.40000000	8.40000000	0.01904768	0.00000000
C6	c	0.42585997	0.11893223	0.04376807	0.50000000	8.50000000	0.01945872	0.00000000
C7	c	0.43939690	0.84001928	0.05792465	0.60000000	8.60000000	0.01630651	0.00000000
C8	c	0.24355668	0.98930267	0.27388365	0.70000000	8.70000000	0.01933500	0.00000000
C9	c	0.22425160	0.44060150	0.01920305	0.80000000	8.80000000	0.01290612	0.00000000
C10	c	0.35130046	0.71634023	0.08234461	0.90000000	8.90000000	0.02020411	0.00000000
C11	c	0.92563901	0.85026298	0.16933598	1.00000000	9.00000000	0.01823033	0.00000000
C12	c	0.57564379	0.75960361	0.07301173	1.10000000	9.10000000	0.02265359	0.00000000
C13	c	0.32578149	0.01823972	0.19490531	1.20000000	9.20000000	0.01923033	0.00000000
C14	c	0.54436776	0.07708749	0.15441464	1.30000000	9.30000000	0.01914125	0.00000000
C15	c	0.67729752	0.71385688	0.20102207	1.40000000	9.40000000	0.01280303	0.00000000
C16	c	0.42498434	0.49017104	0.28146848	1.50000000	9.50000000	0.01357219	0.00000000
C17	c	0.30906609	0.34238514	0.20135621	1.60000000	9.60000000	0.02977924	0.00000000
C18	c	0.33176193	0.47945023	0.06558205	1.70000000	9.70000000	0.01840690	0.00000000
C19	c	0.40969603	0.67594769	0.06984571	1.80000000	9.80000000	0.02031978	0.00000000
C20	c	0.88094067	0.79031224	0.22611132	1.90000000	9.90000000	0.02124875	0.00000000
C21	c	0.50462434	0.22833724	0.25255603	2.00000000	10.00000000	0.02899660	0.00000000
C22	c	0.92191937	0.26012219	0.05475252	2.00000000	10.00000000	0.01011466	0.00000000
C23	c	0.30410326	0.73379399	0.17458507	2.00000000	10.00000000	0.02714075	0.00000000
C24	c	0.50452928	0.95482243	0.14337345	2.00000000	10.00000000	0.02660574	0.00000000
C25	c	0.62892912	0.25273015	0.04439154	2.00000000	10.00000000	0.02540217	0.00000000
C26	c	0.21935636	0.58947753	0.25481456	2.00000000	10.00000000	0.01159421	0.00000000
C27	c	0.39145607	0.55955861	0.08025494	2.00000000	10.00000000	0.01095489	0.00000000
C28	c	0.29474972	0.28768281	0.26257000	2.00000000	10.00000000	0.02714112	0.00000000
C29	c	0.82586468	0.47902105	0.17545422	2.00000000	10.00000000	0.01812261	0.00000000
C30	c	0.02870001	0.85759352	0.23110954	2.00000000	10.00000000	0.02422263	0.00000000

Q Vehicle fuel tank capacity /0.40000000/
C Vehicle load capacity /1.50000000/
r fuel consumption rate /0.25000000/
g inverse refueling rate /1.00000000/
v average Velocity /1.00000000/
