StringID	Type	x	y	demand	ReadyTime	DueDate	ServiceTime	altitude
D0	d	0.50000000	0.50000000	0.00000000	0.00000000	10.00000000	0.00000000	0.00000000
S0	f	0.63424771	0.59183089	0.00000000	0.00000000	10.00000000	0.00000000	0.00000000
S1	f	0.37035760	0.09725780	0.00000000	0.00000000	10.00000000	0.00000000	0.00000000
S2	f	0.41043478	0.10052979	0.00000000	0.00000000	10.00000000	0.00000000	0.00000000
S3	f	0.98348253	0.18585134	0.00000000	0.00000000	10.00000000	0.00000000	0.00000000
S4	f	0.39996840	0.31679384	0.00000000	0.00000000	10.00000000	0.00000000	0.00000000
S5	f	0.01758450	0.55446742	0.00000000	0.00000000	10.00000000	0.00000000	0.00000000
S6	f	0.86504611	0.39717419	0.00000000	0.00000000	10.00000000	0.00000000	0.00000000
S7	f	0.85748758	0.48055784	0.00000000	0.00000000	10.00000000	0.00000000	0.00000000
S8	f	0.62152679	0.30863482	0.00000000	0.00000000	10.00000000	0.00000000	0.00000000
S9	f	0.91772005	0.27643471	0.00000000	0.00000000	10.00000000	0.00000000	0.00000000
C1	c	0.46801442	0.39767940	0.09309739	0.00000000	8.00000000	0.02318462	0.00000000
C2	c	0.39669219	0.37782315	0.10052006	0.06000000	8.06000000	0.01646488	0.00000000
C3	c	0.12326185	0.76550259	0.08798385	0.12000000	8.12000000	0.02144331	0.00000000
C4	c	0.72171003	0.49136269	0.16125770	0.18000000	8.18000000	0.02582441	0.00000000
C5	c	0.60287166	0.70105614	0.11565917	0.24000000	8.24000000	0.02600979	0.00000000
C6	c	0.51161450	0.31983420	0.08323494	0.30000000	8.30000000	0.01730311	0.00000000
C7	c	0.20926467	0.37651801	0.02030535	0.36000000	8.36000000	0.01880897	0.00000000
C8	c	0.98089905	0.26405860	0.06605715	0.42000000	8.42000000	0.01376694	0.00000000
C9	c	0.66142640	0.73873927	0.11472062	0.48000000	8.48000000	0.01863798	0.00000000
C10	c	0.00583683	0.59666148	0.05177594	0.54000000	8.54000000	0.01142656	0.00000000
C11	c	0.00164017	0.49265080	0.07033878	0.60000000	8.60000000	0.02909324	0.00000000
C12	c	0.32460012	0.32372475	0.11619542	0.66000000	8.66000000	0.02322798	0.00000000
C13	c	0.58113233	0.28756807	0.14809725	0.72000000	8.72000000	0.02423255	0.00000000
C14	c	0.78963129	0.98558140	0.04349680	0.78000000	8.78000000	0.01900647	0.00000000
C15	c	0.42846700	0.94672048	0.13909481	0.84000000	8.84000000	0.02930834	0.00000000
C16	c	0.65412691	0.08540882	0.09627198	0.90000000	8.90000000	0.01460617	0.00000000
C17	c	0.55283698	0.35617600	0.01342972	0.96000000	8.96000000	0.02644173	0.00000000
C18	c	0.18192347	0.83294179	0.07708086	1.02000000	9.02000000	0.02558382	0.00000000
C19	c	0.51666887	0.08487043	0.15361136	1.08000000	9.08000000	0.01916294	0.00000000
C20	c	0.63424771	0.59183089	0.12815835	1.14000000	9.14000000	0.01842956	0.00000000
C21	c	0.03295780	0.95912555	0.01485307	1.20000000	9.20000000	0.02124821	0.00000000
C22	c	0.53464753	0.55001005	0.02958321	1.26000000	9.26000000	0.01035316	0.00000000
C23	c	0.51934641	0.40750576	0.06851882	1.32000000	9.32000000	0.01170916	0.00000000
C24	c	0.59768391	0.96883892	0.13205220	1.38000000	9.38000000	0.01767093	0.00000000
C25	c	0.54590418	0.50481285	0.08600291	1.44000000	9.44000000	0.01108788	0.00000000
C26	c	0.13994632	0.33932528	0.12439247	1.50000000	9.50000000	0.01446326	0.00000000
C27	c	0.59876884	0.92180274	0.11658740	1.56000000	9.56000000	0.02365295	0.00000000
C28	c	0.55348849	0.81966416	0.03898385	1.62000000	9.62000000	0.01255216	0.00000000
C29	c	0.63532052	0.87753164	0.08816813	1.68000000	9.68000000	0.02718777	0.00000000
C30	c	0.99615559	0.96292929	0.10774711	1.74000000	9.74000000	0.02717409	0.00000000
C31	c	0.26361579	0.68566333	0.04914432	1.80000000	9.80000000	0.02125433	0.00000000
C32	c	0.84308384	0.08950077	0.09011237	1.86000000	9.86000000	0.01760412	0.00000000
C33	c	0.55750880	0.74002327	0.06349282	1.92000000	9.92000000	0.02294582	0.00000000
C34	c	0.81244330	0.92888140	0.04917392	1.98000000	9.98000000	0.02440302	0.00000000
C35	c	0.15877468	0.65566490	0.03653629	2.00000000	10.00000000	0.01026914	0.00000000
C36	c	0.38620648	0.99082393	0.03431183	2.00000000	10.00000000	0.01950466	0.00000000
C37	c	0.47397163	0.54899164	0.01581759	2.00000000	10.00000000	0.02640011	0.00000000
C38	c	0.37035760	0.09725780	0.15586566	2.00000000	10.00000000	0.01503672	0.00000000
C39	c	0.12491913	0.05032665	0.10327708	2.00000000	10.00000000	0.02496515	0.00000000
C40	c	0.58374352	0.09509085	0.03321334	2.00000000	10.00000000	0.01277996	0.00000000
C41	c	0.28635768	0.87943266	0.02970945	2.00000000	10.00000000	0.02099643	0.00000000
C42	c	0.06105493	0.01545233	0.09641850	2.00000000	10.00000000	0.02123577	0.00000000
C43	c	0.53737436	0.67173989	0.16069043	2.00000000	10.00000000	0.01876770	0.00000000
C44	c	0.19026352	0.47910856	0.16817918	2.00000000	10.00000000	0.01982841	0.00000000
C45	c	0.80429432	0.34754038	0.04167723	2.00000000	10.00000000	0.01391138	0.00000000
C46	c	0.35466901	0.03326885	0.15812667	2.00000000	10.00000000	0.01153875	0.00000000
C47	c	0.97611649	0.46715704	0.10123914	2.00000000	10.00000000	0.01548639	0.00000000
C48	c	0.90605679	0.13000853	0.16844925	2.00000000	10.00000000	0.02366381	0.00000000
C49	c	0.72710874	0.91384698	0.12935761	2.00000000	10.00000000	0.01945961	0.00000000
C50	c	0.73060504	0.39277226	0.12793069	2.00000000	10.00000000	0.02149475	0.00000000

Q Vehicle fuel tank capacity /0.40000000/
C Vehicle load capacity /1.50000000/
r fuel consumption rate /0.25000000/
g inverse refueling rate /1.00000000/
v average Velocity /1.00000000/
