StringID	Type	x	y	demand	ReadyTime	DueDate	ServiceTime	altitude
D0	d	0.50000000	0.50000000	0.00000000	0.00000000	10.00000000	0.00000000	0.00000000
S0	f	0.55535591	0.98496539	0.00000000	0.00000000	10.00000000	0.00000000	0.00000000
S1	f	0.15792936	0.72205599	0.00000000	0.00000000	10.00000000	0.00000000	0.00000000
S2	f	0.04674126	0.74431416	0.00000000	0.00000000	10.00000000	0.00000000	0.00000000
S3	f	0.22147107	0.90564776	0.00000000	0.00000000	10.00000000	0.00000000	0.00000000
S4	f	0.17253341	0.33526909	0.00000000	0.00000000	10.00000000	0.00000000	0.00000000
S5	f	0.92347655	0.42627410	0.00000000	0.00000000	10.00000000	0.00000000	0.00000000
C1	c	0.53222657	0.08545749	0.02245549	0.00000000	8.00000000	0.01309324	0.00000000
C2	c	0.19103360	0.09380779	0.13553104	0.10000000	8.10000000	0.01060374	0.00000000
C3	c	0.15258056	0.17122570	0.11181090	0.20000000	8.20000000	0.02663196	0.00000000
C4	c	0.96356866	0.70437665	0.08423335	0.30000000	8.30000000	0.01506149	0.00000000
C5	c	0.21253067	0.58632539	0.13035638	0.40000000	8.40000000	0.01526994	0.00000000
C6	c	0.78567421	0.69542809	0.20987635	0.50000000	8.50000000	0.02273561	0.00000000
C7	c	0.08323021	0.10610761	0.21639876	0.60000000	8.60000000	0.01058876	0.00000000
C8	c	0.09650388	0.92049767	0.22758830	0.70000000	8.70000000	0.02584867	0.00000000
C9	c	0.07680861	0.54021308	0.18333040	0.80000000	8.80000000	0.01252887	0.00000000
C10	c	0.73544961	0.26263220	0.18422860	0.90000000	8.90000000	0.02907472	0.00000000
C11	c	0.03199064	0.17244729	0.14454727	1.00000000	9.00000000	0.02981806	0.00000000
C12	c	0.11155010	0.03511468	0.27133265	1.10000000	9.10000000	0.01008876	0.00000000
C13	c	0.52690915	0.62264056	0.25878659	1.20000000	9.20000000	0.02330867	0.00000000
C14	c	0.06186417	0.63454723	0.25177610	1.30000000	9.30000000	0.01330722	0.00000000
C15	c	0.06692117	0.58497875	0.16176864	1.40000000	9.40000000	0.02971218	0.00000000
C16	c	0.40279682	0.25347203	0.02681893	1.50000000	9.50000000	0.02127735	0.00000000
C17	c	0.80830788	0.95856588	0.17830451	1.60000000	9.60000000	0.02075996	0.00000000
C18	c	0.06897474	0.21407709	0.22219327	1.70000000	9.70000000	0.02196136	0.00000000
C19	c	0.99213739	0.45434083	0.08868061	1.80000000	9.80000000	0.02434073	0.00000000
C20	c	0.55535591	0.98496539	0.11452316	1.90000000	9.90000000	0.01020470	0.00000000
C21	c	0.71943680	0.34849800	0.15758567	2.00000000	10.00000000	0.02080155	0.00000000
C22	c	0.58026665	0.19792958	0.04938896	2.00000000	10.00000000	0.01908627	0.00000000
C23	c	0.83623791	0.55927298	0.13095763	2.00000000	10.00000000	0.02526972	0.00000000
C24	c	0.56380297	0.71169955	0.12726926	2.00000000	10.00000000	0.02113239	0.00000000
C25	c	0.07753388	0.69867821	0.15215724	2.00000000	10.00000000	0.02700994	0.00000000
C26	c	0.84596114	0.29881227	0.19122647	2.00000000	10.00000000	0.01043159	0.00000000
C27	c	0.69696234	0.23479221	0.23359481	2.00000000	10.00000000	0.02691885	0.00000000
C28	c	0.22167214	0.23336855	0.08003889	2.00000000	10.00000000	0.02760401	0.00000000
C29	c	0.55009663	0.14356069	0.02982222	2.00000000	10.00000000	0.01273314	0.00000000
C30	c	0.67510833	0.18931153	0.12341755	2.00000000	10.00000000	0.01855463	0.00000000

Q Vehicle fuel tank capacity /0.40000000/
C Vehicle load capacity /1.50000000/
r fuel consumption rate /0.25000000/
g inverse refueling rate /1.00000000/
v average Velocity /1.00000000/
