StringID	Type	x	y	demand	ReadyTime	DueDate	ServiceTime	altitude
D0	d	0.50000000	0.50000000	0.00000000	0.00000000	10.00000000	0.00000000	0.00000000
S0	f	0.92438179	0.16856647	0.00000000	0.00000000	10.00000000	0.00000000	0.00000000
S1	f	0.70776159	0.06194120	0.00000000	0.00000000	10.00000000	0.00000000	0.00000000
S2	f	0.58706166	0.82505854	0.00000000	0.00000000	10.00000000	0.00000000	0.00000000
S3	f	0.08940561	0.78293247	0.00000000	0.00000000	10.00000000	0.00000000	0.00000000
S4	f	0.22138193	0.76346428	0.00000000	0.00000000	10.00000000	0.00000000	0.00000000
S5	f	0.48807936	0.14253688	0.00000000	0.00000000	10.00000000	0.00000000	0.00000000
S6	f	0.81047610	0.03677498	0.00000000	0.00000000	10.00000000	0.00000000	0.00000000
S7	f	0.74433090	0.81548247	0.00000000	0.00000000	10.00000000	0.00000000	0.00000000
S8	f	0.35869405	0.96653407	0.00000000	0.00000000	10.00000000	0.00000000	0.00000000
S9	f	0.07501072	0.04175963	0.00000000	0.00000000	10.00000000	0.00000000	0.00000000
C1	c	0.17898070	0.70622748	0.13907257	0.00000000	8.00000000	0.01275316	0.00000000
C2	c	0.31206225	0.68173118	0.11643768	0.06000000	8.06000000	0.02023173	0.00000000
C3	c	0.22133252	0.65152387	0.05592792	0.12000000	8.12000000	0.02640350	0.00000000
C4	c	0.35382490	0.64682787	0.11062199	0.18000000	8.18000000	0.01165514	0.00000000
C5	c	0.23434864	0.67816245	0.01470894	0.24000000	8.24000000	0.01468821	0.00000000
C6	c	0.36227414	0.59876385	0.15699201	0.30000000	8.30000000	0.01835243	0.00000000
C7	c	0.32972922	0.69105123	0.10977997	0.36000000	8.36000000	0.02597543	0.00000000
C8	c	0.15856051	0.73695699	0.12982373	0.42000000	8.42000000	0.02385332	0.00000000
C9	c	0.28303611	0.66187127	0.04494236	0.48000000	8.48000000	0.01621515	0.00000000
C10	c	0.35666521	0.72247768	0.08666153	0.54000000	8.54000000	0.01103472	0.00000000
C11	c	0.28050691	0.70355378	0.10010118	0.60000000	8.60000000	0.01570442	0.00000000
C12	c	0.90189570	0.82572870	0.10504922	0.66000000	8.66000000	0.01456601	0.00000000
C13	c	0.81618132	0.78901233	0.12713471	0.72000000	8.72000000	0.02187497	0.00000000
C14	c	0.80989987	0.76701464	0.09786609	0.78000000	8.78000000	0.01879671	0.00000000
C15	c	0.86518944	0.92574814	0.07038471	0.84000000	8.84000000	0.02343087	0.00000000
C16	c	0.96700797	0.84544980	0.12435543	0.90000000	8.90000000	0.01167138	0.00000000
C17	c	1.00000000	0.93115517	0.02817955	0.96000000	8.96000000	0.02024938	0.00000000
C18	c	0.64260757	0.59712030	0.03525317	1.02000000	9.02000000	0.02876882	0.00000000
C19	c	0.58596614	0.54185411	0.03168859	1.08000000	9.08000000	0.01679342	0.00000000
C20	c	0.77834533	0.35469815	0.03049822	1.14000000	9.14000000	0.01126306	0.00000000
C21	c	0.74598374	0.44474596	0.13133072	1.20000000	9.20000000	0.02706245	0.00000000
C22	c	0.87810461	0.48677579	0.04944952	1.26000000	9.26000000	0.02240616	0.00000000
C23	c	0.74869422	0.41371161	0.11996937	1.32000000	9.32000000	0.02560166	0.00000000
C24	c	0.75316448	0.40906447	0.10232467	1.38000000	9.38000000	0.01547136	0.00000000
C25	c	0.77016430	0.42774434	0.10617234	1.44000000	9.44000000	0.02949568	0.00000000
C26	c	0.82216350	0.91297866	0.09909647	1.50000000	9.50000000	0.01514543	0.00000000
C27	c	0.63785980	0.49188525	0.03540940	1.56000000	9.56000000	0.01405368	0.00000000
C28	c	0.09584581	0.70180336	0.01443841	1.62000000	9.62000000	0.02644885	0.00000000
C29	c	0.11424155	0.39099978	0.05416358	1.68000000	9.68000000	0.02010984	0.00000000
C30	c	0.68326367	0.60256388	0.11321603	1.74000000	9.74000000	0.01667969	0.00000000
C31	c	0.10509047	0.18801423	0.15063461	1.80000000	9.80000000	0.02036377	0.00000000
C32	c	0.15705205	0.96603646	0.13142677	1.86000000	9.86000000	0.01744931	0.00000000
C33	c	0.69429903	0.48337906	0.14144557	1.92000000	9.92000000	0.02075054	0.00000000
C34	c	0.97061004	0.29005749	0.15582059	1.98000000	9.98000000	0.02957541	0.00000000
C35	c	0.13765799	0.51158633	0.11227237	2.00000000	10.00000000	0.02451730	0.00000000
C36	c	0.82017519	0.08275707	0.08916624	2.00000000	10.00000000	0.01975503	0.00000000
C37	c	0.23441027	0.41762144	0.02647765	2.00000000	10.00000000	0.02746633	0.00000000
C38	c	0.79877127	0.69266591	0.12239391	2.00000000	10.00000000	0.02503852	0.00000000
C39	c	0.31075747	0.05173595	0.02938949	2.00000000	10.00000000	0.01559206	0.00000000
C40	c	0.28522092	0.22830045	0.07319720	2.00000000	10.00000000	0.01656673	0.00000000
C41	c	0.59374875	0.43983561	0.11945929	2.00000000	10.00000000	0.02490658	0.00000000
C42	c	0.67154335	0.08356881	0.10668542	2.00000000	10.00000000	0.02268296	0.00000000
C43	c	0.51246882	0.93844112	0.02794098	2.00000000	10.00000000	0.01239502	0.00000000
C44	c	0.85312264	0.62030785	0.04106688	2.00000000	10.00000000	0.02591916	0.00000000
C45	c	0.78008308	0.27356822	0.03616591	2.00000000	10.00000000	0.01071013	0.00000000
C46	c	0.20268383	0.82244227	0.16421904	2.00000000	10.00000000	0.02558113	0.00000000
C47	c	0.50549181	0.33398463	0.12120606	2.00000000	10.00000000	0.02893814	0.00000000
C48	c	0.51818868	0.37246561	0.08781980	2.00000000	10.00000000	0.02471890	0.00000000
C49	c	0.53752681	0.97877047	0.16494299	2.00000000	10.00000000	0.01594140	0.00000000
C50	c	0.87331653	0.75192580	0.05721918	2.00000000	10.00000000	0.02165884	0.00000000

Q Vehicle fuel tank capacity /0.40000000/
C Vehicle load capacity /1.50000000/
r fuel consumption rate /0.25000000/
g inverse refueling rate /1.00000000/
v average Velocity /1.00000000/
