StringID	Type	x	y	demand	ReadyTime	DueDate	ServiceTime	altitude
D0	d	0.50000000	0.50000000	0.00000000	0.00000000	10.00000000	0.00000000	0.00000000
S0	f	0.24769363	0.98963699	0.00000000	0.00000000	10.00000000	0.00000000	0.00000000
S1	f	0.65490484	0.08817290	0.00000000	0.00000000	10.00000000	0.00000000	0.00000000
S2	f	0.30640625	0.54178392	0.00000000	0.00000000	10.00000000	0.00000000	0.00000000
S3	f	0.17961331	0.15975895	0.00000000	0.00000000	10.00000000	0.00000000	0.00000000
S4	f	0.30034892	0.72118101	0.00000000	0.00000000	10.00000000	0.00000000	0.00000000
S5	f	0.89548179	0.95986429	0.00000000	0.00000000	10.00000000	0.00000000	0.00000000
C1	c	0.71952603	0.79992374	0.13987384	0.00000000	8.00000000	0.01234129	0.00000000
C2	c	0.91497406	0.08956077	0.05196386	0.10000000	8.10000000	0.02046654	0.00000000
C3	c	0.00344448	0.75583690	0.13577028	0.20000000	8.20000000	0.01776886	0.00000000
C4	c	0.21815956	0.92149145	0.04308167	0.30000000	8.30000000	0.02955973	0.00000000
C5	c	0.04437535	0.54733943	0.26090267	0.40000000	8.40000000	0.01450158	0.00000000
C6	c	0.95045919	0.24667724	0.15679374	0.50000000	8.50000000	0.02067324	0.00000000
C7	c	0.62320183	0.40917956	0.25117045	0.60000000	8.60000000	0.02036216	0.00000000
C8	c	0.12137274	0.50750946	0.20390148	0.70000000	8.70000000	0.02052167	0.00000000
C9	c	0.44265495	0.54180086	0.20944167	0.80000000	8.80000000	0.01068662	0.00000000
C10	c	0.33976353	0.78913021	0.06593752	0.90000000	8.90000000	0.02652413	0.00000000
C11	c	0.61823114	0.28177234	0.18056848	1.00000000	9.00000000	0.01150933	0.00000000
C12	c	0.34577071	0.48027890	0.13593727	1.10000000	9.10000000	0.02268616	0.00000000
C13	c	0.02016897	0.35521740	0.12577175	1.20000000	9.20000000	0.02820450	0.00000000
C14	c	0.09115890	0.17201836	0.13463568	1.30000000	9.30000000	0.02471698	0.00000000
C15	c	0.14588248	0.13716043	0.18119279	1.40000000	9.40000000	0.02182014	0.00000000
C16	c	0.14901682	0.34660367	0.20136706	1.50000000	9.50000000	0.02332646	0.00000000
C17	c	0.74338293	0.84576817	0.05572181	1.60000000	9.60000000	0.02362528	0.00000000
C18	c	0.72902202	0.00505697	0.17637530	1.70000000	9.70000000	0.02098041	0.00000000
C19	c	0.24769363	0.98963699	0.03278305	1.80000000	9.80000000	0.01123412	0.00000000
C20	c	0.03775425	0.66269906	0.05190564	1.90000000	9.90000000	0.01477967	0.00000000
C21	c	0.95109810	0.58307470	0.08466142	2.00000000	10.00000000	0.02809003	0.00000000
C22	c	0.39679506	0.00504533	0.24376749	2.00000000	10.00000000	0.01368466	0.00000000
C23	c	0.83033063	0.37323424	0.10726113	2.00000000	10.00000000	0.02328489	0.00000000
C24	c	0.89000875	0.61662781	0.10478192	2.00000000	10.00000000	0.02989360	0.00000000
C25	c	0.37091678	0.67613866	0.23440155	2.00000000	10.00000000	0.01931752	0.00000000
C26	c	0.46359819	0.59422935	0.17811633	2.00000000	10.00000000	0.01926562	0.00000000
C27	c	0.82383456	0.60384685	0.18217727	2.00000000	10.00000000	0.01374661	0.00000000
C28	c	0.44630319	0.05571699	0.16427209	2.00000000	10.00000000	0.02482645	0.00000000
C29	c	0.86284546	0.17023835	0.18569198	2.00000000	10.00000000	0.01322884	0.00000000
C30	c	0.03695747	0.11074291	0.21977283	2.00000000	10.00000000	0.01370304	0.00000000

Q Vehicle fuel tank capacity /0.40000000/
C Vehicle load capacity /1.50000000/
r fuel consumption rate /0.25000000/
g inverse refueling rate /1.00000000/
v average Velocity /1.00000000/
