StringID	Type	x	y	demand	ReadyTime	DueDate	ServiceTime	altitude
D0	d	0.50000000	0.50000000	0.00000000	0.00000000	10.00000000	0.00000000	0.00000000
S0	f	0.69226396	0.18608468	0.00000000	0.00000000	10.00000000	0.00000000	0.00000000
S1	f	0.12392912	0.31273915	0.00000000	0.00000000	10.00000000	0.00000000	0.00000000
S2	f	0.65214509	0.17242639	0.00000000	0.00000000	10.00000000	0.00000000	0.00000000
S3	f	0.46483167	0.88911419	0.00000000	0.00000000	10.00000000	0.00000000	0.00000000
S4	f	0.51068263	0.60580179	0.00000000	0.00000000	10.00000000	0.00000000	0.00000000
S5	f	0.59939876	0.17783163	0.00000000	0.00000000	10.00000000	0.00000000	0.00000000
S6	f	0.90166552	0.00133179	0.00000000	0.00000000	10.00000000	0.00000000	0.00000000
S7	f	0.55187938	0.10588732	0.00000000	0.00000000	10.00000000	0.00000000	0.00000000
S8	f	0.95306369	0.34416796	0.00000000	0.00000000	10.00000000	0.00000000	0.00000000
S9	f	0.44037557	0.93913469	0.00000000	0.00000000	10.00000000	0.00000000	0.00000000
C1	c	0.92493385	0.62398380	0.07917754	0.00000000	8.00000000	0.02593421	0.00000000
C2	c	0.78071691	0.65862139	0.03311711	0.06000000	8.06000000	0.01805580	0.00000000
C3	c	0.89051187	0.70695810	0.04687145	0.12000000	8.12000000	0.01467536	0.00000000
C4	c	0.85800000	0.64790899	0.09994196	0.18000000	8.18000000	0.01454486	0.00000000
C5	c	0.91799415	0.66671268	0.15786991	0.24000000	8.24000000	0.01504396	0.00000000
C6	c	0.65411912	0.07549975	0.09062458	0.30000000	8.30000000	0.02044639	0.00000000
C7	c	0.63098418	0.11945398	0.10917064	0.36000000	8.36000000	0.02890595	0.00000000
C8	c	0.72769033	0.16276057	0.07142766	0.42000000	8.42000000	0.02107468	0.00000000
C9	c	0.70798376	0.12731531	0.12720133	0.48000000	8.48000000	0.02716042	0.00000000
C10	c	0.56291598	0.60850849	0.05861066	0.54000000	8.54000000	0.02425359	0.00000000
C11	c	0.52571482	0.51431389	0.16569752	0.60000000	8.60000000	0.02114953	0.00000000
C12	c	0.50350308	0.64757589	0.16683449	0.66000000	8.66000000	0.02423423	0.00000000
C13	c	0.67497087	0.39254128	0.15531710	0.72000000	8.72000000	0.02595202	0.00000000
C14	c	0.82496789	0.49018987	0.05830538	0.78000000	8.78000000	0.02979238	0.00000000
C15	c	0.74884394	0.47481759	0.06650850	0.84000000	8.84000000	0.02569873	0.00000000
C16	c	0.70348831	0.31917117	0.04341366	0.90000000	8.90000000	0.01064313	0.00000000
C17	c	0.71378198	0.44729456	0.05713337	0.96000000	8.96000000	0.01189343	0.00000000
C18	c	0.77117550	0.41467494	0.09348469	1.02000000	9.02000000	0.01885095	0.00000000
C19	c	0.24957107	0.11441352	0.13669323	1.08000000	9.08000000	0.01411781	0.00000000
C20	c	0.15953730	0.10079432	0.11415701	1.14000000	9.14000000	0.02316905	0.00000000
C21	c	0.13368454	0.14897151	0.15343244	1.20000000	9.20000000	0.01192421	0.00000000
C22	c	0.12378508	0.03142746	0.04081379	1.26000000	9.26000000	0.02115523	0.00000000
C23	c	0.08602355	0.15872204	0.15195506	1.32000000	9.32000000	0.01787562	0.00000000
C24	c	0.12933092	0.19048509	0.05321860	1.38000000	9.38000000	0.01202136	0.00000000
C25	c	0.01200166	0.09015045	0.10564354	1.44000000	9.44000000	0.01441099	0.00000000
C26	c	0.26833556	0.31005645	0.02409877	1.50000000	9.50000000	0.02504545	0.00000000
C27	c	0.33767817	0.45899598	0.07077349	1.56000000	9.56000000	0.01858462	0.00000000
C28	c	0.47283464	0.06753459	0.07533524	1.62000000	9.62000000	0.02459595	0.00000000
C29	c	0.07200730	0.99451579	0.16880531	1.68000000	9.68000000	0.02604883	0.00000000
C30	c	0.07333303	0.27508286	0.09424070	1.74000000	9.74000000	0.02831329	0.00000000
C31	c	0.43098909	0.30139869	0.04143722	1.80000000	9.80000000	0.01384308	0.00000000
C32	c	0.75310086	0.79671054	0.05620291	1.86000000	9.86000000	0.02328513	0.00000000
C33	c	0.40278982	0.23376786	0.06310427	1.92000000	9.92000000	0.01242242	0.00000000
C34	c	0.22724287	0.25219822	0.06767338	1.98000000	9.98000000	0.02753546	0.00000000
C35	c	0.52231956	0.94529741	0.08774146	2.00000000	10.00000000	0.02016517	0.00000000
C36	c	0.55373420	0.85802112	0.09003062	2.00000000	10.00000000	0.02521693	0.00000000
C37	c	0.71267961	0.55747636	0.02298693	2.00000000	10.00000000	0.02315832	0.00000000
C38	c	0.71171136	0.79760085	0.02372679	2.00000000	10.00000000	0.02613718	0.00000000
C39	c	0.98961915	0.78493639	0.17632577	2.00000000	10.00000000	0.01802158	0.00000000
C40	c	0.44254743	0.20589036	0.16526325	2.00000000	10.00000000	0.02355240	0.00000000
C41	c	0.55776147	0.39378115	0.12261750	2.00000000	10.00000000	0.01243408	0.00000000
C42	c	0.10106790	0.22054958	0.06744491	2.00000000	10.00000000	0.02536227	0.00000000
C43	c	0.91566468	0.19215415	0.08407029	2.00000000	10.00000000	0.02256088	0.00000000
C44	c	0.87677300	0.50825845	0.02394609	2.00000000	10.00000000	0.01357595	0.00000000
C45	c	0.17879726	0.74134204	0.05731903	2.00000000	10.00000000	0.02482684	0.00000000
C46	c	0.60264539	0.00335611	0.12697184	2.00000000	10.00000000	0.02367495	0.00000000
C47	c	0.93822816	0.85763346	0.07209074	2.00000000	10.00000000	0.01730247	0.00000000
C48	c	0.52870354	0.42968108	0.08310864	2.00000000	10.00000000	0.01137970	0.00000000
C49	c	0.92207567	0.98660284	0.06167213	2.00000000	10.00000000	0.02939975	0.00000000
C50	c	0.66979167	0.86824541	0.13639154	2.00000000	10.00000000	0.02205291	0.00000000

Q Vehicle fuel tank capacity /0.40000000/
C Vehicle load capacity /1.50000000/
r fuel consumption rate /0.25000000/
g inverse refueling rate /1.00000000/
v average Velocity /1.00000000/
