StringID	Type	x	y	demand	ReadyTime	DueDate	ServiceTime	altitude
D0	d	0.50000000	0.50000000	0.00000000	0.00000000	10.00000000	0.00000000	0.00000000
S0	f	0.73072467	0.02063166	0.00000000	0.00000000	10.00000000	0.00000000	0.00000000
S1	f	0.87202125	0.68609033	0.00000000	0.00000000	10.00000000	0.00000000	0.00000000
S2	f	0.53248000	0.73066352	0.00000000	0.00000000	10.00000000	0.00000000	0.00000000
S3	f	0.15668860	0.99693358	0.00000000	0.00000000	10.00000000	0.00000000	0.00000000
S4	f	0.37965820	0.21444977	0.00000000	0.00000000	10.00000000	0.00000000	0.00000000
S5	f	0.66881648	0.17730979	0.00000000	0.00000000	10.00000000	0.00000000	0.00000000
S6	f	0.93333902	0.58245858	0.00000000	0.00000000	10.00000000	0.00000000	0.00000000
S7	f	0.24552073	0.84588538	0.00000000	0.00000000	10.00000000	0.00000000	0.00000000
S8	f	0.36268796	0.42196394	0.00000000	0.00000000	10.00000000	0.00000000	0.00000000
S9	f	0.57498002	0.07058956	0.00000000	0.00000000	10.00000000	0.00000000	0.00000000
C1	c	0.37226229	0.66307813	0.01912463	0.00000000	8.00000000	0.01517331	0.00000000
C2	c	0.37749911	0.50120885	0.11947622	0.06000000	8.06000000	0.02370506	0.00000000
C3	c	0.27767028	0.67813286	0.07898674	0.12000000	8.12000000	0.02589032	0.00000000
C4	c	0.31218601	0.48454010	0.08141255	0.18000000	8.18000000	0.02593107	0.00000000
C5	c	0.36575964	0.58373074	0.04791524	0.24000000	8.24000000	0.02106769	0.00000000
C6	c	0.29801581	0.63849503	0.14430157	0.30000000	8.30000000	0.02102765	0.00000000
C7	c	0.27462583	0.58216568	0.06375722	0.36000000	8.36000000	0.01276744	0.00000000
C8	c	0.75257682	0.09516225	0.11763387	0.42000000	8.42000000	0.02018327	0.00000000
C9	c	0.63484040	0.06446334	0.08186837	0.48000000	8.48000000	0.01430626	0.00000000
C10	c	0.85766272	0.00000000	0.10537558	0.54000000	8.54000000	0.01975594	0.00000000
C11	c	0.62715437	0.00000000	0.14737834	0.60000000	8.60000000	0.01515887	0.00000000
C12	c	0.66763726	0.00000000	0.02697964	0.66000000	8.66000000	0.01371553	0.00000000
C13	c	0.42430925	0.70645921	0.02817071	0.72000000	8.72000000	0.01588799	0.00000000
C14	c	0.48049835	0.78584417	0.10575835	0.78000000	8.78000000	0.02523102	0.00000000
C15	c	0.47913474	0.74082076	0.07524825	0.84000000	8.84000000	0.02432981	0.00000000
C16	c	0.57362573	0.62951566	0.14569368	0.90000000	8.90000000	0.01840680	0.00000000
C17	c	0.58377156	0.53646445	0.10647653	0.96000000	8.96000000	0.01724416	0.00000000
C18	c	0.40840773	0.42804676	0.14352907	1.02000000	9.02000000	0.01036005	0.00000000
C19	c	0.46028255	0.56455707	0.07273281	1.08000000	9.08000000	0.01309264	0.00000000
C20	c	0.55534302	0.48501629	0.01447082	1.14000000	9.14000000	0.02058400	0.00000000
C21	c	0.47208826	0.53827590	0.03596753	1.20000000	9.20000000	0.02905369	0.00000000
C22	c	0.54711136	0.34819772	0.06631775	1.26000000	9.26000000	0.02247552	0.00000000
C23	c	0.48758841	0.44796406	0.01564953	1.32000000	9.32000000	0.02200149	0.00000000
C24	c	0.48448274	0.30961952	0.15324955	1.38000000	9.38000000	0.02391208	0.00000000
C25	c	0.58275594	0.31504551	0.03128325	1.44000000	9.44000000	0.01637281	0.00000000
C26	c	0.68267247	0.55221468	0.03421579	1.50000000	9.50000000	0.02231985	0.00000000
C27	c	0.60343915	0.84930808	0.06138311	1.56000000	9.56000000	0.01513901	0.00000000
C28	c	0.74657887	0.65985087	0.13981948	1.62000000	9.62000000	0.02461909	0.00000000
C29	c	0.99508337	0.07871424	0.10838141	1.68000000	9.68000000	0.01144216	0.00000000
C30	c	0.27067683	0.24008719	0.08963167	1.74000000	9.74000000	0.01338552	0.00000000
C31	c	0.04410477	0.20835717	0.09699379	1.80000000	9.80000000	0.02420321	0.00000000
C32	c	0.90000178	0.90928731	0.13233073	1.86000000	9.86000000	0.02396147	0.00000000
C33	c	0.85004102	0.90387577	0.11756621	1.92000000	9.92000000	0.01930300	0.00000000
C34	c	0.99017493	0.71282340	0.10510143	1.98000000	9.98000000	0.01086129	0.00000000
C35	c	0.87102513	0.76323641	0.15328194	2.00000000	10.00000000	0.01469839	0.00000000
C36	c	0.30720046	0.84633240	0.02157893	2.00000000	10.00000000	0.02590498	0.00000000
C37	c	0.79451593	0.79655359	0.04916830	2.00000000	10.00000000	0.01623523	0.00000000
C38	c	0.13837204	0.50916338	0.04477188	2.00000000	10.00000000	0.02679147	0.00000000
C39	c	0.21531306	0.48779691	0.01660476	2.00000000	10.00000000	0.01058501	0.00000000
C40	c	0.25794367	0.18577660	0.04021155	2.00000000	10.00000000	0.02469887	0.00000000
C41	c	0.29439975	0.76155090	0.13961656	2.00000000	10.00000000	0.01617007	0.00000000
C42	c	0.71649056	0.42034016	0.14095110	2.00000000	10.00000000	0.01588694	0.00000000
C43	c	0.36220804	0.01800248	0.13243607	2.00000000	10.00000000	0.02631040	0.00000000
C44	c	0.95268454	0.62377601	0.14017334	2.00000000	10.00000000	0.02206215	0.00000000
C45	c	0.60007434	0.69560420	0.15257649	2.00000000	10.00000000	0.01224630	0.00000000
C46	c	0.25695075	0.73095460	0.11271479	2.00000000	10.00000000	0.02520674	0.00000000
C47	c	0.07210817	0.16927599	0.13545196	2.00000000	10.00000000	0.01763533	0.00000000
C48	c	0.71016072	0.69807351	0.11996028	2.00000000	10.00000000	0.02601516	0.00000000
C49	c	0.46514987	0.04306472	0.05441757	2.00000000	10.00000000	0.01935033	0.00000000
C50	c	0.23491952	0.79524913	0.13190306	2.00000000	10.00000000	0.02528886	0.00000000

Q Vehicle fuel tank capacity /0.40000000/
C Vehicle load capacity /1.50000000/
r fuel consumption rate /0.25000000/
g inverse refueling rate /1.00000000/
v average Velocity /1.00000000/
