StringID	Type	x	y	demand	ReadyTime	DueDate	ServiceTime	altitude
D0	d	0.50000000	0.50000000	0.00000000	0.00000000	10.00000000	0.00000000	0.00000000
S0	f	0.68568127	0.71477777	0.00000000	0.00000000	10.00000000	0.00000000	0.00000000
S1	f	0.09587078	0.19137773	0.00000000	0.00000000	10.00000000	0.00000000	0.00000000
S2	f	0.93235721	0.37343159	0.00000000	0.00000000	10.00000000	0.00000000	0.00000000
S3	f	0.60934332	0.94906867	0.00000000	0.00000000	10.00000000	0.00000000	0.00000000
S4	f	0.37492266	0.55124091	0.00000000	0.00000000	10.00000000	0.00000000	0.00000000
S5	f	0.46553435	0.16335263	0.00000000	0.00000000	10.00000000	0.00000000	0.00000000
C1	c	0.72425011	0.91034648	0.16422645	0.00000000	8.00000000	0.01836044	0.00000000
C2	c	0.71441213	0.67912044	0.27932124	0.10000000	8.10000000	0.02564184	0.00000000
C3	c	0.67790227	0.77248053	0.16299169	0.20000000	8.20000000	0.01021889	0.00000000
C4	c	0.89611906	0.78138878	0.17910379	0.30000000	8.30000000	0.02330684	0.00000000
C5	c	0.85208394	0.74221481	0.08050679	0.40000000	8.40000000	0.02906082	0.00000000
C6	c	0.89799418	0.79401956	0.19150004	0.50000000	8.50000000	0.02325198	0.00000000
C7	c	0.92747789	0.75877513	0.16513405	0.60000000	8.60000000	0.02609028	0.00000000
C8	c	0.55804035	0.35729833	0.20121947	0.70000000	8.70000000	0.01827416	0.00000000
C9	c	0.53702879	0.30976149	0.06486699	0.80000000	8.80000000	0.02383213	0.00000000
C10	c	0.58173034	0.21266329	0.07735878	0.90000000	8.90000000	0.01982227	0.00000000
C11	c	0.50970138	0.27832121	0.03274191	1.00000000	9.00000000	0.02789854	0.00000000
C12	c	0.56005565	0.38035407	0.03617859	1.10000000	9.10000000	0.02296070	0.00000000
C13	c	0.53947870	0.45572336	0.19822040	1.20000000	9.20000000	0.01854399	0.00000000
C14	c	0.46607591	0.35814141	0.06603208	1.30000000	9.30000000	0.01249638	0.00000000
C15	c	0.58669416	0.29203254	0.08280042	1.40000000	9.40000000	0.02322309	0.00000000
C16	c	0.76501899	0.74116314	0.29807679	1.50000000	9.50000000	0.01808363	0.00000000
C17	c	0.43462434	0.52909238	0.06129771	1.60000000	9.60000000	0.01076744	0.00000000
C18	c	0.41802197	0.78209201	0.06700470	1.70000000	9.70000000	0.01419417	0.00000000
C19	c	0.01094444	0.66534185	0.08269712	1.80000000	9.80000000	0.01243281	0.00000000
C20	c	0.95304102	0.66259884	0.03992396	1.90000000	9.90000000	0.02694135	0.00000000
C21	c	0.80451379	0.41370801	0.19980968	2.00000000	10.00000000	0.02447975	0.00000000
C22	c	0.69160637	0.49111342	0.25829704	2.00000000	10.00000000	0.01900600	0.00000000
C23	c	0.89492699	0.64803524	0.22988223	2.00000000	10.00000000	0.02047978	0.00000000
C24	c	0.42719939	0.12481886	0.24192904	2.00000000	10.00000000	0.02982340	0.00000000
C25	c	0.66115437	0.40418164	0.21707594	2.00000000	10.00000000	0.01032149	0.00000000
C26	c	0.03837206	0.20970875	0.04524109	2.00000000	10.00000000	0.01921723	0.00000000
C27	c	0.12164059	0.84706748	0.23572009	2.00000000	10.00000000	0.02655457	0.00000000
C28	c	0.72398747	0.45030006	0.22899725	2.00000000	10.00000000	0.01066942	0.00000000
C29	c	0.52398906	0.99117022	0.14261126	2.00000000	10.00000000	0.01204158	0.00000000
C30	c	0.01607444	0.46086129	0.16923339	2.00000000	10.00000000	0.01365017	0.00000000

Q Vehicle fuel tank capacity /0.40000000/
C Vehicle load capacity /1.50000000/
r fuel consumption rate /0.25000000/
g inverse refueling rate /1.00000000/
v average Velocity /1.00000000/
