StringID	Type	x	y	demand	ReadyTime	DueDate	ServiceTime	altitude
D0	d	0.50000000	0.50000000	0.00000000	0.00000000	10.00000000	0.00000000	0.00000000
S0	f	0.53178077	0.33234321	0.00000000	0.00000000	10.00000000	0.00000000	0.00000000
S1	f	0.16463285	0.24170566	0.00000000	0.00000000	10.00000000	0.00000000	0.00000000
S2	f	0.28012346	0.12716213	0.00000000	0.00000000	10.00000000	0.00000000	0.00000000
S3	f	0.07634502	0.07635919	0.00000000	0.00000000	10.00000000	0.00000000	0.00000000
S4	f	0.27948766	0.43073412	0.00000000	0.00000000	10.00000000	0.00000000	0.00000000
S5	f	0.44604448	0.76631865	0.00000000	0.00000000	10.00000000	0.00000000	0.00000000
S6	f	0.44964867	0.10862741	0.00000000	0.00000000	10.00000000	0.00000000	0.00000000
S7	f	0.67280151	0.17803952	0.00000000	0.00000000	10.00000000	0.00000000	0.00000000
S8	f	0.61149048	0.24266574	0.00000000	0.00000000	10.00000000	0.00000000	0.00000000
S9	f	0.68412788	0.32260117	0.00000000	0.00000000	10.00000000	0.00000000	0.00000000
C1	c	0.36778007	0.83757920	0.03950171	0.00000000	8.00000000	0.02496476	0.00000000
C2	c	0.22451693	0.48968485	0.10965532	0.06000000	8.06000000	0.01053102	0.00000000
C3	c	0.11423004	0.22491975	0.16085777	0.12000000	8.12000000	0.02130389	0.00000000
C4	c	0.14170316	0.76713251	0.16563373	0.18000000	8.18000000	0.02907559	0.00000000
C5	c	0.65355154	0.50274411	0.01908545	0.24000000	8.24000000	0.02159244	0.00000000
C6	c	0.18544087	0.48033432	0.14973560	0.30000000	8.30000000	0.02237145	0.00000000
C7	c	0.61419255	0.94138632	0.05063276	0.36000000	8.36000000	0.02396177	0.00000000
C8	c	0.36188288	0.77153811	0.12003761	0.42000000	8.42000000	0.02234144	0.00000000
C9	c	0.41657331	0.38178599	0.09992514	0.48000000	8.48000000	0.01123087	0.00000000
C10	c	0.85905892	0.95599565	0.12521272	0.54000000	8.54000000	0.01036141	0.00000000
C11	c	0.01785890	0.56466122	0.05356479	0.60000000	8.60000000	0.01157879	0.00000000
C12	c	0.53268945	0.43488549	0.16091172	0.66000000	8.66000000	0.01159738	0.00000000
C13	c	0.29906402	0.93963171	0.08161687	0.72000000	8.72000000	0.01959304	0.00000000
C14	c	0.03245571	0.52251968	0.01414973	0.78000000	8.78000000	0.01623796	0.00000000
C15	c	0.82045793	0.01411999	0.08892101	0.84000000	8.84000000	0.02227401	0.00000000
C16	c	0.25415118	0.00974254	0.10303100	0.90000000	8.90000000	0.02121071	0.00000000
C17	c	0.05924594	0.68547993	0.03431772	0.96000000	8.96000000	0.01004744	0.00000000
C18	c	0.29210634	0.54826721	0.08227054	1.02000000	9.02000000	0.01028986	0.00000000
C19	c	0.53178077	0.33234321	0.04202676	1.08000000	9.08000000	0.01263007	0.00000000
C20	c	0.48095981	0.34982546	0.12410610	1.14000000	9.14000000	0.02292470	0.00000000
C21	c	0.19317508	0.41483656	0.09970228	1.20000000	9.20000000	0.01103749	0.00000000
C22	c	0.99376117	0.79141333	0.13906591	1.26000000	9.26000000	0.01981709	0.00000000
C23	c	0.93084472	0.16159422	0.11542595	1.32000000	9.32000000	0.02118087	0.00000000
C24	c	0.61117295	0.14188505	0.08898990	1.38000000	9.38000000	0.02557383	0.00000000
C25	c	0.74405398	0.10815093	0.04066273	1.44000000	9.44000000	0.02552320	0.00000000
C26	c	0.28138248	0.62770993	0.09591945	1.50000000	9.50000000	0.02108875	0.00000000
C27	c	0.65767139	0.27627232	0.13263923	1.56000000	9.56000000	0.02339265	0.00000000
C28	c	0.13430537	0.61523742	0.04332151	1.62000000	9.62000000	0.02887210	0.00000000
C29	c	0.86833152	0.43969881	0.02241416	1.68000000	9.68000000	0.02769699	0.00000000
C30	c	0.41966508	0.01961982	0.06780755	1.74000000	9.74000000	0.01225542	0.00000000
C31	c	0.95111005	0.57101636	0.01691435	1.80000000	9.80000000	0.01725850	0.00000000
C32	c	0.90627281	0.88869264	0.06304185	1.86000000	9.86000000	0.01563671	0.00000000
C33	c	0.98630900	0.67223934	0.06380038	1.92000000	9.92000000	0.01401566	0.00000000
C34	c	0.31062979	0.46797863	0.10631018	1.98000000	9.98000000	0.02627374	0.00000000
C35	c	0.69249003	0.74749004	0.07090948	2.00000000	10.00000000	0.01322049	0.00000000
C36	c	0.16463285	0.24170566	0.16885505	2.00000000	10.00000000	0.01118220	0.00000000
C37	c	0.61086494	0.89636017	0.07538599	2.00000000	10.00000000	0.01636707	0.00000000
C38	c	0.74773448	0.49871607	0.02838782	2.00000000	10.00000000	0.02818497	0.00000000
C39	c	0.57889868	0.07754552	0.12008780	2.00000000	10.00000000	0.02116710	0.00000000
C40	c	0.48139735	0.01701241	0.11647043	2.00000000	10.00000000	0.01076098	0.00000000
C41	c	0.93022760	0.29121928	0.03305774	2.00000000	10.00000000	0.02286750	0.00000000
C42	c	0.23169696	0.22793272	0.10907337	2.00000000	10.00000000	0.02984240	0.00000000
C43	c	0.35997378	0.16883148	0.10235095	2.00000000	10.00000000	0.02198774	0.00000000
C44	c	0.43109279	0.07134962	0.11138023	2.00000000	10.00000000	0.01920966	0.00000000
C45	c	0.73925521	0.60239510	0.07431515	2.00000000	10.00000000	0.02536525	0.00000000
C46	c	0.69963635	0.57688176	0.16695630	2.00000000	10.00000000	0.02880310	0.00000000
C47	c	0.59338377	0.73674409	0.08570419	2.00000000	10.00000000	0.01106905	0.00000000
C48	c	0.97158487	0.11814494	0.11637024	2.00000000	10.00000000	0.01964135	0.00000000
C49	c	0.57386829	0.02096566	0.10303813	2.00000000	10.00000000	0.01646328	0.00000000
C50	c	0.52344760	0.84314599	0.09644763	2.00000000	10.00000000	0.01622216	0.00000000

Q Vehicle fuel tank capacity /0.40000000/
C Vehicle load capacity /1.50000000/
r fuel consumption rate /0.25000000/
g inverse refueling rate /1.00000000/
v average Velocity /1.00000000/
