StringID	Type	x	y	demand	ReadyTime	DueDate	ServiceTime	altitude
D0	d	0.50000000	0.50000000	0.00000000	0.00000000	10.00000000	0.00000000	0.00000000
S0	f	0.35095434	0.40674782	0.00000000	0.00000000	10.00000000	0.00000000	0.00000000
S1	f	0.94278654	0.56907564	0.00000000	0.00000000	10.00000000	0.00000000	0.00000000
S2	f	0.87214353	0.32069357	0.00000000	0.00000000	10.00000000	0.00000000	0.00000000
S3	f	0.20306570	0.61368796	0.00000000	0.00000000	10.00000000	0.00000000	0.00000000
S4	f	0.69795325	0.53098516	0.00000000	0.00000000	10.00000000	0.00000000	0.00000000
S5	f	0.42020724	0.60665800	0.00000000	0.00000000	10.00000000	0.00000000	0.00000000
S6	f	0.78678184	0.42557221	0.00000000	0.00000000	10.00000000	0.00000000	0.00000000
S7	f	0.33737580	0.00722668	0.00000000	0.00000000	10.00000000	0.00000000	0.00000000
S8	f	0.42038492	0.95288904	0.00000000	0.00000000	10.00000000	0.00000000	0.00000000
S9	f	0.23254289	0.33589712	0.00000000	0.00000000	10.00000000	0.00000000	0.00000000
C1	c	0.39169165	0.37278433	0.02488890	0.00000000	8.00000000	0.01097571	0.00000000
C2	c	0.92911389	0.31435074	0.01844415	0.06000000	8.06000000	0.01561697	0.00000000
C3	c	0.18613872	0.90718066	0.01889444	0.12000000	8.12000000	0.01591475	0.00000000
C4	c	0.44903467	0.19140993	0.09451329	0.18000000	8.18000000	0.02048644	0.00000000
C5	c	0.02987515	0.35921992	0.18351177	0.24000000	8.24000000	0.02461055	0.00000000
C6	c	0.45951894	0.13908935	0.08219653	0.30000000	8.30000000	0.02195054	0.00000000
C7	c	0.02049931	0.56428152	0.06524748	0.36000000	8.36000000	0.01915002	0.00000000
C8	c	0.90095465	0.84226054	0.18007720	0.42000000	8.42000000	0.01921882	0.00000000
C9	c	0.12630824	0.60968279	0.07217734	0.48000000	8.48000000	0.01056422	0.00000000
C10	c	0.47178455	0.83722452	0.06989999	0.54000000	8.54000000	0.02720399	0.00000000
C11	c	0.76508908	0.03308540	0.02362255	0.60000000	8.60000000	0.02322968	0.00000000
C12	c	0.90120240	0.42434541	0.02057592	0.66000000	8.66000000	0.02877263	0.00000000
C13	c	0.66548213	0.49987955	0.03503827	0.72000000	8.72000000	0.01229276	0.00000000
C14	c	0.28730721	0.66256886	0.13043654	0.78000000	8.78000000	0.02242866	0.00000000
C15	c	0.90866584	0.16253706	0.08409824	0.84000000	8.84000000	0.02952720	0.00000000
C16	c	0.24291231	0.08731472	0.08384250	0.90000000	8.90000000	0.01391289	0.00000000
C17	c	0.94990644	0.90620512	0.10308032	0.96000000	8.96000000	0.02747489	0.00000000
C18	c	0.35095434	0.40674782	0.07864724	1.02000000	9.02000000	0.01683614	0.00000000
C19	c	0.26034950	0.18888279	0.04202616	1.08000000	9.08000000	0.02924546	0.00000000
C20	c	0.95184439	0.11854133	0.09477128	1.14000000	9.14000000	0.01400178	0.00000000
C21	c	0.24277333	0.40399228	0.17587094	1.20000000	9.20000000	0.01588537	0.00000000
C22	c	0.28813685	0.80426487	0.15697261	1.26000000	9.26000000	0.01148586	0.00000000
C23	c	0.50913128	0.56344211	0.07687779	1.32000000	9.32000000	0.01205630	0.00000000
C24	c	0.89670685	0.48791456	0.13328613	1.38000000	9.38000000	0.02499963	0.00000000
C25	c	0.79839887	0.79165039	0.07814769	1.44000000	9.44000000	0.01241746	0.00000000
C26	c	0.66515337	0.26270110	0.08636005	1.50000000	9.50000000	0.02087466	0.00000000
C27	c	0.53603059	0.79432589	0.01819889	1.56000000	9.56000000	0.01035074	0.00000000
C28	c	0.84599779	0.23555167	0.10792514	1.62000000	9.62000000	0.02940071	0.00000000
C29	c	0.17160170	0.07152912	0.15675078	1.68000000	9.68000000	0.02009221	0.00000000
C30	c	0.34549069	0.23502143	0.09435504	1.74000000	9.74000000	0.02748165	0.00000000
C31	c	0.02326419	0.68028402	0.11913783	1.80000000	9.80000000	0.01501633	0.00000000
C32	c	0.65365585	0.70538315	0.15360650	1.86000000	9.86000000	0.02011484	0.00000000
C33	c	0.38379531	0.27669004	0.03995308	1.92000000	9.92000000	0.01948875	0.00000000
C34	c	0.68980280	0.92680989	0.09816059	1.98000000	9.98000000	0.01256352	0.00000000
C35	c	0.94278654	0.56907564	0.18608401	2.00000000	10.00000000	0.01054959	0.00000000
C36	c	0.90144920	0.74487003	0.08061592	2.00000000	10.00000000	0.01895197	0.00000000
C37	c	0.75537082	0.71583874	0.09600065	2.00000000	10.00000000	0.02716688	0.00000000
C38	c	0.96852025	0.64613186	0.05256127	2.00000000	10.00000000	0.02014543	0.00000000
C39	c	0.06919464	0.50874629	0.11933575	2.00000000	10.00000000	0.01552607	0.00000000
C40	c	0.20794918	0.14679722	0.09235270	2.00000000	10.00000000	0.02640902	0.00000000
C41	c	0.79992224	0.58989436	0.14879658	2.00000000	10.00000000	0.02835113	0.00000000
C42	c	0.84912750	0.54048480	0.13046946	2.00000000	10.00000000	0.01091349	0.00000000
C43	c	0.23836544	0.28102394	0.02412167	2.00000000	10.00000000	0.02623576	0.00000000
C44	c	0.55890543	0.68925919	0.04674282	2.00000000	10.00000000	0.01764281	0.00000000
C45	c	0.57895440	0.17315550	0.09175352	2.00000000	10.00000000	0.01174138	0.00000000
C46	c	0.28317926	0.97791040	0.11995113	2.00000000	10.00000000	0.02353195	0.00000000
C47	c	0.99254975	0.29614237	0.05447653	2.00000000	10.00000000	0.02838306	0.00000000
C48	c	0.87214353	0.32069357	0.06254289	2.00000000	10.00000000	0.01087361	0.00000000
C49	c	0.02506652	0.62203035	0.14766065	2.00000000	10.00000000	0.01997877	0.00000000
C50	c	0.70922274	0.34750799	0.04494125	2.00000000	10.00000000	0.02718807	0.00000000

Q Vehicle fuel tank capacity /0.40000000/
C Vehicle load capacity /1.50000000/
r fuel consumption rate /0.25000000/
g inverse refueling rate /1.00000000/
v average Velocity /1.00000000/
