StringID	Type	x	y	demand	ReadyTime	DueDate	ServiceTime	altitude
D0	d	0.50000000	0.50000000	0.00000000	0.00000000	10.00000000	0.00000000	0.00000000
S0	f	0.97606228	0.94638234	0.00000000	0.00000000	10.00000000	0.00000000	0.00000000
S1	f	0.95680638	0.83548904	0.00000000	0.00000000	10.00000000	0.00000000	0.00000000
S2	f	0.81669890	0.05895801	0.00000000	0.00000000	10.00000000	0.00000000	0.00000000
S3	f	0.22455274	0.45796820	0.00000000	0.00000000	10.00000000	0.00000000	0.00000000
S4	f	0.70516980	0.45561334	0.00000000	0.00000000	10.00000000	0.00000000	0.00000000
S5	f	0.64972679	0.42618862	0.00000000	0.00000000	10.00000000	0.00000000	0.00000000
C1	c	0.13100999	0.15899090	0.31958835	0.00000000	8.00000000	0.01816024	0.00000000
C2	c	0.08839088	0.11072420	0.04479831	0.10000000	8.10000000	0.01386241	0.00000000
C3	c	0.00571844	0.11794549	0.09690445	0.20000000	8.20000000	0.02917461	0.00000000
C4	c	0.08683956	0.01777225	0.03196396	0.30000000	8.30000000	0.01940007	0.00000000
C5	c	0.01366777	0.08462255	0.13849979	0.40000000	8.40000000	0.02465866	0.00000000
C6	c	0.00000000	0.01951863	0.32810119	0.50000000	8.50000000	0.01206251	0.00000000
C7	c	0.04989324	0.14758746	0.26105271	0.60000000	8.60000000	0.02995033	0.00000000
C8	c	0.02485795	0.09597520	0.14882880	0.70000000	8.70000000	0.02653621	0.00000000
C9	c	0.04248751	0.04395423	0.16219423	0.80000000	8.80000000	0.02758671	0.00000000
C10	c	0.31338122	0.69184209	0.26994414	0.90000000	8.90000000	0.01102280	0.00000000
C11	c	0.37196324	0.65698299	0.14176738	1.00000000	9.00000000	0.01289139	0.00000000
C12	c	0.36229541	0.68736106	0.18173268	1.10000000	9.10000000	0.02501833	0.00000000
C13	c	0.62493576	0.16711469	0.05313675	1.20000000	9.20000000	0.02576816	0.00000000
C14	c	0.55473927	0.14502133	0.17435529	1.30000000	9.30000000	0.01738939	0.00000000
C15	c	0.56735102	0.14010910	0.19244664	1.40000000	9.40000000	0.01396490	0.00000000
C16	c	0.72672149	0.27035777	0.19458460	1.50000000	9.50000000	0.02433709	0.00000000
C17	c	0.85653759	0.74257486	0.24763090	1.60000000	9.60000000	0.02055379	0.00000000
C18	c	0.78314774	0.00882597	0.10604129	1.70000000	9.70000000	0.02456173	0.00000000
C19	c	0.22338804	0.05637390	0.28790713	1.80000000	9.80000000	0.02722268	0.00000000
C20	c	0.37502991	0.33584474	0.25254950	1.90000000	9.90000000	0.02781485	0.00000000
C21	c	0.40801201	0.19312036	0.26513748	2.00000000	10.00000000	0.02719785	0.00000000
C22	c	0.95873067	0.47000332	0.02489946	2.00000000	10.00000000	0.02005720	0.00000000
C23	c	0.73293286	0.10312562	0.09146864	2.00000000	10.00000000	0.01170398	0.00000000
C24	c	0.99751662	0.82681037	0.03965149	2.00000000	10.00000000	0.01842798	0.00000000
C25	c	0.87933527	0.05113977	0.13851645	2.00000000	10.00000000	0.01498998	0.00000000
C26	c	0.14456969	0.75091653	0.12635902	2.00000000	10.00000000	0.02102724	0.00000000
C27	c	0.78840810	0.36946940	0.02588028	2.00000000	10.00000000	0.01567030	0.00000000
C28	c	0.19824497	0.71685466	0.03899602	2.00000000	10.00000000	0.02493051	0.00000000
C29	c	0.52768943	0.72808660	0.05723034	2.00000000	10.00000000	0.02562048	0.00000000
C30	c	0.86113392	0.89074240	0.05783274	2.00000000	10.00000000	0.02829917	0.00000000

Q Vehicle fuel tank capacity /0.40000000/
C Vehicle load capacity /1.50000000/
r fuel consumption rate /0.25000000/
g inverse refueling rate /1.00000000/
v average Velocity /1.00000000/
