StringID	Type	x	y	demand	ReadyTime	DueDate	ServiceTime	altitude
D0	d	0.50000000	0.50000000	0.00000000	0.00000000	10.00000000	0.00000000	0.00000000
S0	f	0.68028621	0.65089779	0.00000000	0.00000000	10.00000000	0.00000000	0.00000000
S1	f	0.56679558	0.78047569	0.00000000	0.00000000	10.00000000	0.00000000	0.00000000
S2	f	0.15948718	0.71260143	0.00000000	0.00000000	10.00000000	0.00000000	0.00000000
S3	f	0.37308111	0.68941218	0.00000000	0.00000000	10.00000000	0.00000000	0.00000000
S4	f	0.28102560	0.03481819	0.00000000	0.00000000	10.00000000	0.00000000	0.00000000
S5	f	0.40429445	0.87601036	0.00000000	0.00000000	10.00000000	0.00000000	0.00000000
S6	f	0.23472694	0.83137563	0.00000000	0.00000000	10.00000000	0.00000000	0.00000000
S7	f	0.72954636	0.32247506	0.00000000	0.00000000	10.00000000	0.00000000	0.00000000
S8	f	0.98637711	0.70432861	0.00000000	0.00000000	10.00000000	0.00000000	0.00000000
S9	f	0.00196714	0.79778289	0.00000000	0.00000000	10.00000000	0.00000000	0.00000000
C1	c	0.92587232	0.29071134	0.14134391	0.00000000	8.00000000	0.01554336	0.00000000
C2	c	0.81324095	0.28312765	0.05120600	0.06000000	8.06000000	0.02225578	0.00000000
C3	c	0.93231496	0.28780744	0.14749293	0.12000000	8.12000000	0.01568556	0.00000000
C4	c	0.92049464	0.25363601	0.04204427	0.18000000	8.18000000	0.01379386	0.00000000
C5	c	0.76441992	0.16711987	0.05502200	0.24000000	8.24000000	0.01491659	0.00000000
C6	c	0.50570093	0.59128153	0.10738302	0.30000000	8.30000000	0.02511321	0.00000000
C7	c	0.51001138	0.60264125	0.06992711	0.36000000	8.36000000	0.01156558	0.00000000
C8	c	0.41463642	0.63319281	0.07289189	0.42000000	8.42000000	0.02183058	0.00000000
C9	c	0.31862111	0.63730078	0.15117943	0.48000000	8.48000000	0.01946066	0.00000000
C10	c	0.46850291	0.58362795	0.06190624	0.54000000	8.54000000	0.01142534	0.00000000
C11	c	0.44593599	0.68970001	0.03310725	0.60000000	8.60000000	0.02007889	0.00000000
C12	c	0.56776150	0.19956546	0.12990502	0.66000000	8.66000000	0.01929745	0.00000000
C13	c	0.60910702	0.35909852	0.14746155	0.72000000	8.72000000	0.01881370	0.00000000
C14	c	0.50809937	0.40944788	0.10183785	0.78000000	8.78000000	0.02758902	0.00000000
C15	c	0.53123353	0.26224817	0.05257487	0.84000000	8.84000000	0.02837252	0.00000000
C16	c	0.59608697	0.23757039	0.03755920	0.90000000	8.90000000	0.01936118	0.00000000
C17	c	0.55859385	0.25360722	0.09013943	0.96000000	8.96000000	0.01110182	0.00000000
C18	c	0.61102215	0.44376544	0.04966691	1.02000000	9.02000000	0.02846211	0.00000000
C19	c	0.59543917	0.37456863	0.10997037	1.08000000	9.08000000	0.02279326	0.00000000
C20	c	0.55974421	0.30305846	0.13544672	1.14000000	9.14000000	0.02501321	0.00000000
C21	c	0.74967522	0.67779296	0.09462106	1.20000000	9.20000000	0.02789743	0.00000000
C22	c	0.68194885	0.60704660	0.06532040	1.26000000	9.26000000	0.02324113	0.00000000
C23	c	0.62261153	0.60119950	0.01746993	1.32000000	9.32000000	0.01914881	0.00000000
C24	c	0.75957141	0.66616774	0.03300439	1.38000000	9.38000000	0.02709755	0.00000000
C25	c	0.66664189	0.60495430	0.04287448	1.44000000	9.44000000	0.01010759	0.00000000
C26	c	0.58273101	0.61568968	0.14959513	1.50000000	9.50000000	0.02129398	0.00000000
C27	c	0.03023126	0.64893088	0.13350122	1.56000000	9.56000000	0.01677735	0.00000000
C28	c	0.28973324	0.10803814	0.09000177	1.62000000	9.62000000	0.01946887	0.00000000
C29	c	0.03872230	0.96923226	0.06798942	1.68000000	9.68000000	0.01948036	0.00000000
C30	c	0.25451208	0.23688799	0.14607259	1.74000000	9.74000000	0.01162818	0.00000000
C31	c	0.52093565	0.78150261	0.08397734	1.80000000	9.80000000	0.01775596	0.00000000
C32	c	0.83169596	0.98498913	0.10719540	1.86000000	9.86000000	0.02548251	0.00000000
C33	c	0.15705241	0.51321071	0.11259625	1.92000000	9.92000000	0.01274460	0.00000000
C34	c	0.97515227	0.27716819	0.01665873	1.98000000	9.98000000	0.02212042	0.00000000
C35	c	0.61278896	0.28427823	0.11804340	2.00000000	10.00000000	0.02401848	0.00000000
C36	c	0.18969322	0.24582972	0.05918263	2.00000000	10.00000000	0.02378592	0.00000000
C37	c	0.75566047	0.07827890	0.02940874	2.00000000	10.00000000	0.01637458	0.00000000
C38	c	0.07126677	0.50394470	0.01805013	2.00000000	10.00000000	0.02202255	0.00000000
C39	c	0.46487264	0.44068513	0.17053034	2.00000000	10.00000000	0.01240333	0.00000000
C40	c	0.87945102	0.91862622	0.05341103	2.00000000	10.00000000	0.01598243	0.00000000
C41	c	0.46805911	0.05509089	0.05052302	2.00000000	10.00000000	0.01603895	0.00000000
C42	c	0.92310563	0.63966320	0.09706916	2.00000000	10.00000000	0.01473808	0.00000000
C43	c	0.75066071	0.89487174	0.13976758	2.00000000	10.00000000	0.02314991	0.00000000
C44	c	0.66205651	0.45744028	0.14799263	2.00000000	10.00000000	0.01518050	0.00000000
C45	c	0.85487772	0.00537953	0.17311238	2.00000000	10.00000000	0.02856447	0.00000000
C46	c	0.08140917	0.38779809	0.03744058	2.00000000	10.00000000	0.01004956	0.00000000
C47	c	0.60602092	0.70092376	0.09580330	2.00000000	10.00000000	0.01992220	0.00000000
C48	c	0.68929602	0.31872894	0.01490099	2.00000000	10.00000000	0.02153230	0.00000000
C49	c	0.60112729	0.12016673	0.17431953	2.00000000	10.00000000	0.02890979	0.00000000
C50	c	0.29912157	0.30194760	0.17150044	2.00000000	10.00000000	0.01289181	0.00000000

Q Vehicle fuel tank capacity /0.40000000/
C Vehicle load capacity /1.50000000/
r fuel consumption rate /0.25000000/
g inverse refueling rate /1.00000000/
v average Velocity /1.00000000/
