StringID	Type	x	y	demand	ReadyTime	DueDate	ServiceTime	altitude
D0	d	0.50000000	0.50000000	0.00000000	0.00000000	10.00000000	0.00000000	0.00000000
S0	f	0.83431825	0.05667791	0.00000000	0.00000000	10.00000000	0.00000000	0.00000000
S1	f	0.83611699	0.79220209	0.00000000	0.00000000	10.00000000	0.00000000	0.00000000
S2	f	0.75723895	0.65334419	0.00000000	0.00000000	10.00000000	0.00000000	0.00000000
S3	f	0.69056747	0.04670405	0.00000000	0.00000000	10.00000000	0.00000000	0.00000000
S4	f	0.49236676	0.84520548	0.00000000	0.00000000	10.00000000	0.00000000	0.00000000
S5	f	0.34467133	0.27387295	0.00000000	0.00000000	10.00000000	0.00000000	0.00000000
S6	f	0.29521580	0.61036163	0.00000000	0.00000000	10.00000000	0.00000000	0.00000000
S7	f	0.86565754	0.40039331	0.00000000	0.00000000	10.00000000	0.00000000	0.00000000
S8	f	0.72188008	0.19056438	0.00000000	0.00000000	10.00000000	0.00000000	0.00000000
S9	f	0.59384491	0.71826120	0.00000000	0.00000000	10.00000000	0.00000000	0.00000000
C1	c	0.79403208	0.09252372	0.13043070	0.00000000	8.00000000	0.01111447	0.00000000
C2	c	0.89721023	0.01424942	0.07311048	0.06000000	8.06000000	0.02604498	0.00000000
C3	c	0.78349497	0.00000000	0.15011683	0.12000000	8.12000000	0.02100378	0.00000000
C4	c	0.84313103	0.00000000	0.06552930	0.18000000	8.18000000	0.02117152	0.00000000
C5	c	0.86911558	0.07790997	0.15952669	0.24000000	8.24000000	0.01412090	0.00000000
C6	c	0.78229623	0.00000000	0.05614706	0.30000000	8.30000000	0.01760874	0.00000000
C7	c	0.82187906	0.16523882	0.09184111	0.36000000	8.36000000	0.01138077	0.00000000
C8	c	0.92717927	0.08535079	0.01907748	0.42000000	8.42000000	0.01818792	0.00000000
C9	c	0.76692249	0.00013997	0.08869716	0.48000000	8.48000000	0.01998020	0.00000000
C10	c	0.75257102	0.08890136	0.13851447	0.54000000	8.54000000	0.02818558	0.00000000
C11	c	0.44680405	0.06691187	0.06458955	0.60000000	8.60000000	0.02951512	0.00000000
C12	c	0.46214519	0.14006333	0.01994708	0.66000000	8.66000000	0.02795379	0.00000000
C13	c	0.40673541	0.04903281	0.08318437	0.72000000	8.72000000	0.02214958	0.00000000
C14	c	0.49488383	0.05687241	0.10961193	0.78000000	8.78000000	0.01091845	0.00000000
C15	c	0.48986287	0.12471619	0.05334385	0.84000000	8.84000000	0.02794416	0.00000000
C16	c	0.55144488	0.06965641	0.13811755	0.90000000	8.90000000	0.02571872	0.00000000
C17	c	0.90841221	0.82082030	0.13657916	0.96000000	8.96000000	0.02086061	0.00000000
C18	c	0.81085937	0.68405683	0.10414461	1.02000000	9.02000000	0.02745601	0.00000000
C19	c	0.89668533	0.83363099	0.12242243	1.08000000	9.08000000	0.01262405	0.00000000
C20	c	0.80590909	0.82163169	0.03869842	1.14000000	9.14000000	0.02802711	0.00000000
C21	c	0.88949556	0.77809242	0.11730501	1.20000000	9.20000000	0.01703254	0.00000000
C22	c	0.31013280	0.39950692	0.01666141	1.26000000	9.26000000	0.02740015	0.00000000
C23	c	0.26084983	0.39371125	0.05339277	1.32000000	9.32000000	0.01930701	0.00000000
C24	c	0.23928122	0.43627333	0.07651606	1.38000000	9.38000000	0.01230673	0.00000000
C25	c	0.27141761	0.44095372	0.09540671	1.44000000	9.44000000	0.01557774	0.00000000
C26	c	0.71206620	0.98415753	0.09632406	1.50000000	9.50000000	0.01955226	0.00000000
C27	c	0.43676945	0.94753035	0.08457442	1.56000000	9.56000000	0.02130348	0.00000000
C28	c	0.50554262	0.36618709	0.09009481	1.62000000	9.62000000	0.01949408	0.00000000
C29	c	0.88416789	0.29714834	0.09303246	1.68000000	9.68000000	0.02327701	0.00000000
C30	c	0.65993007	0.37071729	0.10626938	1.74000000	9.74000000	0.01356077	0.00000000
C31	c	0.95084578	0.00227383	0.11926872	1.80000000	9.80000000	0.01505241	0.00000000
C32	c	0.93667594	0.56010007	0.16068825	1.86000000	9.86000000	0.01543237	0.00000000
C33	c	0.15620093	0.82789878	0.07736124	1.92000000	9.92000000	0.01814078	0.00000000
C34	c	0.12374266	0.19780687	0.15511262	1.98000000	9.98000000	0.01047512	0.00000000
C35	c	0.05572363	0.80224914	0.08783034	2.00000000	10.00000000	0.02540057	0.00000000
C36	c	0.55018912	0.55857602	0.06661673	2.00000000	10.00000000	0.01697268	0.00000000
C37	c	0.20604482	0.38043689	0.14546717	2.00000000	10.00000000	0.02106979	0.00000000
C38	c	0.06903866	0.40939594	0.05610720	2.00000000	10.00000000	0.02068695	0.00000000
C39	c	0.49901020	0.90927896	0.11133222	2.00000000	10.00000000	0.02345070	0.00000000
C40	c	0.97575618	0.89768930	0.06730635	2.00000000	10.00000000	0.01425200	0.00000000
C41	c	0.60747908	0.04592243	0.15561732	2.00000000	10.00000000	0.01329307	0.00000000
C42	c	0.54303075	0.87280049	0.01121946	2.00000000	10.00000000	0.02552698	0.00000000
C43	c	0.13120232	0.90135555	0.15346029	2.00000000	10.00000000	0.02180867	0.00000000
C44	c	0.35162716	0.87000737	0.09613544	2.00000000	10.00000000	0.01157794	0.00000000
C45	c	0.56517403	0.47470412	0.08698972	2.00000000	10.00000000	0.01544254	0.00000000
C46	c	0.66385026	0.17803840	0.03403183	2.00000000	10.00000000	0.02115156	0.00000000
C47	c	0.25262038	0.27161850	0.03465126	2.00000000	10.00000000	0.02837059	0.00000000
C48	c	0.77002870	0.34863404	0.13690152	2.00000000	10.00000000	0.02617939	0.00000000
C49	c	0.16465326	0.77634924	0.02971025	2.00000000	10.00000000	0.01976527	0.00000000
C50	c	0.27212711	0.55757820	0.04098479	2.00000000	10.00000000	0.02608310	0.00000000

Q Vehicle fuel tank capacity /0.40000000/
C Vehicle load capacity /1.50000000/
r fuel consumption rate /0.25000000/
g inverse refueling rate /1.00000000/
v average Velocity /1.00000000/
