StringID	Type	x	y	demand	ReadyTime	DueDate	ServiceTime	altitude
D0	d	0.50000000	0.50000000	0.00000000	0.00000000	10.00000000	0.00000000	0.00000000
S0	f	0.07138203	0.52446554	0.00000000	0.00000000	10.00000000	0.00000000	0.00000000
S1	f	0.94408372	0.07202219	0.00000000	0.00000000	10.00000000	0.00000000	0.00000000
S2	f	0.07651188	0.81760129	0.00000000	0.00000000	10.00000000	0.00000000	0.00000000
S3	f	0.68712256	0.03565429	0.00000000	0.00000000	10.00000000	0.00000000	0.00000000
S4	f	0.40736134	0.19020299	0.00000000	0.00000000	10.00000000	0.00000000	0.00000000
S5	f	0.46029846	0.52616869	0.00000000	0.00000000	10.00000000	0.00000000	0.00000000
S6	f	0.19099457	0.81486665	0.00000000	0.00000000	10.00000000	0.00000000	0.00000000
S7	f	0.29372586	0.21621787	0.00000000	0.00000000	10.00000000	0.00000000	0.00000000
S8	f	0.36571929	0.65005609	0.00000000	0.00000000	10.00000000	0.00000000	0.00000000
S9	f	0.16316717	0.63270521	0.00000000	0.00000000	10.00000000	0.00000000	0.00000000
C1	c	0.82094138	0.02200564	0.11748228	0.00000000	8.00000000	0.02630125	0.00000000
C2	c	0.80250941	0.01969652	0.15855601	0.06000000	8.06000000	0.01250319	0.00000000
C3	c	0.81031825	0.01907072	0.01453255	0.12000000	8.12000000	0.01303457	0.00000000
C4	c	0.78267479	0.05935680	0.14823561	0.18000000	8.18000000	0.01935669	0.00000000
C5	c	0.28786548	0.33833414	0.10930890	0.24000000	8.24000000	0.02789954	0.00000000
C6	c	0.24301712	0.37658176	0.05911800	0.30000000	8.30000000	0.01938676	0.00000000
C7	c	0.32102789	0.29082771	0.04386655	0.36000000	8.36000000	0.02194087	0.00000000
C8	c	0.25237436	0.30859963	0.06434427	0.42000000	8.42000000	0.02526382	0.00000000
C9	c	0.03548872	0.42533942	0.03270580	0.48000000	8.48000000	0.01770636	0.00000000
C10	c	0.05287336	0.33184925	0.15458999	0.54000000	8.54000000	0.02731998	0.00000000
C11	c	0.06583626	0.34832900	0.11039579	0.60000000	8.60000000	0.01763665	0.00000000
C12	c	0.14244851	0.28827121	0.11999896	0.66000000	8.66000000	0.01755693	0.00000000
C13	c	0.05953603	0.31221591	0.02524234	0.72000000	8.72000000	0.02390673	0.00000000
C14	c	0.06260606	0.26645410	0.07102141	0.78000000	8.78000000	0.01528394	0.00000000
C15	c	0.00989845	0.32919155	0.03328289	0.84000000	8.84000000	0.01369200	0.00000000
C16	c	0.05713724	0.39616828	0.05883234	0.90000000	8.90000000	0.01162362	0.00000000
C17	c	0.02511056	0.36238099	0.04285750	0.96000000	8.96000000	0.02549055	0.00000000
C18	c	0.00441107	0.50768113	0.08685895	1.02000000	9.02000000	0.02029855	0.00000000
C19	c	0.02308408	0.55187315	0.08577320	1.08000000	9.08000000	0.02026734	0.00000000
C20	c	0.82648724	0.51786977	0.05849951	1.14000000	9.14000000	0.02183831	0.00000000
C21	c	0.94007805	0.57520541	0.11812154	1.20000000	9.20000000	0.02448886	0.00000000
C22	c	0.77361127	0.52431090	0.13326213	1.26000000	9.26000000	0.01780419	0.00000000
C23	c	0.81865178	0.54247783	0.09279059	1.32000000	9.32000000	0.01765165	0.00000000
C24	c	0.69261539	0.53819793	0.03816188	1.38000000	9.38000000	0.02349791	0.00000000
C25	c	0.90194535	0.66653096	0.06785100	1.44000000	9.44000000	0.01387157	0.00000000
C26	c	0.80858770	0.38489776	0.13755550	1.50000000	9.50000000	0.01220433	0.00000000
C27	c	0.24168866	0.51095722	0.15859238	1.56000000	9.56000000	0.01853845	0.00000000
C28	c	0.66954007	0.89814404	0.04967581	1.62000000	9.62000000	0.02173983	0.00000000
C29	c	0.32592560	0.55245601	0.04969021	1.68000000	9.68000000	0.01592643	0.00000000
C30	c	0.13826677	0.87569944	0.01578793	1.74000000	9.74000000	0.02833126	0.00000000
C31	c	0.48858879	0.04485976	0.07360541	1.80000000	9.80000000	0.02270253	0.00000000
C32	c	0.71743849	0.39496097	0.15918386	1.86000000	9.86000000	0.02551214	0.00000000
C33	c	0.74906242	0.81506267	0.14954497	1.92000000	9.92000000	0.02780517	0.00000000
C34	c	0.12515968	0.15172872	0.11981900	1.98000000	9.98000000	0.02280684	0.00000000
C35	c	0.46783442	0.89497676	0.16265875	2.00000000	10.00000000	0.02857016	0.00000000
C36	c	0.46933799	0.59704340	0.13669594	2.00000000	10.00000000	0.02782085	0.00000000
C37	c	0.76319123	0.38531796	0.07088273	2.00000000	10.00000000	0.02938409	0.00000000
C38	c	0.86599883	0.38183241	0.04863757	2.00000000	10.00000000	0.02612281	0.00000000
C39	c	0.37784669	0.69533644	0.09046398	2.00000000	10.00000000	0.02530901	0.00000000
C40	c	0.26419716	0.18459990	0.11509720	2.00000000	10.00000000	0.02367477	0.00000000
C41	c	0.08118078	0.77452737	0.15060704	2.00000000	10.00000000	0.02487933	0.00000000
C42	c	0.59191558	0.72444289	0.06172238	2.00000000	10.00000000	0.02195108	0.00000000
C43	c	0.39020931	0.38258235	0.09691013	2.00000000	10.00000000	0.01644818	0.00000000
C44	c	0.67489538	0.19357830	0.03257270	2.00000000	10.00000000	0.01715181	0.00000000
C45	c	0.11021663	0.42692225	0.14712064	2.00000000	10.00000000	0.02161469	0.00000000
C46	c	0.58699139	0.29632159	0.08698942	2.00000000	10.00000000	0.02488418	0.00000000
C47	c	0.77560710	0.89025830	0.01806346	2.00000000	10.00000000	0.01456957	0.00000000
C48	c	0.64034183	0.92850815	0.12253742	2.00000000	10.00000000	0.02611640	0.00000000
C49	c	0.89104259	0.96920464	0.07244589	2.00000000	10.00000000	0.01999852	0.00000000
C50	c	0.80614047	0.76545062	0.12744968	2.00000000	10.00000000	0.02047586	0.00000000

Q Vehicle fuel tank capacity /0.40000000/
C Vehicle load capacity /1.50000000/
r fuel consumption rate /0.25000000/
g inverse refueling rate /1.00000000/
v average Velocity /1.00000000/
