StringID	Type	x	y	demand	ReadyTime	DueDate	ServiceTime	altitude
D0	d	0.50000000	0.50000000	0.00000000	0.00000000	10.00000000	0.00000000	0.00000000
S0	f	0.30545988	0.30549051	0.00000000	0.00000000	10.00000000	0.00000000	0.00000000
S1	f	0.04105881	0.70814659	0.00000000	0.00000000	10.00000000	0.00000000	0.00000000
S2	f	0.01369998	0.02404369	0.00000000	0.00000000	10.00000000	0.00000000	0.00000000
S3	f	0.05150610	0.30575688	0.00000000	0.00000000	10.00000000	0.00000000	0.00000000
S4	f	0.19121840	0.74447501	0.00000000	0.00000000	10.00000000	0.00000000	0.00000000
S5	f	0.09952092	0.69071653	0.00000000	0.00000000	10.00000000	0.00000000	0.00000000
C1	c	0.67718594	0.45182090	0.08175375	0.00000000	8.00000000	0.02348378	0.00000000
C2	c	0.07293884	0.55026880	0.18397938	0.10000000	8.10000000	0.01608537	0.00000000
C3	c	0.17921686	0.18422468	0.03010770	0.20000000	8.20000000	0.02948575	0.00000000
C4	c	0.77738508	0.61771337	0.22208337	0.30000000	8.30000000	0.01945168	0.00000000
C5	c	0.37580043	0.65720374	0.03479232	0.40000000	8.40000000	0.02343312	0.00000000
C6	c	0.03298021	0.18420644	0.14138200	0.50000000	8.50000000	0.01543292	0.00000000
C7	c	0.09879894	0.29824881	0.28806410	0.60000000	8.60000000	0.01562501	0.00000000
C8	c	0.90280785	0.54770880	0.25576683	0.70000000	8.70000000	0.01538937	0.00000000
C9	c	0.29787652	0.82868539	0.07795177	0.80000000	8.80000000	0.02822337	0.00000000
C10	c	0.47625494	0.10747157	0.02698684	0.90000000	8.90000000	0.02056633	0.00000000
C11	c	0.70973114	0.27770761	0.12802669	1.00000000	9.00000000	0.02169840	0.00000000
C12	c	0.49401068	0.73039938	0.16285286	1.10000000	9.10000000	0.01460275	0.00000000
C13	c	0.86943714	0.81121875	0.03269224	1.20000000	9.20000000	0.02509853	0.00000000
C14	c	0.88635378	0.44392824	0.19917143	1.30000000	9.30000000	0.01071531	0.00000000
C15	c	0.36163089	0.39714919	0.09416126	1.40000000	9.40000000	0.01345168	0.00000000
C16	c	0.83034152	0.36598465	0.05758461	1.50000000	9.50000000	0.01801612	0.00000000
C17	c	0.79086369	0.14856273	0.04675545	1.60000000	9.60000000	0.02281806	0.00000000
C18	c	0.43382499	0.69536567	0.24502141	1.70000000	9.70000000	0.01790112	0.00000000
C19	c	0.59421258	0.01736324	0.14832346	1.80000000	9.80000000	0.02581772	0.00000000
C20	c	0.30545988	0.30549051	0.27048527	1.90000000	9.90000000	0.02054929	0.00000000
C21	c	0.19971433	0.32882134	0.18745861	2.00000000	10.00000000	0.02945570	0.00000000
C22	c	0.34086791	0.67758014	0.10899311	2.00000000	10.00000000	0.01306294	0.00000000
C23	c	0.11404573	0.49507565	0.23980100	2.00000000	10.00000000	0.01509875	0.00000000
C24	c	0.48957660	0.79069239	0.23458555	2.00000000	10.00000000	0.01285520	0.00000000
C25	c	0.49487823	0.03773546	0.02261506	2.00000000	10.00000000	0.01141468	0.00000000
C26	c	0.06773640	0.64871726	0.21813960	2.00000000	10.00000000	0.02054788	0.00000000
C27	c	0.33241983	0.74277560	0.22224219	2.00000000	10.00000000	0.01549431	0.00000000
C28	c	0.26376862	0.65166600	0.19847145	2.00000000	10.00000000	0.01535809	0.00000000
C29	c	0.83160314	0.88732028	0.15973562	2.00000000	10.00000000	0.02238005	0.00000000
C30	c	0.14451045	0.31263213	0.18001509	2.00000000	10.00000000	0.02567681	0.00000000

Q Vehicle fuel tank capacity /0.40000000/
C Vehicle load capacity /1.50000000/
r fuel consumption rate /0.25000000/
g inverse refueling rate /1.00000000/
v average Velocity /1.00000000/
