StringID	Type	x	y	demand	ReadyTime	DueDate	ServiceTime	altitude
D0	d	0.50000000	0.50000000	0.00000000	0.00000000	10.00000000	0.00000000	0.00000000
S0	f	0.82765742	0.43895753	0.00000000	0.00000000	10.00000000	0.00000000	0.00000000
S1	f	0.14798965	0.52941651	0.00000000	0.00000000	10.00000000	0.00000000	0.00000000
S2	f	0.98949509	0.35971377	0.00000000	0.00000000	10.00000000	0.00000000	0.00000000
S3	f	0.73554513	0.00992062	0.00000000	0.00000000	10.00000000	0.00000000	0.00000000
S4	f	0.12162241	0.38573218	0.00000000	0.00000000	10.00000000	0.00000000	0.00000000
S5	f	0.52207563	0.17286160	0.00000000	0.00000000	10.00000000	0.00000000	0.00000000
C1	c	0.88118982	0.36580783	0.17586444	0.00000000	8.00000000	0.02107298	0.00000000
C2	c	0.87479159	0.44381889	0.26280089	0.10000000	8.10000000	0.01429026	0.00000000
C3	c	0.72678232	0.45376483	0.04138138	0.20000000	8.20000000	0.01974852	0.00000000
C4	c	0.88774256	0.10222530	0.05714592	0.30000000	8.30000000	0.01618322	0.00000000
C5	c	0.87761722	0.10336429	0.26522331	0.40000000	8.40000000	0.02325587	0.00000000
C6	c	1.00000000	0.09231712	0.21707049	0.50000000	8.50000000	0.01752307	0.00000000
C7	c	0.90387732	0.04579852	0.20652590	0.60000000	8.60000000	0.02513627	0.00000000
C8	c	0.88463980	0.07994410	0.22629887	0.70000000	8.70000000	0.02373885	0.00000000
C9	c	0.93952044	0.04431208	0.05534052	0.80000000	8.80000000	0.02966440	0.00000000
C10	c	0.86591515	0.12018645	0.12037470	0.90000000	8.90000000	0.02296285	0.00000000
C11	c	0.89176006	0.09412437	0.09744334	1.00000000	9.00000000	0.01258417	0.00000000
C12	c	0.89622660	0.11997287	0.21336387	1.10000000	9.10000000	0.02936939	0.00000000
C13	c	0.83918600	0.13337607	0.03432034	1.20000000	9.20000000	0.02358072	0.00000000
C14	c	0.92865029	0.04156899	0.10701694	1.30000000	9.30000000	0.02501280	0.00000000
C15	c	0.92933425	0.14406355	0.10421494	1.40000000	9.40000000	0.02382708	0.00000000
C16	c	0.01475480	0.00940545	0.24035765	1.50000000	9.50000000	0.01055417	0.00000000
C17	c	0.21351129	0.89240736	0.04844338	1.60000000	9.60000000	0.02659367	0.00000000
C18	c	0.43011578	0.17569144	0.17497696	1.70000000	9.70000000	0.02740601	0.00000000
C19	c	0.83916516	0.84802034	0.23020861	1.80000000	9.80000000	0.01284881	0.00000000
C20	c	0.55364915	0.21451287	0.20446307	1.90000000	9.90000000	0.01918485	0.00000000
C21	c	0.48742614	0.30916109	0.02227181	2.00000000	10.00000000	0.02737631	0.00000000
C22	c	0.66279343	0.37615335	0.02088941	2.00000000	10.00000000	0.01179636	0.00000000
C23	c	0.75681352	0.68694231	0.07363516	2.00000000	10.00000000	0.02278541	0.00000000
C24	c	0.98322025	0.64814229	0.24907786	2.00000000	10.00000000	0.02149901	0.00000000
C25	c	0.12920854	0.96846942	0.12961085	2.00000000	10.00000000	0.01837538	0.00000000
C26	c	0.67903621	0.75064014	0.06386162	2.00000000	10.00000000	0.02799674	0.00000000
C27	c	0.69135398	0.02770860	0.24792445	2.00000000	10.00000000	0.02633019	0.00000000
C28	c	0.14244055	0.45924265	0.13696729	2.00000000	10.00000000	0.01641679	0.00000000
C29	c	0.63927057	0.57495045	0.23531882	2.00000000	10.00000000	0.01247255	0.00000000
C30	c	0.41876924	0.89983720	0.23760721	2.00000000	10.00000000	0.01960888	0.00000000

Q Vehicle fuel tank capacity /0.40000000/
C Vehicle load capacity /1.50000000/
r fuel consumption rate /0.25000000/
g inverse refueling rate /1.00000000/
v average Velocity /1.00000000/
