StringID	Type	x	y	demand	ReadyTime	DueDate	ServiceTime	altitude
D0	d	0.50000000	0.50000000	0.00000000	0.00000000	10.00000000	0.00000000	0.00000000
S0	f	0.50229174	0.39661227	0.00000000	0.00000000	10.00000000	0.00000000	0.00000000
S1	f	0.03441408	0.05389374	0.00000000	0.00000000	10.00000000	0.00000000	0.00000000
S2	f	0.28667284	0.52117239	0.00000000	0.00000000	10.00000000	0.00000000	0.00000000
S3	f	0.06651734	0.12869623	0.00000000	0.00000000	10.00000000	0.00000000	0.00000000
S4	f	0.31193552	0.90674809	0.00000000	0.00000000	10.00000000	0.00000000	0.00000000
S5	f	0.71491599	0.57219655	0.00000000	0.00000000	10.00000000	0.00000000	0.00000000
S6	f	0.47941047	0.71314042	0.00000000	0.00000000	10.00000000	0.00000000	0.00000000
S7	f	0.04129896	0.25391504	0.00000000	0.00000000	10.00000000	0.00000000	0.00000000
S8	f	0.44625479	0.34437755	0.00000000	0.00000000	10.00000000	0.00000000	0.00000000
S9	f	0.64447826	0.81531529	0.00000000	0.00000000	10.00000000	0.00000000	0.00000000
C1	c	0.74207633	0.15163971	0.07991616	0.00000000	8.00000000	0.02817286	0.00000000
C2	c	0.31089115	0.68653903	0.11138799	0.06000000	8.06000000	0.02132832	0.00000000
C3	c	0.63202187	0.10203047	0.01941741	0.12000000	8.12000000	0.02167043	0.00000000
C4	c	0.54524581	0.32926502	0.06851871	0.18000000	8.18000000	0.01728522	0.00000000
C5	c	0.65322351	0.30831579	0.01935506	0.24000000	8.24000000	0.02634879	0.00000000
C6	c	0.52111806	0.79211545	0.07828676	0.30000000	8.30000000	0.02616417	0.00000000
C7	c	0.37501389	0.71208410	0.11879734	0.36000000	8.36000000	0.01064055	0.00000000
C8	c	0.88963125	0.69696000	0.03130324	0.42000000	8.42000000	0.01725098	0.00000000
C9	c	0.84799968	0.65950692	0.14408909	0.48000000	8.48000000	0.02611899	0.00000000
C10	c	0.30266598	0.30183542	0.05931964	0.54000000	8.54000000	0.02988260	0.00000000
C11	c	0.52041227	0.68815620	0.04936676	0.60000000	8.60000000	0.01931701	0.00000000
C12	c	0.17560907	0.53657194	0.05958148	0.66000000	8.66000000	0.01639547	0.00000000
C13	c	0.18974223	0.11607070	0.12460259	0.72000000	8.72000000	0.02412690	0.00000000
C14	c	0.30410710	0.81029007	0.13525763	0.78000000	8.78000000	0.01145846	0.00000000
C15	c	0.64451698	0.96393320	0.14399318	0.84000000	8.84000000	0.02231576	0.00000000
C16	c	0.77926903	0.39712733	0.13635833	0.90000000	8.90000000	0.01854578	0.00000000
C17	c	0.31832850	0.62181085	0.14107510	0.96000000	8.96000000	0.01324680	0.00000000
C18	c	0.45255856	0.09574524	0.07649925	1.02000000	9.02000000	0.02934180	0.00000000
C19	c	0.72298512	0.04852971	0.04658294	1.08000000	9.08000000	0.01341983	0.00000000
C20	c	0.50229174	0.39661227	0.11245416	1.14000000	9.14000000	0.01845188	0.00000000
C21	c	0.92330828	0.75722472	0.11005531	1.20000000	9.20000000	0.01956029	0.00000000
C22	c	0.08627168	0.19502843	0.11988061	1.26000000	9.26000000	0.01292871	0.00000000
C23	c	0.13853353	0.62249602	0.10064084	1.32000000	9.32000000	0.02139575	0.00000000
C24	c	0.01816660	0.91143339	0.04089071	1.38000000	9.38000000	0.02723812	0.00000000
C25	c	0.97815041	0.55004800	0.06730507	1.44000000	9.44000000	0.01594786	0.00000000
C26	c	0.98240645	0.26870723	0.01737031	1.50000000	9.50000000	0.01621342	0.00000000
C27	c	0.63971596	0.55836093	0.14289896	1.56000000	9.56000000	0.02225480	0.00000000
C28	c	0.55738877	0.58169155	0.01952194	1.62000000	9.62000000	0.01272374	0.00000000
C29	c	0.35435154	0.96503503	0.14334276	1.68000000	9.68000000	0.01532183	0.00000000
C30	c	0.85058243	0.42357569	0.15080337	1.74000000	9.74000000	0.02608264	0.00000000
C31	c	0.35738329	0.34236499	0.02672955	1.80000000	9.80000000	0.02225864	0.00000000
C32	c	0.41616104	0.07897840	0.10385338	1.86000000	9.86000000	0.02706933	0.00000000
C33	c	0.49777986	0.85803172	0.09985309	1.92000000	9.92000000	0.01767600	0.00000000
C34	c	0.34718782	0.10827647	0.14447137	1.98000000	9.98000000	0.01733590	0.00000000
C35	c	0.27007980	0.42825946	0.06623651	2.00000000	10.00000000	0.01078834	0.00000000
C36	c	0.21767472	0.89247257	0.10348675	2.00000000	10.00000000	0.01624256	0.00000000
C37	c	0.03441408	0.05389374	0.10031295	2.00000000	10.00000000	0.01062549	0.00000000
C38	c	0.22235245	0.48074363	0.11806108	2.00000000	10.00000000	0.02399401	0.00000000
C39	c	0.14356563	0.04421757	0.12501784	2.00000000	10.00000000	0.01372741	0.00000000
C40	c	0.32313486	0.99198025	0.13841141	2.00000000	10.00000000	0.02695706	0.00000000
C41	c	0.02137255	0.66822608	0.05529658	2.00000000	10.00000000	0.02620325	0.00000000
C42	c	0.28809459	0.07706869	0.01714835	2.00000000	10.00000000	0.01373622	0.00000000
C43	c	0.51923245	0.55923129	0.09448407	2.00000000	10.00000000	0.02906139	0.00000000
C44	c	0.26335474	0.64248529	0.09727500	2.00000000	10.00000000	0.02370288	0.00000000
C45	c	0.67753661	0.12742829	0.14056674	2.00000000	10.00000000	0.02052019	0.00000000
C46	c	0.02089197	0.12704382	0.08657616	2.00000000	10.00000000	0.01331096	0.00000000
C47	c	0.37653429	0.93002053	0.06487041	2.00000000	10.00000000	0.01224529	0.00000000
C48	c	0.56175714	0.04036076	0.10361852	2.00000000	10.00000000	0.02852352	0.00000000
C49	c	0.32814862	0.19908610	0.06582459	2.00000000	10.00000000	0.01945765	0.00000000
C50	c	0.18709150	0.41717427	0.07903295	2.00000000	10.00000000	0.01502814	0.00000000

Q Vehicle fuel tank capacity /0.40000000/
C Vehicle load capacity /1.50000000/
r fuel consumption rate /0.25000000/
g inverse refueling rate /1.00000000/
v average Velocity /1.00000000/
