StringID	Type	x	y	demand	ReadyTime	DueDate	ServiceTime	altitude
D0	d	0.50000000	0.50000000	0.00000000	0.00000000	10.00000000	0.00000000	0.00000000
S0	f	0.20294503	0.29108557	0.00000000	0.00000000	10.00000000	0.00000000	0.00000000
S1	f	0.74359127	0.06696044	0.00000000	0.00000000	10.00000000	0.00000000	0.00000000
S2	f	0.48041185	0.80358308	0.00000000	0.00000000	10.00000000	0.00000000	0.00000000
S3	f	0.35547847	0.06836429	0.00000000	0.00000000	10.00000000	0.00000000	0.00000000
S4	f	0.15040881	0.07594781	0.00000000	0.00000000	10.00000000	0.00000000	0.00000000
S5	f	0.74153164	0.34696353	0.00000000	0.00000000	10.00000000	0.00000000	0.00000000
C1	c	0.75622749	0.43749523	0.13059859	0.00000000	8.00000000	0.01988814	0.00000000
C2	c	0.74622048	0.48494554	0.25742521	0.10000000	8.10000000	0.01600869	0.00000000
C3	c	0.79897816	0.42820106	0.28419464	0.20000000	8.20000000	0.02476509	0.00000000
C4	c	0.34272907	0.88471885	0.14336595	0.30000000	8.30000000	0.02069789	0.00000000
C5	c	0.20723837	0.77307159	0.11189519	0.40000000	8.40000000	0.01392237	0.00000000
C6	c	0.36542961	0.83794029	0.26254155	0.50000000	8.50000000	0.01201763	0.00000000
C7	c	0.28955673	0.90013334	0.19904106	0.60000000	8.60000000	0.02603359	0.00000000
C8	c	0.28539854	0.85273103	0.04801046	0.70000000	8.70000000	0.01361851	0.00000000
C9	c	0.57335484	0.75981689	0.06165808	0.80000000	8.80000000	0.02098605	0.00000000
C10	c	0.55870734	0.71469307	0.26226215	0.90000000	8.90000000	0.01753177	0.00000000
C11	c	0.54072943	0.71292717	0.12793940	1.00000000	9.00000000	0.02351416	0.00000000
C12	c	0.48176892	0.89391880	0.19987471	1.10000000	9.10000000	0.01626077	0.00000000
C13	c	0.52421661	0.77151567	0.21053459	1.20000000	9.20000000	0.02980675	0.00000000
C14	c	0.52635796	0.79944781	0.11992481	1.30000000	9.30000000	0.02962819	0.00000000
C15	c	0.50543703	0.85544065	0.23140519	1.40000000	9.40000000	0.02474958	0.00000000
C16	c	0.90770137	0.69932840	0.16660840	1.50000000	9.50000000	0.01098739	0.00000000
C17	c	0.58877141	0.22589480	0.04890177	1.60000000	9.60000000	0.02137033	0.00000000
C18	c	0.05025281	0.04853683	0.09701900	1.70000000	9.70000000	0.02756909	0.00000000
C19	c	0.95603103	0.04846539	0.08559798	1.80000000	9.80000000	0.02633273	0.00000000
C20	c	0.11225287	0.49440682	0.17163123	1.90000000	9.90000000	0.01791302	0.00000000
C21	c	0.30043465	0.73825434	0.11991573	2.00000000	10.00000000	0.02994138	0.00000000
C22	c	0.53489459	0.19611830	0.26528687	2.00000000	10.00000000	0.01407496	0.00000000
C23	c	0.10088164	0.80167964	0.20883000	2.00000000	10.00000000	0.02200446	0.00000000
C24	c	0.18092547	0.54930253	0.17887553	2.00000000	10.00000000	0.02925038	0.00000000
C25	c	0.37658838	0.67570807	0.08055722	2.00000000	10.00000000	0.01567113	0.00000000
C26	c	0.31303853	0.99033732	0.03296853	2.00000000	10.00000000	0.02818558	0.00000000
C27	c	0.98140951	0.73747877	0.03250360	2.00000000	10.00000000	0.01382880	0.00000000
C28	c	0.04936941	0.56851638	0.27838138	2.00000000	10.00000000	0.01652957	0.00000000
C29	c	0.87845466	0.81663636	0.03248424	2.00000000	10.00000000	0.01475779	0.00000000
C30	c	0.39565093	0.99706909	0.04976691	2.00000000	10.00000000	0.02854475	0.00000000

Q Vehicle fuel tank capacity /0.40000000/
C Vehicle load capacity /1.50000000/
r fuel consumption rate /0.25000000/
g inverse refueling rate /1.00000000/
v average Velocity /1.00000000/
