StringID	Type	x	y	demand	ReadyTime	DueDate	ServiceTime	altitude
D0	d	0.50000000	0.50000000	0.00000000	0.00000000	10.00000000	0.00000000	0.00000000
S0	f	0.33589654	0.08746245	0.00000000	0.00000000	10.00000000	0.00000000	0.00000000
S1	f	0.83606061	0.42650222	0.00000000	0.00000000	10.00000000	0.00000000	0.00000000
S2	f	0.16268168	0.60280899	0.00000000	0.00000000	10.00000000	0.00000000	0.00000000
S3	f	0.51768652	0.15289223	0.00000000	0.00000000	10.00000000	0.00000000	0.00000000
S4	f	0.62250840	0.12375632	0.00000000	0.00000000	10.00000000	0.00000000	0.00000000
S5	f	0.60925713	0.18072474	0.00000000	0.00000000	10.00000000	0.00000000	0.00000000
C1	c	0.77351313	0.04113063	0.23536468	0.00000000	8.00000000	0.02919917	0.00000000
C2	c	0.29289826	0.24644056	0.04624989	0.10000000	8.10000000	0.01577492	0.00000000
C3	c	0.07860596	0.19178969	0.17236441	0.20000000	8.20000000	0.01618567	0.00000000
C4	c	0.82090791	0.05796268	0.05238561	0.30000000	8.30000000	0.02569811	0.00000000
C5	c	0.68165348	0.40870808	0.21241029	0.40000000	8.40000000	0.02126225	0.00000000
C6	c	0.51438308	0.56350880	0.14576715	0.50000000	8.50000000	0.01157949	0.00000000
C7	c	0.59078476	0.56913392	0.24298761	0.60000000	8.60000000	0.02884573	0.00000000
C8	c	0.70977915	0.22619939	0.12100591	0.70000000	8.70000000	0.01984090	0.00000000
C9	c	0.69122482	0.30539626	0.16508185	0.80000000	8.80000000	0.01300977	0.00000000
C10	c	0.91557847	0.14636298	0.23345092	0.90000000	8.90000000	0.02717222	0.00000000
C11	c	0.37719273	0.26853728	0.19735760	1.00000000	9.00000000	0.02364789	0.00000000
C12	c	0.67730228	0.90594077	0.02576454	1.10000000	9.10000000	0.01829535	0.00000000
C13	c	0.64822350	0.01323536	0.07745374	1.20000000	9.20000000	0.01584980	0.00000000
C14	c	0.65899089	0.23973648	0.22990387	1.30000000	9.30000000	0.02170359	0.00000000
C15	c	0.21948975	0.52435637	0.18207692	1.40000000	9.40000000	0.01892574	0.00000000
C16	c	0.71708677	0.87100162	0.26896805	1.50000000	9.50000000	0.02396659	0.00000000
C17	c	0.33589654	0.08746245	0.14050863	1.60000000	9.60000000	0.01047738	0.00000000
C18	c	0.88637260	0.71117618	0.04599202	1.70000000	9.70000000	0.01878651	0.00000000
C19	c	0.14708499	0.38522306	0.18603648	1.80000000	9.80000000	0.02469010	0.00000000
C20	c	0.75095614	0.82430836	0.14728007	1.90000000	9.90000000	0.02295376	0.00000000
C21	c	0.37548615	0.48455314	0.12702065	2.00000000	10.00000000	0.01551575	0.00000000
C22	c	0.10000905	0.28775378	0.14497181	2.00000000	10.00000000	0.02856529	0.00000000
C23	c	0.95987917	0.69932271	0.09897090	2.00000000	10.00000000	0.02551751	0.00000000
C24	c	0.39629779	0.11290029	0.09693225	2.00000000	10.00000000	0.01237706	0.00000000
C25	c	0.80121135	0.11506524	0.25976810	2.00000000	10.00000000	0.02299903	0.00000000
C26	c	0.16282363	0.64312221	0.03422989	2.00000000	10.00000000	0.02979952	0.00000000
C27	c	0.18460792	0.82935113	0.17367777	2.00000000	10.00000000	0.01284079	0.00000000
C28	c	0.55650019	0.87210973	0.24362163	2.00000000	10.00000000	0.02584607	0.00000000
C29	c	0.11221793	0.77254161	0.07526070	2.00000000	10.00000000	0.01993105	0.00000000
C30	c	0.11497784	0.46988554	0.11713608	2.00000000	10.00000000	0.01382025	0.00000000

Q Vehicle fuel tank capacity /0.40000000/
C Vehicle load capacity /1.50000000/
r fuel consumption rate /0.25000000/
g inverse refueling rate /1.00000000/
v average Velocity /1.00000000/
