StringID	Type	x	y	demand	ReadyTime	DueDate	ServiceTime	altitude
D0	d	0.50000000	0.50000000	0.00000000	0.00000000	10.00000000	0.00000000	0.00000000
S0	f	0.83900927	0.60633108	0.00000000	0.00000000	10.00000000	0.00000000	0.00000000
S1	f	0.38910377	0.01920963	0.00000000	0.00000000	10.00000000	0.00000000	0.00000000
S2	f	0.61939417	0.73799769	0.00000000	0.00000000	10.00000000	0.00000000	0.00000000
S3	f	0.95529760	0.89875600	0.00000000	0.00000000	10.00000000	0.00000000	0.00000000
S4	f	0.98670483	0.47130877	0.00000000	0.00000000	10.00000000	0.00000000	0.00000000
S5	f	0.21189584	0.29216778	0.00000000	0.00000000	10.00000000	0.00000000	0.00000000
C1	c	0.12289650	0.55074266	0.12951303	0.00000000	8.00000000	0.02756431	0.00000000
C2	c	0.15683831	0.61952617	0.07499569	0.10000000	8.10000000	0.01677305	0.00000000
C3	c	0.07910010	0.54594067	0.03786311	0.20000000	8.20000000	0.01058815	0.00000000
C4	c	0.09117484	0.47421267	0.25724967	0.30000000	8.30000000	0.01059701	0.00000000
C5	c	0.19395829	0.50795785	0.06919918	0.40000000	8.40000000	0.01381341	0.00000000
C6	c	0.10975509	0.55460301	0.12041366	0.50000000	8.50000000	0.01965100	0.00000000
C7	c	0.14472728	0.54497087	0.28520141	0.60000000	8.60000000	0.01497191	0.00000000
C8	c	0.11977998	0.76805900	0.26679077	0.70000000	8.70000000	0.01038948	0.00000000
C9	c	0.06686803	0.70046807	0.10300333	0.80000000	8.80000000	0.01582705	0.00000000
C10	c	0.11536178	0.76000187	0.03213940	0.90000000	8.90000000	0.01628756	0.00000000
C11	c	0.22228060	0.72971093	0.05872588	1.00000000	9.00000000	0.02864231	0.00000000
C12	c	0.29186018	0.96568166	0.03633037	1.10000000	9.10000000	0.01163190	0.00000000
C13	c	0.20240219	0.95457190	0.22550957	1.20000000	9.20000000	0.01472870	0.00000000
C14	c	0.22478901	1.00000000	0.25998746	1.30000000	9.30000000	0.01191579	0.00000000
C15	c	0.13423125	0.96205367	0.20438031	1.40000000	9.40000000	0.01972717	0.00000000
C16	c	0.24830287	0.11454875	0.02929638	1.50000000	9.50000000	0.02784590	0.00000000
C17	c	0.01592631	0.49258886	0.04477432	1.60000000	9.60000000	0.01682007	0.00000000
C18	c	0.84006158	0.33714939	0.16304924	1.70000000	9.70000000	0.02437504	0.00000000
C19	c	0.78846632	0.63607463	0.33001760	1.80000000	9.80000000	0.02350268	0.00000000
C20	c	0.02940754	0.02985050	0.26916996	1.90000000	9.90000000	0.01140621	0.00000000
C21	c	0.24859575	0.01947417	0.06150891	2.00000000	10.00000000	0.01936042	0.00000000
C22	c	0.29135230	0.31437815	0.19317405	2.00000000	10.00000000	0.01863786	0.00000000
C23	c	0.93211542	0.08159518	0.09863429	2.00000000	10.00000000	0.01439678	0.00000000
C24	c	0.48635854	0.89229523	0.05737234	2.00000000	10.00000000	0.01098552	0.00000000
C25	c	0.34100341	0.71875192	0.02694820	2.00000000	10.00000000	0.01698524	0.00000000
C26	c	0.67513412	0.07031027	0.17399434	2.00000000	10.00000000	0.02060794	0.00000000
C27	c	0.46802118	0.43189289	0.28118657	2.00000000	10.00000000	0.02088575	0.00000000
C28	c	0.21983899	0.04927588	0.12604265	2.00000000	10.00000000	0.01445656	0.00000000
C29	c	0.34926214	0.53039682	0.26526989	2.00000000	10.00000000	0.01454324	0.00000000
C30	c	0.54428730	0.22282800	0.21825842	2.00000000	10.00000000	0.01884591	0.00000000

Q Vehicle fuel tank capacity /0.40000000/
C Vehicle load capacity /1.50000000/
r fuel consumption rate /0.25000000/
g inverse refueling rate /1.00000000/
v average Velocity /1.00000000/
