StringID	Type	x	y	demand	ReadyTime	DueDate	ServiceTime	altitude
D0	d	0.50000000	0.50000000	0.00000000	0.00000000	10.00000000	0.00000000	0.00000000
S0	f	0.75791834	0.93751481	0.00000000	0.00000000	10.00000000	0.00000000	0.00000000
S1	f	0.30283053	0.22228304	0.00000000	0.00000000	10.00000000	0.00000000	0.00000000
S2	f	0.03198516	0.24062819	0.00000000	0.00000000	10.00000000	0.00000000	0.00000000
S3	f	0.37109339	0.33675912	0.00000000	0.00000000	10.00000000	0.00000000	0.00000000
S4	f	0.22356997	0.46000878	0.00000000	0.00000000	10.00000000	0.00000000	0.00000000
S5	f	0.74065430	0.53071688	0.00000000	0.00000000	10.00000000	0.00000000	0.00000000
S6	f	0.08548049	0.28382183	0.00000000	0.00000000	10.00000000	0.00000000	0.00000000
S7	f	0.39690094	0.39891645	0.00000000	0.00000000	10.00000000	0.00000000	0.00000000
S8	f	0.75408491	0.60203759	0.00000000	0.00000000	10.00000000	0.00000000	0.00000000
S9	f	0.23399677	0.72950170	0.00000000	0.00000000	10.00000000	0.00000000	0.00000000
C1	c	0.25358471	0.06666915	0.06086532	0.00000000	8.00000000	0.01472192	0.00000000
C2	c	0.34349081	0.09590478	0.10209076	0.06000000	8.06000000	0.02778782	0.00000000
C3	c	0.06908276	0.86961578	0.03164958	0.12000000	8.12000000	0.01599861	0.00000000
C4	c	0.45649997	0.87103031	0.11260758	0.18000000	8.18000000	0.02470068	0.00000000
C5	c	0.45453125	0.11497881	0.03335719	0.24000000	8.24000000	0.01927094	0.00000000
C6	c	0.76468105	0.86005559	0.08961910	0.30000000	8.30000000	0.02723835	0.00000000
C7	c	0.13394000	0.30896330	0.04567528	0.36000000	8.36000000	0.02092326	0.00000000
C8	c	0.88861121	0.05799673	0.07680664	0.42000000	8.42000000	0.01612469	0.00000000
C9	c	0.98505507	0.46139106	0.12531959	0.48000000	8.48000000	0.02804990	0.00000000
C10	c	0.48355320	0.35943822	0.04262449	0.54000000	8.54000000	0.02879709	0.00000000
C11	c	0.47426963	0.79212917	0.08054502	0.60000000	8.60000000	0.02506717	0.00000000
C12	c	0.74734979	0.66720429	0.13094815	0.66000000	8.66000000	0.02018109	0.00000000
C13	c	0.35054511	0.22936721	0.04604228	0.72000000	8.72000000	0.01600450	0.00000000
C14	c	0.81752344	0.16524975	0.15135100	0.78000000	8.78000000	0.02374235	0.00000000
C15	c	0.92224016	0.81211538	0.13715668	0.84000000	8.84000000	0.01362226	0.00000000
C16	c	0.54770411	0.18162203	0.13999204	0.90000000	8.90000000	0.01166183	0.00000000
C17	c	0.20294596	0.82012225	0.15716053	0.96000000	8.96000000	0.02802377	0.00000000
C18	c	0.08973170	0.22308533	0.12355776	1.02000000	9.02000000	0.02050898	0.00000000
C19	c	0.91937475	0.38504015	0.10651428	1.08000000	9.08000000	0.02587715	0.00000000
C20	c	0.75791834	0.93751481	0.05684571	1.14000000	9.14000000	0.01153198	0.00000000
C21	c	0.96122355	0.50125786	0.16038874	1.20000000	9.20000000	0.02504660	0.00000000
C22	c	0.46554545	0.41401611	0.14199782	1.26000000	9.26000000	0.01390569	0.00000000
C23	c	0.07933330	0.92042107	0.10500353	1.32000000	9.32000000	0.02490715	0.00000000
C24	c	0.70685283	0.04997785	0.07788120	1.38000000	9.38000000	0.01165297	0.00000000
C25	c	0.59123431	0.60635423	0.02140444	1.44000000	9.44000000	0.01459152	0.00000000
C26	c	0.13870086	0.64920431	0.14453747	1.50000000	9.50000000	0.02321449	0.00000000
C27	c	0.89973222	0.27889076	0.02830383	1.56000000	9.56000000	0.01953068	0.00000000
C28	c	0.00235590	0.27198984	0.01174608	1.62000000	9.62000000	0.02927816	0.00000000
C29	c	0.66728458	0.93564324	0.05979075	1.68000000	9.68000000	0.02895126	0.00000000
C30	c	0.00604308	0.65672431	0.01258823	1.74000000	9.74000000	0.01646949	0.00000000
C31	c	0.98424481	0.10600784	0.05346703	1.80000000	9.80000000	0.02704891	0.00000000
C32	c	0.80259816	0.60773345	0.09077904	1.86000000	9.86000000	0.02721508	0.00000000
C33	c	0.91086743	0.48420230	0.09425097	1.92000000	9.92000000	0.01248549	0.00000000
C34	c	0.04565314	0.48217316	0.13616030	1.98000000	9.98000000	0.01231289	0.00000000
C35	c	0.26754926	0.79538629	0.02944096	2.00000000	10.00000000	0.01393466	0.00000000
C36	c	0.50413067	0.32145485	0.10201150	2.00000000	10.00000000	0.01316121	0.00000000
C37	c	0.11506033	0.08355953	0.15855953	2.00000000	10.00000000	0.01006755	0.00000000
C38	c	0.30283053	0.22228304	0.14774341	2.00000000	10.00000000	0.02211609	0.00000000
C39	c	0.17305629	0.23923704	0.08080211	2.00000000	10.00000000	0.02014198	0.00000000
C40	c	0.43243752	0.35519282	0.02423143	2.00000000	10.00000000	0.02556905	0.00000000
C41	c	0.19611661	0.70167053	0.10393105	2.00000000	10.00000000	0.02773323	0.00000000
C42	c	0.59293884	0.49780464	0.08530927	2.00000000	10.00000000	0.02370216	0.00000000
C43	c	0.31360336	0.86836275	0.08087589	2.00000000	10.00000000	0.01605953	0.00000000
C44	c	0.27504955	0.32270614	0.04109268	2.00000000	10.00000000	0.01385011	0.00000000
C45	c	0.55691444	0.45102250	0.16780295	2.00000000	10.00000000	0.01268040	0.00000000
C46	c	0.49859575	0.83240125	0.06550374	2.00000000	10.00000000	0.02288101	0.00000000
C47	c	0.04032196	0.68439601	0.09392171	2.00000000	10.00000000	0.02316492	0.00000000
C48	c	0.29562971	0.16812037	0.09329039	2.00000000	10.00000000	0.01391454	0.00000000
C49	c	0.12516825	0.36544036	0.14293160	2.00000000	10.00000000	0.01825178	0.00000000
C50	c	0.67054017	0.29679664	0.09352338	2.00000000	10.00000000	0.01413048	0.00000000

Q Vehicle fuel tank capacity /0.40000000/
C Vehicle load capacity /1.50000000/
r fuel consumption rate /0.25000000/
g inverse refueling rate /1.00000000/
v average Velocity /1.00000000/
