StringID	Type	x	y	demand	ReadyTime	DueDate	ServiceTime	altitude
D0	d	0.50000000	0.50000000	0.00000000	0.00000000	10.00000000	0.00000000	0.00000000
S0	f	0.89007250	0.45149084	0.00000000	0.00000000	10.00000000	0.00000000	0.00000000
S1	f	0.61670137	0.17583514	0.00000000	0.00000000	10.00000000	0.00000000	0.00000000
S2	f	0.20933757	0.73151762	0.00000000	0.00000000	10.00000000	0.00000000	0.00000000
S3	f	0.96054431	0.84526620	0.00000000	0.00000000	10.00000000	0.00000000	0.00000000
S4	f	0.14083706	0.47434811	0.00000000	0.00000000	10.00000000	0.00000000	0.00000000
S5	f	0.92848782	0.70046220	0.00000000	0.00000000	10.00000000	0.00000000	0.00000000
C1	c	0.37472921	0.75898943	0.23039166	0.00000000	8.00000000	0.02730503	0.00000000
C2	c	0.24492561	0.61465109	0.28040455	0.10000000	8.10000000	0.02088817	0.00000000
C3	c	0.20821980	0.77390828	0.24194602	0.20000000	8.20000000	0.02645698	0.00000000
C4	c	0.30608849	0.77767573	0.05034058	0.30000000	8.30000000	0.02473939	0.00000000
C5	c	0.26977587	0.69123952	0.25211030	0.40000000	8.40000000	0.01086571	0.00000000
C6	c	0.33302707	0.80017693	0.06879573	0.50000000	8.50000000	0.01468798	0.00000000
C7	c	0.38352649	0.68482727	0.18200208	0.60000000	8.60000000	0.01643303	0.00000000
C8	c	0.47644707	0.39918697	0.08161117	0.70000000	8.70000000	0.02425225	0.00000000
C9	c	0.41770796	0.38034673	0.20344199	0.80000000	8.80000000	0.01494735	0.00000000
C10	c	0.54545759	0.46531229	0.22744494	0.90000000	8.90000000	0.01257807	0.00000000
C11	c	0.47538037	0.41751986	0.25453163	1.00000000	9.00000000	0.01294817	0.00000000
C12	c	0.85561433	0.47685620	0.10363787	1.10000000	9.10000000	0.02424308	0.00000000
C13	c	0.80326124	0.30068184	0.03123792	1.20000000	9.20000000	0.01955713	0.00000000
C14	c	0.83439190	0.39846587	0.18242474	1.30000000	9.30000000	0.01648093	0.00000000
C15	c	0.91423299	0.36547020	0.16300727	1.40000000	9.40000000	0.02337774	0.00000000
C16	c	0.15024668	0.35470535	0.14672210	1.50000000	9.50000000	0.01707313	0.00000000
C17	c	0.28772530	0.00261371	0.18532568	1.60000000	9.60000000	0.02513607	0.00000000
C18	c	0.14196955	0.80930900	0.21760745	1.70000000	9.70000000	0.01117454	0.00000000
C19	c	0.82101167	0.26348268	0.20393057	1.80000000	9.80000000	0.01446569	0.00000000
C20	c	0.05333915	0.44564195	0.12806920	1.90000000	9.90000000	0.02052422	0.00000000
C21	c	0.86525168	0.54440847	0.05837500	2.00000000	10.00000000	0.02549946	0.00000000
C22	c	0.82284891	0.73696939	0.11221626	2.00000000	10.00000000	0.02200588	0.00000000
C23	c	0.04328572	0.23439901	0.09457803	2.00000000	10.00000000	0.02996868	0.00000000
C24	c	0.32165139	0.71261239	0.01949797	2.00000000	10.00000000	0.02174970	0.00000000
C25	c	0.24736750	0.12890362	0.05619534	2.00000000	10.00000000	0.01847900	0.00000000
C26	c	0.14740864	0.71215391	0.23192962	2.00000000	10.00000000	0.01003705	0.00000000
C27	c	0.47785645	0.32404663	0.23501135	2.00000000	10.00000000	0.02914747	0.00000000
C28	c	0.66888710	0.35365658	0.08819408	2.00000000	10.00000000	0.02324259	0.00000000
C29	c	0.75680373	0.05872705	0.03285579	2.00000000	10.00000000	0.01701506	0.00000000
C30	c	0.22328450	0.52621113	0.13616311	2.00000000	10.00000000	0.02899875	0.00000000

Q Vehicle fuel tank capacity /0.40000000/
C Vehicle load capacity /1.50000000/
r fuel consumption rate /0.25000000/
g inverse refueling rate /1.00000000/
v average Velocity /1.00000000/
