StringID	Type	x	y	demand	ReadyTime	DueDate	ServiceTime	altitude
D0	d	0.50000000	0.50000000	0.00000000	0.00000000	10.00000000	0.00000000	0.00000000
S0	f	0.75457895	0.44917923	0.00000000	0.00000000	10.00000000	0.00000000	0.00000000
S1	f	0.76714201	0.27626633	0.00000000	0.00000000	10.00000000	0.00000000	0.00000000
S2	f	0.75317199	0.53837057	0.00000000	0.00000000	10.00000000	0.00000000	0.00000000
S3	f	0.98958479	0.17594472	0.00000000	0.00000000	10.00000000	0.00000000	0.00000000
S4	f	0.50957999	0.68508068	0.00000000	0.00000000	10.00000000	0.00000000	0.00000000
S5	f	0.37227268	0.74479303	0.00000000	0.00000000	10.00000000	0.00000000	0.00000000
S6	f	0.25656449	0.59094049	0.00000000	0.00000000	10.00000000	0.00000000	0.00000000
S7	f	0.97019676	0.13805242	0.00000000	0.00000000	10.00000000	0.00000000	0.00000000
S8	f	0.06470166	0.48713255	0.00000000	0.00000000	10.00000000	0.00000000	0.00000000
S9	f	0.27427199	0.10357333	0.00000000	0.00000000	10.00000000	0.00000000	0.00000000
C1	c	0.14947223	0.50772130	0.04157930	0.00000000	8.00000000	0.02452950	0.00000000
C2	c	0.75449261	0.30188942	0.10645679	0.06000000	8.06000000	0.01819195	0.00000000
C3	c	0.90167341	0.70396651	0.12793327	0.12000000	8.12000000	0.01132651	0.00000000
C4	c	0.25996889	0.89552498	0.13999031	0.18000000	8.18000000	0.02395331	0.00000000
C5	c	0.65215652	0.67482193	0.04886794	0.24000000	8.24000000	0.01916555	0.00000000
C6	c	0.40610981	0.33058930	0.07758250	0.30000000	8.30000000	0.01009160	0.00000000
C7	c	0.87485151	0.51840164	0.12909090	0.36000000	8.36000000	0.02704167	0.00000000
C8	c	0.70940312	0.34186163	0.11765657	0.42000000	8.42000000	0.01030891	0.00000000
C9	c	0.61574238	0.00990834	0.04632846	0.48000000	8.48000000	0.02528835	0.00000000
C10	c	0.88174362	0.87448497	0.01128565	0.54000000	8.54000000	0.02490657	0.00000000
C11	c	0.05856395	0.76150126	0.10376759	0.60000000	8.60000000	0.01743631	0.00000000
C12	c	0.88588850	0.36294506	0.07160204	0.66000000	8.66000000	0.02371935	0.00000000
C13	c	0.45860880	0.05885787	0.12057904	0.72000000	8.72000000	0.02964088	0.00000000
C14	c	0.81877320	0.60672394	0.07455959	0.78000000	8.78000000	0.01621918	0.00000000
C15	c	0.35940311	0.94735926	0.03436195	0.84000000	8.84000000	0.01236270	0.00000000
C16	c	0.78099148	0.25248913	0.13196578	0.90000000	8.90000000	0.02977617	0.00000000
C17	c	0.33619956	0.45404952	0.10103816	0.96000000	8.96000000	0.01664554	0.00000000
C18	c	0.57327499	0.69120381	0.11419174	1.02000000	9.02000000	0.02554092	0.00000000
C19	c	0.75457895	0.44917923	0.13574503	1.08000000	9.08000000	0.02652579	0.00000000
C20	c	0.48650430	0.26052357	0.04834926	1.14000000	9.14000000	0.02385038	0.00000000
C21	c	0.55055411	0.50097649	0.08339370	1.20000000	9.20000000	0.01526799	0.00000000
C22	c	0.20682761	0.71500648	0.02023216	1.26000000	9.26000000	0.01256077	0.00000000
C23	c	0.61374464	0.34142386	0.10745943	1.32000000	9.32000000	0.01959012	0.00000000
C24	c	0.43857072	0.92609763	0.10750282	1.38000000	9.38000000	0.02746174	0.00000000
C25	c	0.59809741	0.87010279	0.07271274	1.44000000	9.44000000	0.01242468	0.00000000
C26	c	0.11509507	0.98229812	0.06060200	1.50000000	9.50000000	0.01072822	0.00000000
C27	c	0.19688041	0.52830738	0.13016931	1.56000000	9.56000000	0.01453390	0.00000000
C28	c	0.01305990	0.60230696	0.06439876	1.62000000	9.62000000	0.02474676	0.00000000
C29	c	0.29660210	0.02336337	0.04105576	1.68000000	9.68000000	0.02810572	0.00000000
C30	c	0.01733399	0.19867270	0.13024613	1.74000000	9.74000000	0.02070078	0.00000000
C31	c	0.23976946	0.46869468	0.09365951	1.80000000	9.80000000	0.01772653	0.00000000
C32	c	0.36065244	0.35405315	0.12587342	1.86000000	9.86000000	0.01859348	0.00000000
C33	c	0.99226091	0.41324643	0.10645758	1.92000000	9.92000000	0.02237225	0.00000000
C34	c	0.92374221	0.64274946	0.11403515	1.98000000	9.98000000	0.01600127	0.00000000
C35	c	0.89671271	0.28956586	0.10172453	2.00000000	10.00000000	0.02955382	0.00000000
C36	c	0.32344447	0.08365308	0.12073088	2.00000000	10.00000000	0.02803862	0.00000000
C37	c	0.46446038	0.79646652	0.13416258	2.00000000	10.00000000	0.02786749	0.00000000
C38	c	0.29072124	0.52045521	0.04949426	2.00000000	10.00000000	0.01719508	0.00000000
C39	c	0.17638283	0.90841002	0.13518286	2.00000000	10.00000000	0.01202529	0.00000000
C40	c	0.77113244	0.15818684	0.01843716	2.00000000	10.00000000	0.02314978	0.00000000
C41	c	0.05781514	0.36818638	0.08007063	2.00000000	10.00000000	0.01818797	0.00000000
C42	c	0.88927268	0.93059913	0.07429691	2.00000000	10.00000000	0.01966457	0.00000000
C43	c	0.56081102	0.03299567	0.06972580	2.00000000	10.00000000	0.02202084	0.00000000
C44	c	0.66304270	0.73922677	0.14045949	2.00000000	10.00000000	0.01383739	0.00000000
C45	c	0.41862320	0.25662194	0.11231706	2.00000000	10.00000000	0.02114664	0.00000000
C46	c	0.02553167	0.96236756	0.13004183	2.00000000	10.00000000	0.02377125	0.00000000
C47	c	0.17317464	0.13543535	0.13437099	2.00000000	10.00000000	0.02181415	0.00000000
C48	c	0.40740275	0.00140080	0.02262318	2.00000000	10.00000000	0.02046514	0.00000000
C49	c	0.39563242	0.90752297	0.06753747	2.00000000	10.00000000	0.01836124	0.00000000
C50	c	0.75317199	0.53837057	0.06809402	2.00000000	10.00000000	0.02872483	0.00000000

Q Vehicle fuel tank capacity /0.40000000/
C Vehicle load capacity /1.50000000/
r fuel consumption rate /0.25000000/
g inverse refueling rate /1.00000000/
v average Velocity /1.00000000/
