StringID	Type	x	y	demand	ReadyTime	DueDate	ServiceTime	altitude
D0	d	0.50000000	0.50000000	0.00000000	0.00000000	10.00000000	0.00000000	0.00000000
S0	f	0.41373366	0.93487567	0.00000000	0.00000000	10.00000000	0.00000000	0.00000000
S1	f	0.67697393	0.37211949	0.00000000	0.00000000	10.00000000	0.00000000	0.00000000
S2	f	0.64647577	0.29292713	0.00000000	0.00000000	10.00000000	0.00000000	0.00000000
S3	f	0.35598718	0.81077258	0.00000000	0.00000000	10.00000000	0.00000000	0.00000000
S4	f	0.83313845	0.36599657	0.00000000	0.00000000	10.00000000	0.00000000	0.00000000
S5	f	0.72418300	0.41334255	0.00000000	0.00000000	10.00000000	0.00000000	0.00000000
S6	f	0.16388979	0.13133283	0.00000000	0.00000000	10.00000000	0.00000000	0.00000000
S7	f	0.06340731	0.42271891	0.00000000	0.00000000	10.00000000	0.00000000	0.00000000
S8	f	0.11913994	0.40791769	0.00000000	0.00000000	10.00000000	0.00000000	0.00000000
S9	f	0.43837119	0.42956076	0.00000000	0.00000000	10.00000000	0.00000000	0.00000000
C1	c	0.08471183	0.52632666	0.17418453	0.00000000	8.00000000	0.01528685	0.00000000
C2	c	0.05565690	0.96041315	0.02185021	0.06000000	8.06000000	0.01540009	0.00000000
C3	c	0.75705358	0.80002471	0.11514096	0.12000000	8.12000000	0.01609298	0.00000000
C4	c	0.79752549	0.57509040	0.11981464	0.18000000	8.18000000	0.02884222	0.00000000
C5	c	0.26221593	0.78888552	0.03811424	0.24000000	8.24000000	0.02071739	0.00000000
C6	c	0.27237783	0.70358773	0.16777833	0.30000000	8.30000000	0.01913255	0.00000000
C7	c	0.58501861	0.34421266	0.01238334	0.36000000	8.36000000	0.02500762	0.00000000
C8	c	0.78473757	0.91913344	0.04487212	0.42000000	8.42000000	0.02150875	0.00000000
C9	c	0.57223923	0.41920145	0.04053086	0.48000000	8.48000000	0.01279098	0.00000000
C10	c	0.24526075	0.13751059	0.15564271	0.54000000	8.54000000	0.01600901	0.00000000
C11	c	0.62329097	0.52697780	0.02179744	0.60000000	8.60000000	0.01198972	0.00000000
C12	c	0.66227281	0.64975532	0.10362933	0.66000000	8.66000000	0.02611884	0.00000000
C13	c	0.07349769	0.37913081	0.17240951	0.72000000	8.72000000	0.01313710	0.00000000
C14	c	0.24212030	0.20340935	0.03690577	0.78000000	8.78000000	0.01921300	0.00000000
C15	c	0.77117348	0.21706905	0.06420152	0.84000000	8.84000000	0.02871120	0.00000000
C16	c	0.37943238	0.68829927	0.07767544	0.90000000	8.90000000	0.01309246	0.00000000
C17	c	0.67442162	0.14139859	0.09393206	0.96000000	8.96000000	0.01408579	0.00000000
C18	c	0.41373366	0.93487567	0.15719447	1.02000000	9.02000000	0.01389461	0.00000000
C19	c	0.60057780	0.12213552	0.15281953	1.08000000	9.08000000	0.02576755	0.00000000
C20	c	0.87481313	0.42536305	0.08405499	1.14000000	9.14000000	0.02899754	0.00000000
C21	c	0.98455821	0.27668810	0.07133631	1.20000000	9.20000000	0.02684178	0.00000000
C22	c	0.59597833	0.67437933	0.09912160	1.26000000	9.26000000	0.01923102	0.00000000
C23	c	0.10794872	0.33132434	0.05591911	1.32000000	9.32000000	0.01253726	0.00000000
C24	c	0.90233852	0.82546637	0.12364607	1.38000000	9.38000000	0.01587165	0.00000000
C25	c	0.25518056	0.47575096	0.02134800	1.44000000	9.44000000	0.02907781	0.00000000
C26	c	0.57279018	0.04089235	0.01927804	1.50000000	9.50000000	0.01035768	0.00000000
C27	c	0.53914166	0.16217573	0.05948173	1.56000000	9.56000000	0.01093996	0.00000000
C28	c	0.15622874	0.46206256	0.08003458	1.62000000	9.62000000	0.02207475	0.00000000
C29	c	0.33956994	0.52767227	0.16984298	1.68000000	9.68000000	0.02815186	0.00000000
C30	c	0.33775237	0.10642008	0.04143690	1.74000000	9.74000000	0.01569084	0.00000000
C31	c	0.55451943	0.89660496	0.15432579	1.80000000	9.80000000	0.02227257	0.00000000
C32	c	0.53482565	0.97660911	0.08533094	1.86000000	9.86000000	0.02687352	0.00000000
C33	c	0.70510514	0.70736385	0.07183294	1.92000000	9.92000000	0.01565021	0.00000000
C34	c	0.93162766	0.60703577	0.09324402	1.98000000	9.98000000	0.01418731	0.00000000
C35	c	0.74071891	0.56119849	0.01858390	2.00000000	10.00000000	0.02149178	0.00000000
C36	c	0.36559908	0.72975528	0.14213165	2.00000000	10.00000000	0.02641065	0.00000000
C37	c	0.67697393	0.37211949	0.13584579	2.00000000	10.00000000	0.02913661	0.00000000
C38	c	0.29100331	0.64826037	0.12580363	2.00000000	10.00000000	0.01729429	0.00000000
C39	c	0.91495971	0.94416406	0.04851639	2.00000000	10.00000000	0.02753478	0.00000000
C40	c	0.08429716	0.70155362	0.11466616	2.00000000	10.00000000	0.02111085	0.00000000
C41	c	0.98040565	0.66219837	0.07355271	2.00000000	10.00000000	0.02236337	0.00000000
C42	c	0.14104063	0.66841870	0.11820977	2.00000000	10.00000000	0.01993658	0.00000000
C43	c	0.73641242	0.98381107	0.12082181	2.00000000	10.00000000	0.02967192	0.00000000
C44	c	0.01511744	0.13077859	0.07455174	2.00000000	10.00000000	0.01996087	0.00000000
C45	c	0.88757727	0.49162913	0.09581094	2.00000000	10.00000000	0.02728211	0.00000000
C46	c	0.93901036	0.89626672	0.09709331	2.00000000	10.00000000	0.02877996	0.00000000
C47	c	0.47103291	0.97674243	0.10458859	2.00000000	10.00000000	0.02616678	0.00000000
C48	c	0.13699974	0.51935355	0.04378902	2.00000000	10.00000000	0.01171195	0.00000000
C49	c	0.06991676	0.19133609	0.13947553	2.00000000	10.00000000	0.01642838	0.00000000
C50	c	0.50255090	0.75849849	0.04544804	2.00000000	10.00000000	0.02873516	0.00000000

Q Vehicle fuel tank capacity /0.40000000/
C Vehicle load capacity /1.50000000/
r fuel consumption rate /0.25000000/
g inverse refueling rate /1.00000000/
v average Velocity /1.00000000/
