StringID	Type	x	y	demand	ReadyTime	DueDate	ServiceTime	altitude
D0	d	0.50000000	0.50000000	0.00000000	0.00000000	10.00000000	0.00000000	0.00000000
S0	f	0.62343799	0.10294871	0.00000000	0.00000000	10.00000000	0.00000000	0.00000000
S1	f	0.87387209	0.15181420	0.00000000	0.00000000	10.00000000	0.00000000	0.00000000
S2	f	0.32024668	0.30236001	0.00000000	0.00000000	10.00000000	0.00000000	0.00000000
S3	f	0.61775514	0.29578929	0.00000000	0.00000000	10.00000000	0.00000000	0.00000000
S4	f	0.10126587	0.75499851	0.00000000	0.00000000	10.00000000	0.00000000	0.00000000
S5	f	0.34389787	0.66496952	0.00000000	0.00000000	10.00000000	0.00000000	0.00000000
S6	f	0.95548307	0.82288567	0.00000000	0.00000000	10.00000000	0.00000000	0.00000000
S7	f	0.33708213	0.88324986	0.00000000	0.00000000	10.00000000	0.00000000	0.00000000
S8	f	0.93455523	0.76972396	0.00000000	0.00000000	10.00000000	0.00000000	0.00000000
S9	f	0.90843537	0.92165266	0.00000000	0.00000000	10.00000000	0.00000000	0.00000000
C1	c	0.15922013	0.56762037	0.04982042	0.00000000	8.00000000	0.01297967	0.00000000
C2	c	0.25730668	0.54525013	0.08949588	0.06000000	8.06000000	0.01550804	0.00000000
C3	c	0.20382879	0.57020512	0.03714527	0.12000000	8.12000000	0.01933629	0.00000000
C4	c	0.04946752	0.57918372	0.06731443	0.18000000	8.18000000	0.01721367	0.00000000
C5	c	0.19799509	0.63719114	0.10987309	0.24000000	8.24000000	0.01138860	0.00000000
C6	c	0.26540290	0.56844310	0.09286132	0.30000000	8.30000000	0.02355173	0.00000000
C7	c	0.13400693	0.56153300	0.13487704	0.36000000	8.36000000	0.01254865	0.00000000
C8	c	0.51329350	0.38185563	0.05172976	0.42000000	8.42000000	0.01792371	0.00000000
C9	c	0.47937328	0.36256434	0.10813324	0.48000000	8.48000000	0.01041935	0.00000000
C10	c	0.61972269	0.42576604	0.11249491	0.54000000	8.54000000	0.01205280	0.00000000
C11	c	0.56989483	0.10776965	0.09312102	0.60000000	8.60000000	0.01385423	0.00000000
C12	c	0.70819154	0.12215785	0.01250818	0.66000000	8.66000000	0.01873860	0.00000000
C13	c	0.71007658	0.03860089	0.16434120	0.72000000	8.72000000	0.01484559	0.00000000
C14	c	0.62634004	0.15883773	0.09664283	0.78000000	8.78000000	0.02395850	0.00000000
C15	c	0.69450064	0.38539208	0.06391050	0.84000000	8.84000000	0.02641976	0.00000000
C16	c	0.81089519	0.36911322	0.08616300	0.90000000	8.90000000	0.01996512	0.00000000
C17	c	0.76025585	0.35353637	0.16489538	0.96000000	8.96000000	0.01777465	0.00000000
C18	c	0.66616286	0.39178293	0.06399997	1.02000000	9.02000000	0.01477967	0.00000000
C19	c	0.67924694	0.39314283	0.13610367	1.08000000	9.08000000	0.01878510	0.00000000
C20	c	0.17668132	0.76311043	0.14019082	1.14000000	9.14000000	0.02001558	0.00000000
C21	c	0.14048603	0.69993236	0.03990742	1.20000000	9.20000000	0.02019499	0.00000000
C22	c	0.14347973	0.76746575	0.04626479	1.26000000	9.26000000	0.02368611	0.00000000
C23	c	0.05930103	0.76683804	0.08250070	1.32000000	9.32000000	0.02276534	0.00000000
C24	c	0.06661340	0.81469139	0.17019106	1.38000000	9.38000000	0.02894597	0.00000000
C25	c	0.14423495	0.72980739	0.10694090	1.44000000	9.44000000	0.01759355	0.00000000
C26	c	0.70107536	0.68869326	0.12202530	1.50000000	9.50000000	0.02990507	0.00000000
C27	c	0.78366826	0.94818677	0.07877739	1.56000000	9.56000000	0.02267152	0.00000000
C28	c	0.23062246	0.74250726	0.07055267	1.62000000	9.62000000	0.01002661	0.00000000
C29	c	0.02732971	0.91641698	0.10099923	1.68000000	9.68000000	0.01491315	0.00000000
C30	c	0.58041676	0.15773076	0.05760131	1.74000000	9.74000000	0.02697287	0.00000000
C31	c	0.02244509	0.39655053	0.03926581	1.80000000	9.80000000	0.02119114	0.00000000
C32	c	0.11594343	0.02664466	0.01841259	1.86000000	9.86000000	0.01490740	0.00000000
C33	c	0.14898341	0.27540202	0.12537185	1.92000000	9.92000000	0.01237625	0.00000000
C34	c	0.06942986	0.67758660	0.16617226	1.98000000	9.98000000	0.02294123	0.00000000
C35	c	0.12743261	0.39618552	0.07000476	2.00000000	10.00000000	0.02645941	0.00000000
C36	c	0.02096765	0.10264007	0.13083562	2.00000000	10.00000000	0.02437475	0.00000000
C37	c	0.19271173	0.43693024	0.12617318	2.00000000	10.00000000	0.01983317	0.00000000
C38	c	0.24227955	0.69792515	0.12415081	2.00000000	10.00000000	0.02733362	0.00000000
C39	c	0.82098816	0.49825592	0.13966309	2.00000000	10.00000000	0.01220011	0.00000000
C40	c	0.38873268	0.23898338	0.16653392	2.00000000	10.00000000	0.01468428	0.00000000
C41	c	0.43925516	0.50077899	0.04933404	2.00000000	10.00000000	0.02545254	0.00000000
C42	c	0.50974941	0.68430552	0.13294026	2.00000000	10.00000000	0.02578290	0.00000000
C43	c	0.63826703	0.94729862	0.01613021	2.00000000	10.00000000	0.01186710	0.00000000
C44	c	0.37967728	0.99525368	0.16134496	2.00000000	10.00000000	0.02213381	0.00000000
C45	c	0.63357604	0.00133060	0.10646599	2.00000000	10.00000000	0.02640177	0.00000000
C46	c	0.24565757	0.84864364	0.03742863	2.00000000	10.00000000	0.02292547	0.00000000
C47	c	0.55955702	0.24537017	0.01533240	2.00000000	10.00000000	0.02005284	0.00000000
C48	c	0.11881253	0.64706128	0.07643510	2.00000000	10.00000000	0.01661949	0.00000000
C49	c	0.82297031	0.71873742	0.03060350	2.00000000	10.00000000	0.02291904	0.00000000
C50	c	0.49165867	0.86668118	0.01601832	2.00000000	10.00000000	0.01404696	0.00000000

Q Vehicle fuel tank capacity /0.40000000/
C Vehicle load capacity /1.50000000/
r fuel consumption rate /0.25000000/
g inverse refueling rate /1.00000000/
v average Velocity /1.00000000/
