StringID	Type	x	y	demand	ReadyTime	DueDate	ServiceTime	altitude
D0	d	0.50000000	0.50000000	0.00000000	0.00000000	10.00000000	0.00000000	0.00000000
S0	f	0.53902568	0.11251434	0.00000000	0.00000000	10.00000000	0.00000000	0.00000000
S1	f	0.35985234	0.24219054	0.00000000	0.00000000	10.00000000	0.00000000	0.00000000
S2	f	0.11677114	0.81515090	0.00000000	0.00000000	10.00000000	0.00000000	0.00000000
S3	f	0.69980332	0.17869250	0.00000000	0.00000000	10.00000000	0.00000000	0.00000000
S4	f	0.32824202	0.88715575	0.00000000	0.00000000	10.00000000	0.00000000	0.00000000
S5	f	0.13304542	0.20785869	0.00000000	0.00000000	10.00000000	0.00000000	0.00000000
C1	c	0.94786119	0.40634070	0.11847437	0.00000000	8.00000000	0.01731855	0.00000000
C2	c	0.60962649	0.64873004	0.09565269	0.10000000	8.10000000	0.02010227	0.00000000
C3	c	0.93036137	0.79807158	0.19351585	0.20000000	8.20000000	0.01457853	0.00000000
C4	c	0.23013652	0.91037537	0.04794065	0.30000000	8.30000000	0.02462143	0.00000000
C5	c	0.75128047	0.72615785	0.23577454	0.40000000	8.40000000	0.01870738	0.00000000
C6	c	0.13621119	0.48335131	0.20968620	0.50000000	8.50000000	0.02303817	0.00000000
C7	c	0.38891245	0.82950612	0.06773486	0.60000000	8.60000000	0.01168083	0.00000000
C8	c	0.52450121	0.19191299	0.15253948	0.70000000	8.70000000	0.01904273	0.00000000
C9	c	0.90413034	0.00947302	0.18366567	0.80000000	8.80000000	0.01604844	0.00000000
C10	c	0.14652331	0.42580768	0.14602829	0.90000000	8.90000000	0.01002880	0.00000000
C11	c	0.19418546	0.61418536	0.21163296	1.00000000	9.00000000	0.02109766	0.00000000
C12	c	0.64678479	0.47648674	0.14455780	1.10000000	9.10000000	0.02369999	0.00000000
C13	c	0.16657532	0.97552189	0.24334672	1.20000000	9.20000000	0.01749023	0.00000000
C14	c	0.13495486	0.73314189	0.14577752	1.30000000	9.30000000	0.02945928	0.00000000
C15	c	0.74306786	0.64242625	0.19768562	1.40000000	9.40000000	0.01991418	0.00000000
C16	c	0.66414722	0.15968828	0.02798107	1.50000000	9.50000000	0.02464173	0.00000000
C17	c	0.12365720	0.25130198	0.21843207	1.60000000	9.60000000	0.01998150	0.00000000
C18	c	0.86681196	0.14222573	0.22105468	1.70000000	9.70000000	0.01679099	0.00000000
C19	c	0.96071397	0.94997600	0.02042786	1.80000000	9.80000000	0.01580899	0.00000000
C20	c	0.53902568	0.11251434	0.27933608	1.90000000	9.90000000	0.01245243	0.00000000
C21	c	0.99166214	0.53287006	0.09879623	2.00000000	10.00000000	0.01299230	0.00000000
C22	c	0.18242707	0.18018015	0.28042982	2.00000000	10.00000000	0.01531469	0.00000000
C23	c	0.17001449	0.68130824	0.06457544	2.00000000	10.00000000	0.01449397	0.00000000
C24	c	0.03899796	0.92287929	0.08583674	2.00000000	10.00000000	0.01417435	0.00000000
C25	c	0.24806590	0.74492134	0.15952481	2.00000000	10.00000000	0.01976139	0.00000000
C26	c	0.57647538	0.97730834	0.14663834	2.00000000	10.00000000	0.01433628	0.00000000
C27	c	0.19905378	0.82318010	0.10457164	2.00000000	10.00000000	0.01237448	0.00000000
C28	c	0.87437519	0.95781507	0.17373978	2.00000000	10.00000000	0.01085401	0.00000000
C29	c	0.77733999	0.07034569	0.13951206	2.00000000	10.00000000	0.01736858	0.00000000
C30	c	0.73910810	0.88828038	0.08513018	2.00000000	10.00000000	0.02489613	0.00000000

Q Vehicle fuel tank capacity /0.40000000/
C Vehicle load capacity /1.50000000/
r fuel consumption rate /0.25000000/
g inverse refueling rate /1.00000000/
v average Velocity /1.00000000/
