StringID	Type	x	y	demand	ReadyTime	DueDate	ServiceTime	altitude
D0	d	0.50000000	0.50000000	0.00000000	0.00000000	10.00000000	0.00000000	0.00000000
S0	f	0.00481869	0.31889418	0.00000000	0.00000000	10.00000000	0.00000000	0.00000000
S1	f	0.58077539	0.77120935	0.00000000	0.00000000	10.00000000	0.00000000	0.00000000
S2	f	0.84930043	0.25070775	0.00000000	0.00000000	10.00000000	0.00000000	0.00000000
S3	f	0.54043675	0.45279079	0.00000000	0.00000000	10.00000000	0.00000000	0.00000000
S4	f	0.94416988	0.57743396	0.00000000	0.00000000	10.00000000	0.00000000	0.00000000
S5	f	0.74081270	0.64055684	0.00000000	0.00000000	10.00000000	0.00000000	0.00000000
C1	c	0.78097019	0.10285410	0.09139798	0.00000000	8.00000000	0.01389364	0.00000000
C2	c	0.67962655	0.73529658	0.27038810	0.10000000	8.10000000	0.02864878	0.00000000
C3	c	0.89512806	0.53950618	0.15656409	0.20000000	8.20000000	0.01771451	0.00000000
C4	c	0.97866999	0.04646432	0.16834726	0.30000000	8.30000000	0.02052708	0.00000000
C5	c	0.57426548	0.52869000	0.02601628	0.40000000	8.40000000	0.02854569	0.00000000
C6	c	0.20418938	0.62814830	0.09418403	0.50000000	8.50000000	0.01094787	0.00000000
C7	c	0.81930509	0.74457699	0.13234568	0.60000000	8.60000000	0.01169471	0.00000000
C8	c	0.76976795	0.70467062	0.03435462	0.70000000	8.70000000	0.01212070	0.00000000
C9	c	0.16289387	0.79209399	0.15564011	0.80000000	8.80000000	0.02482005	0.00000000
C10	c	0.38124571	0.05936084	0.27211417	0.90000000	8.90000000	0.02035722	0.00000000
C11	c	0.34575530	0.70087682	0.14637255	1.00000000	9.00000000	0.02912486	0.00000000
C12	c	0.12936313	0.02903411	0.21730036	1.10000000	9.10000000	0.01482905	0.00000000
C13	c	0.71867336	0.82483764	0.11904347	1.20000000	9.20000000	0.01593097	0.00000000
C14	c	0.11882256	0.10507721	0.07733381	1.30000000	9.30000000	0.02071447	0.00000000
C15	c	0.75994300	0.89475550	0.24341354	1.40000000	9.40000000	0.01346043	0.00000000
C16	c	0.48055646	0.38653254	0.24902377	1.50000000	9.50000000	0.01610119	0.00000000
C17	c	0.32266686	0.21342903	0.02218866	1.60000000	9.60000000	0.02395788	0.00000000
C18	c	0.00481869	0.31889418	0.12191434	1.70000000	9.70000000	0.01374487	0.00000000
C19	c	0.04641748	0.13007187	0.25241203	1.80000000	9.80000000	0.02508883	0.00000000
C20	c	0.15902223	0.64173739	0.16515452	1.90000000	9.90000000	0.01986425	0.00000000
C21	c	0.31371389	0.98219336	0.02684522	2.00000000	10.00000000	0.01079321	0.00000000
C22	c	0.68635965	0.91845488	0.07096225	2.00000000	10.00000000	0.02887236	0.00000000
C23	c	0.09955069	0.75289687	0.24595913	2.00000000	10.00000000	0.02923890	0.00000000
C24	c	0.25068178	0.06411090	0.17288149	2.00000000	10.00000000	0.02174628	0.00000000
C25	c	0.67697640	0.16569405	0.15493042	2.00000000	10.00000000	0.01393851	0.00000000
C26	c	0.78435577	0.35486029	0.13263544	2.00000000	10.00000000	0.01966742	0.00000000
C27	c	0.57599457	0.05218363	0.25103583	2.00000000	10.00000000	0.01031934	0.00000000
C28	c	0.21161896	0.33296227	0.16564491	2.00000000	10.00000000	0.02529022	0.00000000
C29	c	0.55125806	0.30864411	0.22413966	2.00000000	10.00000000	0.01412617	0.00000000
C30	c	0.35152252	0.83920503	0.03945625	2.00000000	10.00000000	0.01505192	0.00000000

Q Vehicle fuel tank capacity /0.40000000/
C Vehicle load capacity /1.50000000/
r fuel consumption rate /0.25000000/
g inverse refueling rate /1.00000000/
v average Velocity /1.00000000/
