StringID	Type	x	y	demand	ReadyTime	DueDate	ServiceTime	altitude
D0	d	0.50000000	0.50000000	0.00000000	0.00000000	10.00000000	0.00000000	0.00000000
S0	f	0.75167164	0.27730812	0.00000000	0.00000000	10.00000000	0.00000000	0.00000000
S1	f	0.23163289	0.74941847	0.00000000	0.00000000	10.00000000	0.00000000	0.00000000
S2	f	0.99764909	0.82824569	0.00000000	0.00000000	10.00000000	0.00000000	0.00000000
S3	f	0.73370228	0.60220722	0.00000000	0.00000000	10.00000000	0.00000000	0.00000000
S4	f	0.04404011	0.42158197	0.00000000	0.00000000	10.00000000	0.00000000	0.00000000
S5	f	0.88625680	0.01543617	0.00000000	0.00000000	10.00000000	0.00000000	0.00000000
S6	f	0.30447006	0.16691573	0.00000000	0.00000000	10.00000000	0.00000000	0.00000000
S7	f	0.41996200	0.94404248	0.00000000	0.00000000	10.00000000	0.00000000	0.00000000
S8	f	0.86830477	0.91746295	0.00000000	0.00000000	10.00000000	0.00000000	0.00000000
S9	f	0.63107224	0.66947531	0.00000000	0.00000000	10.00000000	0.00000000	0.00000000
C1	c	0.66409717	0.37105507	0.01485495	0.00000000	8.00000000	0.02154933	0.00000000
C2	c	0.64225438	0.33251623	0.12193117	0.06000000	8.06000000	0.01863093	0.00000000
C3	c	0.61949976	0.36633567	0.04260236	0.12000000	8.12000000	0.02277464	0.00000000
C4	c	0.63781104	0.30375571	0.13752151	0.18000000	8.18000000	0.01688022	0.00000000
C5	c	0.67730905	0.30947288	0.15153892	0.24000000	8.24000000	0.01674250	0.00000000
C6	c	0.54459377	0.35416267	0.03680402	0.30000000	8.30000000	0.01827209	0.00000000
C7	c	0.70790222	0.36445155	0.16815749	0.36000000	8.36000000	0.02982011	0.00000000
C8	c	0.64242377	0.32148195	0.12132323	0.42000000	8.42000000	0.02758242	0.00000000
C9	c	0.64038067	0.31639079	0.04321059	0.48000000	8.48000000	0.02038352	0.00000000
C10	c	0.67815507	0.34910547	0.01365867	0.54000000	8.54000000	0.01401704	0.00000000
C11	c	0.70792136	0.32205777	0.13658366	0.60000000	8.60000000	0.01927087	0.00000000
C12	c	0.74586049	0.83240323	0.07753092	0.66000000	8.66000000	0.01535275	0.00000000
C13	c	0.67617369	0.87494463	0.16550220	0.72000000	8.72000000	0.02006331	0.00000000
C14	c	0.70806150	0.84488815	0.16910995	0.78000000	8.78000000	0.02739262	0.00000000
C15	c	0.68688885	0.91667571	0.04857147	0.84000000	8.84000000	0.02724876	0.00000000
C16	c	0.73005908	0.88421153	0.08031819	0.90000000	8.90000000	0.01845579	0.00000000
C17	c	0.61373222	0.27024070	0.03216356	0.96000000	8.96000000	0.01742404	0.00000000
C18	c	0.82671853	0.26252075	0.03435062	1.02000000	9.02000000	0.01084677	0.00000000
C19	c	0.78011545	0.32220435	0.12872092	1.08000000	9.08000000	0.01713712	0.00000000
C20	c	0.71372704	0.24340805	0.11719197	1.14000000	9.14000000	0.02136781	0.00000000
C21	c	0.83402614	0.16568601	0.10866163	1.20000000	9.20000000	0.02123704	0.00000000
C22	c	0.81126898	0.17699549	0.17035132	1.26000000	9.26000000	0.02935244	0.00000000
C23	c	0.78526667	0.33667551	0.09310222	1.32000000	9.32000000	0.02620533	0.00000000
C24	c	0.16898619	0.75615066	0.08559832	1.38000000	9.38000000	0.02226253	0.00000000
C25	c	0.21040687	0.78625069	0.03898939	1.44000000	9.44000000	0.02559081	0.00000000
C26	c	0.74148315	0.68328011	0.12393599	1.50000000	9.50000000	0.02139558	0.00000000
C27	c	0.58127158	0.14915337	0.09541012	1.56000000	9.56000000	0.02660412	0.00000000
C28	c	0.44031656	0.55857837	0.12529025	1.62000000	9.62000000	0.01984324	0.00000000
C29	c	0.02177661	0.32520958	0.04480857	1.68000000	9.68000000	0.02611925	0.00000000
C30	c	0.48545069	0.12527687	0.11112963	1.74000000	9.74000000	0.01414717	0.00000000
C31	c	0.70264216	0.03851670	0.06825714	1.80000000	9.80000000	0.02389287	0.00000000
C32	c	0.57746634	0.43154648	0.05377947	1.86000000	9.86000000	0.01927523	0.00000000
C33	c	0.33712500	0.41360431	0.10198352	1.92000000	9.92000000	0.01379817	0.00000000
C34	c	0.99100538	0.87912098	0.12258107	1.98000000	9.98000000	0.01047469	0.00000000
C35	c	0.51917616	0.20085212	0.13409003	2.00000000	10.00000000	0.02877356	0.00000000
C36	c	0.46354327	0.26763735	0.12448942	2.00000000	10.00000000	0.02652299	0.00000000
C37	c	0.50316552	0.86963082	0.11008464	2.00000000	10.00000000	0.02103589	0.00000000
C38	c	0.86243797	0.42278967	0.07471726	2.00000000	10.00000000	0.02309994	0.00000000
C39	c	0.37120199	0.04233851	0.10766308	2.00000000	10.00000000	0.01062542	0.00000000
C40	c	0.35685606	0.56839059	0.03638506	2.00000000	10.00000000	0.01507834	0.00000000
C41	c	0.56185199	0.96762215	0.08441251	2.00000000	10.00000000	0.02749319	0.00000000
C42	c	0.81026671	0.61312640	0.10391983	2.00000000	10.00000000	0.01440578	0.00000000
C43	c	0.77954069	0.56977923	0.08023323	2.00000000	10.00000000	0.01901293	0.00000000
C44	c	0.83020616	0.49216196	0.10755737	2.00000000	10.00000000	0.02614492	0.00000000
C45	c	0.69464349	0.46376147	0.01537422	2.00000000	10.00000000	0.02903420	0.00000000
C46	c	0.18990849	0.02373429	0.06542558	2.00000000	10.00000000	0.02574903	0.00000000
C47	c	0.93867775	0.82614938	0.09185740	2.00000000	10.00000000	0.01736132	0.00000000
C48	c	0.55179467	0.65499713	0.03244662	2.00000000	10.00000000	0.02530078	0.00000000
C49	c	0.03127100	0.25391692	0.12768320	2.00000000	10.00000000	0.01647742	0.00000000
C50	c	0.87465975	0.22028901	0.01813551	2.00000000	10.00000000	0.01074007	0.00000000

Q Vehicle fuel tank capacity /0.40000000/
C Vehicle load capacity /1.50000000/
r fuel consumption rate /0.25000000/
g inverse refueling rate /1.00000000/
v average Velocity /1.00000000/
