StringID	Type	x	y	demand	ReadyTime	DueDate	ServiceTime	altitude
D0	d	0.50000000	0.50000000	0.00000000	0.00000000	10.00000000	0.00000000	0.00000000
S0	f	0.82074915	0.28308095	0.00000000	0.00000000	10.00000000	0.00000000	0.00000000
S1	f	0.45643605	0.74395462	0.00000000	0.00000000	10.00000000	0.00000000	0.00000000
S2	f	0.05617791	0.46182129	0.00000000	0.00000000	10.00000000	0.00000000	0.00000000
S3	f	0.13149809	0.16806814	0.00000000	0.00000000	10.00000000	0.00000000	0.00000000
S4	f	0.41636744	0.81706381	0.00000000	0.00000000	10.00000000	0.00000000	0.00000000
S5	f	0.45704784	0.31129207	0.00000000	0.00000000	10.00000000	0.00000000	0.00000000
C1	c	0.10910471	0.61152382	0.16988514	0.00000000	8.00000000	0.02799733	0.00000000
C2	c	0.92314418	0.15839283	0.23816449	0.10000000	8.10000000	0.02097170	0.00000000
C3	c	0.92341086	0.05376077	0.07264299	0.20000000	8.20000000	0.01727250	0.00000000
C4	c	0.92781905	0.31766634	0.17956787	0.30000000	8.30000000	0.02025923	0.00000000
C5	c	0.74754165	0.67388628	0.10985618	0.40000000	8.40000000	0.01109203	0.00000000
C6	c	0.33185849	0.78479359	0.18481393	0.50000000	8.50000000	0.02971447	0.00000000
C7	c	0.20352739	0.91356045	0.15698909	0.60000000	8.60000000	0.01210209	0.00000000
C8	c	0.98528882	0.03795097	0.05355602	0.70000000	8.70000000	0.02767329	0.00000000
C9	c	0.84617641	0.42941751	0.18349614	0.80000000	8.80000000	0.02254168	0.00000000
C10	c	0.24091804	0.60991221	0.03447770	0.90000000	8.90000000	0.01631258	0.00000000
C11	c	0.07606028	0.06272385	0.27956111	1.00000000	9.00000000	0.02349921	0.00000000
C12	c	0.22284889	0.07806889	0.03778853	1.10000000	9.10000000	0.01218338	0.00000000
C13	c	0.52525233	0.80549699	0.12937783	1.20000000	9.20000000	0.01100997	0.00000000
C14	c	0.83691787	0.24791270	0.22216304	1.30000000	9.30000000	0.01946397	0.00000000
C15	c	0.67170642	0.63720026	0.08592450	1.40000000	9.40000000	0.02046435	0.00000000
C16	c	0.19955764	0.36932201	0.05622376	1.50000000	9.50000000	0.01145051	0.00000000
C17	c	0.23220488	0.17657233	0.25902910	1.60000000	9.60000000	0.02316293	0.00000000
C18	c	0.14715614	0.44358807	0.15087078	1.70000000	9.70000000	0.01977265	0.00000000
C19	c	0.94165415	0.61793189	0.25715074	1.80000000	9.80000000	0.02446239	0.00000000
C20	c	0.17666718	0.77908398	0.12967317	1.90000000	9.90000000	0.01431302	0.00000000
C21	c	0.64170792	0.11196860	0.09178859	2.00000000	10.00000000	0.01951960	0.00000000
C22	c	0.73846960	0.14404578	0.25740041	2.00000000	10.00000000	0.02860807	0.00000000
C23	c	0.79502739	0.88630699	0.02629525	2.00000000	10.00000000	0.02236275	0.00000000
C24	c	0.43873232	0.60904981	0.26759293	2.00000000	10.00000000	0.01015562	0.00000000
C25	c	0.62046412	0.16181536	0.24369562	2.00000000	10.00000000	0.01073139	0.00000000
C26	c	0.87623985	0.74618578	0.15562119	2.00000000	10.00000000	0.02421108	0.00000000
C27	c	0.81336689	0.68277927	0.02202422	2.00000000	10.00000000	0.01603636	0.00000000
C28	c	0.61104269	0.81291428	0.20865424	2.00000000	10.00000000	0.01967387	0.00000000
C29	c	0.18780781	0.65210446	0.09289869	2.00000000	10.00000000	0.01181894	0.00000000
C30	c	0.55695575	0.77934816	0.14281674	2.00000000	10.00000000	0.02903919	0.00000000

Q Vehicle fuel tank capacity /0.40000000/
C Vehicle load capacity /1.50000000/
r fuel consumption rate /0.25000000/
g inverse refueling rate /1.00000000/
v average Velocity /1.00000000/
