StringID	Type	x	y	demand	ReadyTime	DueDate	ServiceTime	altitude
D0	d	0.50000000	0.50000000	0.00000000	0.00000000	10.00000000	0.00000000	0.00000000
S0	f	0.88169802	0.22886087	0.00000000	0.00000000	10.00000000	0.00000000	0.00000000
S1	f	0.74731577	0.64756482	0.00000000	0.00000000	10.00000000	0.00000000	0.00000000
S2	f	0.00393135	0.40722701	0.00000000	0.00000000	10.00000000	0.00000000	0.00000000
S3	f	0.96635540	0.67753357	0.00000000	0.00000000	10.00000000	0.00000000	0.00000000
S4	f	0.36199415	0.65935555	0.00000000	0.00000000	10.00000000	0.00000000	0.00000000
S5	f	0.24306312	0.14886933	0.00000000	0.00000000	10.00000000	0.00000000	0.00000000
S6	f	0.97020456	0.25829516	0.00000000	0.00000000	10.00000000	0.00000000	0.00000000
S7	f	0.47665197	0.07092770	0.00000000	0.00000000	10.00000000	0.00000000	0.00000000
S8	f	0.71305773	0.98107309	0.00000000	0.00000000	10.00000000	0.00000000	0.00000000
S9	f	0.73768421	0.24086360	0.00000000	0.00000000	10.00000000	0.00000000	0.00000000
C1	c	0.17294667	0.02650828	0.07264927	0.00000000	8.00000000	0.01672777	0.00000000
C2	c	0.38214657	0.01837044	0.12831134	0.06000000	8.06000000	0.02039106	0.00000000
C3	c	0.21348273	0.20783841	0.06393001	0.12000000	8.12000000	0.02255157	0.00000000
C4	c	0.24137419	0.10474972	0.17521183	0.18000000	8.18000000	0.01281839	0.00000000
C5	c	0.01438200	0.51117959	0.18091568	0.24000000	8.24000000	0.01154660	0.00000000
C6	c	0.65747794	0.66690897	0.14210906	0.30000000	8.30000000	0.01236351	0.00000000
C7	c	0.44333652	0.76777062	0.02954346	0.36000000	8.36000000	0.02075898	0.00000000
C8	c	0.63379803	0.10226957	0.14802479	0.42000000	8.42000000	0.01417218	0.00000000
C9	c	0.09906126	0.57405186	0.10901263	0.48000000	8.48000000	0.01007819	0.00000000
C10	c	0.74660424	0.02210243	0.02203983	0.54000000	8.54000000	0.01990375	0.00000000
C11	c	0.40538076	0.10598466	0.05671642	0.60000000	8.60000000	0.02666216	0.00000000
C12	c	0.74640248	0.09425929	0.01713786	0.66000000	8.66000000	0.01771076	0.00000000
C13	c	0.70360367	0.72418854	0.14844712	0.72000000	8.72000000	0.02891779	0.00000000
C14	c	0.07772530	0.33846435	0.07631082	0.78000000	8.78000000	0.02537501	0.00000000
C15	c	0.45097715	0.16290865	0.02081118	0.84000000	8.84000000	0.01332102	0.00000000
C16	c	0.02427056	0.89345141	0.03284677	0.90000000	8.90000000	0.01251936	0.00000000
C17	c	0.08730070	0.48770323	0.10774057	0.96000000	8.96000000	0.01972655	0.00000000
C18	c	0.88169802	0.22886087	0.08875640	1.02000000	9.02000000	0.01764150	0.00000000
C19	c	0.52703485	0.21230988	0.05307590	1.08000000	9.08000000	0.01620669	0.00000000
C20	c	0.62964939	0.30522845	0.16015809	1.14000000	9.14000000	0.01396287	0.00000000
C21	c	0.91433492	0.40041142	0.05134345	1.20000000	9.20000000	0.02645683	0.00000000
C22	c	0.31989632	0.00870230	0.05193797	1.26000000	9.26000000	0.01804635	0.00000000
C23	c	0.54596203	0.93019251	0.07790487	1.32000000	9.32000000	0.01377319	0.00000000
C24	c	0.10522088	0.22398726	0.01423452	1.38000000	9.38000000	0.02760529	0.00000000
C25	c	0.37907695	0.98741249	0.08438375	1.44000000	9.44000000	0.02669620	0.00000000
C26	c	0.29979613	0.08133608	0.11481612	1.50000000	9.50000000	0.02491804	0.00000000
C27	c	0.81102938	0.68040354	0.09902374	1.56000000	9.56000000	0.01019527	0.00000000
C28	c	0.77068155	0.60618873	0.08386807	1.62000000	9.62000000	0.01952743	0.00000000
C29	c	0.28139055	0.18321939	0.15570581	1.68000000	9.68000000	0.02681910	0.00000000
C30	c	0.19073455	0.08506453	0.10090510	1.74000000	9.74000000	0.01232172	0.00000000
C31	c	0.36839946	0.42760815	0.15015581	1.80000000	9.80000000	0.02989615	0.00000000
C32	c	0.03056632	0.62886280	0.05630573	1.86000000	9.86000000	0.01160968	0.00000000
C33	c	0.73482853	0.67772471	0.09713047	1.92000000	9.92000000	0.02319943	0.00000000
C34	c	0.26941679	0.48861533	0.07622120	1.98000000	9.98000000	0.01461593	0.00000000
C35	c	0.64657760	0.20687124	0.02497084	2.00000000	10.00000000	0.02655887	0.00000000
C36	c	0.63819351	0.41404527	0.15022879	2.00000000	10.00000000	0.02611524	0.00000000
C37	c	0.02749769	0.26704825	0.09113263	2.00000000	10.00000000	0.01544088	0.00000000
C38	c	0.09480222	0.81437225	0.07694384	2.00000000	10.00000000	0.01028808	0.00000000
C39	c	0.48734990	0.34137956	0.01574135	2.00000000	10.00000000	0.01028108	0.00000000
C40	c	0.65966869	0.56956083	0.02861220	2.00000000	10.00000000	0.02166867	0.00000000
C41	c	0.91329523	0.72724574	0.14947756	2.00000000	10.00000000	0.01796679	0.00000000
C42	c	0.45191477	0.59212672	0.16738849	2.00000000	10.00000000	0.02415406	0.00000000
C43	c	0.43150799	0.72450223	0.08867719	2.00000000	10.00000000	0.02604447	0.00000000
C44	c	0.52954153	0.08959025	0.10052506	2.00000000	10.00000000	0.01839438	0.00000000
C45	c	0.28183239	0.62021015	0.13049527	2.00000000	10.00000000	0.02019024	0.00000000
C46	c	0.90533524	0.51086494	0.14182622	2.00000000	10.00000000	0.02666599	0.00000000
C47	c	0.79243476	0.99807881	0.12053741	2.00000000	10.00000000	0.01052893	0.00000000
C48	c	0.48561072	0.69618894	0.09526486	2.00000000	10.00000000	0.02206478	0.00000000
C49	c	0.18341713	0.47326263	0.04275503	2.00000000	10.00000000	0.01488888	0.00000000
C50	c	0.06907978	0.69909340	0.02773763	2.00000000	10.00000000	0.01923057	0.00000000

Q Vehicle fuel tank capacity /0.40000000/
C Vehicle load capacity /1.50000000/
r fuel consumption rate /0.25000000/
g inverse refueling rate /1.00000000/
v average Velocity /1.00000000/
