StringID	Type	x	y	demand	ReadyTime	DueDate	ServiceTime	altitude
D0	d	0.50000000	0.50000000	0.00000000	0.00000000	10.00000000	0.00000000	0.00000000
S0	f	0.29371255	0.76655503	0.00000000	0.00000000	10.00000000	0.00000000	0.00000000
S1	f	0.04211516	0.34513908	0.00000000	0.00000000	10.00000000	0.00000000	0.00000000
S2	f	0.27220765	0.46292426	0.00000000	0.00000000	10.00000000	0.00000000	0.00000000
S3	f	0.48185041	0.07464038	0.00000000	0.00000000	10.00000000	0.00000000	0.00000000
S4	f	0.00510026	0.75152612	0.00000000	0.00000000	10.00000000	0.00000000	0.00000000
S5	f	0.39716792	0.60259364	0.00000000	0.00000000	10.00000000	0.00000000	0.00000000
S6	f	0.62886365	0.12973997	0.00000000	0.00000000	10.00000000	0.00000000	0.00000000
S7	f	0.04812182	0.43912840	0.00000000	0.00000000	10.00000000	0.00000000	0.00000000
S8	f	0.33435432	0.50118251	0.00000000	0.00000000	10.00000000	0.00000000	0.00000000
S9	f	0.18273605	0.14873018	0.00000000	0.00000000	10.00000000	0.00000000	0.00000000
C1	c	0.50777533	0.52260421	0.02611517	0.00000000	8.00000000	0.02627457	0.00000000
C2	c	0.43885608	0.55440072	0.14046494	0.06000000	8.06000000	0.02688243	0.00000000
C3	c	0.37289091	0.71675791	0.07109272	0.12000000	8.12000000	0.02706592	0.00000000
C4	c	0.45904963	0.61499549	0.02771355	0.18000000	8.18000000	0.02189397	0.00000000
C5	c	0.09607873	0.86564922	0.05190214	0.24000000	8.24000000	0.01445246	0.00000000
C6	c	0.09044316	0.91729288	0.15511419	0.30000000	8.30000000	0.01322577	0.00000000
C7	c	0.10587680	0.98039026	0.08503434	0.36000000	8.36000000	0.02263516	0.00000000
C8	c	0.05807854	0.97321882	0.06657757	0.42000000	8.42000000	0.01026507	0.00000000
C9	c	0.15877964	0.91781468	0.17874423	0.48000000	8.48000000	0.01158882	0.00000000
C10	c	0.11885109	0.92636568	0.14462212	0.54000000	8.54000000	0.02468596	0.00000000
C11	c	0.15105696	0.89160025	0.14034574	0.60000000	8.60000000	0.02028295	0.00000000
C12	c	0.83971726	0.62741534	0.05929194	0.66000000	8.66000000	0.02430012	0.00000000
C13	c	0.89553323	0.61707437	0.09246693	0.72000000	8.72000000	0.01569147	0.00000000
C14	c	0.90985809	0.62919338	0.01360590	0.78000000	8.78000000	0.01284312	0.00000000
C15	c	0.90235944	0.65180060	0.13140348	0.84000000	8.84000000	0.01592087	0.00000000
C16	c	0.94573654	0.65839612	0.02642636	0.90000000	8.90000000	0.01032746	0.00000000
C17	c	0.91909901	0.61729288	0.03960582	0.96000000	8.96000000	0.01982723	0.00000000
C18	c	0.73774392	0.22357080	0.11889446	1.02000000	9.02000000	0.01011631	0.00000000
C19	c	0.84171825	0.29043488	0.09915861	1.08000000	9.08000000	0.01822436	0.00000000
C20	c	0.82390761	0.15051664	0.06960598	1.14000000	9.14000000	0.02079801	0.00000000
C21	c	0.80690794	0.20944259	0.07042098	1.20000000	9.20000000	0.02990388	0.00000000
C22	c	0.14088969	0.94307623	0.10560962	1.26000000	9.26000000	0.02688594	0.00000000
C23	c	0.21110566	1.00000000	0.01734059	1.32000000	9.32000000	0.01565509	0.00000000
C24	c	0.16870586	0.97706830	0.04148842	1.38000000	9.38000000	0.02013748	0.00000000
C25	c	0.15772074	0.95509747	0.09906122	1.44000000	9.44000000	0.01851353	0.00000000
C26	c	0.37359230	0.15299245	0.16854696	1.50000000	9.50000000	0.02666576	0.00000000
C27	c	0.27578366	0.82349964	0.18780437	1.56000000	9.56000000	0.02104395	0.00000000
C28	c	0.26598223	0.00328277	0.11653048	1.62000000	9.62000000	0.01562765	0.00000000
C29	c	0.45129224	0.46033580	0.11017799	1.68000000	9.68000000	0.02165721	0.00000000
C30	c	0.91027741	0.33687701	0.10809515	1.74000000	9.74000000	0.02736754	0.00000000
C31	c	0.40957462	0.07423445	0.09431955	1.80000000	9.80000000	0.02634532	0.00000000
C32	c	0.14400982	0.35174130	0.08219267	1.86000000	9.86000000	0.02679853	0.00000000
C33	c	0.87119393	0.81372864	0.04144921	1.92000000	9.92000000	0.01015573	0.00000000
C34	c	0.84412131	0.85329598	0.06412801	1.98000000	9.98000000	0.01240814	0.00000000
C35	c	0.59469826	0.22262297	0.16528785	2.00000000	10.00000000	0.02474493	0.00000000
C36	c	0.16128848	0.63175815	0.06231774	2.00000000	10.00000000	0.02516786	0.00000000
C37	c	0.01325374	0.07944108	0.01379874	2.00000000	10.00000000	0.01065784	0.00000000
C38	c	0.73429776	0.51414751	0.09654339	2.00000000	10.00000000	0.01247445	0.00000000
C39	c	0.71500604	0.28457330	0.09821368	2.00000000	10.00000000	0.02073974	0.00000000
C40	c	0.14215599	0.29604350	0.08883986	2.00000000	10.00000000	0.01374003	0.00000000
C41	c	0.01637298	0.49136126	0.04176466	2.00000000	10.00000000	0.01580495	0.00000000
C42	c	0.00581534	0.41121796	0.18131518	2.00000000	10.00000000	0.01634220	0.00000000
C43	c	0.53990057	0.99519382	0.07541158	2.00000000	10.00000000	0.02770151	0.00000000
C44	c	0.50687388	0.42567647	0.08883839	2.00000000	10.00000000	0.02525591	0.00000000
C45	c	0.83328786	0.55219762	0.02690308	2.00000000	10.00000000	0.01546897	0.00000000
C46	c	0.28138258	0.58286073	0.03979017	2.00000000	10.00000000	0.02876900	0.00000000
C47	c	0.83992625	0.00778673	0.07815693	2.00000000	10.00000000	0.02322846	0.00000000
C48	c	0.12040698	0.73724654	0.09414114	2.00000000	10.00000000	0.01754931	0.00000000
C49	c	0.75839276	0.03289197	0.12922949	2.00000000	10.00000000	0.01472086	0.00000000
C50	c	0.12372241	0.53698696	0.17409670	2.00000000	10.00000000	0.02357099	0.00000000

Q Vehicle fuel tank capacity /0.40000000/
C Vehicle load capacity /1.50000000/
r fuel consumption rate /0.25000000/
g inverse refueling rate /1.00000000/
v average Velocity /1.00000000/
