StringID	Type	x	y	demand	ReadyTime	DueDate	ServiceTime	altitude
D0	d	0.50000000	0.50000000	0.00000000	0.00000000	10.00000000	0.00000000	0.00000000
S0	f	0.38857632	0.51691290	0.00000000	0.00000000	10.00000000	0.00000000	0.00000000
S1	f	0.52578092	0.84606983	0.00000000	0.00000000	10.00000000	0.00000000	0.00000000
S2	f	0.08975624	0.38843780	0.00000000	0.00000000	10.00000000	0.00000000	0.00000000
S3	f	0.87924438	0.05020491	0.00000000	0.00000000	10.00000000	0.00000000	0.00000000
S4	f	0.67469544	0.93313329	0.00000000	0.00000000	10.00000000	0.00000000	0.00000000
S5	f	0.32902961	0.64408431	0.00000000	0.00000000	10.00000000	0.00000000	0.00000000
S6	f	0.52427653	0.74525988	0.00000000	0.00000000	10.00000000	0.00000000	0.00000000
S7	f	0.65837295	0.97822304	0.00000000	0.00000000	10.00000000	0.00000000	0.00000000
S8	f	0.99341123	0.72831063	0.00000000	0.00000000	10.00000000	0.00000000	0.00000000
S9	f	0.41652014	0.05460935	0.00000000	0.00000000	10.00000000	0.00000000	0.00000000
C1	c	0.88150173	0.98416514	0.10668568	0.00000000	8.00000000	0.01235328	0.00000000
C2	c	0.50064249	0.15506458	0.01706399	0.06000000	8.06000000	0.01379100	0.00000000
C3	c	0.62952922	0.32811812	0.03607821	0.12000000	8.12000000	0.01742447	0.00000000
C4	c	0.18153136	0.17371154	0.16048458	0.18000000	8.18000000	0.01980965	0.00000000
C5	c	0.46167805	0.20749603	0.09225211	0.24000000	8.24000000	0.02215422	0.00000000
C6	c	0.76863225	0.11970301	0.12631242	0.30000000	8.30000000	0.02371505	0.00000000
C7	c	0.54399128	0.70730560	0.07897501	0.36000000	8.36000000	0.02781543	0.00000000
C8	c	0.87634309	0.35027849	0.01720615	0.42000000	8.42000000	0.01786771	0.00000000
C9	c	0.23571213	0.62150865	0.05256629	0.48000000	8.48000000	0.01720782	0.00000000
C10	c	0.35460782	0.50888039	0.07348011	0.54000000	8.54000000	0.01549445	0.00000000
C11	c	0.84032161	0.99206198	0.01407544	0.60000000	8.60000000	0.01346306	0.00000000
C12	c	0.91003209	0.89457375	0.10154544	0.66000000	8.66000000	0.02068505	0.00000000
C13	c	0.87927729	0.41006827	0.02202335	0.72000000	8.72000000	0.02672384	0.00000000
C14	c	0.49285388	0.29098294	0.13805812	0.78000000	8.78000000	0.02976592	0.00000000
C15	c	0.67578565	0.86050520	0.07062611	0.84000000	8.84000000	0.02885772	0.00000000
C16	c	0.50850916	0.96353231	0.09167816	0.90000000	8.90000000	0.01063994	0.00000000
C17	c	0.00683044	0.35349622	0.04763133	0.96000000	8.96000000	0.02258361	0.00000000
C18	c	0.67287351	0.17035291	0.12019389	1.02000000	9.02000000	0.01481354	0.00000000
C19	c	0.60899528	0.20577513	0.06616529	1.08000000	9.08000000	0.01755888	0.00000000
C20	c	0.96919073	0.02156857	0.09114698	1.14000000	9.14000000	0.02930256	0.00000000
C21	c	0.25353280	0.56031765	0.10048446	1.20000000	9.20000000	0.02654528	0.00000000
C22	c	0.12732774	0.46326841	0.07673315	1.26000000	9.26000000	0.02098049	0.00000000
C23	c	0.17620325	0.68568272	0.09453576	1.32000000	9.32000000	0.01307876	0.00000000
C24	c	0.72540262	0.61806511	0.09604637	1.38000000	9.38000000	0.01627946	0.00000000
C25	c	0.89854475	0.51587046	0.09233668	1.44000000	9.44000000	0.02170249	0.00000000
C26	c	0.35235165	0.93404762	0.10142090	1.50000000	9.50000000	0.01840658	0.00000000
C27	c	0.78477195	0.05400504	0.14556045	1.56000000	9.56000000	0.01481047	0.00000000
C28	c	0.95256400	0.43950998	0.14288174	1.62000000	9.62000000	0.02837752	0.00000000
C29	c	0.06817807	0.46111800	0.11516375	1.68000000	9.68000000	0.01185128	0.00000000
C30	c	0.51261789	0.67004867	0.08627676	1.74000000	9.74000000	0.02038758	0.00000000
C31	c	0.42059009	0.45746649	0.11979795	1.80000000	9.80000000	0.01072872	0.00000000
C32	c	0.49578687	0.88242908	0.11243313	1.86000000	9.86000000	0.02569835	0.00000000
C33	c	0.75992141	0.35828635	0.11403779	1.92000000	9.92000000	0.01509095	0.00000000
C34	c	0.21142575	0.38385694	0.05494663	1.98000000	9.98000000	0.02619460	0.00000000
C35	c	0.75855269	0.58049885	0.10787909	2.00000000	10.00000000	0.01069784	0.00000000
C36	c	0.52578092	0.84606983	0.09689535	2.00000000	10.00000000	0.01138019	0.00000000
C37	c	0.29029971	0.34709624	0.10090661	2.00000000	10.00000000	0.02339547	0.00000000
C38	c	0.05978525	0.87341614	0.06473234	2.00000000	10.00000000	0.01806180	0.00000000
C39	c	0.15563840	0.36050908	0.11259162	2.00000000	10.00000000	0.01680836	0.00000000
C40	c	0.84298687	0.66548386	0.05929640	2.00000000	10.00000000	0.01294217	0.00000000
C41	c	0.60834383	0.60455071	0.07381507	2.00000000	10.00000000	0.01160306	0.00000000
C42	c	0.10913665	0.85446301	0.13014237	2.00000000	10.00000000	0.01893115	0.00000000
C43	c	0.88593664	0.22961043	0.03451022	2.00000000	10.00000000	0.02998008	0.00000000
C44	c	0.89864737	0.82500572	0.07634124	2.00000000	10.00000000	0.02093648	0.00000000
C45	c	0.25331809	0.76874813	0.13519714	2.00000000	10.00000000	0.02277717	0.00000000
C46	c	0.25619735	0.13863419	0.16025555	2.00000000	10.00000000	0.01115414	0.00000000
C47	c	0.38657703	0.56885877	0.10896528	2.00000000	10.00000000	0.02118648	0.00000000
C48	c	0.42415793	0.85472198	0.11594067	2.00000000	10.00000000	0.01808938	0.00000000
C49	c	0.62609200	0.08880216	0.02096829	2.00000000	10.00000000	0.02980261	0.00000000
C50	c	0.99933822	0.63901395	0.12465861	2.00000000	10.00000000	0.02977816	0.00000000

Q Vehicle fuel tank capacity /0.40000000/
C Vehicle load capacity /1.50000000/
r fuel consumption rate /0.25000000/
g inverse refueling rate /1.00000000/
v average Velocity /1.00000000/
