StringID	Type	x	y	demand	ReadyTime	DueDate	ServiceTime	altitude
D0	d	0.50000000	0.50000000	0.00000000	0.00000000	10.00000000	0.00000000	0.00000000
S0	f	0.75972990	0.79805943	0.00000000	0.00000000	10.00000000	0.00000000	0.00000000
S1	f	0.19834324	0.30558477	0.00000000	0.00000000	10.00000000	0.00000000	0.00000000
S2	f	0.46937728	0.02212668	0.00000000	0.00000000	10.00000000	0.00000000	0.00000000
S3	f	0.46760635	0.96180653	0.00000000	0.00000000	10.00000000	0.00000000	0.00000000
S4	f	0.66736732	0.69025972	0.00000000	0.00000000	10.00000000	0.00000000	0.00000000
S5	f	0.60477216	0.55831543	0.00000000	0.00000000	10.00000000	0.00000000	0.00000000
S6	f	0.73673766	0.69314952	0.00000000	0.00000000	10.00000000	0.00000000	0.00000000
S7	f	0.99898210	0.90105351	0.00000000	0.00000000	10.00000000	0.00000000	0.00000000
S8	f	0.36131842	0.96754398	0.00000000	0.00000000	10.00000000	0.00000000	0.00000000
S9	f	0.54246483	0.32186378	0.00000000	0.00000000	10.00000000	0.00000000	0.00000000
C1	c	0.00559897	0.41216162	0.14915000	0.00000000	8.00000000	0.01358294	0.00000000
C2	c	0.09054762	0.47417623	0.07104946	0.06000000	8.06000000	0.01152920	0.00000000
C3	c	0.07832716	0.45320014	0.10031616	0.12000000	8.12000000	0.02140865	0.00000000
C4	c	0.15685229	0.46045681	0.01687000	0.18000000	8.18000000	0.01445884	0.00000000
C5	c	0.00000000	0.46975499	0.09679596	0.24000000	8.24000000	0.02613818	0.00000000
C6	c	0.00000000	0.42091902	0.08270375	0.30000000	8.30000000	0.02016329	0.00000000
C7	c	0.17444690	0.97206622	0.06224679	0.36000000	8.36000000	0.02498330	0.00000000
C8	c	0.08428840	0.90566492	0.10471422	0.42000000	8.42000000	0.02885330	0.00000000
C9	c	0.12041227	0.90099596	0.18227587	0.48000000	8.48000000	0.01994038	0.00000000
C10	c	0.12580311	0.94761608	0.09464524	0.54000000	8.54000000	0.02154408	0.00000000
C11	c	0.08543461	0.93747693	0.14529904	0.60000000	8.60000000	0.02682878	0.00000000
C12	c	0.14592727	0.93375949	0.10815558	0.66000000	8.66000000	0.01568614	0.00000000
C13	c	0.78246149	0.30990581	0.06754803	0.72000000	8.72000000	0.02668792	0.00000000
C14	c	0.88446491	0.24108031	0.18632063	0.78000000	8.78000000	0.02695503	0.00000000
C15	c	0.86417090	0.30652711	0.06424232	0.84000000	8.84000000	0.01269077	0.00000000
C16	c	0.57510944	0.10560348	0.11618969	0.90000000	8.90000000	0.02588375	0.00000000
C17	c	0.65294340	0.16185786	0.17855812	0.96000000	8.96000000	0.01208256	0.00000000
C18	c	0.56565924	0.16624063	0.05477746	1.02000000	9.02000000	0.02343362	0.00000000
C19	c	0.66382720	0.12355245	0.04009233	1.08000000	9.08000000	0.02065408	0.00000000
C20	c	0.91198335	0.34115470	0.15868043	1.14000000	9.14000000	0.02332849	0.00000000
C21	c	0.83316398	0.26799763	0.01720935	1.20000000	9.20000000	0.02502333	0.00000000
C22	c	0.83534044	0.37986161	0.02752446	1.26000000	9.26000000	0.01234267	0.00000000
C23	c	0.89168227	0.35366125	0.13682478	1.32000000	9.32000000	0.02153444	0.00000000
C24	c	0.86821634	0.35486740	0.15158101	1.38000000	9.38000000	0.01444886	0.00000000
C25	c	0.86370262	0.23690770	0.01513799	1.44000000	9.44000000	0.02374951	0.00000000
C26	c	0.56682908	0.64328105	0.05384924	1.50000000	9.50000000	0.01950770	0.00000000
C27	c	0.14473522	0.23473228	0.18325908	1.56000000	9.56000000	0.01653344	0.00000000
C28	c	0.19918459	0.81037031	0.07095769	1.62000000	9.62000000	0.02143647	0.00000000
C29	c	0.60498445	0.66032134	0.13966685	1.68000000	9.68000000	0.01953580	0.00000000
C30	c	0.30782829	0.80849547	0.11332885	1.74000000	9.74000000	0.02169144	0.00000000
C31	c	0.08182754	0.10234907	0.04712121	1.80000000	9.80000000	0.02885540	0.00000000
C32	c	0.32273933	0.08475212	0.05626439	1.86000000	9.86000000	0.02816482	0.00000000
C33	c	0.34760384	0.17914705	0.02791400	1.92000000	9.92000000	0.01978417	0.00000000
C34	c	0.07646006	0.57043257	0.10087708	1.98000000	9.98000000	0.02304435	0.00000000
C35	c	0.50816457	0.74916498	0.05506088	2.00000000	10.00000000	0.01136239	0.00000000
C36	c	0.94266481	0.49701925	0.11162992	2.00000000	10.00000000	0.02082648	0.00000000
C37	c	0.57720408	0.84143925	0.12500121	2.00000000	10.00000000	0.02369071	0.00000000
C38	c	0.84775142	0.13453854	0.03780659	2.00000000	10.00000000	0.01789608	0.00000000
C39	c	0.79418752	0.10412805	0.05354689	2.00000000	10.00000000	0.01456234	0.00000000
C40	c	0.67168089	0.53270387	0.04732967	2.00000000	10.00000000	0.02801382	0.00000000
C41	c	0.66642449	0.75116671	0.15422477	2.00000000	10.00000000	0.02979023	0.00000000
C42	c	0.11713367	0.57672195	0.11830321	2.00000000	10.00000000	0.02995829	0.00000000
C43	c	0.22244323	0.68747533	0.12798152	2.00000000	10.00000000	0.02893448	0.00000000
C44	c	0.47538498	0.32667184	0.06633123	2.00000000	10.00000000	0.01935666	0.00000000
C45	c	0.57182363	0.47678976	0.15389686	2.00000000	10.00000000	0.02507343	0.00000000
C46	c	0.58457206	0.94276976	0.02680417	2.00000000	10.00000000	0.02135092	0.00000000
C47	c	0.65221734	0.06811962	0.03039334	2.00000000	10.00000000	0.01016489	0.00000000
C48	c	0.54132395	0.68453563	0.06893914	2.00000000	10.00000000	0.01672375	0.00000000
C49	c	0.39480417	0.22811705	0.02731567	2.00000000	10.00000000	0.02510697	0.00000000
C50	c	0.90069093	0.98951164	0.07328789	2.00000000	10.00000000	0.02283957	0.00000000

Q Vehicle fuel tank capacity /0.40000000/
C Vehicle load capacity /1.50000000/
r fuel consumption rate /0.25000000/
g inverse refueling rate /1.00000000/
v average Velocity /1.00000000/
