StringID	Type	x	y	demand	ReadyTime	DueDate	ServiceTime	altitude
D0	d	0.50000000	0.50000000	0.00000000	0.00000000	10.00000000	0.00000000	0.00000000
S0	f	0.05992252	0.11615793	0.00000000	0.00000000	10.00000000	0.00000000	0.00000000
S1	f	0.89608113	0.81632650	0.00000000	0.00000000	10.00000000	0.00000000	0.00000000
S2	f	0.32062906	0.36330568	0.00000000	0.00000000	10.00000000	0.00000000	0.00000000
S3	f	0.30798143	0.29983000	0.00000000	0.00000000	10.00000000	0.00000000	0.00000000
S4	f	0.40943938	0.22698063	0.00000000	0.00000000	10.00000000	0.00000000	0.00000000
S5	f	0.11172521	0.44263948	0.00000000	0.00000000	10.00000000	0.00000000	0.00000000
S6	f	0.41966680	0.38251407	0.00000000	0.00000000	10.00000000	0.00000000	0.00000000
S7	f	0.88418506	0.22676335	0.00000000	0.00000000	10.00000000	0.00000000	0.00000000
S8	f	0.62847572	0.99412360	0.00000000	0.00000000	10.00000000	0.00000000	0.00000000
S9	f	0.70236288	0.63214285	0.00000000	0.00000000	10.00000000	0.00000000	0.00000000
C1	c	0.45961596	0.94037276	0.14540573	0.00000000	8.00000000	0.01502953	0.00000000
C2	c	0.12650702	0.65085737	0.13818291	0.06000000	8.06000000	0.01852879	0.00000000
C3	c	0.44138633	0.64622803	0.11756210	0.12000000	8.12000000	0.02907393	0.00000000
C4	c	0.49254680	0.55036084	0.01796804	0.18000000	8.18000000	0.01710436	0.00000000
C5	c	0.50394919	0.75893972	0.13790920	0.24000000	8.24000000	0.01998094	0.00000000
C6	c	0.10643874	0.24053028	0.07707494	0.30000000	8.30000000	0.01114024	0.00000000
C7	c	0.39107992	0.09582905	0.11188377	0.36000000	8.36000000	0.01193075	0.00000000
C8	c	0.49357612	0.21657620	0.10423816	0.42000000	8.42000000	0.01978052	0.00000000
C9	c	0.07724918	0.90824229	0.15318581	0.48000000	8.48000000	0.02174714	0.00000000
C10	c	0.66631218	0.83031082	0.14537574	0.54000000	8.54000000	0.02310580	0.00000000
C11	c	0.07203659	0.40793551	0.13958164	0.60000000	8.60000000	0.01150997	0.00000000
C12	c	0.60381587	0.56288686	0.15193196	0.66000000	8.66000000	0.02144452	0.00000000
C13	c	0.66145955	0.13504965	0.02437490	0.72000000	8.72000000	0.02024471	0.00000000
C14	c	0.65985839	0.89703949	0.13835677	0.78000000	8.78000000	0.01576693	0.00000000
C15	c	0.00486435	0.89513661	0.04789165	0.84000000	8.84000000	0.01379917	0.00000000
C16	c	0.40789966	0.77774537	0.06315699	0.90000000	8.90000000	0.01252140	0.00000000
C17	c	0.84650258	0.05169879	0.14064784	0.96000000	8.96000000	0.01912397	0.00000000
C18	c	0.91092980	0.43793931	0.04530282	1.02000000	9.02000000	0.02822959	0.00000000
C19	c	0.92658416	0.62016380	0.12171768	1.08000000	9.08000000	0.02792165	0.00000000
C20	c	0.05992252	0.11615793	0.15099651	1.14000000	9.14000000	0.02891737	0.00000000
C21	c	0.42018726	0.30467311	0.13319154	1.20000000	9.20000000	0.02979838	0.00000000
C22	c	0.09376684	0.61645633	0.10418956	1.26000000	9.26000000	0.02909955	0.00000000
C23	c	0.77496963	0.66745451	0.06590877	1.32000000	9.32000000	0.01152823	0.00000000
C24	c	0.73006948	0.49115021	0.10125055	1.38000000	9.38000000	0.02286862	0.00000000
C25	c	0.63765150	0.34958557	0.14015560	1.44000000	9.44000000	0.02837844	0.00000000
C26	c	0.91299086	0.73713681	0.13805463	1.50000000	9.50000000	0.02739538	0.00000000
C27	c	0.09088652	0.54653856	0.05601686	1.56000000	9.56000000	0.02434308	0.00000000
C28	c	0.24911280	0.64445535	0.10661000	1.62000000	9.62000000	0.02473064	0.00000000
C29	c	0.56374790	0.85891628	0.01326598	1.68000000	9.68000000	0.02320626	0.00000000
C30	c	0.26638098	0.41959581	0.02754170	1.74000000	9.74000000	0.02660484	0.00000000
C31	c	0.55686462	0.72377968	0.13981179	1.80000000	9.80000000	0.01733092	0.00000000
C32	c	0.33548356	0.72977301	0.01382608	1.86000000	9.86000000	0.01917949	0.00000000
C33	c	0.16699763	0.84830183	0.09468344	1.92000000	9.92000000	0.01954934	0.00000000
C34	c	0.36599437	0.04497472	0.04469077	1.98000000	9.98000000	0.02107299	0.00000000
C35	c	0.70747322	0.90367793	0.03942029	2.00000000	10.00000000	0.02447818	0.00000000
C36	c	0.43106359	0.87794903	0.11084511	2.00000000	10.00000000	0.02510070	0.00000000
C37	c	0.66768240	0.93851721	0.03399753	2.00000000	10.00000000	0.02717297	0.00000000
C38	c	0.89608113	0.81632650	0.08708063	2.00000000	10.00000000	0.01609387	0.00000000
C39	c	0.24919404	0.05863600	0.04048508	2.00000000	10.00000000	0.02665471	0.00000000
C40	c	0.50369717	0.00002272	0.06149425	2.00000000	10.00000000	0.01078051	0.00000000
C41	c	0.45484178	0.60507164	0.07893759	2.00000000	10.00000000	0.02167035	0.00000000
C42	c	0.80635622	0.05516605	0.04198959	2.00000000	10.00000000	0.02485761	0.00000000
C43	c	0.86601012	0.35871909	0.08447015	2.00000000	10.00000000	0.01986145	0.00000000
C44	c	0.50856806	0.96720108	0.01849539	2.00000000	10.00000000	0.01860956	0.00000000
C45	c	0.26219329	0.76421977	0.13671495	2.00000000	10.00000000	0.01511522	0.00000000
C46	c	0.47409320	0.37917524	0.02852038	2.00000000	10.00000000	0.02605246	0.00000000
C47	c	0.13281036	0.57546972	0.04794490	2.00000000	10.00000000	0.02138740	0.00000000
C48	c	0.18709696	0.31093609	0.09765459	2.00000000	10.00000000	0.01547749	0.00000000
C49	c	0.37535369	0.39747461	0.14079612	2.00000000	10.00000000	0.02578860	0.00000000
C50	c	0.38362052	0.92809378	0.09921099	2.00000000	10.00000000	0.01693153	0.00000000

Q Vehicle fuel tank capacity /0.40000000/
C Vehicle load capacity /1.50000000/
r fuel consumption rate /0.25000000/
g inverse refueling rate /1.00000000/
v average Velocity /1.00000000/
