StringID	Type	x	y	demand	ReadyTime	DueDate	ServiceTime	altitude
D0	d	0.50000000	0.50000000	0.00000000	0.00000000	10.00000000	0.00000000	0.00000000
S0	f	0.19896100	0.11569706	0.00000000	0.00000000	10.00000000	0.00000000	0.00000000
S1	f	0.15109160	0.45143083	0.00000000	0.00000000	10.00000000	0.00000000	0.00000000
S2	f	0.13434431	0.32797550	0.00000000	0.00000000	10.00000000	0.00000000	0.00000000
S3	f	0.40865438	0.23979412	0.00000000	0.00000000	10.00000000	0.00000000	0.00000000
S4	f	0.64553523	0.17818344	0.00000000	0.00000000	10.00000000	0.00000000	0.00000000
S5	f	0.55901520	0.64583474	0.00000000	0.00000000	10.00000000	0.00000000	0.00000000
S6	f	0.64328932	0.26168042	0.00000000	0.00000000	10.00000000	0.00000000	0.00000000
S7	f	0.15521130	0.91454992	0.00000000	0.00000000	10.00000000	0.00000000	0.00000000
S8	f	0.78193181	0.54847269	0.00000000	0.00000000	10.00000000	0.00000000	0.00000000
S9	f	0.45389878	0.47442094	0.00000000	0.00000000	10.00000000	0.00000000	0.00000000
C1	c	0.47325815	0.89175076	0.01691469	0.00000000	8.00000000	0.01995694	0.00000000
C2	c	0.49535397	0.96715359	0.13941423	0.06000000	8.06000000	0.02489936	0.00000000
C3	c	0.48789508	0.89431928	0.16181638	0.12000000	8.12000000	0.02714209	0.00000000
C4	c	0.09935328	0.34840200	0.08212289	0.18000000	8.18000000	0.02600215	0.00000000
C5	c	0.06020493	0.31404219	0.14723006	0.24000000	8.24000000	0.02222410	0.00000000
C6	c	0.06349403	0.27236830	0.07055408	0.30000000	8.30000000	0.01105151	0.00000000
C7	c	0.58763467	0.83048797	0.02922163	0.36000000	8.36000000	0.02982195	0.00000000
C8	c	0.60495828	0.77092975	0.05251446	0.42000000	8.42000000	0.01981120	0.00000000
C9	c	0.50242211	0.75032283	0.15617512	0.48000000	8.48000000	0.01985948	0.00000000
C10	c	0.58554956	0.85349543	0.08674494	0.54000000	8.54000000	0.01957952	0.00000000
C11	c	0.00000000	0.29037161	0.08149229	0.60000000	8.60000000	0.01576224	0.00000000
C12	c	0.01434437	0.25863975	0.05709388	0.66000000	8.66000000	0.02816060	0.00000000
C13	c	0.11897155	0.27012997	0.01365430	0.72000000	8.72000000	0.02974366	0.00000000
C14	c	0.00000000	0.18058541	0.05590147	0.78000000	8.78000000	0.01766163	0.00000000
C15	c	0.05684736	0.28090285	0.14252688	0.84000000	8.84000000	0.01177039	0.00000000
C16	c	0.03278032	0.28078013	0.07776106	0.90000000	8.90000000	0.02968679	0.00000000
C17	c	0.00000000	0.28092431	0.15039357	0.96000000	8.96000000	0.02665760	0.00000000
C18	c	0.98061044	0.26338687	0.13328968	1.02000000	9.02000000	0.01154131	0.00000000
C19	c	0.93493855	0.26801730	0.14047540	1.08000000	9.08000000	0.01140425	0.00000000
C20	c	0.99553601	0.31096662	0.09947905	1.14000000	9.14000000	0.02742293	0.00000000
C21	c	1.00000000	0.24560014	0.14894572	1.20000000	9.20000000	0.02087157	0.00000000
C22	c	0.99779608	0.35187143	0.04988165	1.26000000	9.26000000	0.01928751	0.00000000
C23	c	0.97283110	0.39444198	0.07798711	1.32000000	9.32000000	0.02705632	0.00000000
C24	c	0.96026475	0.20179963	0.11786768	1.38000000	9.38000000	0.02756176	0.00000000
C25	c	0.95239169	0.32169613	0.11027775	1.44000000	9.44000000	0.01269783	0.00000000
C26	c	0.66548254	0.79277719	0.02805175	1.50000000	9.50000000	0.01380918	0.00000000
C27	c	0.46073253	0.28980487	0.11268871	1.56000000	9.56000000	0.02178987	0.00000000
C28	c	0.89290436	0.17871530	0.02476328	1.62000000	9.62000000	0.01611308	0.00000000
C29	c	0.69022075	0.97676481	0.09397926	1.68000000	9.68000000	0.01114377	0.00000000
C30	c	0.47533817	0.07699935	0.06892780	1.74000000	9.74000000	0.02746369	0.00000000
C31	c	0.78594827	0.14387522	0.01812722	1.80000000	9.80000000	0.02374067	0.00000000
C32	c	0.80263216	0.76499485	0.15041547	1.86000000	9.86000000	0.01480274	0.00000000
C33	c	0.05795698	0.03703835	0.11422550	1.92000000	9.92000000	0.02751834	0.00000000
C34	c	0.85710459	0.80010759	0.13395691	1.98000000	9.98000000	0.01910719	0.00000000
C35	c	0.61120499	0.05257536	0.08248806	2.00000000	10.00000000	0.02865429	0.00000000
C36	c	0.99109748	0.49055981	0.05599328	2.00000000	10.00000000	0.02699707	0.00000000
C37	c	0.28811194	0.90802980	0.14947720	2.00000000	10.00000000	0.02757779	0.00000000
C38	c	0.08851970	0.98433961	0.03877375	2.00000000	10.00000000	0.01420472	0.00000000
C39	c	0.83287981	0.07706549	0.11806006	2.00000000	10.00000000	0.01193941	0.00000000
C40	c	0.07021274	0.87114664	0.16247605	2.00000000	10.00000000	0.02037705	0.00000000
C41	c	0.54357848	0.46437537	0.08475202	2.00000000	10.00000000	0.01606340	0.00000000
C42	c	0.85281600	0.87808782	0.02300719	2.00000000	10.00000000	0.01953991	0.00000000
C43	c	0.13489172	0.19045905	0.13289838	2.00000000	10.00000000	0.02164755	0.00000000
C44	c	0.58949373	0.30565414	0.03337334	2.00000000	10.00000000	0.01091479	0.00000000
C45	c	0.68703350	0.24013707	0.13773172	2.00000000	10.00000000	0.02027380	0.00000000
C46	c	0.87591680	0.45535959	0.03409362	2.00000000	10.00000000	0.01404213	0.00000000
C47	c	0.93271441	0.84985359	0.13548448	2.00000000	10.00000000	0.01876609	0.00000000
C48	c	0.09697061	0.51885228	0.12965048	2.00000000	10.00000000	0.02859722	0.00000000
C49	c	0.30317018	0.47699573	0.02005551	2.00000000	10.00000000	0.01946168	0.00000000
C50	c	0.51369022	0.20210640	0.01681300	2.00000000	10.00000000	0.02727425	0.00000000

Q Vehicle fuel tank capacity /0.40000000/
C Vehicle load capacity /1.50000000/
r fuel consumption rate /0.25000000/
g inverse refueling rate /1.00000000/
v average Velocity /1.00000000/
