StringID	Type	x	y	demand	ReadyTime	DueDate	ServiceTime	altitude
D0	d	0.50000000	0.50000000	0.00000000	0.00000000	10.00000000	0.00000000	0.00000000
S0	f	0.68361095	0.36639576	0.00000000	0.00000000	10.00000000	0.00000000	0.00000000
S1	f	0.84820403	0.53589597	0.00000000	0.00000000	10.00000000	0.00000000	0.00000000
S2	f	0.97028150	0.11822408	0.00000000	0.00000000	10.00000000	0.00000000	0.00000000
S3	f	0.52088234	0.06630752	0.00000000	0.00000000	10.00000000	0.00000000	0.00000000
S4	f	0.20870076	0.77998185	0.00000000	0.00000000	10.00000000	0.00000000	0.00000000
S5	f	0.20195143	0.85141410	0.00000000	0.00000000	10.00000000	0.00000000	0.00000000
S6	f	0.30520718	0.50951134	0.00000000	0.00000000	10.00000000	0.00000000	0.00000000
S7	f	0.05293470	0.20863559	0.00000000	0.00000000	10.00000000	0.00000000	0.00000000
S8	f	0.76495140	0.38696116	0.00000000	0.00000000	10.00000000	0.00000000	0.00000000
S9	f	0.29758555	0.74201233	0.00000000	0.00000000	10.00000000	0.00000000	0.00000000
C1	c	0.84666781	0.82298391	0.10564800	0.00000000	8.00000000	0.02497107	0.00000000
C2	c	0.81858272	0.88562779	0.09921522	0.06000000	8.06000000	0.02205020	0.00000000
C3	c	0.84240965	0.83482699	0.11244231	0.12000000	8.12000000	0.02896545	0.00000000
C4	c	0.76397330	0.90948413	0.03400608	0.18000000	8.18000000	0.01294444	0.00000000
C5	c	0.71840300	0.92546686	0.03061876	0.24000000	8.24000000	0.01545325	0.00000000
C6	c	0.77975574	0.86580236	0.03996257	0.30000000	8.30000000	0.01360928	0.00000000
C7	c	0.58424746	0.83797239	0.09533144	0.36000000	8.36000000	0.02366875	0.00000000
C8	c	0.63332968	0.87782214	0.08365054	0.42000000	8.42000000	0.01661559	0.00000000
C9	c	0.69584029	0.85552381	0.09706776	0.48000000	8.48000000	0.02163357	0.00000000
C10	c	0.68266373	0.88040263	0.05758026	0.54000000	8.54000000	0.02320600	0.00000000
C11	c	0.43144483	0.07554003	0.12993449	0.60000000	8.60000000	0.01451043	0.00000000
C12	c	0.50692979	0.14455638	0.01215266	0.66000000	8.66000000	0.01630788	0.00000000
C13	c	0.44889797	0.09028332	0.12387279	0.72000000	8.72000000	0.01440324	0.00000000
C14	c	0.43654504	0.04899689	0.11218724	0.78000000	8.78000000	0.01569227	0.00000000
C15	c	0.62444935	0.08756073	0.14057720	0.84000000	8.84000000	0.01449620	0.00000000
C16	c	0.56342142	0.15550296	0.14867336	0.90000000	8.90000000	0.01632684	0.00000000
C17	c	0.49982075	0.11332959	0.08967151	0.96000000	8.96000000	0.01533756	0.00000000
C18	c	0.19167806	0.90485810	0.13988072	1.02000000	9.02000000	0.01188093	0.00000000
C19	c	0.10561291	0.85353302	0.12873373	1.08000000	9.08000000	0.02179469	0.00000000
C20	c	0.15782688	0.86214726	0.12567137	1.14000000	9.14000000	0.01995044	0.00000000
C21	c	0.07823075	0.86310182	0.06563112	1.20000000	9.20000000	0.01614615	0.00000000
C22	c	0.28244618	0.59056442	0.08269303	1.26000000	9.26000000	0.02984699	0.00000000
C23	c	0.26265872	0.66709865	0.09877943	1.32000000	9.32000000	0.01929566	0.00000000
C24	c	0.29078430	0.56414372	0.02501460	1.38000000	9.38000000	0.02700925	0.00000000
C25	c	0.18001827	0.69744256	0.08128033	1.44000000	9.44000000	0.02359276	0.00000000
C26	c	0.61007602	0.99289422	0.03496803	1.50000000	9.50000000	0.01456233	0.00000000
C27	c	0.59037413	0.37155640	0.01076604	1.56000000	9.56000000	0.01895388	0.00000000
C28	c	0.66108567	0.24033516	0.01247435	1.62000000	9.62000000	0.02006991	0.00000000
C29	c	0.92761061	0.94380560	0.13026028	1.68000000	9.68000000	0.02262543	0.00000000
C30	c	0.57727935	0.59405760	0.10798124	1.74000000	9.74000000	0.02074174	0.00000000
C31	c	0.84407096	0.07146304	0.09243741	1.80000000	9.80000000	0.01568990	0.00000000
C32	c	0.06457090	0.31534521	0.14340557	1.86000000	9.86000000	0.01010106	0.00000000
C33	c	0.78158619	0.74855360	0.06056267	1.92000000	9.92000000	0.02173574	0.00000000
C34	c	0.60250982	0.94827258	0.09609603	1.98000000	9.98000000	0.01258455	0.00000000
C35	c	0.14722213	0.27266270	0.15007557	2.00000000	10.00000000	0.01817658	0.00000000
C36	c	0.33077935	0.58167865	0.09331795	2.00000000	10.00000000	0.01155039	0.00000000
C37	c	0.31539419	0.22016199	0.06246340	2.00000000	10.00000000	0.02789700	0.00000000
C38	c	0.31634184	0.26687802	0.10328868	2.00000000	10.00000000	0.01850628	0.00000000
C39	c	0.09404656	0.58973454	0.04396046	2.00000000	10.00000000	0.01119532	0.00000000
C40	c	0.49752196	0.30730771	0.14087021	2.00000000	10.00000000	0.02536319	0.00000000
C41	c	0.99234950	0.46478310	0.14315380	2.00000000	10.00000000	0.02252746	0.00000000
C42	c	0.85046235	0.67963789	0.09147151	2.00000000	10.00000000	0.01698539	0.00000000
C43	c	0.22811651	0.44769401	0.09383734	2.00000000	10.00000000	0.01117826	0.00000000
C44	c	0.50349537	0.63127146	0.14081956	2.00000000	10.00000000	0.02755970	0.00000000
C45	c	0.53708688	0.28449493	0.14428027	2.00000000	10.00000000	0.01793764	0.00000000
C46	c	0.00505307	0.58678682	0.12909064	2.00000000	10.00000000	0.01866638	0.00000000
C47	c	0.12922764	0.40882922	0.02014853	2.00000000	10.00000000	0.01294930	0.00000000
C48	c	0.76815960	0.62637309	0.01917670	2.00000000	10.00000000	0.01422767	0.00000000
C49	c	0.34926926	0.05891303	0.05453730	2.00000000	10.00000000	0.01361353	0.00000000
C50	c	0.87798476	0.39688213	0.12027994	2.00000000	10.00000000	0.02501979	0.00000000

Q Vehicle fuel tank capacity /0.40000000/
C Vehicle load capacity /1.50000000/
r fuel consumption rate /0.25000000/
g inverse refueling rate /1.00000000/
v average Velocity /1.00000000/
