StringID	Type	x	y	demand	ReadyTime	DueDate	ServiceTime	altitude
D0	d	0.50000000	0.50000000	0.00000000	0.00000000	10.00000000	0.00000000	0.00000000
S0	f	0.09167693	0.47127336	0.00000000	0.00000000	10.00000000	0.00000000	0.00000000
S1	f	0.20221478	0.03798882	0.00000000	0.00000000	10.00000000	0.00000000	0.00000000
S2	f	0.17702928	0.42817126	0.00000000	0.00000000	10.00000000	0.00000000	0.00000000
S3	f	0.05749635	0.22082111	0.00000000	0.00000000	10.00000000	0.00000000	0.00000000
S4	f	0.29461428	0.70179348	0.00000000	0.00000000	10.00000000	0.00000000	0.00000000
S5	f	0.83563040	0.74808050	0.00000000	0.00000000	10.00000000	0.00000000	0.00000000
C1	c	0.92189907	0.21464136	0.16446154	0.00000000	8.00000000	0.01067672	0.00000000
C2	c	0.97421365	0.42123868	0.04828940	0.10000000	8.10000000	0.02599030	0.00000000
C3	c	0.98682352	0.76673700	0.22352024	0.20000000	8.20000000	0.02413816	0.00000000
C4	c	0.35075280	0.31932880	0.18477586	0.30000000	8.30000000	0.01256524	0.00000000
C5	c	0.10156721	0.44252311	0.02590492	0.40000000	8.40000000	0.02836560	0.00000000
C6	c	0.08321503	0.98620899	0.03853857	0.50000000	8.50000000	0.02399724	0.00000000
C7	c	0.60071102	0.36293546	0.10049188	0.60000000	8.60000000	0.02699484	0.00000000
C8	c	0.67423079	0.32812585	0.13877913	0.70000000	8.70000000	0.01974265	0.00000000
C9	c	0.91823998	0.40082115	0.06004840	0.80000000	8.80000000	0.02524991	0.00000000
C10	c	0.03366589	0.79186592	0.23736020	0.90000000	8.90000000	0.01481088	0.00000000
C11	c	0.78730839	0.13853029	0.19038336	1.00000000	9.00000000	0.01867106	0.00000000
C12	c	0.26192728	0.35753752	0.26724321	1.10000000	9.10000000	0.01097744	0.00000000
C13	c	0.71198124	0.84673483	0.07664959	1.20000000	9.20000000	0.01717768	0.00000000
C14	c	0.81674124	0.01312811	0.26598003	1.30000000	9.30000000	0.02739937	0.00000000
C15	c	0.52957454	0.63436110	0.11941537	1.40000000	9.40000000	0.01472825	0.00000000
C16	c	0.38149474	0.03116705	0.12092502	1.50000000	9.50000000	0.02143331	0.00000000
C17	c	0.83046601	0.31648878	0.24625992	1.60000000	9.60000000	0.01738105	0.00000000
C18	c	0.25048181	0.82665752	0.08609144	1.70000000	9.70000000	0.02169832	0.00000000
C19	c	0.74081133	0.79501822	0.26165186	1.80000000	9.80000000	0.01395728	0.00000000
C20	c	0.05536794	0.71992658	0.15290312	1.90000000	9.90000000	0.01059332	0.00000000
C21	c	0.35943316	0.78549931	0.07263431	2.00000000	10.00000000	0.02366500	0.00000000
C22	c	0.08997216	0.87272826	0.21691849	2.00000000	10.00000000	0.02918430	0.00000000
C23	c	0.05328832	0.46565473	0.10121735	2.00000000	10.00000000	0.01385995	0.00000000
C24	c	0.14871207	0.54851576	0.11153784	2.00000000	10.00000000	0.01449211	0.00000000
C25	c	0.26515073	0.90877338	0.16112807	2.00000000	10.00000000	0.02244410	0.00000000
C26	c	0.51523216	0.06561707	0.16968137	2.00000000	10.00000000	0.02885668	0.00000000
C27	c	0.86082322	0.84932585	0.23481179	2.00000000	10.00000000	0.01595286	0.00000000
C28	c	0.11791916	0.81745808	0.25369941	2.00000000	10.00000000	0.02113866	0.00000000
C29	c	0.56349683	0.96891654	0.11303947	2.00000000	10.00000000	0.02589293	0.00000000
C30	c	0.11098270	0.39823399	0.05565886	2.00000000	10.00000000	0.01215970	0.00000000

Q Vehicle fuel tank capacity /0.40000000/
C Vehicle load capacity /1.50000000/
r fuel consumption rate /0.25000000/
g inverse refueling rate /1.00000000/
v average Velocity /1.00000000/
