StringID	Type	x	y	demand	ReadyTime	DueDate	ServiceTime	altitude
D0	d	0.50000000	0.50000000	0.00000000	0.00000000	10.00000000	0.00000000	0.00000000
S0	f	0.96774553	0.37954096	0.00000000	0.00000000	10.00000000	0.00000000	0.00000000
S1	f	0.85609159	0.59394814	0.00000000	0.00000000	10.00000000	0.00000000	0.00000000
S2	f	0.50100788	0.24118380	0.00000000	0.00000000	10.00000000	0.00000000	0.00000000
S3	f	0.80426127	0.18645634	0.00000000	0.00000000	10.00000000	0.00000000	0.00000000
S4	f	0.85327189	0.78938152	0.00000000	0.00000000	10.00000000	0.00000000	0.00000000
S5	f	0.26090370	0.90065838	0.00000000	0.00000000	10.00000000	0.00000000	0.00000000
S6	f	0.29289765	0.38983964	0.00000000	0.00000000	10.00000000	0.00000000	0.00000000
S7	f	0.29238612	0.10763569	0.00000000	0.00000000	10.00000000	0.00000000	0.00000000
S8	f	0.43750071	0.62999436	0.00000000	0.00000000	10.00000000	0.00000000	0.00000000
S9	f	0.77712080	0.03436145	0.00000000	0.00000000	10.00000000	0.00000000	0.00000000
C1	c	0.03332961	0.50503061	0.07501105	0.00000000	8.00000000	0.02190703	0.00000000
C2	c	0.66444910	0.05846613	0.11000198	0.06000000	8.06000000	0.02897695	0.00000000
C3	c	0.40665224	0.83830073	0.10668082	0.12000000	8.12000000	0.02898658	0.00000000
C4	c	0.04776573	0.54768298	0.07110055	0.18000000	8.18000000	0.02347411	0.00000000
C5	c	0.95384359	0.41190203	0.05453284	0.24000000	8.24000000	0.01459064	0.00000000
C6	c	0.09415170	0.15722206	0.11149039	0.30000000	8.30000000	0.01594867	0.00000000
C7	c	0.87239553	0.23377967	0.11347107	0.36000000	8.36000000	0.02019260	0.00000000
C8	c	0.16677610	0.80951524	0.01523377	0.42000000	8.42000000	0.02002067	0.00000000
C9	c	0.10644299	0.90335845	0.14286877	0.48000000	8.48000000	0.01072639	0.00000000
C10	c	0.27670149	0.33623235	0.15224346	0.54000000	8.54000000	0.02294770	0.00000000
C11	c	0.80751272	0.29566080	0.10271007	0.60000000	8.60000000	0.02099668	0.00000000
C12	c	0.79993800	0.10318333	0.09258396	0.66000000	8.66000000	0.02273237	0.00000000
C13	c	0.42627926	0.19745005	0.03655352	0.72000000	8.72000000	0.02984811	0.00000000
C14	c	0.81568689	0.37382305	0.10846699	0.78000000	8.78000000	0.02428005	0.00000000
C15	c	0.68001768	0.58568021	0.05986889	0.84000000	8.84000000	0.01064188	0.00000000
C16	c	0.70262579	0.33489912	0.05930973	0.90000000	8.90000000	0.01002818	0.00000000
C17	c	0.81188973	0.92308240	0.12444391	0.96000000	8.96000000	0.02086472	0.00000000
C18	c	0.59443498	0.85238964	0.11429638	1.02000000	9.02000000	0.02075251	0.00000000
C19	c	0.45571406	0.80576408	0.12889585	1.08000000	9.08000000	0.01834905	0.00000000
C20	c	0.50013041	0.91461472	0.13210909	1.14000000	9.14000000	0.01150710	0.00000000
C21	c	0.93524981	0.34640130	0.03011467	1.20000000	9.20000000	0.01970165	0.00000000
C22	c	0.51077131	0.04756766	0.10098248	1.26000000	9.26000000	0.02613994	0.00000000
C23	c	0.26496009	0.59526782	0.16087945	1.32000000	9.32000000	0.02996466	0.00000000
C24	c	0.57810570	0.90226682	0.03856620	1.38000000	9.38000000	0.02479415	0.00000000
C25	c	0.67978138	0.49067208	0.03512955	1.44000000	9.44000000	0.02429024	0.00000000
C26	c	0.33966105	0.24663575	0.12015633	1.50000000	9.50000000	0.02100978	0.00000000
C27	c	0.70288227	0.68195418	0.03909979	1.56000000	9.56000000	0.01327053	0.00000000
C28	c	0.83067598	0.14316004	0.10203081	1.62000000	9.62000000	0.01049776	0.00000000
C29	c	0.17686672	0.94821341	0.09884130	1.68000000	9.68000000	0.02224840	0.00000000
C30	c	0.55166775	0.80219093	0.02397426	1.74000000	9.74000000	0.01697416	0.00000000
C31	c	0.12856779	0.61078626	0.05171500	1.80000000	9.80000000	0.02253764	0.00000000
C32	c	0.40158243	0.94886264	0.03025236	1.86000000	9.86000000	0.02362182	0.00000000
C33	c	0.81076585	0.97999395	0.10837521	1.92000000	9.92000000	0.01463684	0.00000000
C34	c	0.37939347	0.21214245	0.11131253	1.98000000	9.98000000	0.01777602	0.00000000
C35	c	0.99537755	0.69180580	0.01631356	2.00000000	10.00000000	0.02978573	0.00000000
C36	c	0.15777779	0.25596300	0.06874360	2.00000000	10.00000000	0.02691632	0.00000000
C37	c	0.85609159	0.59394814	0.15060839	2.00000000	10.00000000	0.01679483	0.00000000
C38	c	0.90995765	0.51017435	0.13953482	2.00000000	10.00000000	0.02148419	0.00000000
C39	c	0.48164471	0.59290906	0.14911859	2.00000000	10.00000000	0.01367165	0.00000000
C40	c	0.84379865	0.20249321	0.11398228	2.00000000	10.00000000	0.01592833	0.00000000
C41	c	0.95445475	0.30009796	0.11354795	2.00000000	10.00000000	0.01058667	0.00000000
C42	c	0.01371831	0.69392928	0.08621620	2.00000000	10.00000000	0.01677168	0.00000000
C43	c	0.90551664	0.44340635	0.04491343	2.00000000	10.00000000	0.01147965	0.00000000
C44	c	0.22825692	0.81912852	0.12472474	2.00000000	10.00000000	0.01283635	0.00000000
C45	c	0.63773710	0.36840245	0.13832926	2.00000000	10.00000000	0.02970336	0.00000000
C46	c	0.40902992	0.70035319	0.03194371	2.00000000	10.00000000	0.01681389	0.00000000
C47	c	0.78801297	0.75444924	0.09893594	2.00000000	10.00000000	0.01749613	0.00000000
C48	c	0.54059511	0.70123207	0.06689420	2.00000000	10.00000000	0.02877964	0.00000000
C49	c	0.00364952	0.87060018	0.05374127	2.00000000	10.00000000	0.01411559	0.00000000
C50	c	0.35717656	0.93812727	0.13914907	2.00000000	10.00000000	0.02785146	0.00000000

Q Vehicle fuel tank capacity /0.40000000/
C Vehicle load capacity /1.50000000/
r fuel consumption rate /0.25000000/
g inverse refueling rate /1.00000000/
v average Velocity /1.00000000/
