StringID	Type	x	y	demand	ReadyTime	DueDate	ServiceTime	altitude
D0	d	0.50000000	0.50000000	0.00000000	0.00000000	10.00000000	0.00000000	0.00000000
S0	f	0.91917063	0.27732869	0.00000000	0.00000000	10.00000000	0.00000000	0.00000000
S1	f	0.57262637	0.02422986	0.00000000	0.00000000	10.00000000	0.00000000	0.00000000
S2	f	0.40559863	0.85500866	0.00000000	0.00000000	10.00000000	0.00000000	0.00000000
S3	f	0.44454871	0.62812356	0.00000000	0.00000000	10.00000000	0.00000000	0.00000000
S4	f	0.90772633	0.75179228	0.00000000	0.00000000	10.00000000	0.00000000	0.00000000
S5	f	0.70008840	0.23804472	0.00000000	0.00000000	10.00000000	0.00000000	0.00000000
C1	c	0.02331831	0.08309396	0.11427654	0.00000000	8.00000000	0.01031488	0.00000000
C2	c	0.12450359	0.15843766	0.04364880	0.10000000	8.10000000	0.02955929	0.00000000
C3	c	0.06438698	0.18201298	0.31010225	0.20000000	8.20000000	0.01708459	0.00000000
C4	c	0.13114210	0.10445975	0.20773230	0.30000000	8.30000000	0.02541902	0.00000000
C5	c	0.06681709	0.09959791	0.16952876	0.40000000	8.40000000	0.01180391	0.00000000
C6	c	0.05195338	0.27056705	0.11795982	0.50000000	8.50000000	0.01873257	0.00000000
C7	c	0.12963489	0.17096681	0.13675742	0.60000000	8.60000000	0.01249970	0.00000000
C8	c	0.14393508	0.15503444	0.28875194	0.70000000	8.70000000	0.02068582	0.00000000
C9	c	0.69752313	0.94502317	0.13749562	0.80000000	8.80000000	0.02141566	0.00000000
C10	c	0.57540019	1.00000000	0.26500000	0.90000000	8.90000000	0.02639476	0.00000000
C11	c	0.56194107	0.91602536	0.09438488	1.00000000	9.00000000	0.02541647	0.00000000
C12	c	0.71246353	0.83207227	0.25085223	1.10000000	9.10000000	0.02926049	0.00000000
C13	c	0.73018941	0.74208785	0.11171671	1.20000000	9.20000000	0.01008171	0.00000000
C14	c	0.69571018	0.84573723	0.23607624	1.30000000	9.30000000	0.01922473	0.00000000
C15	c	0.69593779	0.76605509	0.11359016	1.40000000	9.40000000	0.01706310	0.00000000
C16	c	0.35526966	0.66474105	0.09941681	1.50000000	9.50000000	0.02188447	0.00000000
C17	c	0.09055622	0.44040328	0.12491789	1.60000000	9.60000000	0.01304753	0.00000000
C18	c	0.03578293	0.00311422	0.21551708	1.70000000	9.70000000	0.02641773	0.00000000
C19	c	0.16713821	0.00241576	0.04742180	1.80000000	9.80000000	0.02645170	0.00000000
C20	c	0.63685475	0.84854018	0.14984115	1.90000000	9.90000000	0.01837974	0.00000000
C21	c	0.80514267	0.26968906	0.03138667	2.00000000	10.00000000	0.02658939	0.00000000
C22	c	0.65310674	0.18499376	0.02182275	2.00000000	10.00000000	0.02222096	0.00000000
C23	c	0.01574390	0.97796465	0.06984154	2.00000000	10.00000000	0.02449589	0.00000000
C24	c	0.35422935	0.77095121	0.02161827	2.00000000	10.00000000	0.01524151	0.00000000
C25	c	0.12498484	0.53429076	0.20735324	2.00000000	10.00000000	0.02497218	0.00000000
C26	c	0.57078279	0.81973776	0.26932513	2.00000000	10.00000000	0.01575361	0.00000000
C27	c	0.77082334	0.96302449	0.25662031	2.00000000	10.00000000	0.02359857	0.00000000
C28	c	0.00408569	0.46123647	0.09986377	2.00000000	10.00000000	0.02975822	0.00000000
C29	c	0.35315520	0.59422341	0.21211108	2.00000000	10.00000000	0.01755233	0.00000000
C30	c	0.15237645	0.82088644	0.07506883	2.00000000	10.00000000	0.02286684	0.00000000

Q Vehicle fuel tank capacity /0.40000000/
C Vehicle load capacity /1.50000000/
r fuel consumption rate /0.25000000/
g inverse refueling rate /1.00000000/
v average Velocity /1.00000000/
