StringID	Type	x	y	demand	ReadyTime	DueDate	ServiceTime	altitude
D0	d	0.50000000	0.50000000	0.00000000	0.00000000	10.00000000	0.00000000	0.00000000
S0	f	0.82371365	0.74801082	0.00000000	0.00000000	10.00000000	0.00000000	0.00000000
S1	f	0.23693627	0.13554627	0.00000000	0.00000000	10.00000000	0.00000000	0.00000000
S2	f	0.47436988	0.38330676	0.00000000	0.00000000	10.00000000	0.00000000	0.00000000
S3	f	0.09161155	0.19473295	0.00000000	0.00000000	10.00000000	0.00000000	0.00000000
S4	f	0.03984169	0.61038048	0.00000000	0.00000000	10.00000000	0.00000000	0.00000000
S5	f	0.04794413	0.81156012	0.00000000	0.00000000	10.00000000	0.00000000	0.00000000
S6	f	0.46264827	0.02559594	0.00000000	0.00000000	10.00000000	0.00000000	0.00000000
S7	f	0.73072458	0.63490458	0.00000000	0.00000000	10.00000000	0.00000000	0.00000000
S8	f	0.39298432	0.33423561	0.00000000	0.00000000	10.00000000	0.00000000	0.00000000
S9	f	0.09043154	0.35798166	0.00000000	0.00000000	10.00000000	0.00000000	0.00000000
C1	c	0.25044390	0.70353830	0.12930400	0.00000000	8.00000000	0.01283812	0.00000000
C2	c	0.64346137	0.49494945	0.07125709	0.06000000	8.06000000	0.02263954	0.00000000
C3	c	0.32606254	0.08666074	0.03331151	0.12000000	8.12000000	0.02165878	0.00000000
C4	c	0.12456903	0.23308982	0.08890919	0.18000000	8.18000000	0.01536590	0.00000000
C5	c	0.17562437	0.54485741	0.03053227	0.24000000	8.24000000	0.02710382	0.00000000
C6	c	0.06513920	0.29360709	0.05571377	0.30000000	8.30000000	0.01489122	0.00000000
C7	c	0.88070641	0.92771283	0.13793434	0.36000000	8.36000000	0.02585583	0.00000000
C8	c	0.86819159	0.60648555	0.16583970	0.42000000	8.42000000	0.02738656	0.00000000
C9	c	0.76541995	0.79372559	0.12994242	0.48000000	8.48000000	0.01603809	0.00000000
C10	c	0.48806630	0.63518022	0.01914845	0.54000000	8.54000000	0.01700882	0.00000000
C11	c	0.33087040	0.41066741	0.08863782	0.60000000	8.60000000	0.02001301	0.00000000
C12	c	0.98909388	0.58503106	0.03860969	0.66000000	8.66000000	0.01385420	0.00000000
C13	c	0.94777115	0.77307537	0.12950051	0.72000000	8.72000000	0.01499243	0.00000000
C14	c	0.36173436	0.28519693	0.10700919	0.78000000	8.78000000	0.01812572	0.00000000
C15	c	0.02647327	0.55701223	0.13830291	0.84000000	8.84000000	0.01633495	0.00000000
C16	c	0.54389399	0.48558777	0.10169107	0.90000000	8.90000000	0.02662993	0.00000000
C17	c	0.68739862	0.79109407	0.08910229	0.96000000	8.96000000	0.01275900	0.00000000
C18	c	0.43669378	0.17411533	0.04536695	1.02000000	9.02000000	0.01277959	0.00000000
C19	c	0.82371365	0.74801082	0.04583921	1.08000000	9.08000000	0.02491871	0.00000000
C20	c	0.53050951	0.28738800	0.11887551	1.14000000	9.14000000	0.02007751	0.00000000
C21	c	0.53217564	0.36699318	0.16616698	1.20000000	9.20000000	0.01817469	0.00000000
C22	c	0.06969043	0.42000979	0.02661489	1.26000000	9.26000000	0.01137901	0.00000000
C23	c	0.59388953	0.76685488	0.08709407	1.32000000	9.32000000	0.02785512	0.00000000
C24	c	0.19604475	0.26425521	0.16120160	1.38000000	9.38000000	0.02874104	0.00000000
C25	c	0.21235767	0.32962725	0.14140866	1.44000000	9.44000000	0.02213421	0.00000000
C26	c	0.37989972	0.07443622	0.05440062	1.50000000	9.50000000	0.01752616	0.00000000
C27	c	0.11547683	0.72700659	0.03768172	1.56000000	9.56000000	0.02323185	0.00000000
C28	c	0.16585038	0.62749649	0.15650319	1.62000000	9.62000000	0.02288204	0.00000000
C29	c	0.77549785	0.93814623	0.05520047	1.68000000	9.68000000	0.01633626	0.00000000
C30	c	0.64535815	0.58776450	0.11241562	1.74000000	9.74000000	0.01762280	0.00000000
C31	c	0.27449835	0.02146516	0.05598634	1.80000000	9.80000000	0.01114965	0.00000000
C32	c	0.40768684	0.87243900	0.11266453	1.86000000	9.86000000	0.02599417	0.00000000
C33	c	0.19987925	0.94916806	0.11695947	1.92000000	9.92000000	0.01449070	0.00000000
C34	c	0.07927005	0.90706712	0.10580061	1.98000000	9.98000000	0.01359877	0.00000000
C35	c	0.72483016	0.58957814	0.08048167	2.00000000	10.00000000	0.01349223	0.00000000
C36	c	0.42322401	0.78055967	0.14116332	2.00000000	10.00000000	0.02392222	0.00000000
C37	c	0.23693627	0.13554627	0.02420382	2.00000000	10.00000000	0.02351525	0.00000000
C38	c	0.15972931	0.20940176	0.02855197	2.00000000	10.00000000	0.02159576	0.00000000
C39	c	0.53564741	0.85844868	0.07382731	2.00000000	10.00000000	0.02776474	0.00000000
C40	c	0.58664096	0.90806646	0.14635498	2.00000000	10.00000000	0.02587964	0.00000000
C41	c	0.15697553	0.42509992	0.12999608	2.00000000	10.00000000	0.02770376	0.00000000
C42	c	0.93437129	0.85380035	0.08661131	2.00000000	10.00000000	0.02754034	0.00000000
C43	c	0.25065081	0.64696216	0.09754865	2.00000000	10.00000000	0.02396909	0.00000000
C44	c	0.61135624	0.24310763	0.11252789	2.00000000	10.00000000	0.02435245	0.00000000
C45	c	0.93167664	0.24452202	0.04681496	2.00000000	10.00000000	0.02434347	0.00000000
C46	c	0.83890465	0.30771324	0.06555322	2.00000000	10.00000000	0.02052035	0.00000000
C47	c	0.93594372	0.64572794	0.03458806	2.00000000	10.00000000	0.01872868	0.00000000
C48	c	0.00711644	0.27168395	0.10693838	2.00000000	10.00000000	0.02603521	0.00000000
C49	c	0.33710583	0.55440846	0.08517005	2.00000000	10.00000000	0.02991378	0.00000000
C50	c	0.65164565	0.21600104	0.08474171	2.00000000	10.00000000	0.02234870	0.00000000

Q Vehicle fuel tank capacity /0.40000000/
C Vehicle load capacity /1.50000000/
r fuel consumption rate /0.25000000/
g inverse refueling rate /1.00000000/
v average Velocity /1.00000000/
