StringID	Type	x	y	demand	ReadyTime	DueDate	ServiceTime	altitude
D0	d	0.50000000	0.50000000	0.00000000	0.00000000	10.00000000	0.00000000	0.00000000
S0	f	0.91836620	0.05050186	0.00000000	0.00000000	10.00000000	0.00000000	0.00000000
S1	f	0.56868108	0.48658313	0.00000000	0.00000000	10.00000000	0.00000000	0.00000000
S2	f	0.98880375	0.95145893	0.00000000	0.00000000	10.00000000	0.00000000	0.00000000
S3	f	0.17400306	0.87352747	0.00000000	0.00000000	10.00000000	0.00000000	0.00000000
S4	f	0.79730697	0.87394584	0.00000000	0.00000000	10.00000000	0.00000000	0.00000000
S5	f	0.11816017	0.06644401	0.00000000	0.00000000	10.00000000	0.00000000	0.00000000
S6	f	0.01998414	0.20374850	0.00000000	0.00000000	10.00000000	0.00000000	0.00000000
S7	f	0.25411131	0.68313258	0.00000000	0.00000000	10.00000000	0.00000000	0.00000000
S8	f	0.83502785	0.46555334	0.00000000	0.00000000	10.00000000	0.00000000	0.00000000
S9	f	0.01607711	0.96305408	0.00000000	0.00000000	10.00000000	0.00000000	0.00000000
C1	c	0.14077746	0.74091690	0.08896241	0.00000000	8.00000000	0.02967502	0.00000000
C2	c	0.13188780	0.68655297	0.05327484	0.06000000	8.06000000	0.01999868	0.00000000
C3	c	0.26208086	0.61621045	0.13962039	0.12000000	8.12000000	0.01089518	0.00000000
C4	c	0.15144024	0.64202072	0.02938191	0.18000000	8.18000000	0.01046335	0.00000000
C5	c	0.17784552	0.58519538	0.01964054	0.24000000	8.24000000	0.01497223	0.00000000
C6	c	0.10114834	0.62137750	0.12050744	0.30000000	8.30000000	0.01571728	0.00000000
C7	c	0.17014410	0.59586255	0.06789561	0.36000000	8.36000000	0.02845104	0.00000000
C8	c	0.11214952	0.74646620	0.15445766	0.42000000	8.42000000	0.02918033	0.00000000
C9	c	0.10511300	0.67002885	0.13735647	0.48000000	8.48000000	0.02945380	0.00000000
C10	c	0.05317741	0.58966472	0.16010028	0.54000000	8.54000000	0.02081389	0.00000000
C11	c	0.33536139	0.62768693	0.16560373	0.60000000	8.60000000	0.02294796	0.00000000
C12	c	0.20406623	0.58262316	0.11830608	0.66000000	8.66000000	0.01850537	0.00000000
C13	c	0.20959346	0.51219732	0.10193498	0.72000000	8.72000000	0.02387518	0.00000000
C14	c	0.17458813	0.57901892	0.14017623	0.78000000	8.78000000	0.01309468	0.00000000
C15	c	0.36771883	0.65513564	0.14966402	0.84000000	8.84000000	0.01785533	0.00000000
C16	c	0.26844593	0.54964001	0.09176432	0.90000000	8.90000000	0.02174112	0.00000000
C17	c	0.26839376	0.51384727	0.15462045	0.96000000	8.96000000	0.02422146	0.00000000
C18	c	0.26726568	0.50588259	0.09892143	1.02000000	9.02000000	0.01468881	0.00000000
C19	c	0.25404819	0.53771136	0.04498239	1.08000000	9.08000000	0.02986471	0.00000000
C20	c	0.37162505	0.44679966	0.09938468	1.14000000	9.14000000	0.01376694	0.00000000
C21	c	0.30260546	0.44507020	0.09492669	1.20000000	9.20000000	0.02681243	0.00000000
C22	c	0.25455725	0.40951936	0.06213579	1.26000000	9.26000000	0.02109967	0.00000000
C23	c	0.28666396	0.37993407	0.08281815	1.32000000	9.32000000	0.01493087	0.00000000
C24	c	0.27591670	0.35914181	0.06778450	1.38000000	9.38000000	0.01090620	0.00000000
C25	c	0.94230242	0.00000000	0.01292299	1.44000000	9.44000000	0.01122139	0.00000000
C26	c	0.56090128	0.09010386	0.11935563	1.50000000	9.50000000	0.01502156	0.00000000
C27	c	0.16419774	0.53881653	0.11674006	1.56000000	9.56000000	0.02803959	0.00000000
C28	c	0.72818273	0.37053432	0.12936734	1.62000000	9.62000000	0.02047651	0.00000000
C29	c	0.65440720	0.48479279	0.05196952	1.68000000	9.68000000	0.01273990	0.00000000
C30	c	0.80641520	0.25919946	0.06018625	1.74000000	9.74000000	0.02070785	0.00000000
C31	c	0.38539868	0.09606050	0.05275178	1.80000000	9.80000000	0.01735025	0.00000000
C32	c	0.36432321	0.54917311	0.08059811	1.86000000	9.86000000	0.02146581	0.00000000
C33	c	0.98375122	0.49993388	0.01847118	1.92000000	9.92000000	0.01707076	0.00000000
C34	c	0.04475924	0.02316772	0.14322918	1.98000000	9.98000000	0.02077674	0.00000000
C35	c	0.24861160	0.28586384	0.09820036	2.00000000	10.00000000	0.01383825	0.00000000
C36	c	0.92255186	0.95901669	0.02508587	2.00000000	10.00000000	0.02380188	0.00000000
C37	c	0.97269020	0.54069461	0.03659259	2.00000000	10.00000000	0.01967417	0.00000000
C38	c	0.64739803	0.42526866	0.09477061	2.00000000	10.00000000	0.01832368	0.00000000
C39	c	0.69375901	0.15473382	0.12417904	2.00000000	10.00000000	0.01157321	0.00000000
C40	c	0.39276667	0.58705619	0.06863651	2.00000000	10.00000000	0.02719112	0.00000000
C41	c	0.71107279	0.23444043	0.08791691	2.00000000	10.00000000	0.01214974	0.00000000
C42	c	0.99323563	0.18834687	0.08702100	2.00000000	10.00000000	0.01273134	0.00000000
C43	c	0.84062163	0.55498359	0.11272176	2.00000000	10.00000000	0.01851229	0.00000000
C44	c	0.24654359	0.04530988	0.08638077	2.00000000	10.00000000	0.01379074	0.00000000
C45	c	0.06106934	0.25107794	0.13632849	2.00000000	10.00000000	0.01960071	0.00000000
C46	c	0.90197944	0.52382573	0.05134629	2.00000000	10.00000000	0.02455250	0.00000000
C47	c	0.19191257	0.69009404	0.07094493	2.00000000	10.00000000	0.02232835	0.00000000
C48	c	0.48370832	0.41618398	0.02601093	2.00000000	10.00000000	0.01606808	0.00000000
C49	c	0.07866069	0.85955619	0.06767193	2.00000000	10.00000000	0.01410333	0.00000000
C50	c	0.10748701	0.13656691	0.09637898	2.00000000	10.00000000	0.02378571	0.00000000

Q Vehicle fuel tank capacity /0.40000000/
C Vehicle load capacity /1.50000000/
r fuel consumption rate /0.25000000/
g inverse refueling rate /1.00000000/
v average Velocity /1.00000000/
