StringID	Type	x	y	demand	ReadyTime	DueDate	ServiceTime	altitude
D0	d	0.50000000	0.50000000	0.00000000	0.00000000	10.00000000	0.00000000	0.00000000
S0	f	0.05981893	0.46505224	0.00000000	0.00000000	10.00000000	0.00000000	0.00000000
S1	f	0.52010496	0.75166814	0.00000000	0.00000000	10.00000000	0.00000000	0.00000000
S2	f	0.68379082	0.01819865	0.00000000	0.00000000	10.00000000	0.00000000	0.00000000
S3	f	0.83584196	0.42944562	0.00000000	0.00000000	10.00000000	0.00000000	0.00000000
S4	f	0.01296977	0.90561723	0.00000000	0.00000000	10.00000000	0.00000000	0.00000000
S5	f	0.51907167	0.66102121	0.00000000	0.00000000	10.00000000	0.00000000	0.00000000
S6	f	0.70019241	0.47875092	0.00000000	0.00000000	10.00000000	0.00000000	0.00000000
S7	f	0.79259721	0.39980876	0.00000000	0.00000000	10.00000000	0.00000000	0.00000000
S8	f	0.82206944	0.61120099	0.00000000	0.00000000	10.00000000	0.00000000	0.00000000
S9	f	0.21500398	0.54119381	0.00000000	0.00000000	10.00000000	0.00000000	0.00000000
C1	c	0.87329706	0.39079679	0.05727918	0.00000000	8.00000000	0.01725904	0.00000000
C2	c	0.94822688	0.69326736	0.04499229	0.06000000	8.06000000	0.01263266	0.00000000
C3	c	0.12748942	0.21885607	0.08829378	0.12000000	8.12000000	0.01894096	0.00000000
C4	c	0.70677043	0.32334829	0.09858750	0.18000000	8.18000000	0.01257922	0.00000000
C5	c	0.76340010	0.54058266	0.01793828	0.24000000	8.24000000	0.01232021	0.00000000
C6	c	0.88797897	0.82860999	0.11815443	0.30000000	8.30000000	0.02927757	0.00000000
C7	c	0.67480967	0.75056997	0.02023861	0.36000000	8.36000000	0.02339235	0.00000000
C8	c	0.91386875	0.19616050	0.12816866	0.42000000	8.42000000	0.02808093	0.00000000
C9	c	0.84227976	0.86170798	0.14469434	0.48000000	8.48000000	0.02981601	0.00000000
C10	c	0.56024497	0.21105795	0.13423222	0.54000000	8.54000000	0.02246938	0.00000000
C11	c	0.50619039	0.38085250	0.13256772	0.60000000	8.60000000	0.02035179	0.00000000
C12	c	0.04090316	0.33832690	0.02490132	0.66000000	8.66000000	0.02542415	0.00000000
C13	c	0.20196167	0.34987938	0.15875048	0.72000000	8.72000000	0.01033730	0.00000000
C14	c	0.68881288	0.25226670	0.13154293	0.78000000	8.78000000	0.01262759	0.00000000
C15	c	0.13164515	0.10800614	0.07209339	0.84000000	8.84000000	0.02733046	0.00000000
C16	c	0.95769008	0.76746802	0.07785645	0.90000000	8.90000000	0.01255907	0.00000000
C17	c	0.15582786	0.81701731	0.10383178	0.96000000	8.96000000	0.02855111	0.00000000
C18	c	0.32130803	0.18162769	0.10053777	1.02000000	9.02000000	0.01276097	0.00000000
C19	c	0.05981893	0.46505224	0.08482008	1.08000000	9.08000000	0.02964185	0.00000000
C20	c	0.37334677	0.97390294	0.13138032	1.14000000	9.14000000	0.01115179	0.00000000
C21	c	0.22936724	0.98972497	0.12403280	1.20000000	9.20000000	0.02502728	0.00000000
C22	c	0.73053399	0.26901257	0.12354031	1.26000000	9.26000000	0.01202306	0.00000000
C23	c	0.14079508	0.26574078	0.13846257	1.32000000	9.32000000	0.02560967	0.00000000
C24	c	0.03343386	0.81208555	0.05840243	1.38000000	9.38000000	0.01628141	0.00000000
C25	c	0.41036724	0.36436009	0.08276201	1.44000000	9.44000000	0.01005503	0.00000000
C26	c	0.30657392	0.98610800	0.05602647	1.50000000	9.50000000	0.01182927	0.00000000
C27	c	0.26772596	0.72235238	0.12366681	1.56000000	9.56000000	0.02669169	0.00000000
C28	c	0.03727923	0.86078151	0.16558239	1.62000000	9.62000000	0.02702350	0.00000000
C29	c	0.21377096	0.70392996	0.03203315	1.68000000	9.68000000	0.02591444	0.00000000
C30	c	0.85359387	0.51020582	0.11412632	1.74000000	9.74000000	0.01934816	0.00000000
C31	c	0.68235409	0.55669680	0.04999814	1.80000000	9.80000000	0.01853838	0.00000000
C32	c	0.80550500	0.15216106	0.12592665	1.86000000	9.86000000	0.02992838	0.00000000
C33	c	0.78407262	0.10451033	0.11827444	1.92000000	9.92000000	0.02116399	0.00000000
C34	c	0.90487148	0.32312770	0.12204239	1.98000000	9.98000000	0.02650508	0.00000000
C35	c	0.17089388	0.03188391	0.15852675	2.00000000	10.00000000	0.02663331	0.00000000
C36	c	0.52010496	0.75166814	0.16136328	2.00000000	10.00000000	0.01449609	0.00000000
C37	c	0.30833536	0.63654541	0.09245119	2.00000000	10.00000000	0.01608741	0.00000000
C38	c	0.54505387	0.31973310	0.08873729	2.00000000	10.00000000	0.02458674	0.00000000
C39	c	0.44021424	0.21041472	0.02308310	2.00000000	10.00000000	0.02285976	0.00000000
C40	c	0.64568270	0.81356050	0.02678101	2.00000000	10.00000000	0.01498584	0.00000000
C41	c	0.43181544	0.10100872	0.05777605	2.00000000	10.00000000	0.01871185	0.00000000
C42	c	0.30524722	0.70714645	0.06866137	2.00000000	10.00000000	0.01387216	0.00000000
C43	c	0.11435036	0.15564796	0.03855780	2.00000000	10.00000000	0.01082614	0.00000000
C44	c	0.52679265	0.25067250	0.01816171	2.00000000	10.00000000	0.02181396	0.00000000
C45	c	0.50523915	0.10806665	0.03579867	2.00000000	10.00000000	0.02249276	0.00000000
C46	c	0.26534671	0.81515691	0.13260143	2.00000000	10.00000000	0.01714517	0.00000000
C47	c	0.38486655	0.75503040	0.01756004	2.00000000	10.00000000	0.01502126	0.00000000
C48	c	0.70213532	0.69553320	0.10329714	2.00000000	10.00000000	0.02887377	0.00000000
C49	c	0.55053376	0.50813692	0.06169885	2.00000000	10.00000000	0.01091507	0.00000000
C50	c	0.64381299	0.19119506	0.10920590	2.00000000	10.00000000	0.01403050	0.00000000

Q Vehicle fuel tank capacity /0.40000000/
C Vehicle load capacity /1.50000000/
r fuel consumption rate /0.25000000/
g inverse refueling rate /1.00000000/
v average Velocity /1.00000000/
