StringID	Type	x	y	demand	ReadyTime	DueDate	ServiceTime	altitude
D0	d	0.50000000	0.50000000	0.00000000	0.00000000	10.00000000	0.00000000	0.00000000
S0	f	0.04076964	0.35474252	0.00000000	0.00000000	10.00000000	0.00000000	0.00000000
S1	f	0.56120949	0.51604536	0.00000000	0.00000000	10.00000000	0.00000000	0.00000000
S2	f	0.68778238	0.88557269	0.00000000	0.00000000	10.00000000	0.00000000	0.00000000
S3	f	0.64580833	0.98171708	0.00000000	0.00000000	10.00000000	0.00000000	0.00000000
S4	f	0.45899552	0.57570649	0.00000000	0.00000000	10.00000000	0.00000000	0.00000000
S5	f	0.49156601	0.61594531	0.00000000	0.00000000	10.00000000	0.00000000	0.00000000
C1	c	0.17834195	0.28456602	0.19272283	0.00000000	8.00000000	0.02120269	0.00000000
C2	c	0.16797800	0.26861337	0.11919049	0.10000000	8.10000000	0.02596256	0.00000000
C3	c	0.79548980	0.02772831	0.07821728	0.20000000	8.20000000	0.02353970	0.00000000
C4	c	0.86508406	0.01895255	0.04832011	0.30000000	8.30000000	0.01631325	0.00000000
C5	c	0.77413311	0.00000000	0.22737770	0.40000000	8.40000000	0.01782539	0.00000000
C6	c	0.70760149	0.04214905	0.12144698	0.50000000	8.50000000	0.01124373	0.00000000
C7	c	0.67879575	0.09067198	0.26025713	0.60000000	8.60000000	0.02468773	0.00000000
C8	c	0.76827161	0.09792945	0.12371192	0.70000000	8.70000000	0.01369619	0.00000000
C9	c	0.87495454	0.90782295	0.09017329	0.80000000	8.80000000	0.02643215	0.00000000
C10	c	0.90803010	0.87006060	0.07864522	0.90000000	8.90000000	0.02649656	0.00000000
C11	c	0.84638214	0.83150880	0.20067045	1.00000000	9.00000000	0.01030852	0.00000000
C12	c	0.90242922	0.73792174	0.06804773	1.10000000	9.10000000	0.02614815	0.00000000
C13	c	0.90152824	0.85544299	0.14053610	1.20000000	9.20000000	0.01761351	0.00000000
C14	c	0.83794482	0.81817576	0.09552557	1.30000000	9.30000000	0.01703954	0.00000000
C15	c	0.91768767	0.89081296	0.06083998	1.40000000	9.40000000	0.01940917	0.00000000
C16	c	0.19314069	0.61157761	0.18213277	1.50000000	9.50000000	0.01522174	0.00000000
C17	c	0.95079216	0.56902017	0.07286213	1.60000000	9.60000000	0.02000623	0.00000000
C18	c	0.08001157	0.38652326	0.18809927	1.70000000	9.70000000	0.01163375	0.00000000
C19	c	0.95730265	0.89859317	0.28151864	1.80000000	9.80000000	0.01311013	0.00000000
C20	c	0.48565461	0.31714890	0.17637899	1.90000000	9.90000000	0.02901693	0.00000000
C21	c	0.19502764	0.45293483	0.04170647	2.00000000	10.00000000	0.02837387	0.00000000
C22	c	0.56013444	0.79812825	0.12611951	2.00000000	10.00000000	0.02099979	0.00000000
C23	c	0.67698502	0.31566244	0.28331162	2.00000000	10.00000000	0.02161977	0.00000000
C24	c	0.39126930	0.06218630	0.26714308	2.00000000	10.00000000	0.02009165	0.00000000
C25	c	0.73438674	0.18480950	0.25252034	2.00000000	10.00000000	0.02752076	0.00000000
C26	c	0.01542624	0.80740746	0.24429936	2.00000000	10.00000000	0.02407175	0.00000000
C27	c	0.38067563	0.35197706	0.15342019	2.00000000	10.00000000	0.01975970	0.00000000
C28	c	0.47045833	0.26108700	0.10701387	2.00000000	10.00000000	0.02163852	0.00000000
C29	c	0.50031129	0.08168738	0.07338179	2.00000000	10.00000000	0.01866612	0.00000000
C30	c	0.15550673	0.95084673	0.14440919	2.00000000	10.00000000	0.02747740	0.00000000

Q Vehicle fuel tank capacity /0.40000000/
C Vehicle load capacity /1.50000000/
r fuel consumption rate /0.25000000/
g inverse refueling rate /1.00000000/
v average Velocity /1.00000000/
