StringID	Type	x	y	demand	ReadyTime	DueDate	ServiceTime	altitude
D0	d	0.50000000	0.50000000	0.00000000	0.00000000	10.00000000	0.00000000	0.00000000
S0	f	0.38046973	0.26631814	0.00000000	0.00000000	10.00000000	0.00000000	0.00000000
S1	f	0.16060617	0.51404052	0.00000000	0.00000000	10.00000000	0.00000000	0.00000000
S2	f	0.07057338	0.00197303	0.00000000	0.00000000	10.00000000	0.00000000	0.00000000
S3	f	0.08730563	0.14407932	0.00000000	0.00000000	10.00000000	0.00000000	0.00000000
S4	f	0.22339443	0.98609410	0.00000000	0.00000000	10.00000000	0.00000000	0.00000000
S5	f	0.89023599	0.98313042	0.00000000	0.00000000	10.00000000	0.00000000	0.00000000
S6	f	0.57359382	0.20627482	0.00000000	0.00000000	10.00000000	0.00000000	0.00000000
S7	f	0.37948033	0.33639526	0.00000000	0.00000000	10.00000000	0.00000000	0.00000000
S8	f	0.81595950	0.17007022	0.00000000	0.00000000	10.00000000	0.00000000	0.00000000
S9	f	0.85557219	0.71080179	0.00000000	0.00000000	10.00000000	0.00000000	0.00000000
C1	c	0.73798623	0.80651659	0.14110710	0.00000000	8.00000000	0.01061407	0.00000000
C2	c	0.72775991	0.82720715	0.14698863	0.06000000	8.06000000	0.02664122	0.00000000
C3	c	0.64188992	0.86727754	0.04709355	0.12000000	8.12000000	0.02076717	0.00000000
C4	c	0.70318886	0.89688740	0.13730527	0.18000000	8.18000000	0.02439381	0.00000000
C5	c	1.00000000	0.62470519	0.14802783	0.24000000	8.24000000	0.02639142	0.00000000
C6	c	0.98854910	0.55801750	0.10596215	0.30000000	8.30000000	0.01001687	0.00000000
C7	c	0.89850088	0.60371107	0.12237566	0.36000000	8.36000000	0.02012141	0.00000000
C8	c	1.00000000	0.57666658	0.11643288	0.42000000	8.42000000	0.01036271	0.00000000
C9	c	0.20705039	0.84872868	0.11199288	0.48000000	8.48000000	0.01694993	0.00000000
C10	c	0.18911666	0.84487686	0.05575096	0.54000000	8.54000000	0.02620519	0.00000000
C11	c	0.13535583	0.86661732	0.09804952	0.60000000	8.60000000	0.01108091	0.00000000
C12	c	0.23672953	0.92672034	0.10970075	0.66000000	8.66000000	0.02982155	0.00000000
C13	c	0.85653406	0.35956029	0.11213218	0.72000000	8.72000000	0.01711057	0.00000000
C14	c	0.80467647	0.31102119	0.08343484	0.78000000	8.78000000	0.02105997	0.00000000
C15	c	0.85098994	0.30666498	0.11002053	0.84000000	8.84000000	0.01975342	0.00000000
C16	c	0.93336378	0.28046659	0.11106828	0.90000000	8.90000000	0.02403005	0.00000000
C17	c	0.85017682	0.31826399	0.15074887	0.96000000	8.96000000	0.02890345	0.00000000
C18	c	0.85643394	0.28138128	0.12610987	1.02000000	9.02000000	0.02140940	0.00000000
C19	c	0.87106620	0.16678318	0.13763418	1.08000000	9.08000000	0.02599270	0.00000000
C20	c	0.87893316	0.00000000	0.13902231	1.14000000	9.14000000	0.02605523	0.00000000
C21	c	0.91789963	0.08476731	0.11255466	1.20000000	9.20000000	0.01959425	0.00000000
C22	c	0.91985278	0.00000000	0.02700474	1.26000000	9.26000000	0.02796055	0.00000000
C23	c	1.00000000	0.03594267	0.03485810	1.32000000	9.32000000	0.02608087	0.00000000
C24	c	0.95975847	0.10043335	0.07857611	1.38000000	9.38000000	0.02417861	0.00000000
C25	c	0.88225146	0.00000000	0.10165064	1.44000000	9.44000000	0.02270412	0.00000000
C26	c	0.73667782	0.63541157	0.11479200	1.50000000	9.50000000	0.01850080	0.00000000
C27	c	0.09193769	0.44408414	0.12285854	1.56000000	9.56000000	0.01546721	0.00000000
C28	c	0.69215897	0.20923675	0.08166024	1.62000000	9.62000000	0.01899307	0.00000000
C29	c	0.04472855	0.78515456	0.07885482	1.68000000	9.68000000	0.02309675	0.00000000
C30	c	0.23388163	0.03588734	0.12076185	1.74000000	9.74000000	0.02816166	0.00000000
C31	c	0.16187536	0.65591326	0.12513218	1.80000000	9.80000000	0.01850428	0.00000000
C32	c	0.22398099	0.07748080	0.10945149	1.86000000	9.86000000	0.01351404	0.00000000
C33	c	0.06127531	0.40149043	0.02529664	1.92000000	9.92000000	0.01593964	0.00000000
C34	c	0.43649325	0.12425226	0.07982517	1.98000000	9.98000000	0.02543397	0.00000000
C35	c	0.03070339	0.83206089	0.11823861	2.00000000	10.00000000	0.01887995	0.00000000
C36	c	0.53835855	0.71969036	0.04345995	2.00000000	10.00000000	0.01883761	0.00000000
C37	c	0.81957101	0.00084372	0.16375053	2.00000000	10.00000000	0.01131774	0.00000000
C38	c	0.50607049	0.01813567	0.01551485	2.00000000	10.00000000	0.01053907	0.00000000
C39	c	0.34749674	0.81025958	0.01798649	2.00000000	10.00000000	0.01333619	0.00000000
C40	c	0.05404572	0.99107768	0.13263862	2.00000000	10.00000000	0.02069680	0.00000000
C41	c	0.35552866	0.55299863	0.04727612	2.00000000	10.00000000	0.01167001	0.00000000
C42	c	0.48767076	0.70150270	0.01661746	2.00000000	10.00000000	0.02887448	0.00000000
C43	c	0.94517256	0.57046983	0.03612622	2.00000000	10.00000000	0.01773388	0.00000000
C44	c	0.79963487	0.80276149	0.11262610	2.00000000	10.00000000	0.01283125	0.00000000
C45	c	0.47971267	0.89802745	0.04574304	2.00000000	10.00000000	0.01404048	0.00000000
C46	c	0.80404358	0.70893059	0.02305805	2.00000000	10.00000000	0.01404402	0.00000000
C47	c	0.63520604	0.42503977	0.02054869	2.00000000	10.00000000	0.01344790	0.00000000
C48	c	0.27336059	0.44965350	0.07322970	2.00000000	10.00000000	0.01564639	0.00000000
C49	c	0.65483728	0.90808279	0.07864975	2.00000000	10.00000000	0.01500732	0.00000000
C50	c	0.42521420	0.17570184	0.03030043	2.00000000	10.00000000	0.02062564	0.00000000

Q Vehicle fuel tank capacity /0.40000000/
C Vehicle load capacity /1.50000000/
r fuel consumption rate /0.25000000/
g inverse refueling rate /1.00000000/
v average Velocity /1.00000000/
