StringID	Type	x	y	demand	ReadyTime	DueDate	ServiceTime	altitude
D0	d	0.50000000	0.50000000	0.00000000	0.00000000	10.00000000	0.00000000	0.00000000
S0	f	0.67494507	0.54720235	0.00000000	0.00000000	10.00000000	0.00000000	0.00000000
S1	f	0.17291405	0.26702384	0.00000000	0.00000000	10.00000000	0.00000000	0.00000000
S2	f	0.58734139	0.03932733	0.00000000	0.00000000	10.00000000	0.00000000	0.00000000
S3	f	0.19262048	0.37385310	0.00000000	0.00000000	10.00000000	0.00000000	0.00000000
S4	f	0.38519078	0.92488551	0.00000000	0.00000000	10.00000000	0.00000000	0.00000000
S5	f	0.86971985	0.25863151	0.00000000	0.00000000	10.00000000	0.00000000	0.00000000
C1	c	0.37519425	0.45499225	0.17840910	0.00000000	8.00000000	0.02124528	0.00000000
C2	c	0.33489954	0.43558698	0.08658578	0.10000000	8.10000000	0.01684078	0.00000000
C3	c	0.31346119	0.44715214	0.08750945	0.20000000	8.20000000	0.01463834	0.00000000
C4	c	0.37899721	0.33826651	0.16545256	0.30000000	8.30000000	0.01010383	0.00000000
C5	c	0.33385433	0.49937070	0.17485820	0.40000000	8.40000000	0.01887128	0.00000000
C6	c	0.31327559	0.44058822	0.03392142	0.50000000	8.50000000	0.02207352	0.00000000
C7	c	0.15100182	0.95833673	0.13971188	0.60000000	8.60000000	0.02038563	0.00000000
C8	c	0.11420179	0.95623646	0.14868290	0.70000000	8.70000000	0.02823362	0.00000000
C9	c	0.23234492	0.99009643	0.14910626	0.80000000	8.80000000	0.01808957	0.00000000
C10	c	0.29474507	0.98311383	0.19104951	0.90000000	8.90000000	0.02743723	0.00000000
C11	c	0.19582854	1.00000000	0.05331561	1.00000000	9.00000000	0.02736614	0.00000000
C12	c	0.85072485	0.93298219	0.08295441	1.10000000	9.10000000	0.01122304	0.00000000
C13	c	0.80850228	0.86375509	0.06193486	1.20000000	9.20000000	0.02608874	0.00000000
C14	c	0.87532712	0.79226441	0.10435791	1.30000000	9.30000000	0.01237164	0.00000000
C15	c	0.82323617	0.75041209	0.12569360	1.40000000	9.40000000	0.02324174	0.00000000
C16	c	0.51074114	0.90362550	0.20235828	1.50000000	9.50000000	0.01495422	0.00000000
C17	c	0.73807621	0.46511409	0.13523166	1.60000000	9.60000000	0.02870624	0.00000000
C18	c	0.90438647	0.23244712	0.13937813	1.70000000	9.70000000	0.02792493	0.00000000
C19	c	0.37932977	0.12485162	0.15202309	1.80000000	9.80000000	0.01553929	0.00000000
C20	c	0.56226399	0.34203885	0.25461773	1.90000000	9.90000000	0.02291855	0.00000000
C21	c	0.23191718	0.00519174	0.21138753	2.00000000	10.00000000	0.02922098	0.00000000
C22	c	0.44356377	0.60367587	0.14010841	2.00000000	10.00000000	0.02241993	0.00000000
C23	c	0.40447859	0.87186145	0.25481644	2.00000000	10.00000000	0.02532904	0.00000000
C24	c	0.86830720	0.06115207	0.07935164	2.00000000	10.00000000	0.01394101	0.00000000
C25	c	0.80443723	0.11858192	0.24325808	2.00000000	10.00000000	0.02529663	0.00000000
C26	c	0.66208691	0.24771078	0.25769621	2.00000000	10.00000000	0.01469626	0.00000000
C27	c	0.93531214	0.89624673	0.24313421	2.00000000	10.00000000	0.01767240	0.00000000
C28	c	0.27696453	0.64592738	0.23413274	2.00000000	10.00000000	0.01348753	0.00000000
C29	c	0.96104882	0.62099668	0.11770739	2.00000000	10.00000000	0.01172486	0.00000000
C30	c	0.76645185	0.19705030	0.05125502	2.00000000	10.00000000	0.02519029	0.00000000

Q Vehicle fuel tank capacity /0.40000000/
C Vehicle load capacity /1.50000000/
r fuel consumption rate /0.25000000/
g inverse refueling rate /1.00000000/
v average Velocity /1.00000000/
