StringID	Type	x	y	demand	ReadyTime	DueDate	ServiceTime	altitude
D0	d	0.50000000	0.50000000	0.00000000	0.00000000	10.00000000	0.00000000	0.00000000
S0	f	0.30268951	0.74065222	0.00000000	0.00000000	10.00000000	0.00000000	0.00000000
S1	f	0.45073587	0.93903769	0.00000000	0.00000000	10.00000000	0.00000000	0.00000000
S2	f	0.61390576	0.81738368	0.00000000	0.00000000	10.00000000	0.00000000	0.00000000
S3	f	0.63340079	0.40954420	0.00000000	0.00000000	10.00000000	0.00000000	0.00000000
S4	f	0.80956967	0.10798709	0.00000000	0.00000000	10.00000000	0.00000000	0.00000000
S5	f	0.56207594	0.66057058	0.00000000	0.00000000	10.00000000	0.00000000	0.00000000
C1	c	0.45046636	0.41007053	0.07193148	0.00000000	8.00000000	0.01849939	0.00000000
C2	c	0.41299511	0.46507276	0.19755619	0.10000000	8.10000000	0.02792610	0.00000000
C3	c	0.54836956	0.56225920	0.18810949	0.20000000	8.20000000	0.02437785	0.00000000
C4	c	0.43138557	0.64834564	0.12767584	0.30000000	8.30000000	0.02167847	0.00000000
C5	c	0.46890221	0.52837598	0.02569814	0.40000000	8.40000000	0.02481512	0.00000000
C6	c	0.47446160	0.39303177	0.22499048	0.50000000	8.50000000	0.02941867	0.00000000
C7	c	0.49657813	0.34922102	0.24906146	0.60000000	8.60000000	0.01914367	0.00000000
C8	c	0.49316742	0.26345312	0.02574895	0.70000000	8.70000000	0.01752879	0.00000000
C9	c	0.56572398	0.31063197	0.19143349	0.80000000	8.80000000	0.01654720	0.00000000
C10	c	0.45461284	0.01351178	0.24935549	0.90000000	8.90000000	0.01151680	0.00000000
C11	c	0.56688094	0.10944143	0.16056880	1.00000000	9.00000000	0.02967010	0.00000000
C12	c	0.51043970	0.08643681	0.06160660	1.10000000	9.10000000	0.02152972	0.00000000
C13	c	0.50371629	0.09785439	0.19865995	1.20000000	9.20000000	0.02189819	0.00000000
C14	c	0.48921547	0.10010413	0.06312340	1.30000000	9.30000000	0.02790080	0.00000000
C15	c	0.49138830	0.06396327	0.02118295	1.40000000	9.40000000	0.01817978	0.00000000
C16	c	0.70276236	0.17456748	0.24747978	1.50000000	9.50000000	0.01375523	0.00000000
C17	c	0.01112279	0.89301646	0.22599945	1.60000000	9.60000000	0.01960660	0.00000000
C18	c	0.80930618	0.80852633	0.22579934	1.70000000	9.70000000	0.02622091	0.00000000
C19	c	0.18974097	0.31738759	0.06701697	1.80000000	9.80000000	0.02435558	0.00000000
C20	c	0.42034451	0.35724780	0.09977151	1.90000000	9.90000000	0.02340650	0.00000000
C21	c	0.73197718	0.99054038	0.12619060	2.00000000	10.00000000	0.02135959	0.00000000
C22	c	0.97801762	0.86162892	0.10999977	2.00000000	10.00000000	0.01022053	0.00000000
C23	c	0.54526850	0.14528582	0.20615657	2.00000000	10.00000000	0.01910608	0.00000000
C24	c	0.11664189	0.28533177	0.27250475	2.00000000	10.00000000	0.02402244	0.00000000
C25	c	0.42496948	0.89630518	0.26929136	2.00000000	10.00000000	0.02655797	0.00000000
C26	c	0.71889227	0.58392367	0.23942564	2.00000000	10.00000000	0.02057841	0.00000000
C27	c	0.32736023	0.07584018	0.15824651	2.00000000	10.00000000	0.01496830	0.00000000
C28	c	0.98350512	0.57648623	0.05560963	2.00000000	10.00000000	0.02077851	0.00000000
C29	c	0.59490951	0.89503993	0.04825950	2.00000000	10.00000000	0.01298097	0.00000000
C30	c	0.40898902	0.18776137	0.09154588	2.00000000	10.00000000	0.02888330	0.00000000

Q Vehicle fuel tank capacity /0.40000000/
C Vehicle load capacity /1.50000000/
r fuel consumption rate /0.25000000/
g inverse refueling rate /1.00000000/
v average Velocity /1.00000000/
