StringID	Type	x	y	demand	ReadyTime	DueDate	ServiceTime	altitude
D0	d	0.50000000	0.50000000	0.00000000	0.00000000	10.00000000	0.00000000	0.00000000
S0	f	0.67869956	0.55998695	0.00000000	0.00000000	10.00000000	0.00000000	0.00000000
S1	f	0.73665349	0.35148298	0.00000000	0.00000000	10.00000000	0.00000000	0.00000000
S2	f	0.33660620	0.93778486	0.00000000	0.00000000	10.00000000	0.00000000	0.00000000
S3	f	0.71624110	0.53431388	0.00000000	0.00000000	10.00000000	0.00000000	0.00000000
S4	f	0.87803723	0.18739442	0.00000000	0.00000000	10.00000000	0.00000000	0.00000000
S5	f	0.85464456	0.45935030	0.00000000	0.00000000	10.00000000	0.00000000	0.00000000
S6	f	0.92286870	0.78092121	0.00000000	0.00000000	10.00000000	0.00000000	0.00000000
S7	f	0.46225694	0.97210442	0.00000000	0.00000000	10.00000000	0.00000000	0.00000000
S8	f	0.00459912	0.70060047	0.00000000	0.00000000	10.00000000	0.00000000	0.00000000
S9	f	0.70514601	0.10392105	0.00000000	0.00000000	10.00000000	0.00000000	0.00000000
C1	c	0.94323548	0.85755082	0.04033903	0.00000000	8.00000000	0.02484635	0.00000000
C2	c	0.99854033	0.63639527	0.08759835	0.06000000	8.06000000	0.01629795	0.00000000
C3	c	0.41206389	0.63767202	0.08734472	0.12000000	8.12000000	0.01106492	0.00000000
C4	c	0.35229169	0.65277244	0.07050793	0.18000000	8.18000000	0.02574912	0.00000000
C5	c	0.53053511	0.39613658	0.03089850	0.24000000	8.24000000	0.01915628	0.00000000
C6	c	0.45213493	0.09821866	0.07521351	0.30000000	8.30000000	0.01812025	0.00000000
C7	c	0.37228797	0.61639959	0.15056748	0.36000000	8.36000000	0.02734430	0.00000000
C8	c	0.62127308	0.95808231	0.06976612	0.42000000	8.42000000	0.01918280	0.00000000
C9	c	0.35549925	0.82394263	0.05378860	0.48000000	8.48000000	0.01771665	0.00000000
C10	c	0.24538752	0.26245503	0.14055044	0.54000000	8.54000000	0.02561381	0.00000000
C11	c	0.18383365	0.60781491	0.12007217	0.60000000	8.60000000	0.02081744	0.00000000
C12	c	0.63244534	0.39782668	0.09439047	0.66000000	8.66000000	0.01280111	0.00000000
C13	c	0.23645428	0.66544094	0.15485114	0.72000000	8.72000000	0.01892935	0.00000000
C14	c	0.81869117	0.77464814	0.05541032	0.78000000	8.78000000	0.02384986	0.00000000
C15	c	0.24539228	0.17887377	0.10601105	0.84000000	8.84000000	0.01917302	0.00000000
C16	c	0.47545128	0.45917178	0.08638778	0.90000000	8.90000000	0.01170480	0.00000000
C17	c	0.69091679	0.83553021	0.17499137	0.96000000	8.96000000	0.02208131	0.00000000
C18	c	0.67869956	0.55998695	0.07485040	1.02000000	9.02000000	0.01352541	0.00000000
C19	c	0.03401231	0.80797201	0.13801565	1.08000000	9.08000000	0.02614842	0.00000000
C20	c	0.61840034	0.07699788	0.09145322	1.14000000	9.14000000	0.01389612	0.00000000
C21	c	0.85864691	0.55479349	0.04899579	1.20000000	9.20000000	0.02839760	0.00000000
C22	c	0.27099997	0.38524741	0.05644090	1.26000000	9.26000000	0.01704625	0.00000000
C23	c	0.11600777	0.33989425	0.10724940	1.32000000	9.32000000	0.01995490	0.00000000
C24	c	0.08880852	0.15466005	0.11303741	1.38000000	9.38000000	0.02202427	0.00000000
C25	c	0.11076708	0.63539514	0.04717296	1.44000000	9.44000000	0.02495020	0.00000000
C26	c	0.50288651	0.11030594	0.06890122	1.50000000	9.50000000	0.01742341	0.00000000
C27	c	0.60867336	0.82235376	0.07802751	1.56000000	9.56000000	0.01197606	0.00000000
C28	c	0.74801565	0.23656813	0.05277365	1.62000000	9.62000000	0.02052854	0.00000000
C29	c	0.80184744	0.52945643	0.15235051	1.68000000	9.68000000	0.01088673	0.00000000
C30	c	0.63059202	0.69796914	0.14448336	1.74000000	9.74000000	0.02402791	0.00000000
C31	c	0.71477296	0.95192779	0.16730541	1.80000000	9.80000000	0.02151386	0.00000000
C32	c	0.83852864	0.96637064	0.10679824	1.86000000	9.86000000	0.01318207	0.00000000
C33	c	0.52666320	0.30462711	0.14731929	1.92000000	9.92000000	0.02639973	0.00000000
C34	c	0.04141402	0.47321840	0.12515992	1.98000000	9.98000000	0.02471834	0.00000000
C35	c	0.84392849	0.61634112	0.13029724	2.00000000	10.00000000	0.02995260	0.00000000
C36	c	0.73665349	0.35148298	0.01988599	2.00000000	10.00000000	0.02951853	0.00000000
C37	c	0.67373002	0.66085297	0.06392683	2.00000000	10.00000000	0.02633436	0.00000000
C38	c	0.01848221	0.06168835	0.06360809	2.00000000	10.00000000	0.01521383	0.00000000
C39	c	0.32365638	0.87963013	0.17938873	2.00000000	10.00000000	0.01265356	0.00000000
C40	c	0.91606837	0.10019697	0.05068781	2.00000000	10.00000000	0.01130301	0.00000000
C41	c	0.52819759	0.17880306	0.05126734	2.00000000	10.00000000	0.02621942	0.00000000
C42	c	0.40089315	0.87079399	0.09408122	2.00000000	10.00000000	0.02008106	0.00000000
C43	c	0.66150769	0.73958795	0.11021292	2.00000000	10.00000000	0.02961604	0.00000000
C44	c	0.49528440	0.23810185	0.06011846	2.00000000	10.00000000	0.01327995	0.00000000
C45	c	0.66409047	0.35262895	0.04769266	2.00000000	10.00000000	0.02607113	0.00000000
C46	c	0.68779767	0.26811129	0.10657052	2.00000000	10.00000000	0.02237400	0.00000000
C47	c	0.10350776	0.04208967	0.02458297	2.00000000	10.00000000	0.02072160	0.00000000
C48	c	0.72730338	0.18162089	0.07070138	2.00000000	10.00000000	0.02132998	0.00000000
C49	c	0.38636266	0.68823339	0.09167858	2.00000000	10.00000000	0.01675521	0.00000000
C50	c	0.89867349	0.00906700	0.01627548	2.00000000	10.00000000	0.01511117	0.00000000

Q Vehicle fuel tank capacity /0.40000000/
C Vehicle load capacity /1.50000000/
r fuel consumption rate /0.25000000/
g inverse refueling rate /1.00000000/
v average Velocity /1.00000000/
