StringID	Type	x	y	demand	ReadyTime	DueDate	ServiceTime	altitude
D0	d	0.50000000	0.50000000	0.00000000	0.00000000	10.00000000	0.00000000	0.00000000
S0	f	0.67298728	0.29583490	0.00000000	0.00000000	10.00000000	0.00000000	0.00000000
S1	f	0.41286171	0.55458806	0.00000000	0.00000000	10.00000000	0.00000000	0.00000000
S2	f	0.88779767	0.07659606	0.00000000	0.00000000	10.00000000	0.00000000	0.00000000
S3	f	0.98193872	0.83273999	0.00000000	0.00000000	10.00000000	0.00000000	0.00000000
S4	f	0.85774041	0.76209171	0.00000000	0.00000000	10.00000000	0.00000000	0.00000000
S5	f	0.42923747	0.51292401	0.00000000	0.00000000	10.00000000	0.00000000	0.00000000
C1	c	0.52969912	0.43714755	0.16650347	0.00000000	8.00000000	0.01120803	0.00000000
C2	c	0.59159873	0.49183685	0.19195084	0.10000000	8.10000000	0.01277474	0.00000000
C3	c	0.69993365	0.84304537	0.18143374	0.20000000	8.20000000	0.02377978	0.00000000
C4	c	0.95950424	0.95863609	0.13201722	0.30000000	8.30000000	0.01551547	0.00000000
C5	c	0.87095194	0.53023366	0.20830162	0.40000000	8.40000000	0.02937097	0.00000000
C6	c	0.82361098	0.84086611	0.24791560	0.50000000	8.50000000	0.02078111	0.00000000
C7	c	0.77213220	0.61081084	0.06210501	0.60000000	8.60000000	0.01494607	0.00000000
C8	c	0.51303951	0.21416789	0.13010925	0.70000000	8.70000000	0.01103648	0.00000000
C9	c	0.65708379	0.63468811	0.18793289	0.80000000	8.80000000	0.02283035	0.00000000
C10	c	0.12258337	0.60320583	0.24394064	0.90000000	8.90000000	0.02256385	0.00000000
C11	c	0.43182854	0.65032430	0.08353215	1.00000000	9.00000000	0.02579943	0.00000000
C12	c	0.33898320	0.06804427	0.24392455	1.10000000	9.10000000	0.01304817	0.00000000
C13	c	0.91510499	0.64018081	0.03305661	1.20000000	9.20000000	0.02413480	0.00000000
C14	c	0.28605399	0.93806989	0.13813162	1.30000000	9.30000000	0.01943309	0.00000000
C15	c	0.53920852	0.91731818	0.12789729	1.40000000	9.40000000	0.01141575	0.00000000
C16	c	0.71389611	0.36229613	0.04581089	1.50000000	9.50000000	0.01444098	0.00000000
C17	c	0.63031572	0.33612126	0.13000819	1.60000000	9.60000000	0.02184680	0.00000000
C18	c	0.06874099	0.55102214	0.10438875	1.70000000	9.70000000	0.02780338	0.00000000
C19	c	0.67298728	0.29583490	0.18912556	1.80000000	9.80000000	0.02317700	0.00000000
C20	c	0.62010555	0.17483789	0.09139205	1.90000000	9.90000000	0.02214933	0.00000000
C21	c	0.66179823	0.70470635	0.10794907	2.00000000	10.00000000	0.01212813	0.00000000
C22	c	0.24037452	0.07169544	0.21984772	2.00000000	10.00000000	0.02037734	0.00000000
C23	c	0.88888224	0.29934847	0.18407711	2.00000000	10.00000000	0.01478618	0.00000000
C24	c	0.73551609	0.02431844	0.14963903	2.00000000	10.00000000	0.01808849	0.00000000
C25	c	0.60929298	0.42663301	0.11071134	2.00000000	10.00000000	0.01444169	0.00000000
C26	c	0.37053865	0.64354747	0.07288807	2.00000000	10.00000000	0.01792156	0.00000000
C27	c	0.82028007	0.79688535	0.09159172	2.00000000	10.00000000	0.01376424	0.00000000
C28	c	0.35350683	0.43405306	0.20466223	2.00000000	10.00000000	0.02090096	0.00000000
C29	c	0.61026530	0.69832691	0.17584216	2.00000000	10.00000000	0.01257258	0.00000000
C30	c	0.23793045	0.12505176	0.24331361	2.00000000	10.00000000	0.02641050	0.00000000

Q Vehicle fuel tank capacity /0.40000000/
C Vehicle load capacity /1.50000000/
r fuel consumption rate /0.25000000/
g inverse refueling rate /1.00000000/
v average Velocity /1.00000000/
