StringID	Type	x	y	demand	ReadyTime	DueDate	ServiceTime	altitude
D0	d	0.50000000	0.50000000	0.00000000	0.00000000	10.00000000	0.00000000	0.00000000
S0	f	0.28647479	0.99984673	0.00000000	0.00000000	10.00000000	0.00000000	0.00000000
S1	f	0.42336384	0.06231308	0.00000000	0.00000000	10.00000000	0.00000000	0.00000000
S2	f	0.99304244	0.89567132	0.00000000	0.00000000	10.00000000	0.00000000	0.00000000
S3	f	0.35155603	0.31641040	0.00000000	0.00000000	10.00000000	0.00000000	0.00000000
S4	f	0.57884663	0.79121031	0.00000000	0.00000000	10.00000000	0.00000000	0.00000000
S5	f	0.81135332	0.46300795	0.00000000	0.00000000	10.00000000	0.00000000	0.00000000
C1	c	0.50076892	0.06421053	0.25063060	0.00000000	8.00000000	0.01369756	0.00000000
C2	c	0.07675588	0.93492670	0.19226733	0.10000000	8.10000000	0.02548205	0.00000000
C3	c	0.24482124	0.09890545	0.10211555	0.20000000	8.20000000	0.01512928	0.00000000
C4	c	0.32464364	0.26376041	0.14817712	0.30000000	8.30000000	0.01862308	0.00000000
C5	c	0.35146663	0.96054696	0.20437861	0.40000000	8.40000000	0.01991400	0.00000000
C6	c	0.76681492	0.51578208	0.10409000	0.50000000	8.50000000	0.02067006	0.00000000
C7	c	0.76834782	0.39792288	0.27521234	0.60000000	8.60000000	0.01211096	0.00000000
C8	c	0.05691552	0.61205790	0.05063841	0.70000000	8.70000000	0.01019987	0.00000000
C9	c	0.55166731	0.71632163	0.14553998	0.80000000	8.80000000	0.02880547	0.00000000
C10	c	0.10161905	0.88936057	0.23895192	0.90000000	8.90000000	0.01714450	0.00000000
C11	c	0.81225800	0.15923522	0.20122413	1.00000000	9.00000000	0.01007016	0.00000000
C12	c	0.80297174	0.85476185	0.14443339	1.10000000	9.10000000	0.01832703	0.00000000
C13	c	0.48942290	0.45078541	0.12306675	1.20000000	9.20000000	0.01129566	0.00000000
C14	c	0.60528812	0.56266462	0.06606107	1.30000000	9.30000000	0.01449459	0.00000000
C15	c	0.13364337	0.99680344	0.02048966	1.40000000	9.40000000	0.01982538	0.00000000
C16	c	0.14990089	0.21090968	0.16490807	1.50000000	9.50000000	0.01167968	0.00000000
C17	c	0.71822909	0.29931673	0.23721327	1.60000000	9.60000000	0.02894645	0.00000000
C18	c	0.22426898	0.71882723	0.02188258	1.70000000	9.70000000	0.01210278	0.00000000
C19	c	0.15212385	0.87201494	0.19529817	1.80000000	9.80000000	0.02361708	0.00000000
C20	c	0.28647479	0.99984673	0.11308840	1.90000000	9.90000000	0.02995265	0.00000000
C21	c	0.56054404	0.49671352	0.27535877	2.00000000	10.00000000	0.01487380	0.00000000
C22	c	0.06283752	0.03224424	0.06355937	2.00000000	10.00000000	0.02153666	0.00000000
C23	c	0.96194928	0.68604966	0.20170255	2.00000000	10.00000000	0.02548173	0.00000000
C24	c	0.71398449	0.04905899	0.07640028	2.00000000	10.00000000	0.01036485	0.00000000
C25	c	0.23349208	0.88922494	0.20452353	2.00000000	10.00000000	0.01752867	0.00000000
C26	c	0.73137957	0.75160778	0.17880170	2.00000000	10.00000000	0.01459305	0.00000000
C27	c	0.91247877	0.28300954	0.03364723	2.00000000	10.00000000	0.01542680	0.00000000
C28	c	0.24550591	0.42478446	0.03002498	2.00000000	10.00000000	0.02318804	0.00000000
C29	c	0.62313843	0.64211185	0.27470446	2.00000000	10.00000000	0.01719296	0.00000000
C30	c	0.29949494	0.54612276	0.16160978	2.00000000	10.00000000	0.01888825	0.00000000

Q Vehicle fuel tank capacity /0.40000000/
C Vehicle load capacity /1.50000000/
r fuel consumption rate /0.25000000/
g inverse refueling rate /1.00000000/
v average Velocity /1.00000000/
