StringID	Type	x	y	demand	ReadyTime	DueDate	ServiceTime	altitude
D0	d	0.50000000	0.50000000	0.00000000	0.00000000	10.00000000	0.00000000	0.00000000
S0	f	0.62412284	0.47103530	0.00000000	0.00000000	10.00000000	0.00000000	0.00000000
S1	f	0.71005327	0.23636927	0.00000000	0.00000000	10.00000000	0.00000000	0.00000000
S2	f	0.47168266	0.05252645	0.00000000	0.00000000	10.00000000	0.00000000	0.00000000
S3	f	0.10914946	0.89641941	0.00000000	0.00000000	10.00000000	0.00000000	0.00000000
S4	f	0.54171661	0.09932429	0.00000000	0.00000000	10.00000000	0.00000000	0.00000000
S5	f	0.02290182	0.26436748	0.00000000	0.00000000	10.00000000	0.00000000	0.00000000
S6	f	0.21723359	0.80705676	0.00000000	0.00000000	10.00000000	0.00000000	0.00000000
S7	f	0.43082038	0.85137618	0.00000000	0.00000000	10.00000000	0.00000000	0.00000000
S8	f	0.56220378	0.05952772	0.00000000	0.00000000	10.00000000	0.00000000	0.00000000
S9	f	0.14914667	0.01223974	0.00000000	0.00000000	10.00000000	0.00000000	0.00000000
C1	c	0.37365440	0.99520978	0.09122015	0.00000000	8.00000000	0.01658729	0.00000000
C2	c	0.63564552	0.70525807	0.10304868	0.06000000	8.06000000	0.02415293	0.00000000
C3	c	0.16085583	0.44987824	0.04637320	0.12000000	8.12000000	0.01573972	0.00000000
C4	c	0.36781528	0.30984955	0.05117389	0.18000000	8.18000000	0.02520425	0.00000000
C5	c	0.10586468	0.12092713	0.04574368	0.24000000	8.24000000	0.02925856	0.00000000
C6	c	0.84879889	0.13304240	0.16321242	0.30000000	8.30000000	0.02006021	0.00000000
C7	c	0.81737104	0.98989624	0.13205168	0.36000000	8.36000000	0.01693042	0.00000000
C8	c	0.10182616	0.16473241	0.02439346	0.42000000	8.42000000	0.01480414	0.00000000
C9	c	0.94999015	0.68895109	0.09552014	0.48000000	8.48000000	0.01681043	0.00000000
C10	c	0.93750210	0.88663462	0.09655749	0.54000000	8.54000000	0.02656188	0.00000000
C11	c	0.93627207	0.60502840	0.17225595	0.60000000	8.60000000	0.01455773	0.00000000
C12	c	0.17911958	0.17563893	0.08691863	0.66000000	8.66000000	0.01457364	0.00000000
C13	c	0.33929888	0.41088008	0.10329783	0.72000000	8.72000000	0.01648898	0.00000000
C14	c	0.76893026	0.69149893	0.07146474	0.78000000	8.78000000	0.02900132	0.00000000
C15	c	0.12940110	0.51256351	0.14388652	0.84000000	8.84000000	0.01333316	0.00000000
C16	c	0.21623996	0.09000194	0.03904172	0.90000000	8.90000000	0.01547458	0.00000000
C17	c	0.99767296	0.61691357	0.04864210	0.96000000	8.96000000	0.01854200	0.00000000
C18	c	0.92879860	0.26759931	0.15220182	1.02000000	9.02000000	0.01579175	0.00000000
C19	c	0.90488718	0.77005324	0.07637762	1.08000000	9.08000000	0.01763280	0.00000000
C20	c	0.62412284	0.47103530	0.06816179	1.14000000	9.14000000	0.02547481	0.00000000
C21	c	0.76091360	0.26237196	0.10142563	1.20000000	9.20000000	0.02309501	0.00000000
C22	c	0.37013683	0.62533604	0.16111813	1.26000000	9.26000000	0.01449514	0.00000000
C23	c	0.43745461	0.47522348	0.07274275	1.32000000	9.32000000	0.01669703	0.00000000
C24	c	0.06083603	0.03047700	0.05768110	1.38000000	9.38000000	0.02201639	0.00000000
C25	c	0.68636601	0.57012993	0.01645010	1.44000000	9.44000000	0.02225981	0.00000000
C26	c	0.15403512	0.13436709	0.05429445	1.50000000	9.50000000	0.01755454	0.00000000
C27	c	0.42268987	0.12007725	0.09312966	1.56000000	9.56000000	0.02070238	0.00000000
C28	c	0.52074510	0.34780701	0.04606338	1.62000000	9.62000000	0.01079898	0.00000000
C29	c	0.19712348	0.71032666	0.10871336	1.68000000	9.68000000	0.02660347	0.00000000
C30	c	0.25039331	0.17346164	0.12864841	1.74000000	9.74000000	0.01942646	0.00000000
C31	c	0.19801619	0.41764050	0.12429849	1.80000000	9.80000000	0.02999237	0.00000000
C32	c	0.90763802	0.96027401	0.11112932	1.86000000	9.86000000	0.02064042	0.00000000
C33	c	0.27012212	0.73918503	0.17589056	1.92000000	9.92000000	0.02292336	0.00000000
C34	c	0.55801878	0.47459805	0.14717962	1.98000000	9.98000000	0.02808233	0.00000000
C35	c	0.04371896	0.14198799	0.02852336	2.00000000	10.00000000	0.02979967	0.00000000
C36	c	0.71215131	0.00773740	0.15055945	2.00000000	10.00000000	0.02207290	0.00000000
C37	c	0.71005327	0.23636927	0.11317355	2.00000000	10.00000000	0.01118358	0.00000000
C38	c	0.56514187	0.80569098	0.02161698	2.00000000	10.00000000	0.01726930	0.00000000
C39	c	0.32224143	0.23584948	0.01252696	2.00000000	10.00000000	0.01973697	0.00000000
C40	c	0.27068119	0.54949213	0.12998198	2.00000000	10.00000000	0.02689849	0.00000000
C41	c	0.30985991	0.92458520	0.11101185	2.00000000	10.00000000	0.02238551	0.00000000
C42	c	0.98659603	0.25502760	0.10658848	2.00000000	10.00000000	0.01928446	0.00000000
C43	c	0.69770782	0.75341269	0.10488257	2.00000000	10.00000000	0.02336191	0.00000000
C44	c	0.27360824	0.12454653	0.14097628	2.00000000	10.00000000	0.02211621	0.00000000
C45	c	0.96947952	0.51914601	0.04597647	2.00000000	10.00000000	0.01788594	0.00000000
C46	c	0.05613061	0.09878471	0.11905025	2.00000000	10.00000000	0.01460462	0.00000000
C47	c	0.98780261	0.86658036	0.05547763	2.00000000	10.00000000	0.01843634	0.00000000
C48	c	0.15324621	0.95595038	0.03659180	2.00000000	10.00000000	0.01420343	0.00000000
C49	c	0.08516245	0.60063429	0.07148623	2.00000000	10.00000000	0.02028504	0.00000000
C50	c	0.48658573	0.84099419	0.04126769	2.00000000	10.00000000	0.01617131	0.00000000

Q Vehicle fuel tank capacity /0.40000000/
C Vehicle load capacity /1.50000000/
r fuel consumption rate /0.25000000/
g inverse refueling rate /1.00000000/
v average Velocity /1.00000000/
