StringID	Type	x	y	demand	ReadyTime	DueDate	ServiceTime	altitude
D0	d	0.50000000	0.50000000	0.00000000	0.00000000	10.00000000	0.00000000	0.00000000
S0	f	0.99319147	0.26314705	0.00000000	0.00000000	10.00000000	0.00000000	0.00000000
S1	f	0.35659382	0.75351989	0.00000000	0.00000000	10.00000000	0.00000000	0.00000000
S2	f	0.95667370	0.20407950	0.00000000	0.00000000	10.00000000	0.00000000	0.00000000
S3	f	0.97472112	0.87564646	0.00000000	0.00000000	10.00000000	0.00000000	0.00000000
S4	f	0.63687976	0.46367349	0.00000000	0.00000000	10.00000000	0.00000000	0.00000000
S5	f	0.46398467	0.27355477	0.00000000	0.00000000	10.00000000	0.00000000	0.00000000
S6	f	0.68935121	0.21577673	0.00000000	0.00000000	10.00000000	0.00000000	0.00000000
S7	f	0.99570449	0.75974287	0.00000000	0.00000000	10.00000000	0.00000000	0.00000000
S8	f	0.71827074	0.16636856	0.00000000	0.00000000	10.00000000	0.00000000	0.00000000
S9	f	0.41563360	0.86055898	0.00000000	0.00000000	10.00000000	0.00000000	0.00000000
C1	c	0.73508816	0.04649074	0.15604136	0.00000000	8.00000000	0.02314068	0.00000000
C2	c	0.86814858	0.99712041	0.07985732	0.06000000	8.06000000	0.01339227	0.00000000
C3	c	0.93870523	0.04960816	0.11064800	0.12000000	8.12000000	0.01173670	0.00000000
C4	c	0.50073942	0.40857660	0.03892181	0.18000000	8.18000000	0.02222785	0.00000000
C5	c	0.58672087	0.59111720	0.02294274	0.24000000	8.24000000	0.01511318	0.00000000
C6	c	0.43021526	0.94900842	0.15363518	0.30000000	8.30000000	0.02141127	0.00000000
C7	c	0.18120056	0.41662235	0.10526788	0.36000000	8.36000000	0.02297010	0.00000000
C8	c	0.06797662	0.96393083	0.13949211	0.42000000	8.42000000	0.01687012	0.00000000
C9	c	0.14589149	0.13848218	0.05243405	0.48000000	8.48000000	0.02099838	0.00000000
C10	c	0.79398988	0.67576146	0.03614898	0.54000000	8.54000000	0.01040960	0.00000000
C11	c	0.25538106	0.66390510	0.04231219	0.60000000	8.60000000	0.02170996	0.00000000
C12	c	0.28041240	0.23165621	0.04816590	0.66000000	8.66000000	0.01459678	0.00000000
C13	c	0.09985336	0.41893578	0.07501413	0.72000000	8.72000000	0.02465651	0.00000000
C14	c	0.95940970	0.81486104	0.04633241	0.78000000	8.78000000	0.01750863	0.00000000
C15	c	0.96984147	0.02288274	0.06040387	0.84000000	8.84000000	0.02173606	0.00000000
C16	c	0.88333544	0.83375783	0.04648053	0.90000000	8.90000000	0.01484081	0.00000000
C17	c	0.98436595	0.69172640	0.13762990	0.96000000	8.96000000	0.01540036	0.00000000
C18	c	0.59753859	0.20066822	0.03338061	1.02000000	9.02000000	0.02998831	0.00000000
C19	c	0.61348989	0.33899455	0.10737856	1.08000000	9.08000000	0.02897296	0.00000000
C20	c	0.99319147	0.26314705	0.13575996	1.14000000	9.14000000	0.02120564	0.00000000
C21	c	0.38211716	0.08384849	0.15385326	1.20000000	9.20000000	0.01567032	0.00000000
C22	c	0.69178426	0.67047978	0.14909368	1.26000000	9.26000000	0.02964238	0.00000000
C23	c	0.84416621	0.60793495	0.08432500	1.32000000	9.32000000	0.02323939	0.00000000
C24	c	0.86303291	0.07406245	0.15326840	1.38000000	9.38000000	0.01406420	0.00000000
C25	c	0.05416885	0.20348060	0.15007596	1.44000000	9.44000000	0.02321063	0.00000000
C26	c	0.88849276	0.15810287	0.12002850	1.50000000	9.50000000	0.02027088	0.00000000
C27	c	0.79230875	0.28555204	0.06430601	1.56000000	9.56000000	0.02243453	0.00000000
C28	c	0.32901166	0.54838856	0.04165904	1.62000000	9.62000000	0.02618312	0.00000000
C29	c	0.42817812	0.18989828	0.09831714	1.68000000	9.68000000	0.02211324	0.00000000
C30	c	0.70790639	0.32806021	0.14991651	1.74000000	9.74000000	0.02573006	0.00000000
C31	c	0.66084277	0.05042358	0.10474606	1.80000000	9.80000000	0.02271751	0.00000000
C32	c	0.16701218	0.31354468	0.02800893	1.86000000	9.86000000	0.01290189	0.00000000
C33	c	0.46112309	0.10817057	0.08138108	1.92000000	9.92000000	0.01944745	0.00000000
C34	c	0.88859012	0.66132496	0.08282558	1.98000000	9.98000000	0.01155914	0.00000000
C35	c	0.69880996	0.84619495	0.12651144	2.00000000	10.00000000	0.01367164	0.00000000
C36	c	0.21811416	0.72879411	0.14297530	2.00000000	10.00000000	0.01039374	0.00000000
C37	c	0.35659382	0.75351989	0.01331142	2.00000000	10.00000000	0.02189904	0.00000000
C38	c	0.96723052	0.54183399	0.15269130	2.00000000	10.00000000	0.01363340	0.00000000
C39	c	0.00678689	0.77808685	0.13480455	2.00000000	10.00000000	0.02114556	0.00000000
C40	c	0.63596080	0.98445333	0.01567335	2.00000000	10.00000000	0.02134681	0.00000000
C41	c	0.23370216	0.77161091	0.11341852	2.00000000	10.00000000	0.02703825	0.00000000
C42	c	0.26383888	0.61103147	0.02496998	2.00000000	10.00000000	0.02273927	0.00000000
C43	c	0.08913738	0.15702651	0.08730033	2.00000000	10.00000000	0.02645813	0.00000000
C44	c	0.78735918	0.79015794	0.02600107	2.00000000	10.00000000	0.01334587	0.00000000
C45	c	0.76970979	0.54487182	0.05263280	2.00000000	10.00000000	0.02692289	0.00000000
C46	c	0.86750614	0.73458463	0.12274479	2.00000000	10.00000000	0.01008737	0.00000000
C47	c	0.03208174	0.55437365	0.09195507	2.00000000	10.00000000	0.01417472	0.00000000
C48	c	0.70750838	0.09080431	0.15259160	2.00000000	10.00000000	0.02591227	0.00000000
C49	c	0.00367354	0.47893586	0.01621327	2.00000000	10.00000000	0.01274533	0.00000000
C50	c	0.50061078	0.64757995	0.13615259	2.00000000	10.00000000	0.02126374	0.00000000

Q Vehicle fuel tank capacity /0.40000000/
C Vehicle load capacity /1.50000000/
r fuel consumption rate /0.25000000/
g inverse refueling rate /1.00000000/
v average Velocity /1.00000000/
