StringID	Type	x	y	demand	ReadyTime	DueDate	ServiceTime	altitude
D0	d	0.50000000	0.50000000	0.00000000	0.00000000	10.00000000	0.00000000	0.00000000
S0	f	0.38118725	0.85889969	0.00000000	0.00000000	10.00000000	0.00000000	0.00000000
S1	f	0.55267627	0.26315324	0.00000000	0.00000000	10.00000000	0.00000000	0.00000000
S2	f	0.72658164	0.29705797	0.00000000	0.00000000	10.00000000	0.00000000	0.00000000
S3	f	0.79971317	0.18695474	0.00000000	0.00000000	10.00000000	0.00000000	0.00000000
S4	f	0.39922581	0.97577248	0.00000000	0.00000000	10.00000000	0.00000000	0.00000000
S5	f	0.67907222	0.17742957	0.00000000	0.00000000	10.00000000	0.00000000	0.00000000
S6	f	0.41700974	0.30503737	0.00000000	0.00000000	10.00000000	0.00000000	0.00000000
S7	f	0.46053772	0.56775111	0.00000000	0.00000000	10.00000000	0.00000000	0.00000000
S8	f	0.10267551	0.86489524	0.00000000	0.00000000	10.00000000	0.00000000	0.00000000
S9	f	0.27098571	0.53503451	0.00000000	0.00000000	10.00000000	0.00000000	0.00000000
C1	c	0.72086076	0.70909123	0.09805251	0.00000000	8.00000000	0.02662577	0.00000000
C2	c	0.80124035	0.63592754	0.15907536	0.06000000	8.06000000	0.01453427	0.00000000
C3	c	0.82263325	0.70915824	0.13128632	0.12000000	8.12000000	0.01418755	0.00000000
C4	c	0.82852027	0.66935185	0.10695439	0.18000000	8.18000000	0.01497640	0.00000000
C5	c	0.02630416	0.38810362	0.04363134	0.24000000	8.24000000	0.01418052	0.00000000
C6	c	0.01353697	0.43899119	0.06997706	0.30000000	8.30000000	0.02411148	0.00000000
C7	c	0.06639940	0.38435315	0.08959376	0.36000000	8.36000000	0.01310730	0.00000000
C8	c	0.00000000	0.41695820	0.14067591	0.42000000	8.42000000	0.02940831	0.00000000
C9	c	0.14402009	0.37345212	0.08620118	0.48000000	8.48000000	0.01292898	0.00000000
C10	c	0.04417123	0.42652058	0.07461834	0.54000000	8.54000000	0.01342697	0.00000000
C11	c	0.05315700	0.34347611	0.01256181	0.60000000	8.60000000	0.02217350	0.00000000
C12	c	0.81052447	0.55584941	0.12830008	0.66000000	8.66000000	0.01390404	0.00000000
C13	c	0.79717902	0.63043385	0.10270009	0.72000000	8.72000000	0.02831484	0.00000000
C14	c	0.75357132	0.48346448	0.08243910	0.78000000	8.78000000	0.02507979	0.00000000
C15	c	0.79667785	0.49476433	0.01456885	0.84000000	8.84000000	0.01419780	0.00000000
C16	c	0.82699416	0.59172624	0.01481872	0.90000000	8.90000000	0.02657082	0.00000000
C17	c	0.80343217	0.05368926	0.11995484	0.96000000	8.96000000	0.01791653	0.00000000
C18	c	0.84889015	0.03312141	0.06105849	1.02000000	9.02000000	0.01255582	0.00000000
C19	c	0.88901121	0.05638101	0.14005920	1.08000000	9.08000000	0.01931527	0.00000000
C20	c	0.91002989	0.00000000	0.08916609	1.14000000	9.14000000	0.02840194	0.00000000
C21	c	0.80187741	0.12246511	0.16371595	1.20000000	9.20000000	0.02560934	0.00000000
C22	c	0.77379350	0.11630284	0.07357501	1.26000000	9.26000000	0.02914685	0.00000000
C23	c	0.72825653	0.07340789	0.03778080	1.32000000	9.32000000	0.01156155	0.00000000
C24	c	0.62756328	0.08214250	0.07462982	1.38000000	9.38000000	0.01199577	0.00000000
C25	c	0.81033045	0.12031331	0.11240943	1.44000000	9.44000000	0.01132903	0.00000000
C26	c	0.83850746	0.82196180	0.05674455	1.50000000	9.50000000	0.01784509	0.00000000
C27	c	0.91861449	0.98942551	0.08781467	1.56000000	9.56000000	0.01167645	0.00000000
C28	c	0.02849467	0.14814368	0.15544640	1.62000000	9.62000000	0.01453304	0.00000000
C29	c	0.98026329	0.23333748	0.12804765	1.68000000	9.68000000	0.02739119	0.00000000
C30	c	0.14252527	0.71927057	0.02308829	1.74000000	9.74000000	0.01585587	0.00000000
C31	c	0.53442032	0.10446745	0.14326496	1.80000000	9.80000000	0.01715071	0.00000000
C32	c	0.56194672	0.32126799	0.14065992	1.86000000	9.86000000	0.01894091	0.00000000
C33	c	0.97758007	0.71425247	0.15587741	1.92000000	9.92000000	0.01064844	0.00000000
C34	c	0.06828974	0.17019433	0.16702626	1.98000000	9.98000000	0.02311300	0.00000000
C35	c	0.83128848	0.22671365	0.01573242	2.00000000	10.00000000	0.01812145	0.00000000
C36	c	0.20937735	0.24882000	0.03457057	2.00000000	10.00000000	0.01075992	0.00000000
C37	c	0.20902598	0.70557400	0.16558371	2.00000000	10.00000000	0.01001455	0.00000000
C38	c	0.15536478	0.97041552	0.04798392	2.00000000	10.00000000	0.02092752	0.00000000
C39	c	0.14644897	0.17134834	0.03368598	2.00000000	10.00000000	0.02916939	0.00000000
C40	c	0.60867484	0.19520183	0.12449169	2.00000000	10.00000000	0.01228361	0.00000000
C41	c	0.91574185	0.75398947	0.09538793	2.00000000	10.00000000	0.01333013	0.00000000
C42	c	0.20989019	0.82854124	0.02769396	2.00000000	10.00000000	0.02626524	0.00000000
C43	c	0.39582632	0.12779095	0.09972183	2.00000000	10.00000000	0.01387942	0.00000000
C44	c	0.46576356	0.92009691	0.06182814	2.00000000	10.00000000	0.01721704	0.00000000
C45	c	0.78046710	0.95734270	0.03327573	2.00000000	10.00000000	0.02584533	0.00000000
C46	c	0.07807768	0.09978853	0.12536636	2.00000000	10.00000000	0.02619669	0.00000000
C47	c	0.08382263	0.22665197	0.16516125	2.00000000	10.00000000	0.02251839	0.00000000
C48	c	0.86955947	0.29279331	0.12370162	2.00000000	10.00000000	0.02521578	0.00000000
C49	c	0.35753565	0.44704544	0.02199796	2.00000000	10.00000000	0.02556434	0.00000000
C50	c	0.03242189	0.65565016	0.03804234	2.00000000	10.00000000	0.02523755	0.00000000

Q Vehicle fuel tank capacity /0.40000000/
C Vehicle load capacity /1.50000000/
r fuel consumption rate /0.25000000/
g inverse refueling rate /1.00000000/
v average Velocity /1.00000000/
