StringID	Type	x	y	demand	ReadyTime	DueDate	ServiceTime	altitude
D0	d	0.50000000	0.50000000	0.00000000	0.00000000	10.00000000	0.00000000	0.00000000
S0	f	0.51323022	0.43997864	0.00000000	0.00000000	10.00000000	0.00000000	0.00000000
S1	f	0.95347738	0.77730498	0.00000000	0.00000000	10.00000000	0.00000000	0.00000000
S2	f	0.02418898	0.64876539	0.00000000	0.00000000	10.00000000	0.00000000	0.00000000
S3	f	0.31272773	0.35778595	0.00000000	0.00000000	10.00000000	0.00000000	0.00000000
S4	f	0.40690116	0.32463534	0.00000000	0.00000000	10.00000000	0.00000000	0.00000000
S5	f	0.87536787	0.04052721	0.00000000	0.00000000	10.00000000	0.00000000	0.00000000
S6	f	0.62559723	0.59274121	0.00000000	0.00000000	10.00000000	0.00000000	0.00000000
S7	f	0.13866444	0.95527441	0.00000000	0.00000000	10.00000000	0.00000000	0.00000000
S8	f	0.52166363	0.82449016	0.00000000	0.00000000	10.00000000	0.00000000	0.00000000
S9	f	0.43399502	0.29058419	0.00000000	0.00000000	10.00000000	0.00000000	0.00000000
C1	c	0.70127879	0.87362012	0.09915674	0.00000000	8.00000000	0.01843447	0.00000000
C2	c	0.58095921	0.91880153	0.03850305	0.06000000	8.06000000	0.02115496	0.00000000
C3	c	0.62775501	0.93984696	0.12811386	0.12000000	8.12000000	0.02237125	0.00000000
C4	c	0.65818855	0.85783111	0.11109133	0.18000000	8.18000000	0.02228744	0.00000000
C5	c	0.62506640	0.86985596	0.10108100	0.24000000	8.24000000	0.01036361	0.00000000
C6	c	0.93935788	0.43038233	0.11473007	0.30000000	8.30000000	0.02088588	0.00000000
C7	c	0.84773221	0.43744138	0.13257232	0.36000000	8.36000000	0.01051779	0.00000000
C8	c	0.81646431	0.42365870	0.11222333	0.42000000	8.42000000	0.01160770	0.00000000
C9	c	0.86272671	0.39585893	0.12575587	0.48000000	8.48000000	0.01389838	0.00000000
C10	c	0.84801491	0.40588162	0.07338009	0.54000000	8.54000000	0.01538426	0.00000000
C11	c	0.84119203	0.44285796	0.06556998	0.60000000	8.60000000	0.01666700	0.00000000
C12	c	0.79934206	0.47684541	0.13815154	0.66000000	8.66000000	0.02133233	0.00000000
C13	c	0.87700117	0.50443457	0.05400888	0.72000000	8.72000000	0.01887677	0.00000000
C14	c	0.88556931	0.50155358	0.14407768	0.78000000	8.78000000	0.02563313	0.00000000
C15	c	0.78839536	0.39646755	0.06190624	0.84000000	8.84000000	0.01553237	0.00000000
C16	c	0.56428738	0.47973350	0.12736953	0.90000000	8.90000000	0.02792288	0.00000000
C17	c	0.58635292	0.45657563	0.11965920	0.96000000	8.96000000	0.02994435	0.00000000
C18	c	0.53757692	0.40461130	0.08289198	1.02000000	9.02000000	0.01337911	0.00000000
C19	c	0.59930578	0.41442479	0.02017067	1.08000000	9.08000000	0.01990818	0.00000000
C20	c	0.53021819	0.48197401	0.06972650	1.14000000	9.14000000	0.01656590	0.00000000
C21	c	0.49808701	0.33823040	0.07590730	1.20000000	9.20000000	0.01105761	0.00000000
C22	c	0.41673194	0.22882207	0.12362471	1.26000000	9.26000000	0.01450087	0.00000000
C23	c	0.34317678	0.08748720	0.01756315	1.32000000	9.32000000	0.02629222	0.00000000
C24	c	0.35335038	0.15374832	0.02982329	1.38000000	9.38000000	0.01038929	0.00000000
C25	c	0.36243155	0.14774538	0.12765448	1.44000000	9.44000000	0.01471941	0.00000000
C26	c	0.10642860	0.34119720	0.02630686	1.50000000	9.50000000	0.01650993	0.00000000
C27	c	0.95412135	0.09894114	0.06103148	1.56000000	9.56000000	0.02000297	0.00000000
C28	c	0.09400966	0.98933486	0.15168910	1.62000000	9.62000000	0.02537450	0.00000000
C29	c	0.33838799	0.57730045	0.02519938	1.68000000	9.68000000	0.01010141	0.00000000
C30	c	0.87854373	0.58067908	0.10442319	1.74000000	9.74000000	0.02021770	0.00000000
C31	c	0.23380872	0.49612538	0.14256001	1.80000000	9.80000000	0.01069801	0.00000000
C32	c	0.17815195	0.75939959	0.02446997	1.86000000	9.86000000	0.02521418	0.00000000
C33	c	0.58815533	0.71482722	0.15689753	1.92000000	9.92000000	0.01918456	0.00000000
C34	c	0.17326870	0.02574372	0.06061597	1.98000000	9.98000000	0.02498537	0.00000000
C35	c	0.99896308	0.70747931	0.09595352	2.00000000	10.00000000	0.02098031	0.00000000
C36	c	0.67793750	0.66698801	0.14051041	2.00000000	10.00000000	0.01352381	0.00000000
C37	c	0.41718481	0.42172336	0.09645325	2.00000000	10.00000000	0.02680515	0.00000000
C38	c	0.55774800	0.61856253	0.04514765	2.00000000	10.00000000	0.02968315	0.00000000
C39	c	0.61437184	0.01818043	0.08394691	2.00000000	10.00000000	0.01239206	0.00000000
C40	c	0.54429406	0.02588964	0.03691546	2.00000000	10.00000000	0.01265716	0.00000000
C41	c	0.08038511	0.19491893	0.12288780	2.00000000	10.00000000	0.01227647	0.00000000
C42	c	0.26921316	0.33334980	0.09755906	2.00000000	10.00000000	0.02491685	0.00000000
C43	c	0.78165674	0.27661857	0.11629510	2.00000000	10.00000000	0.01837126	0.00000000
C44	c	0.89614414	0.99721767	0.03619318	2.00000000	10.00000000	0.01909756	0.00000000
C45	c	0.16895537	0.49540921	0.01437275	2.00000000	10.00000000	0.01812931	0.00000000
C46	c	0.22504352	0.81461122	0.15832164	2.00000000	10.00000000	0.02413636	0.00000000
C47	c	0.01946427	0.23597064	0.11520827	2.00000000	10.00000000	0.01132074	0.00000000
C48	c	0.32549653	0.50014854	0.11083874	2.00000000	10.00000000	0.02409847	0.00000000
C49	c	0.76872523	0.00507029	0.10921920	2.00000000	10.00000000	0.02537765	0.00000000
C50	c	0.76070897	0.45922778	0.07227081	2.00000000	10.00000000	0.02675702	0.00000000

Q Vehicle fuel tank capacity /0.40000000/
C Vehicle load capacity /1.50000000/
r fuel consumption rate /0.25000000/
g inverse refueling rate /1.00000000/
v average Velocity /1.00000000/
