StringID	Type	x	y	demand	ReadyTime	DueDate	ServiceTime	altitude
D0	d	0.50000000	0.50000000	0.00000000	0.00000000	10.00000000	0.00000000	0.00000000
S0	f	0.69797405	0.57336261	0.00000000	0.00000000	10.00000000	0.00000000	0.00000000
S1	f	0.09106137	0.55053146	0.00000000	0.00000000	10.00000000	0.00000000	0.00000000
S2	f	0.03995385	0.49004757	0.00000000	0.00000000	10.00000000	0.00000000	0.00000000
S3	f	0.21000209	0.84883477	0.00000000	0.00000000	10.00000000	0.00000000	0.00000000
S4	f	0.08590265	0.82255994	0.00000000	0.00000000	10.00000000	0.00000000	0.00000000
S5	f	0.62370921	0.44701375	0.00000000	0.00000000	10.00000000	0.00000000	0.00000000
C1	c	0.65539813	0.55629420	0.26156302	0.00000000	8.00000000	0.01457967	0.00000000
C2	c	0.71864756	0.47210946	0.26798619	0.10000000	8.10000000	0.02847083	0.00000000
C3	c	0.60199386	0.52771749	0.11172575	0.20000000	8.20000000	0.01424047	0.00000000
C4	c	0.72410472	0.52781267	0.10167484	0.30000000	8.30000000	0.01789802	0.00000000
C5	c	0.60701559	0.59878699	0.08898676	0.40000000	8.40000000	0.01541059	0.00000000
C6	c	0.73471083	0.50457387	0.13843107	0.50000000	8.50000000	0.02454907	0.00000000
C7	c	0.84622659	0.38119338	0.28506678	0.60000000	8.60000000	0.02180389	0.00000000
C8	c	0.92104340	0.36240914	0.10355425	0.70000000	8.70000000	0.01989205	0.00000000
C9	c	0.60634026	0.02469436	0.23260425	0.80000000	8.80000000	0.02568520	0.00000000
C10	c	0.70458539	0.00000000	0.14200249	0.90000000	8.90000000	0.01005394	0.00000000
C11	c	0.70619000	0.00000000	0.04121911	1.00000000	9.00000000	0.01129847	0.00000000
C12	c	0.67625803	0.00710287	0.04006162	1.10000000	9.10000000	0.01431273	0.00000000
C13	c	0.70528031	0.00000000	0.10081293	1.20000000	9.20000000	0.01692645	0.00000000
C14	c	0.64887609	0.02177989	0.09860196	1.30000000	9.30000000	0.01488100	0.00000000
C15	c	0.63703613	0.04414476	0.07660292	1.40000000	9.40000000	0.02042106	0.00000000
C16	c	0.10368756	0.86010810	0.03500143	1.50000000	9.50000000	0.01762441	0.00000000
C17	c	0.92505911	0.28782714	0.31196372	1.60000000	9.60000000	0.02430623	0.00000000
C18	c	0.69409643	0.12515763	0.06688517	1.70000000	9.70000000	0.02833638	0.00000000
C19	c	0.10315241	0.30196875	0.31533954	1.80000000	9.80000000	0.02530369	0.00000000
C20	c	0.80009822	0.51764208	0.03998693	1.90000000	9.90000000	0.02594471	0.00000000
C21	c	0.22898349	0.92354135	0.05285729	2.00000000	10.00000000	0.02144174	0.00000000
C22	c	0.21202348	0.39490110	0.28117630	2.00000000	10.00000000	0.02387471	0.00000000
C23	c	0.27052939	0.72745338	0.30078121	2.00000000	10.00000000	0.02372328	0.00000000
C24	c	0.78426004	0.00269724	0.10843824	2.00000000	10.00000000	0.02561766	0.00000000
C25	c	0.06492374	0.21563644	0.23106712	2.00000000	10.00000000	0.02410082	0.00000000
C26	c	0.34632255	0.24404999	0.05933785	2.00000000	10.00000000	0.01684046	0.00000000
C27	c	0.52105323	0.38122067	0.05269576	2.00000000	10.00000000	0.02406772	0.00000000
C28	c	0.71531155	0.91681924	0.11270676	2.00000000	10.00000000	0.01608823	0.00000000
C29	c	0.76518433	0.79723537	0.26306284	2.00000000	10.00000000	0.01255339	0.00000000
C30	c	0.57208693	0.69373568	0.17780589	2.00000000	10.00000000	0.01834803	0.00000000

Q Vehicle fuel tank capacity /0.40000000/
C Vehicle load capacity /1.50000000/
r fuel consumption rate /0.25000000/
g inverse refueling rate /1.00000000/
v average Velocity /1.00000000/
