StringID	Type	x	y	demand	ReadyTime	DueDate	ServiceTime	altitude
D0	d	0.50000000	0.50000000	0.00000000	0.00000000	10.00000000	0.00000000	0.00000000
S0	f	0.48240663	0.66194361	0.00000000	0.00000000	10.00000000	0.00000000	0.00000000
S1	f	0.22537451	0.50321540	0.00000000	0.00000000	10.00000000	0.00000000	0.00000000
S2	f	0.36799515	0.35122115	0.00000000	0.00000000	10.00000000	0.00000000	0.00000000
S3	f	0.47842077	0.35655085	0.00000000	0.00000000	10.00000000	0.00000000	0.00000000
S4	f	0.75275559	0.31309367	0.00000000	0.00000000	10.00000000	0.00000000	0.00000000
S5	f	0.62713250	0.35002214	0.00000000	0.00000000	10.00000000	0.00000000	0.00000000
C1	c	0.42103494	0.66557428	0.13634575	0.00000000	8.00000000	0.02078990	0.00000000
C2	c	0.54022731	0.68491426	0.17754815	0.10000000	8.10000000	0.02915140	0.00000000
C3	c	0.11720876	0.49242394	0.09310481	0.20000000	8.20000000	0.02175314	0.00000000
C4	c	0.03255403	0.57809555	0.18136475	0.30000000	8.30000000	0.02014409	0.00000000
C5	c	0.03381484	0.55704810	0.14071346	0.40000000	8.40000000	0.01774420	0.00000000
C6	c	0.08827564	0.60488797	0.10599108	0.50000000	8.50000000	0.02848473	0.00000000
C7	c	0.04702252	0.42193481	0.12615896	0.60000000	8.60000000	0.01435166	0.00000000
C8	c	0.00000000	0.49600012	0.17589242	0.70000000	8.70000000	0.01371035	0.00000000
C9	c	0.05004389	0.47670527	0.12085066	0.80000000	8.80000000	0.01738320	0.00000000
C10	c	0.43213723	0.53698779	0.28333358	0.90000000	8.90000000	0.01951938	0.00000000
C11	c	0.33463006	0.55145687	0.17965001	1.00000000	9.00000000	0.02394701	0.00000000
C12	c	0.37278719	0.64721411	0.17826473	1.10000000	9.10000000	0.01320170	0.00000000
C13	c	0.46595645	0.53281046	0.04173048	1.20000000	9.20000000	0.01774298	0.00000000
C14	c	0.47045112	0.59121026	0.24946629	1.30000000	9.30000000	0.02578547	0.00000000
C15	c	0.32691713	0.57031700	0.03349691	1.40000000	9.40000000	0.01756819	0.00000000
C16	c	0.36722951	0.02957464	0.28772466	1.50000000	9.50000000	0.02528066	0.00000000
C17	c	0.58977155	0.12490232	0.17706763	1.60000000	9.60000000	0.01346817	0.00000000
C18	c	0.53123824	0.28528285	0.25565514	1.70000000	9.70000000	0.01204676	0.00000000
C19	c	0.47396963	0.08006563	0.18291614	1.80000000	9.80000000	0.02075655	0.00000000
C20	c	0.53949502	0.95757018	0.26730003	1.90000000	9.90000000	0.01531026	0.00000000
C21	c	0.58765682	0.50720439	0.11803235	2.00000000	10.00000000	0.01884790	0.00000000
C22	c	0.38721020	0.92423667	0.02717754	2.00000000	10.00000000	0.01083580	0.00000000
C23	c	0.21758284	0.18551762	0.17791306	2.00000000	10.00000000	0.01725474	0.00000000
C24	c	0.36916005	0.47596907	0.05282792	2.00000000	10.00000000	0.01937829	0.00000000
C25	c	0.69735050	0.16008508	0.16216316	2.00000000	10.00000000	0.01640076	0.00000000
C26	c	0.38714916	0.78927361	0.09598247	2.00000000	10.00000000	0.01528906	0.00000000
C27	c	0.17340851	0.10233817	0.14675355	2.00000000	10.00000000	0.02675257	0.00000000
C28	c	0.44239504	0.04178982	0.04076345	2.00000000	10.00000000	0.01700239	0.00000000
C29	c	0.32003809	0.26445280	0.10317916	2.00000000	10.00000000	0.01520050	0.00000000
C30	c	0.83762868	0.35011938	0.18063171	2.00000000	10.00000000	0.01383153	0.00000000

Q Vehicle fuel tank capacity /0.40000000/
C Vehicle load capacity /1.50000000/
r fuel consumption rate /0.25000000/
g inverse refueling rate /1.00000000/
v average Velocity /1.00000000/
