StringID	Type	x	y	demand	ReadyTime	DueDate	ServiceTime	altitude
D0	d	0.50000000	0.50000000	0.00000000	0.00000000	10.00000000	0.00000000	0.00000000
S0	f	0.94969571	0.74509320	0.00000000	0.00000000	10.00000000	0.00000000	0.00000000
S1	f	0.36245910	0.18469397	0.00000000	0.00000000	10.00000000	0.00000000	0.00000000
S2	f	0.87597589	0.42121016	0.00000000	0.00000000	10.00000000	0.00000000	0.00000000
S3	f	0.97159175	0.23057182	0.00000000	0.00000000	10.00000000	0.00000000	0.00000000
S4	f	0.21837297	0.05120489	0.00000000	0.00000000	10.00000000	0.00000000	0.00000000
S5	f	0.62288842	0.30907709	0.00000000	0.00000000	10.00000000	0.00000000	0.00000000
S6	f	0.64486135	0.72277348	0.00000000	0.00000000	10.00000000	0.00000000	0.00000000
S7	f	0.55285275	0.61510268	0.00000000	0.00000000	10.00000000	0.00000000	0.00000000
S8	f	0.79591274	0.54610796	0.00000000	0.00000000	10.00000000	0.00000000	0.00000000
S9	f	0.68376811	0.94150049	0.00000000	0.00000000	10.00000000	0.00000000	0.00000000
C1	c	0.20592494	0.78162782	0.06114759	0.00000000	8.00000000	0.01315546	0.00000000
C2	c	0.11303948	0.87384556	0.13426627	0.06000000	8.06000000	0.02764326	0.00000000
C3	c	0.28999869	0.78983009	0.12902130	0.12000000	8.12000000	0.02506603	0.00000000
C4	c	0.12366943	0.76221719	0.12599852	0.18000000	8.18000000	0.01699099	0.00000000
C5	c	0.93684417	0.67850372	0.03644269	0.24000000	8.24000000	0.02717628	0.00000000
C6	c	0.94443927	0.81897626	0.14513475	0.30000000	8.30000000	0.02525815	0.00000000
C7	c	0.90585900	0.66997243	0.13990199	0.36000000	8.36000000	0.02245661	0.00000000
C8	c	0.58839296	0.78987751	0.06334816	0.42000000	8.42000000	0.02916296	0.00000000
C9	c	0.52648500	0.77024368	0.02192053	0.48000000	8.48000000	0.01914282	0.00000000
C10	c	0.59318660	0.74400216	0.07112831	0.54000000	8.54000000	0.02931717	0.00000000
C11	c	0.54866918	0.79442827	0.08495634	0.60000000	8.60000000	0.02594343	0.00000000
C12	c	0.49721679	0.77986395	0.07956076	0.66000000	8.66000000	0.02087938	0.00000000
C13	c	0.05978484	0.80731931	0.13100967	0.72000000	8.72000000	0.02353589	0.00000000
C14	c	0.12824862	0.88297462	0.08760810	0.78000000	8.78000000	0.02090666	0.00000000
C15	c	0.04908309	0.82311056	0.01057825	0.84000000	8.84000000	0.02083555	0.00000000
C16	c	0.00000000	0.87568500	0.04068676	0.90000000	8.90000000	0.01485045	0.00000000
C17	c	0.05730724	0.87324506	0.14372299	0.96000000	8.96000000	0.01637878	0.00000000
C18	c	0.09009587	0.89786075	0.12262691	1.02000000	9.02000000	0.01713416	0.00000000
C19	c	0.02660787	0.00000000	0.08493359	1.08000000	9.08000000	0.01673611	0.00000000
C20	c	0.00000000	0.09624725	0.04690318	1.14000000	9.14000000	0.01372494	0.00000000
C21	c	0.00000000	0.10973632	0.13466405	1.20000000	9.20000000	0.01474658	0.00000000
C22	c	0.01601484	0.00000000	0.06399290	1.26000000	9.26000000	0.02695858	0.00000000
C23	c	0.00000000	0.00000000	0.15281984	1.32000000	9.32000000	0.01776233	0.00000000
C24	c	0.00000000	0.11937603	0.02500120	1.38000000	9.38000000	0.01402895	0.00000000
C25	c	0.05194075	0.05281637	0.04480391	1.44000000	9.44000000	0.02436863	0.00000000
C26	c	0.12470344	0.47227483	0.06676173	1.50000000	9.50000000	0.02626724	0.00000000
C27	c	0.26845733	0.28549989	0.07619908	1.56000000	9.56000000	0.01180389	0.00000000
C28	c	0.56974351	0.93587889	0.06423198	1.62000000	9.62000000	0.02833588	0.00000000
C29	c	0.78224068	0.37360018	0.09014732	1.68000000	9.68000000	0.01447293	0.00000000
C30	c	0.41317418	0.51010316	0.09929206	1.74000000	9.74000000	0.01594732	0.00000000
C31	c	0.86076781	0.93245862	0.11966986	1.80000000	9.80000000	0.01423914	0.00000000
C32	c	0.17312654	0.98603644	0.15474293	1.86000000	9.86000000	0.01605584	0.00000000
C33	c	0.74946187	0.15777316	0.03715778	1.92000000	9.92000000	0.02771662	0.00000000
C34	c	0.88216287	0.75330135	0.02875108	1.98000000	9.98000000	0.01291061	0.00000000
C35	c	0.34954968	0.85881387	0.07970174	2.00000000	10.00000000	0.01995982	0.00000000
C36	c	0.76290726	0.62283059	0.08765939	2.00000000	10.00000000	0.01509463	0.00000000
C37	c	0.95814795	0.45714088	0.12803701	2.00000000	10.00000000	0.01511290	0.00000000
C38	c	0.54396909	0.67679465	0.04982403	2.00000000	10.00000000	0.02820946	0.00000000
C39	c	0.54533299	0.54177740	0.05232231	2.00000000	10.00000000	0.01373886	0.00000000
C40	c	0.24252272	0.31893922	0.09398972	2.00000000	10.00000000	0.01893906	0.00000000
C41	c	0.35670786	0.33680551	0.14766167	2.00000000	10.00000000	0.02139254	0.00000000
C42	c	0.18624705	0.23732924	0.12513978	2.00000000	10.00000000	0.02715961	0.00000000
C43	c	0.84792914	0.38811655	0.06523697	2.00000000	10.00000000	0.01282021	0.00000000
C44	c	0.20144730	0.71843127	0.07103815	2.00000000	10.00000000	0.01044363	0.00000000
C45	c	0.81336201	0.09019472	0.08524701	2.00000000	10.00000000	0.02252022	0.00000000
C46	c	0.91679378	0.22364657	0.13665110	2.00000000	10.00000000	0.02956285	0.00000000
C47	c	0.29736615	0.21195717	0.14716029	2.00000000	10.00000000	0.02502609	0.00000000
C48	c	0.30279219	0.88583101	0.03584945	2.00000000	10.00000000	0.01329031	0.00000000
C49	c	0.44695278	0.56962720	0.15501429	2.00000000	10.00000000	0.02065213	0.00000000
C50	c	0.85798056	0.14101074	0.12033471	2.00000000	10.00000000	0.01871580	0.00000000

Q Vehicle fuel tank capacity /0.40000000/
C Vehicle load capacity /1.50000000/
r fuel consumption rate /0.25000000/
g inverse refueling rate /1.00000000/
v average Velocity /1.00000000/
