StringID	Type	x	y	demand	ReadyTime	DueDate	ServiceTime	altitude
D0	d	0.50000000	0.50000000	0.00000000	0.00000000	10.00000000	0.00000000	0.00000000
S0	f	0.38827313	0.09746856	0.00000000	0.00000000	10.00000000	0.00000000	0.00000000
S1	f	0.63624426	0.15968713	0.00000000	0.00000000	10.00000000	0.00000000	0.00000000
S2	f	0.58808552	0.81405057	0.00000000	0.00000000	10.00000000	0.00000000	0.00000000
S3	f	0.31326017	0.08848308	0.00000000	0.00000000	10.00000000	0.00000000	0.00000000
S4	f	0.97167143	0.08549585	0.00000000	0.00000000	10.00000000	0.00000000	0.00000000
S5	f	0.49858876	0.73355176	0.00000000	0.00000000	10.00000000	0.00000000	0.00000000
S6	f	0.64914280	0.95361437	0.00000000	0.00000000	10.00000000	0.00000000	0.00000000
S7	f	0.27518728	0.76036323	0.00000000	0.00000000	10.00000000	0.00000000	0.00000000
S8	f	0.43601668	0.36894837	0.00000000	0.00000000	10.00000000	0.00000000	0.00000000
S9	f	0.34566877	0.76274634	0.00000000	0.00000000	10.00000000	0.00000000	0.00000000
C1	c	0.43714556	0.59125913	0.06936974	0.00000000	8.00000000	0.01084543	0.00000000
C2	c	0.51317810	0.21013812	0.10460694	0.06000000	8.06000000	0.02079047	0.00000000
C3	c	0.70828584	0.41714178	0.12446214	0.12000000	8.12000000	0.02834206	0.00000000
C4	c	0.74830652	0.14277453	0.03941253	0.18000000	8.18000000	0.01506341	0.00000000
C5	c	0.17356092	0.51593839	0.04367940	0.24000000	8.24000000	0.01456129	0.00000000
C6	c	0.52915759	0.59278605	0.05072437	0.30000000	8.30000000	0.01313022	0.00000000
C7	c	0.07794137	0.19716701	0.08212754	0.36000000	8.36000000	0.02767371	0.00000000
C8	c	0.79687616	0.53093312	0.14199758	0.42000000	8.42000000	0.01289006	0.00000000
C9	c	0.90127031	0.64582710	0.02883376	0.48000000	8.48000000	0.02615348	0.00000000
C10	c	0.18729604	0.01887920	0.16797465	0.54000000	8.54000000	0.01725364	0.00000000
C11	c	0.25100792	0.56320558	0.16454669	0.60000000	8.60000000	0.01562672	0.00000000
C12	c	0.57691615	0.46597030	0.14350806	0.66000000	8.66000000	0.02487576	0.00000000
C13	c	0.22032812	0.79280674	0.13953325	0.72000000	8.72000000	0.02570262	0.00000000
C14	c	0.56118057	0.97989677	0.11287241	0.78000000	8.78000000	0.01138829	0.00000000
C15	c	0.88711797	0.33757373	0.05289614	0.84000000	8.84000000	0.01719320	0.00000000
C16	c	0.93056797	0.05274780	0.03585294	0.90000000	8.90000000	0.02913939	0.00000000
C17	c	0.89164226	0.13536998	0.14055908	0.96000000	8.96000000	0.02587678	0.00000000
C18	c	0.27966560	0.30999805	0.10263595	1.02000000	9.02000000	0.02239645	0.00000000
C19	c	0.38092601	0.22227998	0.06054038	1.08000000	9.08000000	0.02072367	0.00000000
C20	c	0.38827313	0.09746856	0.17201103	1.14000000	9.14000000	0.01349394	0.00000000
C21	c	0.32562716	0.19970898	0.06855069	1.20000000	9.20000000	0.01188758	0.00000000
C22	c	0.47603621	0.25561895	0.17644749	1.26000000	9.26000000	0.01333456	0.00000000
C23	c	0.00537956	0.41713493	0.04580826	1.32000000	9.32000000	0.01466775	0.00000000
C24	c	0.42864751	0.69081444	0.01301675	1.38000000	9.38000000	0.02609270	0.00000000
C25	c	0.90433595	0.69324400	0.16525614	1.44000000	9.44000000	0.01236392	0.00000000
C26	c	0.42913392	0.91635342	0.04362517	1.50000000	9.50000000	0.02830996	0.00000000
C27	c	0.06034847	0.65748851	0.07076193	1.56000000	9.56000000	0.01014441	0.00000000
C28	c	0.67164185	0.27425049	0.10010669	1.62000000	9.62000000	0.02861953	0.00000000
C29	c	0.76662780	0.59561434	0.11798773	1.68000000	9.68000000	0.02452788	0.00000000
C30	c	0.79874619	0.43281905	0.04049691	1.74000000	9.74000000	0.02959047	0.00000000
C31	c	0.36359122	0.72546322	0.08829899	1.80000000	9.80000000	0.01046747	0.00000000
C32	c	0.70375555	0.51668754	0.02257934	1.86000000	9.86000000	0.01832612	0.00000000
C33	c	0.07086875	0.30255998	0.05125604	1.92000000	9.92000000	0.02306280	0.00000000
C34	c	0.15143530	0.85322700	0.17989228	1.98000000	9.98000000	0.02193621	0.00000000
C35	c	0.84250470	0.47374472	0.13112310	2.00000000	10.00000000	0.02961867	0.00000000
C36	c	0.40658411	0.80406772	0.10721500	2.00000000	10.00000000	0.01738925	0.00000000
C37	c	0.78320820	0.96439240	0.09394744	2.00000000	10.00000000	0.02883466	0.00000000
C38	c	0.63624426	0.15968713	0.06491826	2.00000000	10.00000000	0.01660689	0.00000000
C39	c	0.87553910	0.51088374	0.07203926	2.00000000	10.00000000	0.01004630	0.00000000
C40	c	0.07167659	0.41028507	0.03525095	2.00000000	10.00000000	0.01210856	0.00000000
C41	c	0.31798383	0.54215471	0.09887594	2.00000000	10.00000000	0.02351623	0.00000000
C42	c	0.92047505	0.94789566	0.04072889	2.00000000	10.00000000	0.01130335	0.00000000
C43	c	0.77468164	0.36032900	0.10305844	2.00000000	10.00000000	0.02139288	0.00000000
C44	c	0.58191292	0.23885200	0.01286069	2.00000000	10.00000000	0.01134410	0.00000000
C45	c	0.29949347	0.16882761	0.13110459	2.00000000	10.00000000	0.01882535	0.00000000
C46	c	0.01161253	0.22179607	0.07387717	2.00000000	10.00000000	0.02798850	0.00000000
C47	c	0.05545232	0.13812151	0.13805023	2.00000000	10.00000000	0.01129027	0.00000000
C48	c	0.12315162	0.38839896	0.02009532	2.00000000	10.00000000	0.02092588	0.00000000
C49	c	0.72817188	0.31890510	0.16931198	2.00000000	10.00000000	0.01129707	0.00000000
C50	c	0.12840195	0.90162083	0.04531375	2.00000000	10.00000000	0.01973386	0.00000000

Q Vehicle fuel tank capacity /0.40000000/
C Vehicle load capacity /1.50000000/
r fuel consumption rate /0.25000000/
g inverse refueling rate /1.00000000/
v average Velocity /1.00000000/
