StringID	Type	x	y	demand	ReadyTime	DueDate	ServiceTime	altitude
D0	d	0.50000000	0.50000000	0.00000000	0.00000000	10.00000000	0.00000000	0.00000000
S0	f	0.86174525	0.20109233	0.00000000	0.00000000	10.00000000	0.00000000	0.00000000
S1	f	0.59807484	0.97454726	0.00000000	0.00000000	10.00000000	0.00000000	0.00000000
S2	f	0.15926089	0.76821884	0.00000000	0.00000000	10.00000000	0.00000000	0.00000000
S3	f	0.84868960	0.54390721	0.00000000	0.00000000	10.00000000	0.00000000	0.00000000
S4	f	0.25489440	0.07360473	0.00000000	0.00000000	10.00000000	0.00000000	0.00000000
S5	f	0.35235416	0.37510852	0.00000000	0.00000000	10.00000000	0.00000000	0.00000000
S6	f	0.98282634	0.02520504	0.00000000	0.00000000	10.00000000	0.00000000	0.00000000
S7	f	0.67300885	0.76407716	0.00000000	0.00000000	10.00000000	0.00000000	0.00000000
S8	f	0.27057521	0.45624809	0.00000000	0.00000000	10.00000000	0.00000000	0.00000000
S9	f	0.28220269	0.53062132	0.00000000	0.00000000	10.00000000	0.00000000	0.00000000
C1	c	0.73570502	0.02481606	0.07118911	0.00000000	8.00000000	0.02259631	0.00000000
C2	c	0.77986273	0.12939858	0.12691066	0.06000000	8.06000000	0.02187361	0.00000000
C3	c	0.71673290	0.00621377	0.10918220	0.12000000	8.12000000	0.01865186	0.00000000
C4	c	0.82546334	0.06173530	0.12378468	0.18000000	8.18000000	0.02299113	0.00000000
C5	c	0.75067249	0.00000000	0.13870680	0.24000000	8.24000000	0.01501028	0.00000000
C6	c	0.79623037	0.04030296	0.12678571	0.30000000	8.30000000	0.01376929	0.00000000
C7	c	0.73310409	0.10627444	0.16421763	0.36000000	8.36000000	0.02187226	0.00000000
C8	c	0.60772121	0.04191087	0.02536960	0.42000000	8.42000000	0.01527170	0.00000000
C9	c	0.46484426	0.06625763	0.03272919	0.48000000	8.48000000	0.01089259	0.00000000
C10	c	0.49342647	0.01161643	0.06174420	0.54000000	8.54000000	0.02283582	0.00000000
C11	c	0.30388520	0.95544751	0.09823822	0.60000000	8.60000000	0.02094430	0.00000000
C12	c	0.33122887	0.82947040	0.12279030	0.66000000	8.66000000	0.02170017	0.00000000
C13	c	0.32648915	0.82128652	0.07464890	0.72000000	8.72000000	0.01431476	0.00000000
C14	c	0.37949613	1.00000000	0.07820447	0.78000000	8.78000000	0.01318771	0.00000000
C15	c	0.24054286	0.86100052	0.04646650	0.84000000	8.84000000	0.01441075	0.00000000
C16	c	0.92386549	0.54805863	0.14292832	0.90000000	8.90000000	0.01610626	0.00000000
C17	c	0.93593804	0.47002629	0.10426521	0.96000000	8.96000000	0.02776160	0.00000000
C18	c	0.90690391	0.47434974	0.15898729	1.02000000	9.02000000	0.02657038	0.00000000
C19	c	0.99497568	0.41088259	0.03360906	1.08000000	9.08000000	0.01150203	0.00000000
C20	c	0.99376611	0.47484380	0.08052859	1.14000000	9.14000000	0.01384997	0.00000000
C21	c	0.90905715	0.41933075	0.02537715	1.20000000	9.20000000	0.02153312	0.00000000
C22	c	0.95527659	0.40790348	0.08274080	1.26000000	9.26000000	0.01072646	0.00000000
C23	c	1.00000000	0.37326984	0.16163303	1.32000000	9.32000000	0.02428988	0.00000000
C24	c	0.04333566	0.06250787	0.08243188	1.38000000	9.38000000	0.02930841	0.00000000
C25	c	0.02142636	0.07162920	0.09103092	1.44000000	9.44000000	0.02072488	0.00000000
C26	c	0.39302294	0.64528202	0.07027480	1.50000000	9.50000000	0.02129811	0.00000000
C27	c	0.20759795	0.83716043	0.09542373	1.56000000	9.56000000	0.01442302	0.00000000
C28	c	0.38398385	0.95236702	0.05583226	1.62000000	9.62000000	0.02426515	0.00000000
C29	c	0.11993026	0.42204623	0.07279942	1.68000000	9.68000000	0.01318055	0.00000000
C30	c	0.41319909	0.39436271	0.11233921	1.74000000	9.74000000	0.02642614	0.00000000
C31	c	0.80599200	0.69845925	0.04373539	1.80000000	9.80000000	0.02259431	0.00000000
C32	c	0.29601066	0.78153471	0.14241476	1.86000000	9.86000000	0.01612398	0.00000000
C33	c	0.75193696	0.69484378	0.07138261	1.92000000	9.92000000	0.01758154	0.00000000
C34	c	0.12090473	0.12181015	0.16047256	1.98000000	9.98000000	0.02580631	0.00000000
C35	c	0.80315579	0.28378979	0.02999411	2.00000000	10.00000000	0.02553099	0.00000000
C36	c	0.02893398	0.48313709	0.07734861	2.00000000	10.00000000	0.02006131	0.00000000
C37	c	0.62981544	0.59368050	0.07596189	2.00000000	10.00000000	0.02579595	0.00000000
C38	c	0.25051400	0.18846474	0.07300942	2.00000000	10.00000000	0.01554921	0.00000000
C39	c	0.59361280	0.26358497	0.13752934	2.00000000	10.00000000	0.01871277	0.00000000
C40	c	0.04462965	0.64179078	0.12067436	2.00000000	10.00000000	0.02592098	0.00000000
C41	c	0.54721492	0.58500858	0.05759345	2.00000000	10.00000000	0.01010089	0.00000000
C42	c	0.21573823	0.15938543	0.13369583	2.00000000	10.00000000	0.01894550	0.00000000
C43	c	0.22053758	0.30531280	0.12905660	2.00000000	10.00000000	0.01131088	0.00000000
C44	c	0.88808004	0.82851888	0.12010766	2.00000000	10.00000000	0.02041488	0.00000000
C45	c	0.07510147	0.19249870	0.03014686	2.00000000	10.00000000	0.01421490	0.00000000
C46	c	0.71449402	0.96542073	0.03028877	2.00000000	10.00000000	0.01788207	0.00000000
C47	c	0.22115102	0.71325761	0.13708478	2.00000000	10.00000000	0.02785663	0.00000000
C48	c	0.15902728	0.82130711	0.05567791	2.00000000	10.00000000	0.02363709	0.00000000
C49	c	0.62971565	0.30619895	0.01573110	2.00000000	10.00000000	0.01279607	0.00000000
C50	c	0.37907709	0.79031560	0.08692416	2.00000000	10.00000000	0.02646004	0.00000000

Q Vehicle fuel tank capacity /0.40000000/
C Vehicle load capacity /1.50000000/
r fuel consumption rate /0.25000000/
g inverse refueling rate /1.00000000/
v average Velocity /1.00000000/
