StringID	Type	x	y	demand	ReadyTime	DueDate	ServiceTime	altitude
D0	d	0.50000000	0.50000000	0.00000000	0.00000000	10.00000000	0.00000000	0.00000000
S0	f	0.09115565	0.05524335	0.00000000	0.00000000	10.00000000	0.00000000	0.00000000
S1	f	0.69466954	0.11072488	0.00000000	0.00000000	10.00000000	0.00000000	0.00000000
S2	f	0.91119450	0.93780885	0.00000000	0.00000000	10.00000000	0.00000000	0.00000000
S3	f	0.76028842	0.90601051	0.00000000	0.00000000	10.00000000	0.00000000	0.00000000
S4	f	0.79017506	0.66546705	0.00000000	0.00000000	10.00000000	0.00000000	0.00000000
S5	f	0.53005546	0.82019119	0.00000000	0.00000000	10.00000000	0.00000000	0.00000000
C1	c	0.01137487	0.09502393	0.11807596	0.00000000	8.00000000	0.01006782	0.00000000
C2	c	0.84586637	0.31175851	0.24628237	0.10000000	8.10000000	0.02543478	0.00000000
C3	c	0.68231053	0.82751165	0.14296290	0.20000000	8.20000000	0.01160559	0.00000000
C4	c	0.29958625	0.64680194	0.23929687	0.30000000	8.30000000	0.02528481	0.00000000
C5	c	0.05010043	0.58989022	0.07281194	0.40000000	8.40000000	0.01838001	0.00000000
C6	c	0.17452172	0.44546255	0.12482236	0.50000000	8.50000000	0.01558288	0.00000000
C7	c	0.95399016	0.51343174	0.22910176	0.60000000	8.60000000	0.01298758	0.00000000
C8	c	0.87611731	0.58096684	0.24346171	0.70000000	8.70000000	0.01711008	0.00000000
C9	c	0.69507809	0.00054763	0.22966185	0.80000000	8.80000000	0.01717006	0.00000000
C10	c	0.60898620	0.18802607	0.17909825	0.90000000	8.90000000	0.01678186	0.00000000
C11	c	0.06114716	0.80070078	0.03370755	1.00000000	9.00000000	0.01847095	0.00000000
C12	c	0.16103556	0.70523814	0.20645054	1.10000000	9.10000000	0.01177833	0.00000000
C13	c	0.38746773	0.74222183	0.16779463	1.20000000	9.20000000	0.01432631	0.00000000
C14	c	0.44379334	0.96874093	0.10488528	1.30000000	9.30000000	0.01469050	0.00000000
C15	c	0.85314166	0.10288204	0.13232380	1.40000000	9.40000000	0.01919872	0.00000000
C16	c	0.31989905	0.42211483	0.16547449	1.50000000	9.50000000	0.02101179	0.00000000
C17	c	0.40034143	0.46848412	0.14854594	1.60000000	9.60000000	0.01182019	0.00000000
C18	c	0.34685287	0.47706494	0.18411713	1.70000000	9.70000000	0.02476283	0.00000000
C19	c	0.44236806	0.54517415	0.15949460	1.80000000	9.80000000	0.02278505	0.00000000
C20	c	0.09115565	0.05524335	0.01954980	1.90000000	9.90000000	0.01227290	0.00000000
C21	c	0.43885406	0.15825957	0.23936019	2.00000000	10.00000000	0.02824093	0.00000000
C22	c	0.85624627	0.47780220	0.10592807	2.00000000	10.00000000	0.02507719	0.00000000
C23	c	0.05187068	0.98083530	0.22846621	2.00000000	10.00000000	0.01776177	0.00000000
C24	c	0.84967856	0.01853184	0.11375864	2.00000000	10.00000000	0.01982541	0.00000000
C25	c	0.32963664	0.12239899	0.05322511	2.00000000	10.00000000	0.02970341	0.00000000
C26	c	0.75082666	0.04156331	0.05066067	2.00000000	10.00000000	0.01082612	0.00000000
C27	c	0.92831031	0.77730860	0.01678247	2.00000000	10.00000000	0.01086961	0.00000000
C28	c	0.28701021	0.28901477	0.17810699	2.00000000	10.00000000	0.01262627	0.00000000
C29	c	0.12232330	0.49605764	0.12458594	2.00000000	10.00000000	0.01533640	0.00000000
C30	c	0.63603225	0.34979285	0.24120597	2.00000000	10.00000000	0.02688269	0.00000000

Q Vehicle fuel tank capacity /0.40000000/
C Vehicle load capacity /1.50000000/
r fuel consumption rate /0.25000000/
g inverse refueling rate /1.00000000/
v average Velocity /1.00000000/
