StringID	Type	x	y	demand	ReadyTime	DueDate	ServiceTime	altitude
D0	d	0.50000000	0.50000000	0.00000000	0.00000000	10.00000000	0.00000000	0.00000000
S0	f	0.12820004	0.06074040	0.00000000	0.00000000	10.00000000	0.00000000	0.00000000
S1	f	0.88945354	0.07957323	0.00000000	0.00000000	10.00000000	0.00000000	0.00000000
S2	f	0.58195076	0.88336036	0.00000000	0.00000000	10.00000000	0.00000000	0.00000000
S3	f	0.79580477	0.39726050	0.00000000	0.00000000	10.00000000	0.00000000	0.00000000
S4	f	0.45771071	0.64946618	0.00000000	0.00000000	10.00000000	0.00000000	0.00000000
S5	f	0.40371723	0.86015729	0.00000000	0.00000000	10.00000000	0.00000000	0.00000000
S6	f	0.49927647	0.14922285	0.00000000	0.00000000	10.00000000	0.00000000	0.00000000
S7	f	0.55320935	0.16945276	0.00000000	0.00000000	10.00000000	0.00000000	0.00000000
S8	f	0.86505765	0.02750237	0.00000000	0.00000000	10.00000000	0.00000000	0.00000000
S9	f	0.75145863	0.46206256	0.00000000	0.00000000	10.00000000	0.00000000	0.00000000
C1	c	0.37385381	0.36243804	0.16009622	0.00000000	8.00000000	0.01860723	0.00000000
C2	c	0.71520138	0.39972517	0.02920493	0.06000000	8.06000000	0.01578830	0.00000000
C3	c	0.32554368	0.96815557	0.09998724	0.12000000	8.12000000	0.02902168	0.00000000
C4	c	0.14613870	0.88866098	0.10944782	0.18000000	8.18000000	0.01876515	0.00000000
C5	c	0.55459066	0.83028914	0.04000826	0.24000000	8.24000000	0.01417731	0.00000000
C6	c	0.51977102	0.91197498	0.08330791	0.30000000	8.30000000	0.01835537	0.00000000
C7	c	0.75239724	0.01820017	0.04177616	0.36000000	8.36000000	0.02412018	0.00000000
C8	c	0.85808941	0.44649945	0.11490961	0.42000000	8.42000000	0.02332025	0.00000000
C9	c	0.03806816	0.72664905	0.09545907	0.48000000	8.48000000	0.01434049	0.00000000
C10	c	0.28604637	0.18738546	0.14439980	0.54000000	8.54000000	0.01105699	0.00000000
C11	c	0.99807721	0.23537633	0.05634291	0.60000000	8.60000000	0.02401640	0.00000000
C12	c	0.23872756	0.62762190	0.11780989	0.66000000	8.66000000	0.02758604	0.00000000
C13	c	0.84485074	0.58502948	0.10448362	0.72000000	8.72000000	0.02399733	0.00000000
C14	c	0.55960932	0.78507918	0.15768559	0.78000000	8.78000000	0.01479763	0.00000000
C15	c	0.10465793	0.08554239	0.02741412	0.84000000	8.84000000	0.02457732	0.00000000
C16	c	0.83624592	0.84316071	0.01453977	0.90000000	8.90000000	0.02421894	0.00000000
C17	c	0.44852487	0.49421089	0.06859055	0.96000000	8.96000000	0.02859624	0.00000000
C18	c	0.63513010	0.33848963	0.12215197	1.02000000	9.02000000	0.01234236	0.00000000
C19	c	0.52693603	0.65258194	0.06436414	1.08000000	9.08000000	0.02845439	0.00000000
C20	c	0.29118037	0.99936975	0.02884726	1.14000000	9.14000000	0.01689151	0.00000000
C21	c	0.64110175	0.56258083	0.03903026	1.20000000	9.20000000	0.01304433	0.00000000
C22	c	0.08245341	0.56386831	0.06119553	1.26000000	9.26000000	0.01665421	0.00000000
C23	c	0.59482918	0.72108279	0.01486656	1.32000000	9.32000000	0.02426119	0.00000000
C24	c	0.64365196	0.49911982	0.06164437	1.38000000	9.38000000	0.02278729	0.00000000
C25	c	0.95595304	0.54051318	0.15780162	1.44000000	9.44000000	0.02350391	0.00000000
C26	c	0.25312435	0.92358756	0.05936500	1.50000000	9.50000000	0.01382174	0.00000000
C27	c	0.42647766	0.99070457	0.16031223	1.56000000	9.56000000	0.01070353	0.00000000
C28	c	0.05724182	0.23706446	0.03850143	1.62000000	9.62000000	0.01589235	0.00000000
C29	c	0.47408585	0.98964091	0.01502999	1.68000000	9.68000000	0.02392478	0.00000000
C30	c	0.78780690	0.52180738	0.11745944	1.74000000	9.74000000	0.01126023	0.00000000
C31	c	0.43671439	0.20697048	0.14351569	1.80000000	9.80000000	0.02422555	0.00000000
C32	c	0.20628529	0.31505420	0.05192856	1.86000000	9.86000000	0.02280354	0.00000000
C33	c	0.88945354	0.07957323	0.15724102	1.92000000	9.92000000	0.02075434	0.00000000
C34	c	0.42251895	0.61987151	0.12083244	1.98000000	9.98000000	0.02914613	0.00000000
C35	c	0.02554048	0.35545705	0.10084399	2.00000000	10.00000000	0.02575589	0.00000000
C36	c	0.03889122	0.04192820	0.13779953	2.00000000	10.00000000	0.02487530	0.00000000
C37	c	0.90754397	0.29073761	0.13976948	2.00000000	10.00000000	0.01428808	0.00000000
C38	c	0.53701068	0.61219701	0.09626554	2.00000000	10.00000000	0.01542241	0.00000000
C39	c	0.70589109	0.84594451	0.05865696	2.00000000	10.00000000	0.02161072	0.00000000
C40	c	0.56576575	0.10393317	0.15411730	2.00000000	10.00000000	0.01716797	0.00000000
C41	c	0.25445082	0.26019991	0.10808675	2.00000000	10.00000000	0.01323525	0.00000000
C42	c	0.32553619	0.46981063	0.11223526	2.00000000	10.00000000	0.01442896	0.00000000
C43	c	0.06649446	0.39776838	0.07630533	2.00000000	10.00000000	0.02178914	0.00000000
C44	c	0.93610849	0.84414028	0.13227553	2.00000000	10.00000000	0.01035257	0.00000000
C45	c	0.80006122	0.88650260	0.05067482	2.00000000	10.00000000	0.01561164	0.00000000
C46	c	0.98741928	0.88769965	0.02088704	2.00000000	10.00000000	0.01958606	0.00000000
C47	c	0.11064021	0.13254773	0.02853345	2.00000000	10.00000000	0.02872032	0.00000000
C48	c	0.92744957	0.00192291	0.12518714	2.00000000	10.00000000	0.02410977	0.00000000
C49	c	0.85847216	0.15532148	0.15208305	2.00000000	10.00000000	0.01582208	0.00000000
C50	c	0.72586262	0.90130174	0.12672784	2.00000000	10.00000000	0.01187600	0.00000000

Q Vehicle fuel tank capacity /0.40000000/
C Vehicle load capacity /1.50000000/
r fuel consumption rate /0.25000000/
g inverse refueling rate /1.00000000/
v average Velocity /1.00000000/
