StringID	Type	x	y	demand	ReadyTime	DueDate	ServiceTime	altitude
D0	d	0.50000000	0.50000000	0.00000000	0.00000000	10.00000000	0.00000000	0.00000000
S0	f	0.42319217	0.45876004	0.00000000	0.00000000	10.00000000	0.00000000	0.00000000
S1	f	0.64630770	0.67707198	0.00000000	0.00000000	10.00000000	0.00000000	0.00000000
S2	f	0.71408859	0.79802376	0.00000000	0.00000000	10.00000000	0.00000000	0.00000000
S3	f	0.64241614	0.59322388	0.00000000	0.00000000	10.00000000	0.00000000	0.00000000
S4	f	0.43444622	0.03646267	0.00000000	0.00000000	10.00000000	0.00000000	0.00000000
S5	f	0.51355613	0.77952508	0.00000000	0.00000000	10.00000000	0.00000000	0.00000000
S6	f	0.25695852	0.01107027	0.00000000	0.00000000	10.00000000	0.00000000	0.00000000
S7	f	0.23043662	0.57904573	0.00000000	0.00000000	10.00000000	0.00000000	0.00000000
S8	f	0.28944813	0.39234756	0.00000000	0.00000000	10.00000000	0.00000000	0.00000000
S9	f	0.33056269	0.53423048	0.00000000	0.00000000	10.00000000	0.00000000	0.00000000
C1	c	0.44722827	0.50934090	0.03069419	0.00000000	8.00000000	0.02593541	0.00000000
C2	c	0.40809798	0.50674418	0.09011026	0.06000000	8.06000000	0.01544383	0.00000000
C3	c	0.48107149	0.45495369	0.04377126	0.12000000	8.12000000	0.02645471	0.00000000
C4	c	0.36023362	0.35020804	0.09387296	0.18000000	8.18000000	0.01302228	0.00000000
C5	c	0.37075350	0.39419166	0.04844571	0.24000000	8.24000000	0.02445227	0.00000000
C6	c	0.44131379	0.27168550	0.11282239	0.30000000	8.30000000	0.02104740	0.00000000
C7	c	0.37768443	0.31579745	0.07643921	0.36000000	8.36000000	0.02349146	0.00000000
C8	c	0.85666313	0.87120764	0.06711637	0.42000000	8.42000000	0.02008161	0.00000000
C9	c	0.84846319	0.87607560	0.05851812	0.48000000	8.48000000	0.01884081	0.00000000
C10	c	0.86165620	0.78408412	0.14263765	0.54000000	8.54000000	0.01213721	0.00000000
C11	c	0.84544919	0.83208081	0.12966842	0.60000000	8.60000000	0.01361162	0.00000000
C12	c	0.81452529	0.85342985	0.01274896	0.66000000	8.66000000	0.01430127	0.00000000
C13	c	0.89033871	0.87465500	0.13604511	0.72000000	8.72000000	0.01514781	0.00000000
C14	c	0.77362519	0.90608388	0.03527885	0.78000000	8.78000000	0.01491646	0.00000000
C15	c	1.00000000	0.60212547	0.02510312	0.84000000	8.84000000	0.02343330	0.00000000
C16	c	0.92994027	0.62176899	0.14256567	0.90000000	8.90000000	0.01807192	0.00000000
C17	c	1.00000000	0.67249394	0.15988618	0.96000000	8.96000000	0.02356338	0.00000000
C18	c	0.99905035	0.63878012	0.13499284	1.02000000	9.02000000	0.01928310	0.00000000
C19	c	0.93328853	0.62358446	0.15240309	1.08000000	9.08000000	0.02647171	0.00000000
C20	c	0.94153634	0.59882561	0.10316300	1.14000000	9.14000000	0.01107054	0.00000000
C21	c	0.94876803	0.88493449	0.10734540	1.20000000	9.20000000	0.02571223	0.00000000
C22	c	0.88193809	0.83236326	0.13059835	1.26000000	9.26000000	0.02985550	0.00000000
C23	c	0.90376700	0.74880937	0.06338336	1.32000000	9.32000000	0.02684237	0.00000000
C24	c	0.80726368	0.82160534	0.10906278	1.38000000	9.38000000	0.02964990	0.00000000
C25	c	0.94263892	0.84385445	0.06229606	1.44000000	9.44000000	0.01413070	0.00000000
C26	c	0.32122211	0.90087953	0.15426171	1.50000000	9.50000000	0.01666070	0.00000000
C27	c	0.36706922	0.96098439	0.06956994	1.56000000	9.56000000	0.02578146	0.00000000
C28	c	0.67565519	0.82036504	0.16379766	1.62000000	9.62000000	0.02984924	0.00000000
C29	c	0.16317249	0.26913414	0.11852870	1.68000000	9.68000000	0.02292430	0.00000000
C30	c	0.85552832	0.42401083	0.14148767	1.74000000	9.74000000	0.02561888	0.00000000
C31	c	0.43315039	0.11078362	0.03722067	1.80000000	9.80000000	0.01831056	0.00000000
C32	c	0.82084355	0.96215148	0.05403204	1.86000000	9.86000000	0.01645903	0.00000000
C33	c	0.53973198	0.37818626	0.14706651	1.92000000	9.92000000	0.01805485	0.00000000
C34	c	0.12384576	0.14019171	0.07860402	1.98000000	9.98000000	0.02660509	0.00000000
C35	c	0.38519582	0.59738077	0.08005406	2.00000000	10.00000000	0.01646151	0.00000000
C36	c	0.47221253	0.36667270	0.02890891	2.00000000	10.00000000	0.02361609	0.00000000
C37	c	0.73908930	0.29911991	0.14156359	2.00000000	10.00000000	0.01194571	0.00000000
C38	c	0.79677068	0.27219127	0.16398282	2.00000000	10.00000000	0.02158792	0.00000000
C39	c	0.82273558	0.15111398	0.09696378	2.00000000	10.00000000	0.01836173	0.00000000
C40	c	0.72261358	0.55237006	0.07133372	2.00000000	10.00000000	0.02991732	0.00000000
C41	c	0.67457322	0.50408039	0.03098128	2.00000000	10.00000000	0.01369683	0.00000000
C42	c	0.18058099	0.21506351	0.03357465	2.00000000	10.00000000	0.02258533	0.00000000
C43	c	0.25739059	0.24582321	0.03853376	2.00000000	10.00000000	0.01584014	0.00000000
C44	c	0.67166517	0.40359587	0.05886854	2.00000000	10.00000000	0.02091924	0.00000000
C45	c	0.67816879	0.46415491	0.07244582	2.00000000	10.00000000	0.01573998	0.00000000
C46	c	0.82358549	0.05352718	0.10611006	2.00000000	10.00000000	0.02194169	0.00000000
C47	c	0.78561155	0.99277502	0.08625147	2.00000000	10.00000000	0.01511377	0.00000000
C48	c	0.20653491	0.33303494	0.06950703	2.00000000	10.00000000	0.01588570	0.00000000
C49	c	0.64621511	0.78094401	0.12859285	2.00000000	10.00000000	0.02937551	0.00000000
C50	c	0.40274255	0.83025429	0.05878943	2.00000000	10.00000000	0.01151426	0.00000000

Q Vehicle fuel tank capacity /0.40000000/
C Vehicle load capacity /1.50000000/
r fuel consumption rate /0.25000000/
g inverse refueling rate /1.00000000/
v average Velocity /1.00000000/
