StringID	Type	x	y	demand	ReadyTime	DueDate	ServiceTime	altitude
D0	d	0.50000000	0.50000000	0.00000000	0.00000000	10.00000000	0.00000000	0.00000000
S0	f	0.54997572	0.89591707	0.00000000	0.00000000	10.00000000	0.00000000	0.00000000
S1	f	0.67414540	0.38818798	0.00000000	0.00000000	10.00000000	0.00000000	0.00000000
S2	f	0.55850264	0.44379306	0.00000000	0.00000000	10.00000000	0.00000000	0.00000000
S3	f	0.84116350	0.83651875	0.00000000	0.00000000	10.00000000	0.00000000	0.00000000
S4	f	0.22466645	0.10454344	0.00000000	0.00000000	10.00000000	0.00000000	0.00000000
S5	f	0.97560550	0.40884294	0.00000000	0.00000000	10.00000000	0.00000000	0.00000000
S6	f	0.60889812	0.97491661	0.00000000	0.00000000	10.00000000	0.00000000	0.00000000
S7	f	0.85698357	0.47057231	0.00000000	0.00000000	10.00000000	0.00000000	0.00000000
S8	f	0.45220225	0.76478615	0.00000000	0.00000000	10.00000000	0.00000000	0.00000000
S9	f	0.67368543	0.68110262	0.00000000	0.00000000	10.00000000	0.00000000	0.00000000
C1	c	0.89566146	0.02507749	0.07553740	0.00000000	8.00000000	0.01844066	0.00000000
C2	c	0.78635499	0.82178636	0.14887537	0.06000000	8.06000000	0.01590471	0.00000000
C3	c	0.62310162	0.77921300	0.05338549	0.12000000	8.12000000	0.02578640	0.00000000
C4	c	0.48148642	0.36348397	0.03288314	0.18000000	8.18000000	0.02252295	0.00000000
C5	c	0.23729181	0.40987803	0.13437938	0.24000000	8.24000000	0.02707507	0.00000000
C6	c	0.85108164	0.20531823	0.09731836	0.30000000	8.30000000	0.01501768	0.00000000
C7	c	0.39433473	0.26780157	0.12681857	0.36000000	8.36000000	0.01994480	0.00000000
C8	c	0.21647138	0.00581426	0.01435174	0.42000000	8.42000000	0.02275106	0.00000000
C9	c	0.18534055	0.37671460	0.15821307	0.48000000	8.48000000	0.02985702	0.00000000
C10	c	0.72788197	0.55629196	0.07792550	0.54000000	8.54000000	0.02871618	0.00000000
C11	c	0.14170443	0.30545383	0.09373879	0.60000000	8.60000000	0.02065557	0.00000000
C12	c	0.36820700	0.62318331	0.04237938	0.66000000	8.66000000	0.02841029	0.00000000
C13	c	0.68444472	0.89002646	0.05488339	0.72000000	8.72000000	0.01571530	0.00000000
C14	c	0.66632821	0.22518708	0.08949931	0.78000000	8.78000000	0.02894205	0.00000000
C15	c	0.61825952	0.14405931	0.13614752	0.84000000	8.84000000	0.01302384	0.00000000
C16	c	0.28626225	0.83102251	0.03713850	0.90000000	8.90000000	0.02375986	0.00000000
C17	c	0.57989294	0.09767379	0.07651747	0.96000000	8.96000000	0.02491656	0.00000000
C18	c	0.20982451	0.79888725	0.06895564	1.02000000	9.02000000	0.01054283	0.00000000
C19	c	0.01692322	0.79257473	0.12061792	1.08000000	9.08000000	0.01978442	0.00000000
C20	c	0.54997572	0.89591707	0.02009692	1.14000000	9.14000000	0.01605181	0.00000000
C21	c	0.40309876	0.43507352	0.05889819	1.20000000	9.20000000	0.02869306	0.00000000
C22	c	0.01183278	0.87500635	0.11020349	1.26000000	9.26000000	0.01942614	0.00000000
C23	c	0.97929488	0.76788153	0.06218355	1.32000000	9.32000000	0.02381468	0.00000000
C24	c	0.78874077	0.47897444	0.09300000	1.38000000	9.38000000	0.01676344	0.00000000
C25	c	0.53836510	0.99073803	0.03529570	1.44000000	9.44000000	0.01960923	0.00000000
C26	c	0.04268236	0.73608084	0.16335658	1.50000000	9.50000000	0.01285333	0.00000000
C27	c	0.39113187	0.53567858	0.01532428	1.56000000	9.56000000	0.01944626	0.00000000
C28	c	0.99963498	0.58030241	0.10883843	1.62000000	9.62000000	0.02908199	0.00000000
C29	c	0.47749027	0.13846646	0.16703444	1.68000000	9.68000000	0.02467825	0.00000000
C30	c	0.39984087	0.31037323	0.01717888	1.74000000	9.74000000	0.02288544	0.00000000
C31	c	0.21661990	0.75890306	0.14863624	1.80000000	9.80000000	0.01800961	0.00000000
C32	c	0.43496225	0.92278261	0.18221794	1.86000000	9.86000000	0.02131076	0.00000000
C33	c	0.49982031	0.22879290	0.03429632	1.92000000	9.92000000	0.01785472	0.00000000
C34	c	0.12815990	0.17901187	0.11006402	1.98000000	9.98000000	0.02087442	0.00000000
C35	c	0.33881297	0.23845915	0.19155596	2.00000000	10.00000000	0.02474150	0.00000000
C36	c	0.17831597	0.96461470	0.17819636	2.00000000	10.00000000	0.01461946	0.00000000
C37	c	0.14199483	0.79644117	0.01993699	2.00000000	10.00000000	0.02786695	0.00000000
C38	c	0.67414540	0.38818798	0.15728216	2.00000000	10.00000000	0.01652540	0.00000000
C39	c	0.35634705	0.40782218	0.03538102	2.00000000	10.00000000	0.01594559	0.00000000
C40	c	0.65486766	0.47942549	0.13291959	2.00000000	10.00000000	0.01572518	0.00000000
C41	c	0.82248376	0.00009331	0.02332499	2.00000000	10.00000000	0.01210998	0.00000000
C42	c	0.78902592	0.35606078	0.14407533	2.00000000	10.00000000	0.01858172	0.00000000
C43	c	0.39689734	0.86926919	0.06949445	2.00000000	10.00000000	0.02512962	0.00000000
C44	c	0.19403852	0.66660188	0.07026066	2.00000000	10.00000000	0.02310446	0.00000000
C45	c	0.13444578	0.06830418	0.12862351	2.00000000	10.00000000	0.01273243	0.00000000
C46	c	0.03582626	0.15586683	0.06580353	2.00000000	10.00000000	0.02585223	0.00000000
C47	c	0.86342049	0.76174522	0.13286573	2.00000000	10.00000000	0.02207034	0.00000000
C48	c	0.26818325	0.14219572	0.09010519	2.00000000	10.00000000	0.02833967	0.00000000
C49	c	0.51835082	0.11917819	0.04391412	2.00000000	10.00000000	0.02926759	0.00000000
C50	c	0.93800813	0.34100257	0.05006952	2.00000000	10.00000000	0.01086507	0.00000000

Q Vehicle fuel tank capacity /0.40000000/
C Vehicle load capacity /1.50000000/
r fuel consumption rate /0.25000000/
g inverse refueling rate /1.00000000/
v average Velocity /1.00000000/
