StringID	Type	x	y	demand	ReadyTime	DueDate	ServiceTime	altitude
D0	d	0.50000000	0.50000000	0.00000000	0.00000000	10.00000000	0.00000000	0.00000000
S0	f	0.78134604	0.95061174	0.00000000	0.00000000	10.00000000	0.00000000	0.00000000
S1	f	0.06813754	0.29102221	0.00000000	0.00000000	10.00000000	0.00000000	0.00000000
S2	f	0.35826169	0.42607056	0.00000000	0.00000000	10.00000000	0.00000000	0.00000000
S3	f	0.21429380	0.17105309	0.00000000	0.00000000	10.00000000	0.00000000	0.00000000
S4	f	0.46502407	0.37570739	0.00000000	0.00000000	10.00000000	0.00000000	0.00000000
S5	f	0.42247565	0.49700634	0.00000000	0.00000000	10.00000000	0.00000000	0.00000000
C1	c	0.99067422	0.49777013	0.02952480	0.00000000	8.00000000	0.02253548	0.00000000
C2	c	0.99403019	0.56691725	0.06800924	0.10000000	8.10000000	0.02096527	0.00000000
C3	c	0.70703054	0.95036464	0.10509708	0.20000000	8.20000000	0.01080320	0.00000000
C4	c	0.75385024	0.88616159	0.21451017	0.30000000	8.30000000	0.02983693	0.00000000
C5	c	0.76311008	0.89562673	0.12831788	0.40000000	8.40000000	0.02936655	0.00000000
C6	c	0.88471218	0.92795091	0.12517771	0.50000000	8.50000000	0.01844572	0.00000000
C7	c	0.84875776	0.99857215	0.11688438	0.60000000	8.60000000	0.01838062	0.00000000
C8	c	0.80637778	1.00000000	0.13639826	0.70000000	8.70000000	0.02181175	0.00000000
C9	c	0.64755979	0.50211865	0.13483253	0.80000000	8.80000000	0.02955269	0.00000000
C10	c	0.65334641	0.53321970	0.25313127	0.90000000	8.90000000	0.01098112	0.00000000
C11	c	0.70224074	0.49753812	0.22594196	1.00000000	9.00000000	0.01184880	0.00000000
C12	c	0.62783860	0.51080648	0.14915910	1.10000000	9.10000000	0.02004103	0.00000000
C13	c	0.72227939	0.50731552	0.06057002	1.20000000	9.20000000	0.02312985	0.00000000
C14	c	0.61196508	0.56004954	0.11381435	1.30000000	9.30000000	0.02218548	0.00000000
C15	c	0.66546586	0.47627754	0.14327007	1.40000000	9.40000000	0.01639610	0.00000000
C16	c	0.59312735	0.61398064	0.16851790	1.50000000	9.50000000	0.02396121	0.00000000
C17	c	0.32713990	0.62677412	0.22105803	1.60000000	9.60000000	0.01446640	0.00000000
C18	c	0.54826344	0.04016017	0.18004037	1.70000000	9.70000000	0.02395313	0.00000000
C19	c	0.99184633	0.96832768	0.21054799	1.80000000	9.80000000	0.01346826	0.00000000
C20	c	0.42228594	0.41903114	0.23945558	1.90000000	9.90000000	0.01038421	0.00000000
C21	c	0.59058763	0.97763464	0.09186891	2.00000000	10.00000000	0.02473490	0.00000000
C22	c	0.04905624	0.09244013	0.22252928	2.00000000	10.00000000	0.02512339	0.00000000
C23	c	0.50205140	0.65649257	0.14553171	2.00000000	10.00000000	0.02700568	0.00000000
C24	c	0.60927391	0.31980498	0.19159477	2.00000000	10.00000000	0.02990019	0.00000000
C25	c	0.69806053	0.22332024	0.08273302	2.00000000	10.00000000	0.01693880	0.00000000
C26	c	0.69765666	0.17341293	0.16818575	2.00000000	10.00000000	0.01558431	0.00000000
C27	c	0.01921029	0.73674519	0.15573542	2.00000000	10.00000000	0.01198045	0.00000000
C28	c	0.99500960	0.34693985	0.15870075	2.00000000	10.00000000	0.01498938	0.00000000
C29	c	0.27921535	0.09902229	0.16368066	2.00000000	10.00000000	0.01916674	0.00000000
C30	c	0.24946879	0.45833719	0.09518103	2.00000000	10.00000000	0.02032142	0.00000000

Q Vehicle fuel tank capacity /0.40000000/
C Vehicle load capacity /1.50000000/
r fuel consumption rate /0.25000000/
g inverse refueling rate /1.00000000/
v average Velocity /1.00000000/
