StringID	Type	x	y	demand	ReadyTime	DueDate	ServiceTime	altitude
D0	d	0.50000000	0.50000000	0.00000000	0.00000000	10.00000000	0.00000000	0.00000000
S0	f	0.29026932	0.74340984	0.00000000	0.00000000	10.00000000	0.00000000	0.00000000
S1	f	0.56546319	0.16636178	0.00000000	0.00000000	10.00000000	0.00000000	0.00000000
S2	f	0.08070891	0.92097155	0.00000000	0.00000000	10.00000000	0.00000000	0.00000000
S3	f	0.99971448	0.92209178	0.00000000	0.00000000	10.00000000	0.00000000	0.00000000
S4	f	0.13895741	0.11772557	0.00000000	0.00000000	10.00000000	0.00000000	0.00000000
S5	f	0.02470683	0.65872037	0.00000000	0.00000000	10.00000000	0.00000000	0.00000000
C1	c	0.47062031	0.72326921	0.29545459	0.00000000	8.00000000	0.01034671	0.00000000
C2	c	0.26995297	0.07161370	0.07367806	0.10000000	8.10000000	0.01860262	0.00000000
C3	c	0.77070840	0.96321464	0.20248962	0.20000000	8.20000000	0.01166022	0.00000000
C4	c	0.73551529	0.17267921	0.15819000	0.30000000	8.30000000	0.02591245	0.00000000
C5	c	0.16556226	0.27885211	0.07624332	0.40000000	8.40000000	0.02402132	0.00000000
C6	c	0.37921311	0.73974365	0.09929853	0.50000000	8.50000000	0.01337819	0.00000000
C7	c	0.59523686	0.21111459	0.22193602	0.60000000	8.60000000	0.02791553	0.00000000
C8	c	0.79383016	0.73509688	0.14686729	0.70000000	8.70000000	0.01115714	0.00000000
C9	c	0.04832311	0.80429660	0.04131994	0.80000000	8.80000000	0.01896785	0.00000000
C10	c	0.45319486	0.81873358	0.03509934	0.90000000	8.90000000	0.02270091	0.00000000
C11	c	0.40353424	0.37916660	0.13662328	1.00000000	9.00000000	0.02944058	0.00000000
C12	c	0.90954826	0.43934474	0.10718514	1.10000000	9.10000000	0.02896074	0.00000000
C13	c	0.29833378	0.62066414	0.26060535	1.20000000	9.20000000	0.02834527	0.00000000
C14	c	0.73966600	0.90832263	0.28689811	1.30000000	9.30000000	0.01405079	0.00000000
C15	c	0.11492943	0.70826370	0.17117838	1.40000000	9.40000000	0.02326811	0.00000000
C16	c	0.61987134	0.10578180	0.26534378	1.50000000	9.50000000	0.01650610	0.00000000
C17	c	0.07443522	0.12334335	0.02540395	1.60000000	9.60000000	0.02057571	0.00000000
C18	c	0.62836417	0.25913294	0.11086687	1.70000000	9.70000000	0.02510018	0.00000000
C19	c	0.29026932	0.74340984	0.14031420	1.80000000	9.80000000	0.02654772	0.00000000
C20	c	0.52147556	0.05449557	0.04856754	1.90000000	9.90000000	0.02359982	0.00000000
C21	c	0.94828702	0.09657040	0.08959893	2.00000000	10.00000000	0.01782671	0.00000000
C22	c	0.38479335	0.95650571	0.15212513	2.00000000	10.00000000	0.01962709	0.00000000
C23	c	0.17792835	0.47336161	0.07489766	2.00000000	10.00000000	0.01319212	0.00000000
C24	c	0.32734978	0.58728583	0.26879128	2.00000000	10.00000000	0.01887651	0.00000000
C25	c	0.66630791	0.07978138	0.13609911	2.00000000	10.00000000	0.02915806	0.00000000
C26	c	0.71235925	0.37617269	0.16390330	2.00000000	10.00000000	0.01471877	0.00000000
C27	c	0.75759435	0.84634435	0.13960449	2.00000000	10.00000000	0.01522669	0.00000000
C28	c	0.20290649	0.92877677	0.09983351	2.00000000	10.00000000	0.01921929	0.00000000
C29	c	0.51451816	0.62693076	0.17521214	2.00000000	10.00000000	0.02431215	0.00000000
C30	c	0.61384555	0.03758316	0.29637114	2.00000000	10.00000000	0.02613309	0.00000000

Q Vehicle fuel tank capacity /0.40000000/
C Vehicle load capacity /1.50000000/
r fuel consumption rate /0.25000000/
g inverse refueling rate /1.00000000/
v average Velocity /1.00000000/
