StringID	Type	x	y	demand	ReadyTime	DueDate	ServiceTime	altitude
D0	d	0.50000000	0.50000000	0.00000000	0.00000000	10.00000000	0.00000000	0.00000000
S0	f	0.14056233	0.93140676	0.00000000	0.00000000	10.00000000	0.00000000	0.00000000
S1	f	0.75229107	0.60668082	0.00000000	0.00000000	10.00000000	0.00000000	0.00000000
S2	f	0.59435799	0.18360706	0.00000000	0.00000000	10.00000000	0.00000000	0.00000000
S3	f	0.17841103	0.41963666	0.00000000	0.00000000	10.00000000	0.00000000	0.00000000
S4	f	0.23969009	0.95319539	0.00000000	0.00000000	10.00000000	0.00000000	0.00000000
S5	f	0.17074953	0.81969989	0.00000000	0.00000000	10.00000000	0.00000000	0.00000000
S6	f	0.28738269	0.99501854	0.00000000	0.00000000	10.00000000	0.00000000	0.00000000
S7	f	0.36959136	0.19253896	0.00000000	0.00000000	10.00000000	0.00000000	0.00000000
S8	f	0.88507242	0.38002837	0.00000000	0.00000000	10.00000000	0.00000000	0.00000000
S9	f	0.28527216	0.94102750	0.00000000	0.00000000	10.00000000	0.00000000	0.00000000
C1	c	0.83193254	0.46588527	0.11502740	0.00000000	8.00000000	0.02260174	0.00000000
C2	c	0.90565726	0.96912596	0.12263115	0.06000000	8.06000000	0.02720091	0.00000000
C3	c	0.84369078	0.56814790	0.12955442	0.12000000	8.12000000	0.02292112	0.00000000
C4	c	0.56461893	0.14065201	0.17199086	0.18000000	8.18000000	0.02464606	0.00000000
C5	c	0.02331321	0.30687058	0.01238765	0.24000000	8.24000000	0.02615366	0.00000000
C6	c	0.61113921	0.04208063	0.10475879	0.30000000	8.30000000	0.01956769	0.00000000
C7	c	0.63855670	0.09518904	0.08274150	0.36000000	8.36000000	0.01202109	0.00000000
C8	c	0.70297487	0.52166914	0.01503631	0.42000000	8.42000000	0.01606858	0.00000000
C9	c	0.31249970	0.75819180	0.01553439	0.48000000	8.48000000	0.02188473	0.00000000
C10	c	0.99826603	0.88909043	0.14676194	0.54000000	8.54000000	0.02613442	0.00000000
C11	c	0.85601594	0.86946045	0.10123072	0.60000000	8.60000000	0.01165222	0.00000000
C12	c	0.43609639	0.44434965	0.01979831	0.66000000	8.66000000	0.01147669	0.00000000
C13	c	0.62637401	0.66893368	0.03794196	0.72000000	8.72000000	0.02839711	0.00000000
C14	c	0.05218569	0.58143138	0.01307778	0.78000000	8.78000000	0.02124605	0.00000000
C15	c	0.66239190	0.29510870	0.10555409	0.84000000	8.84000000	0.01467257	0.00000000
C16	c	0.98242457	0.10963132	0.11413719	0.90000000	8.90000000	0.02289639	0.00000000
C17	c	0.49839988	0.92151751	0.15993484	0.96000000	8.96000000	0.01895696	0.00000000
C18	c	0.23718610	0.46816684	0.02232494	1.02000000	9.02000000	0.02750766	0.00000000
C19	c	0.74705500	0.66261291	0.14631005	1.08000000	9.08000000	0.01971815	0.00000000
C20	c	0.14056233	0.93140676	0.11472071	1.14000000	9.14000000	0.01541689	0.00000000
C21	c	0.60899841	0.37547192	0.11833559	1.20000000	9.20000000	0.01291817	0.00000000
C22	c	0.00223667	0.65297106	0.02777686	1.26000000	9.26000000	0.02677056	0.00000000
C23	c	0.96757770	0.01172085	0.09328028	1.32000000	9.32000000	0.01486955	0.00000000
C24	c	0.78159228	0.19232598	0.14457512	1.38000000	9.38000000	0.02124754	0.00000000
C25	c	0.28407038	0.38551026	0.15098013	1.44000000	9.44000000	0.01411897	0.00000000
C26	c	0.29856682	0.58308234	0.06571896	1.50000000	9.50000000	0.01672730	0.00000000
C27	c	0.54624131	0.41074055	0.10964176	1.56000000	9.56000000	0.01977860	0.00000000
C28	c	0.10709126	0.00688893	0.09229278	1.62000000	9.62000000	0.02451557	0.00000000
C29	c	0.32132055	0.89819844	0.05196533	1.68000000	9.68000000	0.02104748	0.00000000
C30	c	0.14295578	0.62202608	0.08974274	1.74000000	9.74000000	0.01670064	0.00000000
C31	c	0.12491911	0.14151027	0.08371309	1.80000000	9.80000000	0.02937664	0.00000000
C32	c	0.03925130	0.52475840	0.05464816	1.86000000	9.86000000	0.01330994	0.00000000
C33	c	0.43314336	0.11212054	0.14123713	1.92000000	9.92000000	0.02885478	0.00000000
C34	c	0.90684972	0.84755609	0.15916100	1.98000000	9.98000000	0.02187900	0.00000000
C35	c	0.59259149	0.10279150	0.07012753	2.00000000	10.00000000	0.02701167	0.00000000
C36	c	0.51896780	0.15267823	0.07396400	2.00000000	10.00000000	0.01172511	0.00000000
C37	c	0.12480114	0.21265463	0.06554335	2.00000000	10.00000000	0.01622530	0.00000000
C38	c	0.75229107	0.60668082	0.15908352	2.00000000	10.00000000	0.01327154	0.00000000
C39	c	0.74189274	0.51004050	0.01948578	2.00000000	10.00000000	0.01035966	0.00000000
C40	c	0.73547342	0.04034583	0.15816405	2.00000000	10.00000000	0.01333395	0.00000000
C41	c	0.42573152	0.76915590	0.13470019	2.00000000	10.00000000	0.02702230	0.00000000
C42	c	0.73190249	0.92991503	0.05686066	2.00000000	10.00000000	0.02410424	0.00000000
C43	c	0.13412363	0.40883634	0.06142690	2.00000000	10.00000000	0.02630531	0.00000000
C44	c	0.40788303	0.57637613	0.13516837	2.00000000	10.00000000	0.01076672	0.00000000
C45	c	0.59307478	0.62365557	0.06633743	2.00000000	10.00000000	0.02135012	0.00000000
C46	c	0.18960060	0.87966747	0.05187301	2.00000000	10.00000000	0.02923057	0.00000000
C47	c	0.81068176	0.78200735	0.10925654	2.00000000	10.00000000	0.01583972	0.00000000
C48	c	0.46346577	0.66027309	0.06176818	2.00000000	10.00000000	0.01142232	0.00000000
C49	c	0.72833553	0.12205906	0.12512320	2.00000000	10.00000000	0.01473820	0.00000000
C50	c	0.28508370	0.20817585	0.01659337	2.00000000	10.00000000	0.02030130	0.00000000

Q Vehicle fuel tank capacity /0.40000000/
C Vehicle load capacity /1.50000000/
r fuel consumption rate /0.25000000/
g inverse refueling rate /1.00000000/
v average Velocity /1.00000000/
