StringID	Type	x	y	demand	ReadyTime	DueDate	ServiceTime	altitude
D0	d	0.50000000	0.50000000	0.00000000	0.00000000	10.00000000	0.00000000	0.00000000
S0	f	0.39743824	0.12426883	0.00000000	0.00000000	10.00000000	0.00000000	0.00000000
S1	f	0.37232876	0.26995495	0.00000000	0.00000000	10.00000000	0.00000000	0.00000000
S2	f	0.66591230	0.30891864	0.00000000	0.00000000	10.00000000	0.00000000	0.00000000
S3	f	0.00236126	0.31634059	0.00000000	0.00000000	10.00000000	0.00000000	0.00000000
S4	f	0.29092688	0.69742466	0.00000000	0.00000000	10.00000000	0.00000000	0.00000000
S5	f	0.11755351	0.69850442	0.00000000	0.00000000	10.00000000	0.00000000	0.00000000
C1	c	0.56307140	0.75895133	0.04917745	0.00000000	8.00000000	0.02266126	0.00000000
C2	c	0.78711252	0.22914518	0.20908769	0.10000000	8.10000000	0.02348676	0.00000000
C3	c	0.72514743	0.71422840	0.04752051	0.20000000	8.20000000	0.01686237	0.00000000
C4	c	0.57498636	0.85088003	0.13471351	0.30000000	8.30000000	0.01176263	0.00000000
C5	c	0.71923475	0.85970263	0.23543561	0.40000000	8.40000000	0.02234763	0.00000000
C6	c	0.79516978	0.58762439	0.25930047	0.50000000	8.50000000	0.01521859	0.00000000
C7	c	0.88903141	0.66405168	0.16964335	0.60000000	8.60000000	0.02955702	0.00000000
C8	c	0.49047882	0.21956461	0.09314785	0.70000000	8.70000000	0.02111077	0.00000000
C9	c	0.97008108	0.03186471	0.28520720	0.80000000	8.80000000	0.01652873	0.00000000
C10	c	0.75626302	0.01901725	0.22357518	0.90000000	8.90000000	0.01015719	0.00000000
C11	c	0.59048277	0.06362487	0.18587458	1.00000000	9.00000000	0.01212701	0.00000000
C12	c	0.54920602	0.00124601	0.06970430	1.10000000	9.10000000	0.01912742	0.00000000
C13	c	0.98065536	0.85331350	0.15442240	1.20000000	9.20000000	0.02506564	0.00000000
C14	c	0.07640893	0.74671182	0.13389412	1.30000000	9.30000000	0.01909525	0.00000000
C15	c	0.46826320	0.71805389	0.08934777	1.40000000	9.40000000	0.01874260	0.00000000
C16	c	0.77419422	0.15796937	0.26574847	1.50000000	9.50000000	0.02381225	0.00000000
C17	c	0.94433627	0.53531766	0.02817855	1.60000000	9.60000000	0.01292492	0.00000000
C18	c	0.86269121	0.22588151	0.15486649	1.70000000	9.70000000	0.02312292	0.00000000
C19	c	0.39743824	0.12426883	0.06837226	1.80000000	9.80000000	0.01219161	0.00000000
C20	c	0.51215606	0.70713053	0.08786821	1.90000000	9.90000000	0.01793419	0.00000000
C21	c	0.19173688	0.62808020	0.22671309	2.00000000	10.00000000	0.01546010	0.00000000
C22	c	0.73012493	0.45002711	0.02450228	2.00000000	10.00000000	0.01891912	0.00000000
C23	c	0.55201758	0.56932831	0.20932844	2.00000000	10.00000000	0.02505138	0.00000000
C24	c	0.27190460	0.00014285	0.27608283	2.00000000	10.00000000	0.01515973	0.00000000
C25	c	0.25692963	0.53818721	0.17699565	2.00000000	10.00000000	0.01432415	0.00000000
C26	c	0.40618500	0.94152066	0.09386755	2.00000000	10.00000000	0.02659478	0.00000000
C27	c	0.28585903	0.80360343	0.19677968	2.00000000	10.00000000	0.01225007	0.00000000
C28	c	0.90798110	0.30452293	0.12942380	2.00000000	10.00000000	0.02711724	0.00000000
C29	c	0.44483772	0.24810769	0.16565516	2.00000000	10.00000000	0.01355346	0.00000000
C30	c	0.73078347	0.77051137	0.05556553	2.00000000	10.00000000	0.01481437	0.00000000

Q Vehicle fuel tank capacity /0.40000000/
C Vehicle load capacity /1.50000000/
r fuel consumption rate /0.25000000/
g inverse refueling rate /1.00000000/
v average Velocity /1.00000000/
