StringID	Type	x	y	demand	ReadyTime	DueDate	ServiceTime	altitude
D0	d	0.50000000	0.50000000	0.00000000	0.00000000	10.00000000	0.00000000	0.00000000
S0	f	0.03685761	0.64467515	0.00000000	0.00000000	10.00000000	0.00000000	0.00000000
S1	f	0.87626141	0.62805228	0.00000000	0.00000000	10.00000000	0.00000000	0.00000000
S2	f	0.70839174	0.09106076	0.00000000	0.00000000	10.00000000	0.00000000	0.00000000
S3	f	0.70113472	0.88625005	0.00000000	0.00000000	10.00000000	0.00000000	0.00000000
S4	f	0.85735943	0.46468690	0.00000000	0.00000000	10.00000000	0.00000000	0.00000000
S5	f	0.26971086	0.10930598	0.00000000	0.00000000	10.00000000	0.00000000	0.00000000
C1	c	0.53057688	0.99618884	0.17461393	0.00000000	8.00000000	0.01343971	0.00000000
C2	c	0.49240019	0.96367474	0.21533960	0.10000000	8.10000000	0.02223052	0.00000000
C3	c	0.58761407	0.98579634	0.10890551	0.20000000	8.20000000	0.01427652	0.00000000
C4	c	0.49531321	0.93370594	0.15168706	0.30000000	8.30000000	0.01500684	0.00000000
C5	c	0.52021087	0.87276224	0.15440727	0.40000000	8.40000000	0.01581128	0.00000000
C6	c	0.56282313	0.93950861	0.15450155	0.50000000	8.50000000	0.01758019	0.00000000
C7	c	0.71274420	0.69239481	0.03817816	0.60000000	8.60000000	0.01778925	0.00000000
C8	c	0.64737653	0.59111627	0.11622592	0.70000000	8.70000000	0.01293790	0.00000000
C9	c	0.73762969	0.63485515	0.21336397	0.80000000	8.80000000	0.01355822	0.00000000
C10	c	0.81351693	0.65032984	0.20062001	0.90000000	8.90000000	0.01171721	0.00000000
C11	c	0.69240675	0.57785168	0.07844670	1.00000000	9.00000000	0.01654946	0.00000000
C12	c	0.03743564	0.72070837	0.15933641	1.10000000	9.10000000	0.02726850	0.00000000
C13	c	0.15118556	0.63325032	0.16306946	1.20000000	9.20000000	0.01868899	0.00000000
C14	c	0.05598934	0.68580210	0.12800469	1.30000000	9.30000000	0.01875451	0.00000000
C15	c	0.06414668	0.51029705	0.24263630	1.40000000	9.40000000	0.01070928	0.00000000
C16	c	0.73065954	0.45085420	0.05143524	1.50000000	9.50000000	0.01648649	0.00000000
C17	c	0.93309408	0.10847704	0.13914563	1.60000000	9.60000000	0.02497742	0.00000000
C18	c	0.92405953	0.83396099	0.20552269	1.70000000	9.70000000	0.01692239	0.00000000
C19	c	0.05930514	0.16535968	0.15567237	1.80000000	9.80000000	0.01784314	0.00000000
C20	c	0.21382621	0.25034198	0.18969583	1.90000000	9.90000000	0.01852066	0.00000000
C21	c	0.29056412	0.37900959	0.18552316	2.00000000	10.00000000	0.01904280	0.00000000
C22	c	0.38946225	0.14689506	0.15614741	2.00000000	10.00000000	0.01398245	0.00000000
C23	c	0.17791103	0.08586028	0.18763096	2.00000000	10.00000000	0.01764026	0.00000000
C24	c	0.32747305	0.86342492	0.12217663	2.00000000	10.00000000	0.01531204	0.00000000
C25	c	0.43444970	0.43772544	0.23498610	2.00000000	10.00000000	0.01620462	0.00000000
C26	c	0.03546404	0.32432456	0.04208498	2.00000000	10.00000000	0.02252316	0.00000000
C27	c	0.74887077	0.34611934	0.23287266	2.00000000	10.00000000	0.01094707	0.00000000
C28	c	0.39215689	0.42603283	0.21179608	2.00000000	10.00000000	0.01718830	0.00000000
C29	c	0.45214023	0.19912255	0.03058229	2.00000000	10.00000000	0.01051870	0.00000000
C30	c	0.38201319	0.26560179	0.05539143	2.00000000	10.00000000	0.02397393	0.00000000

Q Vehicle fuel tank capacity /0.40000000/
C Vehicle load capacity /1.50000000/
r fuel consumption rate /0.25000000/
g inverse refueling rate /1.00000000/
v average Velocity /1.00000000/
