StringID	Type	x	y	demand	ReadyTime	DueDate	ServiceTime	altitude
D0	d	0.50000000	0.50000000	0.00000000	0.00000000	10.00000000	0.00000000	0.00000000
S0	f	0.58735017	0.55586620	0.00000000	0.00000000	10.00000000	0.00000000	0.00000000
S1	f	0.30247772	0.70921580	0.00000000	0.00000000	10.00000000	0.00000000	0.00000000
S2	f	0.50066238	0.58270841	0.00000000	0.00000000	10.00000000	0.00000000	0.00000000
S3	f	0.79251039	0.26745177	0.00000000	0.00000000	10.00000000	0.00000000	0.00000000
S4	f	0.17542512	0.86798206	0.00000000	0.00000000	10.00000000	0.00000000	0.00000000
S5	f	0.37270125	0.94652937	0.00000000	0.00000000	10.00000000	0.00000000	0.00000000
S6	f	0.25682363	0.76625189	0.00000000	0.00000000	10.00000000	0.00000000	0.00000000
S7	f	0.43503195	0.63413576	0.00000000	0.00000000	10.00000000	0.00000000	0.00000000
S8	f	0.44964677	0.37120584	0.00000000	0.00000000	10.00000000	0.00000000	0.00000000
S9	f	0.91942196	0.22785630	0.00000000	0.00000000	10.00000000	0.00000000	0.00000000
C1	c	0.99291027	0.21101037	0.07661130	0.00000000	8.00000000	0.01432168	0.00000000
C2	c	0.96462020	0.06092188	0.07437327	0.06000000	8.06000000	0.01166378	0.00000000
C3	c	0.92990395	0.12977430	0.11440807	0.12000000	8.12000000	0.02867882	0.00000000
C4	c	1.00000000	0.18021618	0.13821453	0.18000000	8.18000000	0.02769490	0.00000000
C5	c	1.00000000	0.12721926	0.09032840	0.24000000	8.24000000	0.01084117	0.00000000
C6	c	0.65993705	0.15821099	0.08524668	0.30000000	8.30000000	0.01858395	0.00000000
C7	c	0.69849999	0.07915655	0.07665914	0.36000000	8.36000000	0.02620404	0.00000000
C8	c	0.58843650	0.13424713	0.08797791	0.42000000	8.42000000	0.02036444	0.00000000
C9	c	0.63736453	0.13558045	0.04152292	0.48000000	8.48000000	0.01138544	0.00000000
C10	c	0.64740839	0.04604156	0.06382716	0.54000000	8.54000000	0.02437765	0.00000000
C11	c	0.10073466	0.60673490	0.14541753	0.60000000	8.60000000	0.01360727	0.00000000
C12	c	0.15338539	0.64054146	0.08731339	0.66000000	8.66000000	0.02163229	0.00000000
C13	c	0.18467495	0.64106838	0.08429483	0.72000000	8.72000000	0.01698663	0.00000000
C14	c	0.08631954	0.31668959	0.14452986	0.78000000	8.78000000	0.02068937	0.00000000
C15	c	0.24744067	0.35632296	0.10441428	0.84000000	8.84000000	0.02069491	0.00000000
C16	c	0.16665626	0.30052127	0.05311508	0.90000000	8.90000000	0.02593608	0.00000000
C17	c	0.02819755	0.39586858	0.12306319	0.96000000	8.96000000	0.01682521	0.00000000
C18	c	0.13495367	0.42518801	0.09897300	1.02000000	9.02000000	0.01075645	0.00000000
C19	c	0.02850201	0.34295074	0.13868670	1.08000000	9.08000000	0.01103962	0.00000000
C20	c	0.11563298	0.38336062	0.07043924	1.14000000	9.14000000	0.01489401	0.00000000
C21	c	0.12547948	0.31151003	0.08319778	1.20000000	9.20000000	0.02865048	0.00000000
C22	c	0.12997004	0.35258686	0.12255132	1.26000000	9.26000000	0.02416509	0.00000000
C23	c	0.12031409	1.00000000	0.07149243	1.32000000	9.32000000	0.01913582	0.00000000
C24	c	0.07813719	0.90845675	0.14270506	1.38000000	9.38000000	0.02052601	0.00000000
C25	c	0.23055043	0.87768731	0.06036648	1.44000000	9.44000000	0.01640273	0.00000000
C26	c	0.98723828	0.65044770	0.13030817	1.50000000	9.50000000	0.01457378	0.00000000
C27	c	0.84063603	0.56121300	0.07314107	1.56000000	9.56000000	0.01376679	0.00000000
C28	c	0.78255822	0.39632767	0.01238577	1.62000000	9.62000000	0.02233241	0.00000000
C29	c	0.32557778	0.81376972	0.10702573	1.68000000	9.68000000	0.01389574	0.00000000
C30	c	0.15170956	0.90047900	0.13438804	1.74000000	9.74000000	0.01542419	0.00000000
C31	c	0.11648196	0.51458579	0.09783053	1.80000000	9.80000000	0.01656863	0.00000000
C32	c	0.01096224	0.49137513	0.01263296	1.86000000	9.86000000	0.02941491	0.00000000
C33	c	0.02372195	0.94298896	0.14376299	1.92000000	9.92000000	0.02362317	0.00000000
C34	c	0.21608397	0.08318892	0.09802809	1.98000000	9.98000000	0.01984613	0.00000000
C35	c	0.93394116	0.88474504	0.12385495	2.00000000	10.00000000	0.01942842	0.00000000
C36	c	0.81020188	0.51822180	0.08591035	2.00000000	10.00000000	0.01470615	0.00000000
C37	c	0.06927190	0.71888261	0.11596820	2.00000000	10.00000000	0.01287136	0.00000000
C38	c	0.18036330	0.58161447	0.06351954	2.00000000	10.00000000	0.02761361	0.00000000
C39	c	0.34933140	0.53446862	0.05391197	2.00000000	10.00000000	0.01288201	0.00000000
C40	c	0.53474562	0.79680419	0.12020661	2.00000000	10.00000000	0.01260541	0.00000000
C41	c	0.34126037	0.03782251	0.03030132	2.00000000	10.00000000	0.01634073	0.00000000
C42	c	0.05198103	0.24470051	0.13198140	2.00000000	10.00000000	0.01967936	0.00000000
C43	c	0.93252391	0.70825468	0.14217931	2.00000000	10.00000000	0.01761341	0.00000000
C44	c	0.45679124	0.52630065	0.09954718	2.00000000	10.00000000	0.01187811	0.00000000
C45	c	0.32013667	0.22868877	0.02551755	2.00000000	10.00000000	0.02922995	0.00000000
C46	c	0.19478711	0.27120946	0.07957855	2.00000000	10.00000000	0.02813843	0.00000000
C47	c	0.32843148	0.97074527	0.01118836	2.00000000	10.00000000	0.02131390	0.00000000
C48	c	0.68115849	0.49230629	0.07642663	2.00000000	10.00000000	0.02016576	0.00000000
C49	c	0.47142114	0.23530770	0.01292108	2.00000000	10.00000000	0.01353634	0.00000000
C50	c	0.14410026	0.13027041	0.13775410	2.00000000	10.00000000	0.02622448	0.00000000

Q Vehicle fuel tank capacity /0.40000000/
C Vehicle load capacity /1.50000000/
r fuel consumption rate /0.25000000/
g inverse refueling rate /1.00000000/
v average Velocity /1.00000000/
