StringID	Type	x	y	demand	ReadyTime	DueDate	ServiceTime	altitude
D0	d	0.50000000	0.50000000	0.00000000	0.00000000	10.00000000	0.00000000	0.00000000
S0	f	0.07826722	0.88996002	0.00000000	0.00000000	10.00000000	0.00000000	0.00000000
S1	f	0.03223966	0.03568553	0.00000000	0.00000000	10.00000000	0.00000000	0.00000000
S2	f	0.18694697	0.74457633	0.00000000	0.00000000	10.00000000	0.00000000	0.00000000
S3	f	0.32623894	0.16007939	0.00000000	0.00000000	10.00000000	0.00000000	0.00000000
S4	f	0.64188378	0.60909867	0.00000000	0.00000000	10.00000000	0.00000000	0.00000000
S5	f	0.10903656	0.17624561	0.00000000	0.00000000	10.00000000	0.00000000	0.00000000
S6	f	0.91942137	0.11929242	0.00000000	0.00000000	10.00000000	0.00000000	0.00000000
S7	f	0.53032428	0.25908369	0.00000000	0.00000000	10.00000000	0.00000000	0.00000000
S8	f	0.32904469	0.99193620	0.00000000	0.00000000	10.00000000	0.00000000	0.00000000
S9	f	0.98233773	0.14198022	0.00000000	0.00000000	10.00000000	0.00000000	0.00000000
C1	c	0.37458281	0.68024788	0.07004267	0.00000000	8.00000000	0.02698884	0.00000000
C2	c	0.35328755	0.80764066	0.08373161	0.06000000	8.06000000	0.01614819	0.00000000
C3	c	0.11290197	0.91852171	0.03454447	0.12000000	8.12000000	0.01960490	0.00000000
C4	c	0.00000000	0.99811776	0.11773299	0.18000000	8.18000000	0.02407957	0.00000000
C5	c	0.05774776	1.00000000	0.02863440	0.24000000	8.24000000	0.01579573	0.00000000
C6	c	0.00000000	1.00000000	0.08708836	0.30000000	8.30000000	0.02874443	0.00000000
C7	c	0.02558959	0.89305614	0.15056202	0.36000000	8.36000000	0.01872392	0.00000000
C8	c	0.04890034	0.93979405	0.13271091	0.42000000	8.42000000	0.01506825	0.00000000
C9	c	0.00000000	1.00000000	0.10803576	0.48000000	8.48000000	0.01519651	0.00000000
C10	c	0.10895228	0.95238702	0.09545418	0.54000000	8.54000000	0.01447161	0.00000000
C11	c	0.83662523	0.83729389	0.08000866	0.60000000	8.60000000	0.01498712	0.00000000
C12	c	0.90493702	0.74974403	0.11457223	0.66000000	8.66000000	0.02181114	0.00000000
C13	c	0.85206844	0.81968160	0.12606398	0.72000000	8.72000000	0.02794034	0.00000000
C14	c	0.05660658	0.92619382	0.12455178	0.78000000	8.78000000	0.01863711	0.00000000
C15	c	0.13045013	1.00000000	0.07091398	0.84000000	8.84000000	0.02077625	0.00000000
C16	c	0.31388327	0.54477795	0.07843743	0.90000000	8.90000000	0.01674100	0.00000000
C17	c	0.49780942	0.52808681	0.15290339	0.96000000	8.96000000	0.01016419	0.00000000
C18	c	0.41896388	0.63557888	0.11070144	1.02000000	9.02000000	0.02531942	0.00000000
C19	c	0.46843537	0.60404585	0.15315597	1.08000000	9.08000000	0.01237373	0.00000000
C20	c	0.53221436	0.52337220	0.07811115	1.14000000	9.14000000	0.01469502	0.00000000
C21	c	0.46972448	0.63954235	0.08501049	1.20000000	9.20000000	0.01582270	0.00000000
C22	c	0.42854792	0.65438890	0.15223516	1.26000000	9.26000000	0.01574406	0.00000000
C23	c	0.40440191	0.57841473	0.12210166	1.32000000	9.32000000	0.01601885	0.00000000
C24	c	0.37156603	0.66098521	0.09655394	1.38000000	9.38000000	0.02406885	0.00000000
C25	c	0.46532851	0.56153210	0.13036286	1.44000000	9.44000000	0.02633467	0.00000000
C26	c	0.29067815	0.88076126	0.13890640	1.50000000	9.50000000	0.01251921	0.00000000
C27	c	0.47415312	0.18515703	0.02693691	1.56000000	9.56000000	0.01742772	0.00000000
C28	c	0.81772051	0.17621735	0.05728781	1.62000000	9.62000000	0.02330631	0.00000000
C29	c	0.43329963	0.35033491	0.10445490	1.68000000	9.68000000	0.02846066	0.00000000
C30	c	0.60758414	0.38202256	0.12420636	1.74000000	9.74000000	0.02296311	0.00000000
C31	c	0.49630452	0.05871258	0.05244576	1.80000000	9.80000000	0.02229994	0.00000000
C32	c	0.36467691	0.73122294	0.13791049	1.86000000	9.86000000	0.02989835	0.00000000
C33	c	0.12542692	0.02078925	0.07901937	1.92000000	9.92000000	0.02036622	0.00000000
C34	c	0.59855249	0.09790642	0.03716260	1.98000000	9.98000000	0.01061791	0.00000000
C35	c	0.91021874	0.67764201	0.12877998	2.00000000	10.00000000	0.02077198	0.00000000
C36	c	0.84944215	0.30740957	0.03586782	2.00000000	10.00000000	0.02954566	0.00000000
C37	c	0.48024511	0.70397838	0.07310235	2.00000000	10.00000000	0.01926480	0.00000000
C38	c	0.28978634	0.93722174	0.06108615	2.00000000	10.00000000	0.01724208	0.00000000
C39	c	0.43619590	0.25341225	0.09834486	2.00000000	10.00000000	0.01060191	0.00000000
C40	c	0.25982536	0.22358039	0.06567563	2.00000000	10.00000000	0.01212985	0.00000000
C41	c	0.24935598	0.59055721	0.08222767	2.00000000	10.00000000	0.02651954	0.00000000
C42	c	0.89701722	0.43185526	0.01884900	2.00000000	10.00000000	0.02414519	0.00000000
C43	c	0.53881269	0.33704991	0.06316337	2.00000000	10.00000000	0.02900393	0.00000000
C44	c	0.00820967	0.76597104	0.11625210	2.00000000	10.00000000	0.01164204	0.00000000
C45	c	0.11868643	0.23475088	0.02851158	2.00000000	10.00000000	0.02807243	0.00000000
C46	c	0.29113485	0.28720319	0.01335638	2.00000000	10.00000000	0.01452693	0.00000000
C47	c	0.30094243	0.70344257	0.09703676	2.00000000	10.00000000	0.01140425	0.00000000
C48	c	0.81673360	0.12596045	0.02452565	2.00000000	10.00000000	0.01122664	0.00000000
C49	c	0.61499715	0.99491741	0.14217696	2.00000000	10.00000000	0.01763209	0.00000000
C50	c	0.53859914	0.97728316	0.10849170	2.00000000	10.00000000	0.01267102	0.00000000

Q Vehicle fuel tank capacity /0.40000000/
C Vehicle load capacity /1.50000000/
r fuel consumption rate /0.25000000/
g inverse refueling rate /1.00000000/
v average Velocity /1.00000000/
