StringID	Type	x	y	demand	ReadyTime	DueDate	ServiceTime	altitude
D0	d	0.50000000	0.50000000	0.00000000	0.00000000	10.00000000	0.00000000	0.00000000
S0	f	0.26963977	0.14777630	0.00000000	0.00000000	10.00000000	0.00000000	0.00000000
S1	f	0.97101001	0.29448438	0.00000000	0.00000000	10.00000000	0.00000000	0.00000000
S2	f	0.84408604	0.94509390	0.00000000	0.00000000	10.00000000	0.00000000	0.00000000
S3	f	0.65805543	0.20865583	0.00000000	0.00000000	10.00000000	0.00000000	0.00000000
S4	f	0.31181648	0.10891366	0.00000000	0.00000000	10.00000000	0.00000000	0.00000000
S5	f	0.43108585	0.44917996	0.00000000	0.00000000	10.00000000	0.00000000	0.00000000
C1	c	0.05646297	0.59215645	0.26450984	0.00000000	8.00000000	0.02476699	0.00000000
C2	c	0.73135986	0.82696981	0.06220364	0.10000000	8.10000000	0.02748617	0.00000000
C3	c	0.49141949	0.84478439	0.08204519	0.20000000	8.20000000	0.02820008	0.00000000
C4	c	0.35222802	0.07787476	0.08738930	0.30000000	8.30000000	0.01406939	0.00000000
C5	c	0.96557538	0.79161290	0.09395243	0.40000000	8.40000000	0.02817159	0.00000000
C6	c	0.81927105	0.12268877	0.25537403	0.50000000	8.50000000	0.02221719	0.00000000
C7	c	0.54686309	0.33303408	0.13523808	0.60000000	8.60000000	0.01059661	0.00000000
C8	c	0.92892934	0.13321017	0.05740541	0.70000000	8.70000000	0.02468996	0.00000000
C9	c	0.46208650	0.17497205	0.15720283	0.80000000	8.80000000	0.02064324	0.00000000
C10	c	0.35491051	0.94539039	0.16462617	0.90000000	8.90000000	0.02201798	0.00000000
C11	c	0.11761847	0.31973479	0.04403372	1.00000000	9.00000000	0.01738394	0.00000000
C12	c	0.01120193	0.79170933	0.26201007	1.10000000	9.10000000	0.01678565	0.00000000
C13	c	0.56846858	0.62453778	0.33079877	1.20000000	9.20000000	0.02908287	0.00000000
C14	c	0.18717193	0.69317283	0.08026213	1.30000000	9.30000000	0.01409775	0.00000000
C15	c	0.64813991	0.60020192	0.04287614	1.40000000	9.40000000	0.02308784	0.00000000
C16	c	0.05555038	0.63799045	0.11713592	1.50000000	9.50000000	0.02477787	0.00000000
C17	c	0.50772635	0.91423762	0.23908360	1.60000000	9.60000000	0.01590463	0.00000000
C18	c	0.28018402	0.89521584	0.26589697	1.70000000	9.70000000	0.02432132	0.00000000
C19	c	0.26963977	0.14777630	0.07949856	1.80000000	9.80000000	0.01586825	0.00000000
C20	c	0.20386355	0.95612941	0.06899382	1.90000000	9.90000000	0.01351745	0.00000000
C21	c	0.40062772	0.06374143	0.20120282	2.00000000	10.00000000	0.02285652	0.00000000
C22	c	0.66494177	0.05564357	0.04851090	2.00000000	10.00000000	0.01941815	0.00000000
C23	c	0.71105783	0.23214538	0.07450652	2.00000000	10.00000000	0.01155469	0.00000000
C24	c	0.73776447	0.17015254	0.20775250	2.00000000	10.00000000	0.02339910	0.00000000
C25	c	0.51532223	0.75202661	0.22200280	2.00000000	10.00000000	0.01437017	0.00000000
C26	c	0.55258001	0.38743214	0.19977480	2.00000000	10.00000000	0.01492114	0.00000000
C27	c	0.96580679	0.91994734	0.22165632	2.00000000	10.00000000	0.02509336	0.00000000
C28	c	0.10270690	0.47893197	0.13549082	2.00000000	10.00000000	0.01286597	0.00000000
C29	c	0.26746540	0.95269362	0.13922209	2.00000000	10.00000000	0.02734524	0.00000000
C30	c	0.60000332	0.10869330	0.15934380	2.00000000	10.00000000	0.02715660	0.00000000

Q Vehicle fuel tank capacity /0.40000000/
C Vehicle load capacity /1.50000000/
r fuel consumption rate /0.25000000/
g inverse refueling rate /1.00000000/
v average Velocity /1.00000000/
