StringID	Type	x	y	demand	ReadyTime	DueDate	ServiceTime	altitude
D0	d	0.50000000	0.50000000	0.00000000	0.00000000	10.00000000	0.00000000	0.00000000
S0	f	0.99605002	0.64806503	0.00000000	0.00000000	10.00000000	0.00000000	0.00000000
S1	f	0.70961311	0.47411793	0.00000000	0.00000000	10.00000000	0.00000000	0.00000000
S2	f	0.95793196	0.73949852	0.00000000	0.00000000	10.00000000	0.00000000	0.00000000
S3	f	0.02093417	0.58454054	0.00000000	0.00000000	10.00000000	0.00000000	0.00000000
S4	f	0.98566988	0.07123995	0.00000000	0.00000000	10.00000000	0.00000000	0.00000000
S5	f	0.42024040	0.13637798	0.00000000	0.00000000	10.00000000	0.00000000	0.00000000
S6	f	0.24031419	0.39055510	0.00000000	0.00000000	10.00000000	0.00000000	0.00000000
S7	f	0.62443923	0.48646231	0.00000000	0.00000000	10.00000000	0.00000000	0.00000000
S8	f	0.65123522	0.62038638	0.00000000	0.00000000	10.00000000	0.00000000	0.00000000
S9	f	0.94204850	0.86820275	0.00000000	0.00000000	10.00000000	0.00000000	0.00000000
C1	c	0.95483072	0.53676622	0.02631884	0.00000000	8.00000000	0.02359907	0.00000000
C2	c	0.06748436	0.17315003	0.04746339	0.06000000	8.06000000	0.01232620	0.00000000
C3	c	0.31285446	0.70636972	0.09952520	0.12000000	8.12000000	0.02544434	0.00000000
C4	c	0.48698356	0.74503411	0.08496320	0.18000000	8.18000000	0.02406265	0.00000000
C5	c	0.28245271	0.34854890	0.13268285	0.24000000	8.24000000	0.01996302	0.00000000
C6	c	0.24199391	0.85996823	0.02336898	0.30000000	8.30000000	0.01730854	0.00000000
C7	c	0.74879418	0.45326358	0.13896727	0.36000000	8.36000000	0.02458165	0.00000000
C8	c	0.31271855	0.41400137	0.06722152	0.42000000	8.42000000	0.02909144	0.00000000
C9	c	0.01460611	0.34686451	0.14524541	0.48000000	8.48000000	0.01100398	0.00000000
C10	c	0.58279621	0.37052113	0.15216809	0.54000000	8.54000000	0.01864422	0.00000000
C11	c	0.88333269	0.70494512	0.09586669	0.60000000	8.60000000	0.01113569	0.00000000
C12	c	0.18670864	0.45547323	0.11689065	0.66000000	8.66000000	0.01110809	0.00000000
C13	c	0.09529395	0.50184148	0.08050739	0.72000000	8.72000000	0.02371973	0.00000000
C14	c	0.40839555	0.55160998	0.03071988	0.78000000	8.78000000	0.01672374	0.00000000
C15	c	0.01147880	0.25994086	0.11268084	0.84000000	8.84000000	0.02590198	0.00000000
C16	c	0.60428346	0.29029324	0.12116561	0.90000000	8.90000000	0.01205118	0.00000000
C17	c	0.77341600	0.69150228	0.08610624	0.96000000	8.96000000	0.02748342	0.00000000
C18	c	0.79874639	0.44133006	0.04362482	1.02000000	9.02000000	0.02113585	0.00000000
C19	c	0.87309360	0.37636233	0.11838192	1.08000000	9.08000000	0.01764336	0.00000000
C20	c	0.99605002	0.64806503	0.05273315	1.14000000	9.14000000	0.01883016	0.00000000
C21	c	0.00723964	0.09104915	0.08522975	1.20000000	9.20000000	0.01027657	0.00000000
C22	c	0.53291647	0.88563155	0.11528994	1.26000000	9.26000000	0.01207420	0.00000000
C23	c	0.41488667	0.27842845	0.07106248	1.32000000	9.32000000	0.02611404	0.00000000
C24	c	0.05044540	0.80589400	0.10171341	1.38000000	9.38000000	0.01238934	0.00000000
C25	c	0.93733013	0.65575684	0.06348473	1.44000000	9.44000000	0.02761245	0.00000000
C26	c	0.89010968	0.87769504	0.15419006	1.50000000	9.50000000	0.02605527	0.00000000
C27	c	0.19640696	0.22518349	0.02000549	1.56000000	9.56000000	0.01655991	0.00000000
C28	c	0.03555381	0.70809358	0.10623670	1.62000000	9.62000000	0.01284625	0.00000000
C29	c	0.45017699	0.00872262	0.14416196	1.68000000	9.68000000	0.02664768	0.00000000
C30	c	0.28248723	0.49777401	0.07289730	1.74000000	9.74000000	0.02162900	0.00000000
C31	c	0.19383711	0.11713287	0.10354840	1.80000000	9.80000000	0.02778521	0.00000000
C32	c	0.28884455	0.60367454	0.10421643	1.86000000	9.86000000	0.02528294	0.00000000
C33	c	0.12728025	0.21854575	0.09472650	1.92000000	9.92000000	0.02829647	0.00000000
C34	c	0.60259517	0.74029991	0.09608964	1.98000000	9.98000000	0.01640399	0.00000000
C35	c	0.54300178	0.23175069	0.14859824	2.00000000	10.00000000	0.02782633	0.00000000
C36	c	0.97941143	0.19449139	0.03294487	2.00000000	10.00000000	0.01895859	0.00000000
C37	c	0.70961311	0.47411793	0.09851410	2.00000000	10.00000000	0.01527071	0.00000000
C38	c	0.91156371	0.07882894	0.03143614	2.00000000	10.00000000	0.02463073	0.00000000
C39	c	0.66293062	0.16114708	0.12831909	2.00000000	10.00000000	0.01688959	0.00000000
C40	c	0.26318740	0.67260672	0.13875760	2.00000000	10.00000000	0.02281086	0.00000000
C41	c	0.83784935	0.22384012	0.09342683	2.00000000	10.00000000	0.01605867	0.00000000
C42	c	0.46490422	0.86861292	0.02039555	2.00000000	10.00000000	0.02902388	0.00000000
C43	c	0.49940747	0.78866350	0.08911661	2.00000000	10.00000000	0.02531722	0.00000000
C44	c	0.84986308	0.67765583	0.03882835	2.00000000	10.00000000	0.01435707	0.00000000
C45	c	0.08501426	0.39707094	0.14760311	2.00000000	10.00000000	0.02829670	0.00000000
C46	c	0.39778101	0.36273371	0.15314307	2.00000000	10.00000000	0.01631475	0.00000000
C47	c	0.55880806	0.81672696	0.08048703	2.00000000	10.00000000	0.02271303	0.00000000
C48	c	0.21979461	0.62438495	0.05143989	2.00000000	10.00000000	0.02607235	0.00000000
C49	c	0.88345229	0.00364443	0.04249668	2.00000000	10.00000000	0.02449804	0.00000000
C50	c	0.87727577	0.44581191	0.09503808	2.00000000	10.00000000	0.02789064	0.00000000

Q Vehicle fuel tank capacity /0.40000000/
C Vehicle load capacity /1.50000000/
r fuel consumption rate /0.25000000/
g inverse refueling rate /1.00000000/
v average Velocity /1.00000000/
