StringID	Type	x	y	demand	ReadyTime	DueDate	ServiceTime	altitude
D0	d	0.50000000	0.50000000	0.00000000	0.00000000	10.00000000	0.00000000	0.00000000
S0	f	0.71297686	0.26441548	0.00000000	0.00000000	10.00000000	0.00000000	0.00000000
S1	f	0.32437958	0.83652258	0.00000000	0.00000000	10.00000000	0.00000000	0.00000000
S2	f	0.58438499	0.26448105	0.00000000	0.00000000	10.00000000	0.00000000	0.00000000
S3	f	0.76602314	0.69110756	0.00000000	0.00000000	10.00000000	0.00000000	0.00000000
S4	f	0.47032365	0.25169919	0.00000000	0.00000000	10.00000000	0.00000000	0.00000000
S5	f	0.32670478	0.68172753	0.00000000	0.00000000	10.00000000	0.00000000	0.00000000
C1	c	0.76972005	0.25653229	0.16276723	0.00000000	8.00000000	0.01461786	0.00000000
C2	c	0.72985317	0.21881551	0.19090699	0.10000000	8.10000000	0.01282927	0.00000000
C3	c	0.63353795	0.26333481	0.20997984	0.20000000	8.20000000	0.01503997	0.00000000
C4	c	0.76499594	0.22216442	0.07578998	0.30000000	8.30000000	0.02516335	0.00000000
C5	c	0.95634125	0.05124367	0.25445547	0.40000000	8.40000000	0.02770044	0.00000000
C6	c	0.91704617	0.00000000	0.18160667	0.50000000	8.50000000	0.02485170	0.00000000
C7	c	0.83628929	0.00000000	0.20539118	0.60000000	8.60000000	0.01687153	0.00000000
C8	c	0.87007215	0.00000000	0.12329271	0.70000000	8.70000000	0.02927721	0.00000000
C9	c	0.85634314	0.00000000	0.14572449	0.80000000	8.80000000	0.01570997	0.00000000
C10	c	1.00000000	0.04242073	0.06992993	0.90000000	8.90000000	0.02243902	0.00000000
C11	c	0.85333111	0.00219611	0.07328498	1.00000000	9.00000000	0.02860627	0.00000000
C12	c	1.00000000	0.21567923	0.12099172	1.10000000	9.10000000	0.02133620	0.00000000
C13	c	1.00000000	0.23629513	0.15084601	1.20000000	9.20000000	0.02811940	0.00000000
C14	c	1.00000000	0.26442657	0.17352794	1.30000000	9.30000000	0.01194967	0.00000000
C15	c	1.00000000	0.29514992	0.15761900	1.40000000	9.40000000	0.01987849	0.00000000
C16	c	0.20202081	0.71846777	0.18240783	1.50000000	9.50000000	0.02460176	0.00000000
C17	c	0.78263684	0.53054889	0.20391692	1.60000000	9.60000000	0.01071733	0.00000000
C18	c	0.13422443	0.19718889	0.23937342	1.70000000	9.70000000	0.01326340	0.00000000
C19	c	0.46663405	0.41236593	0.24533212	1.80000000	9.80000000	0.01284333	0.00000000
C20	c	0.23089313	0.14146373	0.17033373	1.90000000	9.90000000	0.01687370	0.00000000
C21	c	0.25199841	0.75816769	0.15412953	2.00000000	10.00000000	0.01227475	0.00000000
C22	c	0.88502202	0.74258493	0.02880514	2.00000000	10.00000000	0.02924534	0.00000000
C23	c	0.34357665	0.96386040	0.06670811	2.00000000	10.00000000	0.01327789	0.00000000
C24	c	0.28549855	0.62195090	0.19269561	2.00000000	10.00000000	0.02950992	0.00000000
C25	c	0.93031331	0.56681006	0.20834968	2.00000000	10.00000000	0.01149667	0.00000000
C26	c	0.90596991	0.09748349	0.14685270	2.00000000	10.00000000	0.01376231	0.00000000
C27	c	0.49392465	0.73008801	0.05016915	2.00000000	10.00000000	0.02228703	0.00000000
C28	c	0.03586663	0.16316990	0.06552936	2.00000000	10.00000000	0.02806267	0.00000000
C29	c	0.14216632	0.34368494	0.13126064	2.00000000	10.00000000	0.01789425	0.00000000
C30	c	0.11373756	0.96226688	0.11802191	2.00000000	10.00000000	0.01432991	0.00000000

Q Vehicle fuel tank capacity /0.40000000/
C Vehicle load capacity /1.50000000/
r fuel consumption rate /0.25000000/
g inverse refueling rate /1.00000000/
v average Velocity /1.00000000/
