StringID	Type	x	y	demand	ReadyTime	DueDate	ServiceTime	altitude
D0	d	0.50000000	0.50000000	0.00000000	0.00000000	10.00000000	0.00000000	0.00000000
S0	f	0.91736818	0.15877479	0.00000000	0.00000000	10.00000000	0.00000000	0.00000000
S1	f	0.62841885	0.98736792	0.00000000	0.00000000	10.00000000	0.00000000	0.00000000
S2	f	0.61575778	0.26547757	0.00000000	0.00000000	10.00000000	0.00000000	0.00000000
S3	f	0.80417378	0.33845746	0.00000000	0.00000000	10.00000000	0.00000000	0.00000000
S4	f	0.22004886	0.40545545	0.00000000	0.00000000	10.00000000	0.00000000	0.00000000
S5	f	0.31721224	0.34899776	0.00000000	0.00000000	10.00000000	0.00000000	0.00000000
C1	c	0.30090223	0.93341950	0.15477693	0.00000000	8.00000000	0.01960015	0.00000000
C2	c	0.22839502	0.76674579	0.10436825	0.10000000	8.10000000	0.01639544	0.00000000
C3	c	0.56628388	0.13924140	0.12178588	0.20000000	8.20000000	0.01034358	0.00000000
C4	c	0.05696889	0.44229358	0.10445420	0.30000000	8.30000000	0.02940817	0.00000000
C5	c	0.78837005	0.39386318	0.12535836	0.40000000	8.40000000	0.01787353	0.00000000
C6	c	0.57684562	0.42820942	0.04311454	0.50000000	8.50000000	0.01193934	0.00000000
C7	c	0.29582556	0.63942882	0.18636328	0.60000000	8.60000000	0.02794245	0.00000000
C8	c	0.25816080	0.02593518	0.04415130	0.70000000	8.70000000	0.01936152	0.00000000
C9	c	0.31219277	0.52214026	0.13839736	0.80000000	8.80000000	0.01339491	0.00000000
C10	c	0.82438526	0.65314917	0.17230734	0.90000000	8.90000000	0.01582988	0.00000000
C11	c	0.05134377	0.81065628	0.18217683	1.00000000	9.00000000	0.02003179	0.00000000
C12	c	0.97360354	0.63715448	0.14898418	1.10000000	9.10000000	0.01319380	0.00000000
C13	c	0.04787879	0.76623724	0.06501896	1.20000000	9.20000000	0.02617696	0.00000000
C14	c	0.44913071	0.63743160	0.21070148	1.30000000	9.30000000	0.02250972	0.00000000
C15	c	0.01981722	0.09456214	0.11503737	1.40000000	9.40000000	0.01404049	0.00000000
C16	c	0.69166725	0.22130646	0.09571916	1.50000000	9.50000000	0.01461013	0.00000000
C17	c	0.99742237	0.78049014	0.22766826	1.60000000	9.60000000	0.02514228	0.00000000
C18	c	0.91736818	0.15877479	0.25956304	1.70000000	9.70000000	0.01961694	0.00000000
C19	c	0.66292023	0.37954770	0.25975446	1.80000000	9.80000000	0.01872711	0.00000000
C20	c	0.90796039	0.96479480	0.02312388	1.90000000	9.90000000	0.01585946	0.00000000
C21	c	0.94199792	0.74241163	0.24227794	2.00000000	10.00000000	0.02809954	0.00000000
C22	c	0.14423623	0.87958950	0.04986811	2.00000000	10.00000000	0.01280800	0.00000000
C23	c	0.29032833	0.06426375	0.19620352	2.00000000	10.00000000	0.02824730	0.00000000
C24	c	0.07485274	0.35291104	0.20081698	2.00000000	10.00000000	0.01637988	0.00000000
C25	c	0.06575202	0.63219700	0.10760841	2.00000000	10.00000000	0.02158882	0.00000000
C26	c	0.24312165	0.06408693	0.17434275	2.00000000	10.00000000	0.01919460	0.00000000
C27	c	0.16212089	0.42642146	0.20111104	2.00000000	10.00000000	0.01636975	0.00000000
C28	c	0.06555269	0.48701691	0.18582322	2.00000000	10.00000000	0.01867804	0.00000000
C29	c	0.96622020	0.80964056	0.14895979	2.00000000	10.00000000	0.02086815	0.00000000
C30	c	0.87359418	0.39702293	0.21016318	2.00000000	10.00000000	0.02353285	0.00000000

Q Vehicle fuel tank capacity /0.40000000/
C Vehicle load capacity /1.50000000/
r fuel consumption rate /0.25000000/
g inverse refueling rate /1.00000000/
v average Velocity /1.00000000/
