StringID	Type	x	y	demand	ReadyTime	DueDate	ServiceTime	altitude
D0	d	0.50000000	0.50000000	0.00000000	0.00000000	10.00000000	0.00000000	0.00000000
S0	f	0.26558852	0.71642384	0.00000000	0.00000000	10.00000000	0.00000000	0.00000000
S1	f	0.90756899	0.62510250	0.00000000	0.00000000	10.00000000	0.00000000	0.00000000
S2	f	0.04599294	0.71308928	0.00000000	0.00000000	10.00000000	0.00000000	0.00000000
S3	f	0.15299156	0.63508671	0.00000000	0.00000000	10.00000000	0.00000000	0.00000000
S4	f	0.95505529	0.11154822	0.00000000	0.00000000	10.00000000	0.00000000	0.00000000
S5	f	0.28862624	0.85491183	0.00000000	0.00000000	10.00000000	0.00000000	0.00000000
C1	c	0.23520315	0.74803370	0.03364494	0.00000000	8.00000000	0.02652712	0.00000000
C2	c	0.21027279	0.72897855	0.25336902	0.10000000	8.10000000	0.01389067	0.00000000
C3	c	0.23708415	0.75741042	0.02665978	0.20000000	8.20000000	0.01933416	0.00000000
C4	c	0.21457212	0.76033795	0.06767670	0.30000000	8.30000000	0.01750703	0.00000000
C5	c	0.64369651	0.14122702	0.21558619	0.40000000	8.40000000	0.01982528	0.00000000
C6	c	0.73628087	0.19588114	0.03446393	0.50000000	8.50000000	0.01338026	0.00000000
C7	c	0.62736635	0.11197194	0.19323613	0.60000000	8.60000000	0.02053735	0.00000000
C8	c	0.60196373	0.00000000	0.21124914	0.70000000	8.70000000	0.01977680	0.00000000
C9	c	0.64224378	0.07971215	0.14129747	0.80000000	8.80000000	0.02012446	0.00000000
C10	c	0.60481725	0.18250264	0.16901684	0.90000000	8.90000000	0.01321819	0.00000000
C11	c	0.38027279	0.80680663	0.25105288	1.00000000	9.00000000	0.02111824	0.00000000
C12	c	0.28797287	0.75208161	0.14954806	1.10000000	9.10000000	0.02154697	0.00000000
C13	c	0.32719986	0.67659610	0.22455784	1.20000000	9.20000000	0.01449570	0.00000000
C14	c	0.42605238	0.71661174	0.23818778	1.30000000	9.30000000	0.01944842	0.00000000
C15	c	0.24083916	0.66645868	0.15730942	1.40000000	9.40000000	0.01982466	0.00000000
C16	c	0.26207520	0.32837971	0.19507949	1.50000000	9.50000000	0.01828006	0.00000000
C17	c	0.82602695	0.52434071	0.07957380	1.60000000	9.60000000	0.02861863	0.00000000
C18	c	0.43389574	0.61094623	0.09539401	1.70000000	9.70000000	0.02722990	0.00000000
C19	c	0.79124050	0.20175731	0.21413234	1.80000000	9.80000000	0.01550440	0.00000000
C20	c	0.18493509	0.95490017	0.14215018	1.90000000	9.90000000	0.01708607	0.00000000
C21	c	0.28819016	0.29531772	0.12057007	2.00000000	10.00000000	0.01531657	0.00000000
C22	c	0.65168185	0.76898402	0.16281421	2.00000000	10.00000000	0.01363901	0.00000000
C23	c	0.46670780	0.37535158	0.20583231	2.00000000	10.00000000	0.02158203	0.00000000
C24	c	0.49126377	0.16901309	0.06518198	2.00000000	10.00000000	0.02126647	0.00000000
C25	c	0.55591185	0.57734842	0.06116821	2.00000000	10.00000000	0.01382329	0.00000000
C26	c	0.22478523	0.47242124	0.24488141	2.00000000	10.00000000	0.01644521	0.00000000
C27	c	0.49123299	0.41400300	0.08580481	2.00000000	10.00000000	0.02550261	0.00000000
C28	c	0.93093144	0.86149511	0.08750544	2.00000000	10.00000000	0.02502661	0.00000000
C29	c	0.26582861	0.18195062	0.17253370	2.00000000	10.00000000	0.02283785	0.00000000
C30	c	0.19116425	0.32226036	0.20052193	2.00000000	10.00000000	0.02549043	0.00000000

Q Vehicle fuel tank capacity /0.40000000/
C Vehicle load capacity /1.50000000/
r fuel consumption rate /0.25000000/
g inverse refueling rate /1.00000000/
v average Velocity /1.00000000/
