StringID	Type	x	y	demand	ReadyTime	DueDate	ServiceTime	altitude
D0	d	0.50000000	0.50000000	0.00000000	0.00000000	10.00000000	0.00000000	0.00000000
S0	f	0.51369329	0.65685598	0.00000000	0.00000000	10.00000000	0.00000000	0.00000000
S1	f	0.23932555	0.67133136	0.00000000	0.00000000	10.00000000	0.00000000	0.00000000
S2	f	0.17507385	0.08402688	0.00000000	0.00000000	10.00000000	0.00000000	0.00000000
S3	f	0.43795218	0.76923423	0.00000000	0.00000000	10.00000000	0.00000000	0.00000000
S4	f	0.74970626	0.93504850	0.00000000	0.00000000	10.00000000	0.00000000	0.00000000
S5	f	0.91427908	0.42571247	0.00000000	0.00000000	10.00000000	0.00000000	0.00000000
C1	c	0.63002539	0.38130738	0.14830382	0.00000000	8.00000000	0.01342441	0.00000000
C2	c	0.21562968	0.82297175	0.15987805	0.10000000	8.10000000	0.02984104	0.00000000
C3	c	0.09316334	0.05984874	0.18263047	0.20000000	8.20000000	0.02161315	0.00000000
C4	c	0.94113855	0.08115974	0.11719249	0.30000000	8.30000000	0.02658404	0.00000000
C5	c	0.32016389	0.23466088	0.16651421	0.40000000	8.40000000	0.01472065	0.00000000
C6	c	0.01901082	0.67936686	0.10613837	0.50000000	8.50000000	0.02153818	0.00000000
C7	c	0.04135350	0.23806991	0.03489757	0.60000000	8.60000000	0.02009908	0.00000000
C8	c	0.39080226	0.60211260	0.01869722	0.70000000	8.70000000	0.01325599	0.00000000
C9	c	0.00828514	0.71932194	0.20984392	0.80000000	8.80000000	0.01352733	0.00000000
C10	c	0.75359458	0.01634904	0.18748261	0.90000000	8.90000000	0.02101466	0.00000000
C11	c	0.24989487	0.61699511	0.08249377	1.00000000	9.00000000	0.02751953	0.00000000
C12	c	0.24552538	0.94729884	0.19263713	1.10000000	9.10000000	0.01976221	0.00000000
C13	c	0.63314015	0.97004475	0.06895190	1.20000000	9.20000000	0.01573943	0.00000000
C14	c	0.30333434	0.19677212	0.15999764	1.30000000	9.30000000	0.01172904	0.00000000
C15	c	0.50610192	0.58074569	0.11126364	1.40000000	9.40000000	0.02863250	0.00000000
C16	c	0.32745227	0.08079114	0.17858048	1.50000000	9.50000000	0.01537657	0.00000000
C17	c	0.91814482	0.97419679	0.13507920	1.60000000	9.60000000	0.02909983	0.00000000
C18	c	0.51369329	0.65685598	0.20628162	1.70000000	9.70000000	0.01691303	0.00000000
C19	c	0.56155986	0.81828678	0.19303919	1.80000000	9.80000000	0.01922406	0.00000000
C20	c	0.60820444	0.71639535	0.17820958	1.90000000	9.90000000	0.02715331	0.00000000
C21	c	0.82948004	0.90784064	0.09973255	2.00000000	10.00000000	0.01587838	0.00000000
C22	c	0.36827784	0.63701961	0.17836849	2.00000000	10.00000000	0.02008661	0.00000000
C23	c	0.25581701	0.52820281	0.10398029	2.00000000	10.00000000	0.01407556	0.00000000
C24	c	0.26760055	0.08781841	0.16622659	2.00000000	10.00000000	0.02641399	0.00000000
C25	c	0.77407177	0.89260641	0.20711063	2.00000000	10.00000000	0.02168756	0.00000000
C26	c	0.40776038	0.45995858	0.12254123	2.00000000	10.00000000	0.02312087	0.00000000
C27	c	0.63388008	0.20502415	0.18583540	2.00000000	10.00000000	0.01736159	0.00000000
C28	c	0.88508877	0.52900134	0.20701421	2.00000000	10.00000000	0.01502597	0.00000000
C29	c	0.86949004	0.45302632	0.18171585	2.00000000	10.00000000	0.02280721	0.00000000
C30	c	0.92491844	0.80370509	0.20936191	2.00000000	10.00000000	0.02657002	0.00000000

Q Vehicle fuel tank capacity /0.40000000/
C Vehicle load capacity /1.50000000/
r fuel consumption rate /0.25000000/
g inverse refueling rate /1.00000000/
v average Velocity /1.00000000/
