StringID	Type	x	y	demand	ReadyTime	DueDate	ServiceTime	altitude
D0	d	0.50000000	0.50000000	0.00000000	0.00000000	10.00000000	0.00000000	0.00000000
S0	f	0.88987361	0.59997384	0.00000000	0.00000000	10.00000000	0.00000000	0.00000000
S1	f	0.43598330	0.01779820	0.00000000	0.00000000	10.00000000	0.00000000	0.00000000
S2	f	0.51485913	0.89706797	0.00000000	0.00000000	10.00000000	0.00000000	0.00000000
S3	f	0.15602535	0.21048106	0.00000000	0.00000000	10.00000000	0.00000000	0.00000000
S4	f	0.93518231	0.58000158	0.00000000	0.00000000	10.00000000	0.00000000	0.00000000
S5	f	0.95223122	0.39868564	0.00000000	0.00000000	10.00000000	0.00000000	0.00000000
S6	f	0.41672662	0.73913717	0.00000000	0.00000000	10.00000000	0.00000000	0.00000000
S7	f	0.33963719	0.02326641	0.00000000	0.00000000	10.00000000	0.00000000	0.00000000
S8	f	0.82260095	0.28278162	0.00000000	0.00000000	10.00000000	0.00000000	0.00000000
S9	f	0.92500948	0.11516299	0.00000000	0.00000000	10.00000000	0.00000000	0.00000000
C1	c	0.15731764	0.91217563	0.15882409	0.00000000	8.00000000	0.02634389	0.00000000
C2	c	0.13054249	1.00000000	0.14698010	0.06000000	8.06000000	0.02633126	0.00000000
C3	c	0.16169077	0.96647282	0.07337241	0.12000000	8.12000000	0.01005373	0.00000000
C4	c	0.13494654	0.98281271	0.02760556	0.18000000	8.18000000	0.02440279	0.00000000
C5	c	0.16236095	0.92075824	0.05155657	0.24000000	8.24000000	0.02403993	0.00000000
C6	c	0.45020309	0.15371085	0.07484169	0.30000000	8.30000000	0.01468543	0.00000000
C7	c	0.00000000	0.88167845	0.04518624	0.36000000	8.36000000	0.01474689	0.00000000
C8	c	0.01771210	0.91950695	0.02411436	0.42000000	8.42000000	0.01944985	0.00000000
C9	c	0.06997102	0.86816965	0.09465968	0.48000000	8.48000000	0.02882490	0.00000000
C10	c	0.02434237	0.80739512	0.14205587	0.54000000	8.54000000	0.02437990	0.00000000
C11	c	0.01296908	0.84725221	0.09012581	0.60000000	8.60000000	0.02209974	0.00000000
C12	c	0.09819213	0.89704010	0.06135888	0.66000000	8.66000000	0.02081371	0.00000000
C13	c	0.01854078	0.18155226	0.08283752	0.72000000	8.72000000	0.01206131	0.00000000
C14	c	0.04077737	0.06693211	0.02479329	0.78000000	8.78000000	0.01950337	0.00000000
C15	c	0.00000000	0.02205633	0.10608536	0.84000000	8.84000000	0.01355333	0.00000000
C16	c	0.00000000	0.08484067	0.14815043	0.90000000	8.90000000	0.02863625	0.00000000
C17	c	0.07865272	0.05041337	0.03776653	0.96000000	8.96000000	0.02663414	0.00000000
C18	c	0.10732525	0.09778231	0.15881330	1.02000000	9.02000000	0.02296287	0.00000000
C19	c	0.00367853	0.06524534	0.07704837	1.08000000	9.08000000	0.01771719	0.00000000
C20	c	0.08954709	0.04406355	0.12851893	1.14000000	9.14000000	0.01985726	0.00000000
C21	c	0.05699363	0.06949563	0.11581107	1.20000000	9.20000000	0.01010010	0.00000000
C22	c	0.83378196	0.50523501	0.15383857	1.26000000	9.26000000	0.01512163	0.00000000
C23	c	0.97412093	0.53312040	0.16180855	1.32000000	9.32000000	0.01779782	0.00000000
C24	c	0.97956767	0.60543109	0.06489414	1.38000000	9.38000000	0.02581841	0.00000000
C25	c	0.92380377	0.52817153	0.03316225	1.44000000	9.44000000	0.01779263	0.00000000
C26	c	0.29401599	0.25117952	0.05563234	1.50000000	9.50000000	0.01179405	0.00000000
C27	c	0.54479006	0.63736249	0.04474871	1.56000000	9.56000000	0.01966265	0.00000000
C28	c	0.06817293	0.35717090	0.08601717	1.62000000	9.62000000	0.01750602	0.00000000
C29	c	0.40367698	0.79992149	0.14542455	1.68000000	9.68000000	0.01505816	0.00000000
C30	c	0.86817312	0.41388979	0.12545251	1.74000000	9.74000000	0.01642139	0.00000000
C31	c	0.43461146	0.37217107	0.06760558	1.80000000	9.80000000	0.02880322	0.00000000
C32	c	0.91796362	0.17823779	0.07004674	1.86000000	9.86000000	0.02274350	0.00000000
C33	c	0.85581387	0.74203013	0.13684551	1.92000000	9.92000000	0.01434207	0.00000000
C34	c	0.81719429	0.81656278	0.04877521	1.98000000	9.98000000	0.01750269	0.00000000
C35	c	0.00268659	0.72013931	0.05650714	2.00000000	10.00000000	0.01599658	0.00000000
C36	c	0.70199641	0.23427142	0.04988352	2.00000000	10.00000000	0.01012397	0.00000000
C37	c	0.23734425	0.47249229	0.09528327	2.00000000	10.00000000	0.02077499	0.00000000
C38	c	0.94124483	0.71899519	0.10959735	2.00000000	10.00000000	0.02011571	0.00000000
C39	c	0.60498678	0.54068553	0.02158599	2.00000000	10.00000000	0.01428800	0.00000000
C40	c	0.10306547	0.47516860	0.06627251	2.00000000	10.00000000	0.01915927	0.00000000
C41	c	0.83170683	0.64814331	0.07346355	2.00000000	10.00000000	0.01568554	0.00000000
C42	c	0.38585941	0.49286296	0.13473315	2.00000000	10.00000000	0.01004236	0.00000000
C43	c	0.00500480	0.25608139	0.14528661	2.00000000	10.00000000	0.01540123	0.00000000
C44	c	0.38963131	0.08970231	0.07504271	2.00000000	10.00000000	0.01862954	0.00000000
C45	c	0.48313270	0.37530121	0.07824682	2.00000000	10.00000000	0.01235166	0.00000000
C46	c	0.25290806	0.32106961	0.06859193	2.00000000	10.00000000	0.01023653	0.00000000
C47	c	0.94016098	0.63717524	0.15298551	2.00000000	10.00000000	0.01180949	0.00000000
C48	c	0.21710352	0.37513430	0.03860485	2.00000000	10.00000000	0.02403385	0.00000000
C49	c	0.29982899	0.00619873	0.14337555	2.00000000	10.00000000	0.01078204	0.00000000
C50	c	0.27006126	0.43147677	0.12578166	2.00000000	10.00000000	0.02702937	0.00000000

Q Vehicle fuel tank capacity /0.40000000/
C Vehicle load capacity /1.50000000/
r fuel consumption rate /0.25000000/
g inverse refueling rate /1.00000000/
v average Velocity /1.00000000/
