StringID	Type	x	y	demand	ReadyTime	DueDate	ServiceTime	altitude
D0	d	0.50000000	0.50000000	0.00000000	0.00000000	10.00000000	0.00000000	0.00000000
S0	f	0.72106174	0.25815746	0.00000000	0.00000000	10.00000000	0.00000000	0.00000000
S1	f	0.89589479	0.55104815	0.00000000	0.00000000	10.00000000	0.00000000	0.00000000
S2	f	0.02813243	0.97162145	0.00000000	0.00000000	10.00000000	0.00000000	0.00000000
S3	f	0.49751398	0.74472727	0.00000000	0.00000000	10.00000000	0.00000000	0.00000000
S4	f	0.09632293	0.28472091	0.00000000	0.00000000	10.00000000	0.00000000	0.00000000
S5	f	0.07296587	0.68999432	0.00000000	0.00000000	10.00000000	0.00000000	0.00000000
S6	f	0.12440352	0.46609380	0.00000000	0.00000000	10.00000000	0.00000000	0.00000000
S7	f	0.59768087	0.15372101	0.00000000	0.00000000	10.00000000	0.00000000	0.00000000
S8	f	0.29526966	0.55653622	0.00000000	0.00000000	10.00000000	0.00000000	0.00000000
S9	f	0.49762441	0.23979782	0.00000000	0.00000000	10.00000000	0.00000000	0.00000000
C1	c	0.69005992	0.48477072	0.11454509	0.00000000	8.00000000	0.02175542	0.00000000
C2	c	0.63349034	0.49056302	0.16053486	0.06000000	8.06000000	0.02634664	0.00000000
C3	c	0.75884474	0.47936752	0.08384319	0.12000000	8.12000000	0.02326552	0.00000000
C4	c	0.77585915	0.48802928	0.03927079	0.18000000	8.18000000	0.02356525	0.00000000
C5	c	0.67900552	0.42841418	0.06642731	0.24000000	8.24000000	0.01729949	0.00000000
C6	c	0.63440442	0.49396506	0.07844810	0.30000000	8.30000000	0.02048839	0.00000000
C7	c	0.01990459	0.74861142	0.09898225	0.36000000	8.36000000	0.01734290	0.00000000
C8	c	0.00000000	0.84833075	0.08069005	0.42000000	8.42000000	0.02301375	0.00000000
C9	c	0.00000000	0.82174200	0.04690128	0.48000000	8.48000000	0.02654216	0.00000000
C10	c	0.78919170	0.09226409	0.01703070	0.54000000	8.54000000	0.01803864	0.00000000
C11	c	0.79688406	0.07367810	0.16672397	0.60000000	8.60000000	0.01940926	0.00000000
C12	c	0.74842132	0.09568837	0.12585852	0.66000000	8.66000000	0.01411252	0.00000000
C13	c	0.74432187	0.08557123	0.11364917	0.72000000	8.72000000	0.02715860	0.00000000
C14	c	0.74249915	0.00000000	0.12351128	0.78000000	8.78000000	0.02338364	0.00000000
C15	c	0.71947341	0.06350407	0.15713640	0.84000000	8.84000000	0.02846820	0.00000000
C16	c	0.81879888	0.08405395	0.07038024	0.90000000	8.90000000	0.01267793	0.00000000
C17	c	0.73455068	0.04449896	0.01813899	0.96000000	8.96000000	0.02526789	0.00000000
C18	c	0.71954689	0.71923057	0.12418594	1.02000000	9.02000000	0.02676175	0.00000000
C19	c	0.75948111	0.73817235	0.07764830	1.08000000	9.08000000	0.01243311	0.00000000
C20	c	0.74018209	0.77163307	0.10411159	1.14000000	9.14000000	0.01174336	0.00000000
C21	c	0.68077485	0.73847096	0.03968163	1.20000000	9.20000000	0.02491468	0.00000000
C22	c	0.84668164	0.28385194	0.12994500	1.26000000	9.26000000	0.01609700	0.00000000
C23	c	0.94588761	0.29614625	0.04270600	1.32000000	9.32000000	0.02541655	0.00000000
C24	c	0.97681715	0.32783131	0.16234931	1.38000000	9.38000000	0.02297891	0.00000000
C25	c	1.00000000	0.36101138	0.05176500	1.44000000	9.44000000	0.02426490	0.00000000
C26	c	0.14715890	0.16558717	0.04111610	1.50000000	9.50000000	0.02262344	0.00000000
C27	c	0.92046813	0.47822633	0.05310455	1.56000000	9.56000000	0.02986118	0.00000000
C28	c	0.29531415	0.83977533	0.05179183	1.62000000	9.62000000	0.02295285	0.00000000
C29	c	0.78653898	0.77949287	0.11914941	1.68000000	9.68000000	0.02624971	0.00000000
C30	c	0.34951901	0.77872690	0.10168901	1.74000000	9.74000000	0.02003782	0.00000000
C31	c	0.08865118	0.38154722	0.01231812	1.80000000	9.80000000	0.02338486	0.00000000
C32	c	0.07841867	0.95615605	0.04890131	1.86000000	9.86000000	0.01299595	0.00000000
C33	c	0.08592356	0.58777100	0.06549764	1.92000000	9.92000000	0.01366883	0.00000000
C34	c	0.81733178	0.66327585	0.17735741	1.98000000	9.98000000	0.01875206	0.00000000
C35	c	0.67826229	0.36497457	0.17565538	2.00000000	10.00000000	0.01873429	0.00000000
C36	c	0.52441973	0.36714495	0.03621270	2.00000000	10.00000000	0.01797337	0.00000000
C37	c	0.65068762	0.82710799	0.03926566	2.00000000	10.00000000	0.02660621	0.00000000
C38	c	0.40193183	0.47046296	0.16432443	2.00000000	10.00000000	0.02299127	0.00000000
C39	c	0.20562587	0.85792999	0.09105961	2.00000000	10.00000000	0.02468274	0.00000000
C40	c	0.66918187	0.92341008	0.06075712	2.00000000	10.00000000	0.01337720	0.00000000
C41	c	0.13389633	0.76339440	0.15095630	2.00000000	10.00000000	0.01068082	0.00000000
C42	c	0.83808733	0.12165565	0.14213680	2.00000000	10.00000000	0.01500608	0.00000000
C43	c	0.08716810	0.74573416	0.14096950	2.00000000	10.00000000	0.02806082	0.00000000
C44	c	0.30485019	0.77082749	0.06973707	2.00000000	10.00000000	0.02306410	0.00000000
C45	c	0.64894538	0.71324517	0.14084260	2.00000000	10.00000000	0.01705409	0.00000000
C46	c	0.63117207	0.99305923	0.02651991	2.00000000	10.00000000	0.02241115	0.00000000
C47	c	0.50189095	0.66924280	0.07504308	2.00000000	10.00000000	0.02264411	0.00000000
C48	c	0.43760309	0.43671433	0.02482472	2.00000000	10.00000000	0.01314411	0.00000000
C49	c	0.39866861	0.83031025	0.17023673	2.00000000	10.00000000	0.01260112	0.00000000
C50	c	0.16886021	0.03404096	0.02606804	2.00000000	10.00000000	0.02748010	0.00000000

Q Vehicle fuel tank capacity /0.40000000/
C Vehicle load capacity /1.50000000/
r fuel consumption rate /0.25000000/
g inverse refueling rate /1.00000000/
v average Velocity /1.00000000/
