StringID	Type	x	y	demand	ReadyTime	DueDate	ServiceTime	altitude
D0	d	0.50000000	0.50000000	0.00000000	0.00000000	10.00000000	0.00000000	0.00000000
S0	f	0.34397349	0.83933884	0.00000000	0.00000000	10.00000000	0.00000000	0.00000000
S1	f	0.40245244	0.41510076	0.00000000	0.00000000	10.00000000	0.00000000	0.00000000
S2	f	0.56105227	0.69269271	0.00000000	0.00000000	10.00000000	0.00000000	0.00000000
S3	f	0.59759099	0.85341303	0.00000000	0.00000000	10.00000000	0.00000000	0.00000000
S4	f	0.42804654	0.76766135	0.00000000	0.00000000	10.00000000	0.00000000	0.00000000
S5	f	0.78413393	0.52916831	0.00000000	0.00000000	10.00000000	0.00000000	0.00000000
S6	f	0.98183374	0.75457013	0.00000000	0.00000000	10.00000000	0.00000000	0.00000000
S7	f	0.13144736	0.13577980	0.00000000	0.00000000	10.00000000	0.00000000	0.00000000
S8	f	0.00480814	0.81757985	0.00000000	0.00000000	10.00000000	0.00000000	0.00000000
S9	f	0.86875904	0.71800939	0.00000000	0.00000000	10.00000000	0.00000000	0.00000000
C1	c	0.87925789	0.92156212	0.04425452	0.00000000	8.00000000	0.01273617	0.00000000
C2	c	0.86684888	0.91025597	0.09943264	0.06000000	8.06000000	0.01994894	0.00000000
C3	c	0.81011277	0.88024495	0.09605326	0.12000000	8.12000000	0.01901911	0.00000000
C4	c	0.94831559	0.95009126	0.15714260	0.18000000	8.18000000	0.02367508	0.00000000
C5	c	0.71090298	0.10506198	0.06833456	0.24000000	8.24000000	0.01877446	0.00000000
C6	c	0.77440025	0.11089129	0.03642562	0.30000000	8.30000000	0.01652592	0.00000000
C7	c	0.75910988	0.12661999	0.16751773	0.36000000	8.36000000	0.01523594	0.00000000
C8	c	0.84444587	0.10027303	0.02553594	0.42000000	8.42000000	0.02747015	0.00000000
C9	c	0.74985942	0.09328490	0.11175491	0.48000000	8.48000000	0.02262520	0.00000000
C10	c	0.74294791	0.13490422	0.08612134	0.54000000	8.54000000	0.01847199	0.00000000
C11	c	0.83048294	0.05568638	0.12749101	0.60000000	8.60000000	0.02179277	0.00000000
C12	c	0.75847456	0.37482839	0.10296784	0.66000000	8.66000000	0.01259612	0.00000000
C13	c	0.85636937	0.31042002	0.08610216	0.72000000	8.72000000	0.02739177	0.00000000
C14	c	0.89886747	0.30928855	0.01905839	0.78000000	8.78000000	0.01277210	0.00000000
C15	c	0.77273711	0.24622038	0.15325830	0.84000000	8.84000000	0.02019116	0.00000000
C16	c	0.84779971	0.07958988	0.03834939	0.90000000	8.90000000	0.02071448	0.00000000
C17	c	0.77194907	0.08282866	0.01833723	0.96000000	8.96000000	0.02816309	0.00000000
C18	c	0.91511033	0.00000000	0.04121274	1.02000000	9.02000000	0.01937586	0.00000000
C19	c	0.86326231	0.06926596	0.04980028	1.08000000	9.08000000	0.02234893	0.00000000
C20	c	0.81329343	0.00000000	0.09354580	1.14000000	9.14000000	0.01417443	0.00000000
C21	c	0.90955672	0.75344241	0.01513405	1.20000000	9.20000000	0.02517685	0.00000000
C22	c	0.81477270	0.80611774	0.04359277	1.26000000	9.26000000	0.01438020	0.00000000
C23	c	0.77160461	0.74089730	0.01712303	1.32000000	9.32000000	0.01279885	0.00000000
C24	c	0.85898919	0.81605850	0.16350598	1.38000000	9.38000000	0.01062655	0.00000000
C25	c	0.81994242	0.77953000	0.06528382	1.44000000	9.44000000	0.02329186	0.00000000
C26	c	0.69532442	0.98045083	0.10391824	1.50000000	9.50000000	0.01120523	0.00000000
C27	c	0.14140372	0.94061758	0.05837831	1.56000000	9.56000000	0.01210120	0.00000000
C28	c	0.32113773	0.41883459	0.07494056	1.62000000	9.62000000	0.02212686	0.00000000
C29	c	0.72218915	0.85626809	0.12197224	1.68000000	9.68000000	0.02835512	0.00000000
C30	c	0.93073000	0.36281133	0.16732909	1.74000000	9.74000000	0.01311286	0.00000000
C31	c	0.67928895	0.92296990	0.03385658	1.80000000	9.80000000	0.02199658	0.00000000
C32	c	0.07474679	0.31993877	0.16099257	1.86000000	9.86000000	0.02507205	0.00000000
C33	c	0.90804429	0.66020518	0.06244800	1.92000000	9.92000000	0.02663202	0.00000000
C34	c	0.57010572	0.21033953	0.07798925	1.98000000	9.98000000	0.01987100	0.00000000
C35	c	0.13680874	0.49744710	0.12624578	2.00000000	10.00000000	0.02528313	0.00000000
C36	c	0.45095536	0.68375394	0.14757456	2.00000000	10.00000000	0.02934685	0.00000000
C37	c	0.43872317	0.32629618	0.15941969	2.00000000	10.00000000	0.02876918	0.00000000
C38	c	0.26179703	0.87350765	0.06907728	2.00000000	10.00000000	0.01629796	0.00000000
C39	c	0.63125975	0.42359971	0.15101254	2.00000000	10.00000000	0.01155475	0.00000000
C40	c	0.58963829	0.12980587	0.06158719	2.00000000	10.00000000	0.02905813	0.00000000
C41	c	0.86958829	0.13860499	0.11942137	2.00000000	10.00000000	0.02355640	0.00000000
C42	c	0.90815460	0.46879283	0.15818524	2.00000000	10.00000000	0.01619769	0.00000000
C43	c	0.61744632	0.20872134	0.02325304	2.00000000	10.00000000	0.02842996	0.00000000
C44	c	0.13994234	0.03132768	0.06225727	2.00000000	10.00000000	0.01006524	0.00000000
C45	c	0.66459321	0.06026166	0.14817460	2.00000000	10.00000000	0.02674881	0.00000000
C46	c	0.10506016	0.60634308	0.06555863	2.00000000	10.00000000	0.01201270	0.00000000
C47	c	0.91775611	0.15564307	0.15581093	2.00000000	10.00000000	0.01696238	0.00000000
C48	c	0.59982902	0.75360241	0.11638560	2.00000000	10.00000000	0.01844312	0.00000000
C49	c	0.83160098	0.49355022	0.10205291	2.00000000	10.00000000	0.01179889	0.00000000
C50	c	0.76415629	0.96734226	0.04482263	2.00000000	10.00000000	0.02343319	0.00000000

Q Vehicle fuel tank capacity /0.40000000/
C Vehicle load capacity /1.50000000/
r fuel consumption rate /0.25000000/
g inverse refueling rate /1.00000000/
v average Velocity /1.00000000/
