StringID	Type	x	y	demand	ReadyTime	DueDate	ServiceTime	altitude
D0	d	0.50000000	0.50000000	0.00000000	0.00000000	10.00000000	0.00000000	0.00000000
S0	f	0.66187239	0.57461477	0.00000000	0.00000000	10.00000000	0.00000000	0.00000000
S1	f	0.60745723	0.02323278	0.00000000	0.00000000	10.00000000	0.00000000	0.00000000
S2	f	0.21872659	0.41585768	0.00000000	0.00000000	10.00000000	0.00000000	0.00000000
S3	f	0.95498715	0.33919448	0.00000000	0.00000000	10.00000000	0.00000000	0.00000000
S4	f	0.17464496	0.83616502	0.00000000	0.00000000	10.00000000	0.00000000	0.00000000
S5	f	0.19118711	0.49752373	0.00000000	0.00000000	10.00000000	0.00000000	0.00000000
C1	c	0.45918465	0.35349748	0.04516116	0.00000000	8.00000000	0.01228781	0.00000000
C2	c	0.40222610	0.35269109	0.20913285	0.10000000	8.10000000	0.02222272	0.00000000
C3	c	0.03291517	0.59992156	0.08490263	0.20000000	8.20000000	0.01318478	0.00000000
C4	c	0.22337677	0.73064794	0.04139844	0.30000000	8.30000000	0.01607312	0.00000000
C5	c	0.45774561	0.52055397	0.11385179	0.40000000	8.40000000	0.02933550	0.00000000
C6	c	0.71118499	0.16422874	0.10912870	0.50000000	8.50000000	0.02157706	0.00000000
C7	c	0.04968192	0.76666895	0.16549163	0.60000000	8.60000000	0.02836456	0.00000000
C8	c	0.85279745	0.22664917	0.10207494	0.70000000	8.70000000	0.01703647	0.00000000
C9	c	0.56294800	0.89239181	0.07335044	0.80000000	8.80000000	0.02243735	0.00000000
C10	c	0.22691640	0.82608058	0.14505797	0.90000000	8.90000000	0.02336065	0.00000000
C11	c	0.64964229	0.27238289	0.08452002	1.00000000	9.00000000	0.02181111	0.00000000
C12	c	0.67273467	0.23546649	0.10980647	1.10000000	9.10000000	0.01321468	0.00000000
C13	c	0.05851628	0.44692992	0.13433193	1.20000000	9.20000000	0.02015246	0.00000000
C14	c	0.31862044	0.38079168	0.21390627	1.30000000	9.30000000	0.01906177	0.00000000
C15	c	0.90521911	0.76380016	0.22971444	1.40000000	9.40000000	0.02738425	0.00000000
C16	c	0.97924557	0.79066237	0.20032282	1.50000000	9.50000000	0.02548332	0.00000000
C17	c	0.66187239	0.57461477	0.20006049	1.60000000	9.60000000	0.02602000	0.00000000
C18	c	0.35739024	0.47393334	0.13327760	1.70000000	9.70000000	0.02377664	0.00000000
C19	c	0.23607484	0.64216935	0.09644510	1.80000000	9.80000000	0.02190883	0.00000000
C20	c	0.22263664	0.22735061	0.27112275	1.90000000	9.90000000	0.02948041	0.00000000
C21	c	0.40825241	0.40546073	0.08863770	2.00000000	10.00000000	0.01992575	0.00000000
C22	c	0.78165885	0.01769697	0.28374047	2.00000000	10.00000000	0.02093773	0.00000000
C23	c	0.99495262	0.17563503	0.11872810	2.00000000	10.00000000	0.02398859	0.00000000
C24	c	0.73626392	0.57405374	0.15630086	2.00000000	10.00000000	0.01992432	0.00000000
C25	c	0.66445899	0.39935349	0.23987141	2.00000000	10.00000000	0.01693444	0.00000000
C26	c	0.00869401	0.45420040	0.02797416	2.00000000	10.00000000	0.02381513	0.00000000
C27	c	0.70141602	0.96950067	0.19835631	2.00000000	10.00000000	0.01137060	0.00000000
C28	c	0.48288879	0.89643221	0.26845691	2.00000000	10.00000000	0.02693967	0.00000000
C29	c	0.16416835	0.73616723	0.13067552	2.00000000	10.00000000	0.01682956	0.00000000
C30	c	0.44824884	0.84488932	0.22420013	2.00000000	10.00000000	0.01439431	0.00000000

Q Vehicle fuel tank capacity /0.40000000/
C Vehicle load capacity /1.50000000/
r fuel consumption rate /0.25000000/
g inverse refueling rate /1.00000000/
v average Velocity /1.00000000/
