StringID	Type	x	y	demand	ReadyTime	DueDate	ServiceTime	altitude
D0	d	0.50000000	0.50000000	0.00000000	0.00000000	10.00000000	0.00000000	0.00000000
S0	f	0.97993318	0.01686959	0.00000000	0.00000000	10.00000000	0.00000000	0.00000000
S1	f	0.29117856	0.70466884	0.00000000	0.00000000	10.00000000	0.00000000	0.00000000
S2	f	0.73503207	0.44388274	0.00000000	0.00000000	10.00000000	0.00000000	0.00000000
S3	f	0.53612732	0.38606619	0.00000000	0.00000000	10.00000000	0.00000000	0.00000000
S4	f	0.69017720	0.11869020	0.00000000	0.00000000	10.00000000	0.00000000	0.00000000
S5	f	0.64860335	0.75835132	0.00000000	0.00000000	10.00000000	0.00000000	0.00000000
S6	f	0.07384698	0.40224881	0.00000000	0.00000000	10.00000000	0.00000000	0.00000000
S7	f	0.04935821	0.91671671	0.00000000	0.00000000	10.00000000	0.00000000	0.00000000
S8	f	0.15684990	0.58670715	0.00000000	0.00000000	10.00000000	0.00000000	0.00000000
S9	f	0.37070321	0.03313669	0.00000000	0.00000000	10.00000000	0.00000000	0.00000000
C1	c	0.32826439	0.52103284	0.10685562	0.00000000	8.00000000	0.01886348	0.00000000
C2	c	0.95130371	0.40094572	0.15102015	0.06000000	8.06000000	0.01892619	0.00000000
C3	c	0.42472177	0.79671223	0.15501915	0.12000000	8.12000000	0.01604746	0.00000000
C4	c	0.97614055	0.21302031	0.06560528	0.18000000	8.18000000	0.02042177	0.00000000
C5	c	0.33342669	0.17186691	0.02139627	0.24000000	8.24000000	0.02350488	0.00000000
C6	c	0.11702707	0.33423811	0.06588472	0.30000000	8.30000000	0.01536123	0.00000000
C7	c	0.49736626	0.27498791	0.09647481	0.36000000	8.36000000	0.02147449	0.00000000
C8	c	0.02798276	0.07703708	0.10283149	0.42000000	8.42000000	0.02413462	0.00000000
C9	c	0.94162926	0.08164231	0.16493421	0.48000000	8.48000000	0.02335511	0.00000000
C10	c	0.89977334	0.57481627	0.14043767	0.54000000	8.54000000	0.02107040	0.00000000
C11	c	0.63114258	0.34229183	0.08131459	0.60000000	8.60000000	0.01087163	0.00000000
C12	c	0.07567302	0.34425367	0.10891929	0.66000000	8.66000000	0.02525396	0.00000000
C13	c	0.91529046	0.30503759	0.12375444	0.72000000	8.72000000	0.02280075	0.00000000
C14	c	0.91680825	0.83290646	0.06638077	0.78000000	8.78000000	0.02878589	0.00000000
C15	c	0.56676404	0.76443976	0.15638439	0.84000000	8.84000000	0.01774542	0.00000000
C16	c	0.15348283	0.50116418	0.11641014	0.90000000	8.90000000	0.01634522	0.00000000
C17	c	0.44643270	0.49846440	0.01875327	0.96000000	8.96000000	0.01357446	0.00000000
C18	c	0.39463255	0.36732085	0.04450366	1.02000000	9.02000000	0.01506466	0.00000000
C19	c	0.97993318	0.01686959	0.09624890	1.08000000	9.08000000	0.02678154	0.00000000
C20	c	0.55607068	0.87095013	0.03811807	1.14000000	9.14000000	0.02946778	0.00000000
C21	c	0.90528727	0.24793731	0.03221792	1.20000000	9.20000000	0.01767700	0.00000000
C22	c	0.85555496	0.88536270	0.06093841	1.26000000	9.26000000	0.01836104	0.00000000
C23	c	0.47259836	0.04963435	0.10936590	1.32000000	9.32000000	0.01959056	0.00000000
C24	c	0.73859752	0.23971121	0.17012862	1.38000000	9.38000000	0.02577719	0.00000000
C25	c	0.42411565	0.33823355	0.11749431	1.44000000	9.44000000	0.02641979	0.00000000
C26	c	0.97456886	0.93054203	0.16787925	1.50000000	9.50000000	0.02406831	0.00000000
C27	c	0.34073896	0.29688362	0.03387787	1.56000000	9.56000000	0.02694201	0.00000000
C28	c	0.43974157	0.98304651	0.06828239	1.62000000	9.62000000	0.02519263	0.00000000
C29	c	0.42887736	0.07866978	0.16348112	1.68000000	9.68000000	0.01709646	0.00000000
C30	c	0.85671872	0.64232566	0.04429811	1.74000000	9.74000000	0.02450731	0.00000000
C31	c	0.36268293	0.43656197	0.10286178	1.80000000	9.80000000	0.01770534	0.00000000
C32	c	0.26682787	0.97361731	0.10637946	1.86000000	9.86000000	0.02140114	0.00000000
C33	c	0.08824804	0.87205321	0.05197777	1.92000000	9.92000000	0.02491551	0.00000000
C34	c	0.92203798	0.53758218	0.11524717	1.98000000	9.98000000	0.01355523	0.00000000
C35	c	0.25854239	0.52530887	0.03658732	2.00000000	10.00000000	0.02635617	0.00000000
C36	c	0.29117856	0.70466884	0.03894596	2.00000000	10.00000000	0.02263866	0.00000000
C37	c	0.36452504	0.99308398	0.13112507	2.00000000	10.00000000	0.01653387	0.00000000
C38	c	0.85751253	0.00893593	0.10227943	2.00000000	10.00000000	0.02599195	0.00000000
C39	c	0.86520723	0.08687170	0.02648749	2.00000000	10.00000000	0.01959076	0.00000000
C40	c	0.25306558	0.62657473	0.05777565	2.00000000	10.00000000	0.01207708	0.00000000
C41	c	0.71692710	0.31408164	0.11625766	2.00000000	10.00000000	0.01300365	0.00000000
C42	c	0.52285005	0.45995690	0.06737879	2.00000000	10.00000000	0.01111044	0.00000000
C43	c	0.99635587	0.97902824	0.11215386	2.00000000	10.00000000	0.02840025	0.00000000
C44	c	0.01796297	0.63175925	0.13201151	2.00000000	10.00000000	0.02675472	0.00000000
C45	c	0.41461381	0.28142053	0.06506767	2.00000000	10.00000000	0.01718083	0.00000000
C46	c	0.78771820	0.91335056	0.08744790	2.00000000	10.00000000	0.01029809	0.00000000
C47	c	0.46347543	0.15027587	0.04643575	2.00000000	10.00000000	0.01439759	0.00000000
C48	c	0.92992586	0.92291112	0.03341942	2.00000000	10.00000000	0.01201604	0.00000000
C49	c	0.00956065	0.30449184	0.05269751	2.00000000	10.00000000	0.01703893	0.00000000
C50	c	0.71641319	0.17350373	0.12825205	2.00000000	10.00000000	0.02654226	0.00000000

Q Vehicle fuel tank capacity /0.40000000/
C Vehicle load capacity /1.50000000/
r fuel consumption rate /0.25000000/
g inverse refueling rate /1.00000000/
v average Velocity /1.00000000/
