StringID	Type	x	y	demand	ReadyTime	DueDate	ServiceTime	altitude
D0	d	0.50000000	0.50000000	0.00000000	0.00000000	10.00000000	0.00000000	0.00000000
S0	f	0.31019175	0.54162739	0.00000000	0.00000000	10.00000000	0.00000000	0.00000000
S1	f	0.76872990	0.52711471	0.00000000	0.00000000	10.00000000	0.00000000	0.00000000
S2	f	0.81122517	0.60028647	0.00000000	0.00000000	10.00000000	0.00000000	0.00000000
S3	f	0.57970452	0.41123458	0.00000000	0.00000000	10.00000000	0.00000000	0.00000000
S4	f	0.65418350	0.31469188	0.00000000	0.00000000	10.00000000	0.00000000	0.00000000
S5	f	0.42916329	0.68755636	0.00000000	0.00000000	10.00000000	0.00000000	0.00000000
C1	c	0.95685136	0.45020184	0.06001870	0.00000000	8.00000000	0.02348936	0.00000000
C2	c	0.99472198	0.49191799	0.33071685	0.10000000	8.10000000	0.02268865	0.00000000
C3	c	1.00000000	0.45191185	0.21129155	0.20000000	8.20000000	0.01763466	0.00000000
C4	c	0.98426682	0.40658616	0.22344949	0.30000000	8.30000000	0.01850268	0.00000000
C5	c	0.50332730	0.85486999	0.26979222	0.40000000	8.40000000	0.02512700	0.00000000
C6	c	0.48161474	0.94964423	0.13674018	0.50000000	8.50000000	0.02913152	0.00000000
C7	c	0.45301921	0.84877410	0.32043030	0.60000000	8.60000000	0.02173723	0.00000000
C8	c	0.51158576	0.91813743	0.04466578	0.70000000	8.70000000	0.02459833	0.00000000
C9	c	0.57853006	0.79877466	0.03806364	0.80000000	8.80000000	0.02679038	0.00000000
C10	c	0.49680107	0.87674954	0.31396219	0.90000000	8.90000000	0.02702040	0.00000000
C11	c	0.47629670	0.98487575	0.04228188	1.00000000	9.00000000	0.01008692	0.00000000
C12	c	0.46977356	0.79128735	0.24711906	1.10000000	9.10000000	0.02131238	0.00000000
C13	c	0.50470140	0.90500490	0.11711446	1.20000000	9.20000000	0.01506767	0.00000000
C14	c	0.57463615	0.93452935	0.13602469	1.30000000	9.30000000	0.02904066	0.00000000
C15	c	0.46436358	0.93572372	0.10429475	1.40000000	9.40000000	0.02495818	0.00000000
C16	c	0.16730682	0.33829238	0.02380499	1.50000000	9.50000000	0.01500746	0.00000000
C17	c	0.59143853	0.62119373	0.20984218	1.60000000	9.60000000	0.01147640	0.00000000
C18	c	0.18775717	0.21894059	0.15634197	1.70000000	9.70000000	0.01125715	0.00000000
C19	c	0.00910835	0.81879398	0.11689945	1.80000000	9.80000000	0.02757123	0.00000000
C20	c	0.01163345	0.29715285	0.15339791	1.90000000	9.90000000	0.01134627	0.00000000
C21	c	0.67446817	0.63443270	0.07468154	2.00000000	10.00000000	0.01357952	0.00000000
C22	c	0.38173280	0.42513422	0.12816948	2.00000000	10.00000000	0.01466538	0.00000000
C23	c	0.75635000	0.95657596	0.20735902	2.00000000	10.00000000	0.01608810	0.00000000
C24	c	0.58686145	0.72991653	0.21666708	2.00000000	10.00000000	0.02390494	0.00000000
C25	c	0.83951882	0.85102011	0.08107885	2.00000000	10.00000000	0.02608161	0.00000000
C26	c	0.00434578	0.56561907	0.09083369	2.00000000	10.00000000	0.01450905	0.00000000
C27	c	0.25338357	0.95203309	0.02519367	2.00000000	10.00000000	0.02100985	0.00000000
C28	c	0.74790886	0.25037276	0.27848067	2.00000000	10.00000000	0.02828987	0.00000000
C29	c	0.07381997	0.06285762	0.02598358	2.00000000	10.00000000	0.02850095	0.00000000
C30	c	0.87856173	0.06731371	0.11530016	2.00000000	10.00000000	0.01221727	0.00000000

Q Vehicle fuel tank capacity /0.40000000/
C Vehicle load capacity /1.50000000/
r fuel consumption rate /0.25000000/
g inverse refueling rate /1.00000000/
v average Velocity /1.00000000/
