StringID	Type	x	y	demand	ReadyTime	DueDate	ServiceTime	altitude
D0	d	0.50000000	0.50000000	0.00000000	0.00000000	10.00000000	0.00000000	0.00000000
S0	f	0.07854348	0.23077207	0.00000000	0.00000000	10.00000000	0.00000000	0.00000000
S1	f	0.56871644	0.35927796	0.00000000	0.00000000	10.00000000	0.00000000	0.00000000
S2	f	0.02521892	0.63726886	0.00000000	0.00000000	10.00000000	0.00000000	0.00000000
S3	f	0.61743003	0.77201850	0.00000000	0.00000000	10.00000000	0.00000000	0.00000000
S4	f	0.14067021	0.15868833	0.00000000	0.00000000	10.00000000	0.00000000	0.00000000
S5	f	0.44979996	0.68433159	0.00000000	0.00000000	10.00000000	0.00000000	0.00000000
C1	c	0.25482131	0.00000000	0.03825087	0.00000000	8.00000000	0.02090902	0.00000000
C2	c	0.23421353	0.01426754	0.06650496	0.10000000	8.10000000	0.02370171	0.00000000
C3	c	0.63012382	0.45113950	0.10331183	0.20000000	8.20000000	0.02914073	0.00000000
C4	c	0.65015188	0.34812267	0.22579643	0.30000000	8.30000000	0.02958266	0.00000000
C5	c	0.68190515	0.30899866	0.15255975	0.40000000	8.40000000	0.01694030	0.00000000
C6	c	0.64754722	0.42744837	0.19370273	0.50000000	8.50000000	0.01334049	0.00000000
C7	c	0.67433328	0.28531616	0.15204030	0.60000000	8.60000000	0.02574516	0.00000000
C8	c	0.83141181	0.56301755	0.03616005	0.70000000	8.70000000	0.01669385	0.00000000
C9	c	0.85231337	0.47793636	0.16944302	0.80000000	8.80000000	0.01050701	0.00000000
C10	c	0.87389544	0.54870588	0.23757367	0.90000000	8.90000000	0.02161602	0.00000000
C11	c	0.79131408	0.48378751	0.06166090	1.00000000	9.00000000	0.01933491	0.00000000
C12	c	0.76666569	0.62228581	0.22037270	1.10000000	9.10000000	0.02976305	0.00000000
C13	c	0.84459428	0.53621898	0.19287930	1.20000000	9.20000000	0.02968465	0.00000000
C14	c	0.93667316	0.57802781	0.09770749	1.30000000	9.30000000	0.02255400	0.00000000
C15	c	0.89754609	0.56696846	0.15852831	1.40000000	9.40000000	0.01201083	0.00000000
C16	c	0.70180966	0.82900822	0.19223839	1.50000000	9.50000000	0.02091222	0.00000000
C17	c	0.46363469	0.63546848	0.19831792	1.60000000	9.60000000	0.01239582	0.00000000
C18	c	0.38935823	0.43830936	0.06899381	1.70000000	9.70000000	0.01276807	0.00000000
C19	c	0.57796381	0.88275592	0.23217348	1.80000000	9.80000000	0.02395950	0.00000000
C20	c	0.28669689	0.54545112	0.18511478	1.90000000	9.90000000	0.02724345	0.00000000
C21	c	0.68508528	0.95703639	0.15462169	2.00000000	10.00000000	0.02418444	0.00000000
C22	c	0.97913297	0.34701486	0.18009782	2.00000000	10.00000000	0.02006766	0.00000000
C23	c	0.16702467	0.78725823	0.20972412	2.00000000	10.00000000	0.02868451	0.00000000
C24	c	0.33469271	0.02535038	0.12462360	2.00000000	10.00000000	0.02215238	0.00000000
C25	c	0.58080114	0.46674565	0.16464605	2.00000000	10.00000000	0.02309148	0.00000000
C26	c	0.98815237	0.98423234	0.10732359	2.00000000	10.00000000	0.01117310	0.00000000
C27	c	0.62770021	0.10054153	0.11872498	2.00000000	10.00000000	0.01392738	0.00000000
C28	c	0.54561082	0.11979091	0.15125242	2.00000000	10.00000000	0.02129086	0.00000000
C29	c	0.13840340	0.69797484	0.22224270	2.00000000	10.00000000	0.02114482	0.00000000
C30	c	0.86217241	0.70922215	0.08341235	2.00000000	10.00000000	0.01195914	0.00000000

Q Vehicle fuel tank capacity /0.40000000/
C Vehicle load capacity /1.50000000/
r fuel consumption rate /0.25000000/
g inverse refueling rate /1.00000000/
v average Velocity /1.00000000/
