StringID	Type	x	y	demand	ReadyTime	DueDate	ServiceTime	altitude
D0	d	0.50000000	0.50000000	0.00000000	0.00000000	10.00000000	0.00000000	0.00000000
S0	f	0.06227670	0.93024638	0.00000000	0.00000000	10.00000000	0.00000000	0.00000000
S1	f	0.23268450	0.88167232	0.00000000	0.00000000	10.00000000	0.00000000	0.00000000
S2	f	0.86034917	0.56451272	0.00000000	0.00000000	10.00000000	0.00000000	0.00000000
S3	f	0.66115974	0.11815547	0.00000000	0.00000000	10.00000000	0.00000000	0.00000000
S4	f	0.08639275	0.31308879	0.00000000	0.00000000	10.00000000	0.00000000	0.00000000
S5	f	0.33186071	0.85345637	0.00000000	0.00000000	10.00000000	0.00000000	0.00000000
S6	f	0.01976647	0.25078166	0.00000000	0.00000000	10.00000000	0.00000000	0.00000000
S7	f	0.11304738	0.79280749	0.00000000	0.00000000	10.00000000	0.00000000	0.00000000
S8	f	0.86245121	0.73198716	0.00000000	0.00000000	10.00000000	0.00000000	0.00000000
S9	f	0.61895138	0.76093493	0.00000000	0.00000000	10.00000000	0.00000000	0.00000000
C1	c	0.07606950	0.98549020	0.10231563	0.00000000	8.00000000	0.01035728	0.00000000
C2	c	0.00000000	0.95180228	0.10321832	0.06000000	8.06000000	0.02203016	0.00000000
C3	c	0.04929349	0.88035493	0.13592561	0.12000000	8.12000000	0.01246073	0.00000000
C4	c	0.21749469	0.48225122	0.05448427	0.18000000	8.18000000	0.02022527	0.00000000
C5	c	0.27664724	0.53688833	0.02705649	0.24000000	8.24000000	0.01250766	0.00000000
C6	c	0.24632045	0.54843974	0.16718685	0.30000000	8.30000000	0.01724110	0.00000000
C7	c	0.15004074	0.55164054	0.01537310	0.36000000	8.36000000	0.01056228	0.00000000
C8	c	0.31238161	0.63844391	0.02165427	0.42000000	8.42000000	0.02608115	0.00000000
C9	c	0.17777390	0.54690639	0.08145989	0.48000000	8.48000000	0.01288943	0.00000000
C10	c	0.21546887	0.51431442	0.14521989	0.54000000	8.54000000	0.01032570	0.00000000
C11	c	0.25921499	0.52795319	0.01432637	0.60000000	8.60000000	0.02892136	0.00000000
C12	c	0.39873108	0.28989877	0.01471063	0.66000000	8.66000000	0.01556213	0.00000000
C13	c	0.29724073	0.36500733	0.12942361	0.72000000	8.72000000	0.02906178	0.00000000
C14	c	0.33698749	0.40228237	0.08324997	0.78000000	8.78000000	0.01814301	0.00000000
C15	c	0.29916388	0.31133908	0.10044110	0.84000000	8.84000000	0.01382312	0.00000000
C16	c	0.35468510	0.27550795	0.02517820	0.90000000	8.90000000	0.02749011	0.00000000
C17	c	0.28484169	0.30767218	0.15799784	0.96000000	8.96000000	0.01909652	0.00000000
C18	c	0.28398786	0.29551346	0.14684138	1.02000000	9.02000000	0.01291407	0.00000000
C19	c	0.58545214	0.45397861	0.09650425	1.08000000	9.08000000	0.01386291	0.00000000
C20	c	0.56581206	0.39148629	0.08229155	1.14000000	9.14000000	0.01175853	0.00000000
C21	c	0.49028385	0.43650860	0.03388795	1.20000000	9.20000000	0.01809767	0.00000000
C22	c	0.56583504	0.45011401	0.16415667	1.26000000	9.26000000	0.01630980	0.00000000
C23	c	0.72182692	0.36747714	0.17006382	1.32000000	9.32000000	0.01848618	0.00000000
C24	c	0.74209844	0.37478303	0.11934110	1.38000000	9.38000000	0.02406403	0.00000000
C25	c	0.81550428	0.32374234	0.07462348	1.44000000	9.44000000	0.02719051	0.00000000
C26	c	0.90796766	0.47733896	0.03866344	1.50000000	9.50000000	0.01364027	0.00000000
C27	c	0.85197872	0.68483749	0.02785578	1.56000000	9.56000000	0.02965039	0.00000000
C28	c	0.07035327	0.58562480	0.08578935	1.62000000	9.62000000	0.01652065	0.00000000
C29	c	0.55972734	0.80396000	0.07607864	1.68000000	9.68000000	0.01927198	0.00000000
C30	c	0.80961636	0.68905570	0.04032538	1.74000000	9.74000000	0.02423500	0.00000000
C31	c	0.03781415	0.43616345	0.14697853	1.80000000	9.80000000	0.02629746	0.00000000
C32	c	0.48313587	0.37134173	0.07263120	1.86000000	9.86000000	0.02960828	0.00000000
C33	c	0.46842342	0.56010136	0.15954091	1.92000000	9.92000000	0.01840749	0.00000000
C34	c	0.47064003	0.15692005	0.08939270	1.98000000	9.98000000	0.02529653	0.00000000
C35	c	0.01786380	0.60150790	0.15042046	2.00000000	10.00000000	0.01911337	0.00000000
C36	c	0.12303669	0.51126347	0.12319363	2.00000000	10.00000000	0.01880926	0.00000000
C37	c	0.12538305	0.36205519	0.02309586	2.00000000	10.00000000	0.01398771	0.00000000
C38	c	0.02811394	0.80405730	0.10703216	2.00000000	10.00000000	0.01354268	0.00000000
C39	c	0.14447146	0.01628520	0.10281353	2.00000000	10.00000000	0.01013434	0.00000000
C40	c	0.94606783	0.27810672	0.14259835	2.00000000	10.00000000	0.02914559	0.00000000
C41	c	0.95308895	0.40715052	0.14351976	2.00000000	10.00000000	0.01199970	0.00000000
C42	c	0.19115619	0.87450558	0.12388076	2.00000000	10.00000000	0.02771711	0.00000000
C43	c	0.19314540	0.08792639	0.01779533	2.00000000	10.00000000	0.02022104	0.00000000
C44	c	0.42430882	0.70320128	0.08268532	2.00000000	10.00000000	0.02527100	0.00000000
C45	c	0.85952552	0.18201344	0.09033700	2.00000000	10.00000000	0.02992735	0.00000000
C46	c	0.98251957	0.32603231	0.07212604	2.00000000	10.00000000	0.01031886	0.00000000
C47	c	0.46359880	0.71174996	0.08794038	2.00000000	10.00000000	0.02590343	0.00000000
C48	c	0.81487297	0.98041422	0.10287446	2.00000000	10.00000000	0.01105082	0.00000000
C49	c	0.42037437	0.76482638	0.08830146	2.00000000	10.00000000	0.01720347	0.00000000
C50	c	0.19938526	0.17713400	0.03719735	2.00000000	10.00000000	0.02670262	0.00000000

Q Vehicle fuel tank capacity /0.40000000/
C Vehicle load capacity /1.50000000/
r fuel consumption rate /0.25000000/
g inverse refueling rate /1.00000000/
v average Velocity /1.00000000/
