StringID	Type	x	y	demand	ReadyTime	DueDate	ServiceTime	altitude
D0	d	0.50000000	0.50000000	0.00000000	0.00000000	10.00000000	0.00000000	0.00000000
S0	f	0.85422092	0.05157989	0.00000000	0.00000000	10.00000000	0.00000000	0.00000000
S1	f	0.67214682	0.88635779	0.00000000	0.00000000	10.00000000	0.00000000	0.00000000
S2	f	0.60028856	0.29428394	0.00000000	0.00000000	10.00000000	0.00000000	0.00000000
S3	f	0.56750107	0.33817634	0.00000000	0.00000000	10.00000000	0.00000000	0.00000000
S4	f	0.41481373	0.80488513	0.00000000	0.00000000	10.00000000	0.00000000	0.00000000
S5	f	0.78740157	0.23126793	0.00000000	0.00000000	10.00000000	0.00000000	0.00000000
S6	f	0.71756485	0.04570355	0.00000000	0.00000000	10.00000000	0.00000000	0.00000000
S7	f	0.79250189	0.99790291	0.00000000	0.00000000	10.00000000	0.00000000	0.00000000
S8	f	0.34802116	0.74877741	0.00000000	0.00000000	10.00000000	0.00000000	0.00000000
S9	f	0.31793716	0.20200750	0.00000000	0.00000000	10.00000000	0.00000000	0.00000000
C1	c	0.93093158	0.88457752	0.08517623	0.00000000	8.00000000	0.01998180	0.00000000
C2	c	0.99477532	0.94394629	0.12299301	0.06000000	8.06000000	0.02024415	0.00000000
C3	c	0.14321784	0.27725864	0.15508710	0.12000000	8.12000000	0.02067491	0.00000000
C4	c	0.29596104	0.31951898	0.09014815	0.18000000	8.18000000	0.02643872	0.00000000
C5	c	0.52790917	0.59953225	0.01942698	0.24000000	8.24000000	0.02058768	0.00000000
C6	c	0.11465301	0.93236375	0.14251187	0.30000000	8.30000000	0.01319229	0.00000000
C7	c	0.76728918	0.79458935	0.14408613	0.36000000	8.36000000	0.01719459	0.00000000
C8	c	0.36322308	0.26243267	0.08221792	0.42000000	8.42000000	0.02013566	0.00000000
C9	c	0.05451050	0.43722449	0.09741879	0.48000000	8.48000000	0.02842322	0.00000000
C10	c	0.97322341	0.21999176	0.03329682	0.54000000	8.54000000	0.02124005	0.00000000
C11	c	0.60559941	0.59647268	0.08206812	0.60000000	8.60000000	0.01587619	0.00000000
C12	c	0.73689218	0.46602695	0.17275543	0.66000000	8.66000000	0.02251338	0.00000000
C13	c	0.18840668	0.01767314	0.01207607	0.72000000	8.72000000	0.02843679	0.00000000
C14	c	0.69850477	0.80170098	0.11595791	0.78000000	8.78000000	0.02485692	0.00000000
C15	c	0.39361183	0.89741638	0.08320634	0.84000000	8.84000000	0.01017153	0.00000000
C16	c	0.29739069	0.39858157	0.03260178	0.90000000	8.90000000	0.02020118	0.00000000
C17	c	0.46477857	0.71876103	0.12554329	0.96000000	8.96000000	0.02327702	0.00000000
C18	c	0.85422092	0.05157989	0.01190870	1.02000000	9.02000000	0.02132548	0.00000000
C19	c	0.30458525	0.81242517	0.02954636	1.08000000	9.08000000	0.01417744	0.00000000
C20	c	0.72203469	0.64375197	0.07635371	1.14000000	9.14000000	0.01231198	0.00000000
C21	c	0.87122060	0.46377325	0.11139750	1.20000000	9.20000000	0.02622280	0.00000000
C22	c	0.95578729	0.36446234	0.15051488	1.26000000	9.26000000	0.01970174	0.00000000
C23	c	0.37190373	0.34271848	0.03691153	1.32000000	9.32000000	0.02710191	0.00000000
C24	c	0.65658339	0.68340008	0.02147246	1.38000000	9.38000000	0.01967334	0.00000000
C25	c	0.24433806	0.87771013	0.07488940	1.44000000	9.44000000	0.02067595	0.00000000
C26	c	0.72598856	0.34046427	0.02646589	1.50000000	9.50000000	0.02447624	0.00000000
C27	c	0.66902731	0.49220495	0.14215137	1.56000000	9.56000000	0.01051784	0.00000000
C28	c	0.37593575	0.48574214	0.07187746	1.62000000	9.62000000	0.02422960	0.00000000
C29	c	0.61880064	0.08871582	0.08255849	1.68000000	9.68000000	0.02411568	0.00000000
C30	c	0.66205253	0.83909475	0.16694507	1.74000000	9.74000000	0.02112960	0.00000000
C31	c	0.15535430	0.39846153	0.10380990	1.80000000	9.80000000	0.01551169	0.00000000
C32	c	0.83224626	0.99082220	0.04558933	1.86000000	9.86000000	0.01685914	0.00000000
C33	c	0.66262478	0.44627434	0.09306272	1.92000000	9.92000000	0.02025585	0.00000000
C34	c	0.52390311	0.39685793	0.08731701	1.98000000	9.98000000	0.02587088	0.00000000
C35	c	0.67214682	0.88635779	0.17376079	2.00000000	10.00000000	0.02487255	0.00000000
C36	c	0.86231196	0.88136367	0.01594079	2.00000000	10.00000000	0.01101328	0.00000000
C37	c	0.66715596	0.04377859	0.03051870	2.00000000	10.00000000	0.02062722	0.00000000
C38	c	0.52835356	0.22294645	0.11084883	2.00000000	10.00000000	0.01080591	0.00000000
C39	c	0.25795977	0.82595005	0.15951803	2.00000000	10.00000000	0.01877416	0.00000000
C40	c	0.71644399	0.57131484	0.06017009	2.00000000	10.00000000	0.01806168	0.00000000
C41	c	0.22557844	0.12507145	0.12823676	2.00000000	10.00000000	0.01830821	0.00000000
C42	c	0.53845137	0.13239814	0.11491486	2.00000000	10.00000000	0.02086453	0.00000000
C43	c	0.79715417	0.18426027	0.16455442	2.00000000	10.00000000	0.01501243	0.00000000
C44	c	0.20302074	0.87747859	0.10965093	2.00000000	10.00000000	0.01070936	0.00000000
C45	c	0.60784779	0.17129378	0.14427801	2.00000000	10.00000000	0.02248007	0.00000000
C46	c	0.80864425	0.52557475	0.03184150	2.00000000	10.00000000	0.02809876	0.00000000
C47	c	0.33586488	0.90391081	0.10047209	2.00000000	10.00000000	0.01134092	0.00000000
C48	c	0.32512565	0.13690380	0.06368410	2.00000000	10.00000000	0.02177347	0.00000000
C49	c	0.19712524	0.62782215	0.04753877	2.00000000	10.00000000	0.01259230	0.00000000
C50	c	0.06508374	0.79384215	0.11472760	2.00000000	10.00000000	0.02310816	0.00000000

Q Vehicle fuel tank capacity /0.40000000/
C Vehicle load capacity /1.50000000/
r fuel consumption rate /0.25000000/
g inverse refueling rate /1.00000000/
v average Velocity /1.00000000/
