StringID	Type	x	y	demand	ReadyTime	DueDate	ServiceTime	altitude
D0	d	0.50000000	0.50000000	0.00000000	0.00000000	10.00000000	0.00000000	0.00000000
S0	f	0.00923084	0.96963796	0.00000000	0.00000000	10.00000000	0.00000000	0.00000000
S1	f	0.86202173	0.77835368	0.00000000	0.00000000	10.00000000	0.00000000	0.00000000
S2	f	0.35689337	0.95619137	0.00000000	0.00000000	10.00000000	0.00000000	0.00000000
S3	f	0.45990937	0.09037323	0.00000000	0.00000000	10.00000000	0.00000000	0.00000000
S4	f	0.04052343	0.46694481	0.00000000	0.00000000	10.00000000	0.00000000	0.00000000
S5	f	0.27524670	0.22761457	0.00000000	0.00000000	10.00000000	0.00000000	0.00000000
C1	c	0.79878958	0.17414430	0.16388580	0.00000000	8.00000000	0.02564947	0.00000000
C2	c	0.64208306	0.77403225	0.16665210	0.10000000	8.10000000	0.01901260	0.00000000
C3	c	0.27614867	0.09973384	0.25878408	0.20000000	8.20000000	0.01863654	0.00000000
C4	c	0.01420257	0.11629445	0.10627054	0.30000000	8.30000000	0.01294543	0.00000000
C5	c	0.48496989	0.35159419	0.24012848	0.40000000	8.40000000	0.02832437	0.00000000
C6	c	0.47563539	0.74081538	0.17183322	0.50000000	8.50000000	0.02897279	0.00000000
C7	c	0.05569338	0.00064662	0.02882295	0.60000000	8.60000000	0.02286581	0.00000000
C8	c	0.14549823	0.79647335	0.08613332	0.70000000	8.70000000	0.02878108	0.00000000
C9	c	0.76665145	0.97207543	0.08613286	0.80000000	8.80000000	0.01019747	0.00000000
C10	c	0.28688342	0.64964594	0.09705276	0.90000000	8.90000000	0.01744151	0.00000000
C11	c	0.75401995	0.76371843	0.10845788	1.00000000	9.00000000	0.01139792	0.00000000
C12	c	0.49980044	0.09569113	0.06198538	1.10000000	9.10000000	0.01185833	0.00000000
C13	c	0.89569800	0.47771535	0.20331188	1.20000000	9.20000000	0.01834281	0.00000000
C14	c	0.90955000	0.89574723	0.02307987	1.30000000	9.30000000	0.02078413	0.00000000
C15	c	0.52447941	0.81044317	0.13977280	1.40000000	9.40000000	0.02150815	0.00000000
C16	c	0.66163064	0.49586408	0.09701327	1.50000000	9.50000000	0.02872022	0.00000000
C17	c	0.64488817	0.03277845	0.23284180	1.60000000	9.60000000	0.01936818	0.00000000
C18	c	0.67435653	0.36545898	0.09208533	1.70000000	9.70000000	0.01941917	0.00000000
C19	c	0.00923084	0.96963796	0.26460986	1.80000000	9.80000000	0.02003572	0.00000000
C20	c	0.82613817	0.64130568	0.18079361	1.90000000	9.90000000	0.02808885	0.00000000
C21	c	0.42379731	0.33633906	0.19075564	2.00000000	10.00000000	0.02845319	0.00000000
C22	c	0.43633114	0.47721195	0.15618827	2.00000000	10.00000000	0.01920439	0.00000000
C23	c	0.36473508	0.16344913	0.08761091	2.00000000	10.00000000	0.02881203	0.00000000
C24	c	0.03534595	0.31096698	0.02658953	2.00000000	10.00000000	0.02423967	0.00000000
C25	c	0.64618018	0.44619932	0.08732612	2.00000000	10.00000000	0.02109367	0.00000000
C26	c	0.32654373	0.42182544	0.24553096	2.00000000	10.00000000	0.02038688	0.00000000
C27	c	0.42577923	0.79907333	0.25362205	2.00000000	10.00000000	0.02296255	0.00000000
C28	c	0.56269711	0.54728498	0.16652765	2.00000000	10.00000000	0.02197159	0.00000000
C29	c	0.50153214	0.59504914	0.21855656	2.00000000	10.00000000	0.01877094	0.00000000
C30	c	0.15436991	0.20799723	0.25764452	2.00000000	10.00000000	0.02677561	0.00000000

Q Vehicle fuel tank capacity /0.40000000/
C Vehicle load capacity /1.50000000/
r fuel consumption rate /0.25000000/
g inverse refueling rate /1.00000000/
v average Velocity /1.00000000/
