StringID	Type	x	y	demand	ReadyTime	DueDate	ServiceTime	altitude
D0	d	0.50000000	0.50000000	0.00000000	0.00000000	10.00000000	0.00000000	0.00000000
S0	f	0.18383482	0.83017377	0.00000000	0.00000000	10.00000000	0.00000000	0.00000000
S1	f	0.58321256	0.87158911	0.00000000	0.00000000	10.00000000	0.00000000	0.00000000
S2	f	0.63844214	0.03013364	0.00000000	0.00000000	10.00000000	0.00000000	0.00000000
S3	f	0.21024281	0.33751238	0.00000000	0.00000000	10.00000000	0.00000000	0.00000000
S4	f	0.17775259	0.61156179	0.00000000	0.00000000	10.00000000	0.00000000	0.00000000
S5	f	0.45093495	0.17973527	0.00000000	0.00000000	10.00000000	0.00000000	0.00000000
C1	c	0.56786389	0.37233792	0.08110102	0.00000000	8.00000000	0.01232653	0.00000000
C2	c	0.13286954	0.29960867	0.03079226	0.10000000	8.10000000	0.02579528	0.00000000
C3	c	0.00821189	0.36883661	0.05373677	0.20000000	8.20000000	0.02187426	0.00000000
C4	c	0.12202901	0.75580374	0.08815186	0.30000000	8.30000000	0.02490131	0.00000000
C5	c	0.05294105	0.04832086	0.08029345	0.40000000	8.40000000	0.01096570	0.00000000
C6	c	0.48479200	0.77652856	0.20145716	0.50000000	8.50000000	0.02448416	0.00000000
C7	c	0.46915964	0.93133900	0.19724597	0.60000000	8.60000000	0.02586184	0.00000000
C8	c	0.84051314	0.99558797	0.24025963	0.70000000	8.70000000	0.01100790	0.00000000
C9	c	0.94458914	0.97320890	0.12286360	0.80000000	8.80000000	0.01760293	0.00000000
C10	c	0.91938848	0.54641775	0.02076013	0.90000000	8.90000000	0.02942364	0.00000000
C11	c	0.68526239	0.66794006	0.22620746	1.00000000	9.00000000	0.02760503	0.00000000
C12	c	0.34825037	0.63719378	0.15982903	1.10000000	9.10000000	0.01122674	0.00000000
C13	c	0.35524037	0.01509050	0.19054688	1.20000000	9.20000000	0.02297497	0.00000000
C14	c	0.05560251	0.23979803	0.16433351	1.30000000	9.30000000	0.02001488	0.00000000
C15	c	0.17053070	0.35250033	0.24408745	1.40000000	9.40000000	0.02022469	0.00000000
C16	c	0.05995532	0.79546443	0.24961045	1.50000000	9.50000000	0.01455229	0.00000000
C17	c	0.18309967	0.10586165	0.03135019	1.60000000	9.60000000	0.02121987	0.00000000
C18	c	0.24340642	0.26413192	0.24853469	1.70000000	9.70000000	0.02210264	0.00000000
C19	c	0.26314707	0.56048467	0.21421712	1.80000000	9.80000000	0.01285109	0.00000000
C20	c	0.18383482	0.83017377	0.06573631	1.90000000	9.90000000	0.02039456	0.00000000
C21	c	0.82721845	0.36682079	0.23395696	2.00000000	10.00000000	0.02587739	0.00000000
C22	c	0.84583948	0.05500577	0.18861798	2.00000000	10.00000000	0.02376512	0.00000000
C23	c	0.67599107	0.23892951	0.02682435	2.00000000	10.00000000	0.02402998	0.00000000
C24	c	0.66461161	0.49628065	0.23181868	2.00000000	10.00000000	0.02136779	0.00000000
C25	c	0.02433432	0.85377486	0.22641793	2.00000000	10.00000000	0.02242451	0.00000000
C26	c	0.87888779	0.68642471	0.02652712	2.00000000	10.00000000	0.02478190	0.00000000
C27	c	0.38116938	0.68560731	0.22466418	2.00000000	10.00000000	0.02768651	0.00000000
C28	c	0.22561427	0.76930456	0.09768135	2.00000000	10.00000000	0.02608564	0.00000000
C29	c	0.39567125	0.06180483	0.19848404	2.00000000	10.00000000	0.02362532	0.00000000
C30	c	0.65861397	0.56854469	0.13389247	2.00000000	10.00000000	0.01300909	0.00000000

Q Vehicle fuel tank capacity /0.40000000/
C Vehicle load capacity /1.50000000/
r fuel consumption rate /0.25000000/
g inverse refueling rate /1.00000000/
v average Velocity /1.00000000/
