StringID	Type	x	y	demand	ReadyTime	DueDate	ServiceTime	altitude
D0	d	0.50000000	0.50000000	0.00000000	0.00000000	10.00000000	0.00000000	0.00000000
S0	f	0.75570052	0.76736279	0.00000000	0.00000000	10.00000000	0.00000000	0.00000000
S1	f	0.11820169	0.62798959	0.00000000	0.00000000	10.00000000	0.00000000	0.00000000
S2	f	0.10795402	0.47431695	0.00000000	0.00000000	10.00000000	0.00000000	0.00000000
S3	f	0.19167110	0.72563088	0.00000000	0.00000000	10.00000000	0.00000000	0.00000000
S4	f	0.06247864	0.70729616	0.00000000	0.00000000	10.00000000	0.00000000	0.00000000
S5	f	0.19998282	0.01882688	0.00000000	0.00000000	10.00000000	0.00000000	0.00000000
C1	c	0.33457090	0.97361904	0.16129380	0.00000000	8.00000000	0.01984554	0.00000000
C2	c	0.00148608	0.80182882	0.11356630	0.10000000	8.10000000	0.02456076	0.00000000
C3	c	0.30073507	0.20322240	0.18153800	0.20000000	8.20000000	0.02318890	0.00000000
C4	c	0.39432650	0.82634246	0.27013112	0.30000000	8.30000000	0.01926037	0.00000000
C5	c	0.62765824	0.72963266	0.10198784	0.40000000	8.40000000	0.02473404	0.00000000
C6	c	0.75894298	0.65144666	0.03159131	0.50000000	8.50000000	0.02876297	0.00000000
C7	c	0.92439426	0.90872999	0.05282552	0.60000000	8.60000000	0.02970574	0.00000000
C8	c	0.99878953	0.79520034	0.18602832	0.70000000	8.70000000	0.01692978	0.00000000
C9	c	0.90733688	0.68426784	0.06759362	0.80000000	8.80000000	0.01680405	0.00000000
C10	c	0.47365581	0.33763262	0.23777769	0.90000000	8.90000000	0.02639179	0.00000000
C11	c	0.80638084	0.88721050	0.14117225	1.00000000	9.00000000	0.01754370	0.00000000
C12	c	0.87033859	0.25227132	0.12264593	1.10000000	9.10000000	0.02073353	0.00000000
C13	c	0.81257162	0.48845085	0.25620536	1.20000000	9.20000000	0.02537688	0.00000000
C14	c	0.35351784	0.51518325	0.27006927	1.30000000	9.30000000	0.02509296	0.00000000
C15	c	0.65548381	0.13347815	0.12505227	1.40000000	9.40000000	0.02983533	0.00000000
C16	c	0.49915718	0.84071193	0.12143530	1.50000000	9.50000000	0.02323539	0.00000000
C17	c	0.72833490	0.59285854	0.25907042	1.60000000	9.60000000	0.01459762	0.00000000
C18	c	0.25560894	0.27327514	0.16783063	1.70000000	9.70000000	0.01320299	0.00000000
C19	c	0.75570052	0.76736279	0.20570673	1.80000000	9.80000000	0.01788820	0.00000000
C20	c	0.89885152	0.16184018	0.06757322	1.90000000	9.90000000	0.02339970	0.00000000
C21	c	0.77427582	0.96430768	0.01874632	2.00000000	10.00000000	0.02371907	0.00000000
C22	c	0.27245487	0.49588974	0.21683757	2.00000000	10.00000000	0.02587676	0.00000000
C23	c	0.95997644	0.06359679	0.04658278	2.00000000	10.00000000	0.01737740	0.00000000
C24	c	0.68403315	0.48894085	0.12041925	2.00000000	10.00000000	0.02593710	0.00000000
C25	c	0.32976310	0.72718056	0.22088119	2.00000000	10.00000000	0.01146012	0.00000000
C26	c	0.13874016	0.50513683	0.18627370	2.00000000	10.00000000	0.02180844	0.00000000
C27	c	0.88773236	0.40257981	0.08969621	2.00000000	10.00000000	0.02992449	0.00000000
C28	c	0.72163803	0.12225595	0.20595882	2.00000000	10.00000000	0.02282403	0.00000000
C29	c	0.76519816	0.23328290	0.03628219	2.00000000	10.00000000	0.02108700	0.00000000
C30	c	0.96049303	0.22097613	0.21722710	2.00000000	10.00000000	0.01608229	0.00000000

Q Vehicle fuel tank capacity /0.40000000/
C Vehicle load capacity /1.50000000/
r fuel consumption rate /0.25000000/
g inverse refueling rate /1.00000000/
v average Velocity /1.00000000/
