StringID	Type	x	y	demand	ReadyTime	DueDate	ServiceTime	altitude
D0	d	0.50000000	0.50000000	0.00000000	0.00000000	10.00000000	0.00000000	0.00000000
S0	f	0.64628553	0.14489425	0.00000000	0.00000000	10.00000000	0.00000000	0.00000000
S1	f	0.66931618	0.88335928	0.00000000	0.00000000	10.00000000	0.00000000	0.00000000
S2	f	0.15770084	0.01356193	0.00000000	0.00000000	10.00000000	0.00000000	0.00000000
S3	f	0.88185266	0.20514397	0.00000000	0.00000000	10.00000000	0.00000000	0.00000000
S4	f	0.37405813	0.81395343	0.00000000	0.00000000	10.00000000	0.00000000	0.00000000
S5	f	0.82233339	0.83755852	0.00000000	0.00000000	10.00000000	0.00000000	0.00000000
S6	f	0.72986804	0.19843666	0.00000000	0.00000000	10.00000000	0.00000000	0.00000000
S7	f	0.38740357	0.35905290	0.00000000	0.00000000	10.00000000	0.00000000	0.00000000
S8	f	0.53343531	0.42139664	0.00000000	0.00000000	10.00000000	0.00000000	0.00000000
S9	f	0.85053453	0.91817469	0.00000000	0.00000000	10.00000000	0.00000000	0.00000000
C1	c	0.45340307	0.78912930	0.08596633	0.00000000	8.00000000	0.01983757	0.00000000
C2	c	0.43933962	0.85232572	0.05804557	0.06000000	8.06000000	0.01054437	0.00000000
C3	c	0.44099613	0.74474225	0.04410015	0.12000000	8.12000000	0.02835722	0.00000000
C4	c	0.54186534	0.74206844	0.09881819	0.18000000	8.18000000	0.02092410	0.00000000
C5	c	0.39540906	0.85656938	0.07441252	0.24000000	8.24000000	0.01544834	0.00000000
C6	c	0.38657280	0.87488705	0.06483416	0.30000000	8.30000000	0.02522487	0.00000000
C7	c	0.96539404	0.03387579	0.14410965	0.36000000	8.36000000	0.02589118	0.00000000
C8	c	0.96126512	0.02481932	0.07409807	0.42000000	8.42000000	0.01469472	0.00000000
C9	c	1.00000000	0.03199970	0.07703460	0.48000000	8.48000000	0.01110985	0.00000000
C10	c	0.69103933	0.30589996	0.13592770	0.54000000	8.54000000	0.01543390	0.00000000
C11	c	0.60834509	0.36126010	0.12078070	0.60000000	8.60000000	0.01491565	0.00000000
C12	c	0.66322368	0.37847372	0.08191136	0.66000000	8.66000000	0.01993842	0.00000000
C13	c	0.61025119	0.34788203	0.10415230	0.72000000	8.72000000	0.01503851	0.00000000
C14	c	0.63749500	0.33250025	0.07167161	0.78000000	8.78000000	0.01025167	0.00000000
C15	c	0.70446620	0.37605639	0.05246468	0.84000000	8.84000000	0.02401261	0.00000000
C16	c	0.61623468	0.85238818	0.09989440	0.90000000	8.90000000	0.01247322	0.00000000
C17	c	0.62863852	0.78638931	0.16500735	0.96000000	8.96000000	0.01223448	0.00000000
C18	c	0.67282641	0.70728562	0.02657549	1.02000000	9.02000000	0.01748189	0.00000000
C19	c	0.53194784	0.83504878	0.07195360	1.08000000	9.08000000	0.01723420	0.00000000
C20	c	0.59464365	0.78301603	0.06886222	1.14000000	9.14000000	0.02945255	0.00000000
C21	c	0.61468658	0.69416856	0.14607269	1.20000000	9.20000000	0.01213246	0.00000000
C22	c	0.61416133	0.72750809	0.13700880	1.26000000	9.26000000	0.02451080	0.00000000
C23	c	0.93921206	0.99491172	0.07659029	1.32000000	9.32000000	0.02054068	0.00000000
C24	c	0.96877791	0.98317970	0.05077822	1.38000000	9.38000000	0.02440131	0.00000000
C25	c	1.00000000	0.90861674	0.15535794	1.44000000	9.44000000	0.02818577	0.00000000
C26	c	0.23568579	0.43142060	0.16674086	1.50000000	9.50000000	0.01628934	0.00000000
C27	c	0.17414090	0.57717108	0.12443351	1.56000000	9.56000000	0.02071459	0.00000000
C28	c	0.32335472	0.72032308	0.11275655	1.62000000	9.62000000	0.02801838	0.00000000
C29	c	0.20789937	0.60975968	0.07638205	1.68000000	9.68000000	0.01488063	0.00000000
C30	c	0.74833723	0.31308455	0.06015370	1.74000000	9.74000000	0.02983048	0.00000000
C31	c	0.33453333	0.90383482	0.03092984	1.80000000	9.80000000	0.02802709	0.00000000
C32	c	0.61370416	0.21151515	0.08499501	1.86000000	9.86000000	0.02864434	0.00000000
C33	c	0.25368072	0.74199850	0.04958717	1.92000000	9.92000000	0.01587746	0.00000000
C34	c	0.40628785	0.55182868	0.08119083	1.98000000	9.98000000	0.01600486	0.00000000
C35	c	0.49187848	0.02721841	0.03965004	2.00000000	10.00000000	0.02628667	0.00000000
C36	c	0.91786080	0.54620517	0.10472393	2.00000000	10.00000000	0.02984515	0.00000000
C37	c	0.79455897	0.23473594	0.06374234	2.00000000	10.00000000	0.01579591	0.00000000
C38	c	0.05549256	0.27169486	0.12783748	2.00000000	10.00000000	0.01445133	0.00000000
C39	c	0.24578226	0.49692079	0.04510073	2.00000000	10.00000000	0.01127200	0.00000000
C40	c	0.25192549	0.01258359	0.10998574	2.00000000	10.00000000	0.01518012	0.00000000
C41	c	0.70063034	0.12366107	0.13236069	2.00000000	10.00000000	0.02493900	0.00000000
C42	c	0.11172397	0.37409445	0.06208410	2.00000000	10.00000000	0.01517826	0.00000000
C43	c	0.36171012	0.97262735	0.06554725	2.00000000	10.00000000	0.01535287	0.00000000
C44	c	0.10662279	0.72553991	0.15746758	2.00000000	10.00000000	0.01428303	0.00000000
C45	c	0.90928833	0.31446690	0.11062262	2.00000000	10.00000000	0.02190055	0.00000000
C46	c	0.53572933	0.90091882	0.04568454	2.00000000	10.00000000	0.02848422	0.00000000
C47	c	0.24403169	0.99152401	0.05249266	2.00000000	10.00000000	0.02801227	0.00000000
C48	c	0.90135445	0.93221704	0.13133723	2.00000000	10.00000000	0.02511312	0.00000000
C49	c	0.29387315	0.30024293	0.07713285	2.00000000	10.00000000	0.02387512	0.00000000
C50	c	0.81433344	0.99225762	0.10063211	2.00000000	10.00000000	0.02190168	0.00000000

Q Vehicle fuel tank capacity /0.40000000/
C Vehicle load capacity /1.50000000/
r fuel consumption rate /0.25000000/
g inverse refueling rate /1.00000000/
v average Velocity /1.00000000/
