StringID	Type	x	y	demand	ReadyTime	DueDate	ServiceTime	altitude
D0	d	0.50000000	0.50000000	0.00000000	0.00000000	10.00000000	0.00000000	0.00000000
S0	f	0.23900265	0.58058464	0.00000000	0.00000000	10.00000000	0.00000000	0.00000000
S1	f	0.99571910	0.44137383	0.00000000	0.00000000	10.00000000	0.00000000	0.00000000
S2	f	0.24760173	0.39435826	0.00000000	0.00000000	10.00000000	0.00000000	0.00000000
S3	f	0.22291913	0.44366631	0.00000000	0.00000000	10.00000000	0.00000000	0.00000000
S4	f	0.83148903	0.29926522	0.00000000	0.00000000	10.00000000	0.00000000	0.00000000
S5	f	0.05309900	0.37208670	0.00000000	0.00000000	10.00000000	0.00000000	0.00000000
S6	f	0.97046050	0.68080571	0.00000000	0.00000000	10.00000000	0.00000000	0.00000000
S7	f	0.83832460	0.82330154	0.00000000	0.00000000	10.00000000	0.00000000	0.00000000
S8	f	0.24132543	0.85763547	0.00000000	0.00000000	10.00000000	0.00000000	0.00000000
S9	f	0.44618796	0.09344968	0.00000000	0.00000000	10.00000000	0.00000000	0.00000000
C1	c	0.50997765	0.23281743	0.05171994	0.00000000	8.00000000	0.02503096	0.00000000
C2	c	0.64843911	0.36331482	0.11231881	0.06000000	8.06000000	0.02199863	0.00000000
C3	c	0.92834494	0.77617855	0.03557510	0.12000000	8.12000000	0.02327441	0.00000000
C4	c	0.30075914	0.86879052	0.13254768	0.18000000	8.18000000	0.01484786	0.00000000
C5	c	0.78009691	0.70167676	0.12595953	0.24000000	8.24000000	0.02328043	0.00000000
C6	c	0.83961929	0.50616481	0.04313566	0.30000000	8.30000000	0.02689712	0.00000000
C7	c	0.69383797	0.42826219	0.04617119	0.36000000	8.36000000	0.01966630	0.00000000
C8	c	0.74525223	0.40935801	0.01717629	0.42000000	8.42000000	0.01671505	0.00000000
C9	c	0.64346378	0.02250431	0.04329029	0.48000000	8.48000000	0.01899961	0.00000000
C10	c	0.23070782	0.99894535	0.12186546	0.54000000	8.54000000	0.01957492	0.00000000
C11	c	0.99496862	0.47474921	0.12178807	0.60000000	8.60000000	0.01485060	0.00000000
C12	c	0.72347489	0.77451043	0.10080451	0.66000000	8.66000000	0.01026885	0.00000000
C13	c	0.40964534	0.13731785	0.04083395	0.72000000	8.72000000	0.02818936	0.00000000
C14	c	0.28509438	0.60585889	0.15675202	0.78000000	8.78000000	0.01640366	0.00000000
C15	c	0.46943736	0.58554085	0.02584311	0.84000000	8.84000000	0.01323783	0.00000000
C16	c	0.03022048	0.30023394	0.01849432	0.90000000	8.90000000	0.02015040	0.00000000
C17	c	0.53203124	0.67026294	0.12355368	0.96000000	8.96000000	0.02525897	0.00000000
C18	c	0.40527106	0.53821117	0.02593827	1.02000000	9.02000000	0.02136838	0.00000000
C19	c	0.09776829	0.78000083	0.12378116	1.08000000	9.08000000	0.02735557	0.00000000
C20	c	0.23900265	0.58058464	0.08345626	1.14000000	9.14000000	0.01954420	0.00000000
C21	c	0.06451144	0.80686253	0.15739458	1.20000000	9.20000000	0.02696838	0.00000000
C22	c	0.01125900	0.40388183	0.12824054	1.26000000	9.26000000	0.02037284	0.00000000
C23	c	0.89067794	0.70076000	0.12134416	1.32000000	9.32000000	0.01214904	0.00000000
C24	c	0.80890857	0.66932474	0.04118991	1.38000000	9.38000000	0.01093157	0.00000000
C25	c	0.40367814	0.03020536	0.15712218	1.44000000	9.44000000	0.02437283	0.00000000
C26	c	0.29103488	0.96708852	0.04658185	1.50000000	9.50000000	0.02545292	0.00000000
C27	c	0.98074253	0.37858616	0.07241509	1.56000000	9.56000000	0.02593832	0.00000000
C28	c	0.43685103	0.41249937	0.04612688	1.62000000	9.62000000	0.01858468	0.00000000
C29	c	0.63970171	0.23258315	0.10865604	1.68000000	9.68000000	0.01147369	0.00000000
C30	c	0.42017185	0.85609062	0.08578928	1.74000000	9.74000000	0.01190343	0.00000000
C31	c	0.44712285	0.96556608	0.08716929	1.80000000	9.80000000	0.02529612	0.00000000
C32	c	0.99968874	0.74151157	0.15211832	1.86000000	9.86000000	0.02599189	0.00000000
C33	c	0.35582452	0.24843150	0.10877777	1.92000000	9.92000000	0.02960041	0.00000000
C34	c	0.34148733	0.94381550	0.15383036	1.98000000	9.98000000	0.01194518	0.00000000
C35	c	0.94284023	0.93253412	0.06976705	2.00000000	10.00000000	0.01976764	0.00000000
C36	c	0.68295170	0.24485413	0.13885933	2.00000000	10.00000000	0.02132637	0.00000000
C37	c	0.76856921	0.03921800	0.10004250	2.00000000	10.00000000	0.01026774	0.00000000
C38	c	0.97527746	0.26979999	0.10438440	2.00000000	10.00000000	0.02830043	0.00000000
C39	c	0.08661308	0.11776262	0.09672698	2.00000000	10.00000000	0.02404183	0.00000000
C40	c	0.76519447	0.27580511	0.12408779	2.00000000	10.00000000	0.02508824	0.00000000
C41	c	0.07277366	0.64338898	0.13100936	2.00000000	10.00000000	0.02559471	0.00000000
C42	c	0.89743506	0.84753743	0.01464262	2.00000000	10.00000000	0.02121163	0.00000000
C43	c	0.42956682	0.66051885	0.09979036	2.00000000	10.00000000	0.01608737	0.00000000
C44	c	0.04607801	0.68711417	0.11485282	2.00000000	10.00000000	0.01596292	0.00000000
C45	c	0.43009155	0.36081348	0.13271313	2.00000000	10.00000000	0.01448961	0.00000000
C46	c	0.78237815	0.45962756	0.08178300	2.00000000	10.00000000	0.02018053	0.00000000
C47	c	0.17075355	0.07570877	0.02643081	2.00000000	10.00000000	0.01812124	0.00000000
C48	c	0.12070173	0.85635739	0.12782845	2.00000000	10.00000000	0.01161480	0.00000000
C49	c	0.42701670	0.25198422	0.03515567	2.00000000	10.00000000	0.01639829	0.00000000
C50	c	0.89002755	0.94382895	0.08416416	2.00000000	10.00000000	0.02820609	0.00000000

Q Vehicle fuel tank capacity /0.40000000/
C Vehicle load capacity /1.50000000/
r fuel consumption rate /0.25000000/
g inverse refueling rate /1.00000000/
v average Velocity /1.00000000/
