StringID	Type	x	y	demand	ReadyTime	DueDate	ServiceTime	altitude
D0	d	0.50000000	0.50000000	0.00000000	0.00000000	10.00000000	0.00000000	0.00000000
S0	f	0.61741128	0.35155047	0.00000000	0.00000000	10.00000000	0.00000000	0.00000000
S1	f	0.41724332	0.33750858	0.00000000	0.00000000	10.00000000	0.00000000	0.00000000
S2	f	0.19565242	0.58070763	0.00000000	0.00000000	10.00000000	0.00000000	0.00000000
S3	f	0.44056141	0.02818604	0.00000000	0.00000000	10.00000000	0.00000000	0.00000000
S4	f	0.37771699	0.50891877	0.00000000	0.00000000	10.00000000	0.00000000	0.00000000
S5	f	0.92235586	0.67810894	0.00000000	0.00000000	10.00000000	0.00000000	0.00000000
S6	f	0.38062281	0.95198032	0.00000000	0.00000000	10.00000000	0.00000000	0.00000000
S7	f	0.37130455	0.38022735	0.00000000	0.00000000	10.00000000	0.00000000	0.00000000
S8	f	0.96807968	0.03064777	0.00000000	0.00000000	10.00000000	0.00000000	0.00000000
S9	f	0.86479943	0.97367875	0.00000000	0.00000000	10.00000000	0.00000000	0.00000000
C1	c	0.61027188	0.08875154	0.06932005	0.00000000	8.00000000	0.01994506	0.00000000
C2	c	0.61168432	0.13084295	0.11509739	0.06000000	8.06000000	0.01417755	0.00000000
C3	c	0.10638493	0.25032194	0.09299269	0.12000000	8.12000000	0.02319011	0.00000000
C4	c	0.81979012	0.99149576	0.02906647	0.18000000	8.18000000	0.02004865	0.00000000
C5	c	0.57799636	0.70053578	0.02705952	0.24000000	8.24000000	0.01625930	0.00000000
C6	c	0.00510766	0.98628034	0.10314682	0.30000000	8.30000000	0.01614554	0.00000000
C7	c	0.33327275	0.56323591	0.11691231	0.36000000	8.36000000	0.01138119	0.00000000
C8	c	0.68229971	0.41411797	0.08523491	0.42000000	8.42000000	0.02807932	0.00000000
C9	c	0.80418374	0.58378691	0.04852618	0.48000000	8.48000000	0.01154626	0.00000000
C10	c	0.25098640	0.09895591	0.11876838	0.54000000	8.54000000	0.02563701	0.00000000
C11	c	0.34080352	0.43318111	0.04372958	0.60000000	8.60000000	0.01726415	0.00000000
C12	c	0.28793833	0.28812023	0.17794596	0.66000000	8.66000000	0.01936999	0.00000000
C13	c	0.10996029	0.60525165	0.10524851	0.72000000	8.72000000	0.02536833	0.00000000
C14	c	0.95618697	0.37125419	0.11760413	0.78000000	8.78000000	0.02696122	0.00000000
C15	c	0.60790768	0.99053467	0.02647002	0.84000000	8.84000000	0.01474346	0.00000000
C16	c	0.51906342	0.92289704	0.01575131	0.90000000	8.90000000	0.01230184	0.00000000
C17	c	0.20199519	0.17130694	0.06493919	0.96000000	8.96000000	0.02117240	0.00000000
C18	c	0.55851987	0.13045371	0.10631624	1.02000000	9.02000000	0.01747290	0.00000000
C19	c	0.84085748	0.82620176	0.17577170	1.08000000	9.08000000	0.01088277	0.00000000
C20	c	0.61741128	0.35155047	0.04626120	1.14000000	9.14000000	0.02739528	0.00000000
C21	c	0.89949223	0.15281795	0.04820217	1.20000000	9.20000000	0.02124644	0.00000000
C22	c	0.67024710	0.00964219	0.06202759	1.26000000	9.26000000	0.01321375	0.00000000
C23	c	0.05868336	0.63570087	0.05437995	1.32000000	9.32000000	0.01855567	0.00000000
C24	c	0.38214999	0.01132029	0.14871847	1.38000000	9.38000000	0.01859927	0.00000000
C25	c	0.33303186	0.15391568	0.16594133	1.44000000	9.44000000	0.01292524	0.00000000
C26	c	0.04235047	0.92077135	0.11072698	1.50000000	9.50000000	0.01842577	0.00000000
C27	c	0.25397008	0.05803718	0.10411129	1.56000000	9.56000000	0.01243194	0.00000000
C28	c	0.87422684	0.42757246	0.01821575	1.62000000	9.62000000	0.01805670	0.00000000
C29	c	0.92421020	0.23755632	0.05550462	1.68000000	9.68000000	0.01281142	0.00000000
C30	c	0.15616756	0.21265160	0.11189220	1.74000000	9.74000000	0.01828640	0.00000000
C31	c	0.28413894	0.14894933	0.12776240	1.80000000	9.80000000	0.01608932	0.00000000
C32	c	0.82901675	0.02664228	0.05262527	1.86000000	9.86000000	0.01346117	0.00000000
C33	c	0.27372496	0.39593441	0.07607236	1.92000000	9.92000000	0.02229278	0.00000000
C34	c	0.70853789	0.76280582	0.06906931	1.98000000	9.98000000	0.02245148	0.00000000
C35	c	0.39386195	0.20593595	0.06476718	2.00000000	10.00000000	0.02863416	0.00000000
C36	c	0.98230254	0.52315001	0.09781285	2.00000000	10.00000000	0.02186307	0.00000000
C37	c	0.48739791	0.64889831	0.10264322	2.00000000	10.00000000	0.02458734	0.00000000
C38	c	0.50604659	0.80951401	0.13574095	2.00000000	10.00000000	0.02642427	0.00000000
C39	c	0.41724332	0.33750858	0.08816844	2.00000000	10.00000000	0.02412372	0.00000000
C40	c	0.00324456	0.94211421	0.03108949	2.00000000	10.00000000	0.01986040	0.00000000
C41	c	0.98130598	0.77780438	0.14169377	2.00000000	10.00000000	0.01631212	0.00000000
C42	c	0.27437265	0.64255661	0.17577979	2.00000000	10.00000000	0.02288893	0.00000000
C43	c	0.42494003	0.84420294	0.10694233	2.00000000	10.00000000	0.01595987	0.00000000
C44	c	0.97408967	0.19269141	0.16341932	2.00000000	10.00000000	0.02173900	0.00000000
C45	c	0.78636717	0.94983138	0.11401815	2.00000000	10.00000000	0.02169159	0.00000000
C46	c	0.22930285	0.86974858	0.04707367	2.00000000	10.00000000	0.02803970	0.00000000
C47	c	0.84268015	0.77782626	0.07711055	2.00000000	10.00000000	0.01737091	0.00000000
C48	c	0.16591417	0.42939207	0.01800010	2.00000000	10.00000000	0.01342807	0.00000000
C49	c	0.77139611	0.20244646	0.11480437	2.00000000	10.00000000	0.01123326	0.00000000
C50	c	0.19043957	0.89390046	0.12952360	2.00000000	10.00000000	0.01231763	0.00000000

Q Vehicle fuel tank capacity /0.40000000/
C Vehicle load capacity /1.50000000/
r fuel consumption rate /0.25000000/
g inverse refueling rate /1.00000000/
v average Velocity /1.00000000/
