StringID	Type	x	y	demand	ReadyTime	DueDate	ServiceTime	altitude
D0	d	0.50000000	0.50000000	0.00000000	0.00000000	10.00000000	0.00000000	0.00000000
S0	f	0.66164998	0.54796383	0.00000000	0.00000000	10.00000000	0.00000000	0.00000000
S1	f	0.19370717	0.81083938	0.00000000	0.00000000	10.00000000	0.00000000	0.00000000
S2	f	0.77488320	0.36510391	0.00000000	0.00000000	10.00000000	0.00000000	0.00000000
S3	f	0.00816459	0.89492810	0.00000000	0.00000000	10.00000000	0.00000000	0.00000000
S4	f	0.65071751	0.70532703	0.00000000	0.00000000	10.00000000	0.00000000	0.00000000
S5	f	0.76648732	0.71641660	0.00000000	0.00000000	10.00000000	0.00000000	0.00000000
S6	f	0.23342785	0.31810701	0.00000000	0.00000000	10.00000000	0.00000000	0.00000000
S7	f	0.02892984	0.65842370	0.00000000	0.00000000	10.00000000	0.00000000	0.00000000
S8	f	0.24267214	0.15281594	0.00000000	0.00000000	10.00000000	0.00000000	0.00000000
S9	f	0.88667931	0.94621945	0.00000000	0.00000000	10.00000000	0.00000000	0.00000000
C1	c	0.64709941	0.59362635	0.12546504	0.00000000	8.00000000	0.01653893	0.00000000
C2	c	0.86790986	0.12640850	0.01747873	0.06000000	8.06000000	0.02487841	0.00000000
C3	c	0.75717773	0.20653285	0.08089563	0.12000000	8.12000000	0.01510286	0.00000000
C4	c	0.87683266	0.20105883	0.07889364	0.18000000	8.18000000	0.02533637	0.00000000
C5	c	0.81092939	0.13900816	0.12397631	0.24000000	8.24000000	0.02721223	0.00000000
C6	c	0.92986453	0.20558103	0.01768077	0.30000000	8.30000000	0.02656150	0.00000000
C7	c	0.86825654	0.22382091	0.02970161	0.36000000	8.36000000	0.02666334	0.00000000
C8	c	0.82975984	0.19938346	0.09041540	0.42000000	8.42000000	0.02908498	0.00000000
C9	c	0.82669297	0.27971109	0.13244756	0.48000000	8.48000000	0.02274805	0.00000000
C10	c	0.87952768	0.14483958	0.02047062	0.54000000	8.54000000	0.02531488	0.00000000
C11	c	0.25268449	0.38000665	0.01858636	0.60000000	8.60000000	0.01138013	0.00000000
C12	c	0.29204661	0.28807762	0.14859849	0.66000000	8.66000000	0.02571601	0.00000000
C13	c	0.30791911	0.38256906	0.15042352	0.72000000	8.72000000	0.01164781	0.00000000
C14	c	0.21039853	0.37283789	0.14408437	0.78000000	8.78000000	0.01295903	0.00000000
C15	c	0.10458689	0.76785359	0.13786322	0.84000000	8.84000000	0.02522893	0.00000000
C16	c	0.17871734	0.86471450	0.08007871	0.90000000	8.90000000	0.02912642	0.00000000
C17	c	0.28127830	0.81931395	0.07316615	0.96000000	8.96000000	0.02422015	0.00000000
C18	c	0.21787484	0.92360799	0.06140488	1.02000000	9.02000000	0.02865399	0.00000000
C19	c	0.26946310	0.69983082	0.15371730	1.08000000	9.08000000	0.02288286	0.00000000
C20	c	0.13744474	0.73919695	0.04834336	1.14000000	9.14000000	0.02744639	0.00000000
C21	c	0.24749626	0.77217952	0.06983796	1.20000000	9.20000000	0.01250894	0.00000000
C22	c	0.75666277	0.41972303	0.13456689	1.26000000	9.26000000	0.02782299	0.00000000
C23	c	0.75516640	0.30624741	0.10041869	1.32000000	9.32000000	0.02543570	0.00000000
C24	c	0.68844639	0.31130612	0.11829335	1.38000000	9.38000000	0.02198905	0.00000000
C25	c	0.73865473	0.31713939	0.14983632	1.44000000	9.44000000	0.02842384	0.00000000
C26	c	0.55134532	0.33387102	0.09887633	1.50000000	9.50000000	0.01935075	0.00000000
C27	c	0.13281410	0.36886098	0.09238864	1.56000000	9.56000000	0.02861323	0.00000000
C28	c	0.97552825	0.53470168	0.02048254	1.62000000	9.62000000	0.02724844	0.00000000
C29	c	0.03441183	0.71971757	0.14240444	1.68000000	9.68000000	0.02906194	0.00000000
C30	c	0.85193101	0.78784441	0.14846878	1.74000000	9.74000000	0.02608062	0.00000000
C31	c	0.59445387	0.60334425	0.06841835	1.80000000	9.80000000	0.01468793	0.00000000
C32	c	0.32694629	0.74392028	0.13232157	1.86000000	9.86000000	0.02966293	0.00000000
C33	c	0.86061140	0.82807488	0.10084062	1.92000000	9.92000000	0.01540640	0.00000000
C34	c	0.83316719	0.95424903	0.02432924	1.98000000	9.98000000	0.02311471	0.00000000
C35	c	0.63740271	0.76574425	0.06104518	2.00000000	10.00000000	0.02854617	0.00000000
C36	c	0.08239025	0.14795163	0.05990911	2.00000000	10.00000000	0.02348576	0.00000000
C37	c	0.76144631	0.95632096	0.09148216	2.00000000	10.00000000	0.02793293	0.00000000
C38	c	0.71100773	0.93269965	0.05953635	2.00000000	10.00000000	0.01841314	0.00000000
C39	c	0.64414316	0.87231955	0.08537160	2.00000000	10.00000000	0.02200740	0.00000000
C40	c	0.12544685	0.89114928	0.07941533	2.00000000	10.00000000	0.02462412	0.00000000
C41	c	0.77178503	0.59945254	0.03000216	2.00000000	10.00000000	0.01159682	0.00000000
C42	c	0.92119215	0.46753728	0.06467619	2.00000000	10.00000000	0.01467842	0.00000000
C43	c	0.93066153	0.86242221	0.15379237	2.00000000	10.00000000	0.01770273	0.00000000
C44	c	0.95309719	0.80403121	0.08903730	2.00000000	10.00000000	0.02734194	0.00000000
C45	c	0.23439645	0.98314655	0.01554739	2.00000000	10.00000000	0.01432894	0.00000000
C46	c	0.27032009	0.65573559	0.11621515	2.00000000	10.00000000	0.02077155	0.00000000
C47	c	0.92730865	0.67428807	0.13563660	2.00000000	10.00000000	0.02598350	0.00000000
C48	c	0.89664655	0.42065723	0.12622262	2.00000000	10.00000000	0.02183205	0.00000000
C49	c	0.60036975	0.73120609	0.09781458	2.00000000	10.00000000	0.02045343	0.00000000
C50	c	0.07984076	0.23392110	0.09912053	2.00000000	10.00000000	0.01698864	0.00000000

Q Vehicle fuel tank capacity /0.40000000/
C Vehicle load capacity /1.50000000/
r fuel consumption rate /0.25000000/
g inverse refueling rate /1.00000000/
v average Velocity /1.00000000/
