StringID	Type	x	y	demand	ReadyTime	DueDate	ServiceTime	altitude
D0	d	0.50000000	0.50000000	0.00000000	0.00000000	10.00000000	0.00000000	0.00000000
S0	f	0.04601197	0.32547988	0.00000000	0.00000000	10.00000000	0.00000000	0.00000000
S1	f	0.02628937	0.56068425	0.00000000	0.00000000	10.00000000	0.00000000	0.00000000
S2	f	0.49111607	0.05993797	0.00000000	0.00000000	10.00000000	0.00000000	0.00000000
S3	f	0.03901899	0.45584913	0.00000000	0.00000000	10.00000000	0.00000000	0.00000000
S4	f	0.10191747	0.80970894	0.00000000	0.00000000	10.00000000	0.00000000	0.00000000
S5	f	0.13327757	0.31585098	0.00000000	0.00000000	10.00000000	0.00000000	0.00000000
C1	c	0.52759949	0.51469884	0.18212332	0.00000000	8.00000000	0.02800954	0.00000000
C2	c	0.53260790	0.37976267	0.14881574	0.10000000	8.10000000	0.01091165	0.00000000
C3	c	0.44587124	0.37585546	0.18238317	0.20000000	8.20000000	0.01640187	0.00000000
C4	c	0.47888875	0.33471284	0.09445417	0.30000000	8.30000000	0.01786187	0.00000000
C5	c	0.56599114	0.42385835	0.17863631	0.40000000	8.40000000	0.02107536	0.00000000
C6	c	0.35884632	0.85170575	0.16455566	0.50000000	8.50000000	0.01797877	0.00000000
C7	c	0.40855424	0.83520013	0.03456722	0.60000000	8.60000000	0.01686047	0.00000000
C8	c	0.42489238	0.81146629	0.02708084	0.70000000	8.70000000	0.02303501	0.00000000
C9	c	0.29872354	0.78635448	0.09524866	0.80000000	8.80000000	0.01398019	0.00000000
C10	c	0.33236921	0.78880586	0.05421451	0.90000000	8.90000000	0.01813906	0.00000000
C11	c	0.33502335	0.19775471	0.25337358	1.00000000	9.00000000	0.02537633	0.00000000
C12	c	0.37941173	0.24301721	0.24199654	1.10000000	9.10000000	0.01415378	0.00000000
C13	c	0.29185908	0.25651802	0.27046704	1.20000000	9.20000000	0.02456228	0.00000000
C14	c	0.38775147	0.23295744	0.16997190	1.30000000	9.30000000	0.02839399	0.00000000
C15	c	0.29293917	0.30760540	0.04301506	1.40000000	9.40000000	0.01541032	0.00000000
C16	c	0.00687637	0.01277249	0.14278937	1.50000000	9.50000000	0.02139949	0.00000000
C17	c	0.60808767	0.39490986	0.14451518	1.60000000	9.60000000	0.02039061	0.00000000
C18	c	0.84573129	0.04441712	0.25671951	1.70000000	9.70000000	0.02878713	0.00000000
C19	c	0.45926425	0.66023085	0.02127597	1.80000000	9.80000000	0.01475597	0.00000000
C20	c	0.95133085	0.87854526	0.02287799	1.90000000	9.90000000	0.01443000	0.00000000
C21	c	0.91446775	0.04648768	0.18462908	2.00000000	10.00000000	0.02290427	0.00000000
C22	c	0.32009362	0.39309362	0.12670725	2.00000000	10.00000000	0.02170958	0.00000000
C23	c	0.34302367	0.65175042	0.24919843	2.00000000	10.00000000	0.01601949	0.00000000
C24	c	0.19900953	0.40695318	0.03147604	2.00000000	10.00000000	0.02059501	0.00000000
C25	c	0.76881640	0.20768893	0.14419277	2.00000000	10.00000000	0.02096241	0.00000000
C26	c	0.72811405	0.91969969	0.19879673	2.00000000	10.00000000	0.01514354	0.00000000
C27	c	0.27051597	0.56997435	0.27789053	2.00000000	10.00000000	0.02110385	0.00000000
C28	c	0.51953071	0.93935649	0.25811420	2.00000000	10.00000000	0.01903026	0.00000000
C29	c	0.23779849	0.22149994	0.26787458	2.00000000	10.00000000	0.02083098	0.00000000
C30	c	0.64521360	0.58547911	0.03203863	2.00000000	10.00000000	0.01988139	0.00000000

Q Vehicle fuel tank capacity /0.40000000/
C Vehicle load capacity /1.50000000/
r fuel consumption rate /0.25000000/
g inverse refueling rate /1.00000000/
v average Velocity /1.00000000/
