StringID	Type	x	y	demand	ReadyTime	DueDate	ServiceTime	altitude
D0	d	0.50000000	0.50000000	0.00000000	0.00000000	10.00000000	0.00000000	0.00000000
S0	f	0.35116347	0.49449464	0.00000000	0.00000000	10.00000000	0.00000000	0.00000000
S1	f	0.56980678	0.62243139	0.00000000	0.00000000	10.00000000	0.00000000	0.00000000
S2	f	0.04831638	0.48824958	0.00000000	0.00000000	10.00000000	0.00000000	0.00000000
S3	f	0.98096879	0.56562255	0.00000000	0.00000000	10.00000000	0.00000000	0.00000000
S4	f	0.37724396	0.39380811	0.00000000	0.00000000	10.00000000	0.00000000	0.00000000
S5	f	0.20890106	0.89523356	0.00000000	0.00000000	10.00000000	0.00000000	0.00000000
S6	f	0.96762244	0.16775944	0.00000000	0.00000000	10.00000000	0.00000000	0.00000000
S7	f	0.73121468	0.01318479	0.00000000	0.00000000	10.00000000	0.00000000	0.00000000
S8	f	0.42243272	0.54985490	0.00000000	0.00000000	10.00000000	0.00000000	0.00000000
S9	f	0.82984585	0.83154108	0.00000000	0.00000000	10.00000000	0.00000000	0.00000000
C1	c	0.47995937	0.71597390	0.10832827	0.00000000	8.00000000	0.01546918	0.00000000
C2	c	0.36680728	0.66796087	0.06966820	0.06000000	8.06000000	0.02796413	0.00000000
C3	c	0.40659528	0.60655810	0.14667659	0.12000000	8.12000000	0.01487342	0.00000000
C4	c	0.52060047	0.71083574	0.12905013	0.18000000	8.18000000	0.01942091	0.00000000
C5	c	0.46407087	0.75772336	0.07183407	0.24000000	8.24000000	0.01563127	0.00000000
C6	c	0.47977199	0.69139816	0.14559906	0.30000000	8.30000000	0.01057051	0.00000000
C7	c	0.42808938	0.69560742	0.03891842	0.36000000	8.36000000	0.02662645	0.00000000
C8	c	0.40165199	0.68266553	0.12192731	0.42000000	8.42000000	0.01962741	0.00000000
C9	c	0.45796876	0.71542378	0.14406831	0.48000000	8.48000000	0.01900194	0.00000000
C10	c	0.32635477	0.53177880	0.02361134	0.54000000	8.54000000	0.02964554	0.00000000
C11	c	0.33144566	0.57034760	0.09312418	0.60000000	8.60000000	0.02184772	0.00000000
C12	c	0.31593386	0.55228322	0.11456651	0.66000000	8.66000000	0.02668484	0.00000000
C13	c	0.30943619	0.42726285	0.11186391	0.72000000	8.72000000	0.01322209	0.00000000
C14	c	0.61205277	0.67715563	0.12994330	0.78000000	8.78000000	0.01851724	0.00000000
C15	c	0.55451186	0.67920728	0.03991528	0.84000000	8.84000000	0.01863371	0.00000000
C16	c	0.56979178	0.73298488	0.12042457	0.90000000	8.90000000	0.02003999	0.00000000
C17	c	0.09698788	0.51242912	0.01469329	0.96000000	8.96000000	0.02216473	0.00000000
C18	c	0.09450377	0.47808107	0.11389051	1.02000000	9.02000000	0.01972489	0.00000000
C19	c	0.04316775	0.54062686	0.10433368	1.08000000	9.08000000	0.01037481	0.00000000
C20	c	0.00660110	0.51973554	0.15959138	1.14000000	9.14000000	0.02274364	0.00000000
C21	c	0.24772988	0.48963794	0.15195209	1.20000000	9.20000000	0.02783632	0.00000000
C22	c	0.23062478	0.44559752	0.09245886	1.26000000	9.26000000	0.02233239	0.00000000
C23	c	0.29098335	0.37873127	0.01641309	1.32000000	9.32000000	0.02327260	0.00000000
C24	c	0.24492912	0.44743429	0.14473767	1.38000000	9.38000000	0.01821118	0.00000000
C25	c	0.30893568	0.47486157	0.10628101	1.44000000	9.44000000	0.01853253	0.00000000
C26	c	0.78845067	0.49438556	0.09510678	1.50000000	9.50000000	0.02444239	0.00000000
C27	c	0.89921075	0.51290700	0.02770183	1.56000000	9.56000000	0.01207570	0.00000000
C28	c	0.51376372	0.27632601	0.12180961	1.62000000	9.62000000	0.01669484	0.00000000
C29	c	0.68102483	0.08433531	0.03105673	1.68000000	9.68000000	0.02361048	0.00000000
C30	c	0.22546043	0.93187836	0.15696184	1.74000000	9.74000000	0.02975467	0.00000000
C31	c	0.15277240	0.94938063	0.03776424	1.80000000	9.80000000	0.02193695	0.00000000
C32	c	0.27345884	0.89820650	0.14547538	1.86000000	9.86000000	0.02036478	0.00000000
C33	c	0.28156357	0.02852560	0.03872550	1.92000000	9.92000000	0.02386737	0.00000000
C34	c	0.83132239	0.48137032	0.06103813	1.98000000	9.98000000	0.01948550	0.00000000
C35	c	0.45009694	0.98227720	0.02950795	2.00000000	10.00000000	0.01395824	0.00000000
C36	c	0.59238593	0.83424176	0.05146261	2.00000000	10.00000000	0.02178476	0.00000000
C37	c	0.16110469	0.42586202	0.04167059	2.00000000	10.00000000	0.02368507	0.00000000
C38	c	0.43168530	0.50199939	0.04424018	2.00000000	10.00000000	0.02884330	0.00000000
C39	c	0.60823665	0.48624431	0.12881286	2.00000000	10.00000000	0.02602766	0.00000000
C40	c	0.01874049	0.63718190	0.08476089	2.00000000	10.00000000	0.02066779	0.00000000
C41	c	0.89181599	0.61661959	0.14540509	2.00000000	10.00000000	0.01130766	0.00000000
C42	c	0.66362990	0.41055891	0.08753547	2.00000000	10.00000000	0.02885223	0.00000000
C43	c	0.10378492	0.33474180	0.08766381	2.00000000	10.00000000	0.02494777	0.00000000
C44	c	0.68052407	0.98773329	0.05209483	2.00000000	10.00000000	0.01702474	0.00000000
C45	c	0.69336848	0.47427487	0.11272010	2.00000000	10.00000000	0.01283827	0.00000000
C46	c	0.19791190	0.58923819	0.02333396	2.00000000	10.00000000	0.01887580	0.00000000
C47	c	0.68425346	0.94216524	0.04447499	2.00000000	10.00000000	0.02376350	0.00000000
C48	c	0.80138308	0.53338949	0.15029881	2.00000000	10.00000000	0.01437268	0.00000000
C49	c	0.06538308	0.94261132	0.03358607	2.00000000	10.00000000	0.01429413	0.00000000
C50	c	0.74738870	0.35123724	0.15292071	2.00000000	10.00000000	0.01226282	0.00000000

Q Vehicle fuel tank capacity /0.40000000/
C Vehicle load capacity /1.50000000/
r fuel consumption rate /0.25000000/
g inverse refueling rate /1.00000000/
v average Velocity /1.00000000/
