StringID	Type	x	y	demand	ReadyTime	DueDate	ServiceTime	altitude
D0	d	0.50000000	0.50000000	0.00000000	0.00000000	10.00000000	0.00000000	0.00000000
S0	f	0.89720163	0.09913755	0.00000000	0.00000000	10.00000000	0.00000000	0.00000000
S1	f	0.91663338	0.80457494	0.00000000	0.00000000	10.00000000	0.00000000	0.00000000
S2	f	0.60377881	0.46446500	0.00000000	0.00000000	10.00000000	0.00000000	0.00000000
S3	f	0.63168013	0.75952997	0.00000000	0.00000000	10.00000000	0.00000000	0.00000000
S4	f	0.19456645	0.96497786	0.00000000	0.00000000	10.00000000	0.00000000	0.00000000
S5	f	0.88555863	0.66946904	0.00000000	0.00000000	10.00000000	0.00000000	0.00000000
C1	c	0.45304357	0.39453972	0.23097119	0.00000000	8.00000000	0.02410853	0.00000000
C2	c	0.49304701	0.42604435	0.05003225	0.10000000	8.10000000	0.02252950	0.00000000
C3	c	0.44629897	0.35685996	0.25611958	0.20000000	8.20000000	0.01219506	0.00000000
C4	c	0.49812019	0.34243632	0.05941965	0.30000000	8.30000000	0.02565416	0.00000000
C5	c	0.44993075	0.37488727	0.08695257	0.40000000	8.40000000	0.01993029	0.00000000
C6	c	0.40540147	0.42577959	0.22217243	0.50000000	8.50000000	0.01975896	0.00000000
C7	c	0.43569497	0.34886947	0.23280959	0.60000000	8.60000000	0.02918841	0.00000000
C8	c	0.64280048	0.05120647	0.16501599	0.70000000	8.70000000	0.01354161	0.00000000
C9	c	0.58675036	0.11182152	0.22347726	0.80000000	8.80000000	0.02119746	0.00000000
C10	c	0.72681813	0.91844296	0.22629931	0.90000000	8.90000000	0.02747616	0.00000000
C11	c	0.74144793	0.93051638	0.06034966	1.00000000	9.00000000	0.02567045	0.00000000
C12	c	0.72925675	1.00000000	0.22756072	1.10000000	9.10000000	0.02349671	0.00000000
C13	c	0.70921941	0.94207039	0.22354443	1.20000000	9.20000000	0.02410876	0.00000000
C14	c	0.68399853	0.92769030	0.11589486	1.30000000	9.30000000	0.01507922	0.00000000
C15	c	0.66044791	0.81216285	0.15402787	1.40000000	9.40000000	0.02819937	0.00000000
C16	c	0.01884609	0.42340100	0.13479352	1.50000000	9.50000000	0.02866040	0.00000000
C17	c	0.00561561	0.94523043	0.09666262	1.60000000	9.60000000	0.02921126	0.00000000
C18	c	0.75167678	0.77755672	0.19242289	1.70000000	9.70000000	0.02141943	0.00000000
C19	c	0.12497067	0.14389582	0.10275770	1.80000000	9.80000000	0.01650003	0.00000000
C20	c	0.52664058	0.76272865	0.07917140	1.90000000	9.90000000	0.01426173	0.00000000
C21	c	0.70542659	0.62647489	0.02362580	2.00000000	10.00000000	0.02894822	0.00000000
C22	c	0.10975310	0.78270786	0.12950193	2.00000000	10.00000000	0.01310524	0.00000000
C23	c	0.95942075	0.17708075	0.02016325	2.00000000	10.00000000	0.02425215	0.00000000
C24	c	0.55987324	0.87380810	0.26606999	2.00000000	10.00000000	0.02213364	0.00000000
C25	c	0.78352262	0.67483542	0.21541503	2.00000000	10.00000000	0.02983819	0.00000000
C26	c	0.70543808	0.25396087	0.22218808	2.00000000	10.00000000	0.01731207	0.00000000
C27	c	0.90996869	0.93301993	0.05139968	2.00000000	10.00000000	0.01583419	0.00000000
C28	c	0.96056317	0.57097152	0.05635258	2.00000000	10.00000000	0.02780729	0.00000000
C29	c	0.32500157	0.21308667	0.15652077	2.00000000	10.00000000	0.01575400	0.00000000
C30	c	0.99190933	0.36560367	0.21830742	2.00000000	10.00000000	0.01547603	0.00000000

Q Vehicle fuel tank capacity /0.40000000/
C Vehicle load capacity /1.50000000/
r fuel consumption rate /0.25000000/
g inverse refueling rate /1.00000000/
v average Velocity /1.00000000/
