StringID	Type	x	y	demand	ReadyTime	DueDate	ServiceTime	altitude
D0	d	0.50000000	0.50000000	0.00000000	0.00000000	10.00000000	0.00000000	0.00000000
S0	f	0.84722055	0.93978863	0.00000000	0.00000000	10.00000000	0.00000000	0.00000000
S1	f	0.37828924	0.56661208	0.00000000	0.00000000	10.00000000	0.00000000	0.00000000
S2	f	0.51663900	0.07357165	0.00000000	0.00000000	10.00000000	0.00000000	0.00000000
S3	f	0.73713570	0.60962422	0.00000000	0.00000000	10.00000000	0.00000000	0.00000000
S4	f	0.78953852	0.99601343	0.00000000	0.00000000	10.00000000	0.00000000	0.00000000
S5	f	0.05495607	0.30035875	0.00000000	0.00000000	10.00000000	0.00000000	0.00000000
C1	c	0.56428908	0.39978794	0.14000466	0.00000000	8.00000000	0.02227051	0.00000000
C2	c	0.99300323	0.12462079	0.19558788	0.10000000	8.10000000	0.02387236	0.00000000
C3	c	0.29373878	0.44467748	0.19101279	0.20000000	8.20000000	0.02978619	0.00000000
C4	c	0.11928802	0.22763786	0.24076838	0.30000000	8.30000000	0.02529889	0.00000000
C5	c	0.57712410	0.56887097	0.17568449	0.40000000	8.40000000	0.01985695	0.00000000
C6	c	0.44070893	0.01136652	0.19859079	0.50000000	8.50000000	0.02637918	0.00000000
C7	c	0.80230203	0.43313097	0.24837307	0.60000000	8.60000000	0.02570883	0.00000000
C8	c	0.47791431	0.04143536	0.18571418	0.70000000	8.70000000	0.01509721	0.00000000
C9	c	0.20355196	0.50388111	0.11868414	0.80000000	8.80000000	0.02354861	0.00000000
C10	c	0.34293034	0.29299162	0.09645689	0.90000000	8.90000000	0.02664371	0.00000000
C11	c	0.11230610	0.67146891	0.23911083	1.00000000	9.00000000	0.01169706	0.00000000
C12	c	0.61692116	0.21754063	0.06278182	1.10000000	9.10000000	0.02549603	0.00000000
C13	c	0.68034251	0.55387948	0.06005529	1.20000000	9.20000000	0.02244305	0.00000000
C14	c	0.31937800	0.54510818	0.15076600	1.30000000	9.30000000	0.01822333	0.00000000
C15	c	0.14164184	0.11907295	0.14600863	1.40000000	9.40000000	0.01821468	0.00000000
C16	c	0.65517062	0.77260798	0.08874078	1.50000000	9.50000000	0.01889645	0.00000000
C17	c	0.88352643	0.71306176	0.12513562	1.60000000	9.60000000	0.02259818	0.00000000
C18	c	0.84722055	0.93978863	0.03924236	1.70000000	9.70000000	0.02712214	0.00000000
C19	c	0.42026042	0.99667535	0.12405042	1.80000000	9.80000000	0.02856358	0.00000000
C20	c	0.49443865	0.70852561	0.16228404	1.90000000	9.90000000	0.01085125	0.00000000
C21	c	0.73571456	0.00883540	0.22872548	2.00000000	10.00000000	0.01311086	0.00000000
C22	c	0.74028355	0.92724778	0.18726783	2.00000000	10.00000000	0.02717015	0.00000000
C23	c	0.88542429	0.52230967	0.15555973	2.00000000	10.00000000	0.01308988	0.00000000
C24	c	0.99930231	0.24547832	0.20262832	2.00000000	10.00000000	0.01671063	0.00000000
C25	c	0.41551403	0.93860568	0.09729258	2.00000000	10.00000000	0.01913267	0.00000000
C26	c	0.18882893	0.89566927	0.06634450	2.00000000	10.00000000	0.02181651	0.00000000
C27	c	0.53450458	0.19007075	0.17204336	2.00000000	10.00000000	0.02574939	0.00000000
C28	c	0.33899762	0.58616999	0.18043262	2.00000000	10.00000000	0.01017564	0.00000000
C29	c	0.21277530	0.35668150	0.17867367	2.00000000	10.00000000	0.02056197	0.00000000
C30	c	0.18102567	0.41939243	0.04197886	2.00000000	10.00000000	0.02837347	0.00000000

Q Vehicle fuel tank capacity /0.40000000/
C Vehicle load capacity /1.50000000/
r fuel consumption rate /0.25000000/
g inverse refueling rate /1.00000000/
v average Velocity /1.00000000/
