StringID	Type	x	y	demand	ReadyTime	DueDate	ServiceTime	altitude
D0	d	0.50000000	0.50000000	0.00000000	0.00000000	10.00000000	0.00000000	0.00000000
S0	f	0.90409411	0.06088767	0.00000000	0.00000000	10.00000000	0.00000000	0.00000000
S1	f	0.03268286	0.91670236	0.00000000	0.00000000	10.00000000	0.00000000	0.00000000
S2	f	0.83230604	0.79805739	0.00000000	0.00000000	10.00000000	0.00000000	0.00000000
S3	f	0.88364081	0.92152186	0.00000000	0.00000000	10.00000000	0.00000000	0.00000000
S4	f	0.12655387	0.39441875	0.00000000	0.00000000	10.00000000	0.00000000	0.00000000
S5	f	0.71461097	0.62637854	0.00000000	0.00000000	10.00000000	0.00000000	0.00000000
C1	c	0.19884242	0.25750776	0.05743090	0.00000000	8.00000000	0.01120014	0.00000000
C2	c	0.22731338	0.69474477	0.13364318	0.10000000	8.10000000	0.01838583	0.00000000
C3	c	0.38728107	0.92863702	0.19166483	0.20000000	8.20000000	0.01157481	0.00000000
C4	c	0.45701074	0.23760594	0.12043502	0.30000000	8.30000000	0.01134911	0.00000000
C5	c	0.67280029	0.11208024	0.09646451	0.40000000	8.40000000	0.01789647	0.00000000
C6	c	0.72305651	0.18338016	0.11144167	0.50000000	8.50000000	0.01307845	0.00000000
C7	c	0.08170058	0.68614871	0.05880787	0.60000000	8.60000000	0.01111265	0.00000000
C8	c	0.59779597	0.33676892	0.24303812	0.70000000	8.70000000	0.01269059	0.00000000
C9	c	0.82449846	0.47192275	0.24629853	0.80000000	8.80000000	0.01471218	0.00000000
C10	c	0.38536848	0.86607908	0.25368175	0.90000000	8.90000000	0.01375883	0.00000000
C11	c	0.53510897	0.99420812	0.12242609	1.00000000	9.00000000	0.01119846	0.00000000
C12	c	0.75403900	0.57195234	0.06751787	1.10000000	9.10000000	0.01500253	0.00000000
C13	c	0.22256576	0.09582111	0.24892417	1.20000000	9.20000000	0.02132765	0.00000000
C14	c	0.84451535	0.17748780	0.25368049	1.30000000	9.30000000	0.01758027	0.00000000
C15	c	0.32659761	0.66414622	0.15080599	1.40000000	9.40000000	0.01952505	0.00000000
C16	c	0.35672238	0.42526878	0.04004354	1.50000000	9.50000000	0.02972677	0.00000000
C17	c	0.19144921	0.60771138	0.23053551	1.60000000	9.60000000	0.01520897	0.00000000
C18	c	0.90409411	0.06088767	0.12656135	1.70000000	9.70000000	0.02218958	0.00000000
C19	c	0.75289768	0.76284561	0.18760000	1.80000000	9.80000000	0.02272968	0.00000000
C20	c	0.96398583	0.75592326	0.05901880	1.90000000	9.90000000	0.02214086	0.00000000
C21	c	0.43491219	0.81040223	0.07168701	2.00000000	10.00000000	0.01616189	0.00000000
C22	c	0.60311392	0.55016931	0.06238353	2.00000000	10.00000000	0.01101135	0.00000000
C23	c	0.69440899	0.78092021	0.03909902	2.00000000	10.00000000	0.01503232	0.00000000
C24	c	0.03889774	0.45282652	0.07379295	2.00000000	10.00000000	0.02507899	0.00000000
C25	c	0.10498100	0.81182128	0.26408938	2.00000000	10.00000000	0.01167490	0.00000000
C26	c	0.69550093	0.50581432	0.17547881	2.00000000	10.00000000	0.02744963	0.00000000
C27	c	0.31831379	0.82776850	0.13165316	2.00000000	10.00000000	0.02496702	0.00000000
C28	c	0.18208258	0.76363867	0.22124237	2.00000000	10.00000000	0.02424627	0.00000000
C29	c	0.68486142	0.24775104	0.25284903	2.00000000	10.00000000	0.01606966	0.00000000
C30	c	0.52501949	0.81106590	0.20770454	2.00000000	10.00000000	0.02535721	0.00000000

Q Vehicle fuel tank capacity /0.40000000/
C Vehicle load capacity /1.50000000/
r fuel consumption rate /0.25000000/
g inverse refueling rate /1.00000000/
v average Velocity /1.00000000/
