StringID	Type	x	y	demand	ReadyTime	DueDate	ServiceTime	altitude
D0	d	0.50000000	0.50000000	0.00000000	0.00000000	10.00000000	0.00000000	0.00000000
S0	f	0.46120979	0.27174926	0.00000000	0.00000000	10.00000000	0.00000000	0.00000000
S1	f	0.71885712	0.49575615	0.00000000	0.00000000	10.00000000	0.00000000	0.00000000
S2	f	0.81555981	0.89701260	0.00000000	0.00000000	10.00000000	0.00000000	0.00000000
S3	f	0.96879673	0.83893705	0.00000000	0.00000000	10.00000000	0.00000000	0.00000000
S4	f	0.67891982	0.99297380	0.00000000	0.00000000	10.00000000	0.00000000	0.00000000
S5	f	0.47477886	0.79326632	0.00000000	0.00000000	10.00000000	0.00000000	0.00000000
S6	f	0.62416925	0.44642399	0.00000000	0.00000000	10.00000000	0.00000000	0.00000000
S7	f	0.87258056	0.84921066	0.00000000	0.00000000	10.00000000	0.00000000	0.00000000
S8	f	0.28142808	0.48017525	0.00000000	0.00000000	10.00000000	0.00000000	0.00000000
S9	f	0.94269440	0.33762802	0.00000000	0.00000000	10.00000000	0.00000000	0.00000000
C1	c	0.21050024	0.43831511	0.11259570	0.00000000	8.00000000	0.01479082	0.00000000
C2	c	0.19537020	0.46962920	0.12894473	0.06000000	8.06000000	0.01268032	0.00000000
C3	c	0.20315180	0.43675346	0.05142392	0.12000000	8.12000000	0.01272741	0.00000000
C4	c	0.11174715	0.52498690	0.15759768	0.18000000	8.18000000	0.01233278	0.00000000
C5	c	0.16628410	0.48600542	0.03381750	0.24000000	8.24000000	0.02755316	0.00000000
C6	c	0.09330627	0.74723201	0.14231352	0.30000000	8.30000000	0.01329753	0.00000000
C7	c	0.11908076	0.87272797	0.08113702	0.36000000	8.36000000	0.01495637	0.00000000
C8	c	0.04183040	0.71756784	0.02828558	0.42000000	8.42000000	0.02486157	0.00000000
C9	c	0.13261279	0.86424235	0.01362657	0.48000000	8.48000000	0.02935038	0.00000000
C10	c	0.12239303	0.44981456	0.14696054	0.54000000	8.54000000	0.01413067	0.00000000
C11	c	0.15313855	0.39700088	0.01553919	0.60000000	8.60000000	0.02044265	0.00000000
C12	c	0.04955327	0.44429265	0.03009491	0.66000000	8.66000000	0.01302257	0.00000000
C13	c	0.10656703	0.46200766	0.04759538	0.72000000	8.72000000	0.01501618	0.00000000
C14	c	0.08212646	0.42219292	0.02081699	0.78000000	8.78000000	0.01344871	0.00000000
C15	c	0.12885467	0.42998706	0.15085227	0.84000000	8.84000000	0.01748073	0.00000000
C16	c	0.13927959	0.40516463	0.07601694	0.90000000	8.90000000	0.02730817	0.00000000
C17	c	0.04682707	0.45675667	0.13606162	0.96000000	8.96000000	0.02481679	0.00000000
C18	c	0.08195937	0.49310275	0.14456946	1.02000000	9.02000000	0.01481426	0.00000000
C19	c	0.13625180	0.50573911	0.14307729	1.08000000	9.08000000	0.01753169	0.00000000
C20	c	0.90526408	0.13852044	0.01876724	1.14000000	9.14000000	0.01729536	0.00000000
C21	c	0.80324645	0.18925848	0.06398980	1.20000000	9.20000000	0.01933032	0.00000000
C22	c	0.89156459	0.12684478	0.08344383	1.26000000	9.26000000	0.01190727	0.00000000
C23	c	0.85910105	0.13883489	0.12098719	1.32000000	9.32000000	0.02658674	0.00000000
C24	c	0.86109714	0.10688906	0.05424053	1.38000000	9.38000000	0.02618054	0.00000000
C25	c	0.87156547	0.16868165	0.01224234	1.44000000	9.44000000	0.01059466	0.00000000
C26	c	0.39816675	0.09432537	0.13781866	1.50000000	9.50000000	0.01504442	0.00000000
C27	c	0.77316831	0.37783625	0.13286951	1.56000000	9.56000000	0.01746045	0.00000000
C28	c	0.44612103	0.86228650	0.15520569	1.62000000	9.62000000	0.01883735	0.00000000
C29	c	0.86695567	0.58483716	0.07413354	1.68000000	9.68000000	0.02802986	0.00000000
C30	c	0.74274193	0.92394616	0.08658001	1.74000000	9.74000000	0.01327446	0.00000000
C31	c	0.70822078	0.02187929	0.07585293	1.80000000	9.80000000	0.02053615	0.00000000
C32	c	0.33973693	0.28289522	0.02677395	1.86000000	9.86000000	0.01632606	0.00000000
C33	c	0.23900762	0.54186218	0.13642629	1.92000000	9.92000000	0.02605462	0.00000000
C34	c	0.40857193	0.38918429	0.07256898	1.98000000	9.98000000	0.01727874	0.00000000
C35	c	0.40516751	0.91722584	0.08359890	2.00000000	10.00000000	0.02346270	0.00000000
C36	c	0.23954091	0.13401603	0.15082140	2.00000000	10.00000000	0.01794652	0.00000000
C37	c	0.13637057	0.11663898	0.15157560	2.00000000	10.00000000	0.02734744	0.00000000
C38	c	0.24781840	0.74307846	0.10600548	2.00000000	10.00000000	0.01283086	0.00000000
C39	c	0.96751906	0.20653337	0.13151157	2.00000000	10.00000000	0.02013715	0.00000000
C40	c	0.52213235	0.15112870	0.16078118	2.00000000	10.00000000	0.02736475	0.00000000
C41	c	0.25080922	0.17243554	0.12593543	2.00000000	10.00000000	0.01426762	0.00000000
C42	c	0.37403673	0.86540865	0.01507186	2.00000000	10.00000000	0.01664853	0.00000000
C43	c	0.74083951	0.24071290	0.06641486	2.00000000	10.00000000	0.01211791	0.00000000
C44	c	0.37658463	0.36476814	0.05723332	2.00000000	10.00000000	0.01699832	0.00000000
C45	c	0.46651607	0.09536334	0.05014423	2.00000000	10.00000000	0.01146646	0.00000000
C46	c	0.82933700	0.80902687	0.09906381	2.00000000	10.00000000	0.01349201	0.00000000
C47	c	0.02973309	0.25222121	0.07753366	2.00000000	10.00000000	0.01531749	0.00000000
C48	c	0.37302257	0.44186757	0.07440201	2.00000000	10.00000000	0.02525417	0.00000000
C49	c	0.52680733	0.31630286	0.07698375	2.00000000	10.00000000	0.01660551	0.00000000
C50	c	0.67313487	0.39732599	0.15969566	2.00000000	10.00000000	0.02359884	0.00000000

Q Vehicle fuel tank capacity /0.40000000/
C Vehicle load capacity /1.50000000/
r fuel consumption rate /0.25000000/
g inverse refueling rate /1.00000000/
v average Velocity /1.00000000/
