StringID	Type	x	y	demand	ReadyTime	DueDate	ServiceTime	altitude
D0	d	0.50000000	0.50000000	0.00000000	0.00000000	10.00000000	0.00000000	0.00000000
S0	f	0.75109460	0.74846385	0.00000000	0.00000000	10.00000000	0.00000000	0.00000000
S1	f	0.78520452	0.53886977	0.00000000	0.00000000	10.00000000	0.00000000	0.00000000
S2	f	0.97933303	0.96842163	0.00000000	0.00000000	10.00000000	0.00000000	0.00000000
S3	f	0.97963743	0.51582560	0.00000000	0.00000000	10.00000000	0.00000000	0.00000000
S4	f	0.79056494	0.87521760	0.00000000	0.00000000	10.00000000	0.00000000	0.00000000
S5	f	0.74601190	0.98762088	0.00000000	0.00000000	10.00000000	0.00000000	0.00000000
S6	f	0.57471224	0.76546280	0.00000000	0.00000000	10.00000000	0.00000000	0.00000000
S7	f	0.89147051	0.81579757	0.00000000	0.00000000	10.00000000	0.00000000	0.00000000
S8	f	0.72110240	0.08700332	0.00000000	0.00000000	10.00000000	0.00000000	0.00000000
S9	f	0.71707003	0.93751454	0.00000000	0.00000000	10.00000000	0.00000000	0.00000000
C1	c	0.12122566	0.43578833	0.14255378	0.00000000	8.00000000	0.01155516	0.00000000
C2	c	0.16235827	0.45680755	0.13656987	0.06000000	8.06000000	0.02573284	0.00000000
C3	c	0.22143852	0.46288050	0.05233127	0.12000000	8.12000000	0.01634080	0.00000000
C4	c	0.16213816	0.43861722	0.05229947	0.18000000	8.18000000	0.01438047	0.00000000
C5	c	0.17773509	0.53888571	0.15861700	0.24000000	8.24000000	0.01568320	0.00000000
C6	c	0.22052172	0.38951980	0.01215401	0.30000000	8.30000000	0.02683620	0.00000000
C7	c	0.18279080	0.44621438	0.03246379	0.36000000	8.36000000	0.01967810	0.00000000
C8	c	0.73982950	0.70787654	0.13906851	0.42000000	8.42000000	0.01390910	0.00000000
C9	c	0.66326466	0.69020840	0.08874073	0.48000000	8.48000000	0.02422298	0.00000000
C10	c	0.82436861	0.73123351	0.06926535	0.54000000	8.54000000	0.02533610	0.00000000
C11	c	0.69900280	0.77209582	0.02861055	0.60000000	8.60000000	0.02798181	0.00000000
C12	c	0.83263269	0.68691358	0.02266097	0.66000000	8.66000000	0.02996907	0.00000000
C13	c	0.80550701	0.23391183	0.09728171	0.72000000	8.72000000	0.02668002	0.00000000
C14	c	0.82614763	0.24013157	0.10311529	0.78000000	8.78000000	0.02275813	0.00000000
C15	c	0.80434247	0.27133648	0.15659418	0.84000000	8.84000000	0.02502174	0.00000000
C16	c	0.79755107	0.24075986	0.13695033	0.90000000	8.90000000	0.01355798	0.00000000
C17	c	0.76144071	0.18749581	0.08835537	0.96000000	8.96000000	0.01317812	0.00000000
C18	c	0.81271628	0.31618658	0.06831919	1.02000000	9.02000000	0.02847742	0.00000000
C19	c	0.81586441	0.31256971	0.13124302	1.08000000	9.08000000	0.01347802	0.00000000
C20	c	0.80164461	0.30005091	0.05639828	1.14000000	9.14000000	0.02027816	0.00000000
C21	c	0.66693632	0.33145187	0.11824942	1.20000000	9.20000000	0.01664260	0.00000000
C22	c	0.63749424	0.41019929	0.15871725	1.26000000	9.26000000	0.01436633	0.00000000
C23	c	0.66917338	0.46656400	0.05525728	1.32000000	9.32000000	0.01565310	0.00000000
C24	c	0.71653969	0.36690691	0.14464034	1.38000000	9.38000000	0.02221190	0.00000000
C25	c	0.77434844	0.25520771	0.11485670	1.44000000	9.44000000	0.01719055	0.00000000
C26	c	0.79451884	0.80385185	0.01233074	1.50000000	9.50000000	0.01078344	0.00000000
C27	c	0.07539288	0.01192703	0.15210394	1.56000000	9.56000000	0.01820671	0.00000000
C28	c	0.45570810	0.13186315	0.13385678	1.62000000	9.62000000	0.02053838	0.00000000
C29	c	0.25323998	0.87633038	0.13340991	1.68000000	9.68000000	0.01503955	0.00000000
C30	c	0.72878403	0.00790436	0.13484778	1.74000000	9.74000000	0.01651615	0.00000000
C31	c	0.57458662	0.31026349	0.02261966	1.80000000	9.80000000	0.01702663	0.00000000
C32	c	0.16566762	0.96131284	0.01284196	1.86000000	9.86000000	0.01053603	0.00000000
C33	c	0.55382590	0.19551529	0.08121193	1.92000000	9.92000000	0.01739347	0.00000000
C34	c	0.34768144	0.86233479	0.03131961	1.98000000	9.98000000	0.02268036	0.00000000
C35	c	0.46946338	0.76563434	0.05001921	2.00000000	10.00000000	0.02720793	0.00000000
C36	c	0.07775824	0.78664205	0.14601399	2.00000000	10.00000000	0.02021750	0.00000000
C37	c	0.31704013	0.21902325	0.12328265	2.00000000	10.00000000	0.02182123	0.00000000
C38	c	0.28416006	0.84180984	0.01222222	2.00000000	10.00000000	0.02134668	0.00000000
C39	c	0.48390507	0.19545522	0.09952663	2.00000000	10.00000000	0.02241133	0.00000000
C40	c	0.89909075	0.99845338	0.05880439	2.00000000	10.00000000	0.02202327	0.00000000
C41	c	0.83400105	0.63790626	0.03652760	2.00000000	10.00000000	0.01354319	0.00000000
C42	c	0.28265478	0.61059502	0.15910659	2.00000000	10.00000000	0.02834335	0.00000000
C43	c	0.35952765	0.03917222	0.09632819	2.00000000	10.00000000	0.02789633	0.00000000
C44	c	0.41033570	0.52691924	0.04112601	2.00000000	10.00000000	0.01520960	0.00000000
C45	c	0.25197761	0.32580726	0.13086470	2.00000000	10.00000000	0.01036765	0.00000000
C46	c	0.36967355	0.63401818	0.04560398	2.00000000	10.00000000	0.02442342	0.00000000
C47	c	0.86039650	0.51087497	0.06456908	2.00000000	10.00000000	0.01223748	0.00000000
C48	c	0.59106150	0.56733401	0.14385780	2.00000000	10.00000000	0.02434549	0.00000000
C49	c	0.62056648	0.60116350	0.08333110	2.00000000	10.00000000	0.02183118	0.00000000
C50	c	0.17715942	0.91716760	0.12895990	2.00000000	10.00000000	0.02087628	0.00000000

Q Vehicle fuel tank capacity /0.40000000/
C Vehicle load capacity /1.50000000/
r fuel consumption rate /0.25000000/
g inverse refueling rate /1.00000000/
v average Velocity /1.00000000/
