StringID	Type	x	y	demand	ReadyTime	DueDate	ServiceTime	altitude
D0	d	0.50000000	0.50000000	0.00000000	0.00000000	10.00000000	0.00000000	0.00000000
S0	f	0.68478309	0.80920900	0.00000000	0.00000000	10.00000000	0.00000000	0.00000000
S1	f	0.21539484	0.52652387	0.00000000	0.00000000	10.00000000	0.00000000	0.00000000
S2	f	0.63599604	0.79051455	0.00000000	0.00000000	10.00000000	0.00000000	0.00000000
S3	f	0.41705905	0.09196946	0.00000000	0.00000000	10.00000000	0.00000000	0.00000000
S4	f	0.10270961	0.11143775	0.00000000	0.00000000	10.00000000	0.00000000	0.00000000
S5	f	0.55890258	0.99102519	0.00000000	0.00000000	10.00000000	0.00000000	0.00000000
C1	c	0.50585913	0.57924911	0.13903723	0.00000000	8.00000000	0.02091313	0.00000000
C2	c	0.44074624	0.60310116	0.03401620	0.10000000	8.10000000	0.01834342	0.00000000
C3	c	0.43722476	0.54557127	0.21211388	0.20000000	8.20000000	0.02331838	0.00000000
C4	c	0.37828279	0.64037463	0.09873240	0.30000000	8.30000000	0.02698004	0.00000000
C5	c	0.53589401	0.53597472	0.14733496	0.40000000	8.40000000	0.02836876	0.00000000
C6	c	0.46595396	0.61035672	0.23637444	0.50000000	8.50000000	0.01030412	0.00000000
C7	c	0.29872295	0.77351559	0.25114677	0.60000000	8.60000000	0.02295304	0.00000000
C8	c	0.30067172	0.77690148	0.04030281	0.70000000	8.70000000	0.01817742	0.00000000
C9	c	0.40377538	0.82010206	0.02035624	0.80000000	8.80000000	0.01058701	0.00000000
C10	c	0.30070943	0.78730816	0.18053809	0.90000000	8.90000000	0.02528401	0.00000000
C11	c	0.33758021	0.78155013	0.20926883	1.00000000	9.00000000	0.01332528	0.00000000
C12	c	0.27530560	0.69399371	0.03430401	1.10000000	9.10000000	0.01325139	0.00000000
C13	c	0.39167311	0.75120217	0.03710470	1.20000000	9.20000000	0.01612981	0.00000000
C14	c	0.33035121	0.76140519	0.12738376	1.30000000	9.30000000	0.01564721	0.00000000
C15	c	0.37936841	0.71174909	0.15071565	1.40000000	9.40000000	0.02653427	0.00000000
C16	c	0.95496916	0.41593558	0.19451021	1.50000000	9.50000000	0.02720545	0.00000000
C17	c	0.53025931	0.07262085	0.25150443	1.60000000	9.60000000	0.01014814	0.00000000
C18	c	0.81013970	0.54850816	0.25743029	1.70000000	9.70000000	0.01826995	0.00000000
C19	c	0.63392893	0.50395386	0.10379511	1.80000000	9.80000000	0.02656666	0.00000000
C20	c	0.26868711	0.44640696	0.26136754	1.90000000	9.90000000	0.01913531	0.00000000
C21	c	0.99554219	0.54565644	0.12410508	2.00000000	10.00000000	0.02323096	0.00000000
C22	c	0.41717082	0.66591881	0.15321710	2.00000000	10.00000000	0.02729028	0.00000000
C23	c	0.84900224	0.91843803	0.03668153	2.00000000	10.00000000	0.01334762	0.00000000
C24	c	0.01520580	0.64765197	0.22448737	2.00000000	10.00000000	0.02657864	0.00000000
C25	c	0.40887120	0.02935032	0.15786408	2.00000000	10.00000000	0.01779171	0.00000000
C26	c	0.76420071	0.16626417	0.17961610	2.00000000	10.00000000	0.02283956	0.00000000
C27	c	0.16256967	0.30649062	0.14651853	2.00000000	10.00000000	0.01033046	0.00000000
C28	c	0.28236066	0.82671365	0.08660892	2.00000000	10.00000000	0.02978950	0.00000000
C29	c	0.86027230	0.00740722	0.13186447	2.00000000	10.00000000	0.02315656	0.00000000
C30	c	0.86451421	0.16738085	0.27169928	2.00000000	10.00000000	0.01077031	0.00000000

Q Vehicle fuel tank capacity /0.40000000/
C Vehicle load capacity /1.50000000/
r fuel consumption rate /0.25000000/
g inverse refueling rate /1.00000000/
v average Velocity /1.00000000/
