StringID	Type	x	y	demand	ReadyTime	DueDate	ServiceTime	altitude
D0	d	0.50000000	0.50000000	0.00000000	0.00000000	10.00000000	0.00000000	0.00000000
S0	f	0.37987545	0.68996462	0.00000000	0.00000000	10.00000000	0.00000000	0.00000000
S1	f	0.43298610	0.44570620	0.00000000	0.00000000	10.00000000	0.00000000	0.00000000
S2	f	0.54525699	0.46328752	0.00000000	0.00000000	10.00000000	0.00000000	0.00000000
S3	f	0.73045253	0.77977926	0.00000000	0.00000000	10.00000000	0.00000000	0.00000000
S4	f	0.61351007	0.69395941	0.00000000	0.00000000	10.00000000	0.00000000	0.00000000
S5	f	0.66948477	0.52878986	0.00000000	0.00000000	10.00000000	0.00000000	0.00000000
C1	c	0.95299248	0.44528704	0.11418563	0.00000000	8.00000000	0.02963944	0.00000000
C2	c	0.83350157	0.63441803	0.11380765	0.10000000	8.10000000	0.02214298	0.00000000
C3	c	0.97334832	0.80748018	0.08260242	0.20000000	8.20000000	0.02307229	0.00000000
C4	c	0.77472939	0.79230176	0.03392646	0.30000000	8.30000000	0.01597973	0.00000000
C5	c	0.78450198	0.83807967	0.16582395	0.40000000	8.40000000	0.01398771	0.00000000
C6	c	0.84944989	0.09581907	0.12727883	0.50000000	8.50000000	0.01525627	0.00000000
C7	c	0.70385886	0.90170544	0.09746977	0.60000000	8.60000000	0.02390400	0.00000000
C8	c	0.16868051	0.41446401	0.22124617	0.70000000	8.70000000	0.01192256	0.00000000
C9	c	0.36608383	0.31998924	0.19768629	0.80000000	8.80000000	0.01232376	0.00000000
C10	c	0.36800116	0.52291224	0.23836784	0.90000000	8.90000000	0.02396495	0.00000000
C11	c	0.26919805	0.74028694	0.25728538	1.00000000	9.00000000	0.01001299	0.00000000
C12	c	0.22078540	0.89825534	0.03075885	1.10000000	9.10000000	0.02091593	0.00000000
C13	c	0.98204661	0.57025436	0.19490501	1.20000000	9.20000000	0.02036337	0.00000000
C14	c	0.42053592	0.69591562	0.08549025	1.30000000	9.30000000	0.01278282	0.00000000
C15	c	0.55142352	0.29238310	0.04367107	1.40000000	9.40000000	0.01737825	0.00000000
C16	c	0.45004969	0.00487200	0.22857955	1.50000000	9.50000000	0.01885909	0.00000000
C17	c	0.75423709	0.40045523	0.26347022	1.60000000	9.60000000	0.01765047	0.00000000
C18	c	0.37987545	0.68996462	0.07833984	1.70000000	9.70000000	0.02635415	0.00000000
C19	c	0.26320757	0.32440856	0.07092187	1.80000000	9.80000000	0.02981576	0.00000000
C20	c	0.38597040	0.20778746	0.10579622	1.90000000	9.90000000	0.02290436	0.00000000
C21	c	0.94821935	0.13440089	0.05790643	2.00000000	10.00000000	0.01761716	0.00000000
C22	c	0.05177965	0.43741414	0.09991711	2.00000000	10.00000000	0.01546805	0.00000000
C23	c	0.57496772	0.19416631	0.23422921	2.00000000	10.00000000	0.02979665	0.00000000
C24	c	0.32521581	0.42314155	0.25524464	2.00000000	10.00000000	0.01664705	0.00000000
C25	c	0.58815906	0.91388601	0.07247122	2.00000000	10.00000000	0.02861109	0.00000000
C26	c	0.49265121	0.96145867	0.23189849	2.00000000	10.00000000	0.02636944	0.00000000
C27	c	0.37639277	0.02667212	0.19431664	2.00000000	10.00000000	0.02664039	0.00000000
C28	c	0.13206865	0.23714886	0.22389952	2.00000000	10.00000000	0.01477503	0.00000000
C29	c	0.27201195	0.07279824	0.15452215	2.00000000	10.00000000	0.01207212	0.00000000
C30	c	0.01615639	0.12212302	0.22398132	2.00000000	10.00000000	0.01892254	0.00000000

Q Vehicle fuel tank capacity /0.40000000/
C Vehicle load capacity /1.50000000/
r fuel consumption rate /0.25000000/
g inverse refueling rate /1.00000000/
v average Velocity /1.00000000/
