StringID	Type	x	y	demand	ReadyTime	DueDate	ServiceTime	altitude
D0	d	0.50000000	0.50000000	0.00000000	0.00000000	10.00000000	0.00000000	0.00000000
S0	f	0.41979288	0.16524832	0.00000000	0.00000000	10.00000000	0.00000000	0.00000000
S1	f	0.50909259	0.16546098	0.00000000	0.00000000	10.00000000	0.00000000	0.00000000
S2	f	0.92743530	0.48338422	0.00000000	0.00000000	10.00000000	0.00000000	0.00000000
S3	f	0.79039503	0.89194218	0.00000000	0.00000000	10.00000000	0.00000000	0.00000000
S4	f	0.31498357	0.65728595	0.00000000	0.00000000	10.00000000	0.00000000	0.00000000
S5	f	0.18751419	0.85673011	0.00000000	0.00000000	10.00000000	0.00000000	0.00000000
C1	c	0.05162503	0.44783174	0.02952767	0.00000000	8.00000000	0.02178738	0.00000000
C2	c	0.57271378	0.14522443	0.05941434	0.10000000	8.10000000	0.02548040	0.00000000
C3	c	0.53982081	0.32802847	0.26470770	0.20000000	8.20000000	0.01304347	0.00000000
C4	c	0.84896758	0.11279148	0.11737782	0.30000000	8.30000000	0.02237453	0.00000000
C5	c	0.86630280	0.60930949	0.23632417	0.40000000	8.40000000	0.01514075	0.00000000
C6	c	0.31428056	0.48106264	0.07059775	0.50000000	8.50000000	0.02550120	0.00000000
C7	c	0.63059790	0.44463020	0.04017364	0.60000000	8.60000000	0.02883738	0.00000000
C8	c	0.69551943	0.99542831	0.15832217	0.70000000	8.70000000	0.02911293	0.00000000
C9	c	0.71793255	0.95724929	0.20502087	0.80000000	8.80000000	0.01360607	0.00000000
C10	c	0.43630837	0.30092720	0.09775833	0.90000000	8.90000000	0.01947123	0.00000000
C11	c	0.29791939	0.22642293	0.23545007	1.00000000	9.00000000	0.01617147	0.00000000
C12	c	0.09793932	0.86432491	0.32041463	1.10000000	9.10000000	0.02975064	0.00000000
C13	c	0.16102037	0.51927772	0.10392874	1.20000000	9.20000000	0.02368283	0.00000000
C14	c	0.17643986	0.94036855	0.27236374	1.30000000	9.30000000	0.02767898	0.00000000
C15	c	0.80119672	0.64108614	0.22216291	1.40000000	9.40000000	0.01586161	0.00000000
C16	c	0.90100408	0.16146141	0.07599294	1.50000000	9.50000000	0.02469490	0.00000000
C17	c	0.41979288	0.16524832	0.24813990	1.60000000	9.60000000	0.01857196	0.00000000
C18	c	0.87938748	0.51089994	0.18821119	1.70000000	9.70000000	0.02356183	0.00000000
C19	c	0.99697608	0.75049767	0.25633539	1.80000000	9.80000000	0.01130855	0.00000000
C20	c	0.31613115	0.08002007	0.20352585	1.90000000	9.90000000	0.01047272	0.00000000
C21	c	0.15136988	0.24449552	0.05796242	2.00000000	10.00000000	0.01581976	0.00000000
C22	c	0.41390237	0.47240321	0.12424775	2.00000000	10.00000000	0.01876479	0.00000000
C23	c	0.93780684	0.65817189	0.04483768	2.00000000	10.00000000	0.02158595	0.00000000
C24	c	0.39080975	0.25491775	0.16084261	2.00000000	10.00000000	0.01062214	0.00000000
C25	c	0.62689825	0.61180170	0.23933755	2.00000000	10.00000000	0.02156305	0.00000000
C26	c	0.07870476	0.76781500	0.15443405	2.00000000	10.00000000	0.01982984	0.00000000
C27	c	0.33451407	0.28895040	0.06917025	2.00000000	10.00000000	0.02782484	0.00000000
C28	c	0.85938827	0.72128954	0.07989536	2.00000000	10.00000000	0.01756451	0.00000000
C29	c	0.49148307	0.95720670	0.05682001	2.00000000	10.00000000	0.01873854	0.00000000
C30	c	0.84865187	0.88557568	0.10670250	2.00000000	10.00000000	0.01151620	0.00000000

Q Vehicle fuel tank capacity /0.40000000/
C Vehicle load capacity /1.50000000/
r fuel consumption rate /0.25000000/
g inverse refueling rate /1.00000000/
v average Velocity /1.00000000/
