StringID	Type	x	y	demand	ReadyTime	DueDate	ServiceTime	altitude
D0	d	0.50000000	0.50000000	0.00000000	0.00000000	10.00000000	0.00000000	0.00000000
S0	f	0.67497402	0.10416145	0.00000000	0.00000000	10.00000000	0.00000000	0.00000000
S1	f	0.91161374	0.91018006	0.00000000	0.00000000	10.00000000	0.00000000	0.00000000
S2	f	0.76179982	0.66708560	0.00000000	0.00000000	10.00000000	0.00000000	0.00000000
S3	f	0.28875411	0.01594947	0.00000000	0.00000000	10.00000000	0.00000000	0.00000000
S4	f	0.74499022	0.24022290	0.00000000	0.00000000	10.00000000	0.00000000	0.00000000
S5	f	0.60571237	0.62950671	0.00000000	0.00000000	10.00000000	0.00000000	0.00000000
C1	c	0.20753958	0.06725533	0.09343510	0.00000000	8.00000000	0.02105502	0.00000000
C2	c	0.46997385	0.94951480	0.14805517	0.10000000	8.10000000	0.02181530	0.00000000
C3	c	0.79827820	0.24308305	0.25677658	0.20000000	8.20000000	0.02420519	0.00000000
C4	c	0.51398862	0.26600923	0.06046652	0.30000000	8.30000000	0.02674134	0.00000000
C5	c	0.58893308	0.90569820	0.13854490	0.40000000	8.40000000	0.01497301	0.00000000
C6	c	0.38973567	0.86807616	0.18317770	0.50000000	8.50000000	0.01429485	0.00000000
C7	c	0.70181643	0.89286335	0.12263292	0.60000000	8.60000000	0.01567948	0.00000000
C8	c	0.11679117	0.40297893	0.25491973	0.70000000	8.70000000	0.02190262	0.00000000
C9	c	0.43712304	0.52570156	0.18550856	0.80000000	8.80000000	0.01136209	0.00000000
C10	c	0.85805297	0.96464800	0.20854160	0.90000000	8.90000000	0.01290140	0.00000000
C11	c	0.14953829	0.61207424	0.11953592	1.00000000	9.00000000	0.02674628	0.00000000
C12	c	0.46190164	0.69419681	0.10612471	1.10000000	9.10000000	0.01881337	0.00000000
C13	c	0.54474840	0.97008689	0.12093632	1.20000000	9.20000000	0.01612142	0.00000000
C14	c	0.25630577	0.82763058	0.02699466	1.30000000	9.30000000	0.01143453	0.00000000
C15	c	0.08849983	0.49398833	0.16485067	1.40000000	9.40000000	0.02739155	0.00000000
C16	c	0.47057989	0.35320080	0.25955223	1.50000000	9.50000000	0.01562212	0.00000000
C17	c	0.35263576	0.32612547	0.21894078	1.60000000	9.60000000	0.01056539	0.00000000
C18	c	0.17187541	0.18789074	0.22173327	1.70000000	9.70000000	0.01571833	0.00000000
C19	c	0.67497402	0.10416145	0.23113339	1.80000000	9.80000000	0.01057512	0.00000000
C20	c	0.17239321	0.89384537	0.08716723	1.90000000	9.90000000	0.02654335	0.00000000
C21	c	0.00174070	0.59704219	0.10657076	2.00000000	10.00000000	0.02777659	0.00000000
C22	c	0.79463034	0.18465468	0.03231987	2.00000000	10.00000000	0.02719707	0.00000000
C23	c	0.68540323	0.49192567	0.16004528	2.00000000	10.00000000	0.01080990	0.00000000
C24	c	0.08025202	0.56950912	0.05485545	2.00000000	10.00000000	0.01159670	0.00000000
C25	c	0.29846752	0.64120940	0.04595545	2.00000000	10.00000000	0.01155273	0.00000000
C26	c	0.84506660	0.36891487	0.08511007	2.00000000	10.00000000	0.01306840	0.00000000
C27	c	0.51189597	0.21688836	0.13763640	2.00000000	10.00000000	0.01206818	0.00000000
C28	c	0.28883757	0.88834446	0.21313704	2.00000000	10.00000000	0.01986736	0.00000000
C29	c	0.47744606	0.59123009	0.20521255	2.00000000	10.00000000	0.02450353	0.00000000
C30	c	0.25600173	0.23111674	0.25012917	2.00000000	10.00000000	0.02244524	0.00000000

Q Vehicle fuel tank capacity /0.40000000/
C Vehicle load capacity /1.50000000/
r fuel consumption rate /0.25000000/
g inverse refueling rate /1.00000000/
v average Velocity /1.00000000/
