StringID	Type	x	y	demand	ReadyTime	DueDate	ServiceTime	altitude
D0	d	0.50000000	0.50000000	0.00000000	0.00000000	10.00000000	0.00000000	0.00000000
S0	f	0.14124449	0.64315418	0.00000000	0.00000000	10.00000000	0.00000000	0.00000000
S1	f	0.00240597	0.74142327	0.00000000	0.00000000	10.00000000	0.00000000	0.00000000
S2	f	0.87680151	0.91059505	0.00000000	0.00000000	10.00000000	0.00000000	0.00000000
S3	f	0.98949402	0.62493784	0.00000000	0.00000000	10.00000000	0.00000000	0.00000000
S4	f	0.26071565	0.26006806	0.00000000	0.00000000	10.00000000	0.00000000	0.00000000
S5	f	0.18261800	0.15732317	0.00000000	0.00000000	10.00000000	0.00000000	0.00000000
S6	f	0.31521135	0.26517720	0.00000000	0.00000000	10.00000000	0.00000000	0.00000000
S7	f	0.81267734	0.73934211	0.00000000	0.00000000	10.00000000	0.00000000	0.00000000
S8	f	0.65901667	0.65431394	0.00000000	0.00000000	10.00000000	0.00000000	0.00000000
S9	f	0.30912488	0.70982659	0.00000000	0.00000000	10.00000000	0.00000000	0.00000000
C1	c	0.15719142	0.62531817	0.11238920	0.00000000	8.00000000	0.02479653	0.00000000
C2	c	0.27776788	0.36409103	0.05340898	0.06000000	8.06000000	0.01791707	0.00000000
C3	c	0.33356483	0.93484960	0.12960424	0.12000000	8.12000000	0.02334504	0.00000000
C4	c	0.67109072	0.58469933	0.08557501	0.18000000	8.18000000	0.02964362	0.00000000
C5	c	0.02985835	0.75238961	0.01573765	0.24000000	8.24000000	0.01289480	0.00000000
C6	c	0.07482454	0.80165231	0.13301669	0.30000000	8.30000000	0.01926828	0.00000000
C7	c	0.81986175	0.08891544	0.06634058	0.36000000	8.36000000	0.02054894	0.00000000
C8	c	0.73744701	0.51677826	0.02053814	0.42000000	8.42000000	0.01057191	0.00000000
C9	c	0.01919509	0.67753158	0.13322470	0.48000000	8.48000000	0.01851951	0.00000000
C10	c	0.33726752	0.44141346	0.14403121	0.54000000	8.54000000	0.02417310	0.00000000
C11	c	0.68869369	0.87626951	0.07730604	0.60000000	8.60000000	0.01708570	0.00000000
C12	c	0.36875404	0.13766464	0.14695082	0.66000000	8.66000000	0.01406439	0.00000000
C13	c	0.83658647	0.79599283	0.10712601	0.72000000	8.72000000	0.02228075	0.00000000
C14	c	0.08141324	0.96921697	0.11107945	0.78000000	8.78000000	0.02093854	0.00000000
C15	c	0.55722269	0.64147288	0.11111198	0.84000000	8.84000000	0.01235935	0.00000000
C16	c	0.15049578	0.01466860	0.04729265	0.90000000	8.90000000	0.01780324	0.00000000
C17	c	0.13858334	0.37661798	0.14864517	0.96000000	8.96000000	0.01561542	0.00000000
C18	c	0.52309693	0.43049720	0.15178591	1.02000000	9.02000000	0.02189785	0.00000000
C19	c	0.01614972	0.38582658	0.04389506	1.08000000	9.08000000	0.01512782	0.00000000
C20	c	0.70897995	0.13374032	0.10153680	1.14000000	9.14000000	0.02445796	0.00000000
C21	c	0.23888651	0.53602111	0.13313911	1.20000000	9.20000000	0.01099586	0.00000000
C22	c	0.13810740	0.31573671	0.11947489	1.26000000	9.26000000	0.01136123	0.00000000
C23	c	0.70428021	0.97270114	0.09160251	1.32000000	9.32000000	0.02933296	0.00000000
C24	c	0.43731563	0.37058326	0.05426500	1.38000000	9.38000000	0.02536548	0.00000000
C25	c	0.60599869	0.48676258	0.07439863	1.44000000	9.44000000	0.02092074	0.00000000
C26	c	0.44185384	0.14611775	0.02392248	1.50000000	9.50000000	0.02175295	0.00000000
C27	c	0.19098660	0.48196324	0.05576671	1.56000000	9.56000000	0.01767979	0.00000000
C28	c	0.07459419	0.75499875	0.07178008	1.62000000	9.62000000	0.01907278	0.00000000
C29	c	0.24261028	0.58010085	0.04522826	1.68000000	9.68000000	0.01004782	0.00000000
C30	c	0.99344189	0.35529710	0.10440143	1.74000000	9.74000000	0.01832143	0.00000000
C31	c	0.40716336	0.91073949	0.12685569	1.80000000	9.80000000	0.02812143	0.00000000
C32	c	0.41768715	0.97917963	0.08505715	1.86000000	9.86000000	0.02284991	0.00000000
C33	c	0.75367065	0.13256469	0.14347181	1.92000000	9.92000000	0.01522275	0.00000000
C34	c	0.80021872	0.21306088	0.01841322	1.98000000	9.98000000	0.02162305	0.00000000
C35	c	0.08447790	0.31341046	0.07343529	2.00000000	10.00000000	0.01467981	0.00000000
C36	c	0.70947520	0.73269297	0.09294628	2.00000000	10.00000000	0.01391948	0.00000000
C37	c	0.61060528	0.72741785	0.06638974	2.00000000	10.00000000	0.02308355	0.00000000
C38	c	0.87529952	0.88670894	0.02680531	2.00000000	10.00000000	0.02853771	0.00000000
C39	c	0.22065182	0.73523134	0.09597067	2.00000000	10.00000000	0.02161434	0.00000000
C40	c	0.70990753	0.62127417	0.05720006	2.00000000	10.00000000	0.01099265	0.00000000
C41	c	0.38103861	0.74178478	0.13643432	2.00000000	10.00000000	0.02681115	0.00000000
C42	c	0.14000707	0.68363151	0.14903852	2.00000000	10.00000000	0.01365931	0.00000000
C43	c	0.06047524	0.54489679	0.05133019	2.00000000	10.00000000	0.01268919	0.00000000
C44	c	0.37818078	0.80538465	0.07558686	2.00000000	10.00000000	0.02055281	0.00000000
C45	c	0.23236137	0.83431139	0.09758226	2.00000000	10.00000000	0.01435616	0.00000000
C46	c	0.54071293	0.55355102	0.11177407	2.00000000	10.00000000	0.02609892	0.00000000
C47	c	0.25071387	0.10268631	0.12306819	2.00000000	10.00000000	0.01423261	0.00000000
C48	c	0.33721790	0.20409875	0.06884456	2.00000000	10.00000000	0.01101405	0.00000000
C49	c	0.10691286	0.20920370	0.07042167	2.00000000	10.00000000	0.02316471	0.00000000
C50	c	0.57029383	0.27951736	0.11479870	2.00000000	10.00000000	0.02596040	0.00000000

Q Vehicle fuel tank capacity /0.40000000/
C Vehicle load capacity /1.50000000/
r fuel consumption rate /0.25000000/
g inverse refueling rate /1.00000000/
v average Velocity /1.00000000/
