StringID	Type	x	y	demand	ReadyTime	DueDate	ServiceTime	altitude
D0	d	0.50000000	0.50000000	0.00000000	0.00000000	10.00000000	0.00000000	0.00000000
S0	f	0.60957979	0.66330804	0.00000000	0.00000000	10.00000000	0.00000000	0.00000000
S1	f	0.33181832	0.77301466	0.00000000	0.00000000	10.00000000	0.00000000	0.00000000
S2	f	0.57534982	0.26159754	0.00000000	0.00000000	10.00000000	0.00000000	0.00000000
S3	f	0.60736170	0.38507661	0.00000000	0.00000000	10.00000000	0.00000000	0.00000000
S4	f	0.06863772	0.39498843	0.00000000	0.00000000	10.00000000	0.00000000	0.00000000
S5	f	0.71531645	0.80489463	0.00000000	0.00000000	10.00000000	0.00000000	0.00000000
S6	f	0.88441744	0.99879791	0.00000000	0.00000000	10.00000000	0.00000000	0.00000000
S7	f	0.13044349	0.58395041	0.00000000	0.00000000	10.00000000	0.00000000	0.00000000
S8	f	0.03053371	0.01481962	0.00000000	0.00000000	10.00000000	0.00000000	0.00000000
S9	f	0.17025581	0.62587006	0.00000000	0.00000000	10.00000000	0.00000000	0.00000000
C1	c	0.44564980	0.59042545	0.06325418	0.00000000	8.00000000	0.01233823	0.00000000
C2	c	0.50884498	0.61833823	0.11761880	0.06000000	8.06000000	0.01869208	0.00000000
C3	c	0.42722374	0.66915076	0.02335745	0.12000000	8.12000000	0.02852825	0.00000000
C4	c	0.37913153	0.56283562	0.10376931	0.18000000	8.18000000	0.02148110	0.00000000
C5	c	0.47631287	0.99378105	0.02629902	0.24000000	8.24000000	0.01321637	0.00000000
C6	c	0.39126992	0.99586866	0.04257786	0.30000000	8.30000000	0.02442358	0.00000000
C7	c	0.53117331	1.00000000	0.04162372	0.36000000	8.36000000	0.02778194	0.00000000
C8	c	0.19619665	0.99280836	0.02120260	0.42000000	8.42000000	0.02234515	0.00000000
C9	c	0.13322759	0.92812913	0.06216397	0.48000000	8.48000000	0.02104548	0.00000000
C10	c	0.19539112	0.91582685	0.09024388	0.54000000	8.54000000	0.02640012	0.00000000
C11	c	0.20184625	0.98997220	0.16306949	0.60000000	8.60000000	0.02875473	0.00000000
C12	c	0.24579284	0.99632124	0.07943351	0.66000000	8.66000000	0.01960389	0.00000000
C13	c	0.23218729	1.00000000	0.11843212	0.72000000	8.72000000	0.01855708	0.00000000
C14	c	0.16041801	0.96784108	0.12298171	0.78000000	8.78000000	0.02696698	0.00000000
C15	c	0.15184581	0.91616562	0.07109610	0.84000000	8.84000000	0.01705290	0.00000000
C16	c	0.26548828	0.63434841	0.06734352	0.90000000	8.90000000	0.02320034	0.00000000
C17	c	0.36434909	0.69856854	0.10633532	0.96000000	8.96000000	0.01421745	0.00000000
C18	c	0.31004137	0.58958953	0.05007222	1.02000000	9.02000000	0.02452020	0.00000000
C19	c	0.41783464	0.67669267	0.11083935	1.08000000	9.08000000	0.02440991	0.00000000
C20	c	0.34821230	0.62056995	0.14144903	1.14000000	9.14000000	0.01029878	0.00000000
C21	c	0.39136772	0.60698415	0.11982279	1.20000000	9.20000000	0.01497148	0.00000000
C22	c	0.35806113	0.60561374	0.02180532	1.26000000	9.26000000	0.01552366	0.00000000
C23	c	0.69651984	0.63812861	0.16694173	1.32000000	9.32000000	0.02190584	0.00000000
C24	c	0.58513351	0.70331731	0.12076851	1.38000000	9.38000000	0.02655676	0.00000000
C25	c	0.67825957	0.69632913	0.14870789	1.44000000	9.44000000	0.02419566	0.00000000
C26	c	0.58885734	0.81287524	0.08665522	1.50000000	9.50000000	0.01832280	0.00000000
C27	c	0.23541785	0.00701844	0.13144777	1.56000000	9.56000000	0.01117042	0.00000000
C28	c	0.08840742	0.07593416	0.14664690	1.62000000	9.62000000	0.01098256	0.00000000
C29	c	0.55183418	0.12068497	0.15524567	1.68000000	9.68000000	0.02355461	0.00000000
C30	c	0.37474891	0.37790568	0.10684483	1.74000000	9.74000000	0.01968803	0.00000000
C31	c	0.40483469	0.32970725	0.15908014	1.80000000	9.80000000	0.02059724	0.00000000
C32	c	0.83720834	0.41519676	0.11231356	1.86000000	9.86000000	0.02913866	0.00000000
C33	c	0.54991901	0.89376373	0.15041864	1.92000000	9.92000000	0.01599800	0.00000000
C34	c	0.23416245	0.07560280	0.05219408	1.98000000	9.98000000	0.02326493	0.00000000
C35	c	0.43460379	0.92641268	0.01334371	2.00000000	10.00000000	0.02930837	0.00000000
C36	c	0.57405488	0.16081826	0.02718784	2.00000000	10.00000000	0.01202909	0.00000000
C37	c	0.72117876	0.88909706	0.02506616	2.00000000	10.00000000	0.02625493	0.00000000
C38	c	0.61725726	0.55227424	0.10601598	2.00000000	10.00000000	0.02947672	0.00000000
C39	c	0.82000607	0.93773645	0.03267820	2.00000000	10.00000000	0.02263257	0.00000000
C40	c	0.48019431	0.42785415	0.07589406	2.00000000	10.00000000	0.01984152	0.00000000
C41	c	0.84834921	0.35264524	0.07643102	2.00000000	10.00000000	0.01084216	0.00000000
C42	c	0.66001696	0.21087241	0.08101160	2.00000000	10.00000000	0.01926478	0.00000000
C43	c	0.72601013	0.72049525	0.06823255	2.00000000	10.00000000	0.01593267	0.00000000
C44	c	0.01493923	0.24857386	0.15455766	2.00000000	10.00000000	0.02281694	0.00000000
C45	c	0.82783812	0.70978287	0.08277417	2.00000000	10.00000000	0.02521280	0.00000000
C46	c	0.41613978	0.05852101	0.10569021	2.00000000	10.00000000	0.01112655	0.00000000
C47	c	0.04912798	0.67773042	0.16417764	2.00000000	10.00000000	0.01430069	0.00000000
C48	c	0.95693293	0.29989990	0.05198053	2.00000000	10.00000000	0.01182145	0.00000000
C49	c	0.66324632	0.96541851	0.02500980	2.00000000	10.00000000	0.02669350	0.00000000
C50	c	0.10145470	0.81274673	0.10789267	2.00000000	10.00000000	0.01820712	0.00000000

Q Vehicle fuel tank capacity /0.40000000/
C Vehicle load capacity /1.50000000/
r fuel consumption rate /0.25000000/
g inverse refueling rate /1.00000000/
v average Velocity /1.00000000/
