StringID	Type	x	y	demand	ReadyTime	DueDate	ServiceTime	altitude
D0	d	0.50000000	0.50000000	0.00000000	0.00000000	10.00000000	0.00000000	0.00000000
S0	f	0.20042751	0.39187302	0.00000000	0.00000000	10.00000000	0.00000000	0.00000000
S1	f	0.78979501	0.99016293	0.00000000	0.00000000	10.00000000	0.00000000	0.00000000
S2	f	0.23027213	0.35965755	0.00000000	0.00000000	10.00000000	0.00000000	0.00000000
S3	f	0.36466799	0.80456032	0.00000000	0.00000000	10.00000000	0.00000000	0.00000000
S4	f	0.72556959	0.17380248	0.00000000	0.00000000	10.00000000	0.00000000	0.00000000
S5	f	0.84373065	0.56947730	0.00000000	0.00000000	10.00000000	0.00000000	0.00000000
C1	c	0.32476011	0.44336591	0.22919204	0.00000000	8.00000000	0.01188995	0.00000000
C2	c	0.61580832	0.88652272	0.07122629	0.10000000	8.10000000	0.02428858	0.00000000
C3	c	0.22571467	0.30086155	0.09061042	0.20000000	8.20000000	0.02567218	0.00000000
C4	c	0.43720268	0.50036745	0.26198142	0.30000000	8.30000000	0.02795188	0.00000000
C5	c	0.19343845	0.04931317	0.04908562	0.40000000	8.40000000	0.01486844	0.00000000
C6	c	0.72453699	0.76547339	0.15781774	0.50000000	8.50000000	0.02939634	0.00000000
C7	c	0.57572281	0.56774617	0.22957195	0.60000000	8.60000000	0.01112052	0.00000000
C8	c	0.64916457	0.84139264	0.20786522	0.70000000	8.70000000	0.02698046	0.00000000
C9	c	0.27205928	0.89763501	0.15243020	0.80000000	8.80000000	0.02924242	0.00000000
C10	c	0.99728150	0.59058521	0.17403888	0.90000000	8.90000000	0.02864726	0.00000000
C11	c	0.93938009	0.59766481	0.16812161	1.00000000	9.00000000	0.01898847	0.00000000
C12	c	0.19582209	0.79348464	0.11217246	1.10000000	9.10000000	0.02758504	0.00000000
C13	c	0.94323418	0.54199380	0.18065790	1.20000000	9.20000000	0.02290506	0.00000000
C14	c	0.87429744	0.96487799	0.16664983	1.30000000	9.30000000	0.01613687	0.00000000
C15	c	0.67511765	0.28866465	0.14658027	1.40000000	9.40000000	0.01534519	0.00000000
C16	c	0.94100842	0.93078484	0.21667306	1.50000000	9.50000000	0.02622104	0.00000000
C17	c	0.53896383	0.20299214	0.24415061	1.60000000	9.60000000	0.02002273	0.00000000
C18	c	0.96888277	0.28458125	0.13664720	1.70000000	9.70000000	0.02338278	0.00000000
C19	c	0.20042751	0.39187302	0.21404523	1.80000000	9.80000000	0.01990129	0.00000000
C20	c	0.87843857	0.25343069	0.14054062	1.90000000	9.90000000	0.02381994	0.00000000
C21	c	0.15681809	0.94254205	0.22352004	2.00000000	10.00000000	0.02724313	0.00000000
C22	c	0.27317754	0.76848308	0.07593370	2.00000000	10.00000000	0.02944875	0.00000000
C23	c	0.89876858	0.33537917	0.21306692	2.00000000	10.00000000	0.01844543	0.00000000
C24	c	0.86277016	0.06269586	0.08937559	2.00000000	10.00000000	0.01218426	0.00000000
C25	c	0.67283667	0.35285058	0.02056091	2.00000000	10.00000000	0.01606604	0.00000000
C26	c	0.74102265	0.51638610	0.15378157	2.00000000	10.00000000	0.01338113	0.00000000
C27	c	0.09511505	0.31899420	0.04670963	2.00000000	10.00000000	0.02548777	0.00000000
C28	c	0.25135339	0.68302611	0.09315383	2.00000000	10.00000000	0.02500705	0.00000000
C29	c	0.28896506	0.59227334	0.07161594	2.00000000	10.00000000	0.01039927	0.00000000
C30	c	0.45504439	0.09599877	0.16222330	2.00000000	10.00000000	0.01334533	0.00000000

Q Vehicle fuel tank capacity /0.40000000/
C Vehicle load capacity /1.50000000/
r fuel consumption rate /0.25000000/
g inverse refueling rate /1.00000000/
v average Velocity /1.00000000/
