StringID	Type	x	y	demand	ReadyTime	DueDate	ServiceTime	altitude
D0	d	0.50000000	0.50000000	0.00000000	0.00000000	10.00000000	0.00000000	0.00000000
S0	f	0.42479403	0.78915255	0.00000000	0.00000000	10.00000000	0.00000000	0.00000000
S1	f	0.79775779	0.07359821	0.00000000	0.00000000	10.00000000	0.00000000	0.00000000
S2	f	0.40489063	0.27393350	0.00000000	0.00000000	10.00000000	0.00000000	0.00000000
S3	f	0.96188549	0.01982415	0.00000000	0.00000000	10.00000000	0.00000000	0.00000000
S4	f	0.87572498	0.40331934	0.00000000	0.00000000	10.00000000	0.00000000	0.00000000
S5	f	0.79648833	0.96688264	0.00000000	0.00000000	10.00000000	0.00000000	0.00000000
C1	c	0.38703867	0.94362583	0.18151639	0.00000000	8.00000000	0.01398661	0.00000000
C2	c	0.48857992	0.93465986	0.04460925	0.10000000	8.10000000	0.01412158	0.00000000
C3	c	0.07891056	0.15922011	0.21301550	0.20000000	8.20000000	0.02765834	0.00000000
C4	c	0.93762470	0.90920662	0.17726094	0.30000000	8.30000000	0.02719454	0.00000000
C5	c	0.21019561	0.88971868	0.17869435	0.40000000	8.40000000	0.01428341	0.00000000
C6	c	0.81758572	0.35960803	0.07511523	0.50000000	8.50000000	0.02212090	0.00000000
C7	c	0.33501797	0.96314074	0.09959907	0.60000000	8.60000000	0.02206867	0.00000000
C8	c	0.43044356	0.75346131	0.21367438	0.70000000	8.70000000	0.01557345	0.00000000
C9	c	0.32634573	0.74346012	0.22518276	0.80000000	8.80000000	0.02367639	0.00000000
C10	c	0.41097474	0.07655022	0.01965505	0.90000000	8.90000000	0.01850678	0.00000000
C11	c	0.07457799	0.28378564	0.18297757	1.00000000	9.00000000	0.02061463	0.00000000
C12	c	0.90007346	0.35267444	0.16267258	1.10000000	9.10000000	0.02145308	0.00000000
C13	c	0.23589332	0.07968374	0.21879875	1.20000000	9.20000000	0.02660150	0.00000000
C14	c	0.32516805	0.89897246	0.09319509	1.30000000	9.30000000	0.01401539	0.00000000
C15	c	0.14538510	0.35228949	0.16013029	1.40000000	9.40000000	0.01767653	0.00000000
C16	c	0.16406700	0.68587775	0.20132087	1.50000000	9.50000000	0.01109605	0.00000000
C17	c	0.52630146	0.25092493	0.08952804	1.60000000	9.60000000	0.01708291	0.00000000
C18	c	0.67993449	0.11637339	0.02183902	1.70000000	9.70000000	0.02143283	0.00000000
C19	c	0.55602705	0.21131841	0.13925853	1.80000000	9.80000000	0.01184059	0.00000000
C20	c	0.61805993	0.37801621	0.07552015	1.90000000	9.90000000	0.01364168	0.00000000
C21	c	0.13577251	0.27720516	0.19556730	2.00000000	10.00000000	0.02000677	0.00000000
C22	c	0.76213729	0.18245910	0.16764930	2.00000000	10.00000000	0.02862843	0.00000000
C23	c	0.44646008	0.80080685	0.20184249	2.00000000	10.00000000	0.01753603	0.00000000
C24	c	0.36811226	0.25094820	0.10236599	2.00000000	10.00000000	0.02450032	0.00000000
C25	c	0.62877192	0.03412322	0.19031888	2.00000000	10.00000000	0.01215672	0.00000000
C26	c	0.51148708	0.68695940	0.13618738	2.00000000	10.00000000	0.01584978	0.00000000
C27	c	0.54320149	0.35655880	0.22612275	2.00000000	10.00000000	0.01014841	0.00000000
C28	c	0.50346823	0.56571885	0.20653983	2.00000000	10.00000000	0.02748298	0.00000000
C29	c	0.51444637	0.03281638	0.08115333	2.00000000	10.00000000	0.02050429	0.00000000
C30	c	0.38131529	0.69606171	0.21868893	2.00000000	10.00000000	0.02489576	0.00000000

Q Vehicle fuel tank capacity /0.40000000/
C Vehicle load capacity /1.50000000/
r fuel consumption rate /0.25000000/
g inverse refueling rate /1.00000000/
v average Velocity /1.00000000/
