StringID	Type	x	y	demand	ReadyTime	DueDate	ServiceTime	altitude
D0	d	0.50000000	0.50000000	0.00000000	0.00000000	10.00000000	0.00000000	0.00000000
S0	f	0.77907606	0.06421727	0.00000000	0.00000000	10.00000000	0.00000000	0.00000000
S1	f	0.44059431	0.97510170	0.00000000	0.00000000	10.00000000	0.00000000	0.00000000
S2	f	0.33429735	0.20119734	0.00000000	0.00000000	10.00000000	0.00000000	0.00000000
S3	f	0.70157273	0.41658544	0.00000000	0.00000000	10.00000000	0.00000000	0.00000000
S4	f	0.03362805	0.80046567	0.00000000	0.00000000	10.00000000	0.00000000	0.00000000
S5	f	0.62136683	0.10633983	0.00000000	0.00000000	10.00000000	0.00000000	0.00000000
S6	f	0.33156029	0.13900003	0.00000000	0.00000000	10.00000000	0.00000000	0.00000000
S7	f	0.64048956	0.16525659	0.00000000	0.00000000	10.00000000	0.00000000	0.00000000
S8	f	0.86210180	0.92975467	0.00000000	0.00000000	10.00000000	0.00000000	0.00000000
S9	f	0.35166959	0.29254137	0.00000000	0.00000000	10.00000000	0.00000000	0.00000000
C1	c	0.34511604	0.77124732	0.13229841	0.00000000	8.00000000	0.01191496	0.00000000
C2	c	0.30412510	0.78677056	0.11554231	0.06000000	8.06000000	0.02554234	0.00000000
C3	c	0.45415771	0.78083298	0.14305854	0.12000000	8.12000000	0.02570572	0.00000000
C4	c	0.37376966	0.77553268	0.11825061	0.18000000	8.18000000	0.01967461	0.00000000
C5	c	0.35810050	0.71700496	0.07258124	0.24000000	8.24000000	0.02748772	0.00000000
C6	c	0.85830440	0.31311095	0.06775566	0.30000000	8.30000000	0.02867378	0.00000000
C7	c	0.83677293	0.27285711	0.14225826	0.36000000	8.36000000	0.01618595	0.00000000
C8	c	0.93685596	0.33924950	0.02350502	0.42000000	8.42000000	0.01133598	0.00000000
C9	c	0.83806574	0.31830858	0.14120627	0.48000000	8.48000000	0.01044240	0.00000000
C10	c	0.83558298	0.19280659	0.12092451	0.54000000	8.54000000	0.01944336	0.00000000
C11	c	0.86293119	0.35350263	0.05973017	0.60000000	8.60000000	0.01602105	0.00000000
C12	c	0.83689629	0.25620908	0.05465251	0.66000000	8.66000000	0.01867189	0.00000000
C13	c	0.88677753	0.34444436	0.09541816	0.72000000	8.72000000	0.01104946	0.00000000
C14	c	0.86484346	0.23410268	0.05864490	0.78000000	8.78000000	0.02236288	0.00000000
C15	c	0.49009721	0.69213525	0.07659246	0.84000000	8.84000000	0.01576598	0.00000000
C16	c	0.52673392	0.68713784	0.04135900	0.90000000	8.90000000	0.01365405	0.00000000
C17	c	0.48191383	0.58729537	0.05354354	0.96000000	8.96000000	0.01291932	0.00000000
C18	c	0.79624569	0.00000000	0.05233060	1.02000000	9.02000000	0.02276357	0.00000000
C19	c	0.74609323	0.15439001	0.09905912	1.08000000	9.08000000	0.02694022	0.00000000
C20	c	0.73510255	0.04966579	0.04527268	1.14000000	9.14000000	0.02057315	0.00000000
C21	c	0.37054481	0.56959096	0.04301774	1.20000000	9.20000000	0.01774090	0.00000000
C22	c	0.51637543	0.74966033	0.12211676	1.26000000	9.26000000	0.01773855	0.00000000
C23	c	0.41117538	0.71601705	0.10723656	1.32000000	9.32000000	0.02589986	0.00000000
C24	c	0.39244061	0.64006346	0.10370176	1.38000000	9.38000000	0.01851098	0.00000000
C25	c	0.47946959	0.74373655	0.13676675	1.44000000	9.44000000	0.01767624	0.00000000
C26	c	0.64840813	0.87925293	0.12987740	1.50000000	9.50000000	0.02852336	0.00000000
C27	c	0.08482701	0.97499704	0.07859661	1.56000000	9.56000000	0.02132365	0.00000000
C28	c	0.03448718	0.29333573	0.10476037	1.62000000	9.62000000	0.02660451	0.00000000
C29	c	0.57902469	0.05475214	0.13835602	1.68000000	9.68000000	0.01703554	0.00000000
C30	c	0.29805454	0.37382695	0.02274042	1.74000000	9.74000000	0.01971528	0.00000000
C31	c	0.10449531	0.44374651	0.15229000	1.80000000	9.80000000	0.02136968	0.00000000
C32	c	0.75246273	0.88543801	0.01541429	1.86000000	9.86000000	0.01863275	0.00000000
C33	c	0.71164017	0.85580987	0.05308543	1.92000000	9.92000000	0.02657852	0.00000000
C34	c	0.26409007	0.65139700	0.09466275	1.98000000	9.98000000	0.02864883	0.00000000
C35	c	0.75769127	0.97780174	0.01836352	2.00000000	10.00000000	0.01839625	0.00000000
C36	c	0.86240799	0.09574802	0.05377218	2.00000000	10.00000000	0.02912496	0.00000000
C37	c	0.77711697	0.78528576	0.06479960	2.00000000	10.00000000	0.01318258	0.00000000
C38	c	0.48373030	0.87438610	0.13595739	2.00000000	10.00000000	0.02558604	0.00000000
C39	c	0.06679893	0.02212003	0.03856347	2.00000000	10.00000000	0.02003675	0.00000000
C40	c	0.47216807	0.30105256	0.02560282	2.00000000	10.00000000	0.02048493	0.00000000
C41	c	0.43359434	0.05247319	0.07497524	2.00000000	10.00000000	0.02348113	0.00000000
C42	c	0.61814409	0.28829886	0.11990380	2.00000000	10.00000000	0.01750420	0.00000000
C43	c	0.18270228	0.14596606	0.13925616	2.00000000	10.00000000	0.02711172	0.00000000
C44	c	0.52865727	0.38704495	0.11396275	2.00000000	10.00000000	0.02685698	0.00000000
C45	c	0.42554895	0.38381192	0.13494427	2.00000000	10.00000000	0.01980918	0.00000000
C46	c	0.92616775	0.56618226	0.04882921	2.00000000	10.00000000	0.02774743	0.00000000
C47	c	0.43163767	0.82892601	0.10519535	2.00000000	10.00000000	0.02013526	0.00000000
C48	c	0.93244160	0.41981228	0.12066472	2.00000000	10.00000000	0.02809039	0.00000000
C49	c	0.95624781	0.15912888	0.15269818	2.00000000	10.00000000	0.02878152	0.00000000
C50	c	0.77930186	0.50183734	0.13590452	2.00000000	10.00000000	0.01353154	0.00000000

Q Vehicle fuel tank capacity /0.40000000/
C Vehicle load capacity /1.50000000/
r fuel consumption rate /0.25000000/
g inverse refueling rate /1.00000000/
v average Velocity /1.00000000/
