StringID	Type	x	y	demand	ReadyTime	DueDate	ServiceTime	altitude
D0	d	0.50000000	0.50000000	0.00000000	0.00000000	10.00000000	0.00000000	0.00000000
S0	f	0.63037375	0.91191189	0.00000000	0.00000000	10.00000000	0.00000000	0.00000000
S1	f	0.35244803	0.93449763	0.00000000	0.00000000	10.00000000	0.00000000	0.00000000
S2	f	0.52242508	0.44364438	0.00000000	0.00000000	10.00000000	0.00000000	0.00000000
S3	f	0.37571893	0.75581542	0.00000000	0.00000000	10.00000000	0.00000000	0.00000000
S4	f	0.70895548	0.07653909	0.00000000	0.00000000	10.00000000	0.00000000	0.00000000
S5	f	0.57714378	0.50516535	0.00000000	0.00000000	10.00000000	0.00000000	0.00000000
S6	f	0.98641877	0.58213376	0.00000000	0.00000000	10.00000000	0.00000000	0.00000000
S7	f	0.36754948	0.33559954	0.00000000	0.00000000	10.00000000	0.00000000	0.00000000
S8	f	0.55997440	0.67969588	0.00000000	0.00000000	10.00000000	0.00000000	0.00000000
S9	f	0.70570624	0.69245256	0.00000000	0.00000000	10.00000000	0.00000000	0.00000000
C1	c	0.76352042	0.46642249	0.04784383	0.00000000	8.00000000	0.01124965	0.00000000
C2	c	0.65111661	0.00618219	0.11543263	0.06000000	8.06000000	0.01160705	0.00000000
C3	c	0.17049083	0.36378451	0.02422536	0.12000000	8.12000000	0.01579360	0.00000000
C4	c	0.65192419	0.80127714	0.08767148	0.18000000	8.18000000	0.01870195	0.00000000
C5	c	0.03834725	0.70000503	0.09794392	0.24000000	8.24000000	0.02021659	0.00000000
C6	c	0.96156344	0.78596812	0.05086923	0.30000000	8.30000000	0.02772983	0.00000000
C7	c	0.95099721	0.07050206	0.05406206	0.36000000	8.36000000	0.01235239	0.00000000
C8	c	0.00027878	0.91083279	0.14829295	0.42000000	8.42000000	0.01516467	0.00000000
C9	c	0.66900551	0.64904420	0.08544103	0.48000000	8.48000000	0.01875296	0.00000000
C10	c	0.85243751	0.30158248	0.02588192	0.54000000	8.54000000	0.02623608	0.00000000
C11	c	0.99694189	0.05760728	0.15639245	0.60000000	8.60000000	0.01850189	0.00000000
C12	c	0.04601169	0.83840299	0.07124943	0.66000000	8.66000000	0.02621151	0.00000000
C13	c	0.69144300	0.50316349	0.11976995	0.72000000	8.72000000	0.02673320	0.00000000
C14	c	0.04610030	0.98043422	0.10655764	0.78000000	8.78000000	0.02138418	0.00000000
C15	c	0.37729359	0.41369877	0.04065451	0.84000000	8.84000000	0.02762188	0.00000000
C16	c	0.80293443	0.65991695	0.01402332	0.90000000	8.90000000	0.01604665	0.00000000
C17	c	0.27052050	0.14921480	0.05910342	0.96000000	8.96000000	0.02195622	0.00000000
C18	c	0.91544196	0.37940488	0.09353615	1.02000000	9.02000000	0.02609324	0.00000000
C19	c	0.31531206	0.29980820	0.08729283	1.08000000	9.08000000	0.01535983	0.00000000
C20	c	0.36068294	0.97986889	0.15415595	1.14000000	9.14000000	0.02027197	0.00000000
C21	c	0.59518332	0.95097232	0.09697582	1.20000000	9.20000000	0.01013591	0.00000000
C22	c	0.26046004	0.88729442	0.04993682	1.26000000	9.26000000	0.02086534	0.00000000
C23	c	0.63037375	0.91191189	0.12262171	1.32000000	9.32000000	0.01824949	0.00000000
C24	c	0.54544795	0.92447152	0.05112307	1.38000000	9.38000000	0.02830738	0.00000000
C25	c	0.47789352	0.92965195	0.05161281	1.44000000	9.44000000	0.01698539	0.00000000
C26	c	0.57527798	0.03389502	0.14317065	1.50000000	9.50000000	0.02656365	0.00000000
C27	c	0.56453998	0.15229914	0.13497125	1.56000000	9.56000000	0.01999943	0.00000000
C28	c	0.94506181	0.41377657	0.07886042	1.62000000	9.62000000	0.01059280	0.00000000
C29	c	0.95660768	0.90882906	0.08562111	1.68000000	9.68000000	0.01701585	0.00000000
C30	c	0.48413450	0.88588468	0.05240978	1.74000000	9.74000000	0.02125701	0.00000000
C31	c	0.63832501	0.74635715	0.15322294	1.80000000	9.80000000	0.01217992	0.00000000
C32	c	0.07598922	0.19176228	0.05265783	1.86000000	9.86000000	0.02938659	0.00000000
C33	c	0.07760930	0.92699261	0.09940076	1.92000000	9.92000000	0.02226613	0.00000000
C34	c	0.40872230	0.82480464	0.07956283	1.98000000	9.98000000	0.02219433	0.00000000
C35	c	0.55174315	0.35459972	0.14678972	2.00000000	10.00000000	0.01147794	0.00000000
C36	c	0.88506033	0.77701585	0.09116995	2.00000000	10.00000000	0.02532563	0.00000000
C37	c	0.38854754	0.58668869	0.06429356	2.00000000	10.00000000	0.01090946	0.00000000
C38	c	0.16359013	0.77627135	0.06276493	2.00000000	10.00000000	0.02937644	0.00000000
C39	c	0.27289966	0.84526634	0.05713451	2.00000000	10.00000000	0.02678986	0.00000000
C40	c	0.96809781	0.67478993	0.12485848	2.00000000	10.00000000	0.02139421	0.00000000
C41	c	0.70519003	0.82444434	0.13392613	2.00000000	10.00000000	0.01391087	0.00000000
C42	c	0.35244803	0.93449763	0.14799895	2.00000000	10.00000000	0.01092047	0.00000000
C43	c	0.32556357	0.38794615	0.02299651	2.00000000	10.00000000	0.02124811	0.00000000
C44	c	0.75327965	0.62412463	0.14404680	2.00000000	10.00000000	0.01639984	0.00000000
C45	c	0.31095902	0.07071259	0.02460939	2.00000000	10.00000000	0.02169463	0.00000000
C46	c	0.27078565	0.94520972	0.13565866	2.00000000	10.00000000	0.01634334	0.00000000
C47	c	0.85179678	0.71378604	0.09508033	2.00000000	10.00000000	0.02765788	0.00000000
C48	c	0.65159954	0.84721470	0.13953869	2.00000000	10.00000000	0.01389744	0.00000000
C49	c	0.98420685	0.37676121	0.13906173	2.00000000	10.00000000	0.02392480	0.00000000
C50	c	0.18159654	0.81215351	0.07752381	2.00000000	10.00000000	0.01757705	0.00000000

Q Vehicle fuel tank capacity /0.40000000/
C Vehicle load capacity /1.50000000/
r fuel consumption rate /0.25000000/
g inverse refueling rate /1.00000000/
v average Velocity /1.00000000/
