StringID	Type	x	y	demand	ReadyTime	DueDate	ServiceTime	altitude
D0	d	0.50000000	0.50000000	0.00000000	0.00000000	10.00000000	0.00000000	0.00000000
S0	f	0.97875288	0.78349634	0.00000000	0.00000000	10.00000000	0.00000000	0.00000000
S1	f	0.17369939	0.02534259	0.00000000	0.00000000	10.00000000	0.00000000	0.00000000
S2	f	0.89982208	0.09446317	0.00000000	0.00000000	10.00000000	0.00000000	0.00000000
S3	f	0.22827969	0.16793073	0.00000000	0.00000000	10.00000000	0.00000000	0.00000000
S4	f	0.35761322	0.38740553	0.00000000	0.00000000	10.00000000	0.00000000	0.00000000
S5	f	0.10629408	0.73805088	0.00000000	0.00000000	10.00000000	0.00000000	0.00000000
S6	f	0.86008495	0.58636015	0.00000000	0.00000000	10.00000000	0.00000000	0.00000000
S7	f	0.62953469	0.28112297	0.00000000	0.00000000	10.00000000	0.00000000	0.00000000
S8	f	0.55925683	0.26506948	0.00000000	0.00000000	10.00000000	0.00000000	0.00000000
S9	f	0.24302380	0.11531149	0.00000000	0.00000000	10.00000000	0.00000000	0.00000000
C1	c	0.72115706	0.86830682	0.16783965	0.00000000	8.00000000	0.01582262	0.00000000
C2	c	0.76487346	0.84625594	0.03963937	0.06000000	8.06000000	0.02640851	0.00000000
C3	c	0.78490601	0.88066568	0.04510987	0.12000000	8.12000000	0.02331370	0.00000000
C4	c	0.81489984	0.82923873	0.09187335	0.18000000	8.18000000	0.01120655	0.00000000
C5	c	0.68419137	0.73666112	0.05188518	0.24000000	8.24000000	0.02609447	0.00000000
C6	c	0.75525122	0.91466966	0.14588369	0.30000000	8.30000000	0.02532254	0.00000000
C7	c	0.65449605	0.77704097	0.18254099	0.36000000	8.36000000	0.01457816	0.00000000
C8	c	0.71192124	0.84488434	0.11492822	0.42000000	8.42000000	0.02608041	0.00000000
C9	c	0.73896563	0.87079860	0.03342426	0.48000000	8.48000000	0.01065000	0.00000000
C10	c	0.65316199	0.10315153	0.04854102	0.54000000	8.54000000	0.01372896	0.00000000
C11	c	0.78057302	0.07617228	0.19893900	0.60000000	8.60000000	0.01001127	0.00000000
C12	c	0.68168011	0.18466047	0.01340448	0.66000000	8.66000000	0.02273374	0.00000000
C13	c	0.70638682	0.06991200	0.13139751	0.72000000	8.72000000	0.01174409	0.00000000
C14	c	0.77545974	0.05889651	0.07530610	0.78000000	8.78000000	0.01737448	0.00000000
C15	c	0.89955699	0.51989508	0.06229852	0.84000000	8.84000000	0.01756762	0.00000000
C16	c	0.94740143	0.44394012	0.02362872	0.90000000	8.90000000	0.02113651	0.00000000
C17	c	0.00000000	0.22816192	0.01867934	0.96000000	8.96000000	0.02247073	0.00000000
C18	c	0.00000000	0.25467030	0.04042669	1.02000000	9.02000000	0.01175798	0.00000000
C19	c	0.72317747	0.72376658	0.03715034	1.08000000	9.08000000	0.01910982	0.00000000
C20	c	0.71118656	0.72788318	0.02899339	1.14000000	9.14000000	0.01108080	0.00000000
C21	c	0.73719744	0.65291398	0.11899543	1.20000000	9.20000000	0.01316588	0.00000000
C22	c	0.71394768	0.58270595	0.12214946	1.26000000	9.26000000	0.01664874	0.00000000
C23	c	0.70294319	0.64816332	0.03103377	1.32000000	9.32000000	0.02825819	0.00000000
C24	c	0.73542334	0.69764485	0.09451804	1.38000000	9.38000000	0.01499444	0.00000000
C25	c	0.79595308	0.65648254	0.12055435	1.44000000	9.44000000	0.02895359	0.00000000
C26	c	0.20204785	0.32685341	0.08505180	1.50000000	9.50000000	0.02304900	0.00000000
C27	c	0.22943500	0.79565304	0.05105135	1.56000000	9.56000000	0.01173439	0.00000000
C28	c	0.59927734	0.96340521	0.07434949	1.62000000	9.62000000	0.01223876	0.00000000
C29	c	0.46818585	0.14741251	0.05616386	1.68000000	9.68000000	0.01901134	0.00000000
C30	c	0.83035769	0.43667866	0.16186289	1.74000000	9.74000000	0.01214242	0.00000000
C31	c	0.01394158	0.94066509	0.16207930	1.80000000	9.80000000	0.02961267	0.00000000
C32	c	0.33183162	0.02496095	0.02901230	1.86000000	9.86000000	0.01930899	0.00000000
C33	c	0.15766334	0.52819497	0.12520436	1.92000000	9.92000000	0.02540475	0.00000000
C34	c	0.11773946	0.56524134	0.19317811	1.98000000	9.98000000	0.01947447	0.00000000
C35	c	0.34732915	0.91933361	0.10073279	2.00000000	10.00000000	0.02950864	0.00000000
C36	c	0.59110370	0.59454158	0.04085227	2.00000000	10.00000000	0.02649909	0.00000000
C37	c	0.29113103	0.82042554	0.16834140	2.00000000	10.00000000	0.02889153	0.00000000
C38	c	0.66568497	0.06032754	0.09485117	2.00000000	10.00000000	0.02518763	0.00000000
C39	c	0.80472341	0.76612710	0.01593651	2.00000000	10.00000000	0.01770668	0.00000000
C40	c	0.03250019	0.18644817	0.18893309	2.00000000	10.00000000	0.01710353	0.00000000
C41	c	0.00056371	0.63668699	0.07527880	2.00000000	10.00000000	0.01391721	0.00000000
C42	c	0.08720474	0.36872420	0.01799356	2.00000000	10.00000000	0.01279681	0.00000000
C43	c	0.37838112	0.55682565	0.04276585	2.00000000	10.00000000	0.01492089	0.00000000
C44	c	0.45549077	0.05403979	0.11193502	2.00000000	10.00000000	0.02450090	0.00000000
C45	c	0.15829421	0.33243677	0.03531304	2.00000000	10.00000000	0.02401957	0.00000000
C46	c	0.91290931	0.24972210	0.11885067	2.00000000	10.00000000	0.02546546	0.00000000
C47	c	0.94767941	0.65245003	0.07817181	2.00000000	10.00000000	0.01020849	0.00000000
C48	c	0.08671938	0.11193778	0.18495102	2.00000000	10.00000000	0.02571070	0.00000000
C49	c	0.45056722	0.10712091	0.12367854	2.00000000	10.00000000	0.01974892	0.00000000
C50	c	0.77023772	0.47372343	0.12432031	2.00000000	10.00000000	0.01357999	0.00000000

Q Vehicle fuel tank capacity /0.40000000/
C Vehicle load capacity /1.50000000/
r fuel consumption rate /0.25000000/
g inverse refueling rate /1.00000000/
v average Velocity /1.00000000/
