StringID	Type	x	y	demand	ReadyTime	DueDate	ServiceTime	altitude
D0	d	0.50000000	0.50000000	0.00000000	0.00000000	10.00000000	0.00000000	0.00000000
S0	f	0.41640358	0.86054177	0.00000000	0.00000000	10.00000000	0.00000000	0.00000000
S1	f	0.93192476	0.03592773	0.00000000	0.00000000	10.00000000	0.00000000	0.00000000
S2	f	0.03588314	0.96215076	0.00000000	0.00000000	10.00000000	0.00000000	0.00000000
S3	f	0.85419694	0.96867579	0.00000000	0.00000000	10.00000000	0.00000000	0.00000000
S4	f	0.85178943	0.16476654	0.00000000	0.00000000	10.00000000	0.00000000	0.00000000
S5	f	0.22428744	0.67059697	0.00000000	0.00000000	10.00000000	0.00000000	0.00000000
S6	f	0.19261639	0.47426840	0.00000000	0.00000000	10.00000000	0.00000000	0.00000000
S7	f	0.14973576	0.33682699	0.00000000	0.00000000	10.00000000	0.00000000	0.00000000
S8	f	0.65116009	0.00101131	0.00000000	0.00000000	10.00000000	0.00000000	0.00000000
S9	f	0.13428478	0.71670674	0.00000000	0.00000000	10.00000000	0.00000000	0.00000000
C1	c	0.29020700	0.91781769	0.14937456	0.00000000	8.00000000	0.02619389	0.00000000
C2	c	0.48966296	0.84298815	0.07166784	0.06000000	8.06000000	0.01602213	0.00000000
C3	c	0.48232015	0.87179322	0.16269199	0.12000000	8.12000000	0.01775662	0.00000000
C4	c	0.47094116	0.91217576	0.02812007	0.18000000	8.18000000	0.02227080	0.00000000
C5	c	0.40094318	0.80165808	0.09428240	0.24000000	8.24000000	0.01953483	0.00000000
C6	c	0.54312590	0.77769197	0.10453165	0.30000000	8.30000000	0.02277719	0.00000000
C7	c	0.57457830	0.84402518	0.08250783	0.36000000	8.36000000	0.01671678	0.00000000
C8	c	0.47649144	0.83268941	0.16407432	0.42000000	8.42000000	0.01998898	0.00000000
C9	c	0.51786439	0.87326590	0.06129681	0.48000000	8.48000000	0.01250066	0.00000000
C10	c	0.93598311	0.11618469	0.08514093	0.54000000	8.54000000	0.01319973	0.00000000
C11	c	0.87901856	0.09666499	0.06625998	0.60000000	8.60000000	0.01865417	0.00000000
C12	c	0.28370029	0.79803445	0.04036449	0.66000000	8.66000000	0.01841928	0.00000000
C13	c	0.28737428	0.81504118	0.02759886	0.72000000	8.72000000	0.02476090	0.00000000
C14	c	0.40241447	0.91589361	0.05010293	0.78000000	8.78000000	0.01659400	0.00000000
C15	c	0.35215579	0.95642676	0.14197547	0.84000000	8.84000000	0.01063971	0.00000000
C16	c	0.29283709	0.84665154	0.05212320	0.90000000	8.90000000	0.01747541	0.00000000
C17	c	0.42143790	0.79946973	0.02788200	0.96000000	8.96000000	0.02335905	0.00000000
C18	c	0.36798050	0.89211007	0.01630071	1.02000000	9.02000000	0.01002714	0.00000000
C19	c	0.19871250	0.77881477	0.03338577	1.08000000	9.08000000	0.02853519	0.00000000
C20	c	0.27351042	0.87334794	0.15223636	1.14000000	9.14000000	0.01961434	0.00000000
C21	c	0.31832878	0.90207962	0.03994467	1.20000000	9.20000000	0.02441282	0.00000000
C22	c	0.75449847	0.36709739	0.16836914	1.26000000	9.26000000	0.02977692	0.00000000
C23	c	0.85164457	0.39916211	0.12763561	1.32000000	9.32000000	0.02608496	0.00000000
C24	c	0.76822815	0.39129892	0.02702621	1.38000000	9.38000000	0.02806811	0.00000000
C25	c	0.77268419	0.39462338	0.12562690	1.44000000	9.44000000	0.01660338	0.00000000
C26	c	0.70800861	0.58947073	0.10133223	1.50000000	9.50000000	0.01519459	0.00000000
C27	c	0.60204746	0.28999733	0.03740959	1.56000000	9.56000000	0.01337348	0.00000000
C28	c	0.50545191	0.66440773	0.11371127	1.62000000	9.62000000	0.02355976	0.00000000
C29	c	0.98089128	0.86967075	0.10442697	1.68000000	9.68000000	0.02453996	0.00000000
C30	c	0.19062523	0.30965311	0.09327498	1.74000000	9.74000000	0.02344185	0.00000000
C31	c	0.30110628	0.38783096	0.07874842	1.80000000	9.80000000	0.02444340	0.00000000
C32	c	0.61353980	0.47674155	0.17123260	1.86000000	9.86000000	0.02330188	0.00000000
C33	c	0.63885963	0.33583905	0.05733135	1.92000000	9.92000000	0.02010248	0.00000000
C34	c	0.49944902	0.12503322	0.07603053	1.98000000	9.98000000	0.01993825	0.00000000
C35	c	0.15998627	0.43270874	0.07922150	2.00000000	10.00000000	0.02421404	0.00000000
C36	c	0.42096401	0.73804491	0.05746143	2.00000000	10.00000000	0.01889296	0.00000000
C37	c	0.32969982	0.03198531	0.09587157	2.00000000	10.00000000	0.02036468	0.00000000
C38	c	0.37377044	0.66795262	0.12649561	2.00000000	10.00000000	0.02205445	0.00000000
C39	c	0.00135690	0.92675958	0.10725798	2.00000000	10.00000000	0.01150015	0.00000000
C40	c	0.48071710	0.72064124	0.10929907	2.00000000	10.00000000	0.02904994	0.00000000
C41	c	0.98884588	0.80424823	0.05865616	2.00000000	10.00000000	0.02988314	0.00000000
C42	c	0.90340557	0.33016879	0.09362249	2.00000000	10.00000000	0.02442355	0.00000000
C43	c	0.25972968	0.16867418	0.11941958	2.00000000	10.00000000	0.02437722	0.00000000
C44	c	0.67798804	0.72699803	0.09022460	2.00000000	10.00000000	0.02472894	0.00000000
C45	c	0.66509382	0.50512410	0.14743497	2.00000000	10.00000000	0.01923552	0.00000000
C46	c	0.44464786	0.51823422	0.17078200	2.00000000	10.00000000	0.02899627	0.00000000
C47	c	0.60272247	0.07500770	0.15273191	2.00000000	10.00000000	0.02277396	0.00000000
C48	c	0.95249688	0.99415695	0.04252896	2.00000000	10.00000000	0.02408939	0.00000000
C49	c	0.72117739	0.71886098	0.06184611	2.00000000	10.00000000	0.02663687	0.00000000
C50	c	0.73644690	0.46177615	0.05312741	2.00000000	10.00000000	0.01072200	0.00000000

Q Vehicle fuel tank capacity /0.40000000/
C Vehicle load capacity /1.50000000/
r fuel consumption rate /0.25000000/
g inverse refueling rate /1.00000000/
v average Velocity /1.00000000/
