StringID	Type	x	y	demand	ReadyTime	DueDate	ServiceTime	altitude
D0	d	0.50000000	0.50000000	0.00000000	0.00000000	10.00000000	0.00000000	0.00000000
S0	f	0.33066556	0.72885420	0.00000000	0.00000000	10.00000000	0.00000000	0.00000000
S1	f	0.83571071	0.54521098	0.00000000	0.00000000	10.00000000	0.00000000	0.00000000
S2	f	0.18241398	0.39085800	0.00000000	0.00000000	10.00000000	0.00000000	0.00000000
S3	f	0.93903211	0.58415608	0.00000000	0.00000000	10.00000000	0.00000000	0.00000000
S4	f	0.91230783	0.42865175	0.00000000	0.00000000	10.00000000	0.00000000	0.00000000
S5	f	0.93991682	0.28694695	0.00000000	0.00000000	10.00000000	0.00000000	0.00000000
S6	f	0.55466332	0.26761365	0.00000000	0.00000000	10.00000000	0.00000000	0.00000000
S7	f	0.76427714	0.71613376	0.00000000	0.00000000	10.00000000	0.00000000	0.00000000
S8	f	0.55425128	0.88024238	0.00000000	0.00000000	10.00000000	0.00000000	0.00000000
S9	f	0.66690027	0.15327673	0.00000000	0.00000000	10.00000000	0.00000000	0.00000000
C1	c	0.79797969	0.85653694	0.13113272	0.00000000	8.00000000	0.02675229	0.00000000
C2	c	0.53447008	0.80539932	0.03858187	0.06000000	8.06000000	0.02499176	0.00000000
C3	c	0.19518230	0.51719286	0.06989646	0.12000000	8.12000000	0.01294436	0.00000000
C4	c	0.16986536	0.48233956	0.13899253	0.18000000	8.18000000	0.02285111	0.00000000
C5	c	0.70980970	0.63104649	0.04935479	0.24000000	8.24000000	0.02031020	0.00000000
C6	c	0.11823139	0.62748992	0.12219577	0.30000000	8.30000000	0.01649750	0.00000000
C7	c	0.26612130	0.55819912	0.03164953	0.36000000	8.36000000	0.02891568	0.00000000
C8	c	0.13146849	0.71486689	0.08777500	0.42000000	8.42000000	0.02816385	0.00000000
C9	c	0.45720303	0.14783987	0.04721405	0.48000000	8.48000000	0.01082598	0.00000000
C10	c	0.21528452	0.11700070	0.18569237	0.54000000	8.54000000	0.01708246	0.00000000
C11	c	0.86584573	0.22678732	0.14491618	0.60000000	8.60000000	0.02029514	0.00000000
C12	c	0.45365033	0.59624318	0.03100525	0.66000000	8.66000000	0.01379610	0.00000000
C13	c	0.31350883	0.35990625	0.10524021	0.72000000	8.72000000	0.01504091	0.00000000
C14	c	0.91520278	0.88036224	0.11348299	0.78000000	8.78000000	0.02648259	0.00000000
C15	c	0.27535517	0.68757904	0.05283853	0.84000000	8.84000000	0.01596082	0.00000000
C16	c	0.21534398	0.73859845	0.14094526	0.90000000	8.90000000	0.02308644	0.00000000
C17	c	0.08874076	0.22472105	0.16705909	0.96000000	8.96000000	0.02510557	0.00000000
C18	c	0.20376912	0.22242135	0.05368002	1.02000000	9.02000000	0.02734348	0.00000000
C19	c	0.91427823	0.50863852	0.04987438	1.08000000	9.08000000	0.02144095	0.00000000
C20	c	0.33066556	0.72885420	0.02462712	1.14000000	9.14000000	0.01918938	0.00000000
C21	c	0.84939765	0.55935903	0.04698649	1.20000000	9.20000000	0.01094641	0.00000000
C22	c	0.51223198	0.55152215	0.07355195	1.26000000	9.26000000	0.01587803	0.00000000
C23	c	0.57305788	0.38083954	0.12493661	1.32000000	9.32000000	0.02972991	0.00000000
C24	c	0.29304089	0.94676737	0.05250561	1.38000000	9.38000000	0.01585040	0.00000000
C25	c	0.64428175	0.39956426	0.15933786	1.44000000	9.44000000	0.01242289	0.00000000
C26	c	0.25860140	0.31623638	0.02518466	1.50000000	9.50000000	0.01483885	0.00000000
C27	c	0.02689746	0.68709987	0.06899766	1.56000000	9.56000000	0.02704089	0.00000000
C28	c	0.72512707	0.99437201	0.10692434	1.62000000	9.62000000	0.01946361	0.00000000
C29	c	0.94627551	0.01588815	0.02484914	1.68000000	9.68000000	0.02070877	0.00000000
C30	c	0.86709622	0.51811600	0.07274620	1.74000000	9.74000000	0.01680591	0.00000000
C31	c	0.08533824	0.30816899	0.08832973	1.80000000	9.80000000	0.02537019	0.00000000
C32	c	0.56837030	0.20099055	0.10985319	1.86000000	9.86000000	0.02981006	0.00000000
C33	c	0.29400346	0.14859351	0.04036262	1.92000000	9.92000000	0.02939606	0.00000000
C34	c	0.03529311	0.91870090	0.15724154	1.98000000	9.98000000	0.01850162	0.00000000
C35	c	0.32697882	0.51844878	0.11071611	2.00000000	10.00000000	0.01402754	0.00000000
C36	c	0.66498103	0.93813841	0.09745062	2.00000000	10.00000000	0.02524502	0.00000000
C37	c	0.35078838	0.16756400	0.13652175	2.00000000	10.00000000	0.01973698	0.00000000
C38	c	0.74220057	0.31843225	0.12046819	2.00000000	10.00000000	0.02018267	0.00000000
C39	c	0.26563946	0.02108674	0.11752394	2.00000000	10.00000000	0.02198660	0.00000000
C40	c	0.44573438	0.90565380	0.16572113	2.00000000	10.00000000	0.02904135	0.00000000
C41	c	0.82825871	0.17265640	0.03721200	2.00000000	10.00000000	0.01920823	0.00000000
C42	c	0.40636414	0.79303751	0.11871679	2.00000000	10.00000000	0.02845038	0.00000000
C43	c	0.13113923	0.77143511	0.14357790	2.00000000	10.00000000	0.01412047	0.00000000
C44	c	0.12428561	0.20620111	0.09072195	2.00000000	10.00000000	0.01980823	0.00000000
C45	c	0.72175437	0.39411660	0.01576298	2.00000000	10.00000000	0.02837227	0.00000000
C46	c	0.76626843	0.65008699	0.01390795	2.00000000	10.00000000	0.01145019	0.00000000
C47	c	0.14037140	0.25889040	0.06590724	2.00000000	10.00000000	0.01404505	0.00000000
C48	c	0.62599827	0.59859134	0.10981442	2.00000000	10.00000000	0.01582803	0.00000000
C49	c	0.81753810	0.93939350	0.13997705	2.00000000	10.00000000	0.02519006	0.00000000
C50	c	0.99274473	0.35018150	0.07803828	2.00000000	10.00000000	0.01599893	0.00000000

Q Vehicle fuel tank capacity /0.40000000/
C Vehicle load capacity /1.50000000/
r fuel consumption rate /0.25000000/
g inverse refueling rate /1.00000000/
v average Velocity /1.00000000/
