StringID	Type	x	y	demand	ReadyTime	DueDate	ServiceTime	altitude
D0	d	0.50000000	0.50000000	0.00000000	0.00000000	10.00000000	0.00000000	0.00000000
S0	f	0.96725213	0.77038003	0.00000000	0.00000000	10.00000000	0.00000000	0.00000000
S1	f	0.80633596	0.43678824	0.00000000	0.00000000	10.00000000	0.00000000	0.00000000
S2	f	0.34272379	0.79551409	0.00000000	0.00000000	10.00000000	0.00000000	0.00000000
S3	f	0.92001001	0.01965752	0.00000000	0.00000000	10.00000000	0.00000000	0.00000000
S4	f	0.68058940	0.02795160	0.00000000	0.00000000	10.00000000	0.00000000	0.00000000
S5	f	0.11881914	0.80076737	0.00000000	0.00000000	10.00000000	0.00000000	0.00000000
C1	c	0.53582475	0.81711142	0.19976963	0.00000000	8.00000000	0.02496099	0.00000000
C2	c	0.41056619	0.66673781	0.21614105	0.10000000	8.10000000	0.01900929	0.00000000
C3	c	0.45776311	0.34188635	0.29349940	0.20000000	8.20000000	0.01053764	0.00000000
C4	c	0.17544799	0.49210244	0.13281995	0.30000000	8.30000000	0.01018925	0.00000000
C5	c	0.56097002	0.15030538	0.10943171	0.40000000	8.40000000	0.01728431	0.00000000
C6	c	0.98529008	0.53394482	0.11301229	0.50000000	8.50000000	0.02249367	0.00000000
C7	c	0.33539924	0.32084166	0.29291506	0.60000000	8.60000000	0.01897321	0.00000000
C8	c	0.69312618	0.51545527	0.24118190	0.70000000	8.70000000	0.01325571	0.00000000
C9	c	0.18485971	0.21431514	0.14247785	0.80000000	8.80000000	0.01828986	0.00000000
C10	c	0.12660775	0.09957753	0.20656776	0.90000000	8.90000000	0.01978644	0.00000000
C11	c	0.60879723	0.56100502	0.12247515	1.00000000	9.00000000	0.01889733	0.00000000
C12	c	0.55153425	0.71648902	0.14488460	1.10000000	9.10000000	0.02964466	0.00000000
C13	c	0.83877894	0.39422882	0.11140196	1.20000000	9.20000000	0.01959971	0.00000000
C14	c	0.23155120	0.97000745	0.07466146	1.30000000	9.30000000	0.02054900	0.00000000
C15	c	0.38223544	0.22082781	0.03003554	1.40000000	9.40000000	0.01513461	0.00000000
C16	c	0.14585458	0.19924196	0.04148893	1.50000000	9.50000000	0.02211176	0.00000000
C17	c	0.17607311	0.02320990	0.03938661	1.60000000	9.60000000	0.01591047	0.00000000
C18	c	0.04706087	0.19163435	0.16831898	1.70000000	9.70000000	0.01582557	0.00000000
C19	c	0.98074310	0.73229589	0.03954614	1.80000000	9.80000000	0.01218453	0.00000000
C20	c	0.96725213	0.77038003	0.02389182	1.90000000	9.90000000	0.02736101	0.00000000
C21	c	0.26803736	0.70408991	0.22973676	2.00000000	10.00000000	0.02690627	0.00000000
C22	c	0.68394628	0.09843829	0.10551028	2.00000000	10.00000000	0.01596762	0.00000000
C23	c	0.87497004	0.18081738	0.11872944	2.00000000	10.00000000	0.02233349	0.00000000
C24	c	0.57155129	0.51696528	0.12907568	2.00000000	10.00000000	0.01567496	0.00000000
C25	c	0.70097281	0.32163363	0.24651898	2.00000000	10.00000000	0.02729179	0.00000000
C26	c	0.10101113	0.50308821	0.19122337	2.00000000	10.00000000	0.01493763	0.00000000
C27	c	0.48772179	0.13914465	0.14746922	2.00000000	10.00000000	0.01805685	0.00000000
C28	c	0.66356056	0.80459119	0.22174382	2.00000000	10.00000000	0.02184354	0.00000000
C29	c	0.18240320	0.84146855	0.17681807	2.00000000	10.00000000	0.01334659	0.00000000
C30	c	0.97726995	0.08460132	0.18926663	2.00000000	10.00000000	0.01670973	0.00000000

Q Vehicle fuel tank capacity /0.40000000/
C Vehicle load capacity /1.50000000/
r fuel consumption rate /0.25000000/
g inverse refueling rate /1.00000000/
v average Velocity /1.00000000/
