StringID	Type	x	y	demand	ReadyTime	DueDate	ServiceTime	altitude
D0	d	0.50000000	0.50000000	0.00000000	0.00000000	10.00000000	0.00000000	0.00000000
S0	f	0.96915007	0.26234204	0.00000000	0.00000000	10.00000000	0.00000000	0.00000000
S1	f	0.01055450	0.07064062	0.00000000	0.00000000	10.00000000	0.00000000	0.00000000
S2	f	0.09238706	0.96497667	0.00000000	0.00000000	10.00000000	0.00000000	0.00000000
S3	f	0.94830860	0.42081144	0.00000000	0.00000000	10.00000000	0.00000000	0.00000000
S4	f	0.48707841	0.74441138	0.00000000	0.00000000	10.00000000	0.00000000	0.00000000
S5	f	0.14535788	0.89782479	0.00000000	0.00000000	10.00000000	0.00000000	0.00000000
C1	c	1.00000000	0.29756809	0.11549861	0.00000000	8.00000000	0.02754222	0.00000000
C2	c	0.31693405	0.24791018	0.21130969	0.10000000	8.10000000	0.02886648	0.00000000
C3	c	0.42512774	0.33280279	0.17122278	0.20000000	8.20000000	0.02424625	0.00000000
C4	c	0.38155338	0.22894345	0.24091657	0.30000000	8.30000000	0.01439399	0.00000000
C5	c	0.37429836	0.30541548	0.07594890	0.40000000	8.40000000	0.01032807	0.00000000
C6	c	0.20216432	0.74979075	0.18186667	0.50000000	8.50000000	0.02814048	0.00000000
C7	c	0.25719685	0.68063970	0.23245388	0.60000000	8.60000000	0.02668291	0.00000000
C8	c	0.23629423	0.72537112	0.03011960	0.70000000	8.70000000	0.01279657	0.00000000
C9	c	0.21235133	0.75214526	0.11654273	0.80000000	8.80000000	0.02616813	0.00000000
C10	c	0.25216960	0.71262390	0.07735928	0.90000000	8.90000000	0.02398345	0.00000000
C11	c	0.16313736	0.68551770	0.06446133	1.00000000	9.00000000	0.02610565	0.00000000
C12	c	0.34028250	0.78782450	0.14376672	1.10000000	9.10000000	0.02519892	0.00000000
C13	c	0.20554149	0.69740033	0.18960073	1.20000000	9.20000000	0.01681612	0.00000000
C14	c	0.26077429	0.71618149	0.23687738	1.30000000	9.30000000	0.02520244	0.00000000
C15	c	0.13658174	0.76567785	0.08471766	1.40000000	9.40000000	0.02580670	0.00000000
C16	c	0.42244734	0.23636452	0.08587408	1.50000000	9.50000000	0.01585867	0.00000000
C17	c	0.54384398	0.82171881	0.20275332	1.60000000	9.60000000	0.01818676	0.00000000
C18	c	0.88577588	0.13595359	0.16988590	1.70000000	9.70000000	0.02465490	0.00000000
C19	c	0.92424028	0.89917723	0.12593362	1.80000000	9.80000000	0.01482581	0.00000000
C20	c	0.61160486	0.84285993	0.09339866	1.90000000	9.90000000	0.01417291	0.00000000
C21	c	0.87711109	0.94332386	0.11574493	2.00000000	10.00000000	0.02576758	0.00000000
C22	c	0.71231248	0.21969947	0.07213450	2.00000000	10.00000000	0.02354787	0.00000000
C23	c	0.01640339	0.90702419	0.14419549	2.00000000	10.00000000	0.02153450	0.00000000
C24	c	0.83414562	0.13982832	0.20931833	2.00000000	10.00000000	0.02246259	0.00000000
C25	c	0.80840633	0.69917228	0.22433077	2.00000000	10.00000000	0.01553432	0.00000000
C26	c	0.80528274	0.75994607	0.04860216	2.00000000	10.00000000	0.01071673	0.00000000
C27	c	0.79033483	0.29293330	0.23334530	2.00000000	10.00000000	0.02472866	0.00000000
C28	c	0.40933783	0.73274517	0.22747152	2.00000000	10.00000000	0.01716237	0.00000000
C29	c	0.24129036	0.20864545	0.16007595	2.00000000	10.00000000	0.02144225	0.00000000
C30	c	0.57672478	0.62312964	0.21427297	2.00000000	10.00000000	0.01992585	0.00000000

Q Vehicle fuel tank capacity /0.40000000/
C Vehicle load capacity /1.50000000/
r fuel consumption rate /0.25000000/
g inverse refueling rate /1.00000000/
v average Velocity /1.00000000/
