StringID	Type	x	y	demand	ReadyTime	DueDate	ServiceTime	altitude
D0	d	0.50000000	0.50000000	0.00000000	0.00000000	10.00000000	0.00000000	0.00000000
S0	f	0.29088228	0.65265135	0.00000000	0.00000000	10.00000000	0.00000000	0.00000000
S1	f	0.87252208	0.48649785	0.00000000	0.00000000	10.00000000	0.00000000	0.00000000
S2	f	0.84373485	0.89266326	0.00000000	0.00000000	10.00000000	0.00000000	0.00000000
S3	f	0.80867947	0.93374694	0.00000000	0.00000000	10.00000000	0.00000000	0.00000000
S4	f	0.15878143	0.74782381	0.00000000	0.00000000	10.00000000	0.00000000	0.00000000
S5	f	0.06187691	0.90990945	0.00000000	0.00000000	10.00000000	0.00000000	0.00000000
S6	f	0.79312634	0.64555043	0.00000000	0.00000000	10.00000000	0.00000000	0.00000000
S7	f	0.25595692	0.05487008	0.00000000	0.00000000	10.00000000	0.00000000	0.00000000
S8	f	0.31771304	0.34054047	0.00000000	0.00000000	10.00000000	0.00000000	0.00000000
S9	f	0.17581569	0.09331735	0.00000000	0.00000000	10.00000000	0.00000000	0.00000000
C1	c	0.06708699	0.28407769	0.16031669	0.00000000	8.00000000	0.02497538	0.00000000
C2	c	0.56135653	0.09505812	0.08771052	0.06000000	8.06000000	0.02676192	0.00000000
C3	c	0.29771345	0.41777623	0.16703278	0.12000000	8.12000000	0.01781976	0.00000000
C4	c	0.45618772	0.06857423	0.01308061	0.18000000	8.18000000	0.02956309	0.00000000
C5	c	0.68800557	0.14598924	0.14013730	0.24000000	8.24000000	0.02260813	0.00000000
C6	c	0.27280170	0.18097659	0.01639617	0.30000000	8.30000000	0.02795928	0.00000000
C7	c	0.37667869	0.98998786	0.15858688	0.36000000	8.36000000	0.02595229	0.00000000
C8	c	0.76069823	0.84216007	0.01775200	0.42000000	8.42000000	0.02914461	0.00000000
C9	c	0.00418696	0.68676429	0.06004154	0.48000000	8.48000000	0.01476441	0.00000000
C10	c	0.58275478	0.26766141	0.12772665	0.54000000	8.54000000	0.01292523	0.00000000
C11	c	0.31408399	0.71116193	0.16786366	0.60000000	8.60000000	0.01789236	0.00000000
C12	c	0.08288990	0.94515074	0.01867439	0.66000000	8.66000000	0.01771920	0.00000000
C13	c	0.50570661	0.14672200	0.15031219	0.72000000	8.72000000	0.01243518	0.00000000
C14	c	0.55926321	0.38361699	0.05773807	0.78000000	8.78000000	0.02458786	0.00000000
C15	c	0.22533788	0.83326489	0.02350665	0.84000000	8.84000000	0.02326001	0.00000000
C16	c	0.80294702	0.75540829	0.07486658	0.90000000	8.90000000	0.02575014	0.00000000
C17	c	0.31333698	0.16044530	0.07605004	0.96000000	8.96000000	0.02417664	0.00000000
C18	c	0.04275695	0.14721367	0.02800154	1.02000000	9.02000000	0.01670731	0.00000000
C19	c	0.29088228	0.65265135	0.15186523	1.08000000	9.08000000	0.02414198	0.00000000
C20	c	0.58176429	0.47547551	0.05465200	1.14000000	9.14000000	0.01367089	0.00000000
C21	c	0.65790096	0.49499876	0.07490661	1.20000000	9.20000000	0.02568560	0.00000000
C22	c	0.65721962	0.03734832	0.03734071	1.26000000	9.26000000	0.02114936	0.00000000
C23	c	0.41024935	0.72629603	0.13522585	1.32000000	9.32000000	0.01175709	0.00000000
C24	c	0.42748928	0.28444463	0.02648805	1.38000000	9.38000000	0.01696146	0.00000000
C25	c	0.88927292	0.11529360	0.03458347	1.44000000	9.44000000	0.01138320	0.00000000
C26	c	0.91447660	0.79992297	0.16443912	1.50000000	9.50000000	0.01738295	0.00000000
C27	c	0.89186536	0.26476711	0.15325992	1.56000000	9.56000000	0.02673977	0.00000000
C28	c	0.04952280	0.52567009	0.13903974	1.62000000	9.62000000	0.01527233	0.00000000
C29	c	0.88104655	0.66498085	0.15533986	1.68000000	9.68000000	0.02871499	0.00000000
C30	c	0.90325463	0.43405683	0.12707182	1.74000000	9.74000000	0.01752191	0.00000000
C31	c	0.21173117	0.20885551	0.12787284	1.80000000	9.80000000	0.01848276	0.00000000
C32	c	0.15054947	0.13834581	0.04827246	1.86000000	9.86000000	0.02558837	0.00000000
C33	c	0.51007399	0.36982450	0.08921361	1.92000000	9.92000000	0.02511192	0.00000000
C34	c	0.50160356	0.77199992	0.07263971	1.98000000	9.98000000	0.02316120	0.00000000
C35	c	0.59469880	0.75131056	0.10493324	2.00000000	10.00000000	0.01743557	0.00000000
C36	c	0.87252208	0.48649785	0.15582151	2.00000000	10.00000000	0.02423770	0.00000000
C37	c	0.70883316	0.99926903	0.14826927	2.00000000	10.00000000	0.01116114	0.00000000
C38	c	0.19682166	0.42563692	0.03873032	2.00000000	10.00000000	0.02018622	0.00000000
C39	c	0.02192304	0.96332164	0.01820559	2.00000000	10.00000000	0.02862982	0.00000000
C40	c	0.73963921	0.34902414	0.12819456	2.00000000	10.00000000	0.02970348	0.00000000
C41	c	0.12832158	0.40010786	0.05536785	2.00000000	10.00000000	0.02169231	0.00000000
C42	c	0.71409121	0.26088731	0.06864453	2.00000000	10.00000000	0.02557073	0.00000000
C43	c	0.33070964	0.46979231	0.01991802	2.00000000	10.00000000	0.02257778	0.00000000
C44	c	0.32003986	0.28172939	0.15125929	2.00000000	10.00000000	0.02909639	0.00000000
C45	c	0.87412700	0.59679985	0.01996478	2.00000000	10.00000000	0.01414307	0.00000000
C46	c	0.20370784	0.36759406	0.03666271	2.00000000	10.00000000	0.02728754	0.00000000
C47	c	0.13500519	0.05040294	0.06459251	2.00000000	10.00000000	0.02447520	0.00000000
C48	c	0.79205481	0.37282342	0.09193407	2.00000000	10.00000000	0.02794453	0.00000000
C49	c	0.29914318	0.96120877	0.16892891	2.00000000	10.00000000	0.02939311	0.00000000
C50	c	0.83880998	0.67664169	0.09056757	2.00000000	10.00000000	0.01675548	0.00000000

Q Vehicle fuel tank capacity /0.40000000/
C Vehicle load capacity /1.50000000/
r fuel consumption rate /0.25000000/
g inverse refueling rate /1.00000000/
v average Velocity /1.00000000/
