StringID	Type	x	y	demand	ReadyTime	DueDate	ServiceTime	altitude
D0	d	0.50000000	0.50000000	0.00000000	0.00000000	10.00000000	0.00000000	0.00000000
S0	f	0.23766304	0.63348696	0.00000000	0.00000000	10.00000000	0.00000000	0.00000000
S1	f	0.74937621	0.48162270	0.00000000	0.00000000	10.00000000	0.00000000	0.00000000
S2	f	0.48637135	0.80185762	0.00000000	0.00000000	10.00000000	0.00000000	0.00000000
S3	f	0.96938601	0.37266795	0.00000000	0.00000000	10.00000000	0.00000000	0.00000000
S4	f	0.12533380	0.24539100	0.00000000	0.00000000	10.00000000	0.00000000	0.00000000
S5	f	0.87889561	0.24989617	0.00000000	0.00000000	10.00000000	0.00000000	0.00000000
C1	c	0.36039853	0.06338192	0.10078305	0.00000000	8.00000000	0.01457671	0.00000000
C2	c	0.29522350	0.50125101	0.21031728	0.10000000	8.10000000	0.01830652	0.00000000
C3	c	0.78749316	0.43382801	0.15191131	0.20000000	8.20000000	0.01898487	0.00000000
C4	c	0.92303860	0.86701452	0.06110956	0.30000000	8.30000000	0.02302882	0.00000000
C5	c	0.09714479	0.84431991	0.14246776	0.40000000	8.40000000	0.02777355	0.00000000
C6	c	0.27799747	0.22431885	0.19948735	0.50000000	8.50000000	0.02087237	0.00000000
C7	c	0.42572559	0.75192700	0.19634480	0.60000000	8.60000000	0.02834650	0.00000000
C8	c	0.75076744	0.96214962	0.16420034	0.70000000	8.70000000	0.02140054	0.00000000
C9	c	0.65910130	0.91477998	0.14602127	0.80000000	8.80000000	0.02930782	0.00000000
C10	c	0.69097518	0.29548673	0.16661438	0.90000000	8.90000000	0.02024637	0.00000000
C11	c	0.75855030	0.59723686	0.07575050	1.00000000	9.00000000	0.02530319	0.00000000
C12	c	0.82132227	0.81774325	0.07394951	1.10000000	9.10000000	0.02458457	0.00000000
C13	c	0.16164521	0.38920940	0.09560189	1.20000000	9.20000000	0.01247323	0.00000000
C14	c	0.82401261	0.19089503	0.06426128	1.30000000	9.30000000	0.01902548	0.00000000
C15	c	0.47484377	0.70328290	0.18276087	1.40000000	9.40000000	0.01925726	0.00000000
C16	c	0.81498062	0.94890232	0.18838429	1.50000000	9.50000000	0.02473789	0.00000000
C17	c	0.26610987	0.86398243	0.24661716	1.60000000	9.60000000	0.01431244	0.00000000
C18	c	0.23766304	0.63348696	0.15887293	1.70000000	9.70000000	0.02590942	0.00000000
C19	c	0.85602067	0.59054168	0.19050178	1.80000000	9.80000000	0.02831517	0.00000000
C20	c	0.79277859	0.10962125	0.24875672	1.90000000	9.90000000	0.02342436	0.00000000
C21	c	0.19223884	0.78880282	0.15673754	2.00000000	10.00000000	0.01353511	0.00000000
C22	c	0.48720374	0.29686450	0.19973464	2.00000000	10.00000000	0.01244933	0.00000000
C23	c	0.65023366	0.95398662	0.07417048	2.00000000	10.00000000	0.01373722	0.00000000
C24	c	0.03434208	0.40773286	0.15158525	2.00000000	10.00000000	0.01992843	0.00000000
C25	c	0.19803082	0.90772260	0.05352185	2.00000000	10.00000000	0.02582859	0.00000000
C26	c	0.09381120	0.50391529	0.17439158	2.00000000	10.00000000	0.02245095	0.00000000
C27	c	0.35910815	0.79241606	0.19844947	2.00000000	10.00000000	0.01904745	0.00000000
C28	c	0.81463644	0.76834518	0.24099480	2.00000000	10.00000000	0.01837266	0.00000000
C29	c	0.66016309	0.62136649	0.04172889	2.00000000	10.00000000	0.01138545	0.00000000
C30	c	0.71492389	0.70549071	0.14397149	2.00000000	10.00000000	0.01764437	0.00000000

Q Vehicle fuel tank capacity /0.40000000/
C Vehicle load capacity /1.50000000/
r fuel consumption rate /0.25000000/
g inverse refueling rate /1.00000000/
v average Velocity /1.00000000/
