StringID	Type	x	y	demand	ReadyTime	DueDate	ServiceTime	altitude
D0	d	0.50000000	0.50000000	0.00000000	0.00000000	10.00000000	0.00000000	0.00000000
S0	f	0.89398710	0.47551210	0.00000000	0.00000000	10.00000000	0.00000000	0.00000000
S1	f	0.97752297	0.41440355	0.00000000	0.00000000	10.00000000	0.00000000	0.00000000
S2	f	0.86604321	0.72829725	0.00000000	0.00000000	10.00000000	0.00000000	0.00000000
S3	f	0.02815491	0.04561941	0.00000000	0.00000000	10.00000000	0.00000000	0.00000000
S4	f	0.61347106	0.60641637	0.00000000	0.00000000	10.00000000	0.00000000	0.00000000
S5	f	0.33322896	0.75386918	0.00000000	0.00000000	10.00000000	0.00000000	0.00000000
C1	c	0.13226516	0.22912399	0.13603011	0.00000000	8.00000000	0.02203473	0.00000000
C2	c	0.15107926	0.09633815	0.19175360	0.10000000	8.10000000	0.01403222	0.00000000
C3	c	0.35870867	0.42153476	0.07584674	0.20000000	8.20000000	0.02852879	0.00000000
C4	c	0.29743433	0.35508786	0.05866697	0.30000000	8.30000000	0.02627420	0.00000000
C5	c	0.59142527	0.96196992	0.24254338	0.40000000	8.40000000	0.02150331	0.00000000
C6	c	0.38115307	0.07151192	0.22686925	0.50000000	8.50000000	0.02324664	0.00000000
C7	c	0.13087862	0.27969092	0.17872693	0.60000000	8.60000000	0.01285959	0.00000000
C8	c	0.30055552	0.11958451	0.20770197	0.70000000	8.70000000	0.02164438	0.00000000
C9	c	0.44634594	0.29222500	0.01894238	0.80000000	8.80000000	0.01862341	0.00000000
C10	c	0.77671958	0.90156487	0.23878778	0.90000000	8.90000000	0.01805093	0.00000000
C11	c	0.97104481	0.13319432	0.19527194	1.00000000	9.00000000	0.02021491	0.00000000
C12	c	0.79884071	0.61457035	0.16793143	1.10000000	9.10000000	0.02194797	0.00000000
C13	c	0.27947125	0.29359588	0.10336655	1.20000000	9.20000000	0.02747379	0.00000000
C14	c	0.11253718	0.62157094	0.03842573	1.30000000	9.30000000	0.01769456	0.00000000
C15	c	0.58721227	0.45384208	0.22761071	1.40000000	9.40000000	0.02290323	0.00000000
C16	c	0.69629958	0.90724074	0.23823028	1.50000000	9.50000000	0.02329186	0.00000000
C17	c	0.67975995	0.98517496	0.02068888	1.60000000	9.60000000	0.02093140	0.00000000
C18	c	0.39071292	0.48336680	0.15408954	1.70000000	9.70000000	0.01039868	0.00000000
C19	c	0.89398710	0.47551210	0.06549170	1.80000000	9.80000000	0.02797152	0.00000000
C20	c	0.65490203	0.18563154	0.21483038	1.90000000	9.90000000	0.01729851	0.00000000
C21	c	0.36426923	0.23266793	0.05497426	2.00000000	10.00000000	0.02115696	0.00000000
C22	c	0.54738652	0.89398191	0.19354468	2.00000000	10.00000000	0.01573671	0.00000000
C23	c	0.75078491	0.20018011	0.09115906	2.00000000	10.00000000	0.01977052	0.00000000
C24	c	0.08639346	0.75917070	0.03106145	2.00000000	10.00000000	0.01290915	0.00000000
C25	c	0.17971585	0.93980260	0.21820296	2.00000000	10.00000000	0.02696342	0.00000000
C26	c	0.27596404	0.66467773	0.20301612	2.00000000	10.00000000	0.01208481	0.00000000
C27	c	0.78153083	0.16924754	0.24579619	2.00000000	10.00000000	0.01806458	0.00000000
C28	c	0.11985121	0.69763800	0.19136391	2.00000000	10.00000000	0.01904682	0.00000000
C29	c	0.02480033	0.93040326	0.21793816	2.00000000	10.00000000	0.02921317	0.00000000
C30	c	0.73833401	0.37489554	0.05113695	2.00000000	10.00000000	0.01015462	0.00000000

Q Vehicle fuel tank capacity /0.40000000/
C Vehicle load capacity /1.50000000/
r fuel consumption rate /0.25000000/
g inverse refueling rate /1.00000000/
v average Velocity /1.00000000/
