StringID	Type	x	y	demand	ReadyTime	DueDate	ServiceTime	altitude
D0	d	0.50000000	0.50000000	0.00000000	0.00000000	10.00000000	0.00000000	0.00000000
S0	f	0.27666039	0.42126964	0.00000000	0.00000000	10.00000000	0.00000000	0.00000000
S1	f	0.42131135	0.26455944	0.00000000	0.00000000	10.00000000	0.00000000	0.00000000
S2	f	0.63371706	0.87162730	0.00000000	0.00000000	10.00000000	0.00000000	0.00000000
S3	f	0.58443270	0.75558690	0.00000000	0.00000000	10.00000000	0.00000000	0.00000000
S4	f	0.02516907	0.79143995	0.00000000	0.00000000	10.00000000	0.00000000	0.00000000
S5	f	0.59857634	0.63594968	0.00000000	0.00000000	10.00000000	0.00000000	0.00000000
S6	f	0.69732920	0.78943536	0.00000000	0.00000000	10.00000000	0.00000000	0.00000000
S7	f	0.49626717	0.19148760	0.00000000	0.00000000	10.00000000	0.00000000	0.00000000
S8	f	0.16812215	0.88221770	0.00000000	0.00000000	10.00000000	0.00000000	0.00000000
S9	f	0.09187961	0.29168438	0.00000000	0.00000000	10.00000000	0.00000000	0.00000000
C1	c	0.11200491	0.90781689	0.07136797	0.00000000	8.00000000	0.02502495	0.00000000
C2	c	0.11892357	1.00000000	0.10980009	0.06000000	8.06000000	0.01056045	0.00000000
C3	c	0.02635484	0.99148542	0.13819507	0.12000000	8.12000000	0.02922126	0.00000000
C4	c	0.12556682	0.97567087	0.10239391	0.18000000	8.18000000	0.01127610	0.00000000
C5	c	0.90423959	0.12388820	0.12961896	0.24000000	8.24000000	0.02405216	0.00000000
C6	c	0.84249026	0.11263459	0.14145631	0.30000000	8.30000000	0.02212465	0.00000000
C7	c	0.70530274	0.19075148	0.12249029	0.36000000	8.36000000	0.01568078	0.00000000
C8	c	0.84185039	0.14300246	0.09597581	0.42000000	8.42000000	0.01249904	0.00000000
C9	c	0.71803823	0.15916839	0.09092253	0.48000000	8.48000000	0.02721457	0.00000000
C10	c	0.23393062	0.36378858	0.11109943	0.54000000	8.54000000	0.01790191	0.00000000
C11	c	0.20344709	0.28938134	0.10423005	0.60000000	8.60000000	0.01805715	0.00000000
C12	c	0.23121759	0.32268895	0.11329885	0.66000000	8.66000000	0.01839827	0.00000000
C13	c	0.12206499	0.38108858	0.03609544	0.72000000	8.72000000	0.01589757	0.00000000
C14	c	0.16189899	0.42674582	0.11918615	0.78000000	8.78000000	0.02387562	0.00000000
C15	c	0.40023680	0.92353128	0.01935638	0.84000000	8.84000000	0.02003680	0.00000000
C16	c	0.34420324	0.78841611	0.04303704	0.90000000	8.90000000	0.01157046	0.00000000
C17	c	0.33329885	0.90604425	0.11019104	0.96000000	8.96000000	0.02277428	0.00000000
C18	c	0.40218700	0.77000729	0.05433004	1.02000000	9.02000000	0.01576000	0.00000000
C19	c	0.60257393	0.13456308	0.08980396	1.08000000	9.08000000	0.01163207	0.00000000
C20	c	0.55358411	0.11084177	0.13523071	1.14000000	9.14000000	0.02957115	0.00000000
C21	c	0.63856968	0.14928540	0.02961086	1.20000000	9.20000000	0.01129904	0.00000000
C22	c	0.62565002	0.00000000	0.09654351	1.26000000	9.26000000	0.02314928	0.00000000
C23	c	0.56556531	0.17814059	0.13103035	1.32000000	9.32000000	0.02848865	0.00000000
C24	c	0.55445926	0.12443656	0.10079549	1.38000000	9.38000000	0.02822827	0.00000000
C25	c	0.51048348	0.09291850	0.09426489	1.44000000	9.44000000	0.01966335	0.00000000
C26	c	0.50919926	0.26861488	0.07329137	1.50000000	9.50000000	0.01306613	0.00000000
C27	c	0.97757652	0.38066695	0.11394025	1.56000000	9.56000000	0.02678696	0.00000000
C28	c	0.38673830	0.59894375	0.03363810	1.62000000	9.62000000	0.02315934	0.00000000
C29	c	0.24016720	0.96355887	0.11375425	1.68000000	9.68000000	0.01375780	0.00000000
C30	c	0.49458435	0.96923595	0.04155539	1.74000000	9.74000000	0.01822425	0.00000000
C31	c	0.60931984	0.82476015	0.04860475	1.80000000	9.80000000	0.01151751	0.00000000
C32	c	0.75124742	0.02802270	0.05883320	1.86000000	9.86000000	0.01978889	0.00000000
C33	c	0.96106282	0.06380480	0.08007628	1.92000000	9.92000000	0.02381565	0.00000000
C34	c	0.70260812	0.60623268	0.01080644	1.98000000	9.98000000	0.01481938	0.00000000
C35	c	0.28403900	0.12495222	0.07632183	2.00000000	10.00000000	0.02370793	0.00000000
C36	c	0.86072828	0.39509533	0.11915924	2.00000000	10.00000000	0.01858775	0.00000000
C37	c	0.40285775	0.41991330	0.08054052	2.00000000	10.00000000	0.01366753	0.00000000
C38	c	0.29487861	0.69378086	0.04716838	2.00000000	10.00000000	0.01180169	0.00000000
C39	c	0.63871424	0.28800018	0.14551045	2.00000000	10.00000000	0.01771291	0.00000000
C40	c	0.08160342	0.97855744	0.06271144	2.00000000	10.00000000	0.01460267	0.00000000
C41	c	0.06495207	0.65746377	0.06355362	2.00000000	10.00000000	0.02316827	0.00000000
C42	c	0.92443248	0.91141350	0.09298923	2.00000000	10.00000000	0.02310787	0.00000000
C43	c	0.48316745	0.15330670	0.04322233	2.00000000	10.00000000	0.02304883	0.00000000
C44	c	0.83934816	0.65796724	0.14356602	2.00000000	10.00000000	0.01340803	0.00000000
C45	c	0.07587569	0.48944450	0.07851325	2.00000000	10.00000000	0.01562011	0.00000000
C46	c	0.69078248	0.24096913	0.14435351	2.00000000	10.00000000	0.01152747	0.00000000
C47	c	0.68539634	0.42938731	0.09442853	2.00000000	10.00000000	0.02088991	0.00000000
C48	c	0.18337648	0.09008445	0.12431286	2.00000000	10.00000000	0.01951083	0.00000000
C49	c	0.38564544	0.23013363	0.07421986	2.00000000	10.00000000	0.01088415	0.00000000
C50	c	0.65841373	0.65539325	0.14460378	2.00000000	10.00000000	0.02829381	0.00000000

Q Vehicle fuel tank capacity /0.40000000/
C Vehicle load capacity /1.50000000/
r fuel consumption rate /0.25000000/
g inverse refueling rate /1.00000000/
v average Velocity /1.00000000/
