StringID	Type	x	y	demand	ReadyTime	DueDate	ServiceTime	altitude
D0	d	0.50000000	0.50000000	0.00000000	0.00000000	10.00000000	0.00000000	0.00000000
S0	f	0.41493703	0.96388831	0.00000000	0.00000000	10.00000000	0.00000000	0.00000000
S1	f	0.28473837	0.41614882	0.00000000	0.00000000	10.00000000	0.00000000	0.00000000
S2	f	0.19520614	0.77054648	0.00000000	0.00000000	10.00000000	0.00000000	0.00000000
S3	f	0.98111982	0.47452968	0.00000000	0.00000000	10.00000000	0.00000000	0.00000000
S4	f	0.86985988	0.76087542	0.00000000	0.00000000	10.00000000	0.00000000	0.00000000
S5	f	0.53191566	0.07841647	0.00000000	0.00000000	10.00000000	0.00000000	0.00000000
S6	f	0.33950460	0.98429869	0.00000000	0.00000000	10.00000000	0.00000000	0.00000000
S7	f	0.01174133	0.11890711	0.00000000	0.00000000	10.00000000	0.00000000	0.00000000
S8	f	0.63620092	0.17310670	0.00000000	0.00000000	10.00000000	0.00000000	0.00000000
S9	f	0.27957591	0.76801037	0.00000000	0.00000000	10.00000000	0.00000000	0.00000000
C1	c	0.83745340	0.22288001	0.01767520	0.00000000	8.00000000	0.01982402	0.00000000
C2	c	0.95695486	0.33533970	0.05700305	0.06000000	8.06000000	0.01141696	0.00000000
C3	c	0.91219159	0.42554238	0.15540253	0.12000000	8.12000000	0.01704477	0.00000000
C4	c	0.88012068	0.27193159	0.06441836	0.18000000	8.18000000	0.01217769	0.00000000
C5	c	0.50691323	0.93064082	0.05569399	0.24000000	8.24000000	0.01166325	0.00000000
C6	c	0.39777518	0.90496281	0.06444575	0.30000000	8.30000000	0.01520330	0.00000000
C7	c	0.82981867	0.28645392	0.12583346	0.36000000	8.36000000	0.01944651	0.00000000
C8	c	0.83536374	0.34735289	0.09933457	0.42000000	8.42000000	0.02733289	0.00000000
C9	c	0.85817605	0.32403433	0.11394244	0.48000000	8.48000000	0.01315245	0.00000000
C10	c	0.86725182	0.35934313	0.04367517	0.54000000	8.54000000	0.01536008	0.00000000
C11	c	0.87923772	0.23086897	0.14174237	0.60000000	8.60000000	0.02108946	0.00000000
C12	c	0.78026484	0.59454200	0.08598021	0.66000000	8.66000000	0.01854789	0.00000000
C13	c	0.73101462	0.72530218	0.04123868	0.72000000	8.72000000	0.02437268	0.00000000
C14	c	0.69952182	0.59490590	0.06817093	0.78000000	8.78000000	0.01813328	0.00000000
C15	c	0.75583446	0.65449429	0.12435665	0.84000000	8.84000000	0.02763906	0.00000000
C16	c	0.68620996	0.64227604	0.01851746	0.90000000	8.90000000	0.01573279	0.00000000
C17	c	0.76914993	0.63375006	0.08302413	0.96000000	8.96000000	0.01575783	0.00000000
C18	c	0.66319267	0.70692990	0.09492715	1.02000000	9.02000000	0.01620921	0.00000000
C19	c	0.76568451	0.61549612	0.08524352	1.08000000	9.08000000	0.02381398	0.00000000
C20	c	0.34043659	0.43880806	0.09159660	1.14000000	9.14000000	0.02931529	0.00000000
C21	c	0.37431491	0.38591980	0.05864241	1.20000000	9.20000000	0.01779714	0.00000000
C22	c	0.29175279	0.36314781	0.12735448	1.26000000	9.26000000	0.02570745	0.00000000
C23	c	0.38959633	0.37261293	0.06130903	1.32000000	9.32000000	0.02352286	0.00000000
C24	c	0.36313770	0.36983906	0.10821809	1.38000000	9.38000000	0.02283373	0.00000000
C25	c	0.36690550	0.43454522	0.06722302	1.44000000	9.44000000	0.01417640	0.00000000
C26	c	0.91760245	0.83285153	0.09271284	1.50000000	9.50000000	0.01138044	0.00000000
C27	c	0.58352930	0.99484916	0.08080378	1.56000000	9.56000000	0.02513213	0.00000000
C28	c	0.58242101	0.69468026	0.04139370	1.62000000	9.62000000	0.01606358	0.00000000
C29	c	0.49120111	0.07084789	0.02570895	1.68000000	9.68000000	0.01087561	0.00000000
C30	c	0.35223871	0.10888441	0.04745992	1.74000000	9.74000000	0.01635086	0.00000000
C31	c	0.08316230	0.26016524	0.12366327	1.80000000	9.80000000	0.01049935	0.00000000
C32	c	0.47232533	0.86664432	0.09398690	1.86000000	9.86000000	0.01988747	0.00000000
C33	c	0.15762248	0.26800386	0.09893830	1.92000000	9.92000000	0.01626104	0.00000000
C34	c	0.55447314	0.42739458	0.14543000	1.98000000	9.98000000	0.01364506	0.00000000
C35	c	0.71863414	0.40666378	0.14614619	2.00000000	10.00000000	0.01115560	0.00000000
C36	c	0.28789171	0.31046061	0.13362280	2.00000000	10.00000000	0.01176542	0.00000000
C37	c	0.69069903	0.96576470	0.13486312	2.00000000	10.00000000	0.01114795	0.00000000
C38	c	0.38985722	0.78537238	0.06778574	2.00000000	10.00000000	0.01842986	0.00000000
C39	c	0.20881990	0.06902200	0.09678119	2.00000000	10.00000000	0.02721873	0.00000000
C40	c	0.75660635	0.30317896	0.15756071	2.00000000	10.00000000	0.01594377	0.00000000
C41	c	0.04378058	0.31754282	0.14060533	2.00000000	10.00000000	0.02336717	0.00000000
C42	c	0.02496738	0.49437339	0.04824849	2.00000000	10.00000000	0.02752809	0.00000000
C43	c	0.31305208	0.18225294	0.05378947	2.00000000	10.00000000	0.01295024	0.00000000
C44	c	0.05777977	0.08827105	0.06011866	2.00000000	10.00000000	0.02440499	0.00000000
C45	c	0.05739729	0.42149320	0.09661742	2.00000000	10.00000000	0.02797651	0.00000000
C46	c	0.66835862	0.87640434	0.11320563	2.00000000	10.00000000	0.02419281	0.00000000
C47	c	0.14751203	0.72024938	0.08175005	2.00000000	10.00000000	0.02027192	0.00000000
C48	c	0.89882570	0.70964026	0.14388374	2.00000000	10.00000000	0.02968892	0.00000000
C49	c	0.51359585	0.98444583	0.15591088	2.00000000	10.00000000	0.01701148	0.00000000
C50	c	0.29278178	0.83171058	0.06404372	2.00000000	10.00000000	0.01770425	0.00000000

Q Vehicle fuel tank capacity /0.40000000/
C Vehicle load capacity /1.50000000/
r fuel consumption rate /0.25000000/
g inverse refueling rate /1.00000000/
v average Velocity /1.00000000/
