StringID	Type	x	y	demand	ReadyTime	DueDate	ServiceTime	altitude
D0	d	0.50000000	0.50000000	0.00000000	0.00000000	10.00000000	0.00000000	0.00000000
S0	f	0.16391319	0.51798029	0.00000000	0.00000000	10.00000000	0.00000000	0.00000000
S1	f	0.36550782	0.20294580	0.00000000	0.00000000	10.00000000	0.00000000	0.00000000
S2	f	0.32363155	0.04152369	0.00000000	0.00000000	10.00000000	0.00000000	0.00000000
S3	f	0.25658697	0.90029822	0.00000000	0.00000000	10.00000000	0.00000000	0.00000000
S4	f	0.70343066	0.73912645	0.00000000	0.00000000	10.00000000	0.00000000	0.00000000
S5	f	0.14071624	0.06944569	0.00000000	0.00000000	10.00000000	0.00000000	0.00000000
C1	c	0.70739579	0.19537042	0.25213022	0.00000000	8.00000000	0.01269811	0.00000000
C2	c	0.61248392	0.00412732	0.27948818	0.10000000	8.10000000	0.01188158	0.00000000
C3	c	0.66616069	0.45967358	0.29583173	0.20000000	8.20000000	0.02200294	0.00000000
C4	c	0.69462566	0.81833073	0.12671395	0.30000000	8.30000000	0.01662847	0.00000000
C5	c	0.43332637	0.03118876	0.05291875	0.40000000	8.40000000	0.02267788	0.00000000
C6	c	0.81729323	0.33011959	0.03986365	0.50000000	8.50000000	0.02395731	0.00000000
C7	c	0.93984075	0.19200538	0.13842670	0.60000000	8.60000000	0.02005213	0.00000000
C8	c	0.83546310	0.78554994	0.17406174	0.70000000	8.70000000	0.01857383	0.00000000
C9	c	0.25853612	0.75011050	0.04309817	0.80000000	8.80000000	0.02057180	0.00000000
C10	c	0.08068135	0.90174856	0.17177641	0.90000000	8.90000000	0.01429150	0.00000000
C11	c	0.65803479	0.80009601	0.25610048	1.00000000	9.00000000	0.02892797	0.00000000
C12	c	0.80245747	0.66934099	0.05151839	1.10000000	9.10000000	0.01449929	0.00000000
C13	c	0.04009142	0.62959826	0.06331227	1.20000000	9.20000000	0.01386997	0.00000000
C14	c	0.32309951	0.15277623	0.12318085	1.30000000	9.30000000	0.02063195	0.00000000
C15	c	0.24862085	0.34424187	0.15845987	1.40000000	9.40000000	0.02120292	0.00000000
C16	c	0.60726649	0.90394598	0.15890183	1.50000000	9.50000000	0.01825518	0.00000000
C17	c	0.70944207	0.31616664	0.13139184	1.60000000	9.60000000	0.02000739	0.00000000
C18	c	0.02164021	0.45642472	0.13283362	1.70000000	9.70000000	0.01762069	0.00000000
C19	c	0.16391319	0.51798029	0.06167170	1.80000000	9.80000000	0.01933011	0.00000000
C20	c	0.81916697	0.90519723	0.23633804	1.90000000	9.90000000	0.01368455	0.00000000
C21	c	0.02055696	0.04648572	0.09377757	2.00000000	10.00000000	0.01840570	0.00000000
C22	c	0.97172205	0.84302087	0.08347325	2.00000000	10.00000000	0.02354396	0.00000000
C23	c	0.42450761	0.72802149	0.09284433	2.00000000	10.00000000	0.01010924	0.00000000
C24	c	0.13008777	0.01703126	0.18731832	2.00000000	10.00000000	0.02048874	0.00000000
C25	c	0.47002846	0.69859900	0.15808465	2.00000000	10.00000000	0.02901649	0.00000000
C26	c	0.18275147	0.18829579	0.27188544	2.00000000	10.00000000	0.01823712	0.00000000
C27	c	0.70550242	0.87323991	0.21482283	2.00000000	10.00000000	0.01318621	0.00000000
C28	c	0.22001671	0.65584537	0.21912891	2.00000000	10.00000000	0.01568164	0.00000000
C29	c	0.59480864	0.14216493	0.05552593	2.00000000	10.00000000	0.01799148	0.00000000
C30	c	0.74970278	0.52188314	0.17512041	2.00000000	10.00000000	0.02931877	0.00000000

Q Vehicle fuel tank capacity /0.40000000/
C Vehicle load capacity /1.50000000/
r fuel consumption rate /0.25000000/
g inverse refueling rate /1.00000000/
v average Velocity /1.00000000/
