StringID	Type	x	y	demand	ReadyTime	DueDate	ServiceTime	altitude
D0	d	0.50000000	0.50000000	0.00000000	0.00000000	10.00000000	0.00000000	0.00000000
S0	f	0.01619859	0.26144759	0.00000000	0.00000000	10.00000000	0.00000000	0.00000000
S1	f	0.96528648	0.45894623	0.00000000	0.00000000	10.00000000	0.00000000	0.00000000
S2	f	0.61348112	0.08203326	0.00000000	0.00000000	10.00000000	0.00000000	0.00000000
S3	f	0.98851762	0.14675638	0.00000000	0.00000000	10.00000000	0.00000000	0.00000000
S4	f	0.71921393	0.04111003	0.00000000	0.00000000	10.00000000	0.00000000	0.00000000
S5	f	0.94131342	0.82819185	0.00000000	0.00000000	10.00000000	0.00000000	0.00000000
S6	f	0.34033944	0.03701742	0.00000000	0.00000000	10.00000000	0.00000000	0.00000000
S7	f	0.31827782	0.65117309	0.00000000	0.00000000	10.00000000	0.00000000	0.00000000
S8	f	0.84389433	0.79124587	0.00000000	0.00000000	10.00000000	0.00000000	0.00000000
S9	f	0.72701215	0.87322800	0.00000000	0.00000000	10.00000000	0.00000000	0.00000000
C1	c	0.98627450	0.08983524	0.12090714	0.00000000	8.00000000	0.01267066	0.00000000
C2	c	0.36954562	0.18925618	0.12586602	0.06000000	8.06000000	0.02056630	0.00000000
C3	c	0.82801429	0.53755208	0.07230260	0.12000000	8.12000000	0.01405099	0.00000000
C4	c	0.09795127	0.90013254	0.11339948	0.18000000	8.18000000	0.02513998	0.00000000
C5	c	0.64221674	0.16701899	0.06463693	0.24000000	8.24000000	0.02735852	0.00000000
C6	c	0.09561756	0.81343864	0.10901574	0.30000000	8.30000000	0.02791014	0.00000000
C7	c	0.38545802	0.57748736	0.09768335	0.36000000	8.36000000	0.01267007	0.00000000
C8	c	0.28935042	0.10440304	0.12636098	0.42000000	8.42000000	0.01245993	0.00000000
C9	c	0.21879506	0.38589255	0.01055297	0.48000000	8.48000000	0.01375022	0.00000000
C10	c	0.48515964	0.61885153	0.11748332	0.54000000	8.54000000	0.02766745	0.00000000
C11	c	0.47381266	0.41682402	0.10876191	0.60000000	8.60000000	0.02385394	0.00000000
C12	c	0.48162889	0.15405515	0.13628789	0.66000000	8.66000000	0.01532226	0.00000000
C13	c	0.18020047	0.78515010	0.13133739	0.72000000	8.72000000	0.01684015	0.00000000
C14	c	0.00859716	0.41004085	0.14291769	0.78000000	8.78000000	0.02575620	0.00000000
C15	c	0.85271829	0.47523166	0.12846711	0.84000000	8.84000000	0.01713960	0.00000000
C16	c	0.90916655	0.64829892	0.07425076	0.90000000	8.90000000	0.02294096	0.00000000
C17	c	0.66207561	0.69319320	0.13813233	0.96000000	8.96000000	0.02905974	0.00000000
C18	c	0.11626717	0.30541392	0.09781958	1.02000000	9.02000000	0.02512938	0.00000000
C19	c	0.31827786	0.29095493	0.04446118	1.08000000	9.08000000	0.01520706	0.00000000
C20	c	0.19222632	0.12200994	0.08383067	1.14000000	9.14000000	0.01256320	0.00000000
C21	c	0.43855627	0.92940406	0.08167058	1.20000000	9.20000000	0.01327485	0.00000000
C22	c	0.01619859	0.26144759	0.04015096	1.26000000	9.26000000	0.02551771	0.00000000
C23	c	0.07487120	0.99052762	0.14266600	1.32000000	9.32000000	0.01993628	0.00000000
C24	c	0.01903676	0.80854350	0.12622599	1.38000000	9.38000000	0.02025206	0.00000000
C25	c	0.84638328	0.10098284	0.02595818	1.44000000	9.44000000	0.02610593	0.00000000
C26	c	0.23615954	0.28705733	0.14761825	1.50000000	9.50000000	0.01096440	0.00000000
C27	c	0.39088151	0.53411838	0.06914823	1.56000000	9.56000000	0.01618859	0.00000000
C28	c	0.64377015	0.29568422	0.07564736	1.62000000	9.62000000	0.01453406	0.00000000
C29	c	0.99522700	0.72758654	0.13615816	1.68000000	9.68000000	0.01824793	0.00000000
C30	c	0.55618639	0.40084549	0.01862142	1.74000000	9.74000000	0.02235358	0.00000000
C31	c	0.82459493	0.15193657	0.01212447	1.80000000	9.80000000	0.01971022	0.00000000
C32	c	0.86831566	0.72487674	0.11608939	1.86000000	9.86000000	0.01939576	0.00000000
C33	c	0.55169061	0.81640866	0.14326462	1.92000000	9.92000000	0.02562904	0.00000000
C34	c	0.41231258	0.79252098	0.04813317	1.98000000	9.98000000	0.01745280	0.00000000
C35	c	0.28713043	0.80335448	0.06391039	2.00000000	10.00000000	0.02159686	0.00000000
C36	c	0.90013062	0.40713478	0.07215810	2.00000000	10.00000000	0.02586560	0.00000000
C37	c	0.94400880	0.66877298	0.09983592	2.00000000	10.00000000	0.01967627	0.00000000
C38	c	0.96528648	0.45894623	0.02099867	2.00000000	10.00000000	0.02770792	0.00000000
C39	c	0.02478217	0.99498214	0.04179925	2.00000000	10.00000000	0.01719028	0.00000000
C40	c	0.75134754	0.29849923	0.07496394	2.00000000	10.00000000	0.02258617	0.00000000
C41	c	0.11668388	0.16863091	0.10454318	2.00000000	10.00000000	0.02402763	0.00000000
C42	c	0.72336659	0.52783790	0.13999866	2.00000000	10.00000000	0.01710010	0.00000000
C43	c	0.57687564	0.88968253	0.07599605	2.00000000	10.00000000	0.01175321	0.00000000
C44	c	0.15980719	0.38606244	0.11703876	2.00000000	10.00000000	0.02775565	0.00000000
C45	c	0.70084962	0.31657586	0.11303979	2.00000000	10.00000000	0.02951360	0.00000000
C46	c	0.07050334	0.42679645	0.04241490	2.00000000	10.00000000	0.01884912	0.00000000
C47	c	0.52414195	0.89715842	0.05495514	2.00000000	10.00000000	0.01033107	0.00000000
C48	c	0.69759044	0.66110746	0.09853559	2.00000000	10.00000000	0.01528789	0.00000000
C49	c	0.91063122	0.54942713	0.02929836	2.00000000	10.00000000	0.02830704	0.00000000
C50	c	0.03480961	0.66264919	0.12256149	2.00000000	10.00000000	0.01191987	0.00000000

Q Vehicle fuel tank capacity /0.40000000/
C Vehicle load capacity /1.50000000/
r fuel consumption rate /0.25000000/
g inverse refueling rate /1.00000000/
v average Velocity /1.00000000/
