StringID	Type	x	y	demand	ReadyTime	DueDate	ServiceTime	altitude
D0	d	0.50000000	0.50000000	0.00000000	0.00000000	10.00000000	0.00000000	0.00000000
S0	f	0.08249456	0.59142370	0.00000000	0.00000000	10.00000000	0.00000000	0.00000000
S1	f	0.30693465	0.31982204	0.00000000	0.00000000	10.00000000	0.00000000	0.00000000
S2	f	0.74736072	0.29813193	0.00000000	0.00000000	10.00000000	0.00000000	0.00000000
S3	f	0.50320845	0.75814081	0.00000000	0.00000000	10.00000000	0.00000000	0.00000000
S4	f	0.46819771	0.03187134	0.00000000	0.00000000	10.00000000	0.00000000	0.00000000
S5	f	0.13356933	0.11043240	0.00000000	0.00000000	10.00000000	0.00000000	0.00000000
S6	f	0.29396882	0.10117826	0.00000000	0.00000000	10.00000000	0.00000000	0.00000000
S7	f	0.90852504	0.87633811	0.00000000	0.00000000	10.00000000	0.00000000	0.00000000
S8	f	0.63425095	0.17016339	0.00000000	0.00000000	10.00000000	0.00000000	0.00000000
S9	f	0.23062592	0.92300253	0.00000000	0.00000000	10.00000000	0.00000000	0.00000000
C1	c	0.15553497	0.30756796	0.16011246	0.00000000	8.00000000	0.02198415	0.00000000
C2	c	0.87218953	0.39939005	0.11393565	0.06000000	8.06000000	0.02717285	0.00000000
C3	c	0.41182165	0.05284715	0.03235255	0.12000000	8.12000000	0.01476774	0.00000000
C4	c	0.91311732	0.53330863	0.10396640	0.18000000	8.18000000	0.02881225	0.00000000
C5	c	0.75969057	0.02849789	0.06027032	0.24000000	8.24000000	0.01478342	0.00000000
C6	c	0.76758647	0.45366384	0.15010817	0.30000000	8.30000000	0.01665102	0.00000000
C7	c	0.91333145	0.76598551	0.16183486	0.36000000	8.36000000	0.01293816	0.00000000
C8	c	0.53183781	0.95426645	0.06462881	0.42000000	8.42000000	0.01780467	0.00000000
C9	c	0.47969452	0.42736738	0.03477925	0.48000000	8.48000000	0.02007430	0.00000000
C10	c	0.00903047	0.69635073	0.10654659	0.54000000	8.54000000	0.02081956	0.00000000
C11	c	0.23915444	0.81287273	0.06266533	0.60000000	8.60000000	0.01163538	0.00000000
C12	c	0.77576521	0.88754744	0.11767101	0.66000000	8.66000000	0.02406800	0.00000000
C13	c	0.23525102	0.18758170	0.09594412	0.72000000	8.72000000	0.01037225	0.00000000
C14	c	0.58517900	0.03380922	0.07422355	0.78000000	8.78000000	0.01555440	0.00000000
C15	c	0.65827477	0.61167367	0.03845130	0.84000000	8.84000000	0.02487221	0.00000000
C16	c	0.32407006	0.97237858	0.12913324	0.90000000	8.90000000	0.02449799	0.00000000
C17	c	0.03043276	0.39083783	0.07866218	0.96000000	8.96000000	0.01539520	0.00000000
C18	c	0.17070122	0.02616354	0.06923440	1.02000000	9.02000000	0.01914630	0.00000000
C19	c	0.14739029	0.93161577	0.05797360	1.08000000	9.08000000	0.02518043	0.00000000
C20	c	0.08249456	0.59142370	0.04354505	1.14000000	9.14000000	0.01071228	0.00000000
C21	c	0.47025033	0.17473955	0.14491726	1.20000000	9.20000000	0.01321652	0.00000000
C22	c	0.16691045	0.89215917	0.02317736	1.26000000	9.26000000	0.01255844	0.00000000
C23	c	0.19886140	0.55669273	0.07821056	1.32000000	9.32000000	0.01143665	0.00000000
C24	c	0.20145255	0.51284866	0.14005471	1.38000000	9.38000000	0.02595151	0.00000000
C25	c	0.25402257	0.59817995	0.01662389	1.44000000	9.44000000	0.01920149	0.00000000
C26	c	0.66721571	0.44010957	0.15936145	1.50000000	9.50000000	0.01684021	0.00000000
C27	c	0.97497515	0.84297947	0.13160287	1.56000000	9.56000000	0.01714695	0.00000000
C28	c	0.51602390	0.14507715	0.06601643	1.62000000	9.62000000	0.01888607	0.00000000
C29	c	0.88369782	0.48366952	0.12666714	1.68000000	9.68000000	0.01363520	0.00000000
C30	c	0.83018555	0.25965169	0.12751637	1.74000000	9.74000000	0.02674236	0.00000000
C31	c	0.27952249	0.34672775	0.14664095	1.80000000	9.80000000	0.02119241	0.00000000
C32	c	0.18586990	0.40768233	0.15822702	1.86000000	9.86000000	0.02224561	0.00000000
C33	c	0.96363188	0.64432542	0.07742501	1.92000000	9.92000000	0.01637646	0.00000000
C34	c	0.94223895	0.24541559	0.06406671	1.98000000	9.98000000	0.02796603	0.00000000
C35	c	0.74201022	0.79298193	0.16384348	2.00000000	10.00000000	0.01045709	0.00000000
C36	c	0.71427745	0.26060260	0.04651726	2.00000000	10.00000000	0.01307020	0.00000000
C37	c	0.38045816	0.71437847	0.04818173	2.00000000	10.00000000	0.02205298	0.00000000
C38	c	0.88684279	0.17013773	0.05264045	2.00000000	10.00000000	0.01710165	0.00000000
C39	c	0.71235849	0.84844275	0.01758286	2.00000000	10.00000000	0.02677232	0.00000000
C40	c	0.72371675	0.00572016	0.08322943	2.00000000	10.00000000	0.02672031	0.00000000
C41	c	0.49064437	0.23590165	0.15464779	2.00000000	10.00000000	0.01018265	0.00000000
C42	c	0.27114274	0.52233717	0.11724451	2.00000000	10.00000000	0.02360686	0.00000000
C43	c	0.84116924	0.29904969	0.04062642	2.00000000	10.00000000	0.01851251	0.00000000
C44	c	0.44360138	0.47620267	0.12241464	2.00000000	10.00000000	0.01377537	0.00000000
C45	c	0.50136259	0.88504892	0.09647275	2.00000000	10.00000000	0.02969907	0.00000000
C46	c	0.86967363	0.76821431	0.03991836	2.00000000	10.00000000	0.01085598	0.00000000
C47	c	0.78449627	0.37308789	0.08751116	2.00000000	10.00000000	0.02794007	0.00000000
C48	c	0.99049592	0.11139765	0.04765001	2.00000000	10.00000000	0.02265995	0.00000000
C49	c	0.39883710	0.85549268	0.08457850	2.00000000	10.00000000	0.01415829	0.00000000
C50	c	0.20055507	0.44866251	0.08039408	2.00000000	10.00000000	0.02587698	0.00000000

Q Vehicle fuel tank capacity /0.40000000/
C Vehicle load capacity /1.50000000/
r fuel consumption rate /0.25000000/
g inverse refueling rate /1.00000000/
v average Velocity /1.00000000/
