StringID	Type	x	y	demand	ReadyTime	DueDate	ServiceTime	altitude
D0	d	0.50000000	0.50000000	0.00000000	0.00000000	10.00000000	0.00000000	0.00000000
S0	f	0.30201559	0.81785615	0.00000000	0.00000000	10.00000000	0.00000000	0.00000000
S1	f	0.37389446	0.71442516	0.00000000	0.00000000	10.00000000	0.00000000	0.00000000
S2	f	0.66391996	0.30828173	0.00000000	0.00000000	10.00000000	0.00000000	0.00000000
S3	f	0.79678027	0.73166803	0.00000000	0.00000000	10.00000000	0.00000000	0.00000000
S4	f	0.38514262	0.55551296	0.00000000	0.00000000	10.00000000	0.00000000	0.00000000
S5	f	0.65534927	0.06840733	0.00000000	0.00000000	10.00000000	0.00000000	0.00000000
S6	f	0.77814244	0.84769289	0.00000000	0.00000000	10.00000000	0.00000000	0.00000000
S7	f	0.23656192	0.56340108	0.00000000	0.00000000	10.00000000	0.00000000	0.00000000
S8	f	0.92250239	0.63246523	0.00000000	0.00000000	10.00000000	0.00000000	0.00000000
S9	f	0.22834526	0.84169429	0.00000000	0.00000000	10.00000000	0.00000000	0.00000000
C1	c	0.20347351	0.47365524	0.11815816	0.00000000	8.00000000	0.01200264	0.00000000
C2	c	0.33208573	0.49818216	0.15142777	0.06000000	8.06000000	0.02062078	0.00000000
C3	c	0.22950808	0.43885637	0.13123832	0.12000000	8.12000000	0.01197212	0.00000000
C4	c	0.04421677	0.69041194	0.12956461	0.18000000	8.18000000	0.01954748	0.00000000
C5	c	0.82633949	0.26140340	0.03846402	0.24000000	8.24000000	0.01583522	0.00000000
C6	c	0.92332562	0.21987702	0.09309232	0.30000000	8.30000000	0.02812562	0.00000000
C7	c	0.99729126	0.40125016	0.08269068	0.36000000	8.36000000	0.01967402	0.00000000
C8	c	0.61058004	0.00086876	0.04191354	0.42000000	8.42000000	0.02808616	0.00000000
C9	c	0.94383476	0.12010274	0.01603137	0.48000000	8.48000000	0.02175346	0.00000000
C10	c	0.12473843	0.91407468	0.13051095	0.54000000	8.54000000	0.02003154	0.00000000
C11	c	0.38845422	0.17741778	0.16307123	0.60000000	8.60000000	0.02284226	0.00000000
C12	c	0.21711131	0.24755090	0.11370096	0.66000000	8.66000000	0.02553089	0.00000000
C13	c	0.95165336	0.00634612	0.12983093	0.72000000	8.72000000	0.02553978	0.00000000
C14	c	0.02619642	0.61991387	0.11980347	0.78000000	8.78000000	0.01346102	0.00000000
C15	c	0.75101759	0.03668656	0.10929906	0.84000000	8.84000000	0.02512294	0.00000000
C16	c	0.63129888	0.88397187	0.09561658	0.90000000	8.90000000	0.02793433	0.00000000
C17	c	0.29725994	0.67696994	0.07868335	0.96000000	8.96000000	0.01723148	0.00000000
C18	c	0.11833804	0.24093202	0.04747706	1.02000000	9.02000000	0.02325230	0.00000000
C19	c	0.30201559	0.81785615	0.11862795	1.08000000	9.08000000	0.01463596	0.00000000
C20	c	0.21902981	0.03648636	0.07963974	1.14000000	9.14000000	0.01946773	0.00000000
C21	c	0.40948826	0.82440103	0.09241856	1.20000000	9.20000000	0.01352782	0.00000000
C22	c	0.71383145	0.44861863	0.05583406	1.26000000	9.26000000	0.02082899	0.00000000
C23	c	0.82928767	0.62585641	0.06732636	1.32000000	9.32000000	0.02742721	0.00000000
C24	c	0.32583243	0.28708480	0.03313082	1.38000000	9.38000000	0.02406855	0.00000000
C25	c	0.84773238	0.56079680	0.12230413	1.44000000	9.44000000	0.01865482	0.00000000
C26	c	0.50014592	0.70628651	0.13490036	1.50000000	9.50000000	0.01723252	0.00000000
C27	c	0.58666094	0.10366514	0.06407786	1.56000000	9.56000000	0.01970545	0.00000000
C28	c	0.54010413	0.39405724	0.05566658	1.62000000	9.62000000	0.01834950	0.00000000
C29	c	0.10945602	0.33217209	0.07532615	1.68000000	9.68000000	0.02615921	0.00000000
C30	c	0.56220465	0.73028624	0.14786289	1.74000000	9.74000000	0.01871998	0.00000000
C31	c	0.41897345	0.96972138	0.11143503	1.80000000	9.80000000	0.02208480	0.00000000
C32	c	0.86221698	0.19457971	0.02565613	1.86000000	9.86000000	0.01890789	0.00000000
C33	c	0.99801690	0.03676075	0.03683236	1.92000000	9.92000000	0.02258144	0.00000000
C34	c	0.07711500	0.11946909	0.10585414	1.98000000	9.98000000	0.02332296	0.00000000
C35	c	0.99727762	0.09280459	0.07401920	2.00000000	10.00000000	0.02473737	0.00000000
C36	c	0.16395827	0.16276195	0.03691094	2.00000000	10.00000000	0.02337781	0.00000000
C37	c	0.37389446	0.71442516	0.10305855	2.00000000	10.00000000	0.02582382	0.00000000
C38	c	0.98542458	0.63382244	0.10470236	2.00000000	10.00000000	0.02856658	0.00000000
C39	c	0.96529875	0.55115253	0.11005408	2.00000000	10.00000000	0.01829039	0.00000000
C40	c	0.19176717	0.37909127	0.06618656	2.00000000	10.00000000	0.01621495	0.00000000
C41	c	0.20461768	0.29194262	0.15983512	2.00000000	10.00000000	0.02132412	0.00000000
C42	c	0.02428820	0.01098805	0.10337197	2.00000000	10.00000000	0.01704830	0.00000000
C43	c	0.33649993	0.87657339	0.08432167	2.00000000	10.00000000	0.02532836	0.00000000
C44	c	0.26572098	0.70975954	0.03210877	2.00000000	10.00000000	0.01610757	0.00000000
C45	c	0.53868769	0.94887742	0.04705106	2.00000000	10.00000000	0.01910251	0.00000000
C46	c	0.55066422	0.24649524	0.15413050	2.00000000	10.00000000	0.02133412	0.00000000
C47	c	0.89247376	0.37283295	0.08207064	2.00000000	10.00000000	0.02118721	0.00000000
C48	c	0.60147100	0.77622004	0.12640786	2.00000000	10.00000000	0.01441405	0.00000000
C49	c	0.68161298	0.57333243	0.02006730	2.00000000	10.00000000	0.01908216	0.00000000
C50	c	0.44081305	0.59831010	0.07823589	2.00000000	10.00000000	0.02817567	0.00000000

Q Vehicle fuel tank capacity /0.40000000/
C Vehicle load capacity /1.50000000/
r fuel consumption rate /0.25000000/
g inverse refueling rate /1.00000000/
v average Velocity /1.00000000/
