StringID	Type	x	y	demand	ReadyTime	DueDate	ServiceTime	altitude
D0	d	0.50000000	0.50000000	0.00000000	0.00000000	10.00000000	0.00000000	0.00000000
S0	f	0.17793469	0.11620579	0.00000000	0.00000000	10.00000000	0.00000000	0.00000000
S1	f	0.65901375	0.93642044	0.00000000	0.00000000	10.00000000	0.00000000	0.00000000
S2	f	0.73548114	0.06922226	0.00000000	0.00000000	10.00000000	0.00000000	0.00000000
S3	f	0.10088612	0.80433206	0.00000000	0.00000000	10.00000000	0.00000000	0.00000000
S4	f	0.82886267	0.39849780	0.00000000	0.00000000	10.00000000	0.00000000	0.00000000
S5	f	0.12045159	0.34954833	0.00000000	0.00000000	10.00000000	0.00000000	0.00000000
S6	f	0.36716900	0.36520110	0.00000000	0.00000000	10.00000000	0.00000000	0.00000000
S7	f	0.22523815	0.52993182	0.00000000	0.00000000	10.00000000	0.00000000	0.00000000
S8	f	0.96320073	0.90142389	0.00000000	0.00000000	10.00000000	0.00000000	0.00000000
S9	f	0.68063822	0.47549740	0.00000000	0.00000000	10.00000000	0.00000000	0.00000000
C1	c	0.05943590	0.28602803	0.12214548	0.00000000	8.00000000	0.01143220	0.00000000
C2	c	0.02698379	0.19165539	0.01335492	0.06000000	8.06000000	0.01413857	0.00000000
C3	c	0.00000000	0.11215216	0.03697353	0.12000000	8.12000000	0.02670302	0.00000000
C4	c	0.09762152	0.23749159	0.04634495	0.18000000	8.18000000	0.02138462	0.00000000
C5	c	0.10485398	0.27601085	0.12148216	0.24000000	8.24000000	0.01078845	0.00000000
C6	c	0.00000000	0.30919920	0.06066213	0.30000000	8.30000000	0.01146945	0.00000000
C7	c	0.06536718	0.18507436	0.11072456	0.36000000	8.36000000	0.02135900	0.00000000
C8	c	0.10299093	0.11865660	0.02840458	0.42000000	8.42000000	0.01934523	0.00000000
C9	c	0.94400178	0.70221655	0.10480157	0.48000000	8.48000000	0.02608961	0.00000000
C10	c	0.97092528	0.63721436	0.11841800	0.54000000	8.54000000	0.01388942	0.00000000
C11	c	0.95676218	0.58677392	0.13774134	0.60000000	8.60000000	0.02979606	0.00000000
C12	c	0.95189112	0.54216775	0.01661301	0.66000000	8.66000000	0.02898399	0.00000000
C13	c	0.93459459	0.60883989	0.05938884	0.72000000	8.72000000	0.01402329	0.00000000
C14	c	0.68105923	0.22851270	0.05243924	0.78000000	8.78000000	0.02693118	0.00000000
C15	c	0.69363495	0.28529003	0.01589621	0.84000000	8.84000000	0.01215944	0.00000000
C16	c	0.72102360	0.25183128	0.10079391	0.90000000	8.90000000	0.01348619	0.00000000
C17	c	0.78783922	0.22257408	0.08553048	0.96000000	8.96000000	0.02037105	0.00000000
C18	c	0.50697480	0.87780715	0.08854096	1.02000000	9.02000000	0.02262636	0.00000000
C19	c	0.52391683	0.85632823	0.15098378	1.08000000	9.08000000	0.01880623	0.00000000
C20	c	0.58382845	0.74722119	0.10345790	1.14000000	9.14000000	0.02432010	0.00000000
C21	c	0.49484122	0.85174710	0.11764060	1.20000000	9.20000000	0.01859506	0.00000000
C22	c	0.61030722	0.76468528	0.02787392	1.26000000	9.26000000	0.02785927	0.00000000
C23	c	0.76134436	0.48469889	0.03743852	1.32000000	9.32000000	0.02082997	0.00000000
C24	c	0.71249639	0.52585377	0.10894316	1.38000000	9.38000000	0.01100658	0.00000000
C25	c	0.60781972	0.50509444	0.06523923	1.44000000	9.44000000	0.02358966	0.00000000
C26	c	0.93724195	0.79387332	0.04624175	1.50000000	9.50000000	0.02330714	0.00000000
C27	c	0.29718244	0.31990943	0.02228885	1.56000000	9.56000000	0.02149739	0.00000000
C28	c	0.44056772	0.06798500	0.05321028	1.62000000	9.62000000	0.02891929	0.00000000
C29	c	0.82021348	0.96378321	0.15429713	1.68000000	9.68000000	0.01545511	0.00000000
C30	c	0.95318046	0.43958631	0.13236592	1.74000000	9.74000000	0.01444107	0.00000000
C31	c	0.75623209	0.86509571	0.05638672	1.80000000	9.80000000	0.01558025	0.00000000
C32	c	0.53098990	0.52966394	0.05986329	1.86000000	9.86000000	0.02680510	0.00000000
C33	c	0.76205335	0.69445961	0.07832048	1.92000000	9.92000000	0.02138856	0.00000000
C34	c	0.76309574	0.96474142	0.02132621	1.98000000	9.98000000	0.02753885	0.00000000
C35	c	0.83515121	0.56923080	0.13639519	2.00000000	10.00000000	0.01790600	0.00000000
C36	c	0.03942238	0.07347257	0.15835717	2.00000000	10.00000000	0.01320695	0.00000000
C37	c	0.56795008	0.46726143	0.15673526	2.00000000	10.00000000	0.02149245	0.00000000
C38	c	0.98980280	0.94919950	0.07817035	2.00000000	10.00000000	0.02033526	0.00000000
C39	c	0.20116463	0.84655918	0.10111978	2.00000000	10.00000000	0.02397592	0.00000000
C40	c	0.10797182	0.17430960	0.08294979	2.00000000	10.00000000	0.01890201	0.00000000
C41	c	0.51855236	0.63131819	0.12660791	2.00000000	10.00000000	0.02874985	0.00000000
C42	c	0.44031154	0.71600512	0.14326086	2.00000000	10.00000000	0.02730318	0.00000000
C43	c	0.42975311	0.89296344	0.09215243	2.00000000	10.00000000	0.02661639	0.00000000
C44	c	0.54149855	0.05032904	0.09194960	2.00000000	10.00000000	0.02115724	0.00000000
C45	c	0.67948312	0.66535715	0.12749839	2.00000000	10.00000000	0.02791045	0.00000000
C46	c	0.57486928	0.94596443	0.11715852	2.00000000	10.00000000	0.01634638	0.00000000
C47	c	0.27275539	0.22205362	0.12790839	2.00000000	10.00000000	0.02699351	0.00000000
C48	c	0.27901233	0.84025523	0.11744116	2.00000000	10.00000000	0.01456760	0.00000000
C49	c	0.56942821	0.87694258	0.12765785	2.00000000	10.00000000	0.02516153	0.00000000
C50	c	0.39529995	0.16034774	0.15850375	2.00000000	10.00000000	0.01664998	0.00000000

Q Vehicle fuel tank capacity /0.40000000/
C Vehicle load capacity /1.50000000/
r fuel consumption rate /0.25000000/
g inverse refueling rate /1.00000000/
v average Velocity /1.00000000/
