StringID	Type	x	y	demand	ReadyTime	DueDate	ServiceTime	altitude
D0	d	0.50000000	0.50000000	0.00000000	0.00000000	10.00000000	0.00000000	0.00000000
S0	f	0.88951955	0.12630449	0.00000000	0.00000000	10.00000000	0.00000000	0.00000000
S1	f	0.07908924	0.58586330	0.00000000	0.00000000	10.00000000	0.00000000	0.00000000
S2	f	0.56761229	0.69962400	0.00000000	0.00000000	10.00000000	0.00000000	0.00000000
S3	f	0.83742143	0.88660314	0.00000000	0.00000000	10.00000000	0.00000000	0.00000000
S4	f	0.80560166	0.75289516	0.00000000	0.00000000	10.00000000	0.00000000	0.00000000
S5	f	0.77946500	0.68182089	0.00000000	0.00000000	10.00000000	0.00000000	0.00000000
S6	f	0.21335024	0.88760420	0.00000000	0.00000000	10.00000000	0.00000000	0.00000000
S7	f	0.56603954	0.28452069	0.00000000	0.00000000	10.00000000	0.00000000	0.00000000
S8	f	0.39424096	0.27096384	0.00000000	0.00000000	10.00000000	0.00000000	0.00000000
S9	f	0.49661729	0.71148122	0.00000000	0.00000000	10.00000000	0.00000000	0.00000000
C1	c	0.24490514	0.76067233	0.03726892	0.00000000	8.00000000	0.01710222	0.00000000
C2	c	0.41906814	0.50958654	0.07337368	0.06000000	8.06000000	0.02137787	0.00000000
C3	c	0.03381863	0.60649158	0.01992980	0.12000000	8.12000000	0.01265265	0.00000000
C4	c	0.16784311	0.79993584	0.05907036	0.18000000	8.18000000	0.02159574	0.00000000
C5	c	0.41794549	0.72174685	0.02854922	0.24000000	8.24000000	0.01592607	0.00000000
C6	c	0.44768656	0.12931249	0.05110968	0.30000000	8.30000000	0.02058682	0.00000000
C7	c	0.59012359	0.81500010	0.04166507	0.36000000	8.36000000	0.01989973	0.00000000
C8	c	0.05228867	0.91402887	0.08798604	0.42000000	8.42000000	0.02918708	0.00000000
C9	c	0.68989014	0.38072190	0.10011008	0.48000000	8.48000000	0.01472602	0.00000000
C10	c	0.28352525	0.78631124	0.16045058	0.54000000	8.54000000	0.02761628	0.00000000
C11	c	0.60500997	0.99532452	0.05440593	0.60000000	8.60000000	0.02904813	0.00000000
C12	c	0.13730984	0.51412421	0.03564078	0.66000000	8.66000000	0.01449786	0.00000000
C13	c	0.09341154	0.21768238	0.07554511	0.72000000	8.72000000	0.01274391	0.00000000
C14	c	0.91324353	0.16986778	0.07252856	0.78000000	8.78000000	0.01188059	0.00000000
C15	c	0.77140132	0.11477283	0.08966038	0.84000000	8.84000000	0.01459688	0.00000000
C16	c	0.18324172	0.51008626	0.07479867	0.90000000	8.90000000	0.01642142	0.00000000
C17	c	0.28962492	0.04659559	0.14791095	0.96000000	8.96000000	0.01682657	0.00000000
C18	c	0.32610588	0.46743463	0.02444262	1.02000000	9.02000000	0.02666049	0.00000000
C19	c	0.62604341	0.10540621	0.18251640	1.08000000	9.08000000	0.01127426	0.00000000
C20	c	0.88951955	0.12630449	0.06444329	1.14000000	9.14000000	0.01760774	0.00000000
C21	c	0.72542749	0.52557277	0.08294403	1.20000000	9.20000000	0.02684729	0.00000000
C22	c	0.05618688	0.14753002	0.06065478	1.26000000	9.26000000	0.02987915	0.00000000
C23	c	0.79477680	0.60742147	0.14007785	1.32000000	9.32000000	0.02582371	0.00000000
C24	c	0.62129281	0.72238611	0.17237498	1.38000000	9.38000000	0.01039736	0.00000000
C25	c	0.44232924	0.90995247	0.04807827	1.44000000	9.44000000	0.02515134	0.00000000
C26	c	0.48984590	0.94535808	0.03839970	1.50000000	9.50000000	0.01730269	0.00000000
C27	c	0.02535020	0.85891068	0.17159561	1.56000000	9.56000000	0.02666492	0.00000000
C28	c	0.18457314	0.85864191	0.09947924	1.62000000	9.62000000	0.02056617	0.00000000
C29	c	0.33969658	0.66771297	0.08559743	1.68000000	9.68000000	0.02423661	0.00000000
C30	c	0.23661244	0.40318667	0.09484514	1.74000000	9.74000000	0.01827682	0.00000000
C31	c	0.80586027	0.05783883	0.11431785	1.80000000	9.80000000	0.01198028	0.00000000
C32	c	0.25166009	0.25865640	0.05926574	1.86000000	9.86000000	0.01570742	0.00000000
C33	c	0.69949441	0.09636784	0.04406275	1.92000000	9.92000000	0.01105705	0.00000000
C34	c	0.58317236	0.43405613	0.06278135	1.98000000	9.98000000	0.01879598	0.00000000
C35	c	0.07908924	0.58586330	0.10556282	2.00000000	10.00000000	0.02622403	0.00000000
C36	c	0.24848346	0.66309569	0.16460140	2.00000000	10.00000000	0.01470384	0.00000000
C37	c	0.95115696	0.11979868	0.01621285	2.00000000	10.00000000	0.01220429	0.00000000
C38	c	0.68533869	0.72401138	0.02595061	2.00000000	10.00000000	0.01775867	0.00000000
C39	c	0.29667248	0.74129163	0.04404306	2.00000000	10.00000000	0.02812162	0.00000000
C40	c	0.83626089	0.09149919	0.15205484	2.00000000	10.00000000	0.02371731	0.00000000
C41	c	0.17100031	0.40386782	0.10273340	2.00000000	10.00000000	0.01059279	0.00000000
C42	c	0.00469069	0.74927211	0.14477506	2.00000000	10.00000000	0.02551463	0.00000000
C43	c	0.17721654	0.72010962	0.13535088	2.00000000	10.00000000	0.01002015	0.00000000
C44	c	0.64618713	0.89646732	0.16498373	2.00000000	10.00000000	0.02644853	0.00000000
C45	c	0.88008975	0.78431361	0.05510365	2.00000000	10.00000000	0.02011294	0.00000000
C46	c	0.54344596	0.39440626	0.14972942	2.00000000	10.00000000	0.02009948	0.00000000
C47	c	0.70628541	0.81604919	0.12346085	2.00000000	10.00000000	0.02154380	0.00000000
C48	c	0.95010134	0.03299780	0.17089158	2.00000000	10.00000000	0.01560443	0.00000000
C49	c	0.47395120	0.38536253	0.03372214	2.00000000	10.00000000	0.02901017	0.00000000
C50	c	0.39593363	0.67752439	0.15494285	2.00000000	10.00000000	0.02335109	0.00000000

Q Vehicle fuel tank capacity /0.40000000/
C Vehicle load capacity /1.50000000/
r fuel consumption rate /0.25000000/
g inverse refueling rate /1.00000000/
v average Velocity /1.00000000/
