StringID	Type	x	y	demand	ReadyTime	DueDate	ServiceTime	altitude
D0	d	0.50000000	0.50000000	0.00000000	0.00000000	10.00000000	0.00000000	0.00000000
S0	f	0.12782991	0.20845334	0.00000000	0.00000000	10.00000000	0.00000000	0.00000000
S1	f	0.15496556	0.06594335	0.00000000	0.00000000	10.00000000	0.00000000	0.00000000
S2	f	0.36278484	0.44015295	0.00000000	0.00000000	10.00000000	0.00000000	0.00000000
S3	f	0.62507753	0.76198489	0.00000000	0.00000000	10.00000000	0.00000000	0.00000000
S4	f	0.55966149	0.68741836	0.00000000	0.00000000	10.00000000	0.00000000	0.00000000
S5	f	0.59877163	0.21247884	0.00000000	0.00000000	10.00000000	0.00000000	0.00000000
S6	f	0.74137032	0.69501581	0.00000000	0.00000000	10.00000000	0.00000000	0.00000000
S7	f	0.70115535	0.97496259	0.00000000	0.00000000	10.00000000	0.00000000	0.00000000
S8	f	0.69815293	0.59963775	0.00000000	0.00000000	10.00000000	0.00000000	0.00000000
S9	f	0.14912832	0.72976295	0.00000000	0.00000000	10.00000000	0.00000000	0.00000000
C1	c	0.68879267	0.14390606	0.04411124	0.00000000	8.00000000	0.01573260	0.00000000
C2	c	0.82722221	0.27004064	0.06166543	0.06000000	8.06000000	0.02596170	0.00000000
C3	c	0.71064785	0.24688645	0.15753286	0.12000000	8.12000000	0.01484506	0.00000000
C4	c	0.69479757	0.14294792	0.04932903	0.18000000	8.18000000	0.01555253	0.00000000
C5	c	0.84915948	0.20642674	0.05811551	0.24000000	8.24000000	0.01960949	0.00000000
C6	c	0.82011216	0.22212125	0.12923007	0.30000000	8.30000000	0.01612945	0.00000000
C7	c	0.14364463	0.16159090	0.05205052	0.36000000	8.36000000	0.02515809	0.00000000
C8	c	0.05981061	0.27726496	0.13256055	0.42000000	8.42000000	0.02776003	0.00000000
C9	c	0.19668404	0.20792465	0.15605575	0.48000000	8.48000000	0.01866885	0.00000000
C10	c	0.16746686	0.22310450	0.02086309	0.54000000	8.54000000	0.01092134	0.00000000
C11	c	0.11821561	0.24889316	0.07182736	0.60000000	8.60000000	0.02832661	0.00000000
C12	c	0.18079995	0.23932769	0.15984870	0.66000000	8.66000000	0.01840922	0.00000000
C13	c	0.73727635	0.28868820	0.06228513	0.72000000	8.72000000	0.02177392	0.00000000
C14	c	0.67705477	0.08882337	0.08709168	0.78000000	8.78000000	0.02590892	0.00000000
C15	c	0.73233240	0.17412771	0.05134697	0.84000000	8.84000000	0.02735405	0.00000000
C16	c	0.76696140	0.18506466	0.10765002	0.90000000	8.90000000	0.01210710	0.00000000
C17	c	0.67709634	0.20411150	0.12032085	0.96000000	8.96000000	0.02764647	0.00000000
C18	c	0.15723169	0.00000000	0.01195733	1.02000000	9.02000000	0.02688044	0.00000000
C19	c	0.15020970	0.10628532	0.10386938	1.08000000	9.08000000	0.02823958	0.00000000
C20	c	0.16720151	0.00486210	0.07696675	1.14000000	9.14000000	0.01658780	0.00000000
C21	c	0.18532515	0.09244256	0.06962759	1.20000000	9.20000000	0.01175817	0.00000000
C22	c	0.20512487	0.15817804	0.16178940	1.26000000	9.26000000	0.02147995	0.00000000
C23	c	0.40071236	0.49641709	0.12627656	1.32000000	9.32000000	0.01628005	0.00000000
C24	c	0.39475987	0.40071932	0.11501261	1.38000000	9.38000000	0.02171013	0.00000000
C25	c	0.44980710	0.39321712	0.12970711	1.44000000	9.44000000	0.02291581	0.00000000
C26	c	0.44207672	0.82739299	0.02426249	1.50000000	9.50000000	0.01408119	0.00000000
C27	c	0.59678983	0.58708525	0.04121206	1.56000000	9.56000000	0.01459926	0.00000000
C28	c	0.38884465	0.35811350	0.13569879	1.62000000	9.62000000	0.01849986	0.00000000
C29	c	0.00158881	0.92917820	0.04042450	1.68000000	9.68000000	0.02698898	0.00000000
C30	c	0.27493732	0.98450955	0.12298724	1.74000000	9.74000000	0.02917341	0.00000000
C31	c	0.72749655	0.77293923	0.01960606	1.80000000	9.80000000	0.02768893	0.00000000
C32	c	0.14671923	0.66289526	0.10505456	1.86000000	9.86000000	0.02074611	0.00000000
C33	c	0.28663004	0.79808524	0.02577654	1.92000000	9.92000000	0.02892709	0.00000000
C34	c	0.24225300	0.27762650	0.09761906	1.98000000	9.98000000	0.02146748	0.00000000
C35	c	0.48047438	0.30647229	0.12403953	2.00000000	10.00000000	0.01772380	0.00000000
C36	c	0.75790444	0.88800130	0.11429625	2.00000000	10.00000000	0.01324984	0.00000000
C37	c	0.43344254	0.04606691	0.07861026	2.00000000	10.00000000	0.02834322	0.00000000
C38	c	0.91633046	0.42046090	0.13759662	2.00000000	10.00000000	0.02927287	0.00000000
C39	c	0.58869575	0.79544577	0.10229460	2.00000000	10.00000000	0.01076719	0.00000000
C40	c	0.86770225	0.10535490	0.10080897	2.00000000	10.00000000	0.02622148	0.00000000
C41	c	0.88232350	0.84402218	0.07046120	2.00000000	10.00000000	0.02915562	0.00000000
C42	c	0.91197877	0.32938983	0.06575670	2.00000000	10.00000000	0.01212134	0.00000000
C43	c	0.08790828	0.57399743	0.01117791	2.00000000	10.00000000	0.02339311	0.00000000
C44	c	0.31400249	0.58550662	0.15317847	2.00000000	10.00000000	0.01414387	0.00000000
C45	c	0.22996294	0.42499314	0.05302362	2.00000000	10.00000000	0.02443952	0.00000000
C46	c	0.84944917	0.95867062	0.16164890	2.00000000	10.00000000	0.01545631	0.00000000
C47	c	0.88444626	0.53730529	0.12230392	2.00000000	10.00000000	0.01731099	0.00000000
C48	c	0.94635465	0.57337381	0.12926054	2.00000000	10.00000000	0.02331278	0.00000000
C49	c	0.38618983	0.16249203	0.03339528	2.00000000	10.00000000	0.02183644	0.00000000
C50	c	0.91716083	0.96364360	0.11241439	2.00000000	10.00000000	0.01804962	0.00000000

Q Vehicle fuel tank capacity /0.40000000/
C Vehicle load capacity /1.50000000/
r fuel consumption rate /0.25000000/
g inverse refueling rate /1.00000000/
v average Velocity /1.00000000/
