StringID	Type	x	y	demand	ReadyTime	DueDate	ServiceTime	altitude
D0	d	0.50000000	0.50000000	0.00000000	0.00000000	10.00000000	0.00000000	0.00000000
S0	f	0.85182153	0.20970789	0.00000000	0.00000000	10.00000000	0.00000000	0.00000000
S1	f	0.98162260	0.50569765	0.00000000	0.00000000	10.00000000	0.00000000	0.00000000
S2	f	0.98816864	0.18115461	0.00000000	0.00000000	10.00000000	0.00000000	0.00000000
S3	f	0.53944667	0.86546838	0.00000000	0.00000000	10.00000000	0.00000000	0.00000000
S4	f	0.01373135	0.47063632	0.00000000	0.00000000	10.00000000	0.00000000	0.00000000
S5	f	0.22903138	0.49196451	0.00000000	0.00000000	10.00000000	0.00000000	0.00000000
S6	f	0.75242248	0.90326426	0.00000000	0.00000000	10.00000000	0.00000000	0.00000000
S7	f	0.43846277	0.81619811	0.00000000	0.00000000	10.00000000	0.00000000	0.00000000
S8	f	0.08656804	0.71635321	0.00000000	0.00000000	10.00000000	0.00000000	0.00000000
S9	f	0.74280536	0.49290357	0.00000000	0.00000000	10.00000000	0.00000000	0.00000000
C1	c	0.30830107	0.75024989	0.13900644	0.00000000	8.00000000	0.01023008	0.00000000
C2	c	0.21960918	0.98602548	0.03952629	0.06000000	8.06000000	0.01015489	0.00000000
C3	c	0.74406543	0.00182320	0.14248468	0.12000000	8.12000000	0.02215568	0.00000000
C4	c	0.34033518	0.52551087	0.12208877	0.18000000	8.18000000	0.01939998	0.00000000
C5	c	0.14419211	0.51011635	0.11507688	0.24000000	8.24000000	0.02425715	0.00000000
C6	c	0.04853977	0.83905483	0.08535443	0.30000000	8.30000000	0.01267136	0.00000000
C7	c	0.03232994	0.32376143	0.11263175	0.36000000	8.36000000	0.02774705	0.00000000
C8	c	0.82982163	0.04032311	0.12090871	0.42000000	8.42000000	0.02705014	0.00000000
C9	c	0.05615535	0.74949699	0.04161685	0.48000000	8.48000000	0.01261507	0.00000000
C10	c	0.96496262	0.40556760	0.13189492	0.54000000	8.54000000	0.01453971	0.00000000
C11	c	0.09073891	0.34104970	0.09441339	0.60000000	8.60000000	0.01082491	0.00000000
C12	c	0.55614258	0.35534621	0.09327090	0.66000000	8.66000000	0.01384909	0.00000000
C13	c	0.49824075	0.02640125	0.09750186	0.72000000	8.72000000	0.02604512	0.00000000
C14	c	0.79118573	0.54936467	0.12985411	0.78000000	8.78000000	0.02342891	0.00000000
C15	c	0.78407537	0.11033625	0.14325325	0.84000000	8.84000000	0.01403522	0.00000000
C16	c	0.35375478	0.38794726	0.10904464	0.90000000	8.90000000	0.02607058	0.00000000
C17	c	0.56340018	0.54307670	0.09818366	0.96000000	8.96000000	0.01635551	0.00000000
C18	c	0.43475681	0.92308711	0.11421059	1.02000000	9.02000000	0.02208563	0.00000000
C19	c	0.71546311	0.67068016	0.04762469	1.08000000	9.08000000	0.01553982	0.00000000
C20	c	0.85182153	0.20970789	0.09157908	1.14000000	9.14000000	0.01115241	0.00000000
C21	c	0.19530289	0.57503984	0.06714783	1.20000000	9.20000000	0.01092213	0.00000000
C22	c	0.63498698	0.19042032	0.02005027	1.26000000	9.26000000	0.01273478	0.00000000
C23	c	0.47644083	0.07329307	0.04158700	1.32000000	9.32000000	0.01197299	0.00000000
C24	c	0.61026555	0.00959461	0.08097886	1.38000000	9.38000000	0.01043142	0.00000000
C25	c	0.11203168	0.15833565	0.01151670	1.44000000	9.44000000	0.01086429	0.00000000
C26	c	0.10666726	0.65370967	0.12520027	1.50000000	9.50000000	0.02898251	0.00000000
C27	c	0.68896433	0.24012945	0.05497764	1.56000000	9.56000000	0.02869679	0.00000000
C28	c	0.24000040	0.25393060	0.07247300	1.62000000	9.62000000	0.01868110	0.00000000
C29	c	0.67115230	0.60734351	0.09778734	1.68000000	9.68000000	0.02991717	0.00000000
C30	c	0.50261948	0.81403666	0.14424495	1.74000000	9.74000000	0.02484295	0.00000000
C31	c	0.18091038	0.28165137	0.13599615	1.80000000	9.80000000	0.02887845	0.00000000
C32	c	0.35319797	0.73307738	0.13161417	1.86000000	9.86000000	0.02250294	0.00000000
C33	c	0.11158067	0.84007547	0.14085083	1.92000000	9.92000000	0.02894816	0.00000000
C34	c	0.93987976	0.75315278	0.11917236	1.98000000	9.98000000	0.02030321	0.00000000
C35	c	0.93111959	0.46569463	0.05221083	2.00000000	10.00000000	0.02606835	0.00000000
C36	c	0.59139591	0.38714785	0.12059258	2.00000000	10.00000000	0.01239817	0.00000000
C37	c	0.28355382	0.91743263	0.08362602	2.00000000	10.00000000	0.02810797	0.00000000
C38	c	0.98162260	0.50569765	0.03812391	2.00000000	10.00000000	0.02379049	0.00000000
C39	c	0.90256253	0.41228105	0.01711171	2.00000000	10.00000000	0.02990438	0.00000000
C40	c	0.40559591	0.56989443	0.04969042	2.00000000	10.00000000	0.02530413	0.00000000
C41	c	0.99806865	0.34778978	0.06403714	2.00000000	10.00000000	0.01658727	0.00000000
C42	c	0.94178647	0.90947936	0.11546570	2.00000000	10.00000000	0.02269828	0.00000000
C43	c	0.27894745	0.60830007	0.12732439	2.00000000	10.00000000	0.02404144	0.00000000
C44	c	0.44864371	0.11974830	0.07183157	2.00000000	10.00000000	0.01935117	0.00000000
C45	c	0.83865111	0.58401315	0.08688990	2.00000000	10.00000000	0.01688409	0.00000000
C46	c	0.32187375	0.30775838	0.09923068	2.00000000	10.00000000	0.01457547	0.00000000
C47	c	0.62447367	0.74050901	0.12190473	2.00000000	10.00000000	0.02037279	0.00000000
C48	c	0.52672071	0.08773722	0.07128680	2.00000000	10.00000000	0.01662823	0.00000000
C49	c	0.45256259	0.26276453	0.01652600	2.00000000	10.00000000	0.01161251	0.00000000
C50	c	0.30717234	0.00193892	0.05102437	2.00000000	10.00000000	0.02252735	0.00000000

Q Vehicle fuel tank capacity /0.40000000/
C Vehicle load capacity /1.50000000/
r fuel consumption rate /0.25000000/
g inverse refueling rate /1.00000000/
v average Velocity /1.00000000/
