StringID	Type	x	y	demand	ReadyTime	DueDate	ServiceTime	altitude
D0	d	0.50000000	0.50000000	0.00000000	0.00000000	10.00000000	0.00000000	0.00000000
S0	f	0.49581979	0.89963418	0.00000000	0.00000000	10.00000000	0.00000000	0.00000000
S1	f	0.35467450	0.80410386	0.00000000	0.00000000	10.00000000	0.00000000	0.00000000
S2	f	0.47726760	0.69171505	0.00000000	0.00000000	10.00000000	0.00000000	0.00000000
S3	f	0.04208432	0.72745454	0.00000000	0.00000000	10.00000000	0.00000000	0.00000000
S4	f	0.07233487	0.12376570	0.00000000	0.00000000	10.00000000	0.00000000	0.00000000
S5	f	0.80721953	0.21817932	0.00000000	0.00000000	10.00000000	0.00000000	0.00000000
S6	f	0.81101751	0.63370210	0.00000000	0.00000000	10.00000000	0.00000000	0.00000000
S7	f	0.32331593	0.06526051	0.00000000	0.00000000	10.00000000	0.00000000	0.00000000
S8	f	0.19872187	0.75779111	0.00000000	0.00000000	10.00000000	0.00000000	0.00000000
S9	f	0.59348551	0.18393938	0.00000000	0.00000000	10.00000000	0.00000000	0.00000000
C1	c	0.36011243	0.14847073	0.08791255	0.00000000	8.00000000	0.02346426	0.00000000
C2	c	0.78557723	0.18073116	0.12613706	0.06000000	8.06000000	0.02590551	0.00000000
C3	c	0.09273038	0.05369246	0.04396329	0.12000000	8.12000000	0.01948440	0.00000000
C4	c	0.06964341	0.93738228	0.05600323	0.18000000	8.18000000	0.02513617	0.00000000
C5	c	0.14442635	0.88557229	0.02198161	0.24000000	8.24000000	0.02912858	0.00000000
C6	c	0.75293704	0.40349591	0.16799191	0.30000000	8.30000000	0.01333222	0.00000000
C7	c	0.88816456	0.65285518	0.12151177	0.36000000	8.36000000	0.01884619	0.00000000
C8	c	0.19357628	0.58248922	0.15835897	0.42000000	8.42000000	0.01130379	0.00000000
C9	c	0.69448657	0.33553306	0.02858624	0.48000000	8.48000000	0.02371939	0.00000000
C10	c	0.91142279	0.06175756	0.11248580	0.54000000	8.54000000	0.02624041	0.00000000
C11	c	0.86283335	0.23380204	0.13417913	0.60000000	8.60000000	0.02541005	0.00000000
C12	c	0.26977392	0.55557396	0.15273569	0.66000000	8.66000000	0.01108979	0.00000000
C13	c	0.61235460	0.43939912	0.09900954	0.72000000	8.72000000	0.01083952	0.00000000
C14	c	0.51740339	0.08468335	0.14561567	0.78000000	8.78000000	0.01676379	0.00000000
C15	c	0.63508549	0.27105308	0.15836745	0.84000000	8.84000000	0.01533151	0.00000000
C16	c	0.70132549	0.20612569	0.04839396	0.90000000	8.90000000	0.02460631	0.00000000
C17	c	0.33217180	0.23658284	0.10305283	0.96000000	8.96000000	0.01887196	0.00000000
C18	c	0.45183304	0.29259241	0.09482592	1.02000000	9.02000000	0.01241531	0.00000000
C19	c	0.49027783	0.93653622	0.06982242	1.08000000	9.08000000	0.01715372	0.00000000
C20	c	0.37781645	0.38715361	0.02467209	1.14000000	9.14000000	0.01022615	0.00000000
C21	c	0.06022166	0.24096499	0.09313914	1.20000000	9.20000000	0.01974907	0.00000000
C22	c	0.52036132	0.72622886	0.03786922	1.26000000	9.26000000	0.01508657	0.00000000
C23	c	0.00590460	0.47790733	0.07618041	1.32000000	9.32000000	0.02484955	0.00000000
C24	c	0.71558747	0.80889431	0.07735473	1.38000000	9.38000000	0.01758956	0.00000000
C25	c	0.51295252	0.89276534	0.08983182	1.44000000	9.44000000	0.01967682	0.00000000
C26	c	0.77925697	0.72159762	0.07701008	1.50000000	9.50000000	0.02127081	0.00000000
C27	c	0.03175328	0.55445806	0.07444184	1.56000000	9.56000000	0.02276701	0.00000000
C28	c	0.36990802	0.45665344	0.11360716	1.62000000	9.62000000	0.01286804	0.00000000
C29	c	0.03132923	0.12444304	0.10184476	1.68000000	9.68000000	0.02981594	0.00000000
C30	c	0.86874045	0.60168579	0.05244764	1.74000000	9.74000000	0.02465317	0.00000000
C31	c	0.53277727	0.85361855	0.03812736	1.80000000	9.80000000	0.02852810	0.00000000
C32	c	0.25066878	0.15166740	0.05231539	1.86000000	9.86000000	0.01365137	0.00000000
C33	c	0.29270146	0.24909171	0.05521894	1.92000000	9.92000000	0.01582950	0.00000000
C34	c	0.96818670	0.74080653	0.12861247	1.98000000	9.98000000	0.02549261	0.00000000
C35	c	0.77616813	0.30808858	0.06724270	2.00000000	10.00000000	0.01914559	0.00000000
C36	c	0.48319130	0.42714573	0.07629672	2.00000000	10.00000000	0.01205634	0.00000000
C37	c	0.60088422	0.98467760	0.11168642	2.00000000	10.00000000	0.02282960	0.00000000
C38	c	0.35467450	0.80410386	0.16263646	2.00000000	10.00000000	0.01682557	0.00000000
C39	c	0.96146124	0.18952632	0.01580537	2.00000000	10.00000000	0.01150079	0.00000000
C40	c	0.43733265	0.57653608	0.11637469	2.00000000	10.00000000	0.02162905	0.00000000
C41	c	0.74246103	0.99522136	0.02900623	2.00000000	10.00000000	0.01784551	0.00000000
C42	c	0.83018105	0.05042809	0.09332629	2.00000000	10.00000000	0.01176711	0.00000000
C43	c	0.55703219	0.78216837	0.12477729	2.00000000	10.00000000	0.02639496	0.00000000
C44	c	0.19262939	0.40285821	0.04330724	2.00000000	10.00000000	0.02597000	0.00000000
C45	c	0.83027044	0.33111882	0.06156898	2.00000000	10.00000000	0.02441235	0.00000000
C46	c	0.92300381	0.86793723	0.10999339	2.00000000	10.00000000	0.02920196	0.00000000
C47	c	0.10037019	0.27448823	0.16748349	2.00000000	10.00000000	0.02515970	0.00000000
C48	c	0.71978560	0.24719889	0.16136102	2.00000000	10.00000000	0.02449281	0.00000000
C49	c	0.70117003	0.94487490	0.12026255	2.00000000	10.00000000	0.02226334	0.00000000
C50	c	0.99867338	0.92694897	0.01526305	2.00000000	10.00000000	0.01359832	0.00000000

Q Vehicle fuel tank capacity /0.40000000/
C Vehicle load capacity /1.50000000/
r fuel consumption rate /0.25000000/
g inverse refueling rate /1.00000000/
v average Velocity /1.00000000/
