StringID	Type	x	y	demand	ReadyTime	DueDate	ServiceTime	altitude
D0	d	0.50000000	0.50000000	0.00000000	0.00000000	10.00000000	0.00000000	0.00000000
S0	f	0.87143674	0.59883664	0.00000000	0.00000000	10.00000000	0.00000000	0.00000000
S1	f	0.47981227	0.58857207	0.00000000	0.00000000	10.00000000	0.00000000	0.00000000
S2	f	0.86979481	0.49841791	0.00000000	0.00000000	10.00000000	0.00000000	0.00000000
S3	f	0.78360296	0.39852402	0.00000000	0.00000000	10.00000000	0.00000000	0.00000000
S4	f	0.22672496	0.65202329	0.00000000	0.00000000	10.00000000	0.00000000	0.00000000
S5	f	0.73877294	0.77730638	0.00000000	0.00000000	10.00000000	0.00000000	0.00000000
C1	c	0.59390664	0.80700783	0.22260287	0.00000000	8.00000000	0.02201354	0.00000000
C2	c	0.03917432	0.31130729	0.24275280	0.10000000	8.10000000	0.01238224	0.00000000
C3	c	0.63867070	0.07511776	0.24641624	0.20000000	8.20000000	0.02583348	0.00000000
C4	c	0.36248134	0.09155419	0.21737869	0.30000000	8.30000000	0.02190920	0.00000000
C5	c	0.33432921	0.69375124	0.18182811	0.40000000	8.40000000	0.01828049	0.00000000
C6	c	0.17565169	0.41330470	0.23171406	0.50000000	8.50000000	0.02339725	0.00000000
C7	c	0.68156563	0.84006784	0.12717328	0.60000000	8.60000000	0.02594272	0.00000000
C8	c	0.09509294	0.00021550	0.15080733	0.70000000	8.70000000	0.02791862	0.00000000
C9	c	0.94004765	0.86624919	0.20086783	0.80000000	8.80000000	0.02368192	0.00000000
C10	c	0.51019192	0.10281265	0.16320981	0.90000000	8.90000000	0.01137357	0.00000000
C11	c	0.22828896	0.97271523	0.10413837	1.00000000	9.00000000	0.02388230	0.00000000
C12	c	0.85723732	0.27456946	0.06329566	1.10000000	9.10000000	0.02194681	0.00000000
C13	c	0.84225130	0.14663780	0.20298816	1.20000000	9.20000000	0.02345751	0.00000000
C14	c	0.22657599	0.42597848	0.09214291	1.30000000	9.30000000	0.02846413	0.00000000
C15	c	0.18140021	0.27422201	0.19712094	1.40000000	9.40000000	0.02602552	0.00000000
C16	c	0.24345238	0.86698756	0.07014769	1.50000000	9.50000000	0.01645312	0.00000000
C17	c	0.41210008	0.83224924	0.22336309	1.60000000	9.60000000	0.01880140	0.00000000
C18	c	0.32052615	0.83859085	0.09999922	1.70000000	9.70000000	0.02967547	0.00000000
C19	c	0.64442627	0.31067262	0.02950494	1.80000000	9.80000000	0.01421437	0.00000000
C20	c	0.87143674	0.59883664	0.05715565	1.90000000	9.90000000	0.01236597	0.00000000
C21	c	0.38744617	0.58478785	0.02936345	2.00000000	10.00000000	0.01770472	0.00000000
C22	c	0.58559336	0.39722990	0.18953512	2.00000000	10.00000000	0.02188089	0.00000000
C23	c	0.24057420	0.92273532	0.18682102	2.00000000	10.00000000	0.01481714	0.00000000
C24	c	0.62904319	0.71374224	0.10826079	2.00000000	10.00000000	0.01031434	0.00000000
C25	c	0.54690304	0.16186462	0.13651507	2.00000000	10.00000000	0.02614191	0.00000000
C26	c	0.80856333	0.78714991	0.22654396	2.00000000	10.00000000	0.01327851	0.00000000
C27	c	0.03909649	0.08947921	0.06501142	2.00000000	10.00000000	0.01123518	0.00000000
C28	c	0.28835414	0.86367983	0.11079402	2.00000000	10.00000000	0.01129229	0.00000000
C29	c	0.85974805	0.04913127	0.10216020	2.00000000	10.00000000	0.02982302	0.00000000
C30	c	0.29230039	0.31319453	0.22038731	2.00000000	10.00000000	0.01932478	0.00000000

Q Vehicle fuel tank capacity /0.40000000/
C Vehicle load capacity /1.50000000/
r fuel consumption rate /0.25000000/
g inverse refueling rate /1.00000000/
v average Velocity /1.00000000/
