StringID	Type	x	y	demand	ReadyTime	DueDate	ServiceTime	altitude
D0	d	0.50000000	0.50000000	0.00000000	0.00000000	10.00000000	0.00000000	0.00000000
S0	f	0.36990550	0.89086227	0.00000000	0.00000000	10.00000000	0.00000000	0.00000000
S1	f	0.34013108	0.32244332	0.00000000	0.00000000	10.00000000	0.00000000	0.00000000
S2	f	0.91515950	0.68278688	0.00000000	0.00000000	10.00000000	0.00000000	0.00000000
S3	f	0.86163277	0.36476510	0.00000000	0.00000000	10.00000000	0.00000000	0.00000000
S4	f	0.93842724	0.86865981	0.00000000	0.00000000	10.00000000	0.00000000	0.00000000
S5	f	0.53506501	0.66374498	0.00000000	0.00000000	10.00000000	0.00000000	0.00000000
S6	f	0.28602516	0.75906736	0.00000000	0.00000000	10.00000000	0.00000000	0.00000000
S7	f	0.77259325	0.69505750	0.00000000	0.00000000	10.00000000	0.00000000	0.00000000
S8	f	0.00635908	0.61193008	0.00000000	0.00000000	10.00000000	0.00000000	0.00000000
S9	f	0.26660438	0.58786071	0.00000000	0.00000000	10.00000000	0.00000000	0.00000000
C1	c	0.04504899	0.75793033	0.12719614	0.00000000	8.00000000	0.02248780	0.00000000
C2	c	0.90724582	0.11752588	0.12720631	0.06000000	8.06000000	0.01728017	0.00000000
C3	c	0.15510356	0.52674257	0.04014028	0.12000000	8.12000000	0.02131859	0.00000000
C4	c	0.70681625	0.60777968	0.07570309	0.18000000	8.18000000	0.01582901	0.00000000
C5	c	0.42567626	0.94778131	0.06958785	0.24000000	8.24000000	0.01107065	0.00000000
C6	c	0.24966305	0.32716422	0.09530502	0.30000000	8.30000000	0.01498603	0.00000000
C7	c	0.09850017	0.91286897	0.15189453	0.36000000	8.36000000	0.02477011	0.00000000
C8	c	0.29948371	0.22726575	0.06674186	0.42000000	8.42000000	0.01893339	0.00000000
C9	c	0.02385832	0.19047925	0.04902691	0.48000000	8.48000000	0.01982913	0.00000000
C10	c	0.67722763	0.71097163	0.12209908	0.54000000	8.54000000	0.01929165	0.00000000
C11	c	0.15043837	0.87835943	0.07605470	0.60000000	8.60000000	0.01831726	0.00000000
C12	c	0.72696920	0.12859066	0.04830668	0.66000000	8.66000000	0.02228016	0.00000000
C13	c	0.82332167	0.91338131	0.11918751	0.72000000	8.72000000	0.02729204	0.00000000
C14	c	0.00157763	0.03482454	0.14468745	0.78000000	8.78000000	0.02146299	0.00000000
C15	c	0.00515949	0.84697309	0.08096759	0.84000000	8.84000000	0.02625762	0.00000000
C16	c	0.38840715	0.86529795	0.10710006	0.90000000	8.90000000	0.02036625	0.00000000
C17	c	0.68421008	0.51503031	0.01865542	0.96000000	8.96000000	0.02710083	0.00000000
C18	c	0.70117744	0.76225701	0.01330045	1.02000000	9.02000000	0.02459848	0.00000000
C19	c	0.14260200	0.78081575	0.11861652	1.08000000	9.08000000	0.02023679	0.00000000
C20	c	0.62234142	0.08516918	0.09385997	1.14000000	9.14000000	0.02460768	0.00000000
C21	c	0.80737562	0.76108578	0.04747824	1.20000000	9.20000000	0.01627332	0.00000000
C22	c	0.54379590	0.44958268	0.04903146	1.26000000	9.26000000	0.01304002	0.00000000
C23	c	0.72582770	0.85314549	0.07405751	1.32000000	9.32000000	0.01947339	0.00000000
C24	c	0.63135138	0.84078721	0.03879003	1.38000000	9.38000000	0.02121025	0.00000000
C25	c	0.68324710	0.99925832	0.07008306	1.44000000	9.44000000	0.01634909	0.00000000
C26	c	0.01526755	0.80390098	0.09851174	1.50000000	9.50000000	0.02991454	0.00000000
C27	c	0.87922493	0.55424473	0.13197399	1.56000000	9.56000000	0.02680774	0.00000000
C28	c	0.31246189	0.80009796	0.08504029	1.62000000	9.62000000	0.02607596	0.00000000
C29	c	0.97147406	0.72792742	0.15510373	1.68000000	9.68000000	0.02720372	0.00000000
C30	c	0.13577051	0.43300647	0.12916820	1.74000000	9.74000000	0.01034718	0.00000000
C31	c	0.50510208	0.09137656	0.02642853	1.80000000	9.80000000	0.01868899	0.00000000
C32	c	0.62105028	0.23642066	0.02504805	1.86000000	9.86000000	0.02924594	0.00000000
C33	c	0.35735703	0.57275109	0.13833836	1.92000000	9.92000000	0.01205380	0.00000000
C34	c	0.34013108	0.32244332	0.01911149	1.98000000	9.98000000	0.01319476	0.00000000
C35	c	0.21779112	0.90533509	0.09725347	2.00000000	10.00000000	0.01650449	0.00000000
C36	c	0.92910701	0.32526178	0.04357408	2.00000000	10.00000000	0.01201160	0.00000000
C37	c	0.97591275	0.58033808	0.15270203	2.00000000	10.00000000	0.02882508	0.00000000
C38	c	0.41619863	0.30466226	0.08334902	2.00000000	10.00000000	0.01620063	0.00000000
C39	c	0.52649978	0.32853188	0.14167015	2.00000000	10.00000000	0.02005321	0.00000000
C40	c	0.68890802	0.02555262	0.09794586	2.00000000	10.00000000	0.01613376	0.00000000
C41	c	0.30293242	0.27960262	0.02270859	2.00000000	10.00000000	0.02319789	0.00000000
C42	c	0.06067370	0.22957178	0.12318538	2.00000000	10.00000000	0.01481478	0.00000000
C43	c	0.75916554	0.98962243	0.03038022	2.00000000	10.00000000	0.02880375	0.00000000
C44	c	0.16631757	0.99879049	0.15102623	2.00000000	10.00000000	0.02491608	0.00000000
C45	c	0.38782467	0.50711240	0.14027893	2.00000000	10.00000000	0.01448399	0.00000000
C46	c	0.36114810	0.43748081	0.14447860	2.00000000	10.00000000	0.01696982	0.00000000
C47	c	0.75811165	0.03888746	0.11667829	2.00000000	10.00000000	0.02466125	0.00000000
C48	c	0.43089235	0.39961260	0.14569337	2.00000000	10.00000000	0.02786068	0.00000000
C49	c	0.99326855	0.17577791	0.13608052	2.00000000	10.00000000	0.02777925	0.00000000
C50	c	0.91515950	0.68278688	0.03919319	2.00000000	10.00000000	0.01333479	0.00000000

Q Vehicle fuel tank capacity /0.40000000/
C Vehicle load capacity /1.50000000/
r fuel consumption rate /0.25000000/
g inverse refueling rate /1.00000000/
v average Velocity /1.00000000/
