StringID	Type	x	y	demand	ReadyTime	DueDate	ServiceTime	altitude
D0	d	0.50000000	0.50000000	0.00000000	0.00000000	10.00000000	0.00000000	0.00000000
S0	f	0.41810204	0.56152539	0.00000000	0.00000000	10.00000000	0.00000000	0.00000000
S1	f	0.60617059	0.58941825	0.00000000	0.00000000	10.00000000	0.00000000	0.00000000
S2	f	0.99927602	0.71221582	0.00000000	0.00000000	10.00000000	0.00000000	0.00000000
S3	f	0.75622462	0.91462272	0.00000000	0.00000000	10.00000000	0.00000000	0.00000000
S4	f	0.02087848	0.51235953	0.00000000	0.00000000	10.00000000	0.00000000	0.00000000
S5	f	0.12435864	0.85009669	0.00000000	0.00000000	10.00000000	0.00000000	0.00000000
C1	c	0.05412362	0.88225296	0.10157651	0.00000000	8.00000000	0.02331546	0.00000000
C2	c	0.19056071	0.97506142	0.14148788	0.10000000	8.10000000	0.02404705	0.00000000
C3	c	0.11046069	0.96966686	0.25265778	0.20000000	8.20000000	0.01947813	0.00000000
C4	c	0.10499134	0.94341120	0.06774265	0.30000000	8.30000000	0.01964414	0.00000000
C5	c	0.05846632	0.93448288	0.10424222	0.40000000	8.40000000	0.01451857	0.00000000
C6	c	0.46987214	0.68242776	0.04277196	0.50000000	8.50000000	0.01393785	0.00000000
C7	c	0.51704017	0.70212752	0.11231542	0.60000000	8.60000000	0.02616072	0.00000000
C8	c	0.40778948	0.67138806	0.03437568	0.70000000	8.70000000	0.01409320	0.00000000
C9	c	0.43122601	0.73143575	0.05183010	0.80000000	8.80000000	0.02336130	0.00000000
C10	c	0.43982108	0.74294177	0.20621264	0.90000000	8.90000000	0.01472689	0.00000000
C11	c	1.00000000	0.29029618	0.18323912	1.00000000	9.00000000	0.01392430	0.00000000
C12	c	0.90696958	0.27524525	0.20326798	1.10000000	9.10000000	0.01717329	0.00000000
C13	c	0.87928073	0.22947970	0.25733503	1.20000000	9.20000000	0.02220158	0.00000000
C14	c	0.82404561	0.18765171	0.10712702	1.30000000	9.30000000	0.02659245	0.00000000
C15	c	0.88146517	0.22407525	0.11959632	1.40000000	9.40000000	0.01072330	0.00000000
C16	c	0.95947006	0.34368728	0.22354170	1.50000000	9.50000000	0.01468968	0.00000000
C17	c	0.99046403	0.03639202	0.24706422	1.60000000	9.60000000	0.02817265	0.00000000
C18	c	0.71668991	0.13417963	0.23379929	1.70000000	9.70000000	0.02585593	0.00000000
C19	c	0.55407375	0.55159848	0.13301936	1.80000000	9.80000000	0.01013853	0.00000000
C20	c	0.66577286	0.70235230	0.13608375	1.90000000	9.90000000	0.01858729	0.00000000
C21	c	0.22592872	0.19689240	0.15579770	2.00000000	10.00000000	0.02664346	0.00000000
C22	c	0.66806484	0.23634468	0.20246137	2.00000000	10.00000000	0.01983323	0.00000000
C23	c	0.19621515	0.35866462	0.25092520	2.00000000	10.00000000	0.02821277	0.00000000
C24	c	0.61007892	0.82962250	0.10104100	2.00000000	10.00000000	0.01067912	0.00000000
C25	c	0.03616519	0.23448390	0.25846926	2.00000000	10.00000000	0.01576917	0.00000000
C26	c	0.90863246	0.79279644	0.02624400	2.00000000	10.00000000	0.02113499	0.00000000
C27	c	0.00692660	0.42936440	0.19183146	2.00000000	10.00000000	0.01588482	0.00000000
C28	c	0.83217323	0.49166131	0.05004593	2.00000000	10.00000000	0.01252694	0.00000000
C29	c	0.91063837	0.03395577	0.15224998	2.00000000	10.00000000	0.01232193	0.00000000
C30	c	0.28845843	0.55674934	0.15164749	2.00000000	10.00000000	0.01882032	0.00000000

Q Vehicle fuel tank capacity /0.40000000/
C Vehicle load capacity /1.50000000/
r fuel consumption rate /0.25000000/
g inverse refueling rate /1.00000000/
v average Velocity /1.00000000/
