StringID	Type	x	y	demand	ReadyTime	DueDate	ServiceTime	altitude
D0	d	0.50000000	0.50000000	0.00000000	0.00000000	10.00000000	0.00000000	0.00000000
S0	f	0.42107278	0.53252060	0.00000000	0.00000000	10.00000000	0.00000000	0.00000000
S1	f	0.48712420	0.18352679	0.00000000	0.00000000	10.00000000	0.00000000	0.00000000
S2	f	0.65890734	0.09812614	0.00000000	0.00000000	10.00000000	0.00000000	0.00000000
S3	f	0.35816603	0.43629760	0.00000000	0.00000000	10.00000000	0.00000000	0.00000000
S4	f	0.97226613	0.26426255	0.00000000	0.00000000	10.00000000	0.00000000	0.00000000
S5	f	0.92874881	0.29708555	0.00000000	0.00000000	10.00000000	0.00000000	0.00000000
C1	c	0.14876562	0.95279140	0.07418323	0.00000000	8.00000000	0.02945507	0.00000000
C2	c	0.52865643	0.87974516	0.09115346	0.10000000	8.10000000	0.01218146	0.00000000
C3	c	0.95180941	0.03402812	0.30167656	0.20000000	8.20000000	0.01739633	0.00000000
C4	c	0.99934027	0.10332780	0.04481347	0.30000000	8.30000000	0.02081120	0.00000000
C5	c	0.30543471	0.22551191	0.19367310	0.40000000	8.40000000	0.01055066	0.00000000
C6	c	0.14829192	0.35279189	0.18899738	0.50000000	8.50000000	0.01121710	0.00000000
C7	c	0.08762143	0.43258068	0.05669491	0.60000000	8.60000000	0.02087272	0.00000000
C8	c	0.28871386	0.98596988	0.22445088	0.70000000	8.70000000	0.01835343	0.00000000
C9	c	0.60694085	0.08754971	0.18583194	0.80000000	8.80000000	0.02325105	0.00000000
C10	c	0.67881978	0.55838338	0.08900475	0.90000000	8.90000000	0.02353451	0.00000000
C11	c	0.59320428	0.58168568	0.30806437	1.00000000	9.00000000	0.01576899	0.00000000
C12	c	0.27179826	0.45261257	0.23957767	1.10000000	9.10000000	0.02708833	0.00000000
C13	c	0.10805556	0.17704529	0.06080561	1.20000000	9.20000000	0.01776553	0.00000000
C14	c	0.73333409	0.18581926	0.07473467	1.30000000	9.30000000	0.02341238	0.00000000
C15	c	0.56143159	0.28700130	0.09466819	1.40000000	9.40000000	0.02736055	0.00000000
C16	c	0.33695320	0.94361186	0.13724061	1.50000000	9.50000000	0.01224969	0.00000000
C17	c	0.69101639	0.15837870	0.27887158	1.60000000	9.60000000	0.01915043	0.00000000
C18	c	0.42107278	0.53252060	0.19852483	1.70000000	9.70000000	0.01110430	0.00000000
C19	c	0.32827977	0.35565100	0.11631749	1.80000000	9.80000000	0.02517637	0.00000000
C20	c	0.82072767	0.25159592	0.11597166	1.90000000	9.90000000	0.01221738	0.00000000
C21	c	0.96327024	0.54377141	0.10480115	2.00000000	10.00000000	0.01595653	0.00000000
C22	c	0.89599912	0.70317179	0.20975783	2.00000000	10.00000000	0.02285195	0.00000000
C23	c	0.04295879	0.14855013	0.20817128	2.00000000	10.00000000	0.01959199	0.00000000
C24	c	0.43253948	0.83753922	0.33942357	2.00000000	10.00000000	0.01789022	0.00000000
C25	c	0.54578258	0.22910300	0.04508468	2.00000000	10.00000000	0.02838977	0.00000000
C26	c	0.27535798	0.57038126	0.08807166	2.00000000	10.00000000	0.01261984	0.00000000
C27	c	0.15509857	0.23926762	0.06941651	2.00000000	10.00000000	0.02489018	0.00000000
C28	c	0.64064291	0.73554899	0.18859694	2.00000000	10.00000000	0.02069630	0.00000000
C29	c	0.83989208	0.34859201	0.13694297	2.00000000	10.00000000	0.02410982	0.00000000
C30	c	0.93964596	0.14614074	0.03447707	2.00000000	10.00000000	0.01826094	0.00000000

Q Vehicle fuel tank capacity /0.40000000/
C Vehicle load capacity /1.50000000/
r fuel consumption rate /0.25000000/
g inverse refueling rate /1.00000000/
v average Velocity /1.00000000/
