StringID	Type	x	y	demand	ReadyTime	DueDate	ServiceTime	altitude
D0	d	0.50000000	0.50000000	0.00000000	0.00000000	10.00000000	0.00000000	0.00000000
S0	f	0.79960767	0.37055400	0.00000000	0.00000000	10.00000000	0.00000000	0.00000000
S1	f	0.75097424	0.94173977	0.00000000	0.00000000	10.00000000	0.00000000	0.00000000
S2	f	0.90146580	0.73868702	0.00000000	0.00000000	10.00000000	0.00000000	0.00000000
S3	f	0.62564474	0.46885743	0.00000000	0.00000000	10.00000000	0.00000000	0.00000000
S4	f	0.37795526	0.83372203	0.00000000	0.00000000	10.00000000	0.00000000	0.00000000
S5	f	0.38825261	0.45604460	0.00000000	0.00000000	10.00000000	0.00000000	0.00000000
C1	c	0.83499949	0.07271618	0.06727522	0.00000000	8.00000000	0.01408010	0.00000000
C2	c	0.68164648	0.28256466	0.11421073	0.10000000	8.10000000	0.01958815	0.00000000
C3	c	0.42674270	0.13832600	0.03492429	0.20000000	8.20000000	0.01988493	0.00000000
C4	c	0.26747919	0.85853278	0.30344768	0.30000000	8.30000000	0.02243754	0.00000000
C5	c	0.61079916	0.53871694	0.05241392	0.40000000	8.40000000	0.01172305	0.00000000
C6	c	0.39493407	0.21745688	0.18749366	0.50000000	8.50000000	0.02329966	0.00000000
C7	c	0.78511972	0.14883001	0.13777632	0.60000000	8.60000000	0.01503713	0.00000000
C8	c	0.54618828	0.01798520	0.07640839	0.70000000	8.70000000	0.01402256	0.00000000
C9	c	0.96520166	0.02756175	0.06807106	0.80000000	8.80000000	0.01711777	0.00000000
C10	c	0.08732798	0.20600945	0.25404798	0.90000000	8.90000000	0.02119372	0.00000000
C11	c	0.08690625	0.06451868	0.23441958	1.00000000	9.00000000	0.02892996	0.00000000
C12	c	0.10508260	0.48018622	0.06112244	1.10000000	9.10000000	0.01295015	0.00000000
C13	c	0.25985859	0.42575801	0.30198050	1.20000000	9.20000000	0.02744081	0.00000000
C14	c	0.84858525	0.68907183	0.03077142	1.30000000	9.30000000	0.01010163	0.00000000
C15	c	0.85850844	0.98945136	0.18543881	1.40000000	9.40000000	0.01907323	0.00000000
C16	c	0.14975639	0.34395965	0.20729830	1.50000000	9.50000000	0.02923413	0.00000000
C17	c	0.78519880	0.87825324	0.02315566	1.60000000	9.60000000	0.01198868	0.00000000
C18	c	0.48524490	0.63807379	0.06438058	1.70000000	9.70000000	0.02163648	0.00000000
C19	c	0.79960767	0.37055400	0.05353591	1.80000000	9.80000000	0.01944782	0.00000000
C20	c	0.71836170	0.14804478	0.27931471	1.90000000	9.90000000	0.02756773	0.00000000
C21	c	0.84926415	0.55931379	0.03839985	2.00000000	10.00000000	0.01694595	0.00000000
C22	c	0.81498621	0.72751409	0.22265987	2.00000000	10.00000000	0.01666789	0.00000000
C23	c	0.84129531	0.25800701	0.06848873	2.00000000	10.00000000	0.01591463	0.00000000
C24	c	0.56811568	0.95704849	0.13857144	2.00000000	10.00000000	0.01077269	0.00000000
C25	c	0.74027315	0.26736140	0.21352434	2.00000000	10.00000000	0.01852220	0.00000000
C26	c	0.36926195	0.61463642	0.27239835	2.00000000	10.00000000	0.01382561	0.00000000
C27	c	0.39968372	0.66176172	0.20397042	2.00000000	10.00000000	0.01953356	0.00000000
C28	c	0.72794549	0.43270572	0.17703159	2.00000000	10.00000000	0.02714485	0.00000000
C29	c	0.70706962	0.54105184	0.13581257	2.00000000	10.00000000	0.02263723	0.00000000
C30	c	0.63038849	0.94655948	0.29165565	2.00000000	10.00000000	0.01679372	0.00000000

Q Vehicle fuel tank capacity /0.40000000/
C Vehicle load capacity /1.50000000/
r fuel consumption rate /0.25000000/
g inverse refueling rate /1.00000000/
v average Velocity /1.00000000/
