StringID	Type	x	y	demand	ReadyTime	DueDate	ServiceTime	altitude
D0	d	0.50000000	0.50000000	0.00000000	0.00000000	10.00000000	0.00000000	0.00000000
S0	f	0.91778505	0.77185497	0.00000000	0.00000000	10.00000000	0.00000000	0.00000000
S1	f	0.96753955	0.01609848	0.00000000	0.00000000	10.00000000	0.00000000	0.00000000
S2	f	0.79781407	0.96444265	0.00000000	0.00000000	10.00000000	0.00000000	0.00000000
S3	f	0.29096372	0.88773510	0.00000000	0.00000000	10.00000000	0.00000000	0.00000000
S4	f	0.87477672	0.20307577	0.00000000	0.00000000	10.00000000	0.00000000	0.00000000
S5	f	0.71300844	0.10435816	0.00000000	0.00000000	10.00000000	0.00000000	0.00000000
C1	c	0.53016718	0.81263466	0.10749288	0.00000000	8.00000000	0.02255534	0.00000000
C2	c	0.64861065	0.03301388	0.25478122	0.10000000	8.10000000	0.02307932	0.00000000
C3	c	0.76680469	0.54216363	0.05361601	0.20000000	8.20000000	0.02145144	0.00000000
C4	c	0.99548636	0.15504848	0.06179522	0.30000000	8.30000000	0.01809766	0.00000000
C5	c	0.01647729	0.91123229	0.06777190	0.40000000	8.40000000	0.02385102	0.00000000
C6	c	0.04114737	0.71767311	0.02859531	0.50000000	8.50000000	0.01953240	0.00000000
C7	c	0.64557465	0.96565583	0.21229138	0.60000000	8.60000000	0.02882871	0.00000000
C8	c	0.17321452	0.06525014	0.14980549	0.70000000	8.70000000	0.01254922	0.00000000
C9	c	0.47942902	0.08608801	0.02595439	0.80000000	8.80000000	0.01346333	0.00000000
C10	c	0.08996266	0.48545144	0.14310882	0.90000000	8.90000000	0.02809407	0.00000000
C11	c	0.63457546	0.56503183	0.05839091	1.00000000	9.00000000	0.01685492	0.00000000
C12	c	0.09522685	0.54358995	0.12809223	1.10000000	9.10000000	0.01777446	0.00000000
C13	c	0.75072650	0.91760930	0.09467306	1.20000000	9.20000000	0.02659677	0.00000000
C14	c	0.25647611	0.13828159	0.27916191	1.30000000	9.30000000	0.01886776	0.00000000
C15	c	0.25615512	0.93167869	0.18662525	1.40000000	9.40000000	0.01711416	0.00000000
C16	c	0.68295355	0.72097071	0.20768610	1.50000000	9.50000000	0.01596796	0.00000000
C17	c	0.54169239	0.40107644	0.21229785	1.60000000	9.60000000	0.02112616	0.00000000
C18	c	0.88512439	0.12028918	0.22805754	1.70000000	9.70000000	0.01121859	0.00000000
C19	c	0.91778505	0.77185497	0.08588499	1.80000000	9.80000000	0.01713355	0.00000000
C20	c	0.23745253	0.26868464	0.04826021	1.90000000	9.90000000	0.02745853	0.00000000
C21	c	0.14768055	0.52754151	0.26292746	2.00000000	10.00000000	0.02051367	0.00000000
C22	c	0.45885004	0.36371183	0.10981054	2.00000000	10.00000000	0.02618056	0.00000000
C23	c	0.14249146	0.37957713	0.04876974	2.00000000	10.00000000	0.02692316	0.00000000
C24	c	0.13135083	0.74460959	0.25236175	2.00000000	10.00000000	0.02233185	0.00000000
C25	c	0.24997566	0.42389473	0.27133795	2.00000000	10.00000000	0.02056404	0.00000000
C26	c	0.97920875	0.91811422	0.14922291	2.00000000	10.00000000	0.01395584	0.00000000
C27	c	0.42439965	0.94558724	0.04404024	2.00000000	10.00000000	0.01469471	0.00000000
C28	c	0.07972981	0.75838914	0.27036371	2.00000000	10.00000000	0.01552042	0.00000000
C29	c	0.46941056	0.41045280	0.22592989	2.00000000	10.00000000	0.01812946	0.00000000
C30	c	0.87451902	0.54243548	0.23089315	2.00000000	10.00000000	0.02676506	0.00000000

Q Vehicle fuel tank capacity /0.40000000/
C Vehicle load capacity /1.50000000/
r fuel consumption rate /0.25000000/
g inverse refueling rate /1.00000000/
v average Velocity /1.00000000/
