StringID	Type	x	y	demand	ReadyTime	DueDate	ServiceTime	altitude
D0	d	0.50000000	0.50000000	0.00000000	0.00000000	10.00000000	0.00000000	0.00000000
S0	f	0.88591335	0.04364827	0.00000000	0.00000000	10.00000000	0.00000000	0.00000000
S1	f	0.02685336	0.50379973	0.00000000	0.00000000	10.00000000	0.00000000	0.00000000
S2	f	0.33454403	0.70766004	0.00000000	0.00000000	10.00000000	0.00000000	0.00000000
S3	f	0.31703783	0.40533330	0.00000000	0.00000000	10.00000000	0.00000000	0.00000000
S4	f	0.67579265	0.45778334	0.00000000	0.00000000	10.00000000	0.00000000	0.00000000
S5	f	0.85454504	0.30385809	0.00000000	0.00000000	10.00000000	0.00000000	0.00000000
C1	c	0.92320690	0.51661761	0.09793365	0.00000000	8.00000000	0.01148354	0.00000000
C2	c	0.22144632	0.49636341	0.27341240	0.10000000	8.10000000	0.02107305	0.00000000
C3	c	0.82937653	0.06566814	0.05926259	0.20000000	8.20000000	0.01879720	0.00000000
C4	c	0.55559028	0.16591183	0.18378688	0.30000000	8.30000000	0.01769733	0.00000000
C5	c	0.84377930	0.59599655	0.22410905	0.40000000	8.40000000	0.01351171	0.00000000
C6	c	0.71636562	0.02033826	0.18002828	0.50000000	8.50000000	0.01432708	0.00000000
C7	c	0.74056565	0.30210835	0.05722653	0.60000000	8.60000000	0.02880007	0.00000000
C8	c	0.11529442	0.83265335	0.16565688	0.70000000	8.70000000	0.01891537	0.00000000
C9	c	0.76093198	0.75668447	0.05232634	0.80000000	8.80000000	0.01749774	0.00000000
C10	c	0.51754152	0.56639117	0.08691165	0.90000000	8.90000000	0.01620620	0.00000000
C11	c	0.30581299	0.56778560	0.20086020	1.00000000	9.00000000	0.02969152	0.00000000
C12	c	0.78385098	0.07522162	0.10811905	1.10000000	9.10000000	0.02354960	0.00000000
C13	c	0.54396750	0.83413273	0.06865917	1.20000000	9.20000000	0.02933595	0.00000000
C14	c	0.26616153	0.89265067	0.26672962	1.30000000	9.30000000	0.02007707	0.00000000
C15	c	0.88479856	0.86932476	0.15518949	1.40000000	9.40000000	0.02871739	0.00000000
C16	c	0.07700169	0.62368331	0.19890775	1.50000000	9.50000000	0.02158947	0.00000000
C17	c	0.89743622	0.45347774	0.21174424	1.60000000	9.60000000	0.02151664	0.00000000
C18	c	0.66666705	0.31294319	0.12199575	1.70000000	9.70000000	0.01244397	0.00000000
C19	c	0.88591335	0.04364827	0.25411732	1.80000000	9.80000000	0.02648066	0.00000000
C20	c	0.33732753	0.13801392	0.14718638	1.90000000	9.90000000	0.02756522	0.00000000
C21	c	0.93482608	0.94668617	0.28012302	2.00000000	10.00000000	0.02556094	0.00000000
C22	c	0.60208756	0.68334324	0.07777372	2.00000000	10.00000000	0.02023815	0.00000000
C23	c	0.37180023	0.85495757	0.04702499	2.00000000	10.00000000	0.01488332	0.00000000
C24	c	0.63690266	0.16918420	0.07541249	2.00000000	10.00000000	0.02646080	0.00000000
C25	c	0.71454461	0.19917675	0.14827389	2.00000000	10.00000000	0.02872976	0.00000000
C26	c	0.12171861	0.97752923	0.05857799	2.00000000	10.00000000	0.02536215	0.00000000
C27	c	0.35369880	0.60148889	0.13071142	2.00000000	10.00000000	0.02272243	0.00000000
C28	c	0.52655868	0.27646854	0.24915474	2.00000000	10.00000000	0.02225975	0.00000000
C29	c	0.97751002	0.23206446	0.28175754	2.00000000	10.00000000	0.01227834	0.00000000
C30	c	0.81750466	0.14827690	0.03702700	2.00000000	10.00000000	0.02679619	0.00000000

Q Vehicle fuel tank capacity /0.40000000/
C Vehicle load capacity /1.50000000/
r fuel consumption rate /0.25000000/
g inverse refueling rate /1.00000000/
v average Velocity /1.00000000/
