StringID	Type	x	y	demand	ReadyTime	DueDate	ServiceTime	altitude
D0	d	0.50000000	0.50000000	0.00000000	0.00000000	10.00000000	0.00000000	0.00000000
S0	f	0.81820434	0.55143146	0.00000000	0.00000000	10.00000000	0.00000000	0.00000000
S1	f	0.02115501	0.92516897	0.00000000	0.00000000	10.00000000	0.00000000	0.00000000
S2	f	0.84741602	0.42225093	0.00000000	0.00000000	10.00000000	0.00000000	0.00000000
S3	f	0.85759331	0.00920079	0.00000000	0.00000000	10.00000000	0.00000000	0.00000000
S4	f	0.77754829	0.41011577	0.00000000	0.00000000	10.00000000	0.00000000	0.00000000
S5	f	0.95992067	0.77922235	0.00000000	0.00000000	10.00000000	0.00000000	0.00000000
C1	c	0.27918064	0.14861738	0.22865161	0.00000000	8.00000000	0.02335997	0.00000000
C2	c	0.38440333	0.06419557	0.15005274	0.10000000	8.10000000	0.02168613	0.00000000
C3	c	0.21906180	0.10259855	0.27720612	0.20000000	8.20000000	0.02423903	0.00000000
C4	c	0.21607916	0.11410681	0.27082925	0.30000000	8.30000000	0.02558566	0.00000000
C5	c	0.32350166	0.19183889	0.11869097	0.40000000	8.40000000	0.02704670	0.00000000
C6	c	0.28054020	0.06926985	0.16597499	0.50000000	8.50000000	0.01346537	0.00000000
C7	c	0.18794096	0.09177575	0.24494533	0.60000000	8.60000000	0.02460861	0.00000000
C8	c	0.96684446	1.00000000	0.08001284	0.70000000	8.70000000	0.02758418	0.00000000
C9	c	1.00000000	1.00000000	0.27730856	0.80000000	8.80000000	0.01959463	0.00000000
C10	c	1.00000000	0.92273881	0.21463325	0.90000000	8.90000000	0.02074994	0.00000000
C11	c	1.00000000	0.95566477	0.17206703	1.00000000	9.00000000	0.01819011	0.00000000
C12	c	0.94310747	0.95084952	0.05973297	1.10000000	9.10000000	0.01746056	0.00000000
C13	c	0.94567153	0.84683410	0.25546342	1.20000000	9.20000000	0.01447028	0.00000000
C14	c	0.99032088	0.87804321	0.08962440	1.30000000	9.30000000	0.02270948	0.00000000
C15	c	0.95723713	0.88892070	0.13145176	1.40000000	9.40000000	0.02295888	0.00000000
C16	c	0.26065275	0.01672312	0.22937688	1.50000000	9.50000000	0.01374690	0.00000000
C17	c	0.43876294	0.21983668	0.06952688	1.60000000	9.60000000	0.02724975	0.00000000
C18	c	0.08216785	0.47983031	0.03805758	1.70000000	9.70000000	0.02315454	0.00000000
C19	c	0.26042308	0.88530971	0.08864424	1.80000000	9.80000000	0.02309283	0.00000000
C20	c	0.57072822	0.91201552	0.02353080	1.90000000	9.90000000	0.02574681	0.00000000
C21	c	0.00483105	0.35516741	0.13618814	2.00000000	10.00000000	0.01639855	0.00000000
C22	c	0.66799863	0.58430648	0.07774899	2.00000000	10.00000000	0.02364440	0.00000000
C23	c	0.71195173	0.77928314	0.04100031	2.00000000	10.00000000	0.01591569	0.00000000
C24	c	0.85233492	0.17326839	0.14715048	2.00000000	10.00000000	0.01620951	0.00000000
C25	c	0.73043074	0.87920907	0.08858293	2.00000000	10.00000000	0.02506457	0.00000000
C26	c	0.47973133	0.53749686	0.25538726	2.00000000	10.00000000	0.02739460	0.00000000
C27	c	0.40950531	0.37302816	0.17141434	2.00000000	10.00000000	0.01341096	0.00000000
C28	c	0.22351418	0.63547382	0.26251598	2.00000000	10.00000000	0.01857898	0.00000000
C29	c	0.64794390	0.18734476	0.02035639	2.00000000	10.00000000	0.01309149	0.00000000
C30	c	0.86248735	0.65772724	0.11387354	2.00000000	10.00000000	0.02925649	0.00000000

Q Vehicle fuel tank capacity /0.40000000/
C Vehicle load capacity /1.50000000/
r fuel consumption rate /0.25000000/
g inverse refueling rate /1.00000000/
v average Velocity /1.00000000/
