StringID	Type	x	y	demand	ReadyTime	DueDate	ServiceTime	altitude
D0	d	0.50000000	0.50000000	0.00000000	0.00000000	10.00000000	0.00000000	0.00000000
S0	f	0.57003273	0.07105300	0.00000000	0.00000000	10.00000000	0.00000000	0.00000000
S1	f	0.51543366	0.87865717	0.00000000	0.00000000	10.00000000	0.00000000	0.00000000
S2	f	0.57046520	0.35846341	0.00000000	0.00000000	10.00000000	0.00000000	0.00000000
S3	f	0.91596681	0.47784446	0.00000000	0.00000000	10.00000000	0.00000000	0.00000000
S4	f	0.58879733	0.87004263	0.00000000	0.00000000	10.00000000	0.00000000	0.00000000
S5	f	0.67596703	0.51498696	0.00000000	0.00000000	10.00000000	0.00000000	0.00000000
C1	c	0.60961026	0.42987064	0.26426044	0.00000000	8.00000000	0.02765305	0.00000000
C2	c	0.63932569	0.16056225	0.16423480	0.10000000	8.10000000	0.01186146	0.00000000
C3	c	0.30285734	0.29360658	0.14298312	0.20000000	8.20000000	0.02299017	0.00000000
C4	c	0.35453719	0.90591656	0.10728171	0.30000000	8.30000000	0.01792848	0.00000000
C5	c	0.04984152	0.10701350	0.21905839	0.40000000	8.40000000	0.01899825	0.00000000
C6	c	0.41558182	0.33732443	0.05392479	0.50000000	8.50000000	0.01239641	0.00000000
C7	c	0.83484027	0.77538587	0.05203649	0.60000000	8.60000000	0.01158393	0.00000000
C8	c	0.99030160	0.43758449	0.21144206	0.70000000	8.70000000	0.01155883	0.00000000
C9	c	0.79907982	0.31482648	0.12014197	0.80000000	8.80000000	0.01022870	0.00000000
C10	c	0.47883967	0.83190413	0.08817617	0.90000000	8.90000000	0.02558133	0.00000000
C11	c	0.37115517	0.71422255	0.06961237	1.00000000	9.00000000	0.01333564	0.00000000
C12	c	0.12931480	0.84908200	0.18091465	1.10000000	9.10000000	0.01041205	0.00000000
C13	c	0.60744312	0.91456065	0.27860464	1.20000000	9.20000000	0.01125519	0.00000000
C14	c	0.77943499	0.53582634	0.23856799	1.30000000	9.30000000	0.01519669	0.00000000
C15	c	0.13933757	0.48414773	0.20981755	1.40000000	9.40000000	0.01126432	0.00000000
C16	c	0.54038088	0.59206789	0.17312082	1.50000000	9.50000000	0.01271497	0.00000000
C17	c	0.76028004	0.18086351	0.16740195	1.60000000	9.60000000	0.01425741	0.00000000
C18	c	0.60356720	0.04463839	0.08091967	1.70000000	9.70000000	0.02231323	0.00000000
C19	c	0.49476482	0.57237117	0.11563798	1.80000000	9.80000000	0.01923869	0.00000000
C20	c	0.57003273	0.07105300	0.12455264	1.90000000	9.90000000	0.02480017	0.00000000
C21	c	0.43321317	0.80588109	0.13629064	2.00000000	10.00000000	0.01868483	0.00000000
C22	c	0.23095576	0.60719909	0.13784158	2.00000000	10.00000000	0.02105892	0.00000000
C23	c	0.29122579	0.23782418	0.06657592	2.00000000	10.00000000	0.01917159	0.00000000
C24	c	0.06858061	0.26141083	0.07205423	2.00000000	10.00000000	0.02647998	0.00000000
C25	c	0.80946737	0.63284251	0.06606311	2.00000000	10.00000000	0.01946655	0.00000000
C26	c	0.55650612	0.14292026	0.24227690	2.00000000	10.00000000	0.01775947	0.00000000
C27	c	0.60601740	0.54527733	0.26548215	2.00000000	10.00000000	0.02723090	0.00000000
C28	c	0.64603467	0.72820514	0.18959320	2.00000000	10.00000000	0.02815890	0.00000000
C29	c	0.00226856	0.43744754	0.17860853	2.00000000	10.00000000	0.02058772	0.00000000
C30	c	0.29097928	0.88202966	0.08252355	2.00000000	10.00000000	0.01516961	0.00000000

Q Vehicle fuel tank capacity /0.40000000/
C Vehicle load capacity /1.50000000/
r fuel consumption rate /0.25000000/
g inverse refueling rate /1.00000000/
v average Velocity /1.00000000/
