StringID	Type	x	y	demand	ReadyTime	DueDate	ServiceTime	altitude
D0	d	0.50000000	0.50000000	0.00000000	0.00000000	10.00000000	0.00000000	0.00000000
S0	f	0.59715210	0.00890138	0.00000000	0.00000000	10.00000000	0.00000000	0.00000000
S1	f	0.98909181	0.12533100	0.00000000	0.00000000	10.00000000	0.00000000	0.00000000
S2	f	0.90151904	0.35073088	0.00000000	0.00000000	10.00000000	0.00000000	0.00000000
S3	f	0.39225522	0.58330862	0.00000000	0.00000000	10.00000000	0.00000000	0.00000000
S4	f	0.54124328	0.16690644	0.00000000	0.00000000	10.00000000	0.00000000	0.00000000
S5	f	0.23262391	0.22874039	0.00000000	0.00000000	10.00000000	0.00000000	0.00000000
S6	f	0.70189603	0.33775681	0.00000000	0.00000000	10.00000000	0.00000000	0.00000000
S7	f	0.89639882	0.30129146	0.00000000	0.00000000	10.00000000	0.00000000	0.00000000
S8	f	0.98451038	0.47085000	0.00000000	0.00000000	10.00000000	0.00000000	0.00000000
S9	f	0.85228630	0.29600166	0.00000000	0.00000000	10.00000000	0.00000000	0.00000000
C1	c	0.62581439	0.81250898	0.16413363	0.00000000	8.00000000	0.02048285	0.00000000
C2	c	0.49394558	0.07981341	0.14003327	0.06000000	8.06000000	0.01159963	0.00000000
C3	c	0.61619665	0.26726515	0.10177278	0.12000000	8.12000000	0.01659021	0.00000000
C4	c	0.18925803	0.79581132	0.14550964	0.18000000	8.18000000	0.02674221	0.00000000
C5	c	0.47083234	0.16757029	0.10684384	0.24000000	8.24000000	0.01131279	0.00000000
C6	c	0.16258259	0.29864553	0.02954281	0.30000000	8.30000000	0.01331680	0.00000000
C7	c	0.34738225	0.03594952	0.13730260	0.36000000	8.36000000	0.01113944	0.00000000
C8	c	0.01854096	0.63953937	0.10812621	0.42000000	8.42000000	0.01712260	0.00000000
C9	c	0.49946064	0.70635063	0.06939323	0.48000000	8.48000000	0.01721156	0.00000000
C10	c	0.92885386	0.13101076	0.03452995	0.54000000	8.54000000	0.01019888	0.00000000
C11	c	0.30022683	0.00342125	0.15844812	0.60000000	8.60000000	0.02000166	0.00000000
C12	c	0.25602165	0.57838697	0.03261738	0.66000000	8.66000000	0.02745805	0.00000000
C13	c	0.97964767	0.26166149	0.12793447	0.72000000	8.72000000	0.01586202	0.00000000
C14	c	0.52140313	0.46289883	0.02307732	0.78000000	8.78000000	0.01314017	0.00000000
C15	c	0.44931653	0.05520474	0.08147451	0.84000000	8.84000000	0.01991153	0.00000000
C16	c	0.02825393	0.83182358	0.06963500	0.90000000	8.90000000	0.01311513	0.00000000
C17	c	0.45369486	0.60472032	0.07047964	0.96000000	8.96000000	0.01109564	0.00000000
C18	c	0.78285993	0.11696764	0.09554127	1.02000000	9.02000000	0.01769327	0.00000000
C19	c	0.35590255	0.17421128	0.13335805	1.08000000	9.08000000	0.01683408	0.00000000
C20	c	0.28141279	0.78541805	0.18112711	1.14000000	9.14000000	0.02254923	0.00000000
C21	c	0.59715210	0.00890138	0.08275576	1.20000000	9.20000000	0.02488572	0.00000000
C22	c	0.13864641	0.00482941	0.07916566	1.26000000	9.26000000	0.02814812	0.00000000
C23	c	0.70822983	0.67749742	0.06419282	1.32000000	9.32000000	0.01287504	0.00000000
C24	c	0.62499366	0.69302452	0.03114833	1.38000000	9.38000000	0.01980208	0.00000000
C25	c	0.07302502	0.36250895	0.03382746	1.44000000	9.44000000	0.01051847	0.00000000
C26	c	0.94202112	0.70096254	0.02319571	1.50000000	9.50000000	0.02263001	0.00000000
C27	c	0.05253406	0.27450088	0.17785180	1.56000000	9.56000000	0.02740328	0.00000000
C28	c	0.26164341	0.19787327	0.13790775	1.62000000	9.62000000	0.02327633	0.00000000
C29	c	0.30348627	0.97866084	0.10859494	1.68000000	9.68000000	0.02693611	0.00000000
C30	c	0.43813827	0.67044031	0.02001928	1.74000000	9.74000000	0.01344924	0.00000000
C31	c	0.18507918	0.71985749	0.02921874	1.80000000	9.80000000	0.02957990	0.00000000
C32	c	0.74234536	0.39060971	0.02666610	1.86000000	9.86000000	0.01502169	0.00000000
C33	c	0.17728612	0.12874895	0.08158538	1.92000000	9.92000000	0.01845927	0.00000000
C34	c	0.30732153	0.28876458	0.07597516	1.98000000	9.98000000	0.01887447	0.00000000
C35	c	0.88317151	0.14965923	0.04881646	2.00000000	10.00000000	0.02820742	0.00000000
C36	c	0.24445584	0.93202704	0.06979445	2.00000000	10.00000000	0.01668144	0.00000000
C37	c	0.86647396	0.58727496	0.01894260	2.00000000	10.00000000	0.02566964	0.00000000
C38	c	0.91993344	0.21997203	0.10573137	2.00000000	10.00000000	0.01256591	0.00000000
C39	c	0.45227190	0.53785511	0.16216180	2.00000000	10.00000000	0.01879830	0.00000000
C40	c	0.20738527	0.30916723	0.06000095	2.00000000	10.00000000	0.02474360	0.00000000
C41	c	0.98909181	0.12533100	0.08097219	2.00000000	10.00000000	0.02566761	0.00000000
C42	c	0.01674393	0.97882963	0.18545661	2.00000000	10.00000000	0.02183837	0.00000000
C43	c	0.42757435	0.10039321	0.08512701	2.00000000	10.00000000	0.02378529	0.00000000
C44	c	0.57382638	0.72951387	0.04803898	2.00000000	10.00000000	0.01110719	0.00000000
C45	c	0.65929488	0.15911223	0.16250484	2.00000000	10.00000000	0.01942406	0.00000000
C46	c	0.81287328	0.67685990	0.07404675	2.00000000	10.00000000	0.01517408	0.00000000
C47	c	0.09364258	0.84821236	0.18356871	2.00000000	10.00000000	0.02737360	0.00000000
C48	c	0.78168700	0.82952399	0.05810521	2.00000000	10.00000000	0.02160528	0.00000000
C49	c	0.97213165	0.17394014	0.11376852	2.00000000	10.00000000	0.02589453	0.00000000
C50	c	0.07592839	0.94007623	0.05997781	2.00000000	10.00000000	0.01709034	0.00000000

Q Vehicle fuel tank capacity /0.40000000/
C Vehicle load capacity /1.50000000/
r fuel consumption rate /0.25000000/
g inverse refueling rate /1.00000000/
v average Velocity /1.00000000/
