StringID	Type	x	y	demand	ReadyTime	DueDate	ServiceTime	altitude
D0	d	0.50000000	0.50000000	0.00000000	0.00000000	10.00000000	0.00000000	0.00000000
S0	f	0.45450069	0.24282490	0.00000000	0.00000000	10.00000000	0.00000000	0.00000000
S1	f	0.04938700	0.35514388	0.00000000	0.00000000	10.00000000	0.00000000	0.00000000
S2	f	0.55550850	0.82046538	0.00000000	0.00000000	10.00000000	0.00000000	0.00000000
S3	f	0.64391133	0.83294232	0.00000000	0.00000000	10.00000000	0.00000000	0.00000000
S4	f	0.90979297	0.92871489	0.00000000	0.00000000	10.00000000	0.00000000	0.00000000
S5	f	0.18905276	0.42185902	0.00000000	0.00000000	10.00000000	0.00000000	0.00000000
S6	f	0.71131604	0.79681652	0.00000000	0.00000000	10.00000000	0.00000000	0.00000000
S7	f	0.78675118	0.41466016	0.00000000	0.00000000	10.00000000	0.00000000	0.00000000
S8	f	0.49973696	0.99600638	0.00000000	0.00000000	10.00000000	0.00000000	0.00000000
S9	f	0.46209429	0.44107517	0.00000000	0.00000000	10.00000000	0.00000000	0.00000000
C1	c	0.20083280	0.79947483	0.05989320	0.00000000	8.00000000	0.01016383	0.00000000
C2	c	0.91235913	0.38464188	0.14247737	0.06000000	8.06000000	0.01743066	0.00000000
C3	c	0.25195566	0.66151430	0.04944027	0.12000000	8.12000000	0.02251794	0.00000000
C4	c	0.09863325	0.31349697	0.15519594	0.18000000	8.18000000	0.02237644	0.00000000
C5	c	0.53782872	0.59526584	0.01809721	0.24000000	8.24000000	0.01889899	0.00000000
C6	c	0.55489180	0.28481908	0.01287597	0.30000000	8.30000000	0.01094614	0.00000000
C7	c	0.06137814	0.47108070	0.06302036	0.36000000	8.36000000	0.01369657	0.00000000
C8	c	0.28092292	0.77967785	0.08937267	0.42000000	8.42000000	0.01989422	0.00000000
C9	c	0.53585242	0.19688858	0.04001452	0.48000000	8.48000000	0.01948465	0.00000000
C10	c	0.95906564	0.52676920	0.15612642	0.54000000	8.54000000	0.02798818	0.00000000
C11	c	0.75446038	0.29978381	0.11268533	0.60000000	8.60000000	0.01335128	0.00000000
C12	c	0.82393680	0.57561209	0.01343924	0.66000000	8.66000000	0.01743732	0.00000000
C13	c	0.74537338	0.91671088	0.06222400	0.72000000	8.72000000	0.02588247	0.00000000
C14	c	0.67168230	0.49752282	0.09153644	0.78000000	8.78000000	0.01547625	0.00000000
C15	c	0.57879484	0.47037403	0.11269519	0.84000000	8.84000000	0.01332774	0.00000000
C16	c	0.32478649	0.37551709	0.03809033	0.90000000	8.90000000	0.01767383	0.00000000
C17	c	0.83303216	0.79968671	0.07001355	0.96000000	8.96000000	0.02084245	0.00000000
C18	c	0.05719987	0.80779328	0.11647906	1.02000000	9.02000000	0.01408019	0.00000000
C19	c	0.69107167	0.62856191	0.07079426	1.08000000	9.08000000	0.02385341	0.00000000
C20	c	0.33613002	0.77319995	0.12030418	1.14000000	9.14000000	0.02351740	0.00000000
C21	c	0.45450069	0.24282490	0.10030037	1.20000000	9.20000000	0.01970654	0.00000000
C22	c	0.08019070	0.99690201	0.02669862	1.26000000	9.26000000	0.01217249	0.00000000
C23	c	0.49750573	0.23667247	0.05393012	1.32000000	9.32000000	0.02587797	0.00000000
C24	c	0.36197203	0.53811958	0.15087290	1.38000000	9.38000000	0.02959405	0.00000000
C25	c	0.40096054	0.41345390	0.11076920	1.44000000	9.44000000	0.01776546	0.00000000
C26	c	0.63289585	0.47405348	0.03066854	1.50000000	9.50000000	0.02483433	0.00000000
C27	c	0.04660809	0.21385239	0.12236124	1.56000000	9.56000000	0.01391648	0.00000000
C28	c	0.93586662	0.79443359	0.10289457	1.62000000	9.62000000	0.02134240	0.00000000
C29	c	0.11986653	0.58120921	0.07567349	1.68000000	9.68000000	0.01268247	0.00000000
C30	c	0.06765123	0.05001152	0.12443161	1.74000000	9.74000000	0.02576725	0.00000000
C31	c	0.00298929	0.07635598	0.01178881	1.80000000	9.80000000	0.01663437	0.00000000
C32	c	0.02186599	0.49532592	0.07744885	1.86000000	9.86000000	0.01665583	0.00000000
C33	c	0.79360011	0.83656088	0.09729658	1.92000000	9.92000000	0.01093597	0.00000000
C34	c	0.28393689	0.48009919	0.03349799	1.98000000	9.98000000	0.02458400	0.00000000
C35	c	0.01517575	0.65906041	0.13708880	2.00000000	10.00000000	0.02292677	0.00000000
C36	c	0.01012571	0.44582522	0.13401013	2.00000000	10.00000000	0.01042721	0.00000000
C37	c	0.27657974	0.90896637	0.13049064	2.00000000	10.00000000	0.02358292	0.00000000
C38	c	0.22909068	0.84081389	0.07137415	2.00000000	10.00000000	0.02803940	0.00000000
C39	c	0.81979153	0.36791165	0.12269125	2.00000000	10.00000000	0.02923371	0.00000000
C40	c	0.04938700	0.35514388	0.01245736	2.00000000	10.00000000	0.02766589	0.00000000
C41	c	0.95013733	0.67462472	0.09681064	2.00000000	10.00000000	0.02834027	0.00000000
C42	c	0.00440074	0.02988398	0.13368136	2.00000000	10.00000000	0.01037902	0.00000000
C43	c	0.05192639	0.94421456	0.14784630	2.00000000	10.00000000	0.01266433	0.00000000
C44	c	0.42299724	0.36281587	0.14402451	2.00000000	10.00000000	0.02499937	0.00000000
C45	c	0.45987224	0.85270741	0.16027546	2.00000000	10.00000000	0.02642445	0.00000000
C46	c	0.98726518	0.31655486	0.12588864	2.00000000	10.00000000	0.02209372	0.00000000
C47	c	0.95567817	0.03807766	0.09477681	2.00000000	10.00000000	0.02705699	0.00000000
C48	c	0.75941521	0.54106402	0.09312174	2.00000000	10.00000000	0.01519952	0.00000000
C49	c	0.47644735	0.80478963	0.05410370	2.00000000	10.00000000	0.02115646	0.00000000
C50	c	0.80053454	0.18030194	0.12795011	2.00000000	10.00000000	0.02334575	0.00000000

Q Vehicle fuel tank capacity /0.40000000/
C Vehicle load capacity /1.50000000/
r fuel consumption rate /0.25000000/
g inverse refueling rate /1.00000000/
v average Velocity /1.00000000/
