StringID	Type	x	y	demand	ReadyTime	DueDate	ServiceTime	altitude
D0	d	0.50000000	0.50000000	0.00000000	0.00000000	10.00000000	0.00000000	0.00000000
S0	f	0.16067385	0.08537773	0.00000000	0.00000000	10.00000000	0.00000000	0.00000000
S1	f	0.27910033	0.97601634	0.00000000	0.00000000	10.00000000	0.00000000	0.00000000
S2	f	0.88885890	0.78022170	0.00000000	0.00000000	10.00000000	0.00000000	0.00000000
S3	f	0.04396498	0.07066428	0.00000000	0.00000000	10.00000000	0.00000000	0.00000000
S4	f	0.08790125	0.78528737	0.00000000	0.00000000	10.00000000	0.00000000	0.00000000
S5	f	0.32523703	0.12390093	0.00000000	0.00000000	10.00000000	0.00000000	0.00000000
S6	f	0.55897309	0.66334576	0.00000000	0.00000000	10.00000000	0.00000000	0.00000000
S7	f	0.45346031	0.86377274	0.00000000	0.00000000	10.00000000	0.00000000	0.00000000
S8	f	0.20271289	0.46364761	0.00000000	0.00000000	10.00000000	0.00000000	0.00000000
S9	f	0.23424846	0.50446733	0.00000000	0.00000000	10.00000000	0.00000000	0.00000000
C1	c	0.12889641	0.03039762	0.04591448	0.00000000	8.00000000	0.01843105	0.00000000
C2	c	0.20301783	0.05767724	0.11810911	0.06000000	8.06000000	0.01866576	0.00000000
C3	c	0.19606498	0.16113411	0.08459438	0.12000000	8.12000000	0.02226539	0.00000000
C4	c	0.21427117	0.07443826	0.10382855	0.18000000	8.18000000	0.02595457	0.00000000
C5	c	0.11502307	0.11193856	0.07990843	0.24000000	8.24000000	0.01433977	0.00000000
C6	c	0.08721166	0.08983359	0.09248388	0.30000000	8.30000000	0.02635971	0.00000000
C7	c	0.22935088	0.10315531	0.15742791	0.36000000	8.36000000	0.01823159	0.00000000
C8	c	0.91718829	0.00000000	0.11098492	0.42000000	8.42000000	0.01645361	0.00000000
C9	c	0.90389077	0.02488851	0.01800407	0.48000000	8.48000000	0.01239131	0.00000000
C10	c	0.87008328	0.02977275	0.02107774	0.54000000	8.54000000	0.01687828	0.00000000
C11	c	0.84816633	0.07737910	0.07441383	0.60000000	8.60000000	0.02678603	0.00000000
C12	c	0.84269452	0.08652473	0.02319206	0.66000000	8.66000000	0.02391395	0.00000000
C13	c	0.93863239	0.02545850	0.15060796	0.72000000	8.72000000	0.01351629	0.00000000
C14	c	0.69483401	0.02127857	0.13573537	0.78000000	8.78000000	0.01546212	0.00000000
C15	c	0.59813648	0.00000000	0.04938150	0.84000000	8.84000000	0.02522288	0.00000000
C16	c	0.71655533	0.00000000	0.11320457	0.90000000	8.90000000	0.02122477	0.00000000
C17	c	0.04271821	0.19900501	0.11360454	0.96000000	8.96000000	0.02204010	0.00000000
C18	c	0.06009359	0.23114078	0.12098781	1.02000000	9.02000000	0.01396643	0.00000000
C19	c	0.08758032	0.14646747	0.02625218	1.08000000	9.08000000	0.01616381	0.00000000
C20	c	0.00000000	0.12929251	0.16759306	1.14000000	9.14000000	0.01837695	0.00000000
C21	c	0.06781709	0.18831906	0.12443321	1.20000000	9.20000000	0.02574578	0.00000000
C22	c	0.00000000	0.14718464	0.02923441	1.26000000	9.26000000	0.02783286	0.00000000
C23	c	0.31226434	1.00000000	0.01740387	1.32000000	9.32000000	0.02404908	0.00000000
C24	c	0.20163184	1.00000000	0.12532005	1.38000000	9.38000000	0.01879723	0.00000000
C25	c	0.21444310	0.98404938	0.16781871	1.44000000	9.44000000	0.02051688	0.00000000
C26	c	0.50942403	0.78098066	0.04200585	1.50000000	9.50000000	0.02732793	0.00000000
C27	c	0.42964842	0.57965372	0.04728274	1.56000000	9.56000000	0.01691486	0.00000000
C28	c	0.29979492	0.84598749	0.02061255	1.62000000	9.62000000	0.01774907	0.00000000
C29	c	0.60461981	0.38394894	0.12116227	1.68000000	9.68000000	0.01494581	0.00000000
C30	c	0.20183232	0.52930194	0.11505090	1.74000000	9.74000000	0.02715511	0.00000000
C31	c	0.23562360	0.40014197	0.06478143	1.80000000	9.80000000	0.02192377	0.00000000
C32	c	0.42155256	0.43328817	0.12255301	1.86000000	9.86000000	0.01177048	0.00000000
C33	c	0.61326929	0.79772825	0.15813088	1.92000000	9.92000000	0.01150024	0.00000000
C34	c	0.21698839	0.81798533	0.01854997	1.98000000	9.98000000	0.01040824	0.00000000
C35	c	0.41157949	0.32268026	0.09051600	2.00000000	10.00000000	0.02361642	0.00000000
C36	c	0.11956573	0.34391415	0.14804046	2.00000000	10.00000000	0.01380496	0.00000000
C37	c	0.83930130	0.69569764	0.06625995	2.00000000	10.00000000	0.01749694	0.00000000
C38	c	0.17581442	0.27310612	0.15294863	2.00000000	10.00000000	0.01226476	0.00000000
C39	c	0.76114383	0.56123858	0.09252575	2.00000000	10.00000000	0.02907582	0.00000000
C40	c	0.60200512	0.19832153	0.13578281	2.00000000	10.00000000	0.01514505	0.00000000
C41	c	0.30819030	0.41884738	0.07981805	2.00000000	10.00000000	0.02933396	0.00000000
C42	c	0.78728907	0.89164321	0.10371284	2.00000000	10.00000000	0.02587780	0.00000000
C43	c	0.70245395	0.43986140	0.05913330	2.00000000	10.00000000	0.02589645	0.00000000
C44	c	0.52584405	0.86639669	0.14613795	2.00000000	10.00000000	0.02043245	0.00000000
C45	c	0.34574311	0.38745353	0.10768977	2.00000000	10.00000000	0.02104510	0.00000000
C46	c	0.24729069	0.85775561	0.07253845	2.00000000	10.00000000	0.01261910	0.00000000
C47	c	0.59618836	0.08852381	0.04352854	2.00000000	10.00000000	0.02341739	0.00000000
C48	c	0.07501221	0.02041179	0.09569216	2.00000000	10.00000000	0.02497619	0.00000000
C49	c	0.68082082	0.19024776	0.04891126	2.00000000	10.00000000	0.01809872	0.00000000
C50	c	0.37484720	0.11323820	0.07511788	2.00000000	10.00000000	0.01262411	0.00000000

Q Vehicle fuel tank capacity /0.40000000/
C Vehicle load capacity /1.50000000/
r fuel consumption rate /0.25000000/
g inverse refueling rate /1.00000000/
v average Velocity /1.00000000/
