StringID	Type	x	y	demand	ReadyTime	DueDate	ServiceTime	altitude
D0	d	0.50000000	0.50000000	0.00000000	0.00000000	10.00000000	0.00000000	0.00000000
S0	f	0.28436742	0.04491666	0.00000000	0.00000000	10.00000000	0.00000000	0.00000000
S1	f	0.87043473	0.42234532	0.00000000	0.00000000	10.00000000	0.00000000	0.00000000
S2	f	0.22079598	0.70403107	0.00000000	0.00000000	10.00000000	0.00000000	0.00000000
S3	f	0.95524867	0.97559404	0.00000000	0.00000000	10.00000000	0.00000000	0.00000000
S4	f	0.46448561	0.34620017	0.00000000	0.00000000	10.00000000	0.00000000	0.00000000
S5	f	0.67861668	0.56893116	0.00000000	0.00000000	10.00000000	0.00000000	0.00000000
C1	c	0.18741900	0.00000000	0.09065142	0.00000000	8.00000000	0.02393141	0.00000000
C2	c	0.22407882	0.15601046	0.15314254	0.10000000	8.10000000	0.02329402	0.00000000
C3	c	0.36153329	0.11356640	0.03609049	0.20000000	8.20000000	0.02946827	0.00000000
C4	c	0.33542815	0.02631904	0.13512993	0.30000000	8.30000000	0.01796285	0.00000000
C5	c	0.18335990	0.10712219	0.02909788	0.40000000	8.40000000	0.02755767	0.00000000
C6	c	0.24426125	0.05123678	0.28793506	0.50000000	8.50000000	0.02647602	0.00000000
C7	c	0.26763022	0.00000000	0.18551050	0.60000000	8.60000000	0.02820737	0.00000000
C8	c	0.19999547	0.43844088	0.11106057	0.70000000	8.70000000	0.02098833	0.00000000
C9	c	0.25547186	0.39925733	0.17517258	0.80000000	8.80000000	0.02229147	0.00000000
C10	c	0.23508598	0.44825559	0.23645839	0.90000000	8.90000000	0.02088890	0.00000000
C11	c	0.19312496	0.43077099	0.10617972	1.00000000	9.00000000	0.02650005	0.00000000
C12	c	0.21985614	0.82464724	0.07472936	1.10000000	9.10000000	0.02501775	0.00000000
C13	c	0.15776997	0.84861843	0.06575246	1.20000000	9.20000000	0.01252211	0.00000000
C14	c	0.14306250	0.87005166	0.28380850	1.30000000	9.30000000	0.01095644	0.00000000
C15	c	0.24364882	0.87664963	0.08614394	1.40000000	9.40000000	0.02300613	0.00000000
C16	c	0.16143116	0.70741508	0.28217765	1.50000000	9.50000000	0.01390740	0.00000000
C17	c	0.34191791	0.18877737	0.24115497	1.60000000	9.60000000	0.02219657	0.00000000
C18	c	0.48314553	0.04679591	0.09737232	1.70000000	9.70000000	0.02856041	0.00000000
C19	c	0.76584303	0.34413585	0.14343388	1.80000000	9.80000000	0.02802062	0.00000000
C20	c	0.69657074	0.66470123	0.21363945	1.90000000	9.90000000	0.01640952	0.00000000
C21	c	0.97341338	0.39814232	0.23223930	2.00000000	10.00000000	0.02649958	0.00000000
C22	c	0.87788344	0.82380103	0.20631237	2.00000000	10.00000000	0.01669320	0.00000000
C23	c	0.91036828	0.54941666	0.06621689	2.00000000	10.00000000	0.01574229	0.00000000
C24	c	0.61457355	0.54444481	0.22147498	2.00000000	10.00000000	0.02088701	0.00000000
C25	c	0.82500240	0.75088763	0.11754080	2.00000000	10.00000000	0.01091918	0.00000000
C26	c	0.12610542	0.04782192	0.07399316	2.00000000	10.00000000	0.02844801	0.00000000
C27	c	0.65030645	0.19537010	0.15770083	2.00000000	10.00000000	0.01769580	0.00000000
C28	c	0.60982852	0.92802067	0.03361877	2.00000000	10.00000000	0.02922460	0.00000000
C29	c	0.90103093	0.32047621	0.23808978	2.00000000	10.00000000	0.01165074	0.00000000
C30	c	0.82497918	0.33465986	0.11817150	2.00000000	10.00000000	0.01487083	0.00000000

Q Vehicle fuel tank capacity /0.40000000/
C Vehicle load capacity /1.50000000/
r fuel consumption rate /0.25000000/
g inverse refueling rate /1.00000000/
v average Velocity /1.00000000/
