StringID	Type	x	y	demand	ReadyTime	DueDate	ServiceTime	altitude
D0	d	0.50000000	0.50000000	0.00000000	0.00000000	10.00000000	0.00000000	0.00000000
S0	f	0.49793290	0.04275280	0.00000000	0.00000000	10.00000000	0.00000000	0.00000000
S1	f	0.74766797	0.81188583	0.00000000	0.00000000	10.00000000	0.00000000	0.00000000
S2	f	0.14002044	0.83396684	0.00000000	0.00000000	10.00000000	0.00000000	0.00000000
S3	f	0.62134716	0.41268453	0.00000000	0.00000000	10.00000000	0.00000000	0.00000000
S4	f	0.85813671	0.06907540	0.00000000	0.00000000	10.00000000	0.00000000	0.00000000
S5	f	0.42111989	0.75911993	0.00000000	0.00000000	10.00000000	0.00000000	0.00000000
C1	c	0.97778146	0.89871804	0.14968709	0.00000000	8.00000000	0.02228804	0.00000000
C2	c	0.87622459	0.97731270	0.05824991	0.10000000	8.10000000	0.01362576	0.00000000
C3	c	0.91347822	0.86903107	0.15567331	0.20000000	8.20000000	0.01302764	0.00000000
C4	c	1.00000000	0.93529920	0.06661423	0.30000000	8.30000000	0.02303512	0.00000000
C5	c	1.00000000	0.93664608	0.11953908	0.40000000	8.40000000	0.02592797	0.00000000
C6	c	0.92252830	0.93122517	0.14426362	0.50000000	8.50000000	0.02635573	0.00000000
C7	c	0.48887438	0.74053276	0.02614010	0.60000000	8.60000000	0.02336291	0.00000000
C8	c	0.53284703	0.79919454	0.03898624	0.70000000	8.70000000	0.01190733	0.00000000
C9	c	0.59664043	0.80498902	0.14779151	0.80000000	8.80000000	0.01871062	0.00000000
C10	c	0.48193730	0.72378498	0.30190485	0.90000000	8.90000000	0.01357286	0.00000000
C11	c	0.59585372	0.79143511	0.23288715	1.00000000	9.00000000	0.02640525	0.00000000
C12	c	0.46839375	0.83345328	0.05476944	1.10000000	9.10000000	0.01251880	0.00000000
C13	c	0.42205388	0.01187718	0.18935138	1.20000000	9.20000000	0.02128205	0.00000000
C14	c	0.48841346	0.09774722	0.22163250	1.30000000	9.30000000	0.02977523	0.00000000
C15	c	0.44855570	0.15658836	0.15573869	1.40000000	9.40000000	0.01431753	0.00000000
C16	c	0.51191727	0.87128359	0.12101217	1.50000000	9.50000000	0.01355335	0.00000000
C17	c	0.29191134	0.90341375	0.12339789	1.60000000	9.60000000	0.02305493	0.00000000
C18	c	0.23381220	0.24366825	0.22037436	1.70000000	9.70000000	0.02365557	0.00000000
C19	c	0.24240403	0.64418125	0.15095367	1.80000000	9.80000000	0.02614348	0.00000000
C20	c	0.61440184	0.18128798	0.08575729	1.90000000	9.90000000	0.02823495	0.00000000
C21	c	0.15138198	0.65175577	0.19362732	2.00000000	10.00000000	0.01860606	0.00000000
C22	c	0.79639850	0.81778634	0.20521628	2.00000000	10.00000000	0.01310372	0.00000000
C23	c	0.66814529	0.09536632	0.17270680	2.00000000	10.00000000	0.02603352	0.00000000
C24	c	0.82026248	0.12593998	0.27910168	2.00000000	10.00000000	0.02104351	0.00000000
C25	c	0.56410273	0.98876127	0.10757131	2.00000000	10.00000000	0.01609952	0.00000000
C26	c	0.21587632	0.17766756	0.28861421	2.00000000	10.00000000	0.02008831	0.00000000
C27	c	0.65274645	0.68277847	0.09037033	2.00000000	10.00000000	0.02772539	0.00000000
C28	c	0.80717395	0.91174726	0.09328834	2.00000000	10.00000000	0.02116688	0.00000000
C29	c	0.80167592	0.55217537	0.09291405	2.00000000	10.00000000	0.02236747	0.00000000
C30	c	0.30497605	0.50441527	0.21186520	2.00000000	10.00000000	0.02399360	0.00000000

Q Vehicle fuel tank capacity /0.40000000/
C Vehicle load capacity /1.50000000/
r fuel consumption rate /0.25000000/
g inverse refueling rate /1.00000000/
v average Velocity /1.00000000/
