StringID	Type	x	y	demand	ReadyTime	DueDate	ServiceTime	altitude
D0	d	0.50000000	0.50000000	0.00000000	0.00000000	10.00000000	0.00000000	0.00000000
S0	f	0.11804921	0.61677816	0.00000000	0.00000000	10.00000000	0.00000000	0.00000000
S1	f	0.45215160	0.15671333	0.00000000	0.00000000	10.00000000	0.00000000	0.00000000
S2	f	0.61988309	0.90230738	0.00000000	0.00000000	10.00000000	0.00000000	0.00000000
S3	f	0.63620774	0.45491948	0.00000000	0.00000000	10.00000000	0.00000000	0.00000000
S4	f	0.96448014	0.23061388	0.00000000	0.00000000	10.00000000	0.00000000	0.00000000
S5	f	0.00841996	0.30911708	0.00000000	0.00000000	10.00000000	0.00000000	0.00000000
S6	f	0.23818293	0.13342114	0.00000000	0.00000000	10.00000000	0.00000000	0.00000000
S7	f	0.62690400	0.53158213	0.00000000	0.00000000	10.00000000	0.00000000	0.00000000
S8	f	0.49613184	0.13059023	0.00000000	0.00000000	10.00000000	0.00000000	0.00000000
S9	f	0.56811666	0.59764159	0.00000000	0.00000000	10.00000000	0.00000000	0.00000000
C1	c	0.01330338	0.47573811	0.15617040	0.00000000	8.00000000	0.02783759	0.00000000
C2	c	0.04578954	0.38406414	0.05164502	0.06000000	8.06000000	0.02991994	0.00000000
C3	c	0.00000000	0.48527688	0.13247952	0.12000000	8.12000000	0.02049392	0.00000000
C4	c	0.01181194	0.44975965	0.11256899	0.18000000	8.18000000	0.02878818	0.00000000
C5	c	0.01258822	0.47041405	0.10544793	0.24000000	8.24000000	0.01371808	0.00000000
C6	c	0.14836998	0.82646558	0.05821833	0.30000000	8.30000000	0.02106676	0.00000000
C7	c	0.27131610	0.85297762	0.16512920	0.36000000	8.36000000	0.02122414	0.00000000
C8	c	0.22141722	0.85196273	0.15742650	0.42000000	8.42000000	0.02487960	0.00000000
C9	c	0.02974534	0.61202865	0.02723644	0.48000000	8.48000000	0.02400988	0.00000000
C10	c	0.10612829	0.54739544	0.08424264	0.54000000	8.54000000	0.02524479	0.00000000
C11	c	0.20885105	0.57571788	0.07778265	0.60000000	8.60000000	0.01492782	0.00000000
C12	c	0.14383954	0.58343266	0.08442317	0.66000000	8.66000000	0.02279449	0.00000000
C13	c	0.15822730	0.59923777	0.10458345	0.72000000	8.72000000	0.02797943	0.00000000
C14	c	0.14966624	0.70757061	0.07601585	0.78000000	8.78000000	0.02108917	0.00000000
C15	c	0.91005752	0.30638043	0.11350171	0.84000000	8.84000000	0.01620023	0.00000000
C16	c	0.87585622	0.35078393	0.07235430	0.90000000	8.90000000	0.01503686	0.00000000
C17	c	0.84389499	0.33409495	0.04264546	0.96000000	8.96000000	0.01535636	0.00000000
C18	c	0.79336692	0.36788883	0.07680880	1.02000000	9.02000000	0.01878601	0.00000000
C19	c	0.87903035	0.33024436	0.16198506	1.08000000	9.08000000	0.01341638	0.00000000
C20	c	0.86231556	0.42046363	0.15250455	1.14000000	9.14000000	0.02017733	0.00000000
C21	c	0.84663160	0.34086327	0.09902728	1.20000000	9.20000000	0.01127814	0.00000000
C22	c	0.93292638	0.32602766	0.16281915	1.26000000	9.26000000	0.01027881	0.00000000
C23	c	0.43794857	0.54655553	0.02315944	1.32000000	9.32000000	0.01766569	0.00000000
C24	c	0.42840676	0.56382201	0.01416832	1.38000000	9.38000000	0.01522009	0.00000000
C25	c	0.47925457	0.51157894	0.01924526	1.44000000	9.44000000	0.02631876	0.00000000
C26	c	0.15850681	0.30482230	0.07696540	1.50000000	9.50000000	0.01351012	0.00000000
C27	c	0.72280999	0.09859894	0.02598303	1.56000000	9.56000000	0.02659963	0.00000000
C28	c	0.30684450	0.13452642	0.03509734	1.62000000	9.62000000	0.01833704	0.00000000
C29	c	0.70756093	0.87902937	0.12490249	1.68000000	9.68000000	0.01111030	0.00000000
C30	c	0.75161692	0.58164223	0.16871484	1.74000000	9.74000000	0.02574333	0.00000000
C31	c	0.05056836	0.96510182	0.03892850	1.80000000	9.80000000	0.01510754	0.00000000
C32	c	0.65357565	0.36168179	0.06369999	1.86000000	9.86000000	0.01982566	0.00000000
C33	c	0.89187967	0.99599677	0.13446610	1.92000000	9.92000000	0.01866785	0.00000000
C34	c	0.52469601	0.93940894	0.02878598	1.98000000	9.98000000	0.01427881	0.00000000
C35	c	0.56120702	0.74397993	0.06404235	2.00000000	10.00000000	0.02997414	0.00000000
C36	c	0.70049384	0.76223936	0.03486857	2.00000000	10.00000000	0.01701530	0.00000000
C37	c	0.24639112	0.63972434	0.04012326	2.00000000	10.00000000	0.02466970	0.00000000
C38	c	0.89897134	0.55445856	0.15734278	2.00000000	10.00000000	0.02461175	0.00000000
C39	c	0.31001133	0.25184292	0.13188441	2.00000000	10.00000000	0.01491592	0.00000000
C40	c	0.26781793	0.43930053	0.16091434	2.00000000	10.00000000	0.02414782	0.00000000
C41	c	0.17081881	0.50886664	0.13934317	2.00000000	10.00000000	0.02250122	0.00000000
C42	c	0.06390687	0.01394069	0.11056613	2.00000000	10.00000000	0.01177613	0.00000000
C43	c	0.38328461	0.26100462	0.02065431	2.00000000	10.00000000	0.02115246	0.00000000
C44	c	0.81593823	0.17550616	0.17548657	2.00000000	10.00000000	0.01949021	0.00000000
C45	c	0.05551523	0.78716640	0.03293210	2.00000000	10.00000000	0.02777240	0.00000000
C46	c	0.25537702	0.49128310	0.10119999	2.00000000	10.00000000	0.02497602	0.00000000
C47	c	0.43339272	0.21394057	0.06563052	2.00000000	10.00000000	0.02562489	0.00000000
C48	c	0.99870685	0.35076477	0.03980739	2.00000000	10.00000000	0.02930023	0.00000000
C49	c	0.73348508	0.73058755	0.12274460	2.00000000	10.00000000	0.02833508	0.00000000
C50	c	0.24579604	0.70739086	0.07332641	2.00000000	10.00000000	0.01823777	0.00000000

Q Vehicle fuel tank capacity /0.40000000/
C Vehicle load capacity /1.50000000/
r fuel consumption rate /0.25000000/
g inverse refueling rate /1.00000000/
v average Velocity /1.00000000/
