StringID	Type	x	y	demand	ReadyTime	DueDate	ServiceTime	altitude
D0	d	0.50000000	0.50000000	0.00000000	0.00000000	10.00000000	0.00000000	0.00000000
S0	f	0.49785185	0.80908716	0.00000000	0.00000000	10.00000000	0.00000000	0.00000000
S1	f	0.79139550	0.69332983	0.00000000	0.00000000	10.00000000	0.00000000	0.00000000
S2	f	0.40343102	0.53044567	0.00000000	0.00000000	10.00000000	0.00000000	0.00000000
S3	f	0.73839194	0.63881114	0.00000000	0.00000000	10.00000000	0.00000000	0.00000000
S4	f	0.25721764	0.87935923	0.00000000	0.00000000	10.00000000	0.00000000	0.00000000
S5	f	0.60767275	0.45367232	0.00000000	0.00000000	10.00000000	0.00000000	0.00000000
S6	f	0.88382554	0.40103145	0.00000000	0.00000000	10.00000000	0.00000000	0.00000000
S7	f	0.90201678	0.30783503	0.00000000	0.00000000	10.00000000	0.00000000	0.00000000
S8	f	0.81358646	0.83625708	0.00000000	0.00000000	10.00000000	0.00000000	0.00000000
S9	f	0.60647356	0.50227547	0.00000000	0.00000000	10.00000000	0.00000000	0.00000000
C1	c	0.65458215	0.31379290	0.04556055	0.00000000	8.00000000	0.01865492	0.00000000
C2	c	0.52868716	0.69478890	0.08497320	0.06000000	8.06000000	0.02275823	0.00000000
C3	c	0.96972712	0.76196661	0.15086112	0.12000000	8.12000000	0.01263781	0.00000000
C4	c	0.13513299	0.03916795	0.11934879	0.18000000	8.18000000	0.01386511	0.00000000
C5	c	0.24520245	0.52647886	0.03638184	0.24000000	8.24000000	0.01765574	0.00000000
C6	c	0.66451497	0.26088845	0.11985418	0.30000000	8.30000000	0.02270128	0.00000000
C7	c	0.12482769	0.83116883	0.09647384	0.36000000	8.36000000	0.01494675	0.00000000
C8	c	0.27725171	0.16492907	0.13603048	0.42000000	8.42000000	0.02919933	0.00000000
C9	c	0.32286777	0.97610505	0.06719274	0.48000000	8.48000000	0.01824510	0.00000000
C10	c	0.26004259	0.01477317	0.15467472	0.54000000	8.54000000	0.01943919	0.00000000
C11	c	0.03128405	0.85511246	0.15567821	0.60000000	8.60000000	0.02518745	0.00000000
C12	c	0.03591156	0.68179640	0.08790012	0.66000000	8.66000000	0.02365260	0.00000000
C13	c	0.86444035	0.60646957	0.07707898	0.72000000	8.72000000	0.02521291	0.00000000
C14	c	0.99303523	0.51899049	0.02138201	0.78000000	8.78000000	0.01418937	0.00000000
C15	c	0.53124685	0.85184637	0.04418872	0.84000000	8.84000000	0.02932123	0.00000000
C16	c	0.08297585	0.21390831	0.12120812	0.90000000	8.90000000	0.02428050	0.00000000
C17	c	0.20804470	0.15787204	0.06517231	0.96000000	8.96000000	0.02083944	0.00000000
C18	c	0.73539690	0.70754624	0.11400786	1.02000000	9.02000000	0.01246176	0.00000000
C19	c	0.49785185	0.80908716	0.04221574	1.08000000	9.08000000	0.01067910	0.00000000
C20	c	0.35032608	0.33819665	0.01440198	1.14000000	9.14000000	0.01977950	0.00000000
C21	c	0.31152464	0.79657405	0.15833616	1.20000000	9.20000000	0.02163699	0.00000000
C22	c	0.34440226	0.24607125	0.15819026	1.26000000	9.26000000	0.01936131	0.00000000
C23	c	0.16372474	0.12902823	0.10386979	1.32000000	9.32000000	0.02094956	0.00000000
C24	c	0.42908936	0.73767872	0.07260622	1.38000000	9.38000000	0.02442442	0.00000000
C25	c	0.77083100	0.86029468	0.09293680	1.44000000	9.44000000	0.01928641	0.00000000
C26	c	0.31233329	0.85636308	0.12711877	1.50000000	9.50000000	0.01620607	0.00000000
C27	c	0.89838699	0.50533178	0.01693860	1.56000000	9.56000000	0.02471876	0.00000000
C28	c	0.17153601	0.94421897	0.17948090	1.62000000	9.62000000	0.02925317	0.00000000
C29	c	0.07190053	0.26505660	0.01923879	1.68000000	9.68000000	0.02316591	0.00000000
C30	c	0.45301368	0.95482953	0.12375847	1.74000000	9.74000000	0.02192671	0.00000000
C31	c	0.29437977	0.48508066	0.04358529	1.80000000	9.80000000	0.02061865	0.00000000
C32	c	0.85961082	0.68459486	0.12330028	1.86000000	9.86000000	0.02743071	0.00000000
C33	c	0.06987132	0.11356280	0.04575459	1.92000000	9.92000000	0.02385691	0.00000000
C34	c	0.58281152	0.14394911	0.04979702	1.98000000	9.98000000	0.02968782	0.00000000
C35	c	0.94436045	0.17978832	0.13134510	2.00000000	10.00000000	0.02759826	0.00000000
C36	c	0.56926152	0.40689223	0.08570053	2.00000000	10.00000000	0.01716251	0.00000000
C37	c	0.79139550	0.69332983	0.08559103	2.00000000	10.00000000	0.02771013	0.00000000
C38	c	0.05633294	0.55093831	0.02247849	2.00000000	10.00000000	0.02993576	0.00000000
C39	c	0.77262658	0.30760715	0.03152863	2.00000000	10.00000000	0.01752803	0.00000000
C40	c	0.30473791	0.72739764	0.01936558	2.00000000	10.00000000	0.01156059	0.00000000
C41	c	0.24575335	0.30190908	0.08014596	2.00000000	10.00000000	0.02263327	0.00000000
C42	c	0.85975771	0.48638040	0.09928899	2.00000000	10.00000000	0.02886964	0.00000000
C43	c	0.58107344	0.78121129	0.14062465	2.00000000	10.00000000	0.02736627	0.00000000
C44	c	0.24659769	0.05258916	0.07900288	2.00000000	10.00000000	0.02263287	0.00000000
C45	c	0.84395889	0.27940760	0.02966651	2.00000000	10.00000000	0.02192939	0.00000000
C46	c	0.65613986	0.74420575	0.15055215	2.00000000	10.00000000	0.02814497	0.00000000
C47	c	0.18834872	0.82272991	0.06854570	2.00000000	10.00000000	0.01118202	0.00000000
C48	c	0.59441072	0.72989100	0.14468315	2.00000000	10.00000000	0.02465654	0.00000000
C49	c	0.53330492	0.76151390	0.13034133	2.00000000	10.00000000	0.02283887	0.00000000
C50	c	0.65213057	0.20652866	0.13164187	2.00000000	10.00000000	0.02728421	0.00000000

Q Vehicle fuel tank capacity /0.40000000/
C Vehicle load capacity /1.50000000/
r fuel consumption rate /0.25000000/
g inverse refueling rate /1.00000000/
v average Velocity /1.00000000/
