StringID	Type	x	y	demand	ReadyTime	DueDate	ServiceTime	altitude
D0	d	0.50000000	0.50000000	0.00000000	0.00000000	10.00000000	0.00000000	0.00000000
S0	f	0.04334838	0.85961178	0.00000000	0.00000000	10.00000000	0.00000000	0.00000000
S1	f	0.13326749	0.19292249	0.00000000	0.00000000	10.00000000	0.00000000	0.00000000
S2	f	0.10616265	0.03665456	0.00000000	0.00000000	10.00000000	0.00000000	0.00000000
S3	f	0.93867217	0.27776080	0.00000000	0.00000000	10.00000000	0.00000000	0.00000000
S4	f	0.59638005	0.56441932	0.00000000	0.00000000	10.00000000	0.00000000	0.00000000
S5	f	0.00473152	0.12499802	0.00000000	0.00000000	10.00000000	0.00000000	0.00000000
C1	c	0.54912053	0.14108439	0.10676421	0.00000000	8.00000000	0.02306907	0.00000000
C2	c	0.98193851	0.73993227	0.10813029	0.10000000	8.10000000	0.02209306	0.00000000
C3	c	0.00347403	0.26040623	0.02357456	0.20000000	8.20000000	0.01930005	0.00000000
C4	c	0.02194611	0.55913815	0.18276184	0.30000000	8.30000000	0.01741032	0.00000000
C5	c	0.98033753	0.17785724	0.14895523	0.40000000	8.40000000	0.02824207	0.00000000
C6	c	0.31296539	0.61542906	0.24806236	0.50000000	8.50000000	0.02541747	0.00000000
C7	c	0.76584381	0.64917744	0.21187516	0.60000000	8.60000000	0.01552995	0.00000000
C8	c	0.48305271	0.91416998	0.16182399	0.70000000	8.70000000	0.02441389	0.00000000
C9	c	0.72137855	0.65906841	0.18084554	0.80000000	8.80000000	0.01968765	0.00000000
C10	c	0.94789050	0.76401292	0.20867611	0.90000000	8.90000000	0.01883808	0.00000000
C11	c	0.76719729	0.97470548	0.26499109	1.00000000	9.00000000	0.02087735	0.00000000
C12	c	0.24918847	0.78693932	0.10678519	1.10000000	9.10000000	0.01097185	0.00000000
C13	c	0.71631561	0.94291845	0.16920862	1.20000000	9.20000000	0.01353925	0.00000000
C14	c	0.09479373	0.30988364	0.21197166	1.30000000	9.30000000	0.02957008	0.00000000
C15	c	0.50081679	0.17490437	0.03879683	1.40000000	9.40000000	0.01599729	0.00000000
C16	c	0.58131382	0.44536426	0.23287703	1.50000000	9.50000000	0.01876201	0.00000000
C17	c	0.80551554	0.52096955	0.14008064	1.60000000	9.60000000	0.02682813	0.00000000
C18	c	0.27668986	0.73827264	0.05450911	1.70000000	9.70000000	0.01075165	0.00000000
C19	c	0.04334838	0.85961178	0.18820420	1.80000000	9.80000000	0.02078358	0.00000000
C20	c	0.78529768	0.90047376	0.06859317	1.90000000	9.90000000	0.01099915	0.00000000
C21	c	0.36760807	0.33535308	0.26709579	2.00000000	10.00000000	0.02583987	0.00000000
C22	c	0.14731098	0.77575668	0.05201419	2.00000000	10.00000000	0.02041466	0.00000000
C23	c	0.80139231	0.45300918	0.08171408	2.00000000	10.00000000	0.02635272	0.00000000
C24	c	0.04668755	0.19248218	0.19857570	2.00000000	10.00000000	0.01347283	0.00000000
C25	c	0.08287543	0.93470601	0.27038818	2.00000000	10.00000000	0.01360270	0.00000000
C26	c	0.69555968	0.03842525	0.06197763	2.00000000	10.00000000	0.02052951	0.00000000
C27	c	0.89469874	0.78697017	0.25863235	2.00000000	10.00000000	0.02242113	0.00000000
C28	c	0.34266044	0.13191835	0.07839416	2.00000000	10.00000000	0.01998878	0.00000000
C29	c	0.52201917	0.29416230	0.11667570	2.00000000	10.00000000	0.01919317	0.00000000
C30	c	0.42605301	0.44905856	0.05704541	2.00000000	10.00000000	0.01411772	0.00000000

Q Vehicle fuel tank capacity /0.40000000/
C Vehicle load capacity /1.50000000/
r fuel consumption rate /0.25000000/
g inverse refueling rate /1.00000000/
v average Velocity /1.00000000/
