StringID	Type	x	y	demand	ReadyTime	DueDate	ServiceTime	altitude
D0	d	0.50000000	0.50000000	0.00000000	0.00000000	10.00000000	0.00000000	0.00000000
S0	f	0.21902779	0.77099809	0.00000000	0.00000000	10.00000000	0.00000000	0.00000000
S1	f	0.65866370	0.28033149	0.00000000	0.00000000	10.00000000	0.00000000	0.00000000
S2	f	0.96962345	0.70506007	0.00000000	0.00000000	10.00000000	0.00000000	0.00000000
S3	f	0.56234383	0.90750191	0.00000000	0.00000000	10.00000000	0.00000000	0.00000000
S4	f	0.09377131	0.65673490	0.00000000	0.00000000	10.00000000	0.00000000	0.00000000
S5	f	0.43871463	0.89087725	0.00000000	0.00000000	10.00000000	0.00000000	0.00000000
C1	c	0.48688203	0.20350029	0.13355082	0.00000000	8.00000000	0.02822091	0.00000000
C2	c	0.38412367	0.20839215	0.18356484	0.10000000	8.10000000	0.01046986	0.00000000
C3	c	0.42417181	0.17502022	0.23744629	0.20000000	8.20000000	0.01751218	0.00000000
C4	c	0.52478780	0.20875657	0.18128351	0.30000000	8.30000000	0.01732655	0.00000000
C5	c	0.39732857	0.17925309	0.19059565	0.40000000	8.40000000	0.01519543	0.00000000
C6	c	0.49067379	0.15978701	0.02857336	0.50000000	8.50000000	0.01284202	0.00000000
C7	c	0.52783417	0.22728026	0.12363806	0.60000000	8.60000000	0.02264700	0.00000000
C8	c	0.48442963	0.21461829	0.22583708	0.70000000	8.70000000	0.01824929	0.00000000
C9	c	0.45132295	0.25385171	0.09930176	0.80000000	8.80000000	0.01894107	0.00000000
C10	c	0.17142669	0.77409555	0.10014779	0.90000000	8.90000000	0.02438799	0.00000000
C11	c	0.26579164	0.80291869	0.05558779	1.00000000	9.00000000	0.02500534	0.00000000
C12	c	0.27742748	0.70249455	0.25886336	1.10000000	9.10000000	0.01836554	0.00000000
C13	c	0.27565547	0.67327684	0.26052161	1.20000000	9.20000000	0.02771663	0.00000000
C14	c	0.63711740	0.40682387	0.14615088	1.30000000	9.30000000	0.01603723	0.00000000
C15	c	0.75320553	0.22656436	0.13425342	1.40000000	9.40000000	0.01020203	0.00000000
C16	c	0.32771831	0.68066294	0.12704539	1.50000000	9.50000000	0.02109442	0.00000000
C17	c	0.07183499	0.33527668	0.22764942	1.60000000	9.60000000	0.02652287	0.00000000
C18	c	0.05457810	0.14230099	0.23710576	1.70000000	9.70000000	0.01325603	0.00000000
C19	c	0.91104551	0.02349279	0.16467921	1.80000000	9.80000000	0.02619534	0.00000000
C20	c	0.37560889	0.36632731	0.07695414	1.90000000	9.90000000	0.02558850	0.00000000
C21	c	0.25977142	0.14210108	0.21929410	2.00000000	10.00000000	0.02127596	0.00000000
C22	c	0.44705371	0.71939970	0.17367232	2.00000000	10.00000000	0.02055250	0.00000000
C23	c	0.75026721	0.41827701	0.22836153	2.00000000	10.00000000	0.01448374	0.00000000
C24	c	0.88583159	0.30186153	0.16919734	2.00000000	10.00000000	0.01921541	0.00000000
C25	c	0.01010140	0.55472088	0.10105571	2.00000000	10.00000000	0.01572776	0.00000000
C26	c	0.82614353	0.16280148	0.19041398	2.00000000	10.00000000	0.02674924	0.00000000
C27	c	0.80976690	0.77942486	0.03627136	2.00000000	10.00000000	0.02268953	0.00000000
C28	c	0.56379804	0.52762478	0.10296934	2.00000000	10.00000000	0.02101145	0.00000000
C29	c	0.22418683	0.46077048	0.03190228	2.00000000	10.00000000	0.01056034	0.00000000
C30	c	0.28638815	0.83746206	0.05411189	2.00000000	10.00000000	0.02251670	0.00000000

Q Vehicle fuel tank capacity /0.40000000/
C Vehicle load capacity /1.50000000/
r fuel consumption rate /0.25000000/
g inverse refueling rate /1.00000000/
v average Velocity /1.00000000/
