StringID	Type	x	y	demand	ReadyTime	DueDate	ServiceTime	altitude
D0	d	0.50000000	0.50000000	0.00000000	0.00000000	10.00000000	0.00000000	0.00000000
S0	f	0.36166425	0.53358391	0.00000000	0.00000000	10.00000000	0.00000000	0.00000000
S1	f	0.74273080	0.97187823	0.00000000	0.00000000	10.00000000	0.00000000	0.00000000
S2	f	0.00880547	0.32904373	0.00000000	0.00000000	10.00000000	0.00000000	0.00000000
S3	f	0.69844820	0.26889768	0.00000000	0.00000000	10.00000000	0.00000000	0.00000000
S4	f	0.25879141	0.75293534	0.00000000	0.00000000	10.00000000	0.00000000	0.00000000
S5	f	0.93025224	0.48381366	0.00000000	0.00000000	10.00000000	0.00000000	0.00000000
S6	f	0.82606811	0.85536110	0.00000000	0.00000000	10.00000000	0.00000000	0.00000000
S7	f	0.10877650	0.30294274	0.00000000	0.00000000	10.00000000	0.00000000	0.00000000
S8	f	0.64526493	0.28515297	0.00000000	0.00000000	10.00000000	0.00000000	0.00000000
S9	f	0.47841212	0.42814800	0.00000000	0.00000000	10.00000000	0.00000000	0.00000000
C1	c	0.67452188	0.77492608	0.13629934	0.00000000	8.00000000	0.01505483	0.00000000
C2	c	0.68605330	0.73068418	0.10588548	0.06000000	8.06000000	0.01842421	0.00000000
C3	c	0.75003315	0.72506195	0.05798643	0.12000000	8.12000000	0.01534617	0.00000000
C4	c	0.72204912	0.76373442	0.04327939	0.18000000	8.18000000	0.01258175	0.00000000
C5	c	0.76680331	0.73455037	0.02609938	0.24000000	8.24000000	0.02480949	0.00000000
C6	c	0.62902108	0.71058602	0.14049866	0.30000000	8.30000000	0.01006533	0.00000000
C7	c	0.85069224	0.55452858	0.02694680	0.36000000	8.36000000	0.02165504	0.00000000
C8	c	0.77969090	0.65394762	0.07167056	0.42000000	8.42000000	0.01606060	0.00000000
C9	c	0.94646987	0.54798462	0.14224575	0.48000000	8.48000000	0.01147143	0.00000000
C10	c	0.86945106	0.58360428	0.03745661	0.54000000	8.54000000	0.01982033	0.00000000
C11	c	0.89342389	0.67019602	0.14319456	0.60000000	8.60000000	0.02195372	0.00000000
C12	c	0.87632074	0.55529715	0.12483625	0.66000000	8.66000000	0.02667155	0.00000000
C13	c	0.81978266	0.64521705	0.09457814	0.72000000	8.72000000	0.01286533	0.00000000
C14	c	0.78055934	0.63065159	0.02461342	0.78000000	8.78000000	0.02086978	0.00000000
C15	c	0.85022717	0.64174048	0.01706413	0.84000000	8.84000000	0.02938051	0.00000000
C16	c	0.38396479	0.71507330	0.12517652	0.90000000	8.90000000	0.01097922	0.00000000
C17	c	0.48412947	0.70789908	0.06944398	0.96000000	8.96000000	0.01129389	0.00000000
C18	c	0.52902295	0.80466092	0.01255332	1.02000000	9.02000000	0.02062938	0.00000000
C19	c	0.44531865	0.79847222	0.07433969	1.08000000	9.08000000	0.02550757	0.00000000
C20	c	0.75374518	0.31901393	0.13950837	1.14000000	9.14000000	0.01459805	0.00000000
C21	c	0.79778104	0.38466672	0.12078829	1.20000000	9.20000000	0.02583941	0.00000000
C22	c	0.75412426	0.35909476	0.15690949	1.26000000	9.26000000	0.02898782	0.00000000
C23	c	0.75580544	0.31428418	0.03549874	1.32000000	9.32000000	0.01459478	0.00000000
C24	c	0.81665496	0.43416662	0.05781347	1.38000000	9.38000000	0.01008680	0.00000000
C25	c	0.81323112	0.36615593	0.13597970	1.44000000	9.44000000	0.02634630	0.00000000
C26	c	0.71318174	0.45751920	0.09167119	1.50000000	9.50000000	0.02978300	0.00000000
C27	c	0.32038773	0.90722255	0.06790513	1.56000000	9.56000000	0.01997295	0.00000000
C28	c	0.48511408	0.56219312	0.16960864	1.62000000	9.62000000	0.01225469	0.00000000
C29	c	0.62216759	0.16121803	0.09645362	1.68000000	9.68000000	0.01636677	0.00000000
C30	c	0.15782891	0.16186905	0.10981208	1.74000000	9.74000000	0.01665828	0.00000000
C31	c	0.36657882	0.96737916	0.12020617	1.80000000	9.80000000	0.01003888	0.00000000
C32	c	0.10458907	0.46815188	0.04031965	1.86000000	9.86000000	0.01519116	0.00000000
C33	c	0.16452613	0.54945106	0.03973229	1.92000000	9.92000000	0.02542167	0.00000000
C34	c	0.23724236	0.97947444	0.04043248	1.98000000	9.98000000	0.01302082	0.00000000
C35	c	0.28086092	0.43216520	0.07591044	2.00000000	10.00000000	0.02548563	0.00000000
C36	c	0.08147569	0.93490260	0.18003429	2.00000000	10.00000000	0.02750051	0.00000000
C37	c	0.29037862	0.85117762	0.03050537	2.00000000	10.00000000	0.01471080	0.00000000
C38	c	0.58530144	0.81399541	0.09351392	2.00000000	10.00000000	0.02919666	0.00000000
C39	c	0.26730854	0.12908726	0.04089297	2.00000000	10.00000000	0.01873738	0.00000000
C40	c	0.74047450	0.00326641	0.10760377	2.00000000	10.00000000	0.02481503	0.00000000
C41	c	0.58275208	0.30303018	0.05349532	2.00000000	10.00000000	0.01234674	0.00000000
C42	c	0.96902568	0.04896123	0.18213051	2.00000000	10.00000000	0.01255751	0.00000000
C43	c	0.06469469	0.53146880	0.06105479	2.00000000	10.00000000	0.01195938	0.00000000
C44	c	0.77537874	0.22990254	0.08727712	2.00000000	10.00000000	0.02722066	0.00000000
C45	c	0.79197032	0.94939118	0.02649962	2.00000000	10.00000000	0.02164230	0.00000000
C46	c	0.22973898	0.00433994	0.17440583	2.00000000	10.00000000	0.02339323	0.00000000
C47	c	0.81731500	0.98915013	0.06270429	2.00000000	10.00000000	0.01230863	0.00000000
C48	c	0.49864732	0.11273461	0.15989557	2.00000000	10.00000000	0.01895376	0.00000000
C49	c	0.31833835	0.33291391	0.11381695	2.00000000	10.00000000	0.01648441	0.00000000
C50	c	0.00194385	0.25955786	0.15345157	2.00000000	10.00000000	0.01083183	0.00000000

Q Vehicle fuel tank capacity /0.40000000/
C Vehicle load capacity /1.50000000/
r fuel consumption rate /0.25000000/
g inverse refueling rate /1.00000000/
v average Velocity /1.00000000/
