StringID	Type	x	y	demand	ReadyTime	DueDate	ServiceTime	altitude
D0	d	0.50000000	0.50000000	0.00000000	0.00000000	10.00000000	0.00000000	0.00000000
S0	f	0.21546164	0.78551141	0.00000000	0.00000000	10.00000000	0.00000000	0.00000000
S1	f	0.35292027	0.93775827	0.00000000	0.00000000	10.00000000	0.00000000	0.00000000
S2	f	0.68972619	0.08239810	0.00000000	0.00000000	10.00000000	0.00000000	0.00000000
S3	f	0.71324857	0.29376599	0.00000000	0.00000000	10.00000000	0.00000000	0.00000000
S4	f	0.83458865	0.45144829	0.00000000	0.00000000	10.00000000	0.00000000	0.00000000
S5	f	0.13673898	0.48070468	0.00000000	0.00000000	10.00000000	0.00000000	0.00000000
C1	c	0.86805111	0.53426708	0.19247540	0.00000000	8.00000000	0.02598017	0.00000000
C2	c	0.39811510	0.26203615	0.22943506	0.10000000	8.10000000	0.02047183	0.00000000
C3	c	0.28767249	0.14984940	0.24357646	0.20000000	8.20000000	0.02136065	0.00000000
C4	c	0.81298544	0.90171848	0.07409887	0.30000000	8.30000000	0.01462523	0.00000000
C5	c	0.42252826	0.96077013	0.15513311	0.40000000	8.40000000	0.02460399	0.00000000
C6	c	0.86683296	0.64575272	0.25230455	0.50000000	8.50000000	0.02816341	0.00000000
C7	c	0.66603256	0.80510225	0.15195485	0.60000000	8.60000000	0.02284537	0.00000000
C8	c	0.39152138	0.66554211	0.11302455	0.70000000	8.70000000	0.01079145	0.00000000
C9	c	0.50438010	0.57942419	0.24759230	0.80000000	8.80000000	0.02420310	0.00000000
C10	c	0.36186498	0.47839437	0.22314886	0.90000000	8.90000000	0.02638358	0.00000000
C11	c	0.62204587	0.55645059	0.25091728	1.00000000	9.00000000	0.01104803	0.00000000
C12	c	0.54600810	0.71026085	0.02357961	1.10000000	9.10000000	0.01203598	0.00000000
C13	c	0.44660230	0.02250682	0.03849093	1.20000000	9.20000000	0.01005374	0.00000000
C14	c	0.93162666	0.95409524	0.18436368	1.30000000	9.30000000	0.01382936	0.00000000
C15	c	0.10913136	0.17972629	0.12398594	1.40000000	9.40000000	0.01686004	0.00000000
C16	c	0.39998606	0.89530537	0.08141141	1.50000000	9.50000000	0.02007271	0.00000000
C17	c	0.04205865	0.73020140	0.23648704	1.60000000	9.60000000	0.01615752	0.00000000
C18	c	0.92846922	0.07701698	0.04200117	1.70000000	9.70000000	0.02191317	0.00000000
C19	c	0.21546164	0.78551141	0.23847950	1.80000000	9.80000000	0.02150848	0.00000000
C20	c	0.89809478	0.68752688	0.11085558	1.90000000	9.90000000	0.02251405	0.00000000
C21	c	0.62914293	0.96637427	0.25026757	2.00000000	10.00000000	0.02218392	0.00000000
C22	c	0.73026880	0.23655654	0.11345338	2.00000000	10.00000000	0.02158758	0.00000000
C23	c	0.10271456	0.10570766	0.16396062	2.00000000	10.00000000	0.02528686	0.00000000
C24	c	0.82283832	0.26829380	0.02606696	2.00000000	10.00000000	0.01228078	0.00000000
C25	c	0.79119768	0.62421642	0.10436364	2.00000000	10.00000000	0.01579861	0.00000000
C26	c	0.70059844	0.60255530	0.09786316	2.00000000	10.00000000	0.02889351	0.00000000
C27	c	0.29823521	0.46387068	0.13486260	2.00000000	10.00000000	0.02502538	0.00000000
C28	c	0.28687979	0.76527388	0.13551856	2.00000000	10.00000000	0.01244513	0.00000000
C29	c	0.77087544	0.21594352	0.16658688	2.00000000	10.00000000	0.01213174	0.00000000
C30	c	0.91624669	0.51287602	0.09374044	2.00000000	10.00000000	0.02543513	0.00000000

Q Vehicle fuel tank capacity /0.40000000/
C Vehicle load capacity /1.50000000/
r fuel consumption rate /0.25000000/
g inverse refueling rate /1.00000000/
v average Velocity /1.00000000/
