StringID	Type	x	y	demand	ReadyTime	DueDate	ServiceTime	altitude
D0	d	0.50000000	0.50000000	0.00000000	0.00000000	10.00000000	0.00000000	0.00000000
S0	f	0.88595428	0.19476943	0.00000000	0.00000000	10.00000000	0.00000000	0.00000000
S1	f	0.70126497	0.01671900	0.00000000	0.00000000	10.00000000	0.00000000	0.00000000
S2	f	0.69832942	0.21628053	0.00000000	0.00000000	10.00000000	0.00000000	0.00000000
S3	f	0.99166978	0.88695567	0.00000000	0.00000000	10.00000000	0.00000000	0.00000000
S4	f	0.97634051	0.08447058	0.00000000	0.00000000	10.00000000	0.00000000	0.00000000
S5	f	0.54152383	0.16628318	0.00000000	0.00000000	10.00000000	0.00000000	0.00000000
C1	c	0.45833928	0.45147040	0.16964219	0.00000000	8.00000000	0.01025227	0.00000000
C2	c	0.48248532	0.35561140	0.18936995	0.10000000	8.10000000	0.02607547	0.00000000
C3	c	0.50301723	0.34693108	0.05921635	0.20000000	8.20000000	0.02510073	0.00000000
C4	c	0.53487939	0.36710761	0.07268538	0.30000000	8.30000000	0.02213634	0.00000000
C5	c	0.36841579	0.31790027	0.24366031	0.40000000	8.40000000	0.01664287	0.00000000
C6	c	0.95376983	0.94988967	0.06153595	0.50000000	8.50000000	0.02445946	0.00000000
C7	c	0.96483216	1.00000000	0.21813700	0.60000000	8.60000000	0.01444518	0.00000000
C8	c	0.91398399	0.88252805	0.14646076	0.70000000	8.70000000	0.01349391	0.00000000
C9	c	0.96878373	1.00000000	0.12724179	0.80000000	8.80000000	0.01322206	0.00000000
C10	c	0.97291248	0.96499211	0.20422324	0.90000000	8.90000000	0.02808064	0.00000000
C11	c	0.65348387	0.33409222	0.15306919	1.00000000	9.00000000	0.02910659	0.00000000
C12	c	0.77591842	0.37379317	0.18394126	1.10000000	9.10000000	0.01914935	0.00000000
C13	c	0.75479342	0.31315027	0.18306744	1.20000000	9.20000000	0.01145093	0.00000000
C14	c	0.69834985	0.39090190	0.14911440	1.30000000	9.30000000	0.01456686	0.00000000
C15	c	0.71690826	0.30038160	0.22147979	1.40000000	9.40000000	0.01138537	0.00000000
C16	c	0.13730709	0.13239017	0.13772166	1.50000000	9.50000000	0.02166193	0.00000000
C17	c	0.10744921	0.92459151	0.05901968	1.60000000	9.60000000	0.01176150	0.00000000
C18	c	0.58395594	0.41241029	0.24992144	1.70000000	9.70000000	0.01079339	0.00000000
C19	c	0.46954750	0.87050487	0.05158450	1.80000000	9.80000000	0.01510713	0.00000000
C20	c	0.48066630	0.61015470	0.05036939	1.90000000	9.90000000	0.02048290	0.00000000
C21	c	0.51493774	0.65855617	0.04420577	2.00000000	10.00000000	0.02393402	0.00000000
C22	c	0.01261341	0.80377362	0.24614478	2.00000000	10.00000000	0.01940658	0.00000000
C23	c	0.75503656	0.60681717	0.16196408	2.00000000	10.00000000	0.01752669	0.00000000
C24	c	0.33214326	0.72297312	0.11957029	2.00000000	10.00000000	0.01981008	0.00000000
C25	c	0.22225887	0.17469571	0.13369051	2.00000000	10.00000000	0.01729787	0.00000000
C26	c	0.16110299	0.90403194	0.23277844	2.00000000	10.00000000	0.01271015	0.00000000
C27	c	0.95532956	0.45746770	0.13643828	2.00000000	10.00000000	0.01605034	0.00000000
C28	c	0.07254635	0.22834293	0.16843854	2.00000000	10.00000000	0.01004532	0.00000000
C29	c	0.06926872	0.58309664	0.14490773	2.00000000	10.00000000	0.01909501	0.00000000
C30	c	0.08807482	0.03966946	0.18039991	2.00000000	10.00000000	0.01018721	0.00000000

Q Vehicle fuel tank capacity /0.40000000/
C Vehicle load capacity /1.50000000/
r fuel consumption rate /0.25000000/
g inverse refueling rate /1.00000000/
v average Velocity /1.00000000/
