StringID	Type	x	y	demand	ReadyTime	DueDate	ServiceTime	altitude
D0	d	0.50000000	0.50000000	0.00000000	0.00000000	10.00000000	0.00000000	0.00000000
S0	f	0.42125832	0.07822280	0.00000000	0.00000000	10.00000000	0.00000000	0.00000000
S1	f	0.54485077	0.83518703	0.00000000	0.00000000	10.00000000	0.00000000	0.00000000
S2	f	0.04126097	0.90135766	0.00000000	0.00000000	10.00000000	0.00000000	0.00000000
S3	f	0.44197817	0.67396411	0.00000000	0.00000000	10.00000000	0.00000000	0.00000000
S4	f	0.42404432	0.91566677	0.00000000	0.00000000	10.00000000	0.00000000	0.00000000
S5	f	0.99706267	0.32145358	0.00000000	0.00000000	10.00000000	0.00000000	0.00000000
C1	c	0.17047422	0.33280641	0.21533896	0.00000000	8.00000000	0.02737030	0.00000000
C2	c	0.12691103	0.40142509	0.17880036	0.10000000	8.10000000	0.01953884	0.00000000
C3	c	0.17086134	0.30178179	0.21129846	0.20000000	8.20000000	0.01342856	0.00000000
C4	c	0.27433743	0.80736345	0.09196224	0.30000000	8.30000000	0.01292483	0.00000000
C5	c	0.33020937	0.77144189	0.12509716	0.40000000	8.40000000	0.01244874	0.00000000
C6	c	0.21679214	0.74184420	0.05021119	0.50000000	8.50000000	0.01092365	0.00000000
C7	c	0.31858110	0.74337185	0.10260377	0.60000000	8.60000000	0.02735086	0.00000000
C8	c	0.52387215	0.06681902	0.27462857	0.70000000	8.70000000	0.01468525	0.00000000
C9	c	0.42571887	0.00000000	0.10416658	0.80000000	8.80000000	0.01948549	0.00000000
C10	c	0.44813916	0.04261778	0.23846891	0.90000000	8.90000000	0.02041156	0.00000000
C11	c	0.47200522	0.13667160	0.07216910	1.00000000	9.00000000	0.01533207	0.00000000
C12	c	0.33684081	0.08411293	0.02144030	1.10000000	9.10000000	0.01298668	0.00000000
C13	c	0.46935673	0.14595988	0.08394208	1.20000000	9.20000000	0.02946371	0.00000000
C14	c	0.37530461	0.09408000	0.28669422	1.30000000	9.30000000	0.02450789	0.00000000
C15	c	0.44269719	0.02428728	0.23918252	1.40000000	9.40000000	0.02037232	0.00000000
C16	c	0.91872052	0.49956650	0.06177546	1.50000000	9.50000000	0.02777011	0.00000000
C17	c	0.24524993	0.92851317	0.03182079	1.60000000	9.60000000	0.01233070	0.00000000
C18	c	0.45215149	0.71521408	0.20827820	1.70000000	9.70000000	0.02778468	0.00000000
C19	c	0.08857619	0.56090766	0.26735137	1.80000000	9.80000000	0.01138004	0.00000000
C20	c	0.27165168	0.18382918	0.15417508	1.90000000	9.90000000	0.02653183	0.00000000
C21	c	0.90945172	0.41362514	0.08550675	2.00000000	10.00000000	0.01292259	0.00000000
C22	c	0.86851505	0.47694179	0.26999550	2.00000000	10.00000000	0.01529081	0.00000000
C23	c	0.17142802	0.14624171	0.14137249	2.00000000	10.00000000	0.02169676	0.00000000
C24	c	0.12243681	0.04618262	0.21240235	2.00000000	10.00000000	0.01768684	0.00000000
C25	c	0.86754294	0.23426241	0.04320308	2.00000000	10.00000000	0.01158348	0.00000000
C26	c	0.97318548	0.72539430	0.17073788	2.00000000	10.00000000	0.02990604	0.00000000
C27	c	0.51861597	0.88850561	0.09263552	2.00000000	10.00000000	0.02157329	0.00000000
C28	c	0.11653495	0.88923397	0.06892246	2.00000000	10.00000000	0.01071378	0.00000000
C29	c	0.06900212	0.82659159	0.26484869	2.00000000	10.00000000	0.02694721	0.00000000
C30	c	0.14612965	0.26454070	0.13096995	2.00000000	10.00000000	0.01647362	0.00000000

Q Vehicle fuel tank capacity /0.40000000/
C Vehicle load capacity /1.50000000/
r fuel consumption rate /0.25000000/
g inverse refueling rate /1.00000000/
v average Velocity /1.00000000/
