StringID	Type	x	y	demand	ReadyTime	DueDate	ServiceTime	altitude
D0	d	0.50000000	0.50000000	0.00000000	0.00000000	10.00000000	0.00000000	0.00000000
S0	f	0.67603913	0.79875029	0.00000000	0.00000000	10.00000000	0.00000000	0.00000000
S1	f	0.41401947	0.98429576	0.00000000	0.00000000	10.00000000	0.00000000	0.00000000
S2	f	0.91267439	0.01414436	0.00000000	0.00000000	10.00000000	0.00000000	0.00000000
S3	f	0.33695217	0.77986335	0.00000000	0.00000000	10.00000000	0.00000000	0.00000000
S4	f	0.30168660	0.00533097	0.00000000	0.00000000	10.00000000	0.00000000	0.00000000
S5	f	0.58168857	0.46871815	0.00000000	0.00000000	10.00000000	0.00000000	0.00000000
C1	c	0.32693361	0.33906602	0.17740681	0.00000000	8.00000000	0.02710950	0.00000000
C2	c	0.45855878	0.08079161	0.19602992	0.10000000	8.10000000	0.01716709	0.00000000
C3	c	0.49840858	0.55526177	0.05241143	0.20000000	8.20000000	0.02297455	0.00000000
C4	c	0.81971986	0.56405285	0.28503654	0.30000000	8.30000000	0.01858075	0.00000000
C5	c	0.49050383	0.31210467	0.10702587	0.40000000	8.40000000	0.02758915	0.00000000
C6	c	0.60189000	0.91426732	0.02994765	0.50000000	8.50000000	0.02394513	0.00000000
C7	c	0.18314073	0.45042657	0.16098269	0.60000000	8.60000000	0.01811882	0.00000000
C8	c	0.86754020	0.63877412	0.17148794	0.70000000	8.70000000	0.02087987	0.00000000
C9	c	0.72916918	0.04943494	0.15372213	0.80000000	8.80000000	0.01591029	0.00000000
C10	c	0.77882426	0.22160808	0.23542912	0.90000000	8.90000000	0.02354053	0.00000000
C11	c	0.63494957	0.58813478	0.03679085	1.00000000	9.00000000	0.01452691	0.00000000
C12	c	0.96846085	0.47390025	0.05671659	1.10000000	9.10000000	0.02628952	0.00000000
C13	c	0.80655535	0.43400544	0.03347591	1.20000000	9.20000000	0.01102032	0.00000000
C14	c	0.22448871	0.65581669	0.19004696	1.30000000	9.30000000	0.01311105	0.00000000
C15	c	0.40432243	0.77224001	0.26737928	1.40000000	9.40000000	0.02322755	0.00000000
C16	c	0.40303337	0.04364368	0.16529337	1.50000000	9.50000000	0.02631759	0.00000000
C17	c	0.36551588	0.67882833	0.12105927	1.60000000	9.60000000	0.01553888	0.00000000
C18	c	0.21649520	0.39560196	0.23836376	1.70000000	9.70000000	0.01760978	0.00000000
C19	c	0.94401134	0.80933346	0.24606172	1.80000000	9.80000000	0.01048807	0.00000000
C20	c	0.67603913	0.79875029	0.18295405	1.90000000	9.90000000	0.02361577	0.00000000
C21	c	0.02367618	0.57035239	0.28459499	2.00000000	10.00000000	0.01141604	0.00000000
C22	c	0.87138870	0.46843584	0.18536038	2.00000000	10.00000000	0.02494468	0.00000000
C23	c	0.97772564	0.77558045	0.16353031	2.00000000	10.00000000	0.01991484	0.00000000
C24	c	0.56963827	0.67941086	0.18519814	2.00000000	10.00000000	0.01089449	0.00000000
C25	c	0.02204792	0.43264811	0.03052031	2.00000000	10.00000000	0.02168208	0.00000000
C26	c	0.14844737	0.84081367	0.03715025	2.00000000	10.00000000	0.01314616	0.00000000
C27	c	0.06682337	0.04714192	0.13596031	2.00000000	10.00000000	0.01121722	0.00000000
C28	c	0.15473786	0.52434448	0.13883984	2.00000000	10.00000000	0.02139538	0.00000000
C29	c	0.31262325	0.68376253	0.06300730	2.00000000	10.00000000	0.02837237	0.00000000
C30	c	0.49876274	0.74506674	0.16821634	2.00000000	10.00000000	0.01239582	0.00000000

Q Vehicle fuel tank capacity /0.40000000/
C Vehicle load capacity /1.50000000/
r fuel consumption rate /0.25000000/
g inverse refueling rate /1.00000000/
v average Velocity /1.00000000/
