StringID	Type	x	y	demand	ReadyTime	DueDate	ServiceTime	altitude
D0	d	0.50000000	0.50000000	0.00000000	0.00000000	10.00000000	0.00000000	0.00000000
S0	f	0.96211674	0.52639151	0.00000000	0.00000000	10.00000000	0.00000000	0.00000000
S1	f	0.37462645	0.29683467	0.00000000	0.00000000	10.00000000	0.00000000	0.00000000
S2	f	0.32004565	0.80076998	0.00000000	0.00000000	10.00000000	0.00000000	0.00000000
S3	f	0.44596778	0.28209675	0.00000000	0.00000000	10.00000000	0.00000000	0.00000000
S4	f	0.96334105	0.61651166	0.00000000	0.00000000	10.00000000	0.00000000	0.00000000
S5	f	0.75928078	0.57971705	0.00000000	0.00000000	10.00000000	0.00000000	0.00000000
C1	c	0.61393920	0.56483936	0.12592338	0.00000000	8.00000000	0.02934266	0.00000000
C2	c	0.61869126	0.52312835	0.04916425	0.10000000	8.10000000	0.01637333	0.00000000
C3	c	0.68087478	0.61312553	0.20568089	0.20000000	8.20000000	0.01849516	0.00000000
C4	c	0.63404548	0.59902384	0.17626407	0.30000000	8.30000000	0.01400592	0.00000000
C5	c	0.04093761	0.80400288	0.19953068	0.40000000	8.40000000	0.02582321	0.00000000
C6	c	0.00000000	0.77408107	0.10453172	0.50000000	8.50000000	0.02284060	0.00000000
C7	c	0.05293351	0.81560596	0.13146877	0.60000000	8.60000000	0.02004168	0.00000000
C8	c	0.00000000	0.86582400	0.21506727	0.70000000	8.70000000	0.01863330	0.00000000
C9	c	0.00000000	0.84079344	0.18079836	0.80000000	8.80000000	0.02216565	0.00000000
C10	c	0.92526706	0.49047233	0.21546414	0.90000000	8.90000000	0.01098159	0.00000000
C11	c	0.99599949	0.56083057	0.08166426	1.00000000	9.00000000	0.01056849	0.00000000
C12	c	1.00000000	0.54104367	0.14996485	1.10000000	9.10000000	0.02011947	0.00000000
C13	c	1.00000000	0.57040003	0.19806027	1.20000000	9.20000000	0.02317240	0.00000000
C14	c	0.98623715	0.45016078	0.22975942	1.30000000	9.30000000	0.02503977	0.00000000
C15	c	0.87853018	0.53240436	0.09546830	1.40000000	9.40000000	0.02886041	0.00000000
C16	c	0.02043283	0.47771682	0.23367760	1.50000000	9.50000000	0.02981479	0.00000000
C17	c	0.08719229	0.76013518	0.14433748	1.60000000	9.60000000	0.01490300	0.00000000
C18	c	0.18753586	0.81127118	0.17154811	1.70000000	9.70000000	0.02752240	0.00000000
C19	c	0.47409547	0.34416207	0.19840148	1.80000000	9.80000000	0.01083996	0.00000000
C20	c	0.96713322	0.31866651	0.18393274	1.90000000	9.90000000	0.02618270	0.00000000
C21	c	0.42475803	0.20029605	0.24208551	2.00000000	10.00000000	0.02158569	0.00000000
C22	c	0.79116031	0.64202990	0.10597110	2.00000000	10.00000000	0.02686174	0.00000000
C23	c	0.50208403	0.43166521	0.02118771	2.00000000	10.00000000	0.02695570	0.00000000
C24	c	0.60828229	0.04907971	0.12665966	2.00000000	10.00000000	0.01978940	0.00000000
C25	c	0.65862016	0.75198834	0.03658569	2.00000000	10.00000000	0.01695253	0.00000000
C26	c	0.94302041	0.99073965	0.19179909	2.00000000	10.00000000	0.01003783	0.00000000
C27	c	0.24515008	0.87611987	0.05972981	2.00000000	10.00000000	0.02689814	0.00000000
C28	c	0.57928427	0.84308694	0.20359354	2.00000000	10.00000000	0.02949582	0.00000000
C29	c	0.84778493	0.48946985	0.12582440	2.00000000	10.00000000	0.01373754	0.00000000
C30	c	0.34762659	0.00189132	0.09585543	2.00000000	10.00000000	0.01687817	0.00000000

Q Vehicle fuel tank capacity /0.40000000/
C Vehicle load capacity /1.50000000/
r fuel consumption rate /0.25000000/
g inverse refueling rate /1.00000000/
v average Velocity /1.00000000/
