StringID	Type	x	y	demand	ReadyTime	DueDate	ServiceTime	altitude
D0	d	0.50000000	0.50000000	0.00000000	0.00000000	10.00000000	0.00000000	0.00000000
S0	f	0.10381712	0.96820705	0.00000000	0.00000000	10.00000000	0.00000000	0.00000000
S1	f	0.78676742	0.49676712	0.00000000	0.00000000	10.00000000	0.00000000	0.00000000
S2	f	0.96313119	0.12946365	0.00000000	0.00000000	10.00000000	0.00000000	0.00000000
S3	f	0.20676827	0.08160978	0.00000000	0.00000000	10.00000000	0.00000000	0.00000000
S4	f	0.25462005	0.18346860	0.00000000	0.00000000	10.00000000	0.00000000	0.00000000
S5	f	0.57005358	0.88413149	0.00000000	0.00000000	10.00000000	0.00000000	0.00000000
C1	c	0.33236491	0.53413719	0.16685194	0.00000000	8.00000000	0.02984241	0.00000000
C2	c	0.03894505	0.44626431	0.27015862	0.10000000	8.10000000	0.01603843	0.00000000
C3	c	0.84535567	0.67110066	0.08584046	0.20000000	8.20000000	0.02943069	0.00000000
C4	c	0.04818525	0.12255708	0.03846639	0.30000000	8.30000000	0.01305080	0.00000000
C5	c	0.03751908	0.07913187	0.04982364	0.40000000	8.40000000	0.01543873	0.00000000
C6	c	0.22665955	0.73597150	0.09781444	0.50000000	8.50000000	0.01295620	0.00000000
C7	c	0.04954593	0.56616116	0.18280367	0.60000000	8.60000000	0.01208534	0.00000000
C8	c	0.53414251	0.96455762	0.21912086	0.70000000	8.70000000	0.01136976	0.00000000
C9	c	0.19469543	0.79449327	0.18806856	0.80000000	8.80000000	0.01478571	0.00000000
C10	c	0.59477438	0.73574552	0.11638106	0.90000000	8.90000000	0.01784074	0.00000000
C11	c	0.20557714	0.22383326	0.20686558	1.00000000	9.00000000	0.02852410	0.00000000
C12	c	0.10267562	0.62798729	0.02404839	1.10000000	9.10000000	0.01310016	0.00000000
C13	c	0.01198403	0.65311578	0.33695988	1.20000000	9.20000000	0.01284710	0.00000000
C14	c	0.53658364	0.86108648	0.10634539	1.30000000	9.30000000	0.01912337	0.00000000
C15	c	0.38725544	0.03103121	0.17075449	1.40000000	9.40000000	0.01712038	0.00000000
C16	c	0.24263580	0.48406228	0.14182447	1.50000000	9.50000000	0.02670733	0.00000000
C17	c	0.18671962	0.15983937	0.09807873	1.60000000	9.60000000	0.02696843	0.00000000
C18	c	0.30821689	0.84443914	0.16712566	1.70000000	9.70000000	0.02048798	0.00000000
C19	c	0.07477962	0.38734341	0.17580734	1.80000000	9.80000000	0.02330032	0.00000000
C20	c	0.10381712	0.96820705	0.03722287	1.90000000	9.90000000	0.02523524	0.00000000
C21	c	0.36583779	0.66691030	0.34658502	2.00000000	10.00000000	0.01927918	0.00000000
C22	c	0.78330930	0.27937422	0.05790178	2.00000000	10.00000000	0.01331679	0.00000000
C23	c	0.03153854	0.96792535	0.04923179	2.00000000	10.00000000	0.02934679	0.00000000
C24	c	0.38937181	0.92146850	0.08495169	2.00000000	10.00000000	0.01549386	0.00000000
C25	c	0.31091938	0.95235982	0.03724632	2.00000000	10.00000000	0.02593614	0.00000000
C26	c	0.02769250	0.02978789	0.30531495	2.00000000	10.00000000	0.01029388	0.00000000
C27	c	0.91567370	0.58781539	0.15907789	2.00000000	10.00000000	0.01830378	0.00000000
C28	c	0.78786458	0.16444774	0.11327062	2.00000000	10.00000000	0.02091379	0.00000000
C29	c	0.70432232	0.60016039	0.26252877	2.00000000	10.00000000	0.02001255	0.00000000
C30	c	0.01872826	0.15357702	0.20352871	2.00000000	10.00000000	0.02949858	0.00000000

Q Vehicle fuel tank capacity /0.40000000/
C Vehicle load capacity /1.50000000/
r fuel consumption rate /0.25000000/
g inverse refueling rate /1.00000000/
v average Velocity /1.00000000/
