StringID	Type	x	y	demand	ReadyTime	DueDate	ServiceTime	altitude
D0	d	0.50000000	0.50000000	0.00000000	0.00000000	10.00000000	0.00000000	0.00000000
S0	f	0.44381093	0.44065125	0.00000000	0.00000000	10.00000000	0.00000000	0.00000000
S1	f	0.37453544	0.95638279	0.00000000	0.00000000	10.00000000	0.00000000	0.00000000
S2	f	0.70762143	0.45375391	0.00000000	0.00000000	10.00000000	0.00000000	0.00000000
S3	f	0.27525303	0.42874963	0.00000000	0.00000000	10.00000000	0.00000000	0.00000000
S4	f	0.31094113	0.56196826	0.00000000	0.00000000	10.00000000	0.00000000	0.00000000
S5	f	0.63470263	0.24104527	0.00000000	0.00000000	10.00000000	0.00000000	0.00000000
S6	f	0.47126744	0.20632151	0.00000000	0.00000000	10.00000000	0.00000000	0.00000000
S7	f	0.76043950	0.20367217	0.00000000	0.00000000	10.00000000	0.00000000	0.00000000
S8	f	0.72758142	0.70272953	0.00000000	0.00000000	10.00000000	0.00000000	0.00000000
S9	f	0.67131819	0.57886281	0.00000000	0.00000000	10.00000000	0.00000000	0.00000000
C1	c	0.83030894	0.10962000	0.03045285	0.00000000	8.00000000	0.01816361	0.00000000
C2	c	0.81029860	0.00000000	0.09103639	0.06000000	8.06000000	0.01765959	0.00000000
C3	c	0.75980555	0.07727888	0.04009819	0.12000000	8.12000000	0.01192653	0.00000000
C4	c	0.72604230	0.07831481	0.11278467	0.18000000	8.18000000	0.02826944	0.00000000
C5	c	0.78195673	0.01402608	0.03876696	0.24000000	8.24000000	0.02969714	0.00000000
C6	c	0.92364930	0.00617341	0.16653600	0.30000000	8.30000000	0.02616482	0.00000000
C7	c	0.94551517	0.00000000	0.09607110	0.36000000	8.36000000	0.01875571	0.00000000
C8	c	0.93672133	0.00000000	0.14496248	0.42000000	8.42000000	0.01682779	0.00000000
C9	c	0.99208015	0.00000000	0.03351372	0.48000000	8.48000000	0.02466842	0.00000000
C10	c	0.87554475	0.12906094	0.02697784	0.54000000	8.54000000	0.02646418	0.00000000
C11	c	0.48669685	0.10351858	0.13042232	0.60000000	8.60000000	0.02367432	0.00000000
C12	c	0.39507748	0.12266548	0.14788934	0.66000000	8.66000000	0.01105998	0.00000000
C13	c	0.43109308	0.03460302	0.06717984	0.72000000	8.72000000	0.02719818	0.00000000
C14	c	0.42098120	0.09985291	0.15129689	0.78000000	8.78000000	0.02714165	0.00000000
C15	c	0.87331253	0.10899900	0.06532945	0.84000000	8.84000000	0.02924476	0.00000000
C16	c	0.81087622	0.14590759	0.11620466	0.90000000	8.90000000	0.01110337	0.00000000
C17	c	0.82434782	0.03432542	0.01974615	0.96000000	8.96000000	0.02042591	0.00000000
C18	c	0.83878587	0.15037107	0.12138677	1.02000000	9.02000000	0.02069111	0.00000000
C19	c	0.76064914	0.10196517	0.03452652	1.08000000	9.08000000	0.01315341	0.00000000
C20	c	0.74317197	0.01194219	0.13685036	1.14000000	9.14000000	0.01716354	0.00000000
C21	c	0.87946302	0.03466494	0.02432182	1.20000000	9.20000000	0.01653696	0.00000000
C22	c	0.85153968	0.08257951	0.14301660	1.26000000	9.26000000	0.02557454	0.00000000
C23	c	0.81250108	0.99501740	0.06703867	1.32000000	9.32000000	0.02309498	0.00000000
C24	c	0.89281419	1.00000000	0.14390650	1.38000000	9.38000000	0.02863106	0.00000000
C25	c	0.89285112	0.89909680	0.03699992	1.44000000	9.44000000	0.01706508	0.00000000
C26	c	0.55723547	0.52746361	0.04553266	1.50000000	9.50000000	0.01286597	0.00000000
C27	c	0.62827812	0.61479455	0.01444010	1.56000000	9.56000000	0.02651368	0.00000000
C28	c	0.06584920	0.96089319	0.08354522	1.62000000	9.62000000	0.01687307	0.00000000
C29	c	0.80220963	0.85914517	0.02850972	1.68000000	9.68000000	0.02064581	0.00000000
C30	c	0.80721591	0.81159722	0.15859985	1.74000000	9.74000000	0.02409539	0.00000000
C31	c	0.15801436	0.04448463	0.14594620	1.80000000	9.80000000	0.02632291	0.00000000
C32	c	0.15915277	0.59838390	0.09810111	1.86000000	9.86000000	0.01584523	0.00000000
C33	c	0.22092850	0.34370110	0.09345531	1.92000000	9.92000000	0.01493418	0.00000000
C34	c	0.40323468	0.40818034	0.10918710	1.98000000	9.98000000	0.01296293	0.00000000
C35	c	0.80824110	0.43778547	0.10708303	2.00000000	10.00000000	0.01911784	0.00000000
C36	c	0.34138971	0.73342108	0.02142178	2.00000000	10.00000000	0.02351858	0.00000000
C37	c	0.82320911	0.68371580	0.16109068	2.00000000	10.00000000	0.02688248	0.00000000
C38	c	0.05299892	0.85990876	0.13632859	2.00000000	10.00000000	0.01771405	0.00000000
C39	c	0.85708270	0.96223783	0.14521321	2.00000000	10.00000000	0.01450846	0.00000000
C40	c	0.05516848	0.52129571	0.13710980	2.00000000	10.00000000	0.01921582	0.00000000
C41	c	0.53455562	0.15767070	0.13779349	2.00000000	10.00000000	0.02932565	0.00000000
C42	c	0.35817689	0.32684807	0.03580387	2.00000000	10.00000000	0.01950071	0.00000000
C43	c	0.77872713	0.65474887	0.01808790	2.00000000	10.00000000	0.02452795	0.00000000
C44	c	0.93155300	0.35325405	0.03598152	2.00000000	10.00000000	0.02222392	0.00000000
C45	c	0.14329863	0.82568399	0.10452220	2.00000000	10.00000000	0.01136027	0.00000000
C46	c	0.34365352	0.53229036	0.14710173	2.00000000	10.00000000	0.02340145	0.00000000
C47	c	0.70476955	0.81614543	0.16335803	2.00000000	10.00000000	0.01256519	0.00000000
C48	c	0.29226137	0.24670915	0.04562143	2.00000000	10.00000000	0.01071609	0.00000000
C49	c	0.14814661	0.45589187	0.06477972	2.00000000	10.00000000	0.01804009	0.00000000
C50	c	0.67592884	0.84412406	0.07406976	2.00000000	10.00000000	0.01939729	0.00000000

Q Vehicle fuel tank capacity /0.40000000/
C Vehicle load capacity /1.50000000/
r fuel consumption rate /0.25000000/
g inverse refueling rate /1.00000000/
v average Velocity /1.00000000/
