StringID	Type	x	y	demand	ReadyTime	DueDate	ServiceTime	altitude
D0	d	0.50000000	0.50000000	0.00000000	0.00000000	10.00000000	0.00000000	0.00000000
S0	f	0.76340373	0.32291941	0.00000000	0.00000000	10.00000000	0.00000000	0.00000000
S1	f	0.04132638	0.58564122	0.00000000	0.00000000	10.00000000	0.00000000	0.00000000
S2	f	0.64656766	0.93865673	0.00000000	0.00000000	10.00000000	0.00000000	0.00000000
S3	f	0.04066510	0.37479054	0.00000000	0.00000000	10.00000000	0.00000000	0.00000000
S4	f	0.73939836	0.86383975	0.00000000	0.00000000	10.00000000	0.00000000	0.00000000
S5	f	0.05318950	0.43803255	0.00000000	0.00000000	10.00000000	0.00000000	0.00000000
C1	c	1.00000000	0.74304251	0.20822296	0.00000000	8.00000000	0.02417727	0.00000000
C2	c	0.98804181	0.80503357	0.10444543	0.10000000	8.10000000	0.01833088	0.00000000
C3	c	1.00000000	0.77282924	0.26552398	0.20000000	8.20000000	0.02547392	0.00000000
C4	c	1.00000000	0.75160507	0.02468325	0.30000000	8.30000000	0.02510284	0.00000000
C5	c	0.98039145	0.75303868	0.21498552	0.40000000	8.40000000	0.01609464	0.00000000
C6	c	0.86756746	0.69241993	0.05362213	0.50000000	8.50000000	0.01640884	0.00000000
C7	c	0.71281555	0.32486377	0.04851331	0.60000000	8.60000000	0.02299618	0.00000000
C8	c	0.78768384	0.40821010	0.18087245	0.70000000	8.70000000	0.01918472	0.00000000
C9	c	0.83383988	0.41252497	0.09156593	0.80000000	8.80000000	0.01563735	0.00000000
C10	c	0.77649664	0.36072047	0.09839232	0.90000000	8.90000000	0.01113033	0.00000000
C11	c	0.65830303	0.34094855	0.17302564	1.00000000	9.00000000	0.02604026	0.00000000
C12	c	0.76717366	0.25799771	0.16326312	1.10000000	9.10000000	0.02152667	0.00000000
C13	c	0.67043261	0.23420205	0.06815334	1.20000000	9.20000000	0.02644982	0.00000000
C14	c	0.00000000	0.64029667	0.08015071	1.30000000	9.30000000	0.01407478	0.00000000
C15	c	0.07350113	0.55534359	0.25792481	1.40000000	9.40000000	0.02269308	0.00000000
C16	c	0.63393976	0.10822910	0.12388076	1.50000000	9.50000000	0.02037319	0.00000000
C17	c	0.24711284	0.56005112	0.30073654	1.60000000	9.60000000	0.02181803	0.00000000
C18	c	0.97308666	0.47049829	0.21881383	1.70000000	9.70000000	0.02423396	0.00000000
C19	c	0.70886343	0.41654376	0.05704732	1.80000000	9.80000000	0.01840798	0.00000000
C20	c	0.77369616	0.75514209	0.08544663	1.90000000	9.90000000	0.02427200	0.00000000
C21	c	0.30473203	0.32044221	0.05763148	2.00000000	10.00000000	0.02303830	0.00000000
C22	c	0.64980889	0.45923618	0.21645918	2.00000000	10.00000000	0.02568425	0.00000000
C23	c	0.28186771	0.05651633	0.21180485	2.00000000	10.00000000	0.01262401	0.00000000
C24	c	0.80201317	0.57633352	0.11559987	2.00000000	10.00000000	0.01356590	0.00000000
C25	c	0.82249090	0.20373910	0.22249316	2.00000000	10.00000000	0.02266395	0.00000000
C26	c	0.63465390	0.51865961	0.05666912	2.00000000	10.00000000	0.02493174	0.00000000
C27	c	0.59090161	0.71169801	0.10047699	2.00000000	10.00000000	0.02162749	0.00000000
C28	c	0.42039911	0.71360007	0.19918659	2.00000000	10.00000000	0.01406585	0.00000000
C29	c	0.65191495	0.78421272	0.32946971	2.00000000	10.00000000	0.01722012	0.00000000
C30	c	0.13120026	0.17829510	0.17093909	2.00000000	10.00000000	0.02483530	0.00000000

Q Vehicle fuel tank capacity /0.40000000/
C Vehicle load capacity /1.50000000/
r fuel consumption rate /0.25000000/
g inverse refueling rate /1.00000000/
v average Velocity /1.00000000/
