StringID	Type	x	y	demand	ReadyTime	DueDate	ServiceTime	altitude
D0	d	0.50000000	0.50000000	0.00000000	0.00000000	10.00000000	0.00000000	0.00000000
S0	f	0.89837637	0.96771970	0.00000000	0.00000000	10.00000000	0.00000000	0.00000000
S1	f	0.59999053	0.51113152	0.00000000	0.00000000	10.00000000	0.00000000	0.00000000
S2	f	0.38708104	0.73773480	0.00000000	0.00000000	10.00000000	0.00000000	0.00000000
S3	f	0.66832186	0.18746064	0.00000000	0.00000000	10.00000000	0.00000000	0.00000000
S4	f	0.22226369	0.98259364	0.00000000	0.00000000	10.00000000	0.00000000	0.00000000
S5	f	0.40631258	0.09533442	0.00000000	0.00000000	10.00000000	0.00000000	0.00000000
C1	c	0.14116907	0.41852555	0.05984729	0.00000000	8.00000000	0.02234890	0.00000000
C2	c	0.47605027	0.92968668	0.05798885	0.10000000	8.10000000	0.01804393	0.00000000
C3	c	0.58779646	0.67907462	0.06779327	0.20000000	8.20000000	0.01712339	0.00000000
C4	c	0.75537716	0.95556448	0.19326747	0.30000000	8.30000000	0.01628624	0.00000000
C5	c	0.18060733	0.00682559	0.09224552	0.40000000	8.40000000	0.02450386	0.00000000
C6	c	0.81464727	0.45465089	0.26131472	0.50000000	8.50000000	0.02751088	0.00000000
C7	c	0.21986988	0.40031318	0.25899276	0.60000000	8.60000000	0.01300111	0.00000000
C8	c	0.76721690	0.64952232	0.12843161	0.70000000	8.70000000	0.01960885	0.00000000
C9	c	0.46831971	0.17694137	0.11603361	0.80000000	8.80000000	0.01478317	0.00000000
C10	c	0.33465045	0.22134772	0.26231230	0.90000000	8.90000000	0.01465208	0.00000000
C11	c	0.33134711	0.12269666	0.14448666	1.00000000	9.00000000	0.02527755	0.00000000
C12	c	0.72576420	0.08216998	0.14763976	1.10000000	9.10000000	0.02316832	0.00000000
C13	c	0.77986792	0.37146815	0.12817866	1.20000000	9.20000000	0.02049777	0.00000000
C14	c	0.90323668	0.23575717	0.16780854	1.30000000	9.30000000	0.02097899	0.00000000
C15	c	0.98211791	0.51082568	0.08102912	1.40000000	9.40000000	0.02164738	0.00000000
C16	c	0.52373510	0.01626435	0.21876121	1.50000000	9.50000000	0.01010442	0.00000000
C17	c	0.44475788	0.69772097	0.27502043	1.60000000	9.60000000	0.01650899	0.00000000
C18	c	0.89837637	0.96771970	0.02499213	1.70000000	9.70000000	0.01853662	0.00000000
C19	c	0.27074962	0.78385934	0.08300654	1.80000000	9.80000000	0.01005973	0.00000000
C20	c	0.80798449	0.90313520	0.27456264	1.90000000	9.90000000	0.02900181	0.00000000
C21	c	0.72664203	0.71774087	0.03715413	2.00000000	10.00000000	0.02970801	0.00000000
C22	c	0.71896233	0.45825362	0.02846560	2.00000000	10.00000000	0.02579369	0.00000000
C23	c	0.86243325	0.14886078	0.07010321	2.00000000	10.00000000	0.01221452	0.00000000
C24	c	0.64025817	0.69805693	0.13491568	2.00000000	10.00000000	0.01525190	0.00000000
C25	c	0.58538264	0.88248635	0.10852198	2.00000000	10.00000000	0.02825611	0.00000000
C26	c	0.10997872	0.94436434	0.25805984	2.00000000	10.00000000	0.01485607	0.00000000
C27	c	0.30081417	0.07855910	0.24843807	2.00000000	10.00000000	0.02642070	0.00000000
C28	c	0.31311487	0.57393173	0.21160474	2.00000000	10.00000000	0.02441261	0.00000000
C29	c	0.21985533	0.05447030	0.15031255	2.00000000	10.00000000	0.01679095	0.00000000
C30	c	0.77600688	0.30270840	0.20871111	2.00000000	10.00000000	0.01663277	0.00000000

Q Vehicle fuel tank capacity /0.40000000/
C Vehicle load capacity /1.50000000/
r fuel consumption rate /0.25000000/
g inverse refueling rate /1.00000000/
v average Velocity /1.00000000/
