StringID	Type	x	y	demand	ReadyTime	DueDate	ServiceTime	altitude
D0	d	0.50000000	0.50000000	0.00000000	0.00000000	10.00000000	0.00000000	0.00000000
S0	f	0.77718031	0.71260030	0.00000000	0.00000000	10.00000000	0.00000000	0.00000000
S1	f	0.02460726	0.92945191	0.00000000	0.00000000	10.00000000	0.00000000	0.00000000
S2	f	0.04085787	0.25341752	0.00000000	0.00000000	10.00000000	0.00000000	0.00000000
S3	f	0.20893882	0.35382299	0.00000000	0.00000000	10.00000000	0.00000000	0.00000000
S4	f	0.94355196	0.35116691	0.00000000	0.00000000	10.00000000	0.00000000	0.00000000
S5	f	0.98258606	0.18330814	0.00000000	0.00000000	10.00000000	0.00000000	0.00000000
S6	f	0.46152992	0.80473125	0.00000000	0.00000000	10.00000000	0.00000000	0.00000000
S7	f	0.94168908	0.19917921	0.00000000	0.00000000	10.00000000	0.00000000	0.00000000
S8	f	0.84657974	0.41917933	0.00000000	0.00000000	10.00000000	0.00000000	0.00000000
S9	f	0.53280574	0.06131367	0.00000000	0.00000000	10.00000000	0.00000000	0.00000000
C1	c	0.14505510	0.09733165	0.09152769	0.00000000	8.00000000	0.01883036	0.00000000
C2	c	0.86877958	0.97085167	0.11442065	0.06000000	8.06000000	0.02497670	0.00000000
C3	c	0.41090364	0.74056821	0.16169261	0.12000000	8.12000000	0.01752104	0.00000000
C4	c	0.00028606	0.50507195	0.05585675	0.18000000	8.18000000	0.02595132	0.00000000
C5	c	0.38228768	0.04965408	0.04709808	0.24000000	8.24000000	0.02114578	0.00000000
C6	c	0.42448886	0.40315897	0.18226217	0.30000000	8.30000000	0.02507625	0.00000000
C7	c	0.83061556	0.65854656	0.18627505	0.36000000	8.36000000	0.02657498	0.00000000
C8	c	0.57556244	0.43518977	0.10548164	0.42000000	8.42000000	0.01398506	0.00000000
C9	c	0.87475904	0.68957954	0.17338459	0.48000000	8.48000000	0.02473364	0.00000000
C10	c	0.83023803	0.77629361	0.13101703	0.54000000	8.54000000	0.01654367	0.00000000
C11	c	0.67127015	0.18922852	0.04626737	0.60000000	8.60000000	0.01911565	0.00000000
C12	c	0.11617352	0.82358091	0.08537870	0.66000000	8.66000000	0.02158256	0.00000000
C13	c	0.88536864	0.24449644	0.03976782	0.72000000	8.72000000	0.01501917	0.00000000
C14	c	0.44186209	0.61930722	0.09641717	0.78000000	8.78000000	0.01289280	0.00000000
C15	c	0.74085072	0.89318263	0.04917752	0.84000000	8.84000000	0.02216847	0.00000000
C16	c	0.61693381	0.81263518	0.02100223	0.90000000	8.90000000	0.01397655	0.00000000
C17	c	0.75093089	0.38587437	0.07618653	0.96000000	8.96000000	0.01003515	0.00000000
C18	c	0.30499150	0.52269728	0.16600654	1.02000000	9.02000000	0.01190431	0.00000000
C19	c	0.77718031	0.71260030	0.15961930	1.08000000	9.08000000	0.02618682	0.00000000
C20	c	0.20936070	0.90141644	0.12359454	1.14000000	9.14000000	0.02810295	0.00000000
C21	c	0.66269170	0.91821883	0.07779078	1.20000000	9.20000000	0.02936889	0.00000000
C22	c	0.12513233	0.89545283	0.05443311	1.26000000	9.26000000	0.02455963	0.00000000
C23	c	0.33393209	0.59114454	0.13544961	1.32000000	9.32000000	0.01926451	0.00000000
C24	c	0.86991370	0.78836198	0.13224603	1.38000000	9.38000000	0.01366229	0.00000000
C25	c	0.04827141	0.88603305	0.08298688	1.44000000	9.44000000	0.02756807	0.00000000
C26	c	0.68008240	0.09252629	0.03587668	1.50000000	9.50000000	0.01604497	0.00000000
C27	c	0.45339851	0.76369702	0.02753422	1.56000000	9.56000000	0.02775074	0.00000000
C28	c	0.57099738	0.98510177	0.10752703	1.62000000	9.62000000	0.01717017	0.00000000
C29	c	0.08449137	0.47665953	0.02350223	1.68000000	9.68000000	0.01648314	0.00000000
C30	c	0.65873432	0.51061188	0.05198356	1.74000000	9.74000000	0.01909287	0.00000000
C31	c	0.87149581	0.86834141	0.06531129	1.80000000	9.80000000	0.01462845	0.00000000
C32	c	0.93029850	0.94629676	0.03361694	1.86000000	9.86000000	0.02981419	0.00000000
C33	c	0.31354393	0.68726799	0.09574718	1.92000000	9.92000000	0.01386652	0.00000000
C34	c	0.49408248	0.10309072	0.08710823	1.98000000	9.98000000	0.02516997	0.00000000
C35	c	0.25123237	0.46810692	0.18644750	2.00000000	10.00000000	0.01531887	0.00000000
C36	c	0.99767493	0.60908150	0.04473972	2.00000000	10.00000000	0.01846046	0.00000000
C37	c	0.02460726	0.92945191	0.05399763	2.00000000	10.00000000	0.02844318	0.00000000
C38	c	0.10647620	0.29536632	0.11745170	2.00000000	10.00000000	0.01804058	0.00000000
C39	c	0.70906900	0.40483734	0.11012765	2.00000000	10.00000000	0.02428820	0.00000000
C40	c	0.45841456	0.84913505	0.06316971	2.00000000	10.00000000	0.02263021	0.00000000
C41	c	0.78289996	0.96891025	0.09237737	2.00000000	10.00000000	0.01971518	0.00000000
C42	c	0.33588835	0.98005115	0.11577207	2.00000000	10.00000000	0.01455366	0.00000000
C43	c	0.95172278	0.56544333	0.15086259	2.00000000	10.00000000	0.02670469	0.00000000
C44	c	0.31512107	0.13880820	0.12546113	2.00000000	10.00000000	0.01476274	0.00000000
C45	c	0.83260251	0.18139095	0.02222725	2.00000000	10.00000000	0.01525898	0.00000000
C46	c	0.32355048	0.35275212	0.01900551	2.00000000	10.00000000	0.02181336	0.00000000
C47	c	0.75363058	0.06145520	0.09996695	2.00000000	10.00000000	0.01279507	0.00000000
C48	c	0.60702871	0.57557521	0.05049367	2.00000000	10.00000000	0.01594360	0.00000000
C49	c	0.56523472	0.90269212	0.08125496	2.00000000	10.00000000	0.02605654	0.00000000
C50	c	0.04085787	0.25341752	0.04309683	2.00000000	10.00000000	0.02623533	0.00000000

Q Vehicle fuel tank capacity /0.40000000/
C Vehicle load capacity /1.50000000/
r fuel consumption rate /0.25000000/
g inverse refueling rate /1.00000000/
v average Velocity /1.00000000/
