StringID	Type	x	y	demand	ReadyTime	DueDate	ServiceTime	altitude
D0	d	0.50000000	0.50000000	0.00000000	0.00000000	10.00000000	0.00000000	0.00000000
S0	f	0.51941075	0.72564978	0.00000000	0.00000000	10.00000000	0.00000000	0.00000000
S1	f	0.40570687	0.87918222	0.00000000	0.00000000	10.00000000	0.00000000	0.00000000
S2	f	0.59776865	0.57202517	0.00000000	0.00000000	10.00000000	0.00000000	0.00000000
S3	f	0.83395324	0.90455984	0.00000000	0.00000000	10.00000000	0.00000000	0.00000000
S4	f	0.94160828	0.53640672	0.00000000	0.00000000	10.00000000	0.00000000	0.00000000
S5	f	0.93327963	0.74513901	0.00000000	0.00000000	10.00000000	0.00000000	0.00000000
S6	f	0.96187935	0.07769373	0.00000000	0.00000000	10.00000000	0.00000000	0.00000000
S7	f	0.97670518	0.76453487	0.00000000	0.00000000	10.00000000	0.00000000	0.00000000
S8	f	0.80530777	0.14852030	0.00000000	0.00000000	10.00000000	0.00000000	0.00000000
S9	f	0.70718445	0.41966814	0.00000000	0.00000000	10.00000000	0.00000000	0.00000000
C1	c	0.41593740	0.42950509	0.06515976	0.00000000	8.00000000	0.01165881	0.00000000
C2	c	0.51798818	0.34775255	0.15166929	0.06000000	8.06000000	0.01038248	0.00000000
C3	c	0.50115704	0.40124488	0.07936549	0.12000000	8.12000000	0.01461229	0.00000000
C4	c	0.41977076	0.45127189	0.10301431	0.18000000	8.18000000	0.01727464	0.00000000
C5	c	0.38078341	0.27906360	0.16460505	0.24000000	8.24000000	0.01247554	0.00000000
C6	c	0.39584399	0.23932301	0.02901171	0.30000000	8.30000000	0.02236101	0.00000000
C7	c	0.39899150	0.25049722	0.08068521	0.36000000	8.36000000	0.02701509	0.00000000
C8	c	0.39102540	0.31257942	0.12368473	0.42000000	8.42000000	0.02217683	0.00000000
C9	c	0.36550639	0.28785479	0.08713295	0.48000000	8.48000000	0.01117258	0.00000000
C10	c	0.38428644	0.26774355	0.02479387	0.54000000	8.54000000	0.01192768	0.00000000
C11	c	0.29851954	0.30163048	0.12127269	0.60000000	8.60000000	0.02735273	0.00000000
C12	c	0.27715747	0.24879718	0.11204932	0.66000000	8.66000000	0.01331255	0.00000000
C13	c	0.20348575	0.82495310	0.09316287	0.72000000	8.72000000	0.02340339	0.00000000
C14	c	0.19628934	0.96738494	0.13271152	0.78000000	8.78000000	0.01980951	0.00000000
C15	c	0.19332089	0.82920299	0.05396671	0.84000000	8.84000000	0.02061676	0.00000000
C16	c	0.24946762	0.89934728	0.11449776	0.90000000	8.90000000	0.02352437	0.00000000
C17	c	0.56202207	0.18010268	0.06892337	0.96000000	8.96000000	0.02683795	0.00000000
C18	c	0.54054436	0.15357384	0.06821989	1.02000000	9.02000000	0.01649815	0.00000000
C19	c	0.48147633	0.11769268	0.12836180	1.08000000	9.08000000	0.02956346	0.00000000
C20	c	0.38433211	0.18350676	0.11661673	1.14000000	9.14000000	0.01497463	0.00000000
C21	c	0.46931100	0.21019790	0.02817140	1.20000000	9.20000000	0.02977814	0.00000000
C22	c	0.04760509	0.33062446	0.13582675	1.26000000	9.26000000	0.01067090	0.00000000
C23	c	0.07623089	0.39943047	0.13572106	1.32000000	9.32000000	0.02353411	0.00000000
C24	c	0.08721619	0.39812523	0.02047864	1.38000000	9.38000000	0.01275595	0.00000000
C25	c	0.06600909	0.38184609	0.05538922	1.44000000	9.44000000	0.02046977	0.00000000
C26	c	0.28884490	0.07161530	0.09297753	1.50000000	9.50000000	0.01991638	0.00000000
C27	c	0.90922783	0.61172298	0.08091859	1.56000000	9.56000000	0.02524216	0.00000000
C28	c	0.56593782	0.34131096	0.11643947	1.62000000	9.62000000	0.01961123	0.00000000
C29	c	0.90661640	0.11950575	0.11160406	1.68000000	9.68000000	0.01893685	0.00000000
C30	c	0.31025314	0.76119194	0.05181038	1.74000000	9.74000000	0.02541691	0.00000000
C31	c	0.38714226	0.77812488	0.05711678	1.80000000	9.80000000	0.02788829	0.00000000
C32	c	0.46474856	0.96365419	0.02267779	1.86000000	9.86000000	0.02282040	0.00000000
C33	c	0.53552088	0.00933352	0.15547060	1.92000000	9.92000000	0.02558617	0.00000000
C34	c	0.61661947	0.16863801	0.10830499	1.98000000	9.98000000	0.02903844	0.00000000
C35	c	0.05997523	0.75094567	0.10104634	2.00000000	10.00000000	0.01660726	0.00000000
C36	c	0.08294039	0.01912378	0.06543460	2.00000000	10.00000000	0.01052546	0.00000000
C37	c	0.23061453	0.36373195	0.15505659	2.00000000	10.00000000	0.01449592	0.00000000
C38	c	0.12377676	0.61805053	0.03027021	2.00000000	10.00000000	0.02703412	0.00000000
C39	c	0.85075429	0.60884126	0.06051078	2.00000000	10.00000000	0.01293801	0.00000000
C40	c	0.05862880	0.09638423	0.13200139	2.00000000	10.00000000	0.01831043	0.00000000
C41	c	0.86763662	0.16562734	0.07270057	2.00000000	10.00000000	0.01177445	0.00000000
C42	c	0.67016959	0.49047555	0.13468589	2.00000000	10.00000000	0.02787207	0.00000000
C43	c	0.53083816	0.67621833	0.08500406	2.00000000	10.00000000	0.02675193	0.00000000
C44	c	0.84189757	0.32490757	0.16409921	2.00000000	10.00000000	0.01502737	0.00000000
C45	c	0.97817315	0.24873131	0.09622412	2.00000000	10.00000000	0.02322756	0.00000000
C46	c	0.98890712	0.03354491	0.01280380	2.00000000	10.00000000	0.01786751	0.00000000
C47	c	0.67670566	0.13779770	0.10908127	2.00000000	10.00000000	0.01941283	0.00000000
C48	c	0.76210801	0.48056126	0.03805950	2.00000000	10.00000000	0.02398159	0.00000000
C49	c	0.44684236	0.77084532	0.02083240	2.00000000	10.00000000	0.01516901	0.00000000
C50	c	0.77930849	0.95192189	0.13037698	2.00000000	10.00000000	0.02404656	0.00000000

Q Vehicle fuel tank capacity /0.40000000/
C Vehicle load capacity /1.50000000/
r fuel consumption rate /0.25000000/
g inverse refueling rate /1.00000000/
v average Velocity /1.00000000/
