StringID	Type	x	y	demand	ReadyTime	DueDate	ServiceTime	altitude
D0	d	0.50000000	0.50000000	0.00000000	0.00000000	10.00000000	0.00000000	0.00000000
S0	f	0.01143519	0.91228555	0.00000000	0.00000000	10.00000000	0.00000000	0.00000000
S1	f	0.83668555	0.48883967	0.00000000	0.00000000	10.00000000	0.00000000	0.00000000
S2	f	0.36242525	0.93762060	0.00000000	0.00000000	10.00000000	0.00000000	0.00000000
S3	f	0.70974768	0.30715117	0.00000000	0.00000000	10.00000000	0.00000000	0.00000000
S4	f	0.52392799	0.46227950	0.00000000	0.00000000	10.00000000	0.00000000	0.00000000
S5	f	0.77412175	0.92588070	0.00000000	0.00000000	10.00000000	0.00000000	0.00000000
S6	f	0.49981008	0.81330933	0.00000000	0.00000000	10.00000000	0.00000000	0.00000000
S7	f	0.91902550	0.77291091	0.00000000	0.00000000	10.00000000	0.00000000	0.00000000
S8	f	0.41975316	0.50567722	0.00000000	0.00000000	10.00000000	0.00000000	0.00000000
S9	f	0.03985869	0.62177671	0.00000000	0.00000000	10.00000000	0.00000000	0.00000000
C1	c	0.31068871	0.37225742	0.12220534	0.00000000	8.00000000	0.02840246	0.00000000
C2	c	0.44778351	0.31945656	0.03110712	0.06000000	8.06000000	0.02039850	0.00000000
C3	c	0.40238823	0.22916622	0.13888276	0.12000000	8.12000000	0.02702326	0.00000000
C4	c	0.38150667	0.28622347	0.05423247	0.18000000	8.18000000	0.01739797	0.00000000
C5	c	0.36366771	0.32160189	0.03539893	0.24000000	8.24000000	0.01038097	0.00000000
C6	c	0.43082638	0.31250149	0.03122316	0.30000000	8.30000000	0.01324835	0.00000000
C7	c	0.38617352	0.46565219	0.13486475	0.36000000	8.36000000	0.02601488	0.00000000
C8	c	0.50218352	0.17244789	0.08140882	0.42000000	8.42000000	0.02908703	0.00000000
C9	c	0.61310154	0.11177469	0.05627150	0.48000000	8.48000000	0.02818135	0.00000000
C10	c	0.53069790	0.19628400	0.04937476	0.54000000	8.54000000	0.01561853	0.00000000
C11	c	0.57489859	0.25506060	0.14361228	0.60000000	8.60000000	0.02256111	0.00000000
C12	c	0.89693333	0.59550658	0.09407540	0.66000000	8.66000000	0.02372814	0.00000000
C13	c	0.82791474	0.60724162	0.08927361	0.72000000	8.72000000	0.02252558	0.00000000
C14	c	0.83633102	0.64790645	0.13085624	0.78000000	8.78000000	0.01858234	0.00000000
C15	c	0.87447556	0.59955029	0.14409695	0.84000000	8.84000000	0.02657255	0.00000000
C16	c	0.12652872	0.91683598	0.01380251	0.90000000	8.90000000	0.01440836	0.00000000
C17	c	0.05772720	0.96464029	0.07774120	0.96000000	8.96000000	0.01703839	0.00000000
C18	c	0.01314391	1.00000000	0.01685670	1.02000000	9.02000000	0.02485155	0.00000000
C19	c	0.11643697	0.97029224	0.09034272	1.08000000	9.08000000	0.02004421	0.00000000
C20	c	0.11144209	0.93173505	0.14679789	1.14000000	9.14000000	0.01261017	0.00000000
C21	c	0.01043309	1.00000000	0.02529031	1.20000000	9.20000000	0.02301851	0.00000000
C22	c	0.10250834	0.96679491	0.13701620	1.26000000	9.26000000	0.01628403	0.00000000
C23	c	0.05619059	0.86214873	0.13204931	1.32000000	9.32000000	0.01872551	0.00000000
C24	c	0.02958466	0.83278429	0.12830230	1.38000000	9.38000000	0.02845299	0.00000000
C25	c	0.09599975	0.79356407	0.05041956	1.44000000	9.44000000	0.02320528	0.00000000
C26	c	0.73832133	0.46180671	0.13345302	1.50000000	9.50000000	0.01816655	0.00000000
C27	c	0.98319022	0.79626595	0.06175833	1.56000000	9.56000000	0.02223668	0.00000000
C28	c	0.46710236	0.38024939	0.02559818	1.62000000	9.62000000	0.02631607	0.00000000
C29	c	0.21447798	0.21505351	0.14140665	1.68000000	9.68000000	0.01002747	0.00000000
C30	c	0.02971966	0.16733772	0.12964768	1.74000000	9.74000000	0.01055360	0.00000000
C31	c	0.83975230	0.95085057	0.15691124	1.80000000	9.80000000	0.01610973	0.00000000
C32	c	0.92012321	0.51992475	0.03698407	1.86000000	9.86000000	0.02854053	0.00000000
C33	c	0.85116294	0.36989859	0.10722179	1.92000000	9.92000000	0.02537577	0.00000000
C34	c	0.90906761	0.28092630	0.15438884	1.98000000	9.98000000	0.01182460	0.00000000
C35	c	0.62805556	0.68640694	0.09784030	2.00000000	10.00000000	0.01366196	0.00000000
C36	c	0.62627897	0.42911687	0.08225073	2.00000000	10.00000000	0.02371282	0.00000000
C37	c	0.82862753	0.22041786	0.11932406	2.00000000	10.00000000	0.02566459	0.00000000
C38	c	0.35191972	0.74257739	0.07857710	2.00000000	10.00000000	0.01439417	0.00000000
C39	c	0.50221058	0.13050826	0.15540774	2.00000000	10.00000000	0.02293291	0.00000000
C40	c	0.65092571	0.31420126	0.12786274	2.00000000	10.00000000	0.01730177	0.00000000
C41	c	0.43627553	0.92264934	0.07935747	2.00000000	10.00000000	0.02536377	0.00000000
C42	c	0.61183405	0.81580355	0.06655888	2.00000000	10.00000000	0.02744712	0.00000000
C43	c	0.00137370	0.02767985	0.04213095	2.00000000	10.00000000	0.01206780	0.00000000
C44	c	0.30548627	0.92702663	0.04221576	2.00000000	10.00000000	0.02683352	0.00000000
C45	c	0.76878855	0.09122977	0.01490512	2.00000000	10.00000000	0.01594248	0.00000000
C46	c	0.18309796	0.68564092	0.03518440	2.00000000	10.00000000	0.01139719	0.00000000
C47	c	0.78322926	0.21970871	0.02294672	2.00000000	10.00000000	0.02785210	0.00000000
C48	c	0.64664563	0.36508874	0.14765239	2.00000000	10.00000000	0.01859679	0.00000000
C49	c	0.76818847	0.87235624	0.13427085	2.00000000	10.00000000	0.01932501	0.00000000
C50	c	0.10338976	0.84167617	0.15064219	2.00000000	10.00000000	0.02802802	0.00000000

Q Vehicle fuel tank capacity /0.40000000/
C Vehicle load capacity /1.50000000/
r fuel consumption rate /0.25000000/
g inverse refueling rate /1.00000000/
v average Velocity /1.00000000/
