StringID	Type	x	y	demand	ReadyTime	DueDate	ServiceTime	altitude
D0	d	0.50000000	0.50000000	0.00000000	0.00000000	10.00000000	0.00000000	0.00000000
S0	f	0.70104343	0.42046932	0.00000000	0.00000000	10.00000000	0.00000000	0.00000000
S1	f	0.35803943	0.95312871	0.00000000	0.00000000	10.00000000	0.00000000	0.00000000
S2	f	0.89806195	0.01340720	0.00000000	0.00000000	10.00000000	0.00000000	0.00000000
S3	f	0.15036059	0.09619708	0.00000000	0.00000000	10.00000000	0.00000000	0.00000000
S4	f	0.18753632	0.52160981	0.00000000	0.00000000	10.00000000	0.00000000	0.00000000
S5	f	0.19535005	0.40349286	0.00000000	0.00000000	10.00000000	0.00000000	0.00000000
C1	c	0.90684483	0.91437299	0.04263592	0.00000000	8.00000000	0.01944737	0.00000000
C2	c	0.96619924	0.96688250	0.07138321	0.10000000	8.10000000	0.01291522	0.00000000
C3	c	0.91354513	0.99293020	0.14248725	0.20000000	8.20000000	0.02061949	0.00000000
C4	c	0.98114224	1.00000000	0.11677421	0.30000000	8.30000000	0.02385126	0.00000000
C5	c	0.93831814	1.00000000	0.14913078	0.40000000	8.40000000	0.02881057	0.00000000
C6	c	0.91388133	0.98561177	0.21410957	0.50000000	8.50000000	0.02032559	0.00000000
C7	c	0.35886334	0.30034656	0.29069785	0.60000000	8.60000000	0.02105913	0.00000000
C8	c	0.31381789	0.29504118	0.12762537	0.70000000	8.70000000	0.01819039	0.00000000
C9	c	0.37435822	0.32236080	0.08907770	0.80000000	8.80000000	0.02805686	0.00000000
C10	c	0.28665715	0.24032173	0.31348958	0.90000000	8.90000000	0.02229078	0.00000000
C11	c	0.54156176	0.54182366	0.07905953	1.00000000	9.00000000	0.02350398	0.00000000
C12	c	0.46722365	0.65432221	0.18705019	1.10000000	9.10000000	0.02661271	0.00000000
C13	c	0.40830734	0.62704123	0.11136501	1.20000000	9.20000000	0.01765433	0.00000000
C14	c	0.43334489	0.57964442	0.10670772	1.30000000	9.30000000	0.02125769	0.00000000
C15	c	0.53404396	0.57113312	0.05750922	1.40000000	9.40000000	0.01967072	0.00000000
C16	c	0.69045278	0.61377921	0.19173277	1.50000000	9.50000000	0.02722316	0.00000000
C17	c	0.71064072	0.16962796	0.15341344	1.60000000	9.60000000	0.02951171	0.00000000
C18	c	0.74591424	0.25888723	0.04940861	1.70000000	9.70000000	0.01327773	0.00000000
C19	c	0.60945316	0.46367587	0.10261242	1.80000000	9.80000000	0.01020738	0.00000000
C20	c	0.71222355	0.47236865	0.18641287	1.90000000	9.90000000	0.02400453	0.00000000
C21	c	0.14576101	0.53097474	0.03193007	2.00000000	10.00000000	0.01004198	0.00000000
C22	c	0.69256286	0.94052860	0.22858246	2.00000000	10.00000000	0.01185881	0.00000000
C23	c	0.40951972	0.90284319	0.20557858	2.00000000	10.00000000	0.01784415	0.00000000
C24	c	0.61453883	0.67519875	0.23463932	2.00000000	10.00000000	0.02086775	0.00000000
C25	c	0.83063552	0.38271637	0.07232267	2.00000000	10.00000000	0.02068565	0.00000000
C26	c	0.56288467	0.48353624	0.24522222	2.00000000	10.00000000	0.01595330	0.00000000
C27	c	0.86115812	0.97558542	0.09910257	2.00000000	10.00000000	0.02271433	0.00000000
C28	c	0.16388665	0.01036907	0.20428066	2.00000000	10.00000000	0.02443725	0.00000000
C29	c	0.70022625	0.00209886	0.16054402	2.00000000	10.00000000	0.02387261	0.00000000
C30	c	0.09294043	0.39220759	0.23511421	2.00000000	10.00000000	0.01786844	0.00000000

Q Vehicle fuel tank capacity /0.40000000/
C Vehicle load capacity /1.50000000/
r fuel consumption rate /0.25000000/
g inverse refueling rate /1.00000000/
v average Velocity /1.00000000/
