StringID	Type	x	y	demand	ReadyTime	DueDate	ServiceTime	altitude
D0	d	0.50000000	0.50000000	0.00000000	0.00000000	10.00000000	0.00000000	0.00000000
S0	f	0.46786179	0.96008101	0.00000000	0.00000000	10.00000000	0.00000000	0.00000000
S1	f	0.77832835	0.90171907	0.00000000	0.00000000	10.00000000	0.00000000	0.00000000
S2	f	0.95244368	0.52993559	0.00000000	0.00000000	10.00000000	0.00000000	0.00000000
S3	f	0.60482698	0.67771897	0.00000000	0.00000000	10.00000000	0.00000000	0.00000000
S4	f	0.63880594	0.11402615	0.00000000	0.00000000	10.00000000	0.00000000	0.00000000
S5	f	0.48594992	0.72722416	0.00000000	0.00000000	10.00000000	0.00000000	0.00000000
S6	f	0.43239894	0.20520458	0.00000000	0.00000000	10.00000000	0.00000000	0.00000000
S7	f	0.28859235	0.44524328	0.00000000	0.00000000	10.00000000	0.00000000	0.00000000
S8	f	0.89101288	0.44072369	0.00000000	0.00000000	10.00000000	0.00000000	0.00000000
S9	f	0.31194788	0.60603170	0.00000000	0.00000000	10.00000000	0.00000000	0.00000000
C1	c	0.52161276	1.00000000	0.09814680	0.00000000	8.00000000	0.02751215	0.00000000
C2	c	0.55765114	1.00000000	0.03533882	0.06000000	8.06000000	0.01796940	0.00000000
C3	c	0.45212743	1.00000000	0.03525671	0.12000000	8.12000000	0.02273508	0.00000000
C4	c	0.47791398	0.89085776	0.04844410	0.18000000	8.18000000	0.01381803	0.00000000
C5	c	0.42846344	1.00000000	0.16264993	0.24000000	8.24000000	0.01343523	0.00000000
C6	c	0.34124992	0.93050982	0.04265722	0.30000000	8.30000000	0.02335157	0.00000000
C7	c	0.37746368	0.97297820	0.06437696	0.36000000	8.36000000	0.02588788	0.00000000
C8	c	0.41001242	0.95813627	0.16491006	0.42000000	8.42000000	0.01213224	0.00000000
C9	c	0.40539396	1.00000000	0.02847328	0.48000000	8.48000000	0.02307102	0.00000000
C10	c	0.33120071	0.91710943	0.08179012	0.54000000	8.54000000	0.02747677	0.00000000
C11	c	0.32798382	0.90017399	0.09781507	0.60000000	8.60000000	0.01946030	0.00000000
C12	c	0.84657485	0.92897060	0.07176544	0.66000000	8.66000000	0.02190231	0.00000000
C13	c	0.72119114	0.90988977	0.04896554	0.72000000	8.72000000	0.02346180	0.00000000
C14	c	0.80945799	0.85065419	0.05225499	0.78000000	8.78000000	0.01498727	0.00000000
C15	c	0.78942123	0.94460696	0.02591052	0.84000000	8.84000000	0.01704416	0.00000000
C16	c	0.70811984	0.88797022	0.01451808	0.90000000	8.90000000	0.02606007	0.00000000
C17	c	0.18544581	0.51570491	0.03323917	0.96000000	8.96000000	0.02230261	0.00000000
C18	c	0.06149151	0.48065210	0.09663597	1.02000000	9.02000000	0.01916846	0.00000000
C19	c	0.17155485	0.46644107	0.17129417	1.08000000	9.08000000	0.01380467	0.00000000
C20	c	1.00000000	0.48529518	0.04672453	1.14000000	9.14000000	0.02266751	0.00000000
C21	c	0.89500648	0.61460579	0.09294895	1.20000000	9.20000000	0.01576797	0.00000000
C22	c	0.82068232	0.65995270	0.17080007	1.26000000	9.26000000	0.02065401	0.00000000
C23	c	0.99470054	0.45660518	0.05996715	1.32000000	9.32000000	0.01988584	0.00000000
C24	c	0.88370279	0.55127459	0.05188221	1.38000000	9.38000000	0.01202094	0.00000000
C25	c	0.86713617	0.57534501	0.02922193	1.44000000	9.44000000	0.01778054	0.00000000
C26	c	0.34947183	0.53486404	0.06054285	1.50000000	9.50000000	0.01689228	0.00000000
C27	c	0.33678374	0.22889636	0.09497895	1.56000000	9.56000000	0.01234983	0.00000000
C28	c	0.96115692	0.82535207	0.16696461	1.62000000	9.62000000	0.01063529	0.00000000
C29	c	0.73635301	0.71996753	0.05577019	1.68000000	9.68000000	0.01777873	0.00000000
C30	c	0.26254293	0.50523559	0.10971273	1.74000000	9.74000000	0.02570854	0.00000000
C31	c	0.87560742	0.39847009	0.10952881	1.80000000	9.80000000	0.01702565	0.00000000
C32	c	0.63675399	0.19090151	0.11519859	1.86000000	9.86000000	0.01166511	0.00000000
C33	c	0.17176128	0.66757842	0.11782149	1.92000000	9.92000000	0.01855810	0.00000000
C34	c	0.79439419	0.10661212	0.14385050	1.98000000	9.98000000	0.02061181	0.00000000
C35	c	0.65355113	0.87383836	0.11832310	2.00000000	10.00000000	0.02049587	0.00000000
C36	c	0.47301517	0.59511558	0.05399786	2.00000000	10.00000000	0.01416820	0.00000000
C37	c	0.67308992	0.24936371	0.04801642	2.00000000	10.00000000	0.01310240	0.00000000
C38	c	0.35220795	0.80300344	0.08427489	2.00000000	10.00000000	0.01508132	0.00000000
C39	c	0.61513033	0.45842303	0.18809352	2.00000000	10.00000000	0.02519273	0.00000000
C40	c	0.49429210	0.10104695	0.12209637	2.00000000	10.00000000	0.01875323	0.00000000
C41	c	0.38902700	0.34461398	0.07394605	2.00000000	10.00000000	0.01902106	0.00000000
C42	c	0.11749166	0.03176442	0.10651675	2.00000000	10.00000000	0.01267036	0.00000000
C43	c	0.38893636	0.78542688	0.07171693	2.00000000	10.00000000	0.01529908	0.00000000
C44	c	0.35128261	0.08325538	0.05276270	2.00000000	10.00000000	0.02422014	0.00000000
C45	c	0.42790516	0.53059070	0.18141017	2.00000000	10.00000000	0.02535065	0.00000000
C46	c	0.52479334	0.20840975	0.15755125	2.00000000	10.00000000	0.02680999	0.00000000
C47	c	0.15511992	0.25406583	0.14191541	2.00000000	10.00000000	0.01918639	0.00000000
C48	c	0.75963660	0.43766131	0.13903672	2.00000000	10.00000000	0.01657443	0.00000000
C49	c	0.45105318	0.13351789	0.05867391	2.00000000	10.00000000	0.01493846	0.00000000
C50	c	0.26495381	0.71100697	0.10131146	2.00000000	10.00000000	0.01326388	0.00000000

Q Vehicle fuel tank capacity /0.40000000/
C Vehicle load capacity /1.50000000/
r fuel consumption rate /0.25000000/
g inverse refueling rate /1.00000000/
v average Velocity /1.00000000/
