StringID	Type	x	y	demand	ReadyTime	DueDate	ServiceTime	altitude
D0	d	0.50000000	0.50000000	0.00000000	0.00000000	10.00000000	0.00000000	0.00000000
S0	f	0.01440645	0.41702866	0.00000000	0.00000000	10.00000000	0.00000000	0.00000000
S1	f	0.17987252	0.49553549	0.00000000	0.00000000	10.00000000	0.00000000	0.00000000
S2	f	0.14735259	0.63397304	0.00000000	0.00000000	10.00000000	0.00000000	0.00000000
S3	f	0.07941422	0.76043017	0.00000000	0.00000000	10.00000000	0.00000000	0.00000000
S4	f	0.68544424	0.04708007	0.00000000	0.00000000	10.00000000	0.00000000	0.00000000
S5	f	0.56997160	0.85355566	0.00000000	0.00000000	10.00000000	0.00000000	0.00000000
S6	f	0.38770913	0.66852559	0.00000000	0.00000000	10.00000000	0.00000000	0.00000000
S7	f	0.80659294	0.05175873	0.00000000	0.00000000	10.00000000	0.00000000	0.00000000
S8	f	0.78489413	0.23882235	0.00000000	0.00000000	10.00000000	0.00000000	0.00000000
S9	f	0.34981685	0.83980960	0.00000000	0.00000000	10.00000000	0.00000000	0.00000000
C1	c	0.44095733	0.40479874	0.08749160	0.00000000	8.00000000	0.01265575	0.00000000
C2	c	0.40988346	0.52395698	0.07417433	0.06000000	8.06000000	0.01532123	0.00000000
C3	c	0.46366296	0.50121736	0.01230952	0.12000000	8.12000000	0.01861343	0.00000000
C4	c	0.40519816	0.61302010	0.09637276	0.18000000	8.18000000	0.02126399	0.00000000
C5	c	0.50298913	0.49808242	0.03825067	0.24000000	8.24000000	0.02744527	0.00000000
C6	c	0.45655468	0.58456224	0.08358170	0.30000000	8.30000000	0.01597438	0.00000000
C7	c	0.05344283	0.70974640	0.15686452	0.36000000	8.36000000	0.01331886	0.00000000
C8	c	0.03635701	0.66680744	0.12113191	0.42000000	8.42000000	0.01049440	0.00000000
C9	c	0.00205634	0.74413996	0.14265375	0.48000000	8.48000000	0.02276222	0.00000000
C10	c	0.01889128	0.74838479	0.11688229	0.54000000	8.54000000	0.01400487	0.00000000
C11	c	0.47748403	0.14945481	0.12341358	0.60000000	8.60000000	0.01398663	0.00000000
C12	c	0.51672639	0.26226903	0.16223173	0.66000000	8.66000000	0.01419165	0.00000000
C13	c	0.51728597	0.28041565	0.07475881	0.72000000	8.72000000	0.01863968	0.00000000
C14	c	0.47988229	0.12110225	0.06900202	0.78000000	8.78000000	0.01762415	0.00000000
C15	c	0.58633905	0.26295797	0.03470071	0.84000000	8.84000000	0.02645330	0.00000000
C16	c	0.60668443	0.19908046	0.01431673	0.90000000	8.90000000	0.01676894	0.00000000
C17	c	0.56006073	0.20691525	0.13720170	0.96000000	8.96000000	0.02002923	0.00000000
C18	c	0.45203535	0.05059354	0.01741749	1.02000000	9.02000000	0.02195496	0.00000000
C19	c	0.46056781	0.07101789	0.11748512	1.08000000	9.08000000	0.02563179	0.00000000
C20	c	0.42290655	0.05730271	0.02358404	1.14000000	9.14000000	0.01671054	0.00000000
C21	c	0.40334979	0.05477013	0.13077787	1.20000000	9.20000000	0.02336257	0.00000000
C22	c	0.43985326	0.00000000	0.15751686	1.26000000	9.26000000	0.01652487	0.00000000
C23	c	0.46179152	0.02258143	0.06047778	1.32000000	9.32000000	0.01016730	0.00000000
C24	c	0.48831669	0.05499484	0.11619317	1.38000000	9.38000000	0.02570101	0.00000000
C25	c	0.43193694	0.00000000	0.05367874	1.44000000	9.44000000	0.01918813	0.00000000
C26	c	0.66812609	0.19077618	0.04948717	1.50000000	9.50000000	0.02028307	0.00000000
C27	c	0.91064233	0.75541773	0.13288606	1.56000000	9.56000000	0.02948993	0.00000000
C28	c	0.81769284	0.76462840	0.11062563	1.62000000	9.62000000	0.01390708	0.00000000
C29	c	0.58250584	0.35968676	0.09043638	1.68000000	9.68000000	0.01650340	0.00000000
C30	c	0.03216584	0.06819118	0.15356008	1.74000000	9.74000000	0.02212780	0.00000000
C31	c	0.40441837	0.92510949	0.11257245	1.80000000	9.80000000	0.01956931	0.00000000
C32	c	0.25419319	0.85179132	0.03991190	1.86000000	9.86000000	0.02172115	0.00000000
C33	c	0.22548709	0.74927543	0.14948744	1.92000000	9.92000000	0.02511911	0.00000000
C34	c	0.13278757	0.26606171	0.12585968	1.98000000	9.98000000	0.02992613	0.00000000
C35	c	0.87226344	0.29871891	0.13533899	2.00000000	10.00000000	0.02342593	0.00000000
C36	c	0.16594291	0.02472004	0.12726170	2.00000000	10.00000000	0.02737748	0.00000000
C37	c	0.19933175	0.20958236	0.09953963	2.00000000	10.00000000	0.01486376	0.00000000
C38	c	0.82266487	0.33844722	0.06562288	2.00000000	10.00000000	0.01840317	0.00000000
C39	c	0.50146146	0.59774791	0.08500604	2.00000000	10.00000000	0.02167619	0.00000000
C40	c	0.78158957	0.33552680	0.03315330	2.00000000	10.00000000	0.02165970	0.00000000
C41	c	0.66812851	0.32624368	0.01576878	2.00000000	10.00000000	0.02176667	0.00000000
C42	c	0.97449674	0.19535400	0.02125244	2.00000000	10.00000000	0.01431648	0.00000000
C43	c	0.32517019	0.60639024	0.07243178	2.00000000	10.00000000	0.01632948	0.00000000
C44	c	0.75595526	0.99630632	0.15168958	2.00000000	10.00000000	0.02940054	0.00000000
C45	c	0.67129662	0.86887412	0.04956502	2.00000000	10.00000000	0.02635809	0.00000000
C46	c	0.24318777	0.42015870	0.14052934	2.00000000	10.00000000	0.02671976	0.00000000
C47	c	0.58380955	0.58298519	0.04519548	2.00000000	10.00000000	0.02135982	0.00000000
C48	c	0.31647397	0.97002711	0.12492472	2.00000000	10.00000000	0.02925297	0.00000000
C49	c	0.81790469	0.83598791	0.09356879	2.00000000	10.00000000	0.01295164	0.00000000
C50	c	0.56799113	0.96264841	0.05185539	2.00000000	10.00000000	0.01228367	0.00000000

Q Vehicle fuel tank capacity /0.40000000/
C Vehicle load capacity /1.50000000/
r fuel consumption rate /0.25000000/
g inverse refueling rate /1.00000000/
v average Velocity /1.00000000/
