StringID	Type	x	y	demand	ReadyTime	DueDate	ServiceTime	altitude
D0	d	0.50000000	0.50000000	0.00000000	0.00000000	10.00000000	0.00000000	0.00000000
S0	f	0.61152740	0.96298887	0.00000000	0.00000000	10.00000000	0.00000000	0.00000000
S1	f	0.73916671	0.13867831	0.00000000	0.00000000	10.00000000	0.00000000	0.00000000
S2	f	0.22339733	0.83832608	0.00000000	0.00000000	10.00000000	0.00000000	0.00000000
S3	f	0.28686445	0.81373786	0.00000000	0.00000000	10.00000000	0.00000000	0.00000000
S4	f	0.65962372	0.53229824	0.00000000	0.00000000	10.00000000	0.00000000	0.00000000
S5	f	0.13093354	0.63685189	0.00000000	0.00000000	10.00000000	0.00000000	0.00000000
C1	c	0.08675148	0.99235429	0.17385846	0.00000000	8.00000000	0.01914048	0.00000000
C2	c	0.38688602	0.14797952	0.10231253	0.10000000	8.10000000	0.02981702	0.00000000
C3	c	0.59938980	0.91083316	0.21994713	0.20000000	8.20000000	0.01843368	0.00000000
C4	c	0.82947029	0.35545616	0.20166932	0.30000000	8.30000000	0.02141222	0.00000000
C5	c	0.06388601	0.77719066	0.28413834	0.40000000	8.40000000	0.02186875	0.00000000
C6	c	0.14735780	0.21748194	0.13044349	0.50000000	8.50000000	0.02181002	0.00000000
C7	c	0.87913274	0.16687005	0.15423037	0.60000000	8.60000000	0.02571363	0.00000000
C8	c	0.37198895	0.19410193	0.09219941	0.70000000	8.70000000	0.01035470	0.00000000
C9	c	0.61634655	0.30562840	0.16401978	0.80000000	8.80000000	0.01864667	0.00000000
C10	c	0.34871174	0.01691753	0.18294267	0.90000000	8.90000000	0.01279434	0.00000000
C11	c	0.76326366	0.25282325	0.07608207	1.00000000	9.00000000	0.01491657	0.00000000
C12	c	0.70497383	0.48627673	0.09233401	1.10000000	9.10000000	0.02110114	0.00000000
C13	c	0.06060609	0.92540088	0.02171222	1.20000000	9.20000000	0.01558158	0.00000000
C14	c	0.16518584	0.02239655	0.21224709	1.30000000	9.30000000	0.02508658	0.00000000
C15	c	0.70523217	0.07008616	0.11435262	1.40000000	9.40000000	0.01652078	0.00000000
C16	c	0.85498150	0.03122154	0.07583286	1.50000000	9.50000000	0.01743282	0.00000000
C17	c	0.75130816	0.45861770	0.12715111	1.60000000	9.60000000	0.02901302	0.00000000
C18	c	0.41965639	0.04071840	0.20439240	1.70000000	9.70000000	0.02519815	0.00000000
C19	c	0.40844936	0.60902722	0.05275901	1.80000000	9.80000000	0.02305411	0.00000000
C20	c	0.78379683	0.77523446	0.07055099	1.90000000	9.90000000	0.01946412	0.00000000
C21	c	0.61152740	0.96298887	0.25173291	2.00000000	10.00000000	0.01265446	0.00000000
C22	c	0.50444613	0.92383972	0.03417307	2.00000000	10.00000000	0.02447170	0.00000000
C23	c	0.56835146	0.83500369	0.15474256	2.00000000	10.00000000	0.01626683	0.00000000
C24	c	0.13664571	0.95609325	0.14046916	2.00000000	10.00000000	0.02767683	0.00000000
C25	c	0.62454447	0.69798212	0.30382203	2.00000000	10.00000000	0.01994147	0.00000000
C26	c	0.18703811	0.58683103	0.30272774	2.00000000	10.00000000	0.01992736	0.00000000
C27	c	0.75593610	0.51998138	0.30811710	2.00000000	10.00000000	0.02395477	0.00000000
C28	c	0.28959118	0.70006097	0.17482780	2.00000000	10.00000000	0.01147202	0.00000000
C29	c	0.96225988	0.54994989	0.04373034	2.00000000	10.00000000	0.01204182	0.00000000
C30	c	0.93257140	0.01377604	0.03248140	2.00000000	10.00000000	0.01161941	0.00000000

Q Vehicle fuel tank capacity /0.40000000/
C Vehicle load capacity /1.50000000/
r fuel consumption rate /0.25000000/
g inverse refueling rate /1.00000000/
v average Velocity /1.00000000/
