StringID	Type	x	y	demand	ReadyTime	DueDate	ServiceTime	altitude
D0	d	0.50000000	0.50000000	0.00000000	0.00000000	10.00000000	0.00000000	0.00000000
S0	f	0.36485554	0.42771870	0.00000000	0.00000000	10.00000000	0.00000000	0.00000000
S1	f	0.61532089	0.01500477	0.00000000	0.00000000	10.00000000	0.00000000	0.00000000
S2	f	0.06574146	0.38385619	0.00000000	0.00000000	10.00000000	0.00000000	0.00000000
S3	f	0.65840909	0.70383002	0.00000000	0.00000000	10.00000000	0.00000000	0.00000000
S4	f	0.48452791	0.08455181	0.00000000	0.00000000	10.00000000	0.00000000	0.00000000
S5	f	0.10275464	0.27624288	0.00000000	0.00000000	10.00000000	0.00000000	0.00000000
S6	f	0.82707459	0.37304744	0.00000000	0.00000000	10.00000000	0.00000000	0.00000000
S7	f	0.41996904	0.16398974	0.00000000	0.00000000	10.00000000	0.00000000	0.00000000
S8	f	0.14620398	0.75296960	0.00000000	0.00000000	10.00000000	0.00000000	0.00000000
S9	f	0.92819008	0.73108784	0.00000000	0.00000000	10.00000000	0.00000000	0.00000000
C1	c	0.82881821	0.49350610	0.10900792	0.00000000	8.00000000	0.01091166	0.00000000
C2	c	0.88137943	0.39096086	0.06818486	0.06000000	8.06000000	0.01521184	0.00000000
C3	c	0.93979838	0.49464591	0.09315913	0.12000000	8.12000000	0.01390728	0.00000000
C4	c	0.80556450	0.42664026	0.03367797	0.18000000	8.18000000	0.02545852	0.00000000
C5	c	0.83966899	0.51396236	0.03805294	0.24000000	8.24000000	0.02002598	0.00000000
C6	c	0.33203121	0.39974497	0.13226287	0.30000000	8.30000000	0.02479199	0.00000000
C7	c	0.38203120	0.75229202	0.12003144	0.36000000	8.36000000	0.02960889	0.00000000
C8	c	0.42308652	0.69222665	0.16423687	0.42000000	8.42000000	0.02168270	0.00000000
C9	c	0.41365693	0.69049758	0.02785556	0.48000000	8.48000000	0.01648239	0.00000000
C10	c	0.00000000	0.64525860	0.15933499	0.54000000	8.54000000	0.02444354	0.00000000
C11	c	0.01717321	0.65056215	0.09507985	0.60000000	8.60000000	0.02938350	0.00000000
C12	c	0.00000000	0.59776018	0.08983273	0.66000000	8.66000000	0.01313571	0.00000000
C13	c	0.00000000	0.60919639	0.01833661	0.72000000	8.72000000	0.01732917	0.00000000
C14	c	0.02942784	0.55207729	0.05148836	0.78000000	8.78000000	0.02664962	0.00000000
C15	c	0.00000000	0.64124291	0.08034565	0.84000000	8.84000000	0.02214163	0.00000000
C16	c	0.00000000	0.65479433	0.15328703	0.90000000	8.90000000	0.02688736	0.00000000
C17	c	0.98121509	0.13943779	0.16454588	0.96000000	8.96000000	0.02617155	0.00000000
C18	c	0.88998919	0.04150726	0.09538344	1.02000000	9.02000000	0.01305904	0.00000000
C19	c	0.97302322	0.08295044	0.05913599	1.08000000	9.08000000	0.02029120	0.00000000
C20	c	0.86647198	0.14604897	0.10638477	1.14000000	9.14000000	0.02471874	0.00000000
C21	c	0.84264834	0.15530636	0.08079004	1.20000000	9.20000000	0.02490813	0.00000000
C22	c	0.82875573	0.11563729	0.16640937	1.26000000	9.26000000	0.01610412	0.00000000
C23	c	0.82380974	0.07224086	0.13171000	1.32000000	9.32000000	0.01193387	0.00000000
C24	c	0.86884159	0.06291349	0.01731153	1.38000000	9.38000000	0.02275489	0.00000000
C25	c	0.82274061	0.11521083	0.01782673	1.44000000	9.44000000	0.02604229	0.00000000
C26	c	0.72158880	0.34245964	0.07876691	1.50000000	9.50000000	0.01374889	0.00000000
C27	c	0.83160098	0.33225027	0.02410919	1.56000000	9.56000000	0.01673583	0.00000000
C28	c	0.83027332	0.20406476	0.15035801	1.62000000	9.62000000	0.02010932	0.00000000
C29	c	0.26581120	0.67913855	0.14327619	1.68000000	9.68000000	0.01217796	0.00000000
C30	c	0.10746827	0.74097297	0.10219858	1.74000000	9.74000000	0.01197010	0.00000000
C31	c	0.16530867	0.29848837	0.13079994	1.80000000	9.80000000	0.02347472	0.00000000
C32	c	0.39693242	0.26710333	0.02960746	1.86000000	9.86000000	0.02857987	0.00000000
C33	c	0.21996893	0.98734030	0.10700567	1.92000000	9.92000000	0.01555822	0.00000000
C34	c	0.04558312	0.26059225	0.11102297	1.98000000	9.98000000	0.02838549	0.00000000
C35	c	0.19536412	0.77292602	0.12537753	2.00000000	10.00000000	0.01870353	0.00000000
C36	c	0.50129903	0.73959944	0.06543650	2.00000000	10.00000000	0.02878704	0.00000000
C37	c	0.98044433	0.58413503	0.14277066	2.00000000	10.00000000	0.01586483	0.00000000
C38	c	0.32411931	0.72217695	0.06382238	2.00000000	10.00000000	0.02749776	0.00000000
C39	c	0.36645844	0.83248077	0.14256076	2.00000000	10.00000000	0.02185365	0.00000000
C40	c	0.60708135	0.84436793	0.04355601	2.00000000	10.00000000	0.02653165	0.00000000
C41	c	0.74540649	0.30520576	0.05331824	2.00000000	10.00000000	0.01481690	0.00000000
C42	c	0.09669354	0.63774436	0.11866607	2.00000000	10.00000000	0.02371335	0.00000000
C43	c	0.33679159	0.50546587	0.02828393	2.00000000	10.00000000	0.02323385	0.00000000
C44	c	0.10889783	0.09850486	0.12844221	2.00000000	10.00000000	0.01471230	0.00000000
C45	c	0.67373576	0.92899328	0.03742860	2.00000000	10.00000000	0.01181411	0.00000000
C46	c	0.27791110	0.91927452	0.05848456	2.00000000	10.00000000	0.02262145	0.00000000
C47	c	0.43517634	0.93935221	0.07404875	2.00000000	10.00000000	0.01578011	0.00000000
C48	c	0.29324128	0.87488804	0.05352253	2.00000000	10.00000000	0.02923039	0.00000000
C49	c	0.66169270	0.23561482	0.04607049	2.00000000	10.00000000	0.02808138	0.00000000
C50	c	0.28900558	0.96151951	0.16739334	2.00000000	10.00000000	0.02516936	0.00000000

Q Vehicle fuel tank capacity /0.40000000/
C Vehicle load capacity /1.50000000/
r fuel consumption rate /0.25000000/
g inverse refueling rate /1.00000000/
v average Velocity /1.00000000/
