StringID	Type	x	y	demand	ReadyTime	DueDate	ServiceTime	altitude
D0	d	0.50000000	0.50000000	0.00000000	0.00000000	10.00000000	0.00000000	0.00000000
S0	f	0.64141094	0.93384982	0.00000000	0.00000000	10.00000000	0.00000000	0.00000000
S1	f	0.27911073	0.99690344	0.00000000	0.00000000	10.00000000	0.00000000	0.00000000
S2	f	0.47995901	0.15846510	0.00000000	0.00000000	10.00000000	0.00000000	0.00000000
S3	f	0.62486975	0.39560233	0.00000000	0.00000000	10.00000000	0.00000000	0.00000000
S4	f	0.43843126	0.86025544	0.00000000	0.00000000	10.00000000	0.00000000	0.00000000
S5	f	0.97842114	0.52195663	0.00000000	0.00000000	10.00000000	0.00000000	0.00000000
C1	c	0.28372497	0.26988071	0.05771219	0.00000000	8.00000000	0.02513129	0.00000000
C2	c	0.27300273	0.34213373	0.25433144	0.10000000	8.10000000	0.01466494	0.00000000
C3	c	0.20983448	0.33182374	0.16160871	0.20000000	8.20000000	0.01198700	0.00000000
C4	c	0.28204678	0.39825953	0.11151569	0.30000000	8.30000000	0.02017044	0.00000000
C5	c	0.21828994	0.31392948	0.28179440	0.40000000	8.40000000	0.01770957	0.00000000
C6	c	0.17249936	0.38160288	0.05563275	0.50000000	8.50000000	0.01706145	0.00000000
C7	c	0.37111905	0.90483991	0.03104617	0.60000000	8.60000000	0.01280760	0.00000000
C8	c	0.32495987	0.80976899	0.29976481	0.70000000	8.70000000	0.02324918	0.00000000
C9	c	0.35958783	0.96465776	0.28642558	0.80000000	8.80000000	0.02474199	0.00000000
C10	c	0.39093312	0.81858863	0.03924353	0.90000000	8.90000000	0.02552815	0.00000000
C11	c	0.35574892	0.89740005	0.09977306	1.00000000	9.00000000	0.01210740	0.00000000
C12	c	0.36373292	0.84689519	0.06971046	1.10000000	9.10000000	0.02931964	0.00000000
C13	c	0.29682060	0.93739690	0.08541317	1.20000000	9.20000000	0.01658895	0.00000000
C14	c	0.61053570	0.87575161	0.26627418	1.30000000	9.30000000	0.02452881	0.00000000
C15	c	0.66669602	1.00000000	0.28046399	1.40000000	9.40000000	0.01559098	0.00000000
C16	c	0.50982949	0.19240430	0.13369560	1.50000000	9.50000000	0.02216287	0.00000000
C17	c	0.86525471	0.28455200	0.26312770	1.60000000	9.60000000	0.01755448	0.00000000
C18	c	0.09566104	0.75270099	0.12837283	1.70000000	9.70000000	0.01186749	0.00000000
C19	c	0.06808045	0.05595032	0.16956893	1.80000000	9.80000000	0.02283211	0.00000000
C20	c	0.88817068	0.01784706	0.07696729	1.90000000	9.90000000	0.02002042	0.00000000
C21	c	0.18770533	0.68902623	0.27325622	2.00000000	10.00000000	0.01633689	0.00000000
C22	c	0.75656460	0.23324697	0.10384930	2.00000000	10.00000000	0.01978487	0.00000000
C23	c	0.09935007	0.50852190	0.04874463	2.00000000	10.00000000	0.01574930	0.00000000
C24	c	0.38547845	0.35307233	0.24042122	2.00000000	10.00000000	0.02798583	0.00000000
C25	c	0.14038000	0.66245920	0.04069861	2.00000000	10.00000000	0.02467678	0.00000000
C26	c	0.73709938	0.77640730	0.03715992	2.00000000	10.00000000	0.01701051	0.00000000
C27	c	0.10537014	0.96598191	0.27994144	2.00000000	10.00000000	0.01009449	0.00000000
C28	c	0.32944745	0.72644035	0.02604415	2.00000000	10.00000000	0.02003564	0.00000000
C29	c	0.27954902	0.60814366	0.07559647	2.00000000	10.00000000	0.02588498	0.00000000
C30	c	0.37772422	0.09337448	0.22184554	2.00000000	10.00000000	0.01888046	0.00000000

Q Vehicle fuel tank capacity /0.40000000/
C Vehicle load capacity /1.50000000/
r fuel consumption rate /0.25000000/
g inverse refueling rate /1.00000000/
v average Velocity /1.00000000/
