StringID	Type	x	y	demand	ReadyTime	DueDate	ServiceTime	altitude
D0	d	0.50000000	0.50000000	0.00000000	0.00000000	10.00000000	0.00000000	0.00000000
S0	f	0.22291225	0.58131552	0.00000000	0.00000000	10.00000000	0.00000000	0.00000000
S1	f	0.00822083	0.31139515	0.00000000	0.00000000	10.00000000	0.00000000	0.00000000
S2	f	0.42431936	0.79845034	0.00000000	0.00000000	10.00000000	0.00000000	0.00000000
S3	f	0.79228356	0.57802076	0.00000000	0.00000000	10.00000000	0.00000000	0.00000000
S4	f	0.13893432	0.35302937	0.00000000	0.00000000	10.00000000	0.00000000	0.00000000
S5	f	0.14163568	0.22737671	0.00000000	0.00000000	10.00000000	0.00000000	0.00000000
S6	f	0.84701755	0.90544238	0.00000000	0.00000000	10.00000000	0.00000000	0.00000000
S7	f	0.64663885	0.53827171	0.00000000	0.00000000	10.00000000	0.00000000	0.00000000
S8	f	0.76580650	0.74909285	0.00000000	0.00000000	10.00000000	0.00000000	0.00000000
S9	f	0.39563253	0.52009895	0.00000000	0.00000000	10.00000000	0.00000000	0.00000000
C1	c	0.38812160	0.57864053	0.06745395	0.00000000	8.00000000	0.02580711	0.00000000
C2	c	0.04796772	0.25882709	0.02646955	0.06000000	8.06000000	0.02229464	0.00000000
C3	c	0.79819728	0.12012074	0.09825556	0.12000000	8.12000000	0.02996833	0.00000000
C4	c	0.12414426	0.90543394	0.10733525	0.18000000	8.18000000	0.01230141	0.00000000
C5	c	0.58344452	0.41324555	0.10851051	0.24000000	8.24000000	0.01042830	0.00000000
C6	c	0.32493553	0.53064780	0.11447391	0.30000000	8.30000000	0.02766476	0.00000000
C7	c	0.39397022	0.30428201	0.10758175	0.36000000	8.36000000	0.02777418	0.00000000
C8	c	0.76597406	0.25960343	0.07911762	0.42000000	8.42000000	0.01230356	0.00000000
C9	c	0.73704948	0.48038596	0.09612280	0.48000000	8.48000000	0.02553864	0.00000000
C10	c	0.60155839	0.61391726	0.06760907	0.54000000	8.54000000	0.01364691	0.00000000
C11	c	0.25589872	0.89530919	0.10647802	0.60000000	8.60000000	0.01540175	0.00000000
C12	c	0.54437486	0.03834429	0.09545911	0.66000000	8.66000000	0.02095307	0.00000000
C13	c	0.21094522	0.56733901	0.01178749	0.72000000	8.72000000	0.01188643	0.00000000
C14	c	0.35784292	0.08448537	0.16303350	0.78000000	8.78000000	0.02312724	0.00000000
C15	c	0.13728140	0.55838002	0.02134433	0.84000000	8.84000000	0.02317278	0.00000000
C16	c	0.81677938	0.98942673	0.01668560	0.90000000	8.90000000	0.02949521	0.00000000
C17	c	0.16932929	0.29194836	0.07988254	0.96000000	8.96000000	0.01476122	0.00000000
C18	c	0.39427090	0.62765971	0.01418852	1.02000000	9.02000000	0.01608016	0.00000000
C19	c	0.98079694	0.85530960	0.15340815	1.08000000	9.08000000	0.01712644	0.00000000
C20	c	0.98356833	0.93240169	0.03029119	1.14000000	9.14000000	0.01971960	0.00000000
C21	c	0.33362744	0.95897182	0.13168401	1.20000000	9.20000000	0.02114649	0.00000000
C22	c	0.84802844	0.77776038	0.02188370	1.26000000	9.26000000	0.02524316	0.00000000
C23	c	0.05422591	0.66122384	0.05373574	1.32000000	9.32000000	0.02275867	0.00000000
C24	c	0.45273511	0.40778273	0.09731620	1.38000000	9.38000000	0.01535674	0.00000000
C25	c	0.02417962	0.62022312	0.10268851	1.44000000	9.44000000	0.02672447	0.00000000
C26	c	0.98406786	0.19349872	0.13733379	1.50000000	9.50000000	0.02051007	0.00000000
C27	c	0.13466933	0.42577113	0.08072730	1.56000000	9.56000000	0.02743917	0.00000000
C28	c	0.83282551	0.49294930	0.06442735	1.62000000	9.62000000	0.01071753	0.00000000
C29	c	0.86308528	0.72890910	0.03780185	1.68000000	9.68000000	0.01043972	0.00000000
C30	c	0.38224362	0.20794390	0.02413545	1.74000000	9.74000000	0.02789914	0.00000000
C31	c	0.74211360	0.21709757	0.14912682	1.80000000	9.80000000	0.02004174	0.00000000
C32	c	0.35476519	0.74182286	0.06917630	1.86000000	9.86000000	0.01506876	0.00000000
C33	c	0.00822083	0.31139515	0.14976981	1.92000000	9.92000000	0.02377787	0.00000000
C34	c	0.01766990	0.99223016	0.02891711	1.98000000	9.98000000	0.01660584	0.00000000
C35	c	0.24223582	0.32620754	0.11885364	2.00000000	10.00000000	0.01055034	0.00000000
C36	c	0.23396798	0.73584538	0.11248865	2.00000000	10.00000000	0.01908457	0.00000000
C37	c	0.59978174	0.01091939	0.16652930	2.00000000	10.00000000	0.01097254	0.00000000
C38	c	0.15243944	0.46969270	0.06474758	2.00000000	10.00000000	0.02462330	0.00000000
C39	c	0.41452454	0.37575868	0.16486594	2.00000000	10.00000000	0.01817394	0.00000000
C40	c	0.46710804	0.08872185	0.13956975	2.00000000	10.00000000	0.02786498	0.00000000
C41	c	0.29418853	0.23721586	0.07486304	2.00000000	10.00000000	0.01430362	0.00000000
C42	c	0.22127694	0.43935061	0.11904864	2.00000000	10.00000000	0.02072985	0.00000000
C43	c	0.22845936	0.93854189	0.15228327	2.00000000	10.00000000	0.01115760	0.00000000
C44	c	0.86216290	0.86371742	0.09245307	2.00000000	10.00000000	0.02651903	0.00000000
C45	c	0.91231580	0.52075059	0.02627586	2.00000000	10.00000000	0.02031722	0.00000000
C46	c	0.33522657	0.69513202	0.12987535	2.00000000	10.00000000	0.02426530	0.00000000
C47	c	0.71910551	0.99248865	0.13371962	2.00000000	10.00000000	0.01572297	0.00000000
C48	c	0.42431936	0.79845034	0.13665300	2.00000000	10.00000000	0.02195201	0.00000000
C49	c	0.59218553	0.51848924	0.11069722	2.00000000	10.00000000	0.02696505	0.00000000
C50	c	0.08083431	0.35051231	0.04286371	2.00000000	10.00000000	0.01571905	0.00000000

Q Vehicle fuel tank capacity /0.40000000/
C Vehicle load capacity /1.50000000/
r fuel consumption rate /0.25000000/
g inverse refueling rate /1.00000000/
v average Velocity /1.00000000/
