StringID	Type	x	y	demand	ReadyTime	DueDate	ServiceTime	altitude
D0	d	0.50000000	0.50000000	0.00000000	0.00000000	10.00000000	0.00000000	0.00000000
S0	f	0.97040164	0.94006992	0.00000000	0.00000000	10.00000000	0.00000000	0.00000000
S1	f	0.28510211	0.55848119	0.00000000	0.00000000	10.00000000	0.00000000	0.00000000
S2	f	0.63613962	0.75707106	0.00000000	0.00000000	10.00000000	0.00000000	0.00000000
S3	f	0.01017558	0.66910969	0.00000000	0.00000000	10.00000000	0.00000000	0.00000000
S4	f	0.60272058	0.78190069	0.00000000	0.00000000	10.00000000	0.00000000	0.00000000
S5	f	0.23583493	0.18947796	0.00000000	0.00000000	10.00000000	0.00000000	0.00000000
C1	c	0.44733987	0.53995501	0.03845503	0.00000000	8.00000000	0.01810971	0.00000000
C2	c	0.43705090	0.52457327	0.18845664	0.10000000	8.10000000	0.01320871	0.00000000
C3	c	0.43286955	0.58465042	0.17084608	0.20000000	8.20000000	0.01842049	0.00000000
C4	c	0.47960638	0.50289847	0.05462316	0.30000000	8.30000000	0.02186088	0.00000000
C5	c	0.52248536	0.58770984	0.25132662	0.40000000	8.40000000	0.02524619	0.00000000
C6	c	0.52533256	0.59927185	0.08404524	0.50000000	8.50000000	0.02909430	0.00000000
C7	c	0.43952772	0.54798454	0.24721434	0.60000000	8.60000000	0.01489360	0.00000000
C8	c	0.33191892	0.55848404	0.05303478	0.70000000	8.70000000	0.01134582	0.00000000
C9	c	0.34402781	0.54904423	0.24366822	0.80000000	8.80000000	0.02638756	0.00000000
C10	c	0.87362223	0.19169072	0.05359058	0.90000000	8.90000000	0.01612402	0.00000000
C11	c	0.83592846	0.17936258	0.12484462	1.00000000	9.00000000	0.02713537	0.00000000
C12	c	0.82405459	0.24393495	0.08635242	1.10000000	9.10000000	0.02472134	0.00000000
C13	c	0.87410795	0.20925122	0.14317719	1.20000000	9.20000000	0.02498922	0.00000000
C14	c	0.75568572	0.16636403	0.24795953	1.30000000	9.30000000	0.02869800	0.00000000
C15	c	0.95670911	0.80574257	0.03360585	1.40000000	9.40000000	0.02756093	0.00000000
C16	c	0.11498126	0.65973115	0.18170005	1.50000000	9.50000000	0.02245289	0.00000000
C17	c	0.35035124	0.86628243	0.18543737	1.60000000	9.60000000	0.01993301	0.00000000
C18	c	0.25168295	0.89382432	0.22841316	1.70000000	9.70000000	0.01209489	0.00000000
C19	c	0.13372436	0.85051898	0.20292109	1.80000000	9.80000000	0.02567369	0.00000000
C20	c	0.47704779	0.77775273	0.23770233	1.90000000	9.90000000	0.02029405	0.00000000
C21	c	0.40548529	0.16043538	0.04415625	2.00000000	10.00000000	0.01694885	0.00000000
C22	c	0.76230971	0.95471509	0.17319509	2.00000000	10.00000000	0.01167029	0.00000000
C23	c	0.24468007	0.06729087	0.09991004	2.00000000	10.00000000	0.02993767	0.00000000
C24	c	0.81937820	0.30620105	0.22212239	2.00000000	10.00000000	0.01450268	0.00000000
C25	c	0.85676849	0.73606686	0.07653776	2.00000000	10.00000000	0.01920364	0.00000000
C26	c	0.87804639	0.62264467	0.22864644	2.00000000	10.00000000	0.01311673	0.00000000
C27	c	0.49665053	0.10474459	0.04859606	2.00000000	10.00000000	0.02578046	0.00000000
C28	c	0.78368434	0.51470246	0.21838839	2.00000000	10.00000000	0.02298394	0.00000000
C29	c	0.34744242	0.08351436	0.12992156	2.00000000	10.00000000	0.01653858	0.00000000
C30	c	0.99688369	0.22513385	0.20115172	2.00000000	10.00000000	0.01223044	0.00000000

Q Vehicle fuel tank capacity /0.40000000/
C Vehicle load capacity /1.50000000/
r fuel consumption rate /0.25000000/
g inverse refueling rate /1.00000000/
v average Velocity /1.00000000/
