StringID	Type	x	y	demand	ReadyTime	DueDate	ServiceTime	altitude
D0	d	0.50000000	0.50000000	0.00000000	0.00000000	10.00000000	0.00000000	0.00000000
S0	f	0.95735261	0.93541137	0.00000000	0.00000000	10.00000000	0.00000000	0.00000000
S1	f	0.22713786	0.13385518	0.00000000	0.00000000	10.00000000	0.00000000	0.00000000
S2	f	0.86248423	0.15934927	0.00000000	0.00000000	10.00000000	0.00000000	0.00000000
S3	f	0.26153551	0.71771013	0.00000000	0.00000000	10.00000000	0.00000000	0.00000000
S4	f	0.30158236	0.32676372	0.00000000	0.00000000	10.00000000	0.00000000	0.00000000
S5	f	0.24914666	0.27929553	0.00000000	0.00000000	10.00000000	0.00000000	0.00000000
C1	c	0.38484926	0.29759976	0.05423042	0.00000000	8.00000000	0.02349357	0.00000000
C2	c	0.24871582	0.95885222	0.11792464	0.10000000	8.10000000	0.02028768	0.00000000
C3	c	0.99057124	0.68083403	0.20504989	0.20000000	8.20000000	0.01211240	0.00000000
C4	c	0.02366047	0.94990533	0.24322387	0.30000000	8.30000000	0.02029565	0.00000000
C5	c	0.95944435	0.60191722	0.14287650	0.40000000	8.40000000	0.02288782	0.00000000
C6	c	0.43281452	0.23033992	0.11975553	0.50000000	8.50000000	0.01424516	0.00000000
C7	c	0.27760998	0.92686687	0.03075494	0.60000000	8.60000000	0.02524269	0.00000000
C8	c	0.12873022	0.38995789	0.21369067	0.70000000	8.70000000	0.01810553	0.00000000
C9	c	0.54094445	0.38385616	0.26139804	0.80000000	8.80000000	0.02917787	0.00000000
C10	c	0.23661726	0.65242835	0.23440914	0.90000000	8.90000000	0.01218053	0.00000000
C11	c	0.30716899	0.47811140	0.23345891	1.00000000	9.00000000	0.02283554	0.00000000
C12	c	0.17309964	0.66457924	0.02907847	1.10000000	9.10000000	0.02793068	0.00000000
C13	c	0.46000223	0.92067570	0.06472203	1.20000000	9.20000000	0.02500561	0.00000000
C14	c	0.54454171	0.44221000	0.12050384	1.30000000	9.30000000	0.02693687	0.00000000
C15	c	0.62566271	0.64426572	0.24941461	1.40000000	9.40000000	0.02038685	0.00000000
C16	c	0.77561991	0.87598397	0.15081017	1.50000000	9.50000000	0.02687308	0.00000000
C17	c	0.91909086	0.30390165	0.18582668	1.60000000	9.60000000	0.01700054	0.00000000
C18	c	0.69911898	0.01588884	0.02036273	1.70000000	9.70000000	0.02809862	0.00000000
C19	c	0.95735261	0.93541137	0.16355815	1.80000000	9.80000000	0.02396432	0.00000000
C20	c	0.84073318	0.28674292	0.01824636	1.90000000	9.90000000	0.02732586	0.00000000
C21	c	0.86747605	0.08597047	0.10246096	2.00000000	10.00000000	0.01853305	0.00000000
C22	c	0.61392629	0.43123398	0.15366090	2.00000000	10.00000000	0.02439730	0.00000000
C23	c	0.11614250	0.17195835	0.21780196	2.00000000	10.00000000	0.01385953	0.00000000
C24	c	0.61854984	0.14233009	0.15909498	2.00000000	10.00000000	0.01896771	0.00000000
C25	c	0.31556776	0.89282059	0.17520141	2.00000000	10.00000000	0.02149237	0.00000000
C26	c	0.87069867	0.39416603	0.17078065	2.00000000	10.00000000	0.02103912	0.00000000
C27	c	0.55001348	0.01941233	0.21549451	2.00000000	10.00000000	0.02779035	0.00000000
C28	c	0.16169518	0.18217316	0.03554617	2.00000000	10.00000000	0.02804402	0.00000000
C29	c	0.55595542	0.81627312	0.25218944	2.00000000	10.00000000	0.02983928	0.00000000
C30	c	0.49148787	0.26902064	0.15847344	2.00000000	10.00000000	0.02516081	0.00000000

Q Vehicle fuel tank capacity /0.40000000/
C Vehicle load capacity /1.50000000/
r fuel consumption rate /0.25000000/
g inverse refueling rate /1.00000000/
v average Velocity /1.00000000/
