StringID	Type	x	y	demand	ReadyTime	DueDate	ServiceTime	altitude
D0	d	0.50000000	0.50000000	0.00000000	0.00000000	10.00000000	0.00000000	0.00000000
S0	f	0.86806116	0.77758970	0.00000000	0.00000000	10.00000000	0.00000000	0.00000000
S1	f	0.33736608	0.50214869	0.00000000	0.00000000	10.00000000	0.00000000	0.00000000
S2	f	0.50978459	0.33718610	0.00000000	0.00000000	10.00000000	0.00000000	0.00000000
S3	f	0.78814559	0.68596276	0.00000000	0.00000000	10.00000000	0.00000000	0.00000000
S4	f	0.16231141	0.06910487	0.00000000	0.00000000	10.00000000	0.00000000	0.00000000
S5	f	0.46251578	0.21887224	0.00000000	0.00000000	10.00000000	0.00000000	0.00000000
S6	f	0.70506885	0.07592261	0.00000000	0.00000000	10.00000000	0.00000000	0.00000000
S7	f	0.79182586	0.20536742	0.00000000	0.00000000	10.00000000	0.00000000	0.00000000
S8	f	0.36777404	0.41372418	0.00000000	0.00000000	10.00000000	0.00000000	0.00000000
S9	f	0.26258165	0.17161360	0.00000000	0.00000000	10.00000000	0.00000000	0.00000000
C1	c	0.09722365	0.50492195	0.10450611	0.00000000	8.00000000	0.01536301	0.00000000
C2	c	0.18883485	0.50352129	0.08128338	0.06000000	8.06000000	0.02769364	0.00000000
C3	c	0.14459295	0.50305441	0.01291873	0.12000000	8.12000000	0.02218233	0.00000000
C4	c	0.13352876	0.60199907	0.15172374	0.18000000	8.18000000	0.02766357	0.00000000
C5	c	0.17207899	0.55149364	0.05999477	0.24000000	8.24000000	0.02340786	0.00000000
C6	c	0.15127314	0.48270414	0.09548420	0.30000000	8.30000000	0.02630246	0.00000000
C7	c	0.75611000	0.80371653	0.01451655	0.36000000	8.36000000	0.02243221	0.00000000
C8	c	0.61247060	0.78068373	0.14795135	0.42000000	8.42000000	0.02091993	0.00000000
C9	c	0.69624243	0.82928329	0.15027307	0.48000000	8.48000000	0.01069127	0.00000000
C10	c	0.60530795	0.85889338	0.08892075	0.54000000	8.54000000	0.01088487	0.00000000
C11	c	0.81669590	0.82401084	0.08804478	0.60000000	8.60000000	0.01233785	0.00000000
C12	c	0.87284896	0.86943805	0.13790854	0.66000000	8.66000000	0.01559158	0.00000000
C13	c	0.99210627	0.80362908	0.05154656	0.72000000	8.72000000	0.02704463	0.00000000
C14	c	0.87487662	0.72113433	0.15702275	0.78000000	8.78000000	0.02059203	0.00000000
C15	c	0.78820027	0.41145813	0.01800257	0.84000000	8.84000000	0.02916065	0.00000000
C16	c	0.76212514	0.56003445	0.16534635	0.90000000	8.90000000	0.01145788	0.00000000
C17	c	0.73576888	0.48249981	0.09992936	0.96000000	8.96000000	0.02216112	0.00000000
C18	c	0.76577359	0.41859394	0.11983701	1.02000000	9.02000000	0.01708417	0.00000000
C19	c	0.68847970	0.41318174	0.02973603	1.08000000	9.08000000	0.01789809	0.00000000
C20	c	0.82337352	0.44325236	0.09636065	1.14000000	9.14000000	0.01601202	0.00000000
C21	c	0.76551110	0.25631478	0.10542345	1.20000000	9.20000000	0.01502972	0.00000000
C22	c	0.59905064	0.30787885	0.03475064	1.26000000	9.26000000	0.02842503	0.00000000
C23	c	0.61146460	0.29203675	0.02279691	1.32000000	9.32000000	0.01276673	0.00000000
C24	c	0.71301339	0.26338097	0.02425534	1.38000000	9.38000000	0.01008642	0.00000000
C25	c	0.54982969	0.27783746	0.13927368	1.44000000	9.44000000	0.02968275	0.00000000
C26	c	0.06901954	0.07800473	0.06505500	1.50000000	9.50000000	0.02891443	0.00000000
C27	c	0.78661433	0.32936487	0.14660721	1.56000000	9.56000000	0.02486909	0.00000000
C28	c	0.83179500	0.70169295	0.12548962	1.62000000	9.62000000	0.02832832	0.00000000
C29	c	0.22305806	0.29433580	0.04779975	1.68000000	9.68000000	0.01579106	0.00000000
C30	c	0.51651330	0.21552847	0.05936924	1.74000000	9.74000000	0.01648521	0.00000000
C31	c	0.38022488	0.80303300	0.09543209	1.80000000	9.80000000	0.02515038	0.00000000
C32	c	0.21789263	0.91477709	0.04657758	1.86000000	9.86000000	0.02742849	0.00000000
C33	c	0.26049756	0.70998823	0.07331037	1.92000000	9.92000000	0.01067617	0.00000000
C34	c	0.99964439	0.61287178	0.14193869	1.98000000	9.98000000	0.01532834	0.00000000
C35	c	0.13239176	0.30756054	0.04696132	2.00000000	10.00000000	0.02958612	0.00000000
C36	c	0.65931702	0.10070941	0.16007649	2.00000000	10.00000000	0.01805962	0.00000000
C37	c	0.20337446	0.14971297	0.05387676	2.00000000	10.00000000	0.02888134	0.00000000
C38	c	0.26815069	0.88468199	0.12683608	2.00000000	10.00000000	0.02211325	0.00000000
C39	c	0.62161026	0.54599633	0.17385177	2.00000000	10.00000000	0.01020271	0.00000000
C40	c	0.03456350	0.04424356	0.11107257	2.00000000	10.00000000	0.01219971	0.00000000
C41	c	0.85223142	0.52960159	0.15122021	2.00000000	10.00000000	0.02279104	0.00000000
C42	c	0.95803250	0.07289383	0.14886700	2.00000000	10.00000000	0.01169139	0.00000000
C43	c	0.60805575	0.35420870	0.03308320	2.00000000	10.00000000	0.02566868	0.00000000
C44	c	0.39490432	0.30060078	0.06151582	2.00000000	10.00000000	0.01267139	0.00000000
C45	c	0.13833639	0.00432123	0.04271249	2.00000000	10.00000000	0.01567500	0.00000000
C46	c	0.98413768	0.94572130	0.16348799	2.00000000	10.00000000	0.01019625	0.00000000
C47	c	0.74345447	0.91641613	0.11861135	2.00000000	10.00000000	0.02039571	0.00000000
C48	c	0.28955277	0.32426067	0.02794067	2.00000000	10.00000000	0.01363602	0.00000000
C49	c	0.75751924	0.87142455	0.04460480	2.00000000	10.00000000	0.01760539	0.00000000
C50	c	0.03380831	0.26641711	0.03589470	2.00000000	10.00000000	0.01537798	0.00000000

Q Vehicle fuel tank capacity /0.40000000/
C Vehicle load capacity /1.50000000/
r fuel consumption rate /0.25000000/
g inverse refueling rate /1.00000000/
v average Velocity /1.00000000/
