StringID	Type	x	y	demand	ReadyTime	DueDate	ServiceTime	altitude
D0	d	0.50000000	0.50000000	0.00000000	0.00000000	10.00000000	0.00000000	0.00000000
S0	f	0.45219206	0.59590756	0.00000000	0.00000000	10.00000000	0.00000000	0.00000000
S1	f	0.43537932	0.95008085	0.00000000	0.00000000	10.00000000	0.00000000	0.00000000
S2	f	0.65822631	0.15271720	0.00000000	0.00000000	10.00000000	0.00000000	0.00000000
S3	f	0.86028430	0.52241406	0.00000000	0.00000000	10.00000000	0.00000000	0.00000000
S4	f	0.88887520	0.69346536	0.00000000	0.00000000	10.00000000	0.00000000	0.00000000
S5	f	0.33008646	0.34454759	0.00000000	0.00000000	10.00000000	0.00000000	0.00000000
S6	f	0.94564119	0.92193004	0.00000000	0.00000000	10.00000000	0.00000000	0.00000000
S7	f	0.25504175	0.13750663	0.00000000	0.00000000	10.00000000	0.00000000	0.00000000
S8	f	0.86598103	0.26813199	0.00000000	0.00000000	10.00000000	0.00000000	0.00000000
S9	f	0.21160755	0.30001305	0.00000000	0.00000000	10.00000000	0.00000000	0.00000000
C1	c	0.25354510	0.41099106	0.08239473	0.00000000	8.00000000	0.01088744	0.00000000
C2	c	0.33811671	0.41747609	0.02481337	0.06000000	8.06000000	0.01906764	0.00000000
C3	c	0.28382473	0.45437067	0.03894847	0.12000000	8.12000000	0.01692524	0.00000000
C4	c	0.31098552	0.47056050	0.15635124	0.18000000	8.18000000	0.02918166	0.00000000
C5	c	0.21654544	0.44661714	0.07783023	0.24000000	8.24000000	0.02084703	0.00000000
C6	c	0.10086357	0.38863076	0.03670049	0.30000000	8.30000000	0.02530128	0.00000000
C7	c	0.00042754	0.36568707	0.09204826	0.36000000	8.36000000	0.02719023	0.00000000
C8	c	0.05328261	0.33951983	0.01608073	0.42000000	8.42000000	0.01793820	0.00000000
C9	c	0.01773269	0.44857900	0.14173619	0.48000000	8.48000000	0.01138573	0.00000000
C10	c	0.13220557	0.42275697	0.13119531	0.54000000	8.54000000	0.01802387	0.00000000
C11	c	0.10847488	0.39780067	0.04533466	0.60000000	8.60000000	0.01069053	0.00000000
C12	c	0.07642524	0.39612833	0.15395369	0.66000000	8.66000000	0.02108056	0.00000000
C13	c	0.09419592	0.34706664	0.03212664	0.72000000	8.72000000	0.01731165	0.00000000
C14	c	0.00000000	0.93692141	0.15128994	0.78000000	8.78000000	0.02768205	0.00000000
C15	c	0.00302007	0.88803982	0.07273299	0.84000000	8.84000000	0.01864866	0.00000000
C16	c	0.03399810	0.85119790	0.08826085	0.90000000	8.90000000	0.02043376	0.00000000
C17	c	0.00000000	0.88041662	0.12734662	0.96000000	8.96000000	0.02091808	0.00000000
C18	c	0.00000000	0.80421715	0.10675345	1.02000000	9.02000000	0.01015532	0.00000000
C19	c	0.04640338	0.84389365	0.11476700	1.08000000	9.08000000	0.01262474	0.00000000
C20	c	0.65057966	0.95086444	0.03944509	1.14000000	9.14000000	0.02667977	0.00000000
C21	c	0.59544392	1.00000000	0.12037302	1.20000000	9.20000000	0.01457769	0.00000000
C22	c	0.58256894	1.00000000	0.08864004	1.26000000	9.26000000	0.02999414	0.00000000
C23	c	0.73896769	1.00000000	0.15486097	1.32000000	9.32000000	0.01193742	0.00000000
C24	c	0.57786879	1.00000000	0.04633390	1.38000000	9.38000000	0.01501653	0.00000000
C25	c	0.62008061	1.00000000	0.11207323	1.44000000	9.44000000	0.01306231	0.00000000
C26	c	0.95323221	0.71747436	0.09863255	1.50000000	9.50000000	0.02347592	0.00000000
C27	c	0.54887360	0.49920461	0.05112970	1.56000000	9.56000000	0.02442888	0.00000000
C28	c	0.44756536	0.10482286	0.13381769	1.62000000	9.62000000	0.02775365	0.00000000
C29	c	0.19656082	0.37920471	0.11881091	1.68000000	9.68000000	0.01002459	0.00000000
C30	c	0.13561813	0.91139737	0.11014842	1.74000000	9.74000000	0.01093878	0.00000000
C31	c	0.62651195	0.67164182	0.04950093	1.80000000	9.80000000	0.01101973	0.00000000
C32	c	0.22358746	0.70021051	0.10605287	1.86000000	9.86000000	0.01561692	0.00000000
C33	c	0.34626206	0.95908302	0.07353724	1.92000000	9.92000000	0.02933621	0.00000000
C34	c	0.54235172	0.76506402	0.03520682	1.98000000	9.98000000	0.02282026	0.00000000
C35	c	0.85951145	0.39691024	0.15205072	2.00000000	10.00000000	0.01409482	0.00000000
C36	c	0.03452659	0.55402820	0.11706631	2.00000000	10.00000000	0.02002859	0.00000000
C37	c	0.36558234	0.88410245	0.09204743	2.00000000	10.00000000	0.01073170	0.00000000
C38	c	0.43243304	0.52168800	0.08467698	2.00000000	10.00000000	0.02666645	0.00000000
C39	c	0.54590411	0.00776585	0.07701417	2.00000000	10.00000000	0.02030287	0.00000000
C40	c	0.13123688	0.83398830	0.02615417	2.00000000	10.00000000	0.02142203	0.00000000
C41	c	0.22888447	0.99970691	0.15056458	2.00000000	10.00000000	0.02587772	0.00000000
C42	c	0.09687123	0.25082631	0.11587760	2.00000000	10.00000000	0.01152835	0.00000000
C43	c	0.15311544	0.67379582	0.03976729	2.00000000	10.00000000	0.02597702	0.00000000
C44	c	0.72144402	0.88768226	0.06687005	2.00000000	10.00000000	0.02001961	0.00000000
C45	c	0.00122951	0.04693889	0.03072392	2.00000000	10.00000000	0.01470195	0.00000000
C46	c	0.05098652	0.28084620	0.14584279	2.00000000	10.00000000	0.02800043	0.00000000
C47	c	0.96681062	0.64101305	0.10356828	2.00000000	10.00000000	0.02470951	0.00000000
C48	c	0.20474082	0.50142934	0.11026516	2.00000000	10.00000000	0.01738192	0.00000000
C49	c	0.51514344	0.57110164	0.04377780	2.00000000	10.00000000	0.01828989	0.00000000
C50	c	0.79388610	0.07641749	0.11450451	2.00000000	10.00000000	0.02971096	0.00000000

Q Vehicle fuel tank capacity /0.40000000/
C Vehicle load capacity /1.50000000/
r fuel consumption rate /0.25000000/
g inverse refueling rate /1.00000000/
v average Velocity /1.00000000/
