StringID	Type	x	y	demand	ReadyTime	DueDate	ServiceTime	altitude
D0	d	0.50000000	0.50000000	0.00000000	0.00000000	10.00000000	0.00000000	0.00000000
S0	f	0.55118460	0.80018587	0.00000000	0.00000000	10.00000000	0.00000000	0.00000000
S1	f	0.75085150	0.64376710	0.00000000	0.00000000	10.00000000	0.00000000	0.00000000
S2	f	0.94646692	0.59216175	0.00000000	0.00000000	10.00000000	0.00000000	0.00000000
S3	f	0.73419098	0.99306166	0.00000000	0.00000000	10.00000000	0.00000000	0.00000000
S4	f	0.18697743	0.93418395	0.00000000	0.00000000	10.00000000	0.00000000	0.00000000
S5	f	0.01620557	0.36511043	0.00000000	0.00000000	10.00000000	0.00000000	0.00000000
S6	f	0.19315524	0.18129577	0.00000000	0.00000000	10.00000000	0.00000000	0.00000000
S7	f	0.20454334	0.42358526	0.00000000	0.00000000	10.00000000	0.00000000	0.00000000
S8	f	0.18093399	0.03373689	0.00000000	0.00000000	10.00000000	0.00000000	0.00000000
S9	f	0.19845247	0.53678735	0.00000000	0.00000000	10.00000000	0.00000000	0.00000000
C1	c	0.64678798	0.72213889	0.07351575	0.00000000	8.00000000	0.02243266	0.00000000
C2	c	0.58958396	0.76479780	0.14712191	0.06000000	8.06000000	0.01334883	0.00000000
C3	c	0.56701890	0.91942075	0.01977842	0.12000000	8.12000000	0.02972445	0.00000000
C4	c	0.48367956	0.76591744	0.16708759	0.18000000	8.18000000	0.02126963	0.00000000
C5	c	0.48457883	0.77452059	0.05688273	0.24000000	8.24000000	0.02041977	0.00000000
C6	c	0.51723161	0.87727200	0.08077723	0.30000000	8.30000000	0.01689255	0.00000000
C7	c	0.50638209	0.31604488	0.06989557	0.36000000	8.36000000	0.02518868	0.00000000
C8	c	0.52479952	0.27741981	0.02790064	0.42000000	8.42000000	0.01234906	0.00000000
C9	c	0.55060079	0.28443483	0.05578282	0.48000000	8.48000000	0.02006635	0.00000000
C10	c	0.48309455	0.34414096	0.01942931	0.54000000	8.54000000	0.01293823	0.00000000
C11	c	0.55793312	0.25725587	0.04339567	0.60000000	8.60000000	0.02158673	0.00000000
C12	c	0.42718280	0.06425726	0.01506961	0.66000000	8.66000000	0.01384578	0.00000000
C13	c	0.36393897	0.14072108	0.15682962	0.72000000	8.72000000	0.01205505	0.00000000
C14	c	0.33448057	0.06006209	0.11292300	0.78000000	8.78000000	0.01413349	0.00000000
C15	c	0.37328240	0.15310540	0.15463409	0.84000000	8.84000000	0.01274288	0.00000000
C16	c	0.32055618	0.13754373	0.14332305	0.90000000	8.90000000	0.01706688	0.00000000
C17	c	0.40658390	0.11792758	0.08415585	0.96000000	8.96000000	0.02300195	0.00000000
C18	c	0.39632996	0.07742237	0.10699337	1.02000000	9.02000000	0.01395872	0.00000000
C19	c	0.35000164	0.08886151	0.10238650	1.08000000	9.08000000	0.01255104	0.00000000
C20	c	0.73338726	0.82449698	0.11460398	1.14000000	9.14000000	0.02310293	0.00000000
C21	c	0.73571342	0.87016951	0.12674302	1.20000000	9.20000000	0.01863675	0.00000000
C22	c	0.78931181	0.81964267	0.08105690	1.26000000	9.26000000	0.02347851	0.00000000
C23	c	0.60901569	0.19839760	0.15086470	1.32000000	9.32000000	0.01914117	0.00000000
C24	c	0.48161689	0.21011839	0.03379050	1.38000000	9.38000000	0.01791828	0.00000000
C25	c	0.51944804	0.09140173	0.14208109	1.44000000	9.44000000	0.02649513	0.00000000
C26	c	0.06552155	0.14485052	0.04565039	1.50000000	9.50000000	0.01598663	0.00000000
C27	c	0.98334920	0.01083727	0.04283735	1.56000000	9.56000000	0.02790892	0.00000000
C28	c	0.12638004	0.17775963	0.06500964	1.62000000	9.62000000	0.01064948	0.00000000
C29	c	0.86780410	0.35972585	0.12059707	1.68000000	9.68000000	0.01756960	0.00000000
C30	c	0.52138010	0.68236036	0.12275636	1.74000000	9.74000000	0.01234064	0.00000000
C31	c	0.95931031	0.82636738	0.02205111	1.80000000	9.80000000	0.01131068	0.00000000
C32	c	0.00480769	0.16790503	0.03482431	1.86000000	9.86000000	0.02049032	0.00000000
C33	c	0.29695840	0.56338488	0.16983570	1.92000000	9.92000000	0.01418961	0.00000000
C34	c	0.89827805	0.70483698	0.01324609	1.98000000	9.98000000	0.02208964	0.00000000
C35	c	0.71315453	0.77564982	0.03185028	2.00000000	10.00000000	0.01590659	0.00000000
C36	c	0.98622259	0.56348170	0.04012319	2.00000000	10.00000000	0.02423135	0.00000000
C37	c	0.75943410	0.11745278	0.15123113	2.00000000	10.00000000	0.02417264	0.00000000
C38	c	0.50331753	0.14691149	0.06942260	2.00000000	10.00000000	0.01612588	0.00000000
C39	c	0.13714376	0.35334408	0.09545146	2.00000000	10.00000000	0.02042439	0.00000000
C40	c	0.65009769	0.19793615	0.12137179	2.00000000	10.00000000	0.02438462	0.00000000
C41	c	0.12755217	0.65514646	0.16596506	2.00000000	10.00000000	0.01591896	0.00000000
C42	c	0.43183741	0.67392538	0.14455917	2.00000000	10.00000000	0.02003748	0.00000000
C43	c	0.45705831	0.39591386	0.01227523	2.00000000	10.00000000	0.02195516	0.00000000
C44	c	0.82475637	0.29933148	0.03853645	2.00000000	10.00000000	0.01255841	0.00000000
C45	c	0.89544593	0.03247386	0.05931606	2.00000000	10.00000000	0.01008069	0.00000000
C46	c	0.06553393	0.52451616	0.10221488	2.00000000	10.00000000	0.02151710	0.00000000
C47	c	0.20948026	0.60448179	0.15613791	2.00000000	10.00000000	0.02115321	0.00000000
C48	c	0.29532946	0.71156732	0.12499088	2.00000000	10.00000000	0.02809844	0.00000000
C49	c	0.70863218	0.30629420	0.12633014	2.00000000	10.00000000	0.01937749	0.00000000
C50	c	0.29594780	0.50187409	0.13639285	2.00000000	10.00000000	0.02241954	0.00000000

Q Vehicle fuel tank capacity /0.40000000/
C Vehicle load capacity /1.50000000/
r fuel consumption rate /0.25000000/
g inverse refueling rate /1.00000000/
v average Velocity /1.00000000/
