StringID	Type	x	y	demand	ReadyTime	DueDate	ServiceTime	altitude
D0	d	0.50000000	0.50000000	0.00000000	0.00000000	10.00000000	0.00000000	0.00000000
S0	f	0.79692270	0.72320495	0.00000000	0.00000000	10.00000000	0.00000000	0.00000000
S1	f	0.15349258	0.75180100	0.00000000	0.00000000	10.00000000	0.00000000	0.00000000
S2	f	0.97268950	0.10518081	0.00000000	0.00000000	10.00000000	0.00000000	0.00000000
S3	f	0.34102903	0.65096009	0.00000000	0.00000000	10.00000000	0.00000000	0.00000000
S4	f	0.85296116	0.23691763	0.00000000	0.00000000	10.00000000	0.00000000	0.00000000
S5	f	0.08289612	0.13835428	0.00000000	0.00000000	10.00000000	0.00000000	0.00000000
C1	c	0.10623117	0.33631158	0.03016493	0.00000000	8.00000000	0.02012785	0.00000000
C2	c	0.19685861	0.88165807	0.24025955	0.10000000	8.10000000	0.01133653	0.00000000
C3	c	0.69711792	0.71512119	0.23701638	0.20000000	8.20000000	0.02752222	0.00000000
C4	c	0.63889583	0.97746256	0.02348672	0.30000000	8.30000000	0.01034803	0.00000000
C5	c	0.45778795	0.49712410	0.05335709	0.40000000	8.40000000	0.01639126	0.00000000
C6	c	0.75892729	0.64318325	0.08945837	0.50000000	8.50000000	0.02881319	0.00000000
C7	c	0.04224321	0.56104034	0.24746257	0.60000000	8.60000000	0.02775662	0.00000000
C8	c	0.89211564	0.07084685	0.22412309	0.70000000	8.70000000	0.01624664	0.00000000
C9	c	0.15375885	0.07691252	0.21840666	0.80000000	8.80000000	0.02496585	0.00000000
C10	c	0.44443082	0.72698574	0.20091479	0.90000000	8.90000000	0.01337362	0.00000000
C11	c	0.31483133	0.01963018	0.14368839	1.00000000	9.00000000	0.01860555	0.00000000
C12	c	0.67447869	0.25781250	0.18755921	1.10000000	9.10000000	0.02452243	0.00000000
C13	c	0.13244056	0.59077822	0.12703965	1.20000000	9.20000000	0.01777516	0.00000000
C14	c	0.76932173	0.39985645	0.15819200	1.30000000	9.30000000	0.02192793	0.00000000
C15	c	0.26781355	0.01738317	0.05796249	1.40000000	9.40000000	0.01763831	0.00000000
C16	c	0.19336120	0.48386931	0.24646036	1.50000000	9.50000000	0.01835796	0.00000000
C17	c	0.01742706	0.83601064	0.07848562	1.60000000	9.60000000	0.01578218	0.00000000
C18	c	0.09452992	0.98169342	0.20101530	1.70000000	9.70000000	0.02201690	0.00000000
C19	c	0.79692270	0.72320495	0.11233267	1.80000000	9.80000000	0.02286420	0.00000000
C20	c	0.01006044	0.14755120	0.08623161	1.90000000	9.90000000	0.02225897	0.00000000
C21	c	0.00485898	0.73022174	0.06363399	2.00000000	10.00000000	0.02883626	0.00000000
C22	c	0.30722858	0.50373546	0.07969964	2.00000000	10.00000000	0.01844993	0.00000000
C23	c	0.89158765	0.97347602	0.08438170	2.00000000	10.00000000	0.02493031	0.00000000
C24	c	0.72191929	0.95474905	0.14959981	2.00000000	10.00000000	0.02594910	0.00000000
C25	c	0.42408484	0.54032348	0.25492888	2.00000000	10.00000000	0.02529216	0.00000000
C26	c	0.95034659	0.15159757	0.10718018	2.00000000	10.00000000	0.01572944	0.00000000
C27	c	0.76065817	0.26863501	0.19399930	2.00000000	10.00000000	0.02141707	0.00000000
C28	c	0.91181318	0.21833879	0.15825570	2.00000000	10.00000000	0.01667746	0.00000000
C29	c	0.41798939	0.66822782	0.21631786	2.00000000	10.00000000	0.02844793	0.00000000
C30	c	0.21780377	0.32599987	0.22838549	2.00000000	10.00000000	0.01427902	0.00000000

Q Vehicle fuel tank capacity /0.40000000/
C Vehicle load capacity /1.50000000/
r fuel consumption rate /0.25000000/
g inverse refueling rate /1.00000000/
v average Velocity /1.00000000/
