StringID	Type	x	y	demand	ReadyTime	DueDate	ServiceTime	altitude
D0	d	0.50000000	0.50000000	0.00000000	0.00000000	10.00000000	0.00000000	0.00000000
S0	f	0.64341996	0.93284650	0.00000000	0.00000000	10.00000000	0.00000000	0.00000000
S1	f	0.68647989	0.41933249	0.00000000	0.00000000	10.00000000	0.00000000	0.00000000
S2	f	0.77446233	0.86213081	0.00000000	0.00000000	10.00000000	0.00000000	0.00000000
S3	f	0.90490614	0.52658859	0.00000000	0.00000000	10.00000000	0.00000000	0.00000000
S4	f	0.16098082	0.57009836	0.00000000	0.00000000	10.00000000	0.00000000	0.00000000
S5	f	0.84467497	0.90071737	0.00000000	0.00000000	10.00000000	0.00000000	0.00000000
C1	c	0.13066036	0.12785541	0.21311647	0.00000000	8.00000000	0.02776269	0.00000000
C2	c	0.28277489	0.18758568	0.03940593	0.10000000	8.10000000	0.02904822	0.00000000
C3	c	0.72769636	0.36449241	0.09746056	0.20000000	8.20000000	0.02211302	0.00000000
C4	c	0.63892180	0.70403742	0.14107032	0.30000000	8.30000000	0.01891089	0.00000000
C5	c	0.64842500	0.81556390	0.26298784	0.40000000	8.40000000	0.02996739	0.00000000
C6	c	0.53814042	0.11233899	0.11409148	0.50000000	8.50000000	0.02650424	0.00000000
C7	c	0.73063032	0.02631150	0.15385186	0.60000000	8.60000000	0.02174226	0.00000000
C8	c	0.56192472	0.91593948	0.11687803	0.70000000	8.70000000	0.02570757	0.00000000
C9	c	0.82330788	0.43082705	0.05620289	0.80000000	8.80000000	0.02668169	0.00000000
C10	c	0.68010017	0.18537722	0.04066215	0.90000000	8.90000000	0.01120624	0.00000000
C11	c	0.94203519	0.78212955	0.15259857	1.00000000	9.00000000	0.02717197	0.00000000
C12	c	0.24339872	0.84782436	0.05496660	1.10000000	9.10000000	0.02552058	0.00000000
C13	c	0.22901692	0.31499861	0.04895663	1.20000000	9.20000000	0.01670794	0.00000000
C14	c	0.15453088	0.66401881	0.14859404	1.30000000	9.30000000	0.02949578	0.00000000
C15	c	0.24261158	0.19359151	0.13748937	1.40000000	9.40000000	0.01076810	0.00000000
C16	c	0.40153699	0.00801813	0.27215693	1.50000000	9.50000000	0.01119166	0.00000000
C17	c	0.77509003	0.38381150	0.23312495	1.60000000	9.60000000	0.01189960	0.00000000
C18	c	0.35169723	0.01685005	0.24052325	1.70000000	9.70000000	0.02312636	0.00000000
C19	c	0.64341996	0.93284650	0.04605805	1.80000000	9.80000000	0.02906621	0.00000000
C20	c	0.00204894	0.39060036	0.28686771	1.90000000	9.90000000	0.02930580	0.00000000
C21	c	0.07895445	0.75895921	0.14738506	2.00000000	10.00000000	0.01559895	0.00000000
C22	c	0.08894058	0.70106878	0.25444489	2.00000000	10.00000000	0.01921310	0.00000000
C23	c	0.96355027	0.37210409	0.18130171	2.00000000	10.00000000	0.02183066	0.00000000
C24	c	0.98592944	0.46052636	0.17619501	2.00000000	10.00000000	0.02022739	0.00000000
C25	c	0.51739007	0.81726946	0.14168436	2.00000000	10.00000000	0.01365336	0.00000000
C26	c	0.73736344	0.57718569	0.18370549	2.00000000	10.00000000	0.02470891	0.00000000
C27	c	0.83330767	0.62293629	0.28653419	2.00000000	10.00000000	0.02194264	0.00000000
C28	c	0.34611252	0.17755334	0.04285254	2.00000000	10.00000000	0.01858335	0.00000000
C29	c	0.59655029	0.33870411	0.09055601	2.00000000	10.00000000	0.02943812	0.00000000
C30	c	0.82994365	0.23318642	0.13827713	2.00000000	10.00000000	0.01439141	0.00000000

Q Vehicle fuel tank capacity /0.40000000/
C Vehicle load capacity /1.50000000/
r fuel consumption rate /0.25000000/
g inverse refueling rate /1.00000000/
v average Velocity /1.00000000/
