StringID	Type	x	y	demand	ReadyTime	DueDate	ServiceTime	altitude
D0	d	0.50000000	0.50000000	0.00000000	0.00000000	10.00000000	0.00000000	0.00000000
S0	f	0.29987401	0.27028345	0.00000000	0.00000000	10.00000000	0.00000000	0.00000000
S1	f	0.10243583	0.49220501	0.00000000	0.00000000	10.00000000	0.00000000	0.00000000
S2	f	0.50441856	0.78256260	0.00000000	0.00000000	10.00000000	0.00000000	0.00000000
S3	f	0.87740455	0.33015535	0.00000000	0.00000000	10.00000000	0.00000000	0.00000000
S4	f	0.80484474	0.57451684	0.00000000	0.00000000	10.00000000	0.00000000	0.00000000
S5	f	0.33692656	0.14204213	0.00000000	0.00000000	10.00000000	0.00000000	0.00000000
S6	f	0.42013640	0.32664591	0.00000000	0.00000000	10.00000000	0.00000000	0.00000000
S7	f	0.33066262	0.94194480	0.00000000	0.00000000	10.00000000	0.00000000	0.00000000
S8	f	0.86529422	0.63601882	0.00000000	0.00000000	10.00000000	0.00000000	0.00000000
S9	f	0.60204657	0.26303419	0.00000000	0.00000000	10.00000000	0.00000000	0.00000000
C1	c	0.64458308	0.31486851	0.16302575	0.00000000	8.00000000	0.01802204	0.00000000
C2	c	0.64303623	0.23854640	0.11772247	0.06000000	8.06000000	0.01971469	0.00000000
C3	c	0.66487183	0.23740012	0.06532632	0.12000000	8.12000000	0.01678708	0.00000000
C4	c	0.59190624	0.30553315	0.16645549	0.18000000	8.18000000	0.02623319	0.00000000
C5	c	0.72611531	0.16371684	0.09682313	0.24000000	8.24000000	0.02793895	0.00000000
C6	c	0.77365129	0.08458549	0.05708770	0.30000000	8.30000000	0.02170801	0.00000000
C7	c	0.79260596	0.07256010	0.02420368	0.36000000	8.36000000	0.01534599	0.00000000
C8	c	0.78482590	0.17042768	0.09911246	0.42000000	8.42000000	0.02763802	0.00000000
C9	c	0.74509577	0.75150750	0.08722271	0.48000000	8.48000000	0.02055499	0.00000000
C10	c	0.63088739	0.68030665	0.16301931	0.54000000	8.54000000	0.01947669	0.00000000
C11	c	0.59959301	0.71243923	0.15185214	0.60000000	8.60000000	0.02179998	0.00000000
C12	c	0.85392943	0.12216722	0.11032320	0.66000000	8.66000000	0.01342936	0.00000000
C13	c	0.71754717	0.12076431	0.03955073	0.72000000	8.72000000	0.02267734	0.00000000
C14	c	0.71654498	0.11111935	0.03051452	0.78000000	8.78000000	0.01311899	0.00000000
C15	c	0.80303859	0.21440196	0.16583941	0.84000000	8.84000000	0.02179050	0.00000000
C16	c	0.79002498	0.11407812	0.03139481	0.90000000	8.90000000	0.02627460	0.00000000
C17	c	0.86225229	0.19920296	0.12543615	0.96000000	8.96000000	0.01311470	0.00000000
C18	c	0.86223546	0.06802504	0.05743184	1.02000000	9.02000000	0.02238029	0.00000000
C19	c	0.79277071	0.71576025	0.04692683	1.08000000	9.08000000	0.01013207	0.00000000
C20	c	0.72964561	0.70037589	0.07007769	1.14000000	9.14000000	0.02665191	0.00000000
C21	c	0.84219233	0.73077307	0.04737896	1.20000000	9.20000000	0.02608248	0.00000000
C22	c	0.72436884	0.70462647	0.06816106	1.26000000	9.26000000	0.01851798	0.00000000
C23	c	0.80447853	0.64587391	0.03969500	1.32000000	9.32000000	0.02629660	0.00000000
C24	c	0.73050497	0.72941555	0.07402557	1.38000000	9.38000000	0.02029977	0.00000000
C25	c	0.74764815	0.63136468	0.12622168	1.44000000	9.44000000	0.01899773	0.00000000
C26	c	0.95210523	0.25422099	0.06693282	1.50000000	9.50000000	0.02030358	0.00000000
C27	c	0.87467991	0.78440459	0.15959559	1.56000000	9.56000000	0.01899198	0.00000000
C28	c	0.88994123	0.58298532	0.05077725	1.62000000	9.62000000	0.01031486	0.00000000
C29	c	0.67888581	0.83945171	0.14752296	1.68000000	9.68000000	0.01244817	0.00000000
C30	c	0.44717505	0.26103151	0.13344669	1.74000000	9.74000000	0.02389641	0.00000000
C31	c	0.34718692	0.53057796	0.14990260	1.80000000	9.80000000	0.01257319	0.00000000
C32	c	0.04973333	0.73770116	0.10204018	1.86000000	9.86000000	0.01808554	0.00000000
C33	c	0.20075096	0.34765352	0.11699356	1.92000000	9.92000000	0.02344212	0.00000000
C34	c	0.54294594	0.58081480	0.14202997	1.98000000	9.98000000	0.01950742	0.00000000
C35	c	0.02236041	0.17242181	0.08086382	2.00000000	10.00000000	0.02206351	0.00000000
C36	c	0.76749060	0.37639698	0.05183919	2.00000000	10.00000000	0.02563908	0.00000000
C37	c	0.74121773	0.46566910	0.06527306	2.00000000	10.00000000	0.02216252	0.00000000
C38	c	0.40110216	0.48573461	0.09386850	2.00000000	10.00000000	0.02341994	0.00000000
C39	c	0.33935383	0.81165958	0.01889230	2.00000000	10.00000000	0.01608979	0.00000000
C40	c	0.26729946	0.88190081	0.12616441	2.00000000	10.00000000	0.01100228	0.00000000
C41	c	0.58999909	0.17146807	0.04243988	2.00000000	10.00000000	0.02250417	0.00000000
C42	c	0.63386725	0.15594940	0.06534582	2.00000000	10.00000000	0.01276694	0.00000000
C43	c	0.58952522	0.81373018	0.09579699	2.00000000	10.00000000	0.02027316	0.00000000
C44	c	0.15573485	0.61901451	0.10170174	2.00000000	10.00000000	0.01433612	0.00000000
C45	c	0.00660355	0.83259531	0.01462415	2.00000000	10.00000000	0.01643708	0.00000000
C46	c	0.80412391	0.42589919	0.03802263	2.00000000	10.00000000	0.01703210	0.00000000
C47	c	0.81483016	0.51498852	0.13080936	2.00000000	10.00000000	0.01496592	0.00000000
C48	c	0.44988644	0.51517890	0.06982767	2.00000000	10.00000000	0.01506883	0.00000000
C49	c	0.44959907	0.01574322	0.12671273	2.00000000	10.00000000	0.02708466	0.00000000
C50	c	0.12240849	0.69482063	0.08374752	2.00000000	10.00000000	0.01662810	0.00000000

Q Vehicle fuel tank capacity /0.40000000/
C Vehicle load capacity /1.50000000/
r fuel consumption rate /0.25000000/
g inverse refueling rate /1.00000000/
v average Velocity /1.00000000/
