StringID	Type	x	y	demand	ReadyTime	DueDate	ServiceTime	altitude
D0	d	0.50000000	0.50000000	0.00000000	0.00000000	10.00000000	0.00000000	0.00000000
S0	f	0.83581764	0.14395563	0.00000000	0.00000000	10.00000000	0.00000000	0.00000000
S1	f	0.74426368	0.12022761	0.00000000	0.00000000	10.00000000	0.00000000	0.00000000
S2	f	0.33437267	0.22632836	0.00000000	0.00000000	10.00000000	0.00000000	0.00000000
S3	f	0.10484631	0.05335120	0.00000000	0.00000000	10.00000000	0.00000000	0.00000000
S4	f	0.44439425	0.89215808	0.00000000	0.00000000	10.00000000	0.00000000	0.00000000
S5	f	0.60110580	0.20211941	0.00000000	0.00000000	10.00000000	0.00000000	0.00000000
C1	c	0.16543171	0.27810763	0.11895153	0.00000000	8.00000000	0.02741003	0.00000000
C2	c	0.16935601	0.42476406	0.10981959	0.10000000	8.10000000	0.01060622	0.00000000
C3	c	0.03432209	0.38013254	0.14949290	0.20000000	8.20000000	0.02339020	0.00000000
C4	c	0.18155419	0.35759706	0.13338050	0.30000000	8.30000000	0.01488293	0.00000000
C5	c	0.06333315	0.34152528	0.03742632	0.40000000	8.40000000	0.02683623	0.00000000
C6	c	0.16302614	0.35964207	0.02842331	0.50000000	8.50000000	0.01067760	0.00000000
C7	c	0.17049337	0.41006252	0.02874178	0.60000000	8.60000000	0.02484108	0.00000000
C8	c	0.47369559	0.44028503	0.17478260	0.70000000	8.70000000	0.02892023	0.00000000
C9	c	0.43661518	0.42724795	0.08420026	0.80000000	8.80000000	0.01824864	0.00000000
C10	c	0.69059957	0.27622386	0.15050311	0.90000000	8.90000000	0.02146465	0.00000000
C11	c	0.67257329	0.22201209	0.15232817	1.00000000	9.00000000	0.02489882	0.00000000
C12	c	0.59218340	0.35616890	0.19007072	1.10000000	9.10000000	0.02152831	0.00000000
C13	c	0.70257403	0.35546157	0.22820655	1.20000000	9.20000000	0.02403964	0.00000000
C14	c	0.66577537	0.25258281	0.24905701	1.30000000	9.30000000	0.02687510	0.00000000
C15	c	0.72276044	0.21688689	0.16937596	1.40000000	9.40000000	0.01435233	0.00000000
C16	c	0.52009636	0.25997185	0.13252210	1.50000000	9.50000000	0.02235085	0.00000000
C17	c	0.51310074	0.78963258	0.21418162	1.60000000	9.60000000	0.01067145	0.00000000
C18	c	0.91938062	0.95083778	0.18845825	1.70000000	9.70000000	0.01073873	0.00000000
C19	c	0.87050138	0.03031089	0.25671293	1.80000000	9.80000000	0.02980060	0.00000000
C20	c	0.74205400	0.94601159	0.09912578	1.90000000	9.90000000	0.01407611	0.00000000
C21	c	0.41243201	0.57323255	0.14372582	2.00000000	10.00000000	0.02908928	0.00000000
C22	c	0.74494118	0.57641553	0.08052204	2.00000000	10.00000000	0.02649960	0.00000000
C23	c	0.70198225	0.84375498	0.14202606	2.00000000	10.00000000	0.01272330	0.00000000
C24	c	0.21761633	0.61754245	0.20921640	2.00000000	10.00000000	0.02477688	0.00000000
C25	c	0.03357257	0.03693642	0.16375167	2.00000000	10.00000000	0.01309172	0.00000000
C26	c	0.99003006	0.20380566	0.10095781	2.00000000	10.00000000	0.01185832	0.00000000
C27	c	0.95446403	0.82498002	0.18980394	2.00000000	10.00000000	0.01275575	0.00000000
C28	c	0.13616513	0.73884376	0.08510810	2.00000000	10.00000000	0.02577441	0.00000000
C29	c	0.15458604	0.09291618	0.24074194	2.00000000	10.00000000	0.01015343	0.00000000
C30	c	0.13778734	0.78872033	0.24838525	2.00000000	10.00000000	0.02762802	0.00000000

Q Vehicle fuel tank capacity /0.40000000/
C Vehicle load capacity /1.50000000/
r fuel consumption rate /0.25000000/
g inverse refueling rate /1.00000000/
v average Velocity /1.00000000/
