StringID	Type	x	y	demand	ReadyTime	DueDate	ServiceTime	altitude
D0	d	0.50000000	0.50000000	0.00000000	0.00000000	10.00000000	0.00000000	0.00000000
S0	f	0.47620086	0.97195415	0.00000000	0.00000000	10.00000000	0.00000000	0.00000000
S1	f	0.28391062	0.75617649	0.00000000	0.00000000	10.00000000	0.00000000	0.00000000
S2	f	0.64223722	0.54654696	0.00000000	0.00000000	10.00000000	0.00000000	0.00000000
S3	f	0.16659468	0.13167670	0.00000000	0.00000000	10.00000000	0.00000000	0.00000000
S4	f	0.45299376	0.10829095	0.00000000	0.00000000	10.00000000	0.00000000	0.00000000
S5	f	0.16706582	0.94124205	0.00000000	0.00000000	10.00000000	0.00000000	0.00000000
C1	c	0.83941633	0.27794749	0.06511444	0.00000000	8.00000000	0.02562019	0.00000000
C2	c	0.99643892	0.85171906	0.08537451	0.10000000	8.10000000	0.01928380	0.00000000
C3	c	0.06772952	0.14953562	0.18233342	0.20000000	8.20000000	0.01390587	0.00000000
C4	c	0.92134890	0.93605365	0.08809967	0.30000000	8.30000000	0.02213701	0.00000000
C5	c	0.15187661	0.05422307	0.07373157	0.40000000	8.40000000	0.02391479	0.00000000
C6	c	0.63752474	0.19194332	0.05603524	0.50000000	8.50000000	0.01489731	0.00000000
C7	c	0.40767721	0.16930853	0.13253304	0.60000000	8.60000000	0.01829895	0.00000000
C8	c	0.67992179	0.14998025	0.03565851	0.70000000	8.70000000	0.02929723	0.00000000
C9	c	0.01995935	0.03272649	0.17705305	0.80000000	8.80000000	0.02579316	0.00000000
C10	c	0.59870257	0.50469248	0.13333991	0.90000000	8.90000000	0.01988631	0.00000000
C11	c	0.16953689	0.75956575	0.29062606	1.00000000	9.00000000	0.01616539	0.00000000
C12	c	0.60459625	0.56097738	0.13375905	1.10000000	9.10000000	0.01575186	0.00000000
C13	c	0.97550967	0.25401234	0.06015923	1.20000000	9.20000000	0.01919796	0.00000000
C14	c	0.02818659	0.90438626	0.14590018	1.30000000	9.30000000	0.01688658	0.00000000
C15	c	0.61851256	0.70954429	0.25200495	1.40000000	9.40000000	0.02114202	0.00000000
C16	c	0.47620086	0.97195415	0.23693611	1.50000000	9.50000000	0.01477028	0.00000000
C17	c	0.54130627	0.36205269	0.05264432	1.60000000	9.60000000	0.02549302	0.00000000
C18	c	0.21763362	0.11863564	0.28063788	1.70000000	9.70000000	0.02481476	0.00000000
C19	c	0.87537013	0.32450264	0.24736173	1.80000000	9.80000000	0.01251390	0.00000000
C20	c	0.99414792	0.54353058	0.04308686	1.90000000	9.90000000	0.01806867	0.00000000
C21	c	0.32496314	0.88173141	0.09760271	2.00000000	10.00000000	0.02943125	0.00000000
C22	c	0.42995393	0.23654549	0.27565508	2.00000000	10.00000000	0.01942086	0.00000000
C23	c	0.35348219	0.31705157	0.24517016	2.00000000	10.00000000	0.01085633	0.00000000
C24	c	0.01847839	0.57196208	0.09565438	2.00000000	10.00000000	0.01668638	0.00000000
C25	c	0.97087600	0.04285389	0.24470212	2.00000000	10.00000000	0.01221825	0.00000000
C26	c	0.74694833	0.47529543	0.21472361	2.00000000	10.00000000	0.02954582	0.00000000
C27	c	0.86545563	0.91402559	0.19913372	2.00000000	10.00000000	0.02061844	0.00000000
C28	c	0.67500641	0.98572699	0.14576385	2.00000000	10.00000000	0.02766417	0.00000000
C29	c	0.96893051	0.10508543	0.03129582	2.00000000	10.00000000	0.01311242	0.00000000
C30	c	0.17721645	0.48303248	0.17790880	2.00000000	10.00000000	0.01144202	0.00000000

Q Vehicle fuel tank capacity /0.40000000/
C Vehicle load capacity /1.50000000/
r fuel consumption rate /0.25000000/
g inverse refueling rate /1.00000000/
v average Velocity /1.00000000/
