StringID	Type	x	y	demand	ReadyTime	DueDate	ServiceTime	altitude
D0	d	0.50000000	0.50000000	0.00000000	0.00000000	10.00000000	0.00000000	0.00000000
S0	f	0.02566575	0.02741159	0.00000000	0.00000000	10.00000000	0.00000000	0.00000000
S1	f	0.60834395	0.77336453	0.00000000	0.00000000	10.00000000	0.00000000	0.00000000
S2	f	0.89673462	0.00696909	0.00000000	0.00000000	10.00000000	0.00000000	0.00000000
S3	f	0.51255105	0.10605805	0.00000000	0.00000000	10.00000000	0.00000000	0.00000000
S4	f	0.33451085	0.49848823	0.00000000	0.00000000	10.00000000	0.00000000	0.00000000
S5	f	0.93722363	0.75263362	0.00000000	0.00000000	10.00000000	0.00000000	0.00000000
C1	c	0.13406847	0.44028275	0.20248279	0.00000000	8.00000000	0.02828749	0.00000000
C2	c	0.08972283	0.45909257	0.19494722	0.10000000	8.10000000	0.02023694	0.00000000
C3	c	0.25796616	0.55391765	0.17112978	0.20000000	8.20000000	0.01101799	0.00000000
C4	c	0.20618175	0.63908486	0.02478148	0.30000000	8.30000000	0.01768628	0.00000000
C5	c	0.28948737	0.50731719	0.14019379	0.40000000	8.40000000	0.01529109	0.00000000
C6	c	0.09495227	0.84523520	0.22758549	0.50000000	8.50000000	0.02640415	0.00000000
C7	c	0.18079403	0.93911144	0.21415103	0.60000000	8.60000000	0.01939246	0.00000000
C8	c	0.02529320	0.91355993	0.12483892	0.70000000	8.70000000	0.02030375	0.00000000
C9	c	0.05604450	0.95668973	0.18638791	0.80000000	8.80000000	0.01511681	0.00000000
C10	c	0.11914731	0.96060580	0.06855406	0.90000000	8.90000000	0.02448548	0.00000000
C11	c	0.13706895	0.93671109	0.03164100	1.00000000	9.00000000	0.02595224	0.00000000
C12	c	0.15518507	0.89067704	0.18820984	1.10000000	9.10000000	0.01640076	0.00000000
C13	c	0.14312545	0.90986806	0.14309160	1.20000000	9.20000000	0.01596285	0.00000000
C14	c	0.05626248	0.89673949	0.11474289	1.30000000	9.30000000	0.01451799	0.00000000
C15	c	0.13289191	1.00000000	0.18865855	1.40000000	9.40000000	0.01237634	0.00000000
C16	c	0.85274520	0.37462676	0.16484729	1.50000000	9.50000000	0.02274780	0.00000000
C17	c	0.53439890	0.92811245	0.21051497	1.60000000	9.60000000	0.02904284	0.00000000
C18	c	0.40274340	0.29927098	0.16420351	1.70000000	9.70000000	0.01892068	0.00000000
C19	c	0.96441594	0.78669935	0.09411958	1.80000000	9.80000000	0.01682683	0.00000000
C20	c	0.91437465	0.51184713	0.19711567	1.90000000	9.90000000	0.01676808	0.00000000
C21	c	0.05089955	0.38431418	0.19661540	2.00000000	10.00000000	0.01832451	0.00000000
C22	c	0.26455474	0.82020738	0.09489703	2.00000000	10.00000000	0.01777403	0.00000000
C23	c	0.25584034	0.72427401	0.11800278	2.00000000	10.00000000	0.02772214	0.00000000
C24	c	0.79761176	0.32003812	0.11406832	2.00000000	10.00000000	0.02872449	0.00000000
C25	c	0.29814260	0.22589949	0.12888811	2.00000000	10.00000000	0.01751512	0.00000000
C26	c	0.11881722	0.63739020	0.21264957	2.00000000	10.00000000	0.02115305	0.00000000
C27	c	0.95214177	0.44603419	0.10087877	2.00000000	10.00000000	0.01654969	0.00000000
C28	c	0.34134132	0.33840409	0.07886530	2.00000000	10.00000000	0.01591809	0.00000000
C29	c	0.41622529	0.38870146	0.22037304	2.00000000	10.00000000	0.01808568	0.00000000
C30	c	0.88610676	0.93622472	0.18256433	2.00000000	10.00000000	0.02920037	0.00000000

Q Vehicle fuel tank capacity /0.40000000/
C Vehicle load capacity /1.50000000/
r fuel consumption rate /0.25000000/
g inverse refueling rate /1.00000000/
v average Velocity /1.00000000/
