StringID	Type	x	y	demand	ReadyTime	DueDate	ServiceTime	altitude
D0	d	0.50000000	0.50000000	0.00000000	0.00000000	10.00000000	0.00000000	0.00000000
S0	f	0.40630960	0.57594740	0.00000000	0.00000000	10.00000000	0.00000000	0.00000000
S1	f	0.47376018	0.37294621	0.00000000	0.00000000	10.00000000	0.00000000	0.00000000
S2	f	0.54874224	0.16294647	0.00000000	0.00000000	10.00000000	0.00000000	0.00000000
S3	f	0.19843360	0.79520445	0.00000000	0.00000000	10.00000000	0.00000000	0.00000000
S4	f	0.88457987	0.99484328	0.00000000	0.00000000	10.00000000	0.00000000	0.00000000
S5	f	0.42808363	0.17783619	0.00000000	0.00000000	10.00000000	0.00000000	0.00000000
S6	f	0.42846725	0.72759735	0.00000000	0.00000000	10.00000000	0.00000000	0.00000000
S7	f	0.00333111	0.66270757	0.00000000	0.00000000	10.00000000	0.00000000	0.00000000
S8	f	0.91520452	0.40145995	0.00000000	0.00000000	10.00000000	0.00000000	0.00000000
S9	f	0.32309527	0.83352779	0.00000000	0.00000000	10.00000000	0.00000000	0.00000000
C1	c	0.91157612	0.82633250	0.10278380	0.00000000	8.00000000	0.01021727	0.00000000
C2	c	0.33941824	0.75192827	0.05708343	0.06000000	8.06000000	0.01791168	0.00000000
C3	c	0.40528013	0.40863910	0.15560418	0.12000000	8.12000000	0.01937844	0.00000000
C4	c	0.36289963	0.97533767	0.07575838	0.18000000	8.18000000	0.01302034	0.00000000
C5	c	0.28770165	0.59508066	0.03356902	0.24000000	8.24000000	0.02681435	0.00000000
C6	c	0.78151078	0.91616983	0.06236015	0.30000000	8.30000000	0.01639917	0.00000000
C7	c	0.94032887	0.75484596	0.01406824	0.36000000	8.36000000	0.02178239	0.00000000
C8	c	0.65134162	0.52608386	0.01620587	0.42000000	8.42000000	0.01762792	0.00000000
C9	c	0.95370188	0.45623647	0.02568455	0.48000000	8.48000000	0.02844850	0.00000000
C10	c	0.81075385	0.65331959	0.13575092	0.54000000	8.54000000	0.02416594	0.00000000
C11	c	0.40860626	0.24621535	0.04352616	0.60000000	8.60000000	0.01989473	0.00000000
C12	c	0.42780349	0.34655190	0.12432163	0.66000000	8.66000000	0.02440641	0.00000000
C13	c	0.86844670	0.22020144	0.02033137	0.72000000	8.72000000	0.02774472	0.00000000
C14	c	0.91902010	0.11566582	0.11550875	0.78000000	8.78000000	0.01457558	0.00000000
C15	c	0.44397586	0.62127721	0.06128046	0.84000000	8.84000000	0.01837997	0.00000000
C16	c	0.28536800	0.53524085	0.14760186	0.90000000	8.90000000	0.01989245	0.00000000
C17	c	0.12076107	0.05952340	0.07653621	0.96000000	8.96000000	0.01046573	0.00000000
C18	c	0.38705297	0.19616074	0.08799927	1.02000000	9.02000000	0.01191434	0.00000000
C19	c	0.35833623	0.88393059	0.04809636	1.08000000	9.08000000	0.01926590	0.00000000
C20	c	0.40630960	0.57594740	0.13722097	1.14000000	9.14000000	0.02995919	0.00000000
C21	c	0.54991026	0.55531114	0.13922032	1.20000000	9.20000000	0.01172465	0.00000000
C22	c	0.51484433	0.21030142	0.10726302	1.26000000	9.26000000	0.02277427	0.00000000
C23	c	0.21771450	0.41377251	0.06599450	1.32000000	9.32000000	0.02580289	0.00000000
C24	c	0.69892552	0.04842143	0.06663198	1.38000000	9.38000000	0.01685073	0.00000000
C25	c	0.72809334	0.70580796	0.13598014	1.44000000	9.44000000	0.01738910	0.00000000
C26	c	0.33239695	0.54881796	0.10590877	1.50000000	9.50000000	0.01815046	0.00000000
C27	c	0.42164010	0.06912126	0.08491158	1.56000000	9.56000000	0.02982728	0.00000000
C28	c	0.83570861	0.78605666	0.11668651	1.62000000	9.62000000	0.02781440	0.00000000
C29	c	0.90181804	0.02517621	0.13180857	1.68000000	9.68000000	0.02484332	0.00000000
C30	c	0.04135215	0.47859495	0.15627560	1.74000000	9.74000000	0.02929933	0.00000000
C31	c	0.77133907	0.20067123	0.13598846	1.80000000	9.80000000	0.01298415	0.00000000
C32	c	0.84550471	0.45983001	0.12145870	1.86000000	9.86000000	0.02314561	0.00000000
C33	c	0.18821333	0.35335615	0.04833744	1.92000000	9.92000000	0.02467349	0.00000000
C34	c	0.26425278	0.37134482	0.01730752	1.98000000	9.98000000	0.02126547	0.00000000
C35	c	0.99506392	0.18348174	0.15709534	2.00000000	10.00000000	0.01978108	0.00000000
C36	c	0.65803252	0.00467551	0.04054135	2.00000000	10.00000000	0.02385267	0.00000000
C37	c	0.93937876	0.69157451	0.10512642	2.00000000	10.00000000	0.01695969	0.00000000
C38	c	0.47376018	0.37294621	0.13515394	2.00000000	10.00000000	0.01605166	0.00000000
C39	c	0.02911367	0.58223683	0.05361387	2.00000000	10.00000000	0.01411946	0.00000000
C40	c	0.58281094	0.86264765	0.10656855	2.00000000	10.00000000	0.02114417	0.00000000
C41	c	0.94874493	0.04859746	0.07352125	2.00000000	10.00000000	0.01058245	0.00000000
C42	c	0.67620801	0.30987956	0.10137724	2.00000000	10.00000000	0.02251407	0.00000000
C43	c	0.42483611	0.49476109	0.11514622	2.00000000	10.00000000	0.01234925	0.00000000
C44	c	0.58664856	0.34838070	0.01526934	2.00000000	10.00000000	0.01301016	0.00000000
C45	c	0.46939569	0.84582428	0.08148395	2.00000000	10.00000000	0.02592956	0.00000000
C46	c	0.82250121	0.74364503	0.14472287	2.00000000	10.00000000	0.01507641	0.00000000
C47	c	0.04035421	0.08246766	0.09779018	2.00000000	10.00000000	0.01352216	0.00000000
C48	c	0.29130842	0.67052112	0.14103240	2.00000000	10.00000000	0.01633719	0.00000000
C49	c	0.86837125	0.12563690	0.03429763	2.00000000	10.00000000	0.01749104	0.00000000
C50	c	0.61101380	0.56101944	0.12219479	2.00000000	10.00000000	0.01481096	0.00000000

Q Vehicle fuel tank capacity /0.40000000/
C Vehicle load capacity /1.50000000/
r fuel consumption rate /0.25000000/
g inverse refueling rate /1.00000000/
v average Velocity /1.00000000/
