StringID	Type	x	y	demand	ReadyTime	DueDate	ServiceTime	altitude
D0	d	0.50000000	0.50000000	0.00000000	0.00000000	10.00000000	0.00000000	0.00000000
S0	f	0.93078666	0.34712276	0.00000000	0.00000000	10.00000000	0.00000000	0.00000000
S1	f	0.62611622	0.99259267	0.00000000	0.00000000	10.00000000	0.00000000	0.00000000
S2	f	0.29131732	0.51873780	0.00000000	0.00000000	10.00000000	0.00000000	0.00000000
S3	f	0.83998543	0.43311298	0.00000000	0.00000000	10.00000000	0.00000000	0.00000000
S4	f	0.24430526	0.10266552	0.00000000	0.00000000	10.00000000	0.00000000	0.00000000
S5	f	0.22999204	0.88154964	0.00000000	0.00000000	10.00000000	0.00000000	0.00000000
S6	f	0.69671122	0.71492941	0.00000000	0.00000000	10.00000000	0.00000000	0.00000000
S7	f	0.28458022	0.89225318	0.00000000	0.00000000	10.00000000	0.00000000	0.00000000
S8	f	0.25161923	0.44020285	0.00000000	0.00000000	10.00000000	0.00000000	0.00000000
S9	f	0.35534777	0.95470604	0.00000000	0.00000000	10.00000000	0.00000000	0.00000000
C1	c	0.29170857	0.62254200	0.04382475	0.00000000	8.00000000	0.01507993	0.00000000
C2	c	0.41140058	0.48366419	0.13262043	0.06000000	8.06000000	0.01653362	0.00000000
C3	c	0.95691650	0.88939707	0.03747762	0.12000000	8.12000000	0.01215936	0.00000000
C4	c	0.69188109	0.29249964	0.01516637	0.18000000	8.18000000	0.01517541	0.00000000
C5	c	0.60816366	0.03632430	0.03082723	0.24000000	8.24000000	0.02135046	0.00000000
C6	c	0.68713021	0.48851901	0.14389559	0.30000000	8.30000000	0.01669040	0.00000000
C7	c	0.78922808	0.86754332	0.13265884	0.36000000	8.36000000	0.02482331	0.00000000
C8	c	0.13518210	0.70357336	0.01470841	0.42000000	8.42000000	0.02940729	0.00000000
C9	c	0.12605450	0.56969233	0.04869997	0.48000000	8.48000000	0.01710320	0.00000000
C10	c	0.54931560	0.59243720	0.11823779	0.54000000	8.54000000	0.02594698	0.00000000
C11	c	0.11591929	0.11575810	0.14994329	0.60000000	8.60000000	0.02057211	0.00000000
C12	c	0.52751410	0.19966156	0.07553000	0.66000000	8.66000000	0.01640819	0.00000000
C13	c	0.42391707	0.15789701	0.05397965	0.72000000	8.72000000	0.02435250	0.00000000
C14	c	0.47190192	0.31912978	0.12450752	0.78000000	8.78000000	0.02101662	0.00000000
C15	c	0.01590300	0.99663516	0.14190002	0.84000000	8.84000000	0.01046247	0.00000000
C16	c	0.94513877	0.60052996	0.05414566	0.90000000	8.90000000	0.01296960	0.00000000
C17	c	0.57082986	0.40682939	0.13905291	0.96000000	8.96000000	0.02309883	0.00000000
C18	c	0.06469858	0.73619026	0.06992903	1.02000000	9.02000000	0.01480772	0.00000000
C19	c	0.85850338	0.35586570	0.12267797	1.08000000	9.08000000	0.01261789	0.00000000
C20	c	0.93078666	0.34712276	0.12242779	1.14000000	9.14000000	0.02050991	0.00000000
C21	c	0.51614397	0.03349699	0.07693921	1.20000000	9.20000000	0.01093399	0.00000000
C22	c	0.56781724	0.20938083	0.03458555	1.26000000	9.26000000	0.02014528	0.00000000
C23	c	0.68435976	0.56106262	0.02360940	1.32000000	9.32000000	0.02976670	0.00000000
C24	c	0.01433360	0.37715125	0.06838189	1.38000000	9.38000000	0.01689522	0.00000000
C25	c	0.99984456	0.79770859	0.05010710	1.44000000	9.44000000	0.02468778	0.00000000
C26	c	0.89652974	0.59598865	0.04023932	1.50000000	9.50000000	0.01969559	0.00000000
C27	c	0.31677895	0.73059199	0.06982888	1.56000000	9.56000000	0.01240492	0.00000000
C28	c	0.95613275	0.70951134	0.04515588	1.62000000	9.62000000	0.01679274	0.00000000
C29	c	0.66683279	0.23319726	0.12663763	1.68000000	9.68000000	0.02992125	0.00000000
C30	c	0.40048418	0.59170874	0.15340226	1.74000000	9.74000000	0.01055651	0.00000000
C31	c	0.47292634	0.80639772	0.14473266	1.80000000	9.80000000	0.01492521	0.00000000
C32	c	0.50082940	0.37183346	0.08207894	1.86000000	9.86000000	0.01476920	0.00000000
C33	c	0.32377980	0.29644157	0.08279959	1.92000000	9.92000000	0.01208687	0.00000000
C34	c	0.16129732	0.99474550	0.12812460	1.98000000	9.98000000	0.01312154	0.00000000
C35	c	0.18463446	0.70737749	0.13952310	2.00000000	10.00000000	0.01597978	0.00000000
C36	c	0.77332566	0.78910381	0.07944777	2.00000000	10.00000000	0.01299334	0.00000000
C37	c	0.81198067	0.77222423	0.11909714	2.00000000	10.00000000	0.01983969	0.00000000
C38	c	0.63643730	0.83676300	0.11236653	2.00000000	10.00000000	0.01795845	0.00000000
C39	c	0.62611622	0.99259267	0.09075050	2.00000000	10.00000000	0.01938525	0.00000000
C40	c	0.24418864	0.15668401	0.14547604	2.00000000	10.00000000	0.01573276	0.00000000
C41	c	0.85796510	0.48350645	0.09110472	2.00000000	10.00000000	0.02009467	0.00000000
C42	c	0.72562812	0.83642224	0.02941033	2.00000000	10.00000000	0.01292079	0.00000000
C43	c	0.21622052	0.52046460	0.09174742	2.00000000	10.00000000	0.01944596	0.00000000
C44	c	0.11431575	0.41312388	0.14911576	2.00000000	10.00000000	0.01182184	0.00000000
C45	c	0.95216165	0.42397108	0.06593065	2.00000000	10.00000000	0.01780812	0.00000000
C46	c	0.70600203	0.16816953	0.05402189	2.00000000	10.00000000	0.02922687	0.00000000
C47	c	0.91811566	0.90620503	0.13956540	2.00000000	10.00000000	0.01463918	0.00000000
C48	c	0.32966477	0.87349504	0.12055618	2.00000000	10.00000000	0.01152790	0.00000000
C49	c	0.50095802	0.59624221	0.11250382	2.00000000	10.00000000	0.01767037	0.00000000
C50	c	0.78787942	0.70874585	0.06054901	2.00000000	10.00000000	0.02107466	0.00000000

Q Vehicle fuel tank capacity /0.40000000/
C Vehicle load capacity /1.50000000/
r fuel consumption rate /0.25000000/
g inverse refueling rate /1.00000000/
v average Velocity /1.00000000/
