StringID	Type	x	y	demand	ReadyTime	DueDate	ServiceTime	altitude
D0	d	0.50000000	0.50000000	0.00000000	0.00000000	10.00000000	0.00000000	0.00000000
S0	f	0.72049171	0.53630663	0.00000000	0.00000000	10.00000000	0.00000000	0.00000000
S1	f	0.20995977	0.99816097	0.00000000	0.00000000	10.00000000	0.00000000	0.00000000
S2	f	0.77400067	0.89631789	0.00000000	0.00000000	10.00000000	0.00000000	0.00000000
S3	f	0.93406593	0.40573422	0.00000000	0.00000000	10.00000000	0.00000000	0.00000000
S4	f	0.55519411	0.66358160	0.00000000	0.00000000	10.00000000	0.00000000	0.00000000
S5	f	0.00904327	0.13982852	0.00000000	0.00000000	10.00000000	0.00000000	0.00000000
C1	c	0.81497636	0.39469084	0.11920135	0.00000000	8.00000000	0.01980447	0.00000000
C2	c	0.44355741	0.98931427	0.11664160	0.10000000	8.10000000	0.02553148	0.00000000
C3	c	0.93845699	0.45677955	0.18651976	0.20000000	8.20000000	0.01627394	0.00000000
C4	c	0.63423506	0.30106349	0.04663217	0.30000000	8.30000000	0.01604778	0.00000000
C5	c	0.99560963	0.31872254	0.10305203	0.40000000	8.40000000	0.01750016	0.00000000
C6	c	0.33354862	0.30656350	0.12706025	0.50000000	8.50000000	0.02740831	0.00000000
C7	c	0.60183668	0.95350249	0.24230285	0.60000000	8.60000000	0.01257678	0.00000000
C8	c	0.00101843	0.51516949	0.26673914	0.70000000	8.70000000	0.01935559	0.00000000
C9	c	0.81646980	0.97302594	0.10408374	0.80000000	8.80000000	0.02428887	0.00000000
C10	c	0.79433163	0.71605217	0.14645770	0.90000000	8.90000000	0.01605391	0.00000000
C11	c	0.91023266	0.00965823	0.11955825	1.00000000	9.00000000	0.01706999	0.00000000
C12	c	0.01494850	0.23891793	0.07997801	1.10000000	9.10000000	0.02838591	0.00000000
C13	c	0.29035924	0.76091081	0.09189244	1.20000000	9.20000000	0.01631646	0.00000000
C14	c	0.99491182	0.45105013	0.20362464	1.30000000	9.30000000	0.01193600	0.00000000
C15	c	0.92024370	0.16757282	0.15409817	1.40000000	9.40000000	0.02025638	0.00000000
C16	c	0.69881678	0.67953664	0.16885918	1.50000000	9.50000000	0.02759137	0.00000000
C17	c	0.19119397	0.28312963	0.17355449	1.60000000	9.60000000	0.01100780	0.00000000
C18	c	0.42948347	0.58311097	0.25766919	1.70000000	9.70000000	0.01353520	0.00000000
C19	c	0.72049171	0.53630663	0.02795987	1.80000000	9.80000000	0.02877082	0.00000000
C20	c	0.05930084	0.87614847	0.13328904	1.90000000	9.90000000	0.02062256	0.00000000
C21	c	0.88936320	0.56301171	0.20203285	2.00000000	10.00000000	0.02045668	0.00000000
C22	c	0.69043129	0.46973661	0.17416838	2.00000000	10.00000000	0.01203356	0.00000000
C23	c	0.21164706	0.18689367	0.09806981	2.00000000	10.00000000	0.01621201	0.00000000
C24	c	0.39927560	0.65789492	0.24892274	2.00000000	10.00000000	0.01405004	0.00000000
C25	c	0.93462721	0.81464196	0.20276206	2.00000000	10.00000000	0.01633098	0.00000000
C26	c	0.70088298	0.22150738	0.07560916	2.00000000	10.00000000	0.01322705	0.00000000
C27	c	0.26454405	0.79266746	0.02170545	2.00000000	10.00000000	0.01869784	0.00000000
C28	c	0.11131498	0.68612055	0.23923006	2.00000000	10.00000000	0.02992434	0.00000000
C29	c	0.37953268	0.86636271	0.26193880	2.00000000	10.00000000	0.01746828	0.00000000
C30	c	0.33683916	0.01051000	0.10638683	2.00000000	10.00000000	0.02160751	0.00000000

Q Vehicle fuel tank capacity /0.40000000/
C Vehicle load capacity /1.50000000/
r fuel consumption rate /0.25000000/
g inverse refueling rate /1.00000000/
v average Velocity /1.00000000/
