StringID	Type	x	y	demand	ReadyTime	DueDate	ServiceTime	altitude
D0	d	0.50000000	0.50000000	0.00000000	0.00000000	10.00000000	0.00000000	0.00000000
S0	f	0.20718017	0.24470415	0.00000000	0.00000000	10.00000000	0.00000000	0.00000000
S1	f	0.03781846	0.34263420	0.00000000	0.00000000	10.00000000	0.00000000	0.00000000
S2	f	0.66196864	0.36812315	0.00000000	0.00000000	10.00000000	0.00000000	0.00000000
S3	f	0.77504645	0.49890226	0.00000000	0.00000000	10.00000000	0.00000000	0.00000000
S4	f	0.42291715	0.57977448	0.00000000	0.00000000	10.00000000	0.00000000	0.00000000
S5	f	0.73118475	0.37305596	0.00000000	0.00000000	10.00000000	0.00000000	0.00000000
C1	c	0.87372503	0.07322664	0.23675257	0.00000000	8.00000000	0.02372970	0.00000000
C2	c	0.97826620	0.10765324	0.12015465	0.10000000	8.10000000	0.01414342	0.00000000
C3	c	0.55435898	0.01516847	0.20939926	0.20000000	8.20000000	0.02577944	0.00000000
C4	c	0.18529159	0.85699949	0.17629722	0.30000000	8.30000000	0.01534607	0.00000000
C5	c	0.83949601	0.67087413	0.02079033	0.40000000	8.40000000	0.01296025	0.00000000
C6	c	0.85808997	0.26777497	0.27659245	0.50000000	8.50000000	0.01875191	0.00000000
C7	c	0.69835755	0.58656975	0.03892178	0.60000000	8.60000000	0.02234784	0.00000000
C8	c	0.58625622	0.16067819	0.25387755	0.70000000	8.70000000	0.01093188	0.00000000
C9	c	0.48870747	0.54059803	0.04509758	0.80000000	8.80000000	0.02209531	0.00000000
C10	c	0.28986439	0.10666086	0.22632130	0.90000000	8.90000000	0.02706245	0.00000000
C11	c	0.26322477	0.62489963	0.14073939	1.00000000	9.00000000	0.01288638	0.00000000
C12	c	0.71261497	0.53626722	0.11260581	1.10000000	9.10000000	0.01289032	0.00000000
C13	c	0.13541125	0.98515407	0.18604791	1.20000000	9.20000000	0.02452369	0.00000000
C14	c	0.61148276	0.55597587	0.28264521	1.30000000	9.30000000	0.01324826	0.00000000
C15	c	0.41317687	0.65184407	0.16385120	1.40000000	9.40000000	0.02617697	0.00000000
C16	c	0.14996843	0.17826917	0.22113482	1.50000000	9.50000000	0.02641157	0.00000000
C17	c	0.88040588	0.89612161	0.02522735	1.60000000	9.60000000	0.02176046	0.00000000
C18	c	0.92778749	0.00042538	0.16925756	1.70000000	9.70000000	0.02099880	0.00000000
C19	c	0.36797106	0.32267879	0.02524438	1.80000000	9.80000000	0.02554769	0.00000000
C20	c	0.20718017	0.24470415	0.15966959	1.90000000	9.90000000	0.02336242	0.00000000
C21	c	0.78669574	0.99526380	0.10576492	2.00000000	10.00000000	0.01393978	0.00000000
C22	c	0.52288306	0.34148027	0.15672113	2.00000000	10.00000000	0.02951753	0.00000000
C23	c	0.71572101	0.99992537	0.13377624	2.00000000	10.00000000	0.01715762	0.00000000
C24	c	0.34024217	0.10301853	0.10968858	2.00000000	10.00000000	0.02940132	0.00000000
C25	c	0.58223504	0.67761646	0.05613487	2.00000000	10.00000000	0.02872217	0.00000000
C26	c	0.35114048	0.24529593	0.29141084	2.00000000	10.00000000	0.02538515	0.00000000
C27	c	0.64782678	0.76489854	0.02217393	2.00000000	10.00000000	0.02528411	0.00000000
C28	c	0.59214287	0.81490922	0.16588408	2.00000000	10.00000000	0.01666538	0.00000000
C29	c	0.32858667	0.87493286	0.08393319	2.00000000	10.00000000	0.02776790	0.00000000
C30	c	0.04537194	0.77854267	0.28388429	2.00000000	10.00000000	0.02958811	0.00000000

Q Vehicle fuel tank capacity /0.40000000/
C Vehicle load capacity /1.50000000/
r fuel consumption rate /0.25000000/
g inverse refueling rate /1.00000000/
v average Velocity /1.00000000/
