StringID	Type	x	y	demand	ReadyTime	DueDate	ServiceTime	altitude
D0	d	0.50000000	0.50000000	0.00000000	0.00000000	10.00000000	0.00000000	0.00000000
S0	f	0.33061792	0.94061172	0.00000000	0.00000000	10.00000000	0.00000000	0.00000000
S1	f	0.90152160	0.08152119	0.00000000	0.00000000	10.00000000	0.00000000	0.00000000
S2	f	0.69907100	0.25270213	0.00000000	0.00000000	10.00000000	0.00000000	0.00000000
S3	f	0.01080407	0.58430467	0.00000000	0.00000000	10.00000000	0.00000000	0.00000000
S4	f	0.37551042	0.66946243	0.00000000	0.00000000	10.00000000	0.00000000	0.00000000
S5	f	0.80840823	0.99984775	0.00000000	0.00000000	10.00000000	0.00000000	0.00000000
C1	c	0.59674957	0.50312047	0.08120297	0.00000000	8.00000000	0.01950628	0.00000000
C2	c	0.53955581	0.59970508	0.03331587	0.10000000	8.10000000	0.01968523	0.00000000
C3	c	0.54399970	0.52357581	0.05524531	0.20000000	8.20000000	0.01951981	0.00000000
C4	c	0.59757389	0.52441791	0.02041883	0.30000000	8.30000000	0.02699336	0.00000000
C5	c	0.61183539	0.50569652	0.23253815	0.40000000	8.40000000	0.01992569	0.00000000
C6	c	0.51893906	0.51546498	0.18378924	0.50000000	8.50000000	0.01980976	0.00000000
C7	c	0.53255048	0.51645961	0.03221713	0.60000000	8.60000000	0.01305832	0.00000000
C8	c	0.29807629	0.88494332	0.27586394	0.70000000	8.70000000	0.01933361	0.00000000
C9	c	0.34395536	1.00000000	0.20441784	0.80000000	8.80000000	0.02313586	0.00000000
C10	c	0.56323716	0.79998276	0.06113792	0.90000000	8.90000000	0.01532967	0.00000000
C11	c	0.60538625	0.78674495	0.10824130	1.00000000	9.00000000	0.02972820	0.00000000
C12	c	0.58243480	0.87512783	0.28729467	1.10000000	9.10000000	0.01226953	0.00000000
C13	c	0.45404513	0.75090578	0.04060682	1.20000000	9.20000000	0.02097438	0.00000000
C14	c	0.62961866	0.72846570	0.19168551	1.30000000	9.30000000	0.02459717	0.00000000
C15	c	0.64877020	0.72688240	0.20875244	1.40000000	9.40000000	0.01450606	0.00000000
C16	c	0.71907043	0.75484626	0.19929860	1.50000000	9.50000000	0.01455650	0.00000000
C17	c	0.30293702	0.16126068	0.28304402	1.60000000	9.60000000	0.01744358	0.00000000
C18	c	0.47599040	0.84966824	0.03182181	1.70000000	9.70000000	0.02444041	0.00000000
C19	c	0.15291604	0.46668025	0.13173437	1.80000000	9.80000000	0.02577051	0.00000000
C20	c	0.65679280	0.26648334	0.04193394	1.90000000	9.90000000	0.02697585	0.00000000
C21	c	0.98641014	0.11347655	0.26246135	2.00000000	10.00000000	0.01821259	0.00000000
C22	c	0.54871893	0.72985837	0.24768626	2.00000000	10.00000000	0.01008493	0.00000000
C23	c	0.22530285	0.22782519	0.14626846	2.00000000	10.00000000	0.02506406	0.00000000
C24	c	0.37217875	0.72202030	0.15730823	2.00000000	10.00000000	0.01747894	0.00000000
C25	c	0.78852550	0.84879256	0.15770101	2.00000000	10.00000000	0.02623364	0.00000000
C26	c	0.41062967	0.00424642	0.19405341	2.00000000	10.00000000	0.02811566	0.00000000
C27	c	0.75320282	0.37394690	0.22393057	2.00000000	10.00000000	0.01588065	0.00000000
C28	c	0.81168183	0.90578291	0.23406506	2.00000000	10.00000000	0.01596841	0.00000000
C29	c	0.29403245	0.29842063	0.10604934	2.00000000	10.00000000	0.01831216	0.00000000
C30	c	0.41560786	0.93060565	0.06591563	2.00000000	10.00000000	0.02861211	0.00000000

Q Vehicle fuel tank capacity /0.40000000/
C Vehicle load capacity /1.50000000/
r fuel consumption rate /0.25000000/
g inverse refueling rate /1.00000000/
v average Velocity /1.00000000/
