StringID	Type	x	y	demand	ReadyTime	DueDate	ServiceTime	altitude
D0	d	0.50000000	0.50000000	0.00000000	0.00000000	10.00000000	0.00000000	0.00000000
S0	f	0.77940734	0.37600335	0.00000000	0.00000000	10.00000000	0.00000000	0.00000000
S1	f	0.18026367	0.96408632	0.00000000	0.00000000	10.00000000	0.00000000	0.00000000
S2	f	0.91460584	0.49783383	0.00000000	0.00000000	10.00000000	0.00000000	0.00000000
S3	f	0.59956588	0.65443856	0.00000000	0.00000000	10.00000000	0.00000000	0.00000000
S4	f	0.33753106	0.80806231	0.00000000	0.00000000	10.00000000	0.00000000	0.00000000
S5	f	0.57422252	0.78666647	0.00000000	0.00000000	10.00000000	0.00000000	0.00000000
S6	f	0.43853072	0.30646325	0.00000000	0.00000000	10.00000000	0.00000000	0.00000000
S7	f	0.41333933	0.62706977	0.00000000	0.00000000	10.00000000	0.00000000	0.00000000
S8	f	0.65886320	0.23965695	0.00000000	0.00000000	10.00000000	0.00000000	0.00000000
S9	f	0.63716453	0.46280680	0.00000000	0.00000000	10.00000000	0.00000000	0.00000000
C1	c	0.44372524	0.90737373	0.16882974	0.00000000	8.00000000	0.01378830	0.00000000
C2	c	0.48101832	0.97356266	0.02703583	0.06000000	8.06000000	0.01827558	0.00000000
C3	c	0.41847690	0.92184930	0.18782926	0.12000000	8.12000000	0.02846489	0.00000000
C4	c	0.48681136	0.95630962	0.03885667	0.18000000	8.18000000	0.02406541	0.00000000
C5	c	0.47481790	0.98061047	0.12887277	0.24000000	8.24000000	0.02067596	0.00000000
C6	c	0.42768831	0.94976454	0.19262814	0.30000000	8.30000000	0.02470017	0.00000000
C7	c	0.38649879	0.45771912	0.15811366	0.36000000	8.36000000	0.01759733	0.00000000
C8	c	0.32779130	0.47272153	0.01562776	0.42000000	8.42000000	0.02935030	0.00000000
C9	c	0.31268748	0.51481198	0.07234888	0.48000000	8.48000000	0.01164097	0.00000000
C10	c	0.28972343	0.50242366	0.06412003	0.54000000	8.54000000	0.01303204	0.00000000
C11	c	0.38043101	0.39402916	0.06818563	0.60000000	8.60000000	0.02077429	0.00000000
C12	c	0.36144098	0.49695686	0.13784882	0.66000000	8.66000000	0.02935848	0.00000000
C13	c	0.38849486	0.42326974	0.06663460	0.72000000	8.72000000	0.02730146	0.00000000
C14	c	0.97597264	0.06913500	0.06863388	0.78000000	8.78000000	0.01247479	0.00000000
C15	c	1.00000000	0.09335255	0.08632795	0.84000000	8.84000000	0.02208090	0.00000000
C16	c	0.96863144	0.22989213	0.03107124	0.90000000	8.90000000	0.02964516	0.00000000
C17	c	0.96405682	0.12705497	0.08299691	0.96000000	8.96000000	0.02820132	0.00000000
C18	c	0.93076269	0.03922198	0.10649530	1.02000000	9.02000000	0.02387893	0.00000000
C19	c	1.00000000	0.08472615	0.07329032	1.08000000	9.08000000	0.02592957	0.00000000
C20	c	0.98496828	0.08916324	0.07026321	1.14000000	9.14000000	0.02211531	0.00000000
C21	c	0.90286173	0.10765154	0.01882380	1.20000000	9.20000000	0.02111801	0.00000000
C22	c	0.96768944	0.14199380	0.01922995	1.26000000	9.26000000	0.01500008	0.00000000
C23	c	0.06726908	0.94432156	0.01572124	1.32000000	9.32000000	0.01500285	0.00000000
C24	c	0.05595127	0.92720574	0.17056451	1.38000000	9.38000000	0.01088191	0.00000000
C25	c	0.11120114	0.94456882	0.03823394	1.44000000	9.44000000	0.02331644	0.00000000
C26	c	0.64711032	0.89026479	0.13066383	1.50000000	9.50000000	0.01348054	0.00000000
C27	c	0.58520043	0.21297465	0.17488064	1.56000000	9.56000000	0.02581629	0.00000000
C28	c	0.17041981	0.16871150	0.11940573	1.62000000	9.62000000	0.01534460	0.00000000
C29	c	0.53824431	0.96584757	0.05171775	1.68000000	9.68000000	0.02853765	0.00000000
C30	c	0.40555949	0.79975696	0.04397930	1.74000000	9.74000000	0.01107093	0.00000000
C31	c	0.91478331	0.31074955	0.04366865	1.80000000	9.80000000	0.01563138	0.00000000
C32	c	0.52893641	0.24469922	0.11086692	1.86000000	9.86000000	0.01509365	0.00000000
C33	c	0.01688729	0.54493482	0.18862511	1.92000000	9.92000000	0.01952401	0.00000000
C34	c	0.20934009	0.03583102	0.08673864	1.98000000	9.98000000	0.01672511	0.00000000
C35	c	0.68277544	0.54135604	0.15842210	2.00000000	10.00000000	0.01761499	0.00000000
C36	c	0.27684114	0.15299442	0.17933925	2.00000000	10.00000000	0.01310099	0.00000000
C37	c	0.25822864	0.46770678	0.06949778	2.00000000	10.00000000	0.02207313	0.00000000
C38	c	0.79486610	0.18941498	0.10917431	2.00000000	10.00000000	0.01240668	0.00000000
C39	c	0.73500844	0.37986632	0.05748675	2.00000000	10.00000000	0.01277992	0.00000000
C40	c	0.15160176	0.53871428	0.01605994	2.00000000	10.00000000	0.02272006	0.00000000
C41	c	0.96792381	0.86507292	0.11208357	2.00000000	10.00000000	0.01594184	0.00000000
C42	c	0.12373952	0.60404509	0.05105682	2.00000000	10.00000000	0.02495924	0.00000000
C43	c	0.98225792	0.91006578	0.01950479	2.00000000	10.00000000	0.01560194	0.00000000
C44	c	0.69394644	0.79647873	0.13714941	2.00000000	10.00000000	0.02419177	0.00000000
C45	c	0.60576530	0.55590050	0.11143278	2.00000000	10.00000000	0.01691591	0.00000000
C46	c	0.25000397	0.25014238	0.06333165	2.00000000	10.00000000	0.01995887	0.00000000
C47	c	0.04409572	0.66582216	0.04081055	2.00000000	10.00000000	0.01706751	0.00000000
C48	c	0.17402707	0.79081451	0.05994703	2.00000000	10.00000000	0.01246118	0.00000000
C49	c	0.26723024	0.92688271	0.09803992	2.00000000	10.00000000	0.01923527	0.00000000
C50	c	0.05354663	0.28156918	0.15753272	2.00000000	10.00000000	0.02831671	0.00000000

Q Vehicle fuel tank capacity /0.40000000/
C Vehicle load capacity /1.50000000/
r fuel consumption rate /0.25000000/
g inverse refueling rate /1.00000000/
v average Velocity /1.00000000/
