StringID	Type	x	y	demand	ReadyTime	DueDate	ServiceTime	altitude
D0	d	0.50000000	0.50000000	0.00000000	0.00000000	10.00000000	0.00000000	0.00000000
S0	f	0.35495460	0.85974562	0.00000000	0.00000000	10.00000000	0.00000000	0.00000000
S1	f	0.84122463	0.01432901	0.00000000	0.00000000	10.00000000	0.00000000	0.00000000
S2	f	0.21669561	0.87262371	0.00000000	0.00000000	10.00000000	0.00000000	0.00000000
S3	f	0.95188669	0.87451124	0.00000000	0.00000000	10.00000000	0.00000000	0.00000000
S4	f	0.82641671	0.16925523	0.00000000	0.00000000	10.00000000	0.00000000	0.00000000
S5	f	0.51823000	0.87198829	0.00000000	0.00000000	10.00000000	0.00000000	0.00000000
C1	c	0.55147873	0.67208535	0.04285920	0.00000000	8.00000000	0.01424311	0.00000000
C2	c	0.72409678	0.03233679	0.24581476	0.10000000	8.10000000	0.02671284	0.00000000
C3	c	0.69388808	0.49882191	0.20826953	0.20000000	8.20000000	0.01796012	0.00000000
C4	c	0.35405545	0.42093455	0.02934238	0.30000000	8.30000000	0.02633001	0.00000000
C5	c	0.82252958	0.92357652	0.20418533	0.40000000	8.40000000	0.01490498	0.00000000
C6	c	0.37695226	0.05158157	0.15063059	0.50000000	8.50000000	0.01542336	0.00000000
C7	c	0.17656009	0.10051379	0.08929866	0.60000000	8.60000000	0.01383498	0.00000000
C8	c	0.48388912	0.44851655	0.23796303	0.70000000	8.70000000	0.02974296	0.00000000
C9	c	0.83253383	0.62293895	0.11083268	0.80000000	8.80000000	0.01857436	0.00000000
C10	c	0.59769775	0.37486754	0.21036463	0.90000000	8.90000000	0.01779029	0.00000000
C11	c	0.40002407	0.45181488	0.14533703	1.00000000	9.00000000	0.01196211	0.00000000
C12	c	0.66801347	0.55226465	0.19394509	1.10000000	9.10000000	0.01991875	0.00000000
C13	c	0.53907237	0.41553474	0.22025375	1.20000000	9.20000000	0.02371688	0.00000000
C14	c	0.03019728	0.17796995	0.20673654	1.30000000	9.30000000	0.01829116	0.00000000
C15	c	0.04829820	0.44859469	0.16872927	1.40000000	9.40000000	0.01320038	0.00000000
C16	c	0.06259315	0.50873117	0.09666662	1.50000000	9.50000000	0.02576143	0.00000000
C17	c	0.61553155	0.84413972	0.02660845	1.60000000	9.60000000	0.01625088	0.00000000
C18	c	0.35495460	0.85974562	0.04869280	1.70000000	9.70000000	0.01363296	0.00000000
C19	c	0.47096750	0.90771228	0.24370298	1.80000000	9.80000000	0.01730999	0.00000000
C20	c	0.71920592	0.39200763	0.10305034	1.90000000	9.90000000	0.01945829	0.00000000
C21	c	0.43640602	0.56260938	0.06271195	2.00000000	10.00000000	0.02205720	0.00000000
C22	c	0.92063447	0.99166365	0.15872742	2.00000000	10.00000000	0.02553338	0.00000000
C23	c	0.27473155	0.33393690	0.11568546	2.00000000	10.00000000	0.02571634	0.00000000
C24	c	0.00932987	0.33242950	0.06049926	2.00000000	10.00000000	0.01806379	0.00000000
C25	c	0.70907950	0.77569426	0.23183951	2.00000000	10.00000000	0.02999983	0.00000000
C26	c	0.90403820	0.34940779	0.23151391	2.00000000	10.00000000	0.02369973	0.00000000
C27	c	0.64800438	0.09734710	0.24457897	2.00000000	10.00000000	0.02880286	0.00000000
C28	c	0.51214354	0.92524736	0.11726037	2.00000000	10.00000000	0.02861875	0.00000000
C29	c	0.82418838	0.50301767	0.15185536	2.00000000	10.00000000	0.01062684	0.00000000
C30	c	0.87684613	0.66371972	0.14204414	2.00000000	10.00000000	0.02014221	0.00000000

Q Vehicle fuel tank capacity /0.40000000/
C Vehicle load capacity /1.50000000/
r fuel consumption rate /0.25000000/
g inverse refueling rate /1.00000000/
v average Velocity /1.00000000/
