StringID	Type	x	y	demand	ReadyTime	DueDate	ServiceTime	altitude
D0	d	0.50000000	0.50000000	0.00000000	0.00000000	10.00000000	0.00000000	0.00000000
S0	f	0.20943896	0.76580779	0.00000000	0.00000000	10.00000000	0.00000000	0.00000000
S1	f	0.20326357	0.36285639	0.00000000	0.00000000	10.00000000	0.00000000	0.00000000
S2	f	0.36705012	0.85027561	0.00000000	0.00000000	10.00000000	0.00000000	0.00000000
S3	f	0.47751652	0.92349445	0.00000000	0.00000000	10.00000000	0.00000000	0.00000000
S4	f	0.42556559	0.44270573	0.00000000	0.00000000	10.00000000	0.00000000	0.00000000
S5	f	0.59020391	0.35032348	0.00000000	0.00000000	10.00000000	0.00000000	0.00000000
S6	f	0.22670797	0.07123197	0.00000000	0.00000000	10.00000000	0.00000000	0.00000000
S7	f	0.53077927	0.63100641	0.00000000	0.00000000	10.00000000	0.00000000	0.00000000
S8	f	0.18807491	0.63905036	0.00000000	0.00000000	10.00000000	0.00000000	0.00000000
S9	f	0.12334651	0.07104283	0.00000000	0.00000000	10.00000000	0.00000000	0.00000000
C1	c	0.05550019	0.12711516	0.03697706	0.00000000	8.00000000	0.02858322	0.00000000
C2	c	0.00000000	0.19890086	0.07967869	0.06000000	8.06000000	0.01861575	0.00000000
C3	c	0.00000000	0.14874241	0.03102336	0.12000000	8.12000000	0.01926363	0.00000000
C4	c	0.59836011	0.02584251	0.17213601	0.18000000	8.18000000	0.02578166	0.00000000
C5	c	0.59576061	0.08909292	0.14263488	0.24000000	8.24000000	0.02178483	0.00000000
C6	c	0.56356750	0.14832898	0.04736704	0.30000000	8.30000000	0.02333185	0.00000000
C7	c	0.48282834	0.15952494	0.12238472	0.36000000	8.36000000	0.02938826	0.00000000
C8	c	0.56726775	0.10038354	0.06332218	0.42000000	8.42000000	0.01068033	0.00000000
C9	c	0.55259886	0.18297213	0.02847258	0.48000000	8.48000000	0.01679778	0.00000000
C10	c	0.60946893	0.25270533	0.07760439	0.54000000	8.54000000	0.01537781	0.00000000
C11	c	0.80940243	0.13003818	0.14619714	0.60000000	8.60000000	0.02818773	0.00000000
C12	c	0.77532436	0.08189860	0.15780892	0.66000000	8.66000000	0.02892205	0.00000000
C13	c	0.93756939	0.11535867	0.05276283	0.72000000	8.72000000	0.02815407	0.00000000
C14	c	0.65321393	0.94134616	0.12602045	0.78000000	8.78000000	0.02938778	0.00000000
C15	c	0.61202342	0.91129684	0.12469772	0.84000000	8.84000000	0.02909844	0.00000000
C16	c	0.68026710	0.91852102	0.07916516	0.90000000	8.90000000	0.02734087	0.00000000
C17	c	0.65486064	0.87506068	0.14185280	0.96000000	8.96000000	0.02276025	0.00000000
C18	c	0.58571223	0.86777275	0.04213665	1.02000000	9.02000000	0.02797777	0.00000000
C19	c	0.79552354	0.38628187	0.09335653	1.08000000	9.08000000	0.02783880	0.00000000
C20	c	0.67138521	0.30586050	0.04465561	1.14000000	9.14000000	0.01881899	0.00000000
C21	c	0.89229955	0.39031433	0.12295458	1.20000000	9.20000000	0.02435140	0.00000000
C22	c	0.72938302	0.41215770	0.14104462	1.26000000	9.26000000	0.02001564	0.00000000
C23	c	0.74212419	0.41334953	0.01587048	1.32000000	9.32000000	0.02853919	0.00000000
C24	c	0.80495279	0.39419724	0.03744412	1.38000000	9.38000000	0.02288844	0.00000000
C25	c	0.74859465	0.46470891	0.11029934	1.44000000	9.44000000	0.02272916	0.00000000
C26	c	0.38908592	0.18769804	0.03025241	1.50000000	9.50000000	0.01218240	0.00000000
C27	c	0.04709169	0.77812479	0.06731317	1.56000000	9.56000000	0.01609077	0.00000000
C28	c	0.93867910	0.87642472	0.05571841	1.62000000	9.62000000	0.02566096	0.00000000
C29	c	0.54625497	0.00648399	0.16684598	1.68000000	9.68000000	0.01619402	0.00000000
C30	c	0.29950330	0.62080368	0.11228700	1.74000000	9.74000000	0.02535430	0.00000000
C31	c	0.20156768	0.96007620	0.12492422	1.80000000	9.80000000	0.01821692	0.00000000
C32	c	0.92916092	0.43078742	0.11264196	1.86000000	9.86000000	0.01386419	0.00000000
C33	c	0.46318141	0.78908307	0.04908809	1.92000000	9.92000000	0.01558367	0.00000000
C34	c	0.58924171	0.66659266	0.11631640	1.98000000	9.98000000	0.02713326	0.00000000
C35	c	0.96941309	0.03401644	0.02378158	2.00000000	10.00000000	0.02738488	0.00000000
C36	c	0.33988885	0.26889067	0.15177898	2.00000000	10.00000000	0.01364550	0.00000000
C37	c	0.90938672	0.94610231	0.07402061	2.00000000	10.00000000	0.02341330	0.00000000
C38	c	0.71756987	0.50078199	0.04165061	2.00000000	10.00000000	0.02372391	0.00000000
C39	c	0.92695942	0.64442203	0.14269341	2.00000000	10.00000000	0.01176792	0.00000000
C40	c	0.63645795	0.10911994	0.03013220	2.00000000	10.00000000	0.01369872	0.00000000
C41	c	0.30453828	0.78304777	0.01905031	2.00000000	10.00000000	0.01825733	0.00000000
C42	c	0.27918366	0.85666298	0.13655262	2.00000000	10.00000000	0.01786627	0.00000000
C43	c	0.86924419	0.18227479	0.16235926	2.00000000	10.00000000	0.02536820	0.00000000
C44	c	0.67066517	0.68619570	0.15235282	2.00000000	10.00000000	0.01312353	0.00000000
C45	c	0.08839601	0.18493583	0.09928312	2.00000000	10.00000000	0.02543677	0.00000000
C46	c	0.41286650	0.39331334	0.01252325	2.00000000	10.00000000	0.02546212	0.00000000
C47	c	0.76840989	0.15617660	0.05962159	2.00000000	10.00000000	0.02586994	0.00000000
C48	c	0.77183857	0.77310608	0.11126568	2.00000000	10.00000000	0.02773682	0.00000000
C49	c	0.79349723	0.88684112	0.04387994	2.00000000	10.00000000	0.01335051	0.00000000
C50	c	0.16752554	0.11148938	0.16579851	2.00000000	10.00000000	0.01222979	0.00000000

Q Vehicle fuel tank capacity /0.40000000/
C Vehicle load capacity /1.50000000/
r fuel consumption rate /0.25000000/
g inverse refueling rate /1.00000000/
v average Velocity /1.00000000/
