StringID	Type	x	y	demand	ReadyTime	DueDate	ServiceTime	altitude
D0	d	0.50000000	0.50000000	0.00000000	0.00000000	10.00000000	0.00000000	0.00000000
S0	f	0.59634078	0.68977973	0.00000000	0.00000000	10.00000000	0.00000000	0.00000000
S1	f	0.69214516	0.01625751	0.00000000	0.00000000	10.00000000	0.00000000	0.00000000
S2	f	0.95819339	0.46699277	0.00000000	0.00000000	10.00000000	0.00000000	0.00000000
S3	f	0.37263894	0.90328921	0.00000000	0.00000000	10.00000000	0.00000000	0.00000000
S4	f	0.47632254	0.57849395	0.00000000	0.00000000	10.00000000	0.00000000	0.00000000
S5	f	0.87451686	0.06483776	0.00000000	0.00000000	10.00000000	0.00000000	0.00000000
C1	c	0.18365864	0.42799561	0.26618208	0.00000000	8.00000000	0.01785653	0.00000000
C2	c	0.22174917	0.36858355	0.21850797	0.10000000	8.10000000	0.02658153	0.00000000
C3	c	0.00000000	0.44730854	0.13924929	0.20000000	8.20000000	0.01492553	0.00000000
C4	c	0.23331850	0.47547735	0.06803627	0.30000000	8.30000000	0.02279841	0.00000000
C5	c	0.02508310	0.50456583	0.06114613	0.40000000	8.40000000	0.02431624	0.00000000
C6	c	0.80526805	0.70069287	0.21715661	0.50000000	8.50000000	0.02050347	0.00000000
C7	c	0.80458222	0.72560597	0.13721711	0.60000000	8.60000000	0.01160205	0.00000000
C8	c	0.74980493	0.71156832	0.08050594	0.70000000	8.70000000	0.01826368	0.00000000
C9	c	0.69231825	0.69052468	0.08354333	0.80000000	8.80000000	0.01263643	0.00000000
C10	c	0.80358795	0.68626658	0.21444135	0.90000000	8.90000000	0.02042820	0.00000000
C11	c	0.73136212	0.63994025	0.23944369	1.00000000	9.00000000	0.02956277	0.00000000
C12	c	0.85813179	0.23148700	0.16971854	1.10000000	9.10000000	0.02232557	0.00000000
C13	c	0.86730126	0.24021283	0.16635885	1.20000000	9.20000000	0.01487959	0.00000000
C14	c	0.81186632	0.29950902	0.18106197	1.30000000	9.30000000	0.02305247	0.00000000
C15	c	0.90344839	0.25881631	0.25401250	1.40000000	9.40000000	0.02706007	0.00000000
C16	c	0.04952614	0.38886760	0.15130923	1.50000000	9.50000000	0.01021502	0.00000000
C17	c	0.36230338	0.34950044	0.03817608	1.60000000	9.60000000	0.01087749	0.00000000
C18	c	0.97924203	0.40896677	0.16673593	1.70000000	9.70000000	0.01804880	0.00000000
C19	c	0.65875415	0.21838213	0.09980818	1.80000000	9.80000000	0.01099443	0.00000000
C20	c	0.29407068	0.39282637	0.19756637	1.90000000	9.90000000	0.01110615	0.00000000
C21	c	0.63992045	0.71581200	0.24901035	2.00000000	10.00000000	0.02569497	0.00000000
C22	c	0.52517332	0.08010237	0.03059146	2.00000000	10.00000000	0.02848411	0.00000000
C23	c	0.41318415	0.13182137	0.11641656	2.00000000	10.00000000	0.02758177	0.00000000
C24	c	0.52141023	0.97813853	0.10969803	2.00000000	10.00000000	0.02507968	0.00000000
C25	c	0.61627840	0.24397962	0.10645995	2.00000000	10.00000000	0.01208439	0.00000000
C26	c	0.65262360	0.85300341	0.26573208	2.00000000	10.00000000	0.02352536	0.00000000
C27	c	0.01075087	0.04387466	0.12149998	2.00000000	10.00000000	0.02998792	0.00000000
C28	c	0.40244016	0.04972136	0.18467537	2.00000000	10.00000000	0.02759939	0.00000000
C29	c	0.05530750	0.78474838	0.07329795	2.00000000	10.00000000	0.01632147	0.00000000
C30	c	0.92420549	0.87908826	0.09244084	2.00000000	10.00000000	0.02281101	0.00000000

Q Vehicle fuel tank capacity /0.40000000/
C Vehicle load capacity /1.50000000/
r fuel consumption rate /0.25000000/
g inverse refueling rate /1.00000000/
v average Velocity /1.00000000/
