StringID	Type	x	y	demand	ReadyTime	DueDate	ServiceTime	altitude
D0	d	0.50000000	0.50000000	0.00000000	0.00000000	10.00000000	0.00000000	0.00000000
S0	f	0.52233864	0.83706362	0.00000000	0.00000000	10.00000000	0.00000000	0.00000000
S1	f	0.16999457	0.44425022	0.00000000	0.00000000	10.00000000	0.00000000	0.00000000
S2	f	0.15341323	0.26454618	0.00000000	0.00000000	10.00000000	0.00000000	0.00000000
S3	f	0.97252356	0.58086510	0.00000000	0.00000000	10.00000000	0.00000000	0.00000000
S4	f	0.40298065	0.14435480	0.00000000	0.00000000	10.00000000	0.00000000	0.00000000
S5	f	0.07379095	0.49525183	0.00000000	0.00000000	10.00000000	0.00000000	0.00000000
C1	c	0.42219146	0.94670615	0.11755885	0.00000000	8.00000000	0.02507577	0.00000000
C2	c	0.55576826	0.19950230	0.03588805	0.10000000	8.10000000	0.02033044	0.00000000
C3	c	0.59956630	0.51194926	0.14327473	0.20000000	8.20000000	0.01258838	0.00000000
C4	c	0.61998981	0.21307939	0.07968176	0.30000000	8.30000000	0.01946022	0.00000000
C5	c	0.41195462	0.80927080	0.17596142	0.40000000	8.40000000	0.01666907	0.00000000
C6	c	0.30630367	0.41761507	0.23323611	0.50000000	8.50000000	0.02395557	0.00000000
C7	c	0.45034690	0.75755617	0.19042630	0.60000000	8.60000000	0.02278549	0.00000000
C8	c	0.24990909	0.53315320	0.21506082	0.70000000	8.70000000	0.01519114	0.00000000
C9	c	0.71095792	0.98761655	0.22639031	0.80000000	8.80000000	0.02593513	0.00000000
C10	c	0.00718310	0.73492280	0.11294977	0.90000000	8.90000000	0.01637295	0.00000000
C11	c	0.47662784	0.10011097	0.14063503	1.00000000	9.00000000	0.02473860	0.00000000
C12	c	0.72769189	0.85923950	0.14286820	1.10000000	9.10000000	0.01749562	0.00000000
C13	c	0.41520168	0.67157316	0.16898329	1.20000000	9.20000000	0.01368188	0.00000000
C14	c	0.11131969	0.69841621	0.06114984	1.30000000	9.30000000	0.01015033	0.00000000
C15	c	0.31203537	0.66026261	0.12963210	1.40000000	9.40000000	0.02486397	0.00000000
C16	c	0.96441500	0.26167206	0.17456341	1.50000000	9.50000000	0.01818569	0.00000000
C17	c	0.47647343	0.00682490	0.02185902	1.60000000	9.60000000	0.01210710	0.00000000
C18	c	0.11969728	0.47709097	0.28002156	1.70000000	9.70000000	0.02663181	0.00000000
C19	c	0.52233864	0.83706362	0.15320099	1.80000000	9.80000000	0.02006641	0.00000000
C20	c	0.01978715	0.65365250	0.07431355	1.90000000	9.90000000	0.02816281	0.00000000
C21	c	0.91787922	0.97673939	0.06476701	2.00000000	10.00000000	0.02575089	0.00000000
C22	c	0.85140197	0.87861877	0.06774118	2.00000000	10.00000000	0.01040394	0.00000000
C23	c	0.50504089	0.37052591	0.20939269	2.00000000	10.00000000	0.02245630	0.00000000
C24	c	0.92990011	0.06851946	0.03025623	2.00000000	10.00000000	0.02212310	0.00000000
C25	c	0.27896585	0.50388696	0.18982572	2.00000000	10.00000000	0.02956603	0.00000000
C26	c	0.06960382	0.40155386	0.16937728	2.00000000	10.00000000	0.02188594	0.00000000
C27	c	0.49979455	0.54368468	0.23347917	2.00000000	10.00000000	0.01984463	0.00000000
C28	c	0.10627173	0.18800782	0.24308316	2.00000000	10.00000000	0.02757556	0.00000000
C29	c	0.71801688	0.08621349	0.16153387	2.00000000	10.00000000	0.02917998	0.00000000
C30	c	0.83141117	0.49623803	0.25288858	2.00000000	10.00000000	0.02872281	0.00000000

Q Vehicle fuel tank capacity /0.40000000/
C Vehicle load capacity /1.50000000/
r fuel consumption rate /0.25000000/
g inverse refueling rate /1.00000000/
v average Velocity /1.00000000/
