StringID	Type	x	y	demand	ReadyTime	DueDate	ServiceTime	altitude
D0	d	0.50000000	0.50000000	0.00000000	0.00000000	10.00000000	0.00000000	0.00000000
S0	f	0.68691097	0.78215657	0.00000000	0.00000000	10.00000000	0.00000000	0.00000000
S1	f	0.44846252	0.60910918	0.00000000	0.00000000	10.00000000	0.00000000	0.00000000
S2	f	0.75499599	0.53900292	0.00000000	0.00000000	10.00000000	0.00000000	0.00000000
S3	f	0.27328195	0.01600920	0.00000000	0.00000000	10.00000000	0.00000000	0.00000000
S4	f	0.91977820	0.52130049	0.00000000	0.00000000	10.00000000	0.00000000	0.00000000
S5	f	0.79326834	0.77415241	0.00000000	0.00000000	10.00000000	0.00000000	0.00000000
S6	f	0.58240832	0.31938202	0.00000000	0.00000000	10.00000000	0.00000000	0.00000000
S7	f	0.25347504	0.05120255	0.00000000	0.00000000	10.00000000	0.00000000	0.00000000
S8	f	0.16338001	0.86966321	0.00000000	0.00000000	10.00000000	0.00000000	0.00000000
S9	f	0.56599809	0.15531550	0.00000000	0.00000000	10.00000000	0.00000000	0.00000000
C1	c	0.91124257	0.38180208	0.12977052	0.00000000	8.00000000	0.01697614	0.00000000
C2	c	0.91535289	0.42158025	0.07308402	0.06000000	8.06000000	0.02122799	0.00000000
C3	c	0.87596229	0.48471098	0.09508603	0.12000000	8.12000000	0.02762604	0.00000000
C4	c	0.87205285	0.40269836	0.10558036	0.18000000	8.18000000	0.01898251	0.00000000
C5	c	0.91688301	0.41816076	0.14950895	0.24000000	8.24000000	0.01190581	0.00000000
C6	c	0.97059969	0.36692181	0.12179935	0.30000000	8.30000000	0.01827860	0.00000000
C7	c	0.53279543	0.82190401	0.09409522	0.36000000	8.36000000	0.02096616	0.00000000
C8	c	0.49230934	0.85704956	0.02228849	0.42000000	8.42000000	0.01143533	0.00000000
C9	c	0.42246347	0.90485494	0.01986979	0.48000000	8.48000000	0.01593038	0.00000000
C10	c	0.54875999	0.88626868	0.02984532	0.54000000	8.54000000	0.01307737	0.00000000
C11	c	0.48794833	0.88661133	0.02762888	0.60000000	8.60000000	0.01318296	0.00000000
C12	c	0.66179652	0.84584240	0.12654257	0.66000000	8.66000000	0.02202894	0.00000000
C13	c	0.77291502	0.69487854	0.15880501	0.72000000	8.72000000	0.01242065	0.00000000
C14	c	0.60743113	0.73125214	0.07578274	0.78000000	8.78000000	0.02495861	0.00000000
C15	c	0.64970747	0.68874643	0.02986200	0.84000000	8.84000000	0.02731482	0.00000000
C16	c	0.33836700	0.59250257	0.06512927	0.90000000	8.90000000	0.01706952	0.00000000
C17	c	0.33833400	0.62182906	0.09234509	0.96000000	8.96000000	0.01043762	0.00000000
C18	c	0.89850760	0.31008684	0.12401678	1.02000000	9.02000000	0.01141288	0.00000000
C19	c	0.97090061	0.34266064	0.03035424	1.08000000	9.08000000	0.01760413	0.00000000
C20	c	0.88474565	0.32682390	0.12505521	1.14000000	9.14000000	0.01032548	0.00000000
C21	c	0.84839429	0.47641395	0.14942586	1.20000000	9.20000000	0.02663761	0.00000000
C22	c	0.92506856	0.26309508	0.14732484	1.26000000	9.26000000	0.02293800	0.00000000
C23	c	0.90909362	0.38919205	0.08145486	1.32000000	9.32000000	0.02136368	0.00000000
C24	c	0.90847007	0.41669131	0.08662758	1.38000000	9.38000000	0.02089787	0.00000000
C25	c	0.90450303	0.39675867	0.14846758	1.44000000	9.44000000	0.02141293	0.00000000
C26	c	0.37791271	0.06551134	0.01810919	1.50000000	9.50000000	0.01139023	0.00000000
C27	c	0.12505516	0.36902955	0.11841596	1.56000000	9.56000000	0.01526094	0.00000000
C28	c	0.33652475	0.01488541	0.12083720	1.62000000	9.62000000	0.02723646	0.00000000
C29	c	0.83497223	0.94922481	0.02989186	1.68000000	9.68000000	0.02428519	0.00000000
C30	c	0.97856266	0.63068083	0.08497461	1.74000000	9.74000000	0.02858444	0.00000000
C31	c	0.73964703	0.34880692	0.08508012	1.80000000	9.80000000	0.01487335	0.00000000
C32	c	0.44912535	0.09529045	0.08919233	1.86000000	9.86000000	0.02636052	0.00000000
C33	c	0.41392987	0.54830821	0.10556986	1.92000000	9.92000000	0.01679423	0.00000000
C34	c	0.07176627	0.29651886	0.05085824	1.98000000	9.98000000	0.02950207	0.00000000
C35	c	0.15386835	0.15914787	0.06787196	2.00000000	10.00000000	0.02497946	0.00000000
C36	c	0.60144679	0.12103266	0.12753307	2.00000000	10.00000000	0.02677080	0.00000000
C37	c	0.74793058	0.86574080	0.10581366	2.00000000	10.00000000	0.01205082	0.00000000
C38	c	0.07064386	0.38020675	0.06949411	2.00000000	10.00000000	0.01760892	0.00000000
C39	c	0.01627375	0.83188069	0.02117882	2.00000000	10.00000000	0.02315463	0.00000000
C40	c	0.64689983	0.56818398	0.16492208	2.00000000	10.00000000	0.01062755	0.00000000
C41	c	0.54489333	0.57064637	0.06110723	2.00000000	10.00000000	0.02593696	0.00000000
C42	c	0.86182301	0.71425963	0.03038773	2.00000000	10.00000000	0.01192027	0.00000000
C43	c	0.81802612	0.33971127	0.06812026	2.00000000	10.00000000	0.02103041	0.00000000
C44	c	0.97510346	0.74897303	0.06309314	2.00000000	10.00000000	0.01757415	0.00000000
C45	c	0.83853987	0.10254084	0.01334913	2.00000000	10.00000000	0.01441482	0.00000000
C46	c	0.38044600	0.65773165	0.14018191	2.00000000	10.00000000	0.01136516	0.00000000
C47	c	0.09601339	0.55152062	0.15785195	2.00000000	10.00000000	0.02204112	0.00000000
C48	c	0.37870761	0.22074096	0.16238928	2.00000000	10.00000000	0.02648874	0.00000000
C49	c	0.06825823	0.60205624	0.10858666	2.00000000	10.00000000	0.02395336	0.00000000
C50	c	0.82443708	0.69766800	0.12543913	2.00000000	10.00000000	0.01197383	0.00000000

Q Vehicle fuel tank capacity /0.40000000/
C Vehicle load capacity /1.50000000/
r fuel consumption rate /0.25000000/
g inverse refueling rate /1.00000000/
v average Velocity /1.00000000/
