StringID	Type	x	y	demand	ReadyTime	DueDate	ServiceTime	altitude
D0	d	0.50000000	0.50000000	0.00000000	0.00000000	10.00000000	0.00000000	0.00000000
S0	f	0.42712369	0.72573271	0.00000000	0.00000000	10.00000000	0.00000000	0.00000000
S1	f	0.04689538	0.44772754	0.00000000	0.00000000	10.00000000	0.00000000	0.00000000
S2	f	0.23628637	0.38012692	0.00000000	0.00000000	10.00000000	0.00000000	0.00000000
S3	f	0.49110796	0.86947556	0.00000000	0.00000000	10.00000000	0.00000000	0.00000000
S4	f	0.35477138	0.34339817	0.00000000	0.00000000	10.00000000	0.00000000	0.00000000
S5	f	0.01438570	0.85182137	0.00000000	0.00000000	10.00000000	0.00000000	0.00000000
S6	f	0.38446655	0.00841673	0.00000000	0.00000000	10.00000000	0.00000000	0.00000000
S7	f	0.17280414	0.32500995	0.00000000	0.00000000	10.00000000	0.00000000	0.00000000
S8	f	0.97805735	0.67494620	0.00000000	0.00000000	10.00000000	0.00000000	0.00000000
S9	f	0.11417142	0.27975279	0.00000000	0.00000000	10.00000000	0.00000000	0.00000000
C1	c	0.83278797	0.37510368	0.02958647	0.00000000	8.00000000	0.01277405	0.00000000
C2	c	0.04992786	0.66213834	0.11931501	0.06000000	8.06000000	0.01932629	0.00000000
C3	c	0.44169761	0.00816971	0.15029404	0.12000000	8.12000000	0.01785103	0.00000000
C4	c	0.72862947	0.62539565	0.01568517	0.18000000	8.18000000	0.01714143	0.00000000
C5	c	0.21513643	0.28139352	0.02589968	0.24000000	8.24000000	0.02515003	0.00000000
C6	c	0.25299136	0.49186250	0.06319413	0.30000000	8.30000000	0.01133952	0.00000000
C7	c	0.10689939	0.71310229	0.04707490	0.36000000	8.36000000	0.01520541	0.00000000
C8	c	0.91304285	0.36228217	0.13417315	0.42000000	8.42000000	0.01160048	0.00000000
C9	c	0.10964766	0.55977919	0.15459695	0.48000000	8.48000000	0.01698102	0.00000000
C10	c	0.18433559	0.78295294	0.08534432	0.54000000	8.54000000	0.02054281	0.00000000
C11	c	0.85314469	0.96321669	0.14300432	0.60000000	8.60000000	0.02930052	0.00000000
C12	c	0.62405000	0.61132722	0.12308119	0.66000000	8.66000000	0.02821726	0.00000000
C13	c	0.98629717	0.76075458	0.02602894	0.72000000	8.72000000	0.01243242	0.00000000
C14	c	0.82638300	0.73432052	0.12098400	0.78000000	8.78000000	0.01730874	0.00000000
C15	c	0.29289968	0.38528105	0.04741685	0.84000000	8.84000000	0.02624124	0.00000000
C16	c	0.34036126	0.88137702	0.05843907	0.90000000	8.90000000	0.01001030	0.00000000
C17	c	0.60029473	0.23399020	0.11187998	0.96000000	8.96000000	0.01980217	0.00000000
C18	c	0.62245675	0.35139740	0.08615406	1.02000000	9.02000000	0.01746995	0.00000000
C19	c	0.40730939	0.99845116	0.05859407	1.08000000	9.08000000	0.02367895	0.00000000
C20	c	0.42712369	0.72573271	0.02165287	1.14000000	9.14000000	0.01680379	0.00000000
C21	c	0.05248052	0.96872507	0.09302427	1.20000000	9.20000000	0.02969098	0.00000000
C22	c	0.68853178	0.03424962	0.01833252	1.26000000	9.26000000	0.02815143	0.00000000
C23	c	0.72633579	0.21327735	0.13335826	1.32000000	9.32000000	0.01970972	0.00000000
C24	c	0.36736290	0.11955775	0.15160209	1.38000000	9.38000000	0.01949141	0.00000000
C25	c	0.04990003	0.51899883	0.05104210	1.44000000	9.44000000	0.02811140	0.00000000
C26	c	0.13821420	0.02641845	0.11004158	1.50000000	9.50000000	0.01787537	0.00000000
C27	c	0.21106362	0.04314254	0.12170956	1.56000000	9.56000000	0.02323892	0.00000000
C28	c	0.14458589	0.08304381	0.14557068	1.62000000	9.62000000	0.01330489	0.00000000
C29	c	0.78585457	0.30080268	0.11287619	1.68000000	9.68000000	0.01868965	0.00000000
C30	c	0.62942692	0.85952325	0.03181234	1.74000000	9.74000000	0.02849493	0.00000000
C31	c	0.49928006	0.97133816	0.09872899	1.80000000	9.80000000	0.02640705	0.00000000
C32	c	0.74268405	0.03988676	0.04338544	1.86000000	9.86000000	0.01529527	0.00000000
C33	c	0.54453597	0.13238487	0.06402700	1.92000000	9.92000000	0.02849558	0.00000000
C34	c	0.16673313	0.19674108	0.10054168	1.98000000	9.98000000	0.02965909	0.00000000
C35	c	0.56425528	0.34268754	0.08445070	2.00000000	10.00000000	0.01771729	0.00000000
C36	c	0.45696743	0.64507795	0.08508815	2.00000000	10.00000000	0.02009598	0.00000000
C37	c	0.04689538	0.44772754	0.10234037	2.00000000	10.00000000	0.01203619	0.00000000
C38	c	0.30131748	0.46525868	0.08358870	2.00000000	10.00000000	0.02305910	0.00000000
C39	c	0.22944659	0.98178040	0.12963421	2.00000000	10.00000000	0.01259406	0.00000000
C40	c	0.70609529	0.72478894	0.12000900	2.00000000	10.00000000	0.01302007	0.00000000
C41	c	0.25650626	0.20620013	0.06358459	2.00000000	10.00000000	0.01862049	0.00000000
C42	c	0.46531194	0.18294269	0.09746183	2.00000000	10.00000000	0.02262425	0.00000000
C43	c	0.06960508	0.55799463	0.11538745	2.00000000	10.00000000	0.02816400	0.00000000
C44	c	0.12111986	0.91572658	0.08234244	2.00000000	10.00000000	0.01644674	0.00000000
C45	c	0.62428112	0.71936686	0.13536642	2.00000000	10.00000000	0.01131307	0.00000000
C46	c	0.93770806	0.78523108	0.12914232	2.00000000	10.00000000	0.02717736	0.00000000
C47	c	0.65729288	0.58805799	0.08280169	2.00000000	10.00000000	0.02101584	0.00000000
C48	c	0.38137908	0.53626996	0.10043071	2.00000000	10.00000000	0.02970093	0.00000000
C49	c	0.86809637	0.30047892	0.09181716	2.00000000	10.00000000	0.01173715	0.00000000
C50	c	0.69857020	0.24790202	0.09810236	2.00000000	10.00000000	0.02157650	0.00000000

Q Vehicle fuel tank capacity /0.40000000/
C Vehicle load capacity /1.50000000/
r fuel consumption rate /0.25000000/
g inverse refueling rate /1.00000000/
v average Velocity /1.00000000/
