StringID	Type	x	y	demand	ReadyTime	DueDate	ServiceTime	altitude
D0	d	0.50000000	0.50000000	0.00000000	0.00000000	10.00000000	0.00000000	0.00000000
S0	f	0.17540622	0.91554799	0.00000000	0.00000000	10.00000000	0.00000000	0.00000000
S1	f	0.12324754	0.13124455	0.00000000	0.00000000	10.00000000	0.00000000	0.00000000
S2	f	0.73169697	0.89270174	0.00000000	0.00000000	10.00000000	0.00000000	0.00000000
S3	f	0.99692297	0.63863911	0.00000000	0.00000000	10.00000000	0.00000000	0.00000000
S4	f	0.44581473	0.99275196	0.00000000	0.00000000	10.00000000	0.00000000	0.00000000
S5	f	0.68648068	0.89640658	0.00000000	0.00000000	10.00000000	0.00000000	0.00000000
S6	f	0.14865624	0.53596533	0.00000000	0.00000000	10.00000000	0.00000000	0.00000000
S7	f	0.16663658	0.33723493	0.00000000	0.00000000	10.00000000	0.00000000	0.00000000
S8	f	0.55863380	0.98733520	0.00000000	0.00000000	10.00000000	0.00000000	0.00000000
S9	f	0.33247763	0.12985488	0.00000000	0.00000000	10.00000000	0.00000000	0.00000000
C1	c	0.78757630	0.31764867	0.12314104	0.00000000	8.00000000	0.01229820	0.00000000
C2	c	0.95692251	0.38676692	0.05791988	0.06000000	8.06000000	0.01302339	0.00000000
C3	c	0.86908341	0.28506196	0.09224431	0.12000000	8.12000000	0.02846495	0.00000000
C4	c	0.84783200	0.31938404	0.14595318	0.18000000	8.18000000	0.01684261	0.00000000
C5	c	0.94048710	0.31578161	0.02195132	0.24000000	8.24000000	0.02546669	0.00000000
C6	c	0.68423712	0.35463580	0.05000326	0.30000000	8.30000000	0.02309739	0.00000000
C7	c	0.61786061	0.19891378	0.02293386	0.36000000	8.36000000	0.02085807	0.00000000
C8	c	0.72931990	0.29663662	0.04109239	0.42000000	8.42000000	0.01165607	0.00000000
C9	c	0.65095384	0.25341773	0.15046880	0.48000000	8.48000000	0.02654316	0.00000000
C10	c	0.62719901	0.22541856	0.14642611	0.54000000	8.54000000	0.01177116	0.00000000
C11	c	0.91292426	0.82812403	0.05502225	0.60000000	8.60000000	0.02615276	0.00000000
C12	c	1.00000000	0.83387639	0.18026154	0.66000000	8.66000000	0.01959735	0.00000000
C13	c	0.86017277	0.92538777	0.08917827	0.72000000	8.72000000	0.01989597	0.00000000
C14	c	0.91186912	0.76331115	0.09465336	0.78000000	8.78000000	0.01692604	0.00000000
C15	c	0.86988864	0.85191813	0.02143715	0.84000000	8.84000000	0.02717512	0.00000000
C16	c	0.88177219	0.93451376	0.11182515	0.90000000	8.90000000	0.02452551	0.00000000
C17	c	0.22994242	0.94073319	0.06787075	0.96000000	8.96000000	0.01734070	0.00000000
C18	c	0.21479678	0.99028029	0.01830967	1.02000000	9.02000000	0.01945738	0.00000000
C19	c	0.20466238	0.96633849	0.11706605	1.08000000	9.08000000	0.01093404	0.00000000
C20	c	0.11385913	0.93125791	0.05108708	1.14000000	9.14000000	0.02159510	0.00000000
C21	c	0.06624427	0.87430002	0.16902944	1.20000000	9.20000000	0.02354341	0.00000000
C22	c	0.17592576	1.00000000	0.14562985	1.26000000	9.26000000	0.02631207	0.00000000
C23	c	0.17389924	0.19494395	0.03078350	1.32000000	9.32000000	0.01595634	0.00000000
C24	c	0.00805450	0.14108481	0.11657323	1.38000000	9.38000000	0.02542728	0.00000000
C25	c	0.08872724	0.16072900	0.11744122	1.44000000	9.44000000	0.02753325	0.00000000
C26	c	0.40659158	0.41355604	0.06122966	1.50000000	9.50000000	0.01781933	0.00000000
C27	c	0.32154697	0.29843146	0.06775010	1.56000000	9.56000000	0.01101225	0.00000000
C28	c	0.50895504	0.60683710	0.02024442	1.62000000	9.62000000	0.01442827	0.00000000
C29	c	0.87836038	0.44533305	0.08529679	1.68000000	9.68000000	0.02423989	0.00000000
C30	c	0.42545901	0.47082652	0.08653951	1.74000000	9.74000000	0.01863562	0.00000000
C31	c	0.52610025	0.19069157	0.07012163	1.80000000	9.80000000	0.02420738	0.00000000
C32	c	0.42766141	0.92886130	0.06599695	1.86000000	9.86000000	0.02913550	0.00000000
C33	c	0.05777411	0.26201161	0.10356229	1.92000000	9.92000000	0.02357111	0.00000000
C34	c	0.54211895	0.54279504	0.12102813	1.98000000	9.98000000	0.01821458	0.00000000
C35	c	0.61943633	0.54372002	0.16947811	2.00000000	10.00000000	0.02828531	0.00000000
C36	c	0.21221824	0.63800431	0.09220973	2.00000000	10.00000000	0.01130089	0.00000000
C37	c	0.77333473	0.65486937	0.08866345	2.00000000	10.00000000	0.01618415	0.00000000
C38	c	0.54290335	0.08280373	0.09675872	2.00000000	10.00000000	0.01693781	0.00000000
C39	c	0.82715800	0.08855797	0.10662164	2.00000000	10.00000000	0.01777940	0.00000000
C40	c	0.80763793	0.47986756	0.04677210	2.00000000	10.00000000	0.02313903	0.00000000
C41	c	0.49479872	0.34630218	0.08905644	2.00000000	10.00000000	0.01808827	0.00000000
C42	c	0.85875623	0.72627571	0.17848937	2.00000000	10.00000000	0.01440453	0.00000000
C43	c	0.36703512	0.47286917	0.02305462	2.00000000	10.00000000	0.02136275	0.00000000
C44	c	0.04670214	0.57975496	0.05949828	2.00000000	10.00000000	0.01041139	0.00000000
C45	c	0.67717072	0.81560350	0.10947998	2.00000000	10.00000000	0.02566395	0.00000000
C46	c	0.29781677	0.77136402	0.10960062	2.00000000	10.00000000	0.01932532	0.00000000
C47	c	0.87666244	0.39096657	0.12327631	2.00000000	10.00000000	0.01123806	0.00000000
C48	c	0.05061262	0.22141334	0.10976567	2.00000000	10.00000000	0.01110540	0.00000000
C49	c	0.71199431	0.43178125	0.05061327	2.00000000	10.00000000	0.02412973	0.00000000
C50	c	0.71036886	0.95677525	0.12658953	2.00000000	10.00000000	0.02890399	0.00000000

Q Vehicle fuel tank capacity /0.40000000/
C Vehicle load capacity /1.50000000/
r fuel consumption rate /0.25000000/
g inverse refueling rate /1.00000000/
v average Velocity /1.00000000/
