StringID	Type	x	y	demand	ReadyTime	DueDate	ServiceTime	altitude
D0	d	0.50000000	0.50000000	0.00000000	0.00000000	10.00000000	0.00000000	0.00000000
S0	f	0.84745332	0.62106749	0.00000000	0.00000000	10.00000000	0.00000000	0.00000000
S1	f	0.09575682	0.83443600	0.00000000	0.00000000	10.00000000	0.00000000	0.00000000
S2	f	0.72734549	0.19277532	0.00000000	0.00000000	10.00000000	0.00000000	0.00000000
S3	f	0.47949371	0.29465385	0.00000000	0.00000000	10.00000000	0.00000000	0.00000000
S4	f	0.92604980	0.28272513	0.00000000	0.00000000	10.00000000	0.00000000	0.00000000
S5	f	0.32482146	0.47719406	0.00000000	0.00000000	10.00000000	0.00000000	0.00000000
S6	f	0.30635239	0.71593775	0.00000000	0.00000000	10.00000000	0.00000000	0.00000000
S7	f	0.42432805	0.23420693	0.00000000	0.00000000	10.00000000	0.00000000	0.00000000
S8	f	0.66183042	0.58232575	0.00000000	0.00000000	10.00000000	0.00000000	0.00000000
S9	f	0.68588191	0.80028860	0.00000000	0.00000000	10.00000000	0.00000000	0.00000000
C1	c	0.79075187	0.58174060	0.08953039	0.00000000	8.00000000	0.02205435	0.00000000
C2	c	0.80341348	0.51272050	0.03741989	0.06000000	8.06000000	0.01427627	0.00000000
C3	c	0.79626451	0.58475550	0.03200189	0.12000000	8.12000000	0.02202966	0.00000000
C4	c	0.84416037	0.53927826	0.04223290	0.18000000	8.18000000	0.01765044	0.00000000
C5	c	0.88483528	0.58641094	0.08414930	0.24000000	8.24000000	0.01180836	0.00000000
C6	c	0.08208963	0.91714192	0.04622987	0.30000000	8.30000000	0.01281827	0.00000000
C7	c	0.13994985	0.86504774	0.13785600	0.36000000	8.36000000	0.01293952	0.00000000
C8	c	0.03796276	0.85422406	0.07386751	0.42000000	8.42000000	0.02989046	0.00000000
C9	c	0.09447807	0.87711042	0.16728782	0.48000000	8.48000000	0.02315115	0.00000000
C10	c	0.78854481	0.20796791	0.06035089	0.54000000	8.54000000	0.02043232	0.00000000
C11	c	0.66219617	0.20966342	0.16570672	0.60000000	8.60000000	0.02774417	0.00000000
C12	c	0.77067909	0.21091539	0.03142708	0.66000000	8.66000000	0.01722494	0.00000000
C13	c	0.68149265	0.19305193	0.16245442	0.72000000	8.72000000	0.02059296	0.00000000
C14	c	0.77797801	0.27474174	0.10832327	0.78000000	8.78000000	0.02323035	0.00000000
C15	c	0.72928092	0.12695306	0.15147276	0.84000000	8.84000000	0.01832828	0.00000000
C16	c	0.68825236	0.16723289	0.06884495	0.90000000	8.90000000	0.02344307	0.00000000
C17	c	0.75153450	0.13717603	0.08312690	0.96000000	8.96000000	0.01527690	0.00000000
C18	c	0.59746127	0.93390262	0.15669460	1.02000000	9.02000000	0.01540872	0.00000000
C19	c	0.57603431	0.96518714	0.02047049	1.08000000	9.08000000	0.02192547	0.00000000
C20	c	0.64111668	0.94193188	0.16432034	1.14000000	9.14000000	0.01874726	0.00000000
C21	c	0.97533457	0.63938899	0.03052739	1.20000000	9.20000000	0.02844333	0.00000000
C22	c	1.00000000	0.63765908	0.02874031	1.26000000	9.26000000	0.02704403	0.00000000
C23	c	1.00000000	0.58211789	0.02859547	1.32000000	9.32000000	0.02936718	0.00000000
C24	c	0.90576688	0.63279792	0.09752417	1.38000000	9.38000000	0.01440363	0.00000000
C25	c	0.96864471	0.44536217	0.03262300	1.44000000	9.44000000	0.01359171	0.00000000
C26	c	0.47968354	0.99093160	0.03977024	1.50000000	9.50000000	0.02387198	0.00000000
C27	c	0.90025486	0.23896270	0.07953416	1.56000000	9.56000000	0.01257146	0.00000000
C28	c	0.64398778	0.69347845	0.10007391	1.62000000	9.62000000	0.01104460	0.00000000
C29	c	0.85348844	0.73066986	0.02862795	1.68000000	9.68000000	0.02175894	0.00000000
C30	c	0.60271746	0.21381362	0.11519611	1.74000000	9.74000000	0.01042188	0.00000000
C31	c	0.60148288	0.38252182	0.06856538	1.80000000	9.80000000	0.01178869	0.00000000
C32	c	0.09041777	0.14091372	0.06043711	1.86000000	9.86000000	0.01310375	0.00000000
C33	c	0.14697608	0.99452315	0.10391275	1.92000000	9.92000000	0.02758842	0.00000000
C34	c	0.65755756	0.52161591	0.05469674	1.98000000	9.98000000	0.01936498	0.00000000
C35	c	0.88720844	0.36124681	0.13466483	2.00000000	10.00000000	0.02009615	0.00000000
C36	c	0.52964783	0.66151726	0.06771186	2.00000000	10.00000000	0.02070897	0.00000000
C37	c	0.41641392	0.67215332	0.08802713	2.00000000	10.00000000	0.01865261	0.00000000
C38	c	0.26384499	0.27043597	0.16968692	2.00000000	10.00000000	0.01237078	0.00000000
C39	c	0.59627326	0.43736301	0.15520345	2.00000000	10.00000000	0.02579217	0.00000000
C40	c	0.92216673	0.85220160	0.04957767	2.00000000	10.00000000	0.01289506	0.00000000
C41	c	0.96835907	0.22018136	0.11427085	2.00000000	10.00000000	0.01019038	0.00000000
C42	c	0.17958572	0.69359878	0.12217581	2.00000000	10.00000000	0.01321975	0.00000000
C43	c	0.12857281	0.05222996	0.02891109	2.00000000	10.00000000	0.02657149	0.00000000
C44	c	0.58794712	0.02109378	0.16235741	2.00000000	10.00000000	0.01085246	0.00000000
C45	c	0.87942092	0.46824912	0.14094188	2.00000000	10.00000000	0.01807594	0.00000000
C46	c	0.43263040	0.11853919	0.08728542	2.00000000	10.00000000	0.01133101	0.00000000
C47	c	0.00951886	0.16098743	0.14773362	2.00000000	10.00000000	0.02565995	0.00000000
C48	c	0.82857468	0.04262317	0.12811626	2.00000000	10.00000000	0.02353815	0.00000000
C49	c	0.40379680	0.06655053	0.11807205	2.00000000	10.00000000	0.01415656	0.00000000
C50	c	0.78299742	0.67690752	0.03267108	2.00000000	10.00000000	0.02523321	0.00000000

Q Vehicle fuel tank capacity /0.40000000/
C Vehicle load capacity /1.50000000/
r fuel consumption rate /0.25000000/
g inverse refueling rate /1.00000000/
v average Velocity /1.00000000/
