StringID	Type	x	y	demand	ReadyTime	DueDate	ServiceTime	altitude
D0	d	0.50000000	0.50000000	0.00000000	0.00000000	10.00000000	0.00000000	0.00000000
S0	f	0.53061864	0.58489767	0.00000000	0.00000000	10.00000000	0.00000000	0.00000000
S1	f	0.77687592	0.98077564	0.00000000	0.00000000	10.00000000	0.00000000	0.00000000
S2	f	0.56374579	0.21943374	0.00000000	0.00000000	10.00000000	0.00000000	0.00000000
S3	f	0.52621177	0.54466245	0.00000000	0.00000000	10.00000000	0.00000000	0.00000000
S4	f	0.89144048	0.10205814	0.00000000	0.00000000	10.00000000	0.00000000	0.00000000
S5	f	0.39852274	0.81005171	0.00000000	0.00000000	10.00000000	0.00000000	0.00000000
S6	f	0.02250991	0.57378572	0.00000000	0.00000000	10.00000000	0.00000000	0.00000000
S7	f	0.94039183	0.49854372	0.00000000	0.00000000	10.00000000	0.00000000	0.00000000
S8	f	0.14176933	0.79134650	0.00000000	0.00000000	10.00000000	0.00000000	0.00000000
S9	f	0.56581855	0.98148763	0.00000000	0.00000000	10.00000000	0.00000000	0.00000000
C1	c	0.67211138	0.42908778	0.15833116	0.00000000	8.00000000	0.01784952	0.00000000
C2	c	0.61666830	0.50774988	0.08490799	0.06000000	8.06000000	0.02268343	0.00000000
C3	c	0.65999095	0.49863505	0.05922629	0.12000000	8.12000000	0.02151706	0.00000000
C4	c	0.72920308	0.48845771	0.01942789	0.18000000	8.18000000	0.02593183	0.00000000
C5	c	0.14624338	0.17506536	0.13867524	0.24000000	8.24000000	0.02381820	0.00000000
C6	c	0.11511354	0.15105830	0.05833542	0.30000000	8.30000000	0.01840136	0.00000000
C7	c	0.08246914	0.08724906	0.04321022	0.36000000	8.36000000	0.01709106	0.00000000
C8	c	0.11085547	0.15783889	0.13822434	0.42000000	8.42000000	0.02638419	0.00000000
C9	c	0.07317512	0.04707558	0.12734134	0.48000000	8.48000000	0.01059433	0.00000000
C10	c	0.37551084	0.18252417	0.09226770	0.54000000	8.54000000	0.01898230	0.00000000
C11	c	0.26667726	0.17125204	0.05690368	0.60000000	8.60000000	0.01872842	0.00000000
C12	c	0.35730451	0.22572255	0.05508331	0.66000000	8.66000000	0.02085835	0.00000000
C13	c	0.30573412	0.19749259	0.11293378	0.72000000	8.72000000	0.01796719	0.00000000
C14	c	0.41158489	0.20846239	0.13016007	0.78000000	8.78000000	0.01562711	0.00000000
C15	c	0.15336469	0.03497981	0.05621525	0.84000000	8.84000000	0.01852382	0.00000000
C16	c	0.25685023	0.05169874	0.07007798	0.90000000	8.90000000	0.02252915	0.00000000
C17	c	0.08262768	0.13518209	0.12175524	0.96000000	8.96000000	0.02589243	0.00000000
C18	c	0.15210677	0.03025804	0.17223484	1.02000000	9.02000000	0.01089261	0.00000000
C19	c	0.13693943	0.06544774	0.08794586	1.08000000	9.08000000	0.01249300	0.00000000
C20	c	0.18097966	0.10981776	0.14049687	1.14000000	9.14000000	0.01989228	0.00000000
C21	c	0.19311077	0.13241984	0.05179372	1.20000000	9.20000000	0.02186801	0.00000000
C22	c	0.18810902	0.19552507	0.11897688	1.26000000	9.26000000	0.02312872	0.00000000
C23	c	0.27605977	0.17781994	0.08572875	1.32000000	9.32000000	0.02167844	0.00000000
C24	c	0.15619591	0.17627246	0.03745740	1.38000000	9.38000000	0.01747299	0.00000000
C25	c	0.15544771	0.15437804	0.05474307	1.44000000	9.44000000	0.01629928	0.00000000
C26	c	0.24996020	0.81774396	0.15145532	1.50000000	9.50000000	0.02333203	0.00000000
C27	c	0.09951078	0.25588279	0.03251777	1.56000000	9.56000000	0.01633574	0.00000000
C28	c	0.80280088	0.21920149	0.03963643	1.62000000	9.62000000	0.02122989	0.00000000
C29	c	0.49632201	0.24041821	0.02911659	1.68000000	9.68000000	0.02970753	0.00000000
C30	c	0.40805160	0.29253954	0.05575189	1.74000000	9.74000000	0.01474139	0.00000000
C31	c	0.12619141	0.95114504	0.14891002	1.80000000	9.80000000	0.02469996	0.00000000
C32	c	0.63939794	0.92383685	0.04950386	1.86000000	9.86000000	0.02881514	0.00000000
C33	c	0.83706486	0.70821870	0.09670659	1.92000000	9.92000000	0.02771106	0.00000000
C34	c	0.62916278	0.81289792	0.05311776	1.98000000	9.98000000	0.02477430	0.00000000
C35	c	0.23755271	0.27029144	0.08167124	2.00000000	10.00000000	0.01741881	0.00000000
C36	c	0.39247592	0.63417136	0.06199574	2.00000000	10.00000000	0.02366672	0.00000000
C37	c	0.57585285	0.79659126	0.03366118	2.00000000	10.00000000	0.02023735	0.00000000
C38	c	0.35455293	0.81920944	0.17417791	2.00000000	10.00000000	0.02226168	0.00000000
C39	c	0.02971662	0.44911499	0.12107713	2.00000000	10.00000000	0.01651328	0.00000000
C40	c	0.43642080	0.54291769	0.16952643	2.00000000	10.00000000	0.02054204	0.00000000
C41	c	0.79462140	0.04463065	0.15474630	2.00000000	10.00000000	0.01564147	0.00000000
C42	c	0.12465013	0.49461377	0.13279957	2.00000000	10.00000000	0.01458712	0.00000000
C43	c	0.59340034	0.65643623	0.11933374	2.00000000	10.00000000	0.01913734	0.00000000
C44	c	0.58392216	0.37364959	0.15062988	2.00000000	10.00000000	0.02084667	0.00000000
C45	c	0.31496392	0.66660147	0.05262967	2.00000000	10.00000000	0.01030675	0.00000000
C46	c	0.31678724	0.56149474	0.05820615	2.00000000	10.00000000	0.02616249	0.00000000
C47	c	0.98537642	0.23706954	0.05101748	2.00000000	10.00000000	0.02139322	0.00000000
C48	c	0.73499790	0.94075685	0.05657347	2.00000000	10.00000000	0.02044926	0.00000000
C49	c	0.88555275	0.73871515	0.09698221	2.00000000	10.00000000	0.02309044	0.00000000
C50	c	0.37094075	0.68333621	0.05580140	2.00000000	10.00000000	0.02595007	0.00000000

Q Vehicle fuel tank capacity /0.40000000/
C Vehicle load capacity /1.50000000/
r fuel consumption rate /0.25000000/
g inverse refueling rate /1.00000000/
v average Velocity /1.00000000/
