StringID	Type	x	y	demand	ReadyTime	DueDate	ServiceTime	altitude
D0	d	0.50000000	0.50000000	0.00000000	0.00000000	10.00000000	0.00000000	0.00000000
S0	f	0.63205751	0.39012705	0.00000000	0.00000000	10.00000000	0.00000000	0.00000000
S1	f	0.59024870	0.64001065	0.00000000	0.00000000	10.00000000	0.00000000	0.00000000
S2	f	0.20413764	0.05440371	0.00000000	0.00000000	10.00000000	0.00000000	0.00000000
S3	f	0.89425943	0.37263107	0.00000000	0.00000000	10.00000000	0.00000000	0.00000000
S4	f	0.29968704	0.62189930	0.00000000	0.00000000	10.00000000	0.00000000	0.00000000
S5	f	0.26338461	0.97509348	0.00000000	0.00000000	10.00000000	0.00000000	0.00000000
C1	c	0.45748727	0.11630359	0.02999760	0.00000000	8.00000000	0.02119034	0.00000000
C2	c	0.58747291	0.08612426	0.23827783	0.10000000	8.10000000	0.02614427	0.00000000
C3	c	0.49213888	0.95629257	0.14713745	0.20000000	8.20000000	0.01987551	0.00000000
C4	c	0.00618723	0.60035651	0.26502908	0.30000000	8.30000000	0.01537959	0.00000000
C5	c	0.98177505	0.83399536	0.22358386	0.40000000	8.40000000	0.01986332	0.00000000
C6	c	0.34333149	0.11355040	0.06101897	0.50000000	8.50000000	0.01157324	0.00000000
C7	c	0.12650800	0.59089958	0.25211444	0.60000000	8.60000000	0.01970666	0.00000000
C8	c	0.78410732	0.29891568	0.09357442	0.70000000	8.70000000	0.02231178	0.00000000
C9	c	0.94981246	0.79057403	0.26357325	0.80000000	8.80000000	0.01393630	0.00000000
C10	c	0.58992282	0.26275906	0.24540321	0.90000000	8.90000000	0.01917196	0.00000000
C11	c	0.99043570	0.77586444	0.02108667	1.00000000	9.00000000	0.02203214	0.00000000
C12	c	0.15897905	0.44146735	0.03093942	1.10000000	9.10000000	0.01525807	0.00000000
C13	c	0.90761936	0.11807483	0.05892693	1.20000000	9.20000000	0.02125768	0.00000000
C14	c	0.84773752	0.17995877	0.11053810	1.30000000	9.30000000	0.02369799	0.00000000
C15	c	0.84228221	0.29871503	0.15340470	1.40000000	9.40000000	0.01815024	0.00000000
C16	c	0.39881197	0.48236507	0.20033442	1.50000000	9.50000000	0.01301606	0.00000000
C17	c	0.06783496	0.00712173	0.14821770	1.60000000	9.60000000	0.01740721	0.00000000
C18	c	0.24560084	0.27136273	0.26717725	1.70000000	9.70000000	0.02801536	0.00000000
C19	c	0.03849929	0.67312067	0.08373763	1.80000000	9.80000000	0.01383555	0.00000000
C20	c	0.63205751	0.39012705	0.04500951	1.90000000	9.90000000	0.01532776	0.00000000
C21	c	0.28070289	0.55924963	0.20338923	2.00000000	10.00000000	0.01590886	0.00000000
C22	c	0.59840968	0.35578644	0.27296065	2.00000000	10.00000000	0.01548929	0.00000000
C23	c	0.94059519	0.02395344	0.24899376	2.00000000	10.00000000	0.02094208	0.00000000
C24	c	0.23263017	0.82439558	0.03235216	2.00000000	10.00000000	0.01421569	0.00000000
C25	c	0.89743788	0.88799038	0.16000537	2.00000000	10.00000000	0.02356916	0.00000000
C26	c	0.49262180	0.76487187	0.15411162	2.00000000	10.00000000	0.02287880	0.00000000
C27	c	0.54081812	0.37610129	0.16571655	2.00000000	10.00000000	0.01389148	0.00000000
C28	c	0.22266661	0.99626913	0.13128165	2.00000000	10.00000000	0.01975676	0.00000000
C29	c	0.83989365	0.49031881	0.03460890	2.00000000	10.00000000	0.02677825	0.00000000
C30	c	0.56993600	0.99557172	0.15749767	2.00000000	10.00000000	0.02312562	0.00000000

Q Vehicle fuel tank capacity /0.40000000/
C Vehicle load capacity /1.50000000/
r fuel consumption rate /0.25000000/
g inverse refueling rate /1.00000000/
v average Velocity /1.00000000/
