StringID	Type	x	y	demand	ReadyTime	DueDate	ServiceTime	altitude
D0	d	0.50000000	0.50000000	0.00000000	0.00000000	10.00000000	0.00000000	0.00000000
S0	f	0.49630689	0.07938444	0.00000000	0.00000000	10.00000000	0.00000000	0.00000000
S1	f	0.75766014	0.52495612	0.00000000	0.00000000	10.00000000	0.00000000	0.00000000
S2	f	0.93840739	0.32740700	0.00000000	0.00000000	10.00000000	0.00000000	0.00000000
S3	f	0.31182213	0.84897142	0.00000000	0.00000000	10.00000000	0.00000000	0.00000000
S4	f	0.02120141	0.02226150	0.00000000	0.00000000	10.00000000	0.00000000	0.00000000
S5	f	0.95069317	0.19851113	0.00000000	0.00000000	10.00000000	0.00000000	0.00000000
S6	f	0.87636306	0.32427014	0.00000000	0.00000000	10.00000000	0.00000000	0.00000000
S7	f	0.38898712	0.64560286	0.00000000	0.00000000	10.00000000	0.00000000	0.00000000
S8	f	0.83708550	0.38153170	0.00000000	0.00000000	10.00000000	0.00000000	0.00000000
S9	f	0.96563440	0.69844878	0.00000000	0.00000000	10.00000000	0.00000000	0.00000000
C1	c	0.68835932	0.37709040	0.09048413	0.00000000	8.00000000	0.01300099	0.00000000
C2	c	0.20329561	0.88379483	0.02436473	0.06000000	8.06000000	0.02430973	0.00000000
C3	c	0.46412110	0.40629867	0.08974751	0.12000000	8.12000000	0.02495582	0.00000000
C4	c	0.86527763	0.42427219	0.15191438	0.18000000	8.18000000	0.02601209	0.00000000
C5	c	0.51642223	0.75534871	0.06306919	0.24000000	8.24000000	0.02275557	0.00000000
C6	c	0.68165498	0.45660064	0.11002467	0.30000000	8.30000000	0.01407651	0.00000000
C7	c	0.93294082	0.79437678	0.13882766	0.36000000	8.36000000	0.02120142	0.00000000
C8	c	0.34647287	0.13609966	0.05756893	0.42000000	8.42000000	0.02541652	0.00000000
C9	c	0.83741915	0.52391327	0.10695305	0.48000000	8.48000000	0.02869537	0.00000000
C10	c	0.33953149	0.50783735	0.12068254	0.54000000	8.54000000	0.02252804	0.00000000
C11	c	0.53162387	0.99140915	0.08915695	0.60000000	8.60000000	0.02044691	0.00000000
C12	c	0.01589456	0.27108048	0.09650318	0.66000000	8.66000000	0.02811050	0.00000000
C13	c	0.39152022	0.60295847	0.17056297	0.72000000	8.72000000	0.01618301	0.00000000
C14	c	0.81792006	0.58351161	0.01213611	0.78000000	8.78000000	0.02853299	0.00000000
C15	c	0.34939227	0.09269681	0.08914628	0.84000000	8.84000000	0.02547703	0.00000000
C16	c	0.10022987	0.82787345	0.01940780	0.90000000	8.90000000	0.02146227	0.00000000
C17	c	0.56899534	0.66169518	0.16442186	0.96000000	8.96000000	0.02794895	0.00000000
C18	c	0.83151926	0.18618880	0.06155831	1.02000000	9.02000000	0.01353803	0.00000000
C19	c	0.72948145	0.30390258	0.02732878	1.08000000	9.08000000	0.02748216	0.00000000
C20	c	0.49630689	0.07938444	0.10398915	1.14000000	9.14000000	0.02648989	0.00000000
C21	c	0.60255551	0.24043299	0.08191713	1.20000000	9.20000000	0.02021856	0.00000000
C22	c	0.09903557	0.49653392	0.15069191	1.26000000	9.26000000	0.01522532	0.00000000
C23	c	0.51615285	0.01183887	0.08266624	1.32000000	9.32000000	0.02519516	0.00000000
C24	c	0.45529457	0.78951694	0.05433238	1.38000000	9.38000000	0.02492052	0.00000000
C25	c	0.07951412	0.08854229	0.13424799	1.44000000	9.44000000	0.01496293	0.00000000
C26	c	0.66082865	0.87478988	0.13219887	1.50000000	9.50000000	0.02260544	0.00000000
C27	c	0.60057806	0.15789756	0.03073717	1.56000000	9.56000000	0.01089038	0.00000000
C28	c	0.12843982	0.13580759	0.16231900	1.62000000	9.62000000	0.02403126	0.00000000
C29	c	0.71652849	0.78213814	0.02866291	1.68000000	9.68000000	0.02870124	0.00000000
C30	c	0.24829462	0.65736575	0.14150251	1.74000000	9.74000000	0.01203312	0.00000000
C31	c	0.02044709	0.94813826	0.01568797	1.80000000	9.80000000	0.01098384	0.00000000
C32	c	0.79745393	0.93142047	0.06887916	1.86000000	9.86000000	0.01846521	0.00000000
C33	c	0.17355821	0.59261087	0.13126082	1.92000000	9.92000000	0.02094601	0.00000000
C34	c	0.67275406	0.71258487	0.15940295	1.98000000	9.98000000	0.02649856	0.00000000
C35	c	0.31200843	0.01249644	0.06685069	2.00000000	10.00000000	0.01931989	0.00000000
C36	c	0.22835914	0.15905065	0.08492629	2.00000000	10.00000000	0.02239275	0.00000000
C37	c	0.20372746	0.03204609	0.11538763	2.00000000	10.00000000	0.02297347	0.00000000
C38	c	0.31795446	0.31046852	0.03252576	2.00000000	10.00000000	0.01704731	0.00000000
C39	c	0.91311102	0.56104610	0.13247752	2.00000000	10.00000000	0.02709967	0.00000000
C40	c	0.75766014	0.52495612	0.05559149	2.00000000	10.00000000	0.01091020	0.00000000
C41	c	0.23215133	0.76060387	0.04852484	2.00000000	10.00000000	0.02682387	0.00000000
C42	c	0.10502846	0.90388078	0.05367875	2.00000000	10.00000000	0.02918533	0.00000000
C43	c	0.24463160	0.98116688	0.12315757	2.00000000	10.00000000	0.02603374	0.00000000
C44	c	0.95227651	0.64103760	0.06858802	2.00000000	10.00000000	0.02243176	0.00000000
C45	c	0.32904428	0.78020432	0.10202005	2.00000000	10.00000000	0.02718220	0.00000000
C46	c	0.10236494	0.74661082	0.11354390	2.00000000	10.00000000	0.01516704	0.00000000
C47	c	0.58762624	0.83967795	0.09350826	2.00000000	10.00000000	0.01880875	0.00000000
C48	c	0.06550748	0.38020167	0.06186107	2.00000000	10.00000000	0.01567244	0.00000000
C49	c	0.43353812	0.53924697	0.09086851	2.00000000	10.00000000	0.01093109	0.00000000
C50	c	0.03537162	0.46219568	0.09413449	2.00000000	10.00000000	0.02996194	0.00000000

Q Vehicle fuel tank capacity /0.40000000/
C Vehicle load capacity /1.50000000/
r fuel consumption rate /0.25000000/
g inverse refueling rate /1.00000000/
v average Velocity /1.00000000/
