StringID	Type	x	y	demand	ReadyTime	DueDate	ServiceTime	altitude
D0	d	0.50000000	0.50000000	0.00000000	0.00000000	10.00000000	0.00000000	0.00000000
S0	f	0.12379863	0.40711685	0.00000000	0.00000000	10.00000000	0.00000000	0.00000000
S1	f	0.86228248	0.65612293	0.00000000	0.00000000	10.00000000	0.00000000	0.00000000
S2	f	0.49682054	0.85537486	0.00000000	0.00000000	10.00000000	0.00000000	0.00000000
S3	f	0.11085158	0.61936884	0.00000000	0.00000000	10.00000000	0.00000000	0.00000000
S4	f	0.11429782	0.06132141	0.00000000	0.00000000	10.00000000	0.00000000	0.00000000
S5	f	0.12233142	0.11656266	0.00000000	0.00000000	10.00000000	0.00000000	0.00000000
S6	f	0.56543750	0.80604855	0.00000000	0.00000000	10.00000000	0.00000000	0.00000000
S7	f	0.81410081	0.17333637	0.00000000	0.00000000	10.00000000	0.00000000	0.00000000
S8	f	0.27036809	0.27485406	0.00000000	0.00000000	10.00000000	0.00000000	0.00000000
S9	f	0.05606956	0.22595921	0.00000000	0.00000000	10.00000000	0.00000000	0.00000000
C1	c	0.82089770	0.51622015	0.04686553	0.00000000	8.00000000	0.02698512	0.00000000
C2	c	0.80383827	0.55269370	0.04837010	0.06000000	8.06000000	0.02853036	0.00000000
C3	c	0.75693899	0.62404004	0.07198601	0.12000000	8.12000000	0.02073673	0.00000000
C4	c	0.82740637	0.51050651	0.14248419	0.18000000	8.18000000	0.02602451	0.00000000
C5	c	0.80081444	0.60040254	0.05360246	0.24000000	8.24000000	0.02062458	0.00000000
C6	c	0.87239258	0.59122487	0.10419724	0.30000000	8.30000000	0.01143602	0.00000000
C7	c	0.72392571	0.58861634	0.01895508	0.36000000	8.36000000	0.01671339	0.00000000
C8	c	0.98242665	0.82287317	0.14766337	0.42000000	8.42000000	0.02625435	0.00000000
C9	c	0.90317372	0.87678474	0.12319143	0.48000000	8.48000000	0.02926587	0.00000000
C10	c	0.82575024	0.91214019	0.14588431	0.54000000	8.54000000	0.02781568	0.00000000
C11	c	0.77531893	0.96113608	0.15293277	0.60000000	8.60000000	0.02103599	0.00000000
C12	c	0.74404372	0.90518309	0.11310676	0.66000000	8.66000000	0.02220646	0.00000000
C13	c	0.85766517	0.56837699	0.03588020	0.72000000	8.72000000	0.01773770	0.00000000
C14	c	0.92986895	0.56953241	0.12057282	0.78000000	8.78000000	0.01442970	0.00000000
C15	c	0.94726374	0.59632549	0.15380266	0.84000000	8.84000000	0.01505068	0.00000000
C16	c	0.88942457	0.60348878	0.04432745	0.90000000	8.90000000	0.01682338	0.00000000
C17	c	0.08367556	0.38667045	0.10201116	0.96000000	8.96000000	0.02799416	0.00000000
C18	c	0.07903219	0.49283735	0.12068108	1.02000000	9.02000000	0.02201962	0.00000000
C19	c	0.16618297	0.42249206	0.14731154	1.08000000	9.08000000	0.01390990	0.00000000
C20	c	0.05449716	0.44171955	0.09448290	1.14000000	9.14000000	0.01175913	0.00000000
C21	c	0.07915106	0.45602294	0.10230804	1.20000000	9.20000000	0.01283827	0.00000000
C22	c	0.11024230	0.47636718	0.02525400	1.26000000	9.26000000	0.01511502	0.00000000
C23	c	0.80179137	0.01117184	0.15623053	1.32000000	9.32000000	0.02144932	0.00000000
C24	c	0.75307845	0.00000000	0.01381702	1.38000000	9.38000000	0.02614963	0.00000000
C25	c	0.81605721	0.05143551	0.03602395	1.44000000	9.44000000	0.02138083	0.00000000
C26	c	0.25141491	0.81663005	0.06016452	1.50000000	9.50000000	0.01984497	0.00000000
C27	c	0.79643176	0.12656302	0.04181816	1.56000000	9.56000000	0.01792432	0.00000000
C28	c	0.18575477	0.23959624	0.06706568	1.62000000	9.62000000	0.02395976	0.00000000
C29	c	0.89240823	0.80617267	0.05030500	1.68000000	9.68000000	0.02647133	0.00000000
C30	c	0.90897689	0.97283940	0.04787883	1.74000000	9.74000000	0.02714532	0.00000000
C31	c	0.20490139	0.61207577	0.13170223	1.80000000	9.80000000	0.02439819	0.00000000
C32	c	0.21508289	0.35663284	0.12870676	1.86000000	9.86000000	0.01040899	0.00000000
C33	c	0.20557753	0.84925618	0.02936285	1.92000000	9.92000000	0.01576706	0.00000000
C34	c	0.07180112	0.33566935	0.14100169	1.98000000	9.98000000	0.02911410	0.00000000
C35	c	0.61032280	0.38688479	0.09356688	2.00000000	10.00000000	0.02774394	0.00000000
C36	c	0.34116879	0.89970776	0.03814120	2.00000000	10.00000000	0.02691233	0.00000000
C37	c	0.60098117	0.19549521	0.04612608	2.00000000	10.00000000	0.01683228	0.00000000
C38	c	0.08795655	0.14191354	0.14294041	2.00000000	10.00000000	0.01343741	0.00000000
C39	c	0.25575103	0.57246581	0.13015137	2.00000000	10.00000000	0.02608395	0.00000000
C40	c	0.49224843	0.39621578	0.14539760	2.00000000	10.00000000	0.02069717	0.00000000
C41	c	0.69798786	0.82356673	0.15486863	2.00000000	10.00000000	0.02243198	0.00000000
C42	c	0.85726577	0.71990942	0.13212279	2.00000000	10.00000000	0.02802241	0.00000000
C43	c	0.02044961	0.28835291	0.14741923	2.00000000	10.00000000	0.01250945	0.00000000
C44	c	0.95570478	0.88719691	0.13126785	2.00000000	10.00000000	0.01342075	0.00000000
C45	c	0.84561674	0.34161403	0.02864819	2.00000000	10.00000000	0.01658866	0.00000000
C46	c	0.17187049	0.80419759	0.04098071	2.00000000	10.00000000	0.01646410	0.00000000
C47	c	0.53485869	0.62159880	0.10136611	2.00000000	10.00000000	0.01774759	0.00000000
C48	c	0.90112049	0.12547263	0.04249066	2.00000000	10.00000000	0.01275140	0.00000000
C49	c	0.17103736	0.32943319	0.06348302	2.00000000	10.00000000	0.01433332	0.00000000
C50	c	0.32320495	0.38737953	0.04108098	2.00000000	10.00000000	0.01605220	0.00000000

Q Vehicle fuel tank capacity /0.40000000/
C Vehicle load capacity /1.50000000/
r fuel consumption rate /0.25000000/
g inverse refueling rate /1.00000000/
v average Velocity /1.00000000/
