StringID	Type	x	y	demand	ReadyTime	DueDate	ServiceTime	altitude
D0	d	0.50000000	0.50000000	0.00000000	0.00000000	10.00000000	0.00000000	0.00000000
S0	f	0.35488586	0.86230517	0.00000000	0.00000000	10.00000000	0.00000000	0.00000000
S1	f	0.45476166	0.09614488	0.00000000	0.00000000	10.00000000	0.00000000	0.00000000
S2	f	0.54070572	0.91491810	0.00000000	0.00000000	10.00000000	0.00000000	0.00000000
S3	f	0.26544711	0.10526059	0.00000000	0.00000000	10.00000000	0.00000000	0.00000000
S4	f	0.86824313	0.96002216	0.00000000	0.00000000	10.00000000	0.00000000	0.00000000
S5	f	0.72735396	0.78280749	0.00000000	0.00000000	10.00000000	0.00000000	0.00000000
S6	f	0.50608775	0.56920255	0.00000000	0.00000000	10.00000000	0.00000000	0.00000000
S7	f	0.00276390	0.31043921	0.00000000	0.00000000	10.00000000	0.00000000	0.00000000
S8	f	0.26452505	0.18108029	0.00000000	0.00000000	10.00000000	0.00000000	0.00000000
S9	f	0.19793571	0.49119649	0.00000000	0.00000000	10.00000000	0.00000000	0.00000000
C1	c	0.23977231	0.59944479	0.12761389	0.00000000	8.00000000	0.02241957	0.00000000
C2	c	0.19836023	0.64932882	0.10178649	0.06000000	8.06000000	0.01175974	0.00000000
C3	c	0.27702419	0.53887043	0.12065560	0.12000000	8.12000000	0.01807690	0.00000000
C4	c	0.36677086	0.14956847	0.10043458	0.18000000	8.18000000	0.02874531	0.00000000
C5	c	0.49250007	0.42909063	0.09538711	0.24000000	8.24000000	0.02409918	0.00000000
C6	c	0.91996648	0.94188964	0.17112866	0.30000000	8.30000000	0.01409294	0.00000000
C7	c	0.36702101	0.72789751	0.05581889	0.36000000	8.36000000	0.02967290	0.00000000
C8	c	0.52826169	0.27649620	0.05518364	0.42000000	8.42000000	0.02481021	0.00000000
C9	c	0.67929218	0.49854105	0.13339523	0.48000000	8.48000000	0.02737337	0.00000000
C10	c	0.00955019	0.18292427	0.02819682	0.54000000	8.54000000	0.02826556	0.00000000
C11	c	0.66745230	0.18682475	0.06760509	0.60000000	8.60000000	0.01800025	0.00000000
C12	c	0.17748759	0.19848869	0.12956408	0.66000000	8.66000000	0.02708011	0.00000000
C13	c	0.26074264	0.28816353	0.15861519	0.72000000	8.72000000	0.02914044	0.00000000
C14	c	0.16566597	0.24696757	0.02192157	0.78000000	8.78000000	0.02815684	0.00000000
C15	c	0.94591591	0.28973452	0.05952378	0.84000000	8.84000000	0.01846598	0.00000000
C16	c	0.72089419	0.72034385	0.02146329	0.90000000	8.90000000	0.02853389	0.00000000
C17	c	0.05626360	0.11296274	0.06969190	0.96000000	8.96000000	0.02588535	0.00000000
C18	c	0.81106587	0.60442967	0.07379144	1.02000000	9.02000000	0.01318725	0.00000000
C19	c	0.90100786	0.84460473	0.09864053	1.08000000	9.08000000	0.01334259	0.00000000
C20	c	0.35488586	0.86230517	0.01619972	1.14000000	9.14000000	0.02760829	0.00000000
C21	c	0.52451436	0.61391397	0.13420770	1.20000000	9.20000000	0.02312628	0.00000000
C22	c	0.54370093	0.13811048	0.07161716	1.26000000	9.26000000	0.02646331	0.00000000
C23	c	0.10764157	0.69032210	0.03253238	1.32000000	9.32000000	0.02899897	0.00000000
C24	c	0.57273953	0.66987683	0.09133949	1.38000000	9.38000000	0.01238773	0.00000000
C25	c	0.23297719	0.93607469	0.09146727	1.44000000	9.44000000	0.02414382	0.00000000
C26	c	0.77562553	0.76235709	0.08691791	1.50000000	9.50000000	0.02421708	0.00000000
C27	c	0.51341004	0.83212101	0.12269910	1.56000000	9.56000000	0.01699842	0.00000000
C28	c	0.38993922	0.44740474	0.13930883	1.62000000	9.62000000	0.01670459	0.00000000
C29	c	0.64180711	0.63317047	0.13886792	1.68000000	9.68000000	0.02253415	0.00000000
C30	c	0.29089557	0.36778282	0.11806131	1.74000000	9.74000000	0.01164080	0.00000000
C31	c	0.89248825	0.58692701	0.02582099	1.80000000	9.80000000	0.01060269	0.00000000
C32	c	0.92437595	0.79363783	0.01850846	1.86000000	9.86000000	0.01050473	0.00000000
C33	c	0.77932198	0.85284702	0.05287289	1.92000000	9.92000000	0.01413951	0.00000000
C34	c	0.25269375	0.40043473	0.15742344	1.98000000	9.98000000	0.02685760	0.00000000
C35	c	0.75059247	0.51456834	0.03521424	2.00000000	10.00000000	0.01396827	0.00000000
C36	c	0.24769707	0.98013210	0.09446339	2.00000000	10.00000000	0.02256897	0.00000000
C37	c	0.45476166	0.09614488	0.03150310	2.00000000	10.00000000	0.02176156	0.00000000
C38	c	0.36058823	0.66082628	0.07552471	2.00000000	10.00000000	0.01971246	0.00000000
C39	c	0.74393512	0.26230871	0.17108681	2.00000000	10.00000000	0.01272620	0.00000000
C40	c	0.52582514	0.39949805	0.01822654	2.00000000	10.00000000	0.01025836	0.00000000
C41	c	0.09660507	0.20946596	0.09078770	2.00000000	10.00000000	0.02235295	0.00000000
C42	c	0.09212602	0.35009180	0.12610322	2.00000000	10.00000000	0.01523065	0.00000000
C43	c	0.38360710	0.78256559	0.17933883	2.00000000	10.00000000	0.02071558	0.00000000
C44	c	0.56640890	0.63019630	0.18111804	2.00000000	10.00000000	0.02706713	0.00000000
C45	c	0.66021755	0.11310597	0.09411640	2.00000000	10.00000000	0.02258810	0.00000000
C46	c	0.90574584	0.19026419	0.04455686	2.00000000	10.00000000	0.01465298	0.00000000
C47	c	0.70103849	0.95969335	0.09609228	2.00000000	10.00000000	0.01832441	0.00000000
C48	c	0.26660395	0.90500741	0.10928667	2.00000000	10.00000000	0.02910358	0.00000000
C49	c	0.89927236	0.34840053	0.02228657	2.00000000	10.00000000	0.02172388	0.00000000
C50	c	0.60002015	0.34597090	0.14203231	2.00000000	10.00000000	0.02701057	0.00000000

Q Vehicle fuel tank capacity /0.40000000/
C Vehicle load capacity /1.50000000/
r fuel consumption rate /0.25000000/
g inverse refueling rate /1.00000000/
v average Velocity /1.00000000/
