StringID	Type	x	y	demand	ReadyTime	DueDate	ServiceTime	altitude
D0	d	0.50000000	0.50000000	0.00000000	0.00000000	10.00000000	0.00000000	0.00000000
S0	f	0.75126398	0.80890744	0.00000000	0.00000000	10.00000000	0.00000000	0.00000000
S1	f	0.78970680	0.11928109	0.00000000	0.00000000	10.00000000	0.00000000	0.00000000
S2	f	0.84529562	0.46328111	0.00000000	0.00000000	10.00000000	0.00000000	0.00000000
S3	f	0.18776298	0.58942541	0.00000000	0.00000000	10.00000000	0.00000000	0.00000000
S4	f	0.02301652	0.72033179	0.00000000	0.00000000	10.00000000	0.00000000	0.00000000
S5	f	0.54467383	0.17264880	0.00000000	0.00000000	10.00000000	0.00000000	0.00000000
C1	c	0.31216326	0.55763238	0.12497329	0.00000000	8.00000000	0.02045542	0.00000000
C2	c	0.25013775	0.68590918	0.10865523	0.10000000	8.10000000	0.01058737	0.00000000
C3	c	0.31147644	0.57652597	0.05514749	0.20000000	8.20000000	0.02333341	0.00000000
C4	c	0.29825155	0.59902233	0.10398111	0.30000000	8.30000000	0.01270422	0.00000000
C5	c	0.35303554	0.67057181	0.15621025	0.40000000	8.40000000	0.02887463	0.00000000
C6	c	0.37179339	0.66965428	0.28856617	0.50000000	8.50000000	0.01821545	0.00000000
C7	c	0.15758358	0.72642622	0.14110055	0.60000000	8.60000000	0.01881619	0.00000000
C8	c	0.24351105	0.70632728	0.06839843	0.70000000	8.70000000	0.01419120	0.00000000
C9	c	0.27289356	0.74136306	0.23242605	0.80000000	8.80000000	0.02431738	0.00000000
C10	c	0.33314925	0.68981458	0.12897387	0.90000000	8.90000000	0.02470861	0.00000000
C11	c	0.19042048	0.66387908	0.04148294	1.00000000	9.00000000	0.01786289	0.00000000
C12	c	0.27581036	0.72490323	0.24447636	1.10000000	9.10000000	0.01560854	0.00000000
C13	c	0.76474347	0.22113024	0.02249597	1.20000000	9.20000000	0.02073217	0.00000000
C14	c	0.76805807	0.21869472	0.21748767	1.30000000	9.30000000	0.02284334	0.00000000
C15	c	0.70806677	0.19631147	0.06386868	1.40000000	9.40000000	0.01333752	0.00000000
C16	c	0.84313806	0.75416799	0.03073782	1.50000000	9.50000000	0.02253112	0.00000000
C17	c	0.09206396	0.49470859	0.05987949	1.60000000	9.60000000	0.02558364	0.00000000
C18	c	0.68665110	0.12064836	0.25366310	1.70000000	9.70000000	0.01869908	0.00000000
C19	c	0.33540770	0.52277101	0.02174494	1.80000000	9.80000000	0.02651247	0.00000000
C20	c	0.02936867	0.66667063	0.15415805	1.90000000	9.90000000	0.02984105	0.00000000
C21	c	0.13521119	0.94373164	0.31660178	2.00000000	10.00000000	0.01770586	0.00000000
C22	c	0.41077267	0.44080930	0.27235821	2.00000000	10.00000000	0.02715313	0.00000000
C23	c	0.73543037	0.39314438	0.24586289	2.00000000	10.00000000	0.02875696	0.00000000
C24	c	0.64216709	0.16687588	0.27770781	2.00000000	10.00000000	0.01626375	0.00000000
C25	c	0.62655593	0.77918222	0.24764504	2.00000000	10.00000000	0.02154941	0.00000000
C26	c	0.43495420	0.82562363	0.04868812	2.00000000	10.00000000	0.02690116	0.00000000
C27	c	0.99205258	0.38529306	0.16859581	2.00000000	10.00000000	0.02317590	0.00000000
C28	c	0.85765638	0.93784810	0.22575635	2.00000000	10.00000000	0.01555765	0.00000000
C29	c	0.84505824	0.65879496	0.05720057	2.00000000	10.00000000	0.02560815	0.00000000
C30	c	0.55093262	0.61936570	0.12115596	2.00000000	10.00000000	0.02101865	0.00000000

Q Vehicle fuel tank capacity /0.40000000/
C Vehicle load capacity /1.50000000/
r fuel consumption rate /0.25000000/
g inverse refueling rate /1.00000000/
v average Velocity /1.00000000/
