StringID	Type	x	y	demand	ReadyTime	DueDate	ServiceTime	altitude
D0	d	0.50000000	0.50000000	0.00000000	0.00000000	10.00000000	0.00000000	0.00000000
S0	f	0.06482903	0.54942408	0.00000000	0.00000000	10.00000000	0.00000000	0.00000000
S1	f	0.44779785	0.92800490	0.00000000	0.00000000	10.00000000	0.00000000	0.00000000
S2	f	0.38789284	0.68134544	0.00000000	0.00000000	10.00000000	0.00000000	0.00000000
S3	f	0.00230782	0.06057695	0.00000000	0.00000000	10.00000000	0.00000000	0.00000000
S4	f	0.33382149	0.78838791	0.00000000	0.00000000	10.00000000	0.00000000	0.00000000
S5	f	0.14613596	0.90405671	0.00000000	0.00000000	10.00000000	0.00000000	0.00000000
S6	f	0.65910576	0.08345708	0.00000000	0.00000000	10.00000000	0.00000000	0.00000000
S7	f	0.09847362	0.02723819	0.00000000	0.00000000	10.00000000	0.00000000	0.00000000
S8	f	0.93107764	0.87769214	0.00000000	0.00000000	10.00000000	0.00000000	0.00000000
S9	f	0.33345964	0.18402383	0.00000000	0.00000000	10.00000000	0.00000000	0.00000000
C1	c	0.89004593	0.59784327	0.08657872	0.00000000	8.00000000	0.01136687	0.00000000
C2	c	0.18588146	0.54994438	0.10691430	0.06000000	8.06000000	0.02012162	0.00000000
C3	c	0.19223637	0.90896181	0.09677381	0.12000000	8.12000000	0.02070401	0.00000000
C4	c	0.62161603	0.03715266	0.05222973	0.18000000	8.18000000	0.02781230	0.00000000
C5	c	0.33669353	0.58088864	0.08097105	0.24000000	8.24000000	0.01766152	0.00000000
C6	c	0.74198424	0.28758211	0.16503438	0.30000000	8.30000000	0.01089485	0.00000000
C7	c	0.15813246	0.48391333	0.14820468	0.36000000	8.36000000	0.02066779	0.00000000
C8	c	0.64613370	0.19662394	0.13747113	0.42000000	8.42000000	0.02659014	0.00000000
C9	c	0.03519666	0.02968151	0.06812740	0.48000000	8.48000000	0.02699347	0.00000000
C10	c	0.26350547	0.47363623	0.04011251	0.54000000	8.54000000	0.02631990	0.00000000
C11	c	0.42881496	0.13951744	0.01987044	0.60000000	8.60000000	0.01186467	0.00000000
C12	c	0.19437144	0.39900404	0.17646652	0.66000000	8.66000000	0.01962709	0.00000000
C13	c	0.94481615	0.96502493	0.16712015	0.72000000	8.72000000	0.01878524	0.00000000
C14	c	0.75870835	0.77656556	0.06362331	0.78000000	8.78000000	0.02901266	0.00000000
C15	c	0.29610715	0.40012044	0.13713334	0.84000000	8.84000000	0.02845731	0.00000000
C16	c	0.10635577	0.71759131	0.16848339	0.90000000	8.90000000	0.02636342	0.00000000
C17	c	0.11618988	0.96611228	0.16222803	0.96000000	8.96000000	0.02957101	0.00000000
C18	c	0.40448431	0.41145967	0.07994229	1.02000000	9.02000000	0.02295334	0.00000000
C19	c	0.22398160	0.84532012	0.12603792	1.08000000	9.08000000	0.01233052	0.00000000
C20	c	0.06482903	0.54942408	0.07476285	1.14000000	9.14000000	0.02951657	0.00000000
C21	c	0.15336676	0.78830944	0.05889606	1.20000000	9.20000000	0.01798069	0.00000000
C22	c	0.92819179	0.17612074	0.05871790	1.26000000	9.26000000	0.02501162	0.00000000
C23	c	0.09137232	0.61957858	0.14132874	1.32000000	9.32000000	0.02891329	0.00000000
C24	c	0.18030511	0.69686029	0.04575945	1.38000000	9.38000000	0.02798103	0.00000000
C25	c	0.21738356	0.59670479	0.09725127	1.44000000	9.44000000	0.02477898	0.00000000
C26	c	0.42181661	0.29922442	0.08540357	1.50000000	9.50000000	0.02073026	0.00000000
C27	c	0.54582584	0.54645462	0.02923027	1.56000000	9.56000000	0.01061288	0.00000000
C28	c	0.30944653	0.36149986	0.04141306	1.62000000	9.62000000	0.01249634	0.00000000
C29	c	0.85076402	0.18666540	0.01705860	1.68000000	9.68000000	0.01426211	0.00000000
C30	c	0.00382654	0.60777932	0.13440084	1.74000000	9.74000000	0.02199125	0.00000000
C31	c	0.76777053	0.08150742	0.08897094	1.80000000	9.80000000	0.02615277	0.00000000
C32	c	0.51596682	0.94326438	0.10188114	1.86000000	9.86000000	0.01599691	0.00000000
C33	c	0.63676338	0.31369550	0.08193862	1.92000000	9.92000000	0.02192391	0.00000000
C34	c	0.84944180	0.49320394	0.04607841	1.98000000	9.98000000	0.01732823	0.00000000
C35	c	0.59136315	0.53117526	0.11636889	2.00000000	10.00000000	0.02970879	0.00000000
C36	c	0.96026817	0.70146458	0.02349510	2.00000000	10.00000000	0.02340336	0.00000000
C37	c	0.40979640	0.45827891	0.10930843	2.00000000	10.00000000	0.02288824	0.00000000
C38	c	0.44779785	0.92800490	0.01784977	2.00000000	10.00000000	0.02813495	0.00000000
C39	c	0.53481705	0.78872160	0.01355473	2.00000000	10.00000000	0.01910892	0.00000000
C40	c	0.95641029	0.43983735	0.18995480	2.00000000	10.00000000	0.01915776	0.00000000
C41	c	0.67777259	0.15865601	0.07158584	2.00000000	10.00000000	0.01765447	0.00000000
C42	c	0.70496575	0.24005322	0.06515467	2.00000000	10.00000000	0.01083521	0.00000000
C43	c	0.59233177	0.61088991	0.04531188	2.00000000	10.00000000	0.01585461	0.00000000
C44	c	0.31695001	0.00228719	0.06593181	2.00000000	10.00000000	0.01110945	0.00000000
C45	c	0.80211669	0.12065366	0.10650256	2.00000000	10.00000000	0.02618898	0.00000000
C46	c	0.59323080	0.17551170	0.14965248	2.00000000	10.00000000	0.01054279	0.00000000
C47	c	0.19331584	0.98372899	0.01421608	2.00000000	10.00000000	0.02947980	0.00000000
C48	c	0.65376994	0.60512180	0.11740931	2.00000000	10.00000000	0.02246342	0.00000000
C49	c	0.41167593	0.49859976	0.11226341	2.00000000	10.00000000	0.01142487	0.00000000
C50	c	0.91996482	0.73740410	0.09502543	2.00000000	10.00000000	0.01686402	0.00000000

Q Vehicle fuel tank capacity /0.40000000/
C Vehicle load capacity /1.50000000/
r fuel consumption rate /0.25000000/
g inverse refueling rate /1.00000000/
v average Velocity /1.00000000/
