StringID	Type	x	y	demand	ReadyTime	DueDate	ServiceTime	altitude
D0	d	0.50000000	0.50000000	0.00000000	0.00000000	10.00000000	0.00000000	0.00000000
S0	f	0.26146602	0.82513088	0.00000000	0.00000000	10.00000000	0.00000000	0.00000000
S1	f	0.60929294	0.00778387	0.00000000	0.00000000	10.00000000	0.00000000	0.00000000
S2	f	0.10491148	0.21599545	0.00000000	0.00000000	10.00000000	0.00000000	0.00000000
S3	f	0.50486540	0.37619379	0.00000000	0.00000000	10.00000000	0.00000000	0.00000000
S4	f	0.10090808	0.99320301	0.00000000	0.00000000	10.00000000	0.00000000	0.00000000
S5	f	0.69880861	0.99758475	0.00000000	0.00000000	10.00000000	0.00000000	0.00000000
S6	f	0.24083337	0.13396848	0.00000000	0.00000000	10.00000000	0.00000000	0.00000000
S7	f	0.71843573	0.01549753	0.00000000	0.00000000	10.00000000	0.00000000	0.00000000
S8	f	0.79053096	0.51792166	0.00000000	0.00000000	10.00000000	0.00000000	0.00000000
S9	f	0.79397800	0.32300607	0.00000000	0.00000000	10.00000000	0.00000000	0.00000000
C1	c	0.41561014	0.51521836	0.06200054	0.00000000	8.00000000	0.01638228	0.00000000
C2	c	0.65591196	0.58460729	0.01636297	0.06000000	8.06000000	0.02220256	0.00000000
C3	c	0.40380109	0.12497648	0.01934650	0.12000000	8.12000000	0.01801970	0.00000000
C4	c	0.41996733	0.17102329	0.06684250	0.18000000	8.18000000	0.01500042	0.00000000
C5	c	0.18568731	0.42624222	0.15727202	0.24000000	8.24000000	0.01549926	0.00000000
C6	c	0.55800004	0.78451625	0.08801593	0.30000000	8.30000000	0.01731028	0.00000000
C7	c	0.14681548	0.97102488	0.11512610	0.36000000	8.36000000	0.02809856	0.00000000
C8	c	0.80560699	0.72587479	0.10519574	0.42000000	8.42000000	0.01997137	0.00000000
C9	c	0.99785333	0.24835130	0.09835760	0.48000000	8.48000000	0.02253016	0.00000000
C10	c	0.52088473	0.72926095	0.03015181	0.54000000	8.54000000	0.02664966	0.00000000
C11	c	0.62339089	0.38136592	0.12909745	0.60000000	8.60000000	0.01230900	0.00000000
C12	c	0.71179492	0.06424703	0.14539162	0.66000000	8.66000000	0.01414205	0.00000000
C13	c	0.20568252	0.37186610	0.14800271	0.72000000	8.72000000	0.02820112	0.00000000
C14	c	0.34907104	0.81230221	0.10601146	0.78000000	8.78000000	0.01885700	0.00000000
C15	c	0.50539015	0.99607160	0.04610464	0.84000000	8.84000000	0.02402753	0.00000000
C16	c	0.03260645	0.48044508	0.15542422	0.90000000	8.90000000	0.01738090	0.00000000
C17	c	0.09962630	0.41060365	0.02942586	0.96000000	8.96000000	0.02678163	0.00000000
C18	c	0.22639464	0.47574896	0.05959580	1.02000000	9.02000000	0.02438784	0.00000000
C19	c	0.26146602	0.82513088	0.11928721	1.08000000	9.08000000	0.02702078	0.00000000
C20	c	0.26035516	0.53509311	0.11150315	1.14000000	9.14000000	0.02106799	0.00000000
C21	c	0.95384779	0.54593119	0.14880971	1.20000000	9.20000000	0.02804955	0.00000000
C22	c	0.51009844	0.32846491	0.03277992	1.26000000	9.26000000	0.02542037	0.00000000
C23	c	0.16846051	0.92120711	0.10858357	1.32000000	9.32000000	0.01385653	0.00000000
C24	c	0.30990451	0.61212893	0.15550282	1.38000000	9.38000000	0.01356692	0.00000000
C25	c	0.21795366	0.04843152	0.12260921	1.44000000	9.44000000	0.02865897	0.00000000
C26	c	0.52870281	0.64665110	0.10848569	1.50000000	9.50000000	0.02197177	0.00000000
C27	c	0.99820951	0.20634976	0.02510690	1.56000000	9.56000000	0.01150688	0.00000000
C28	c	0.20497695	0.09203316	0.08854934	1.62000000	9.62000000	0.02208814	0.00000000
C29	c	0.14734241	0.75498102	0.10087109	1.68000000	9.68000000	0.01988011	0.00000000
C30	c	0.51277318	0.86169069	0.15496816	1.74000000	9.74000000	0.02828908	0.00000000
C31	c	0.04159142	0.88168661	0.12692713	1.80000000	9.80000000	0.02249484	0.00000000
C32	c	0.28524506	0.76597223	0.14777361	1.86000000	9.86000000	0.02988497	0.00000000
C33	c	0.08735705	0.79916438	0.12162460	1.92000000	9.92000000	0.01009782	0.00000000
C34	c	0.32908531	0.47413939	0.07293496	1.98000000	9.98000000	0.01567754	0.00000000
C35	c	0.60929294	0.00778387	0.02152942	2.00000000	10.00000000	0.01453995	0.00000000
C36	c	0.15559656	0.20046156	0.02937689	2.00000000	10.00000000	0.01778318	0.00000000
C37	c	0.25482195	0.61717708	0.11155508	2.00000000	10.00000000	0.02338388	0.00000000
C38	c	0.66161570	0.12417689	0.01510304	2.00000000	10.00000000	0.02941641	0.00000000
C39	c	0.60347345	0.30368203	0.04439605	2.00000000	10.00000000	0.02892623	0.00000000
C40	c	0.44086865	0.81091193	0.03017626	2.00000000	10.00000000	0.02261258	0.00000000
C41	c	0.41508842	0.64541808	0.11127721	2.00000000	10.00000000	0.01128895	0.00000000
C42	c	0.45693787	0.55605719	0.07810889	2.00000000	10.00000000	0.01662416	0.00000000
C43	c	0.93920553	0.34357455	0.03296090	2.00000000	10.00000000	0.01930548	0.00000000
C44	c	0.62349685	0.80062967	0.11231441	2.00000000	10.00000000	0.02069763	0.00000000
C45	c	0.32111059	0.95840113	0.10382498	2.00000000	10.00000000	0.01366674	0.00000000
C46	c	0.80213078	0.84745958	0.11157663	2.00000000	10.00000000	0.02735407	0.00000000
C47	c	0.36675008	0.49575903	0.06324979	2.00000000	10.00000000	0.01243323	0.00000000
C48	c	0.97432759	0.60675143	0.10461849	2.00000000	10.00000000	0.02662673	0.00000000
C49	c	0.55548961	0.25223058	0.06103342	2.00000000	10.00000000	0.01386357	0.00000000
C50	c	0.10491148	0.21599545	0.14485602	2.00000000	10.00000000	0.01165975	0.00000000

Q Vehicle fuel tank capacity /0.40000000/
C Vehicle load capacity /1.50000000/
r fuel consumption rate /0.25000000/
g inverse refueling rate /1.00000000/
v average Velocity /1.00000000/
