StringID	Type	x	y	demand	ReadyTime	DueDate	ServiceTime	altitude
D0	d	0.50000000	0.50000000	0.00000000	0.00000000	10.00000000	0.00000000	0.00000000
S0	f	0.67994628	0.87905629	0.00000000	0.00000000	10.00000000	0.00000000	0.00000000
S1	f	0.36340811	0.35796303	0.00000000	0.00000000	10.00000000	0.00000000	0.00000000
S2	f	0.11537735	0.86852039	0.00000000	0.00000000	10.00000000	0.00000000	0.00000000
S3	f	0.19697297	0.22214648	0.00000000	0.00000000	10.00000000	0.00000000	0.00000000
S4	f	0.10531129	0.70974048	0.00000000	0.00000000	10.00000000	0.00000000	0.00000000
S5	f	0.85062819	0.69002681	0.00000000	0.00000000	10.00000000	0.00000000	0.00000000
S6	f	0.52608593	0.65680755	0.00000000	0.00000000	10.00000000	0.00000000	0.00000000
S7	f	0.16160532	0.11556381	0.00000000	0.00000000	10.00000000	0.00000000	0.00000000
S8	f	0.49196121	0.90772169	0.00000000	0.00000000	10.00000000	0.00000000	0.00000000
S9	f	0.63383012	0.25290113	0.00000000	0.00000000	10.00000000	0.00000000	0.00000000
C1	c	1.00000000	0.95234799	0.02376381	0.00000000	8.00000000	0.01961052	0.00000000
C2	c	0.93784624	0.88250670	0.13671435	0.06000000	8.06000000	0.02137912	0.00000000
C3	c	1.00000000	0.98366258	0.04873582	0.12000000	8.12000000	0.02076218	0.00000000
C4	c	0.69453179	0.12423937	0.14514954	0.18000000	8.18000000	0.02826859	0.00000000
C5	c	0.60098724	0.32848862	0.10482033	0.24000000	8.24000000	0.01383635	0.00000000
C6	c	0.59202121	0.22676015	0.07600015	0.30000000	8.30000000	0.01748917	0.00000000
C7	c	0.66328794	0.22491577	0.09272075	0.36000000	8.36000000	0.01371694	0.00000000
C8	c	0.75306639	0.23913458	0.07612984	0.42000000	8.42000000	0.02919428	0.00000000
C9	c	0.57359996	0.22599303	0.03709726	0.48000000	8.48000000	0.02834322	0.00000000
C10	c	0.93007102	0.83486243	0.05995055	0.54000000	8.54000000	0.02486891	0.00000000
C11	c	0.89122887	0.83618962	0.13292288	0.60000000	8.60000000	0.01616458	0.00000000
C12	c	0.85849786	0.93440540	0.08830371	0.66000000	8.66000000	0.01255577	0.00000000
C13	c	0.87192321	0.80411109	0.07544508	0.72000000	8.72000000	0.01712307	0.00000000
C14	c	0.99719548	0.88590702	0.09720759	0.78000000	8.78000000	0.02426180	0.00000000
C15	c	0.26442776	0.50016968	0.02136130	0.84000000	8.84000000	0.02725845	0.00000000
C16	c	0.16323755	0.55784034	0.11077808	0.90000000	8.90000000	0.02924699	0.00000000
C17	c	0.27438233	0.43332055	0.04688083	0.96000000	8.96000000	0.01086583	0.00000000
C18	c	0.23010818	0.63276041	0.14031405	1.02000000	9.02000000	0.01139295	0.00000000
C19	c	1.00000000	0.81748881	0.08976775	1.08000000	9.08000000	0.01318130	0.00000000
C20	c	0.96451874	0.97999947	0.13649650	1.14000000	9.14000000	0.01319863	0.00000000
C21	c	1.00000000	0.89232078	0.04941778	1.20000000	9.20000000	0.02608705	0.00000000
C22	c	0.93116603	0.86633304	0.14633657	1.26000000	9.26000000	0.01372107	0.00000000
C23	c	0.93680519	0.72582694	0.14010869	1.32000000	9.32000000	0.02072408	0.00000000
C24	c	1.00000000	0.87791323	0.14038294	1.38000000	9.38000000	0.01198165	0.00000000
C25	c	0.95378498	0.83472404	0.11330774	1.44000000	9.44000000	0.01377575	0.00000000
C26	c	0.29006147	0.99902043	0.07401677	1.50000000	9.50000000	0.02078221	0.00000000
C27	c	0.75741524	0.47000257	0.10773379	1.56000000	9.56000000	0.01726111	0.00000000
C28	c	0.71664190	0.08911622	0.02194740	1.62000000	9.62000000	0.01910365	0.00000000
C29	c	0.96673211	0.46858965	0.14192257	1.68000000	9.68000000	0.02133297	0.00000000
C30	c	0.72870304	0.16755053	0.07382362	1.74000000	9.74000000	0.02892432	0.00000000
C31	c	0.82902402	0.59736896	0.10938262	1.80000000	9.80000000	0.02542056	0.00000000
C32	c	0.88564940	0.73126058	0.03266983	1.86000000	9.86000000	0.02671872	0.00000000
C33	c	0.58767299	0.88190486	0.12309708	1.92000000	9.92000000	0.01159193	0.00000000
C34	c	0.58706008	0.61520773	0.09142849	1.98000000	9.98000000	0.01639344	0.00000000
C35	c	0.64188369	0.67460416	0.13083810	2.00000000	10.00000000	0.02689365	0.00000000
C36	c	0.43734790	0.57302739	0.10973225	2.00000000	10.00000000	0.01120534	0.00000000
C37	c	0.38419240	0.62025932	0.09010300	2.00000000	10.00000000	0.01896240	0.00000000
C38	c	0.32498870	0.32526353	0.13032620	2.00000000	10.00000000	0.02396608	0.00000000
C39	c	0.52395918	0.25894696	0.09001921	2.00000000	10.00000000	0.02213560	0.00000000
C40	c	0.48052618	0.56895619	0.09386716	2.00000000	10.00000000	0.02139143	0.00000000
C41	c	0.53810895	0.91342961	0.09751391	2.00000000	10.00000000	0.02176909	0.00000000
C42	c	0.19181775	0.37445835	0.10198699	2.00000000	10.00000000	0.02873888	0.00000000
C43	c	0.18584684	0.95971414	0.06955269	2.00000000	10.00000000	0.02048517	0.00000000
C44	c	0.30822888	0.12778867	0.08810086	2.00000000	10.00000000	0.01652215	0.00000000
C45	c	0.35615343	0.71308979	0.06228602	2.00000000	10.00000000	0.02553708	0.00000000
C46	c	0.04329133	0.06964732	0.09455774	2.00000000	10.00000000	0.01923412	0.00000000
C47	c	0.15906493	0.15993140	0.05419253	2.00000000	10.00000000	0.01303052	0.00000000
C48	c	0.80435226	0.18605356	0.05423011	2.00000000	10.00000000	0.01955598	0.00000000
C49	c	0.53620392	0.09908271	0.08139295	2.00000000	10.00000000	0.02212019	0.00000000
C50	c	0.36305559	0.45518236	0.04516425	2.00000000	10.00000000	0.02549182	0.00000000

Q Vehicle fuel tank capacity /0.40000000/
C Vehicle load capacity /1.50000000/
r fuel consumption rate /0.25000000/
g inverse refueling rate /1.00000000/
v average Velocity /1.00000000/
