StringID	Type	x	y	demand	ReadyTime	DueDate	ServiceTime	altitude
D0	d	0.50000000	0.50000000	0.00000000	0.00000000	10.00000000	0.00000000	0.00000000
S0	f	0.52976347	0.95622597	0.00000000	0.00000000	10.00000000	0.00000000	0.00000000
S1	f	0.77802242	0.05808168	0.00000000	0.00000000	10.00000000	0.00000000	0.00000000
S2	f	0.24977222	0.06158234	0.00000000	0.00000000	10.00000000	0.00000000	0.00000000
S3	f	0.39237970	0.62561574	0.00000000	0.00000000	10.00000000	0.00000000	0.00000000
S4	f	0.19211592	0.63775973	0.00000000	0.00000000	10.00000000	0.00000000	0.00000000
S5	f	0.12054343	0.09636734	0.00000000	0.00000000	10.00000000	0.00000000	0.00000000
S6	f	0.75988743	0.33946151	0.00000000	0.00000000	10.00000000	0.00000000	0.00000000
S7	f	0.85487886	0.86056656	0.00000000	0.00000000	10.00000000	0.00000000	0.00000000
S8	f	0.15786207	0.66876937	0.00000000	0.00000000	10.00000000	0.00000000	0.00000000
S9	f	0.74948418	0.60904603	0.00000000	0.00000000	10.00000000	0.00000000	0.00000000
C1	c	0.17934709	0.52159755	0.07401005	0.00000000	8.00000000	0.01553768	0.00000000
C2	c	0.62153156	0.64715887	0.02912284	0.06000000	8.06000000	0.01509975	0.00000000
C3	c	0.21427575	0.81492217	0.07029666	0.12000000	8.12000000	0.01946421	0.00000000
C4	c	0.39343107	0.19324290	0.05139125	0.18000000	8.18000000	0.02216879	0.00000000
C5	c	0.61101316	0.41297074	0.07916242	0.24000000	8.24000000	0.01211270	0.00000000
C6	c	0.27708482	0.47240647	0.04379032	0.30000000	8.30000000	0.02078381	0.00000000
C7	c	0.20337385	0.30349164	0.15886405	0.36000000	8.36000000	0.02691469	0.00000000
C8	c	0.64787311	0.54567240	0.03848742	0.42000000	8.42000000	0.02368323	0.00000000
C9	c	0.82401539	0.47294906	0.05561890	0.48000000	8.48000000	0.01356377	0.00000000
C10	c	0.37506384	0.43209585	0.14288609	0.54000000	8.54000000	0.02267947	0.00000000
C11	c	0.70187922	0.67362588	0.17647887	0.60000000	8.60000000	0.01040284	0.00000000
C12	c	0.56565637	0.05042865	0.02432239	0.66000000	8.66000000	0.02991215	0.00000000
C13	c	0.66112962	0.38546129	0.14639681	0.72000000	8.72000000	0.01628496	0.00000000
C14	c	0.09788404	0.91821184	0.03524941	0.78000000	8.78000000	0.02999322	0.00000000
C15	c	0.61134725	0.21224685	0.05594489	0.84000000	8.84000000	0.01604073	0.00000000
C16	c	0.99910729	0.33484429	0.08616277	0.90000000	8.90000000	0.02234577	0.00000000
C17	c	0.99229795	0.00783403	0.12720523	0.96000000	8.96000000	0.01524416	0.00000000
C18	c	0.16976376	0.38627508	0.17398477	1.02000000	9.02000000	0.02651898	0.00000000
C19	c	0.02409907	0.43152934	0.03198381	1.08000000	9.08000000	0.02360622	0.00000000
C20	c	0.52976347	0.95622597	0.08899391	1.14000000	9.14000000	0.01208392	0.00000000
C21	c	0.82942950	0.90770876	0.01753955	1.20000000	9.20000000	0.02359129	0.00000000
C22	c	0.95626876	0.78183455	0.12255248	1.26000000	9.26000000	0.01859968	0.00000000
C23	c	0.86680282	0.35444443	0.04637840	1.32000000	9.32000000	0.02377490	0.00000000
C24	c	0.54848256	0.81972170	0.02316646	1.38000000	9.38000000	0.01929773	0.00000000
C25	c	0.87905590	0.21274615	0.10607785	1.44000000	9.44000000	0.02568093	0.00000000
C26	c	0.57633386	0.60045568	0.03462395	1.50000000	9.50000000	0.02366862	0.00000000
C27	c	0.48323651	0.27771322	0.13721289	1.56000000	9.56000000	0.01404809	0.00000000
C28	c	0.54639664	0.15328836	0.06056880	1.62000000	9.62000000	0.02328260	0.00000000
C29	c	0.80452550	0.78585053	0.10521431	1.68000000	9.68000000	0.01744935	0.00000000
C30	c	0.42817199	0.34702551	0.01849753	1.74000000	9.74000000	0.02451576	0.00000000
C31	c	0.63240239	0.71924421	0.14458472	1.80000000	9.80000000	0.02211802	0.00000000
C32	c	0.29584401	0.54086459	0.08822674	1.86000000	9.86000000	0.02702823	0.00000000
C33	c	0.75177386	0.94422321	0.04155552	1.92000000	9.92000000	0.02547863	0.00000000
C34	c	0.99583060	0.08700491	0.06787059	1.98000000	9.98000000	0.01580520	0.00000000
C35	c	0.48993814	0.23322677	0.19957732	2.00000000	10.00000000	0.02058086	0.00000000
C36	c	0.17145954	0.56203126	0.01793840	2.00000000	10.00000000	0.01326306	0.00000000
C37	c	0.77802242	0.05808168	0.10899911	2.00000000	10.00000000	0.02648322	0.00000000
C38	c	0.47395239	0.90474139	0.18547587	2.00000000	10.00000000	0.01485763	0.00000000
C39	c	0.38859877	0.07018272	0.09601862	2.00000000	10.00000000	0.01259116	0.00000000
C40	c	0.77586866	0.74773066	0.13637801	2.00000000	10.00000000	0.01963517	0.00000000
C41	c	0.72670060	0.39091785	0.21249324	2.00000000	10.00000000	0.01029496	0.00000000
C42	c	0.71493830	0.15366880	0.02462834	2.00000000	10.00000000	0.02519428	0.00000000
C43	c	0.20705077	0.24115223	0.03042945	2.00000000	10.00000000	0.02967471	0.00000000
C44	c	0.22752890	0.39690749	0.01679309	2.00000000	10.00000000	0.01956163	0.00000000
C45	c	0.93143354	0.16318482	0.08299944	2.00000000	10.00000000	0.02750655	0.00000000
C46	c	0.97649530	0.50465902	0.05979019	2.00000000	10.00000000	0.02613265	0.00000000
C47	c	0.27452203	0.29614601	0.13207667	2.00000000	10.00000000	0.01701808	0.00000000
C48	c	0.60824167	0.31197864	0.16639789	2.00000000	10.00000000	0.02297743	0.00000000
C49	c	0.75479234	0.00984018	0.20768066	2.00000000	10.00000000	0.01794313	0.00000000
C50	c	0.03227139	0.93902555	0.11790104	2.00000000	10.00000000	0.01194463	0.00000000

Q Vehicle fuel tank capacity /0.40000000/
C Vehicle load capacity /1.50000000/
r fuel consumption rate /0.25000000/
g inverse refueling rate /1.00000000/
v average Velocity /1.00000000/
