StringID	Type	x	y	demand	ReadyTime	DueDate	ServiceTime	altitude
D0	d	0.50000000	0.50000000	0.00000000	0.00000000	10.00000000	0.00000000	0.00000000
S0	f	0.35465833	0.33102797	0.00000000	0.00000000	10.00000000	0.00000000	0.00000000
S1	f	0.58318664	0.97495663	0.00000000	0.00000000	10.00000000	0.00000000	0.00000000
S2	f	0.81662939	0.31100308	0.00000000	0.00000000	10.00000000	0.00000000	0.00000000
S3	f	0.25665413	0.72155965	0.00000000	0.00000000	10.00000000	0.00000000	0.00000000
S4	f	0.91667172	0.45697307	0.00000000	0.00000000	10.00000000	0.00000000	0.00000000
S5	f	0.36281349	0.23680926	0.00000000	0.00000000	10.00000000	0.00000000	0.00000000
S6	f	0.52667911	0.97749536	0.00000000	0.00000000	10.00000000	0.00000000	0.00000000
S7	f	0.78175667	0.12680522	0.00000000	0.00000000	10.00000000	0.00000000	0.00000000
S8	f	0.22109712	0.35594793	0.00000000	0.00000000	10.00000000	0.00000000	0.00000000
S9	f	0.32887433	0.03345161	0.00000000	0.00000000	10.00000000	0.00000000	0.00000000
C1	c	0.99447074	0.10054373	0.04403204	0.00000000	8.00000000	0.02490860	0.00000000
C2	c	0.14489687	0.19663017	0.02444104	0.06000000	8.06000000	0.01754153	0.00000000
C3	c	0.74104268	0.79462294	0.13032151	0.12000000	8.12000000	0.02592657	0.00000000
C4	c	0.78825100	0.86937026	0.15682015	0.18000000	8.18000000	0.02283866	0.00000000
C5	c	0.71003695	0.60230647	0.15097323	0.24000000	8.24000000	0.01081454	0.00000000
C6	c	0.22203711	0.97412714	0.09250586	0.30000000	8.30000000	0.01133908	0.00000000
C7	c	0.84098099	0.17613545	0.11145754	0.36000000	8.36000000	0.02030604	0.00000000
C8	c	0.20631342	0.85655972	0.15890636	0.42000000	8.42000000	0.02517361	0.00000000
C9	c	0.14629973	0.76111062	0.09910566	0.48000000	8.48000000	0.02389395	0.00000000
C10	c	0.13634893	0.92735559	0.06103492	0.54000000	8.54000000	0.01312155	0.00000000
C11	c	0.53570533	0.11658424	0.10332596	0.60000000	8.60000000	0.02447494	0.00000000
C12	c	0.71927636	0.33600809	0.11187984	0.66000000	8.66000000	0.01028845	0.00000000
C13	c	0.94762021	0.31648412	0.11458741	0.72000000	8.72000000	0.02971814	0.00000000
C14	c	0.79142610	0.53216222	0.05535335	0.78000000	8.78000000	0.02855083	0.00000000
C15	c	0.88164566	0.93803698	0.12083429	0.84000000	8.84000000	0.01511558	0.00000000
C16	c	0.49786973	0.04638506	0.01938852	0.90000000	8.90000000	0.02723105	0.00000000
C17	c	0.86333713	0.64086666	0.03929560	0.96000000	8.96000000	0.01964231	0.00000000
C18	c	0.90405431	0.59876516	0.03177777	1.02000000	9.02000000	0.01145131	0.00000000
C19	c	0.35465833	0.33102797	0.05360609	1.08000000	9.08000000	0.01894932	0.00000000
C20	c	0.74938820	0.60951960	0.14711215	1.14000000	9.14000000	0.02401252	0.00000000
C21	c	0.34044387	0.55553244	0.07150635	1.20000000	9.20000000	0.01923015	0.00000000
C22	c	0.60515617	0.32993381	0.10814821	1.26000000	9.26000000	0.02320569	0.00000000
C23	c	0.54653710	0.53104384	0.07757954	1.32000000	9.32000000	0.01747023	0.00000000
C24	c	0.61079381	0.09210093	0.15437815	1.38000000	9.38000000	0.01826755	0.00000000
C25	c	0.87634186	0.43352170	0.12534477	1.44000000	9.44000000	0.01262679	0.00000000
C26	c	0.29297399	0.12035867	0.13351341	1.50000000	9.50000000	0.02172844	0.00000000
C27	c	0.45914412	0.24358347	0.14915825	1.56000000	9.56000000	0.02744318	0.00000000
C28	c	0.28555820	0.41039608	0.10378483	1.62000000	9.62000000	0.01037856	0.00000000
C29	c	0.38786179	0.75049989	0.08489452	1.68000000	9.68000000	0.02689350	0.00000000
C30	c	0.00203152	0.19934726	0.14442121	1.74000000	9.74000000	0.01317936	0.00000000
C31	c	0.01765525	0.80409473	0.06858124	1.80000000	9.80000000	0.01929008	0.00000000
C32	c	0.41912898	0.09555513	0.10444636	1.86000000	9.86000000	0.02406782	0.00000000
C33	c	0.03678943	0.41588124	0.02776174	1.92000000	9.92000000	0.02419312	0.00000000
C34	c	0.31342934	0.52145514	0.11858041	1.98000000	9.98000000	0.02522472	0.00000000
C35	c	0.69611647	0.91617607	0.02002783	2.00000000	10.00000000	0.02878519	0.00000000
C36	c	0.04243039	0.52521290	0.11158732	2.00000000	10.00000000	0.01713122	0.00000000
C37	c	0.58318664	0.97495663	0.06701349	2.00000000	10.00000000	0.01905805	0.00000000
C38	c	0.81732502	0.46671786	0.09298081	2.00000000	10.00000000	0.02908370	0.00000000
C39	c	0.06387814	0.14635800	0.08898893	2.00000000	10.00000000	0.01732632	0.00000000
C40	c	0.45259821	0.48798550	0.13665447	2.00000000	10.00000000	0.01995646	0.00000000
C41	c	0.44805504	0.00658807	0.02650112	2.00000000	10.00000000	0.02950484	0.00000000
C42	c	0.94173411	0.23911885	0.07379731	2.00000000	10.00000000	0.01003959	0.00000000
C43	c	0.81717621	0.99149718	0.08897227	2.00000000	10.00000000	0.02993167	0.00000000
C44	c	0.66072511	0.13625564	0.06806859	2.00000000	10.00000000	0.01461318	0.00000000
C45	c	0.88356478	0.53762988	0.04887521	2.00000000	10.00000000	0.01178072	0.00000000
C46	c	0.11429147	0.41922193	0.04779470	2.00000000	10.00000000	0.01389232	0.00000000
C47	c	0.31468036	0.92680936	0.06512319	2.00000000	10.00000000	0.01827759	0.00000000
C48	c	0.85525713	0.88185335	0.07664972	2.00000000	10.00000000	0.02246620	0.00000000
C49	c	0.10208319	0.19518641	0.11870874	2.00000000	10.00000000	0.02714838	0.00000000
C50	c	0.36786087	0.66722578	0.06939802	2.00000000	10.00000000	0.01505546	0.00000000

Q Vehicle fuel tank capacity /0.40000000/
C Vehicle load capacity /1.50000000/
r fuel consumption rate /0.25000000/
g inverse refueling rate /1.00000000/
v average Velocity /1.00000000/
