StringID	Type	x	y	demand	ReadyTime	DueDate	ServiceTime	altitude
D0	d	0.50000000	0.50000000	0.00000000	0.00000000	10.00000000	0.00000000	0.00000000
S0	f	0.36978879	0.04053725	0.00000000	0.00000000	10.00000000	0.00000000	0.00000000
S1	f	0.92748633	0.12234614	0.00000000	0.00000000	10.00000000	0.00000000	0.00000000
S2	f	0.57951286	0.35013719	0.00000000	0.00000000	10.00000000	0.00000000	0.00000000
S3	f	0.72803556	0.02718693	0.00000000	0.00000000	10.00000000	0.00000000	0.00000000
S4	f	0.79362600	0.32961829	0.00000000	0.00000000	10.00000000	0.00000000	0.00000000
S5	f	0.54723690	0.92667350	0.00000000	0.00000000	10.00000000	0.00000000	0.00000000
C1	c	0.54431539	0.06367629	0.18516887	0.00000000	8.00000000	0.01974198	0.00000000
C2	c	0.45813064	0.18576393	0.28737031	0.10000000	8.10000000	0.01985505	0.00000000
C3	c	0.47157887	0.01948694	0.02487045	0.20000000	8.20000000	0.01778737	0.00000000
C4	c	0.64144749	0.49525577	0.18487484	0.30000000	8.30000000	0.02724204	0.00000000
C5	c	0.42828545	0.82334472	0.07812870	0.40000000	8.40000000	0.02767669	0.00000000
C6	c	0.36301394	0.20617804	0.06755226	0.50000000	8.50000000	0.02857046	0.00000000
C7	c	0.64640887	0.79262279	0.17334054	0.60000000	8.60000000	0.02823567	0.00000000
C8	c	0.04206962	0.08118374	0.10637491	0.70000000	8.70000000	0.02487584	0.00000000
C9	c	0.47679315	0.80965344	0.25445726	0.80000000	8.80000000	0.02095555	0.00000000
C10	c	0.78293594	0.08183384	0.15198732	0.90000000	8.90000000	0.01034758	0.00000000
C11	c	0.72959144	0.21350886	0.17924409	1.00000000	9.00000000	0.01410630	0.00000000
C12	c	0.93592791	0.57299385	0.11732084	1.10000000	9.10000000	0.01001921	0.00000000
C13	c	0.60358615	0.81175897	0.22285561	1.20000000	9.20000000	0.02515788	0.00000000
C14	c	0.40461287	0.99635670	0.05058303	1.30000000	9.30000000	0.02261918	0.00000000
C15	c	0.27108764	0.56493990	0.27202819	1.40000000	9.40000000	0.01012469	0.00000000
C16	c	0.02602221	0.29631673	0.09699959	1.50000000	9.50000000	0.01684954	0.00000000
C17	c	0.41811631	0.23457994	0.03413402	1.60000000	9.60000000	0.01717318	0.00000000
C18	c	0.61539938	0.31770483	0.29238922	1.70000000	9.70000000	0.02729752	0.00000000
C19	c	0.85029486	0.01329899	0.07381849	1.80000000	9.80000000	0.01576113	0.00000000
C20	c	0.36978879	0.04053725	0.04202833	1.90000000	9.90000000	0.01295334	0.00000000
C21	c	0.86392917	0.18918059	0.30958093	2.00000000	10.00000000	0.02216702	0.00000000
C22	c	0.95566367	0.95386796	0.12623035	2.00000000	10.00000000	0.02432100	0.00000000
C23	c	0.76765790	0.66025682	0.16485198	2.00000000	10.00000000	0.02630495	0.00000000
C24	c	0.20142539	0.60021623	0.07337942	2.00000000	10.00000000	0.01597267	0.00000000
C25	c	0.46942109	0.09059688	0.03424103	2.00000000	10.00000000	0.02302304	0.00000000
C26	c	0.82807232	0.24794940	0.04793000	2.00000000	10.00000000	0.01183727	0.00000000
C27	c	0.72202883	0.63669820	0.26939414	2.00000000	10.00000000	0.02228598	0.00000000
C28	c	0.67766316	0.14475545	0.28746058	2.00000000	10.00000000	0.01746741	0.00000000
C29	c	0.53130003	0.18624105	0.06591721	2.00000000	10.00000000	0.01126500	0.00000000
C30	c	0.17679325	0.81149864	0.22548748	2.00000000	10.00000000	0.02354414	0.00000000

Q Vehicle fuel tank capacity /0.40000000/
C Vehicle load capacity /1.50000000/
r fuel consumption rate /0.25000000/
g inverse refueling rate /1.00000000/
v average Velocity /1.00000000/
