StringID	Type	x	y	demand	ReadyTime	DueDate	ServiceTime	altitude
D0	d	0.50000000	0.50000000	0.00000000	0.00000000	10.00000000	0.00000000	0.00000000
S0	f	0.34523774	0.98889010	0.00000000	0.00000000	10.00000000	0.00000000	0.00000000
S1	f	0.63866058	0.62188487	0.00000000	0.00000000	10.00000000	0.00000000	0.00000000
S2	f	0.75001831	0.34503473	0.00000000	0.00000000	10.00000000	0.00000000	0.00000000
S3	f	0.16489624	0.60674642	0.00000000	0.00000000	10.00000000	0.00000000	0.00000000
S4	f	0.24310179	0.30055102	0.00000000	0.00000000	10.00000000	0.00000000	0.00000000
S5	f	0.04685612	0.89492217	0.00000000	0.00000000	10.00000000	0.00000000	0.00000000
S6	f	0.09112500	0.91025422	0.00000000	0.00000000	10.00000000	0.00000000	0.00000000
S7	f	0.90876591	0.01796273	0.00000000	0.00000000	10.00000000	0.00000000	0.00000000
S8	f	0.69829916	0.73960269	0.00000000	0.00000000	10.00000000	0.00000000	0.00000000
S9	f	0.05352827	0.08399450	0.00000000	0.00000000	10.00000000	0.00000000	0.00000000
C1	c	0.37316909	0.27668165	0.10444299	0.00000000	8.00000000	0.01231692	0.00000000
C2	c	0.84177849	0.70368140	0.14707615	0.06000000	8.06000000	0.02863072	0.00000000
C3	c	0.74366379	0.60635780	0.02416918	0.12000000	8.12000000	0.02411141	0.00000000
C4	c	0.80800831	0.02220398	0.09753942	0.18000000	8.18000000	0.02212247	0.00000000
C5	c	0.87514314	0.68116454	0.08130661	0.24000000	8.24000000	0.01584109	0.00000000
C6	c	0.47186844	0.13779925	0.15027557	0.30000000	8.30000000	0.02186309	0.00000000
C7	c	0.80879463	0.93793452	0.05709340	0.36000000	8.36000000	0.01250382	0.00000000
C8	c	0.91092846	0.78102884	0.08660252	0.42000000	8.42000000	0.01864954	0.00000000
C9	c	0.07643421	0.11732151	0.10930670	0.48000000	8.48000000	0.02626507	0.00000000
C10	c	0.31857323	0.28720943	0.10919253	0.54000000	8.54000000	0.02527187	0.00000000
C11	c	0.93007096	0.72243747	0.10721702	0.60000000	8.60000000	0.01111907	0.00000000
C12	c	0.01186102	0.16281004	0.14616940	0.66000000	8.66000000	0.02761681	0.00000000
C13	c	0.97957666	0.60811722	0.10802928	0.72000000	8.72000000	0.02421156	0.00000000
C14	c	0.27621770	0.02582325	0.12572667	0.78000000	8.78000000	0.02286701	0.00000000
C15	c	0.70444772	0.93204790	0.08081896	0.84000000	8.84000000	0.01138925	0.00000000
C16	c	0.51806289	0.08069342	0.08953844	0.90000000	8.90000000	0.01960280	0.00000000
C17	c	0.40341910	0.49083558	0.05261884	0.96000000	8.96000000	0.01375556	0.00000000
C18	c	0.94070698	0.52208664	0.10967006	1.02000000	9.02000000	0.01713772	0.00000000
C19	c	0.34523774	0.98889010	0.07831652	1.08000000	9.08000000	0.02394261	0.00000000
C20	c	0.85785815	0.74337021	0.15278022	1.14000000	9.14000000	0.02372561	0.00000000
C21	c	0.50084029	0.59210399	0.08297871	1.20000000	9.20000000	0.02028821	0.00000000
C22	c	0.24659570	0.73443358	0.01865355	1.26000000	9.26000000	0.01146123	0.00000000
C23	c	0.21120183	0.18730699	0.03077562	1.32000000	9.32000000	0.01090190	0.00000000
C24	c	0.30858360	0.58526648	0.07360174	1.38000000	9.38000000	0.02131977	0.00000000
C25	c	0.00367331	0.30979504	0.05930439	1.44000000	9.44000000	0.01984789	0.00000000
C26	c	0.75598856	0.29912378	0.06087187	1.50000000	9.50000000	0.01520054	0.00000000
C27	c	0.42121012	0.17166814	0.05922341	1.56000000	9.56000000	0.01177080	0.00000000
C28	c	0.44454650	0.59086787	0.14915306	1.62000000	9.62000000	0.02412181	0.00000000
C29	c	0.97854238	0.04654135	0.10432348	1.68000000	9.68000000	0.02355246	0.00000000
C30	c	0.05035369	0.58663935	0.05473915	1.74000000	9.74000000	0.01530760	0.00000000
C31	c	0.00281797	0.40125531	0.11428831	1.80000000	9.80000000	0.01035254	0.00000000
C32	c	0.64675172	0.35004212	0.01833367	1.86000000	9.86000000	0.02594981	0.00000000
C33	c	0.93284272	0.29321578	0.08944256	1.92000000	9.92000000	0.01940235	0.00000000
C34	c	0.81726040	0.29155679	0.06249218	1.98000000	9.98000000	0.02310508	0.00000000
C35	c	0.82024556	0.24784647	0.12537081	2.00000000	10.00000000	0.02661481	0.00000000
C36	c	0.41111772	0.24627374	0.15051808	2.00000000	10.00000000	0.01710854	0.00000000
C37	c	0.24078506	0.14729188	0.03793184	2.00000000	10.00000000	0.01171194	0.00000000
C38	c	0.63866058	0.62188487	0.04318549	2.00000000	10.00000000	0.02554225	0.00000000
C39	c	0.24862592	0.52097230	0.15515500	2.00000000	10.00000000	0.01724747	0.00000000
C40	c	0.30469885	0.37001315	0.13216321	2.00000000	10.00000000	0.01691638	0.00000000
C41	c	0.51785151	0.64782074	0.03846643	2.00000000	10.00000000	0.01779260	0.00000000
C42	c	0.17590768	0.32160504	0.12125636	2.00000000	10.00000000	0.02520073	0.00000000
C43	c	0.37887505	0.01093152	0.07592251	2.00000000	10.00000000	0.01033897	0.00000000
C44	c	0.38040338	0.60792952	0.10203683	2.00000000	10.00000000	0.01759845	0.00000000
C45	c	0.38009795	0.10519812	0.05298422	2.00000000	10.00000000	0.02537237	0.00000000
C46	c	0.76527456	0.83108238	0.06866482	2.00000000	10.00000000	0.01477140	0.00000000
C47	c	0.60952588	0.08122961	0.07611479	2.00000000	10.00000000	0.01909960	0.00000000
C48	c	0.53789378	0.19805137	0.14669120	2.00000000	10.00000000	0.01349508	0.00000000
C49	c	0.02215852	0.78883028	0.06810450	2.00000000	10.00000000	0.02209054	0.00000000
C50	c	0.49703990	0.75288400	0.10936174	2.00000000	10.00000000	0.02317169	0.00000000

Q Vehicle fuel tank capacity /0.40000000/
C Vehicle load capacity /1.50000000/
r fuel consumption rate /0.25000000/
g inverse refueling rate /1.00000000/
v average Velocity /1.00000000/
