StringID	Type	x	y	demand	ReadyTime	DueDate	ServiceTime	altitude
D0	d	0.50000000	0.50000000	0.00000000	0.00000000	10.00000000	0.00000000	0.00000000
S0	f	0.72702858	0.42627935	0.00000000	0.00000000	10.00000000	0.00000000	0.00000000
S1	f	0.85023674	0.96037242	0.00000000	0.00000000	10.00000000	0.00000000	0.00000000
S2	f	0.57724796	0.00603454	0.00000000	0.00000000	10.00000000	0.00000000	0.00000000
S3	f	0.23660617	0.50788090	0.00000000	0.00000000	10.00000000	0.00000000	0.00000000
S4	f	0.30744319	0.80513286	0.00000000	0.00000000	10.00000000	0.00000000	0.00000000
S5	f	0.33050805	0.66397222	0.00000000	0.00000000	10.00000000	0.00000000	0.00000000
S6	f	0.08105588	0.19430797	0.00000000	0.00000000	10.00000000	0.00000000	0.00000000
S7	f	0.02791255	0.82782500	0.00000000	0.00000000	10.00000000	0.00000000	0.00000000
S8	f	0.58398167	0.15533657	0.00000000	0.00000000	10.00000000	0.00000000	0.00000000
S9	f	0.40749923	0.02414969	0.00000000	0.00000000	10.00000000	0.00000000	0.00000000
C1	c	0.32861951	0.14402184	0.05564960	0.00000000	8.00000000	0.01919674	0.00000000
C2	c	0.39838826	0.07255711	0.09773824	0.06000000	8.06000000	0.01487584	0.00000000
C3	c	0.35675964	0.16255078	0.09695421	0.12000000	8.12000000	0.02946024	0.00000000
C4	c	0.39980291	0.09034127	0.05402483	0.18000000	8.18000000	0.01966179	0.00000000
C5	c	0.35092691	0.15542388	0.12527469	0.24000000	8.24000000	0.02809055	0.00000000
C6	c	0.37865698	0.19859505	0.15901557	0.30000000	8.30000000	0.02025916	0.00000000
C7	c	0.43787593	0.18184650	0.13219191	0.36000000	8.36000000	0.01100540	0.00000000
C8	c	0.49223606	0.88992734	0.13825537	0.42000000	8.42000000	0.01309856	0.00000000
C9	c	0.49418309	0.95152703	0.09713484	0.48000000	8.48000000	0.01183895	0.00000000
C10	c	0.54665298	0.90117451	0.02848529	0.54000000	8.54000000	0.02989412	0.00000000
C11	c	0.48365562	0.93086314	0.08343547	0.60000000	8.60000000	0.01357594	0.00000000
C12	c	0.53195311	0.93938329	0.03403519	0.66000000	8.66000000	0.02361412	0.00000000
C13	c	0.50771992	0.90401286	0.03182168	0.72000000	8.72000000	0.02869826	0.00000000
C14	c	0.55173972	0.93552347	0.06166374	0.78000000	8.78000000	0.01540894	0.00000000
C15	c	0.55329774	1.00000000	0.13910028	0.84000000	8.84000000	0.02970434	0.00000000
C16	c	0.68674723	0.51285957	0.13706979	0.90000000	8.90000000	0.01709789	0.00000000
C17	c	0.67617071	0.34299593	0.06209835	0.96000000	8.96000000	0.02312179	0.00000000
C18	c	0.83498854	0.44822402	0.07540766	1.02000000	9.02000000	0.01921724	0.00000000
C19	c	0.70367614	0.39097836	0.11392312	1.08000000	9.08000000	0.02357817	0.00000000
C20	c	0.12404769	0.64728240	0.07512796	1.14000000	9.14000000	0.02844193	0.00000000
C21	c	0.25067986	0.72833748	0.01870426	1.20000000	9.20000000	0.02387094	0.00000000
C22	c	0.23181745	0.77500331	0.11932149	1.26000000	9.26000000	0.02460038	0.00000000
C23	c	0.16653074	0.66817237	0.14625325	1.32000000	9.32000000	0.02429795	0.00000000
C24	c	0.19477423	0.76462988	0.09189881	1.38000000	9.38000000	0.01612425	0.00000000
C25	c	0.20484904	0.78329009	0.06891058	1.44000000	9.44000000	0.02676213	0.00000000
C26	c	0.92688355	0.10960172	0.12113140	1.50000000	9.50000000	0.02832820	0.00000000
C27	c	0.42563353	0.75318259	0.14956306	1.56000000	9.56000000	0.01373244	0.00000000
C28	c	0.52599055	0.11231010	0.02712122	1.62000000	9.62000000	0.01118673	0.00000000
C29	c	0.69967143	0.98885315	0.07446782	1.68000000	9.68000000	0.01122635	0.00000000
C30	c	0.93673251	0.27369785	0.12353989	1.74000000	9.74000000	0.01231597	0.00000000
C31	c	0.32586221	0.49440170	0.08950290	1.80000000	9.80000000	0.02474012	0.00000000
C32	c	0.57144021	0.33535148	0.02752698	1.86000000	9.86000000	0.02433909	0.00000000
C33	c	0.29825511	0.33223138	0.11552306	1.92000000	9.92000000	0.02211370	0.00000000
C34	c	0.44917468	0.62830448	0.15884709	1.98000000	9.98000000	0.01439197	0.00000000
C35	c	0.86096431	0.51998051	0.03990271	2.00000000	10.00000000	0.01683915	0.00000000
C36	c	0.45983715	0.24379215	0.11225275	2.00000000	10.00000000	0.02807845	0.00000000
C37	c	0.97301189	0.48308947	0.15103859	2.00000000	10.00000000	0.01526351	0.00000000
C38	c	0.90452756	0.51295820	0.05170544	2.00000000	10.00000000	0.01172276	0.00000000
C39	c	0.05027001	0.15492780	0.05952049	2.00000000	10.00000000	0.01067736	0.00000000
C40	c	0.09194765	0.99470588	0.08477039	2.00000000	10.00000000	0.01899987	0.00000000
C41	c	0.98521711	0.35489468	0.09631198	2.00000000	10.00000000	0.01839933	0.00000000
C42	c	0.65608970	0.46086211	0.06094213	2.00000000	10.00000000	0.01385784	0.00000000
C43	c	0.67890841	0.92209626	0.05538450	2.00000000	10.00000000	0.01568343	0.00000000
C44	c	0.69354681	0.73001922	0.06047469	2.00000000	10.00000000	0.01417902	0.00000000
C45	c	0.71489738	0.30621248	0.07799466	2.00000000	10.00000000	0.02732980	0.00000000
C46	c	0.83810639	0.91640990	0.10483116	2.00000000	10.00000000	0.01960611	0.00000000
C47	c	0.18662206	0.05933665	0.07703834	2.00000000	10.00000000	0.02835598	0.00000000
C48	c	0.06131739	0.11579850	0.10882279	2.00000000	10.00000000	0.01899407	0.00000000
C49	c	0.73700610	0.71695458	0.13968730	2.00000000	10.00000000	0.02735791	0.00000000
C50	c	0.60568488	0.21959849	0.08860250	2.00000000	10.00000000	0.01546766	0.00000000

Q Vehicle fuel tank capacity /0.40000000/
C Vehicle load capacity /1.50000000/
r fuel consumption rate /0.25000000/
g inverse refueling rate /1.00000000/
v average Velocity /1.00000000/
