StringID	Type	x	y	demand	ReadyTime	DueDate	ServiceTime	altitude
D0	d	0.50000000	0.50000000	0.00000000	0.00000000	10.00000000	0.00000000	0.00000000
S0	f	0.17983500	0.07517392	0.00000000	0.00000000	10.00000000	0.00000000	0.00000000
S1	f	0.36093900	0.74610704	0.00000000	0.00000000	10.00000000	0.00000000	0.00000000
S2	f	0.62455007	0.28336776	0.00000000	0.00000000	10.00000000	0.00000000	0.00000000
S3	f	0.67044843	0.23830167	0.00000000	0.00000000	10.00000000	0.00000000	0.00000000
S4	f	0.11169622	0.26386452	0.00000000	0.00000000	10.00000000	0.00000000	0.00000000
S5	f	0.68074401	0.99885098	0.00000000	0.00000000	10.00000000	0.00000000	0.00000000
C1	c	0.54007598	0.04500321	0.05409853	0.00000000	8.00000000	0.01643365	0.00000000
C2	c	0.27351396	0.33369785	0.11054476	0.10000000	8.10000000	0.02816396	0.00000000
C3	c	0.48761318	0.54546639	0.17640103	0.20000000	8.20000000	0.01343093	0.00000000
C4	c	0.46543825	0.99444640	0.12405370	0.30000000	8.30000000	0.01171896	0.00000000
C5	c	0.94409675	0.80034047	0.27510181	0.40000000	8.40000000	0.02236498	0.00000000
C6	c	0.82570983	0.96640861	0.02138003	0.50000000	8.50000000	0.01909247	0.00000000
C7	c	0.63190660	0.34944723	0.27542341	0.60000000	8.60000000	0.01191996	0.00000000
C8	c	0.05569455	0.34113743	0.07787166	0.70000000	8.70000000	0.01509438	0.00000000
C9	c	0.69239238	0.07055278	0.12858838	0.80000000	8.80000000	0.02262183	0.00000000
C10	c	0.14905223	0.52653906	0.10796997	0.90000000	8.90000000	0.01501010	0.00000000
C11	c	0.83467170	0.36858404	0.15093755	1.00000000	9.00000000	0.01805942	0.00000000
C12	c	0.98923045	0.36732822	0.12987335	1.10000000	9.10000000	0.02812448	0.00000000
C13	c	0.61352472	0.87068092	0.21670147	1.20000000	9.20000000	0.02011103	0.00000000
C14	c	0.80088171	0.82644436	0.29649454	1.30000000	9.30000000	0.02777375	0.00000000
C15	c	0.98224390	0.50093272	0.10486233	1.40000000	9.40000000	0.01912035	0.00000000
C16	c	0.69762376	0.60214446	0.07412433	1.50000000	9.50000000	0.01216109	0.00000000
C17	c	0.37974562	0.31102831	0.29249517	1.60000000	9.60000000	0.01869643	0.00000000
C18	c	0.20826165	0.80156413	0.03020899	1.70000000	9.70000000	0.02973192	0.00000000
C19	c	0.17983500	0.07517392	0.12358365	1.80000000	9.80000000	0.01684634	0.00000000
C20	c	0.73139473	0.78997246	0.16906230	1.90000000	9.90000000	0.01580807	0.00000000
C21	c	0.41677180	0.70752106	0.03135674	2.00000000	10.00000000	0.01758460	0.00000000
C22	c	0.72346849	0.83597952	0.13647386	2.00000000	10.00000000	0.02749054	0.00000000
C23	c	0.39583990	0.18005096	0.11362239	2.00000000	10.00000000	0.01126595	0.00000000
C24	c	0.35485494	0.49673266	0.27915344	2.00000000	10.00000000	0.02292227	0.00000000
C25	c	0.88296735	0.34334456	0.08656280	2.00000000	10.00000000	0.02424948	0.00000000
C26	c	0.08837224	0.15905181	0.24901789	2.00000000	10.00000000	0.01253107	0.00000000
C27	c	0.08830275	0.37102780	0.05353139	2.00000000	10.00000000	0.01663248	0.00000000
C28	c	0.80976066	0.58604531	0.13847464	2.00000000	10.00000000	0.02791573	0.00000000
C29	c	0.68241932	0.84334233	0.26385737	2.00000000	10.00000000	0.01515566	0.00000000
C30	c	0.00099573	0.60717100	0.20817253	2.00000000	10.00000000	0.02962936	0.00000000

Q Vehicle fuel tank capacity /0.40000000/
C Vehicle load capacity /1.50000000/
r fuel consumption rate /0.25000000/
g inverse refueling rate /1.00000000/
v average Velocity /1.00000000/
