StringID	Type	x	y	demand	ReadyTime	DueDate	ServiceTime	altitude
D0	d	0.50000000	0.50000000	0.00000000	0.00000000	10.00000000	0.00000000	0.00000000
S0	f	0.30137457	0.21389363	0.00000000	0.00000000	10.00000000	0.00000000	0.00000000
S1	f	0.72429016	0.44128563	0.00000000	0.00000000	10.00000000	0.00000000	0.00000000
S2	f	0.99872320	0.57565442	0.00000000	0.00000000	10.00000000	0.00000000	0.00000000
S3	f	0.61437462	0.98970700	0.00000000	0.00000000	10.00000000	0.00000000	0.00000000
S4	f	0.42993210	0.47893576	0.00000000	0.00000000	10.00000000	0.00000000	0.00000000
S5	f	0.41257740	0.78581993	0.00000000	0.00000000	10.00000000	0.00000000	0.00000000
S6	f	0.17691788	0.50964027	0.00000000	0.00000000	10.00000000	0.00000000	0.00000000
S7	f	0.34513448	0.56758247	0.00000000	0.00000000	10.00000000	0.00000000	0.00000000
S8	f	0.49645068	0.98345451	0.00000000	0.00000000	10.00000000	0.00000000	0.00000000
S9	f	0.92688889	0.40732738	0.00000000	0.00000000	10.00000000	0.00000000	0.00000000
C1	c	0.84032821	0.81357121	0.03583066	0.00000000	8.00000000	0.02912839	0.00000000
C2	c	0.96407900	0.80122112	0.09749772	0.06000000	8.06000000	0.02634386	0.00000000
C3	c	0.90125013	0.79281424	0.01834406	0.12000000	8.12000000	0.01017267	0.00000000
C4	c	0.91974713	0.75838543	0.16188092	0.18000000	8.18000000	0.01898536	0.00000000
C5	c	0.88918990	0.75480180	0.04525054	0.24000000	8.24000000	0.01963933	0.00000000
C6	c	0.93351877	0.73204777	0.11173797	0.30000000	8.30000000	0.01394490	0.00000000
C7	c	0.40844301	0.41232847	0.09045560	0.36000000	8.36000000	0.01474137	0.00000000
C8	c	0.45893898	0.38490380	0.10411358	0.42000000	8.42000000	0.01132963	0.00000000
C9	c	0.43453592	0.41276384	0.03898374	0.48000000	8.48000000	0.02619548	0.00000000
C10	c	0.28350053	0.44014523	0.04825597	0.54000000	8.54000000	0.02144380	0.00000000
C11	c	0.25903657	0.68935612	0.10401768	0.60000000	8.60000000	0.01535683	0.00000000
C12	c	0.17913309	0.75514678	0.15614847	0.66000000	8.66000000	0.01338131	0.00000000
C13	c	0.23311609	0.66931952	0.11962322	0.72000000	8.72000000	0.02467050	0.00000000
C14	c	0.32709814	0.63063317	0.08871087	0.78000000	8.78000000	0.02672942	0.00000000
C15	c	0.23956487	0.71282569	0.16303035	0.84000000	8.84000000	0.01882624	0.00000000
C16	c	0.22197561	0.70753694	0.02755740	0.90000000	8.90000000	0.02808584	0.00000000
C17	c	0.25581881	0.67605935	0.03409337	0.96000000	8.96000000	0.02342901	0.00000000
C18	c	0.19059141	0.65028463	0.01846137	1.02000000	9.02000000	0.01673679	0.00000000
C19	c	0.16441751	0.73177489	0.14725961	1.08000000	9.08000000	0.02976685	0.00000000
C20	c	0.17235287	0.78882117	0.15106141	1.14000000	9.14000000	0.02593818	0.00000000
C21	c	0.27299224	0.69583653	0.09688162	1.20000000	9.20000000	0.02115434	0.00000000
C22	c	0.32873070	0.27336759	0.02878856	1.26000000	9.26000000	0.01279366	0.00000000
C23	c	0.33839520	0.35635847	0.07380959	1.32000000	9.32000000	0.02334157	0.00000000
C24	c	0.75862008	0.80256037	0.06139158	1.38000000	9.38000000	0.02675664	0.00000000
C25	c	0.82363056	0.93632069	0.14034536	1.44000000	9.44000000	0.01906363	0.00000000
C26	c	0.52234834	0.10501337	0.13748857	1.50000000	9.50000000	0.01494138	0.00000000
C27	c	0.38094242	0.30483379	0.10434665	1.56000000	9.56000000	0.02267910	0.00000000
C28	c	0.78873293	0.77122394	0.06671806	1.62000000	9.62000000	0.01367057	0.00000000
C29	c	0.56810071	0.33747918	0.09238470	1.68000000	9.68000000	0.02449134	0.00000000
C30	c	0.49478725	0.90967613	0.16007865	1.74000000	9.74000000	0.02100661	0.00000000
C31	c	0.37560285	0.18484321	0.09101203	1.80000000	9.80000000	0.02921489	0.00000000
C32	c	0.23927460	0.51248760	0.16515021	1.86000000	9.86000000	0.01260426	0.00000000
C33	c	0.78762451	0.07078757	0.16500054	1.92000000	9.92000000	0.01095216	0.00000000
C34	c	0.10854160	0.23287771	0.14079659	1.98000000	9.98000000	0.01668255	0.00000000
C35	c	0.00503938	0.74184569	0.07293838	2.00000000	10.00000000	0.01309094	0.00000000
C36	c	0.24567561	0.41804754	0.04181372	2.00000000	10.00000000	0.02610712	0.00000000
C37	c	0.70872903	0.64200867	0.05069484	2.00000000	10.00000000	0.01639193	0.00000000
C38	c	0.72953866	0.29158417	0.09527272	2.00000000	10.00000000	0.02237340	0.00000000
C39	c	0.00863332	0.44926800	0.14016451	2.00000000	10.00000000	0.02628843	0.00000000
C40	c	0.48196649	0.19724483	0.02320422	2.00000000	10.00000000	0.01360833	0.00000000
C41	c	0.23706851	0.06648137	0.02936423	2.00000000	10.00000000	0.01805125	0.00000000
C42	c	0.80977390	0.57219016	0.04965111	2.00000000	10.00000000	0.01746570	0.00000000
C43	c	0.26784148	0.16906560	0.01247664	2.00000000	10.00000000	0.01142856	0.00000000
C44	c	0.73352495	0.83647110	0.13269516	2.00000000	10.00000000	0.02817044	0.00000000
C45	c	0.44131177	0.90429195	0.05173924	2.00000000	10.00000000	0.02402413	0.00000000
C46	c	0.67145042	0.33683950	0.07986373	2.00000000	10.00000000	0.02736221	0.00000000
C47	c	0.55771717	0.13968303	0.12729179	2.00000000	10.00000000	0.01424972	0.00000000
C48	c	0.66707860	0.83783216	0.11640559	2.00000000	10.00000000	0.01188695	0.00000000
C49	c	0.45318150	0.24706919	0.13068713	2.00000000	10.00000000	0.02845985	0.00000000
C50	c	0.63395513	0.18352849	0.05922975	2.00000000	10.00000000	0.02102048	0.00000000

Q Vehicle fuel tank capacity /0.40000000/
C Vehicle load capacity /1.50000000/
r fuel consumption rate /0.25000000/
g inverse refueling rate /1.00000000/
v average Velocity /1.00000000/
