StringID	Type	x	y	demand	ReadyTime	DueDate	ServiceTime	altitude
D0	d	0.50000000	0.50000000	0.00000000	0.00000000	10.00000000	0.00000000	0.00000000
S0	f	0.75881502	0.18391830	0.00000000	0.00000000	10.00000000	0.00000000	0.00000000
S1	f	0.09234883	0.23652238	0.00000000	0.00000000	10.00000000	0.00000000	0.00000000
S2	f	0.77710293	0.22597231	0.00000000	0.00000000	10.00000000	0.00000000	0.00000000
S3	f	0.60119546	0.87826175	0.00000000	0.00000000	10.00000000	0.00000000	0.00000000
S4	f	0.15521983	0.02977250	0.00000000	0.00000000	10.00000000	0.00000000	0.00000000
S5	f	0.01171401	0.53732048	0.00000000	0.00000000	10.00000000	0.00000000	0.00000000
S6	f	0.36445501	0.52389769	0.00000000	0.00000000	10.00000000	0.00000000	0.00000000
S7	f	0.91437382	0.39907380	0.00000000	0.00000000	10.00000000	0.00000000	0.00000000
S8	f	0.56632153	0.16407833	0.00000000	0.00000000	10.00000000	0.00000000	0.00000000
S9	f	0.86751165	0.81196725	0.00000000	0.00000000	10.00000000	0.00000000	0.00000000
C1	c	0.71092653	0.18212520	0.14550755	0.00000000	8.00000000	0.01854003	0.00000000
C2	c	0.18686083	0.62055026	0.01578950	0.06000000	8.06000000	0.02439146	0.00000000
C3	c	0.14886444	0.61891006	0.13084090	0.12000000	8.12000000	0.01732825	0.00000000
C4	c	0.11726550	0.64930085	0.12815934	0.18000000	8.18000000	0.02690458	0.00000000
C5	c	0.13659357	0.60075385	0.12191493	0.24000000	8.24000000	0.02378909	0.00000000
C6	c	0.13051766	0.11553026	0.13073231	0.30000000	8.30000000	0.02107473	0.00000000
C7	c	0.02123849	0.26116109	0.05364300	0.36000000	8.36000000	0.01673099	0.00000000
C8	c	0.03938432	0.18573285	0.06685494	0.42000000	8.42000000	0.02754705	0.00000000
C9	c	0.13912584	0.24860460	0.12532234	0.48000000	8.48000000	0.02437551	0.00000000
C10	c	0.04881449	0.21869122	0.14335960	0.54000000	8.54000000	0.02139407	0.00000000
C11	c	0.15284568	0.29300294	0.11965421	0.60000000	8.60000000	0.01179723	0.00000000
C12	c	0.04129098	0.31808500	0.12009501	0.66000000	8.66000000	0.02220531	0.00000000
C13	c	0.17300937	0.24234910	0.13403204	0.72000000	8.72000000	0.02819584	0.00000000
C14	c	0.83893736	0.53536812	0.03121065	0.78000000	8.78000000	0.02352948	0.00000000
C15	c	0.83218618	0.47682517	0.04203837	0.84000000	8.84000000	0.02505721	0.00000000
C16	c	0.82888169	0.52416102	0.09638383	0.90000000	8.90000000	0.01926020	0.00000000
C17	c	0.74317892	0.57755552	0.14105072	0.96000000	8.96000000	0.02955977	0.00000000
C18	c	0.76128402	0.41329356	0.05951406	1.02000000	9.02000000	0.02294197	0.00000000
C19	c	1.00000000	0.34959143	0.02620862	1.08000000	9.08000000	0.01449665	0.00000000
C20	c	0.98380393	0.39952763	0.13558276	1.14000000	9.14000000	0.01982269	0.00000000
C21	c	0.93311885	0.28342006	0.10112492	1.20000000	9.20000000	0.02294733	0.00000000
C22	c	0.97316565	0.35127253	0.05281956	1.26000000	9.26000000	0.01570000	0.00000000
C23	c	1.00000000	0.34501388	0.04307591	1.32000000	9.32000000	0.02002394	0.00000000
C24	c	1.00000000	0.40372089	0.13579614	1.38000000	9.38000000	0.01061407	0.00000000
C25	c	0.96452749	0.31907464	0.03024455	1.44000000	9.44000000	0.01438258	0.00000000
C26	c	0.70765224	0.67618173	0.12629826	1.50000000	9.50000000	0.02061703	0.00000000
C27	c	0.36316780	0.86941516	0.08149968	1.56000000	9.56000000	0.02187298	0.00000000
C28	c	0.99489238	0.06006537	0.10138783	1.62000000	9.62000000	0.01209776	0.00000000
C29	c	0.63802358	0.80975845	0.04003948	1.68000000	9.68000000	0.01600147	0.00000000
C30	c	0.64023499	0.25483774	0.02159485	1.74000000	9.74000000	0.02232635	0.00000000
C31	c	0.02648355	0.62779820	0.03970961	1.80000000	9.80000000	0.02805505	0.00000000
C32	c	0.34529244	0.82518872	0.13913720	1.86000000	9.86000000	0.02851258	0.00000000
C33	c	0.42700157	0.71957321	0.07966454	1.92000000	9.92000000	0.01265038	0.00000000
C34	c	0.68945441	0.55373627	0.10962427	1.98000000	9.98000000	0.02963538	0.00000000
C35	c	0.08986128	0.61026560	0.10803914	2.00000000	10.00000000	0.02602167	0.00000000
C36	c	0.90979213	0.67647396	0.10367496	2.00000000	10.00000000	0.02741134	0.00000000
C37	c	0.75286061	0.46301002	0.06026771	2.00000000	10.00000000	0.01035505	0.00000000
C38	c	0.97798870	0.64709832	0.13047164	2.00000000	10.00000000	0.02587608	0.00000000
C39	c	0.22483259	0.49113429	0.14787221	2.00000000	10.00000000	0.01459368	0.00000000
C40	c	0.50119706	0.03070372	0.01823494	2.00000000	10.00000000	0.02395802	0.00000000
C41	c	0.21912888	0.53085131	0.12132580	2.00000000	10.00000000	0.02538493	0.00000000
C42	c	0.59364907	0.10488791	0.08301419	2.00000000	10.00000000	0.02263186	0.00000000
C43	c	0.30007325	0.61631737	0.09838338	2.00000000	10.00000000	0.02592058	0.00000000
C44	c	0.90275261	0.92562914	0.12219873	2.00000000	10.00000000	0.01839431	0.00000000
C45	c	0.13251895	0.98176885	0.09869005	2.00000000	10.00000000	0.02064661	0.00000000
C46	c	0.80108334	0.87056720	0.04524503	2.00000000	10.00000000	0.01046214	0.00000000
C47	c	0.01775273	0.79380417	0.01357798	2.00000000	10.00000000	0.01808346	0.00000000
C48	c	0.22968376	0.69790086	0.09696537	2.00000000	10.00000000	0.02343809	0.00000000
C49	c	0.76924641	0.63159295	0.05778885	2.00000000	10.00000000	0.01018646	0.00000000
C50	c	0.40417307	0.67190465	0.12433853	2.00000000	10.00000000	0.01903387	0.00000000

Q Vehicle fuel tank capacity /0.40000000/
C Vehicle load capacity /1.50000000/
r fuel consumption rate /0.25000000/
g inverse refueling rate /1.00000000/
v average Velocity /1.00000000/
