StringID	Type	x	y	demand	ReadyTime	DueDate	ServiceTime	altitude
D0	d	0.50000000	0.50000000	0.00000000	0.00000000	10.00000000	0.00000000	0.00000000
S0	f	0.00035873	0.30833254	0.00000000	0.00000000	10.00000000	0.00000000	0.00000000
S1	f	0.88633706	0.32759723	0.00000000	0.00000000	10.00000000	0.00000000	0.00000000
S2	f	0.72357519	0.46760788	0.00000000	0.00000000	10.00000000	0.00000000	0.00000000
S3	f	0.94167556	0.12102595	0.00000000	0.00000000	10.00000000	0.00000000	0.00000000
S4	f	0.43190006	0.39048396	0.00000000	0.00000000	10.00000000	0.00000000	0.00000000
S5	f	0.33957533	0.31761213	0.00000000	0.00000000	10.00000000	0.00000000	0.00000000
C1	c	0.06461578	0.53788251	0.21061648	0.00000000	8.00000000	0.02430146	0.00000000
C2	c	0.12655415	0.50113423	0.03593343	0.10000000	8.10000000	0.02237626	0.00000000
C3	c	0.54102931	0.01101536	0.21930537	0.20000000	8.20000000	0.01304058	0.00000000
C4	c	0.81270169	0.47453643	0.08098890	0.30000000	8.30000000	0.02654398	0.00000000
C5	c	0.91180734	0.23968027	0.23105404	0.40000000	8.40000000	0.01671089	0.00000000
C6	c	0.66322149	0.44949091	0.04105999	0.50000000	8.50000000	0.01773961	0.00000000
C7	c	0.34943577	0.79596014	0.03380481	0.60000000	8.60000000	0.02077908	0.00000000
C8	c	0.59193623	0.98273371	0.02782671	0.70000000	8.70000000	0.01346429	0.00000000
C9	c	0.19740221	0.43138472	0.05571963	0.80000000	8.80000000	0.01552296	0.00000000
C10	c	0.58259391	0.11118084	0.25501949	0.90000000	8.90000000	0.01509169	0.00000000
C11	c	0.15557713	0.04957393	0.30257015	1.00000000	9.00000000	0.02508612	0.00000000
C12	c	0.51261554	0.21309968	0.17657070	1.10000000	9.10000000	0.01195921	0.00000000
C13	c	0.97120773	0.94129354	0.14783664	1.20000000	9.20000000	0.02337489	0.00000000
C14	c	0.73378896	0.04773621	0.16969112	1.30000000	9.30000000	0.01720464	0.00000000
C15	c	0.38496334	0.82054100	0.17302398	1.40000000	9.40000000	0.01614364	0.00000000
C16	c	0.97626683	0.16993371	0.18176045	1.50000000	9.50000000	0.01626556	0.00000000
C17	c	0.86736608	0.09667600	0.03741953	1.60000000	9.60000000	0.01346088	0.00000000
C18	c	0.34271873	0.12728357	0.16983088	1.70000000	9.70000000	0.01953116	0.00000000
C19	c	0.00035873	0.30833254	0.07843708	1.80000000	9.80000000	0.01234132	0.00000000
C20	c	0.08244374	0.91955806	0.29358070	1.90000000	9.90000000	0.01131805	0.00000000
C21	c	0.27836338	0.44048272	0.12596093	2.00000000	10.00000000	0.02875427	0.00000000
C22	c	0.74061235	0.00261335	0.10181360	2.00000000	10.00000000	0.02397154	0.00000000
C23	c	0.44461750	0.86363889	0.08699664	2.00000000	10.00000000	0.01552929	0.00000000
C24	c	0.10742094	0.67556290	0.23363688	2.00000000	10.00000000	0.01630097	0.00000000
C25	c	0.69550253	0.12779440	0.18790816	2.00000000	10.00000000	0.01346279	0.00000000
C26	c	0.67971038	0.69176109	0.19604358	2.00000000	10.00000000	0.02805755	0.00000000
C27	c	0.47379863	0.68845683	0.25838761	2.00000000	10.00000000	0.02555659	0.00000000
C28	c	0.00828723	0.02916675	0.22968542	2.00000000	10.00000000	0.01736371	0.00000000
C29	c	0.38349090	0.29671287	0.07917790	2.00000000	10.00000000	0.02830640	0.00000000
C30	c	0.18192543	0.25083926	0.07833920	2.00000000	10.00000000	0.01262414	0.00000000

Q Vehicle fuel tank capacity /0.40000000/
C Vehicle load capacity /1.50000000/
r fuel consumption rate /0.25000000/
g inverse refueling rate /1.00000000/
v average Velocity /1.00000000/
