StringID	Type	x	y	demand	ReadyTime	DueDate	ServiceTime	altitude
D0	d	0.50000000	0.50000000	0.00000000	0.00000000	10.00000000	0.00000000	0.00000000
S0	f	0.51766921	0.24582483	0.00000000	0.00000000	10.00000000	0.00000000	0.00000000
S1	f	0.60085744	0.83666733	0.00000000	0.00000000	10.00000000	0.00000000	0.00000000
S2	f	0.78943953	0.33207681	0.00000000	0.00000000	10.00000000	0.00000000	0.00000000
S3	f	0.55603099	0.48004426	0.00000000	0.00000000	10.00000000	0.00000000	0.00000000
S4	f	0.68910009	0.97853383	0.00000000	0.00000000	10.00000000	0.00000000	0.00000000
S5	f	0.59436895	0.26636210	0.00000000	0.00000000	10.00000000	0.00000000	0.00000000
C1	c	0.16569666	0.67240345	0.19438824	0.00000000	8.00000000	0.02633505	0.00000000
C2	c	0.27917089	0.27453212	0.10911918	0.10000000	8.10000000	0.02824389	0.00000000
C3	c	0.70105781	0.26095962	0.08158620	0.20000000	8.20000000	0.02884720	0.00000000
C4	c	0.87115155	0.43527140	0.25373520	0.30000000	8.30000000	0.01847397	0.00000000
C5	c	0.01878823	0.63575786	0.24616156	0.40000000	8.40000000	0.02521018	0.00000000
C6	c	0.30084114	0.08257235	0.12783192	0.50000000	8.50000000	0.02617607	0.00000000
C7	c	0.40038882	0.02560139	0.16019702	0.60000000	8.60000000	0.01433114	0.00000000
C8	c	0.79140064	0.48658109	0.08885512	0.70000000	8.70000000	0.01186220	0.00000000
C9	c	0.79004536	0.40845522	0.18994608	0.80000000	8.80000000	0.01091998	0.00000000
C10	c	0.34503205	0.20277673	0.21947429	0.90000000	8.90000000	0.01007967	0.00000000
C11	c	0.41675288	0.35544988	0.15465448	1.00000000	9.00000000	0.01655817	0.00000000
C12	c	0.72146888	0.00330161	0.06563435	1.10000000	9.10000000	0.02656803	0.00000000
C13	c	0.99246029	0.41374536	0.18834419	1.20000000	9.20000000	0.01023256	0.00000000
C14	c	0.82306684	0.25586280	0.06124084	1.30000000	9.30000000	0.02059829	0.00000000
C15	c	0.10873501	0.19064960	0.12496513	1.40000000	9.40000000	0.01724900	0.00000000
C16	c	0.15399564	0.50775121	0.07745668	1.50000000	9.50000000	0.02645491	0.00000000
C17	c	0.20886949	0.34413086	0.19444669	1.60000000	9.60000000	0.01100230	0.00000000
C18	c	0.36099681	0.67826537	0.23821560	1.70000000	9.70000000	0.01308301	0.00000000
C19	c	0.52919478	0.69005722	0.21969182	1.80000000	9.80000000	0.02468834	0.00000000
C20	c	0.51766921	0.24582483	0.09939913	1.90000000	9.90000000	0.01738545	0.00000000
C21	c	0.56196397	0.76014667	0.12204066	2.00000000	10.00000000	0.02337598	0.00000000
C22	c	0.81573263	0.64275935	0.06536909	2.00000000	10.00000000	0.01114147	0.00000000
C23	c	0.02952853	0.94601085	0.18129947	2.00000000	10.00000000	0.02178377	0.00000000
C24	c	0.07414099	0.06356703	0.17443047	2.00000000	10.00000000	0.02677392	0.00000000
C25	c	0.49199449	0.71459426	0.24165967	2.00000000	10.00000000	0.01601521	0.00000000
C26	c	0.95181563	0.48775998	0.01748084	2.00000000	10.00000000	0.02711028	0.00000000
C27	c	0.48301985	0.58625005	0.21991089	2.00000000	10.00000000	0.01210960	0.00000000
C28	c	0.63064280	0.33467825	0.12410387	2.00000000	10.00000000	0.01213110	0.00000000
C29	c	0.24808087	0.07277326	0.08799183	2.00000000	10.00000000	0.01247373	0.00000000
C30	c	0.53477573	0.38164955	0.17036946	2.00000000	10.00000000	0.02129762	0.00000000

Q Vehicle fuel tank capacity /0.40000000/
C Vehicle load capacity /1.50000000/
r fuel consumption rate /0.25000000/
g inverse refueling rate /1.00000000/
v average Velocity /1.00000000/
