StringID	Type	x	y	demand	ReadyTime	DueDate	ServiceTime	altitude
D0	d	0.50000000	0.50000000	0.00000000	0.00000000	10.00000000	0.00000000	0.00000000
S0	f	0.65819203	0.79870092	0.00000000	0.00000000	10.00000000	0.00000000	0.00000000
S1	f	0.84854555	0.46544367	0.00000000	0.00000000	10.00000000	0.00000000	0.00000000
S2	f	0.55775659	0.83304570	0.00000000	0.00000000	10.00000000	0.00000000	0.00000000
S3	f	0.17532483	0.09171285	0.00000000	0.00000000	10.00000000	0.00000000	0.00000000
S4	f	0.60660757	0.22540258	0.00000000	0.00000000	10.00000000	0.00000000	0.00000000
S5	f	0.51036810	0.04436623	0.00000000	0.00000000	10.00000000	0.00000000	0.00000000
S6	f	0.83671173	0.91439203	0.00000000	0.00000000	10.00000000	0.00000000	0.00000000
S7	f	0.79808708	0.81988066	0.00000000	0.00000000	10.00000000	0.00000000	0.00000000
S8	f	0.08792047	0.87420727	0.00000000	0.00000000	10.00000000	0.00000000	0.00000000
S9	f	0.39971765	0.98047940	0.00000000	0.00000000	10.00000000	0.00000000	0.00000000
C1	c	0.30249458	0.46702609	0.12766580	0.00000000	8.00000000	0.01232235	0.00000000
C2	c	0.44201798	0.96180945	0.12408686	0.06000000	8.06000000	0.01095635	0.00000000
C3	c	0.69949147	0.16153666	0.05473354	0.12000000	8.12000000	0.01141235	0.00000000
C4	c	0.78019164	0.51491162	0.12146547	0.18000000	8.18000000	0.01665704	0.00000000
C5	c	0.23744457	0.58692709	0.03015920	0.24000000	8.24000000	0.02032707	0.00000000
C6	c	0.48551775	0.10523720	0.13869516	0.30000000	8.30000000	0.02012296	0.00000000
C7	c	0.92299961	0.73923858	0.15236207	0.36000000	8.36000000	0.01639341	0.00000000
C8	c	0.81156646	0.76554548	0.02377363	0.42000000	8.42000000	0.01157272	0.00000000
C9	c	0.73679471	0.33714140	0.14727134	0.48000000	8.48000000	0.01604993	0.00000000
C10	c	0.44928205	0.44802938	0.02385493	0.54000000	8.54000000	0.01151334	0.00000000
C11	c	0.57930925	0.97286862	0.10242200	0.60000000	8.60000000	0.01188122	0.00000000
C12	c	0.66559677	0.55729253	0.10724755	0.66000000	8.66000000	0.01360163	0.00000000
C13	c	0.65077129	0.30146546	0.07699699	0.72000000	8.72000000	0.01235281	0.00000000
C14	c	0.35090387	0.04215617	0.03413775	0.78000000	8.78000000	0.01448220	0.00000000
C15	c	0.45626614	0.82684262	0.03732278	0.84000000	8.84000000	0.01497704	0.00000000
C16	c	0.47463030	0.17457490	0.06416187	0.90000000	8.90000000	0.01403802	0.00000000
C17	c	0.16575338	0.87537969	0.11240962	0.96000000	8.96000000	0.02791294	0.00000000
C18	c	0.35317918	0.09081424	0.15544969	1.02000000	9.02000000	0.02724566	0.00000000
C19	c	0.65819203	0.79870092	0.14573630	1.08000000	9.08000000	0.01420047	0.00000000
C20	c	0.91322905	0.95371157	0.15408239	1.14000000	9.14000000	0.01810578	0.00000000
C21	c	0.94879789	0.82630287	0.08500615	1.20000000	9.20000000	0.02878734	0.00000000
C22	c	0.18742083	0.27114995	0.15909582	1.26000000	9.26000000	0.01646336	0.00000000
C23	c	0.12088839	0.60020620	0.10614454	1.32000000	9.32000000	0.02698016	0.00000000
C24	c	0.36218585	0.90141626	0.10257764	1.38000000	9.38000000	0.01584336	0.00000000
C25	c	0.19030027	0.58030839	0.09882463	1.44000000	9.44000000	0.01099627	0.00000000
C26	c	0.12127449	0.11148182	0.13910642	1.50000000	9.50000000	0.02636240	0.00000000
C27	c	0.20449383	0.45305416	0.01577755	1.56000000	9.56000000	0.02311858	0.00000000
C28	c	0.02385794	0.14261089	0.15472148	1.62000000	9.62000000	0.01404069	0.00000000
C29	c	0.68789993	0.02273405	0.04373694	1.68000000	9.68000000	0.01461732	0.00000000
C30	c	0.00309539	0.89112841	0.11515687	1.74000000	9.74000000	0.01635411	0.00000000
C31	c	0.92139866	0.08725876	0.04258287	1.80000000	9.80000000	0.01283660	0.00000000
C32	c	0.05074123	0.35655872	0.07162048	1.86000000	9.86000000	0.01046564	0.00000000
C33	c	0.84854555	0.46544367	0.03623811	1.92000000	9.92000000	0.01281033	0.00000000
C34	c	0.15643419	0.71238945	0.05988596	1.98000000	9.98000000	0.02754684	0.00000000
C35	c	0.02651783	0.49039325	0.03135921	2.00000000	10.00000000	0.02421288	0.00000000
C36	c	0.45925166	0.31743678	0.04513228	2.00000000	10.00000000	0.02772346	0.00000000
C37	c	0.88688819	0.43250408	0.13056909	2.00000000	10.00000000	0.01920054	0.00000000
C38	c	0.99900345	0.37085629	0.14693760	2.00000000	10.00000000	0.01331335	0.00000000
C39	c	0.46380786	0.77427858	0.11105154	2.00000000	10.00000000	0.02950446	0.00000000
C40	c	0.04334141	0.60527665	0.12221075	2.00000000	10.00000000	0.02276646	0.00000000
C41	c	0.09234103	0.77115478	0.06733750	2.00000000	10.00000000	0.01100554	0.00000000
C42	c	0.20007016	0.69323523	0.13843375	2.00000000	10.00000000	0.02282963	0.00000000
C43	c	0.08592986	0.64614208	0.02561153	2.00000000	10.00000000	0.02375905	0.00000000
C44	c	0.25259567	0.22025599	0.15131459	2.00000000	10.00000000	0.02487737	0.00000000
C45	c	0.58467080	0.09624075	0.02518797	2.00000000	10.00000000	0.01354442	0.00000000
C46	c	0.60684143	0.30563106	0.01532584	2.00000000	10.00000000	0.01375427	0.00000000
C47	c	0.64890086	0.00167094	0.12977191	2.00000000	10.00000000	0.02830651	0.00000000
C48	c	0.23072091	0.37946131	0.06429426	2.00000000	10.00000000	0.01260778	0.00000000
C49	c	0.55775659	0.83304570	0.06581100	2.00000000	10.00000000	0.01613607	0.00000000
C50	c	0.01034363	0.36939319	0.06514078	2.00000000	10.00000000	0.01463434	0.00000000

Q Vehicle fuel tank capacity /0.40000000/
C Vehicle load capacity /1.50000000/
r fuel consumption rate /0.25000000/
g inverse refueling rate /1.00000000/
v average Velocity /1.00000000/
