StringID	Type	x	y	demand	ReadyTime	DueDate	ServiceTime	altitude
D0	d	0.50000000	0.50000000	0.00000000	0.00000000	10.00000000	0.00000000	0.00000000
S0	f	0.71857962	0.30199413	0.00000000	0.00000000	10.00000000	0.00000000	0.00000000
S1	f	0.87491583	0.22767084	0.00000000	0.00000000	10.00000000	0.00000000	0.00000000
S2	f	0.61165660	0.59149160	0.00000000	0.00000000	10.00000000	0.00000000	0.00000000
S3	f	0.53197561	0.53755041	0.00000000	0.00000000	10.00000000	0.00000000	0.00000000
S4	f	0.04536798	0.56043491	0.00000000	0.00000000	10.00000000	0.00000000	0.00000000
S5	f	0.94394158	0.84831603	0.00000000	0.00000000	10.00000000	0.00000000	0.00000000
S6	f	0.60213465	0.73182121	0.00000000	0.00000000	10.00000000	0.00000000	0.00000000
S7	f	0.21065074	0.62994871	0.00000000	0.00000000	10.00000000	0.00000000	0.00000000
S8	f	0.98924560	0.61979673	0.00000000	0.00000000	10.00000000	0.00000000	0.00000000
S9	f	0.86507357	0.93088056	0.00000000	0.00000000	10.00000000	0.00000000	0.00000000
C1	c	0.65522240	0.02202035	0.11454769	0.00000000	8.00000000	0.01430159	0.00000000
C2	c	0.78469055	0.34919790	0.13940191	0.06000000	8.06000000	0.01379297	0.00000000
C3	c	0.75578204	0.07250048	0.05163238	0.12000000	8.12000000	0.02135944	0.00000000
C4	c	0.09776655	0.30298969	0.13733366	0.18000000	8.18000000	0.01555164	0.00000000
C5	c	0.18642900	0.16524689	0.10390346	0.24000000	8.24000000	0.01370187	0.00000000
C6	c	0.33832669	0.84589711	0.04346361	0.30000000	8.30000000	0.01206946	0.00000000
C7	c	0.45282286	0.27923700	0.04188100	0.36000000	8.36000000	0.02794759	0.00000000
C8	c	0.01363490	0.58657144	0.08419376	0.42000000	8.42000000	0.01065954	0.00000000
C9	c	0.32646194	0.66100773	0.03798447	0.48000000	8.48000000	0.02929277	0.00000000
C10	c	0.14031738	0.80395874	0.05377531	0.54000000	8.54000000	0.01577560	0.00000000
C11	c	0.32253212	0.70435516	0.02486023	0.60000000	8.60000000	0.01578747	0.00000000
C12	c	0.30204718	0.41071166	0.01349119	0.66000000	8.66000000	0.01476426	0.00000000
C13	c	0.30357855	0.76783239	0.07288658	0.72000000	8.72000000	0.01733910	0.00000000
C14	c	0.70872706	0.00643497	0.17526193	0.78000000	8.78000000	0.01909944	0.00000000
C15	c	0.51785787	0.13706288	0.10638030	0.84000000	8.84000000	0.01390720	0.00000000
C16	c	0.66607333	0.78839878	0.06428830	0.90000000	8.90000000	0.02416962	0.00000000
C17	c	0.61151576	0.36993862	0.17150079	0.96000000	8.96000000	0.01493622	0.00000000
C18	c	0.71857962	0.30199413	0.10486127	1.02000000	9.02000000	0.01106560	0.00000000
C19	c	0.24096616	0.35487100	0.07563883	1.08000000	9.08000000	0.01155427	0.00000000
C20	c	0.67340772	0.08339453	0.09607763	1.14000000	9.14000000	0.02944222	0.00000000
C21	c	0.55942614	0.49464864	0.13050583	1.20000000	9.20000000	0.02342492	0.00000000
C22	c	0.91261203	0.44884049	0.08707932	1.26000000	9.26000000	0.02370474	0.00000000
C23	c	0.96207361	0.07987923	0.02355067	1.32000000	9.32000000	0.02122664	0.00000000
C24	c	0.64461776	0.48785823	0.01991972	1.38000000	9.38000000	0.01699338	0.00000000
C25	c	0.99316871	0.12747499	0.06569132	1.44000000	9.44000000	0.02643234	0.00000000
C26	c	0.69769475	0.43640253	0.16831359	1.50000000	9.50000000	0.01497624	0.00000000
C27	c	0.62094884	0.67635469	0.09348839	1.56000000	9.56000000	0.01983555	0.00000000
C28	c	0.86204422	0.60353917	0.06730675	1.62000000	9.62000000	0.02785353	0.00000000
C29	c	0.19580567	0.51617648	0.13286563	1.68000000	9.68000000	0.01407367	0.00000000
C30	c	0.97828265	0.20652578	0.02188047	1.74000000	9.74000000	0.02726070	0.00000000
C31	c	0.59118176	0.52683216	0.06655471	1.80000000	9.80000000	0.02195466	0.00000000
C32	c	0.55362949	0.64302646	0.03349841	1.86000000	9.86000000	0.01090303	0.00000000
C33	c	0.10847812	0.70820269	0.01304640	1.92000000	9.92000000	0.02986393	0.00000000
C34	c	0.93659119	0.54371119	0.12881955	1.98000000	9.98000000	0.02560994	0.00000000
C35	c	0.12234527	0.76229691	0.10125817	2.00000000	10.00000000	0.02139993	0.00000000
C36	c	0.09282264	0.88253540	0.15546629	2.00000000	10.00000000	0.02358865	0.00000000
C37	c	0.87491583	0.22767084	0.12723146	2.00000000	10.00000000	0.02965735	0.00000000
C38	c	0.48400172	0.88419075	0.13584158	2.00000000	10.00000000	0.01859794	0.00000000
C39	c	0.69756649	0.93772873	0.06047654	2.00000000	10.00000000	0.01646784	0.00000000
C40	c	0.33846979	0.36085517	0.12758558	2.00000000	10.00000000	0.02454187	0.00000000
C41	c	0.84601530	0.37381217	0.04022155	2.00000000	10.00000000	0.01313958	0.00000000
C42	c	0.44536223	0.22073487	0.06961222	2.00000000	10.00000000	0.02623157	0.00000000
C43	c	0.33947727	0.25933282	0.07927521	2.00000000	10.00000000	0.02073600	0.00000000
C44	c	0.41061778	0.24754529	0.14841841	2.00000000	10.00000000	0.01791583	0.00000000
C45	c	0.50130664	0.18115656	0.09831869	2.00000000	10.00000000	0.02015879	0.00000000
C46	c	0.75957512	0.87700705	0.07224235	2.00000000	10.00000000	0.01237262	0.00000000
C47	c	0.80829521	0.53191195	0.16000192	2.00000000	10.00000000	0.01989791	0.00000000
C48	c	0.39207498	0.59110133	0.09217484	2.00000000	10.00000000	0.01976662	0.00000000
C49	c	0.75689989	0.49935140	0.11533819	2.00000000	10.00000000	0.02152081	0.00000000
C50	c	0.63205537	0.76645725	0.15065194	2.00000000	10.00000000	0.01193168	0.00000000

Q Vehicle fuel tank capacity /0.40000000/
C Vehicle load capacity /1.50000000/
r fuel consumption rate /0.25000000/
g inverse refueling rate /1.00000000/
v average Velocity /1.00000000/
