StringID	Type	x	y	demand	ReadyTime	DueDate	ServiceTime	altitude
D0	d	0.50000000	0.50000000	0.00000000	0.00000000	10.00000000	0.00000000	0.00000000
S0	f	0.13275817	0.59902632	0.00000000	0.00000000	10.00000000	0.00000000	0.00000000
S1	f	0.81397821	0.65477546	0.00000000	0.00000000	10.00000000	0.00000000	0.00000000
S2	f	0.95408375	0.08019350	0.00000000	0.00000000	10.00000000	0.00000000	0.00000000
S3	f	0.79857963	0.01721776	0.00000000	0.00000000	10.00000000	0.00000000	0.00000000
S4	f	0.98349913	0.00010933	0.00000000	0.00000000	10.00000000	0.00000000	0.00000000
S5	f	0.79901188	0.18134380	0.00000000	0.00000000	10.00000000	0.00000000	0.00000000
S6	f	0.04776674	0.38885647	0.00000000	0.00000000	10.00000000	0.00000000	0.00000000
S7	f	0.46084940	0.10326879	0.00000000	0.00000000	10.00000000	0.00000000	0.00000000
S8	f	0.59652075	0.51725052	0.00000000	0.00000000	10.00000000	0.00000000	0.00000000
S9	f	0.70329472	0.85711056	0.00000000	0.00000000	10.00000000	0.00000000	0.00000000
C1	c	0.69919363	0.30940598	0.03961748	0.00000000	8.00000000	0.02814699	0.00000000
C2	c	0.63816544	0.29592130	0.06383116	0.06000000	8.06000000	0.01673824	0.00000000
C3	c	0.63486253	0.30177713	0.12287872	0.12000000	8.12000000	0.01788624	0.00000000
C4	c	0.57707642	0.40721209	0.13166141	0.18000000	8.18000000	0.01004651	0.00000000
C5	c	0.65266490	0.36751123	0.08388945	0.24000000	8.24000000	0.01170965	0.00000000
C6	c	0.66559826	0.30155149	0.14961057	0.30000000	8.30000000	0.01385686	0.00000000
C7	c	0.69200007	0.35643055	0.03438446	0.36000000	8.36000000	0.02502089	0.00000000
C8	c	0.63603926	0.30706803	0.15071435	0.42000000	8.42000000	0.01546201	0.00000000
C9	c	0.58425759	0.40944929	0.03369245	0.48000000	8.48000000	0.01328762	0.00000000
C10	c	0.11916321	0.53859307	0.12058991	0.54000000	8.54000000	0.01255234	0.00000000
C11	c	0.11079143	0.67107337	0.14056574	0.60000000	8.60000000	0.01836622	0.00000000
C12	c	0.31606231	0.90240061	0.08329151	0.66000000	8.66000000	0.01065937	0.00000000
C13	c	0.26572351	0.88887734	0.14134025	0.72000000	8.72000000	0.02518086	0.00000000
C14	c	0.26640433	0.82857142	0.09151695	0.78000000	8.78000000	0.02298693	0.00000000
C15	c	0.37579081	0.86243845	0.09171349	0.84000000	8.84000000	0.02194220	0.00000000
C16	c	0.27124729	0.90176587	0.07170029	0.90000000	8.90000000	0.01651161	0.00000000
C17	c	0.25601973	0.86964019	0.06692451	0.96000000	8.96000000	0.02053574	0.00000000
C18	c	0.77467701	0.58087620	0.03248117	1.02000000	9.02000000	0.01412340	0.00000000
C19	c	0.20389256	0.72944360	0.07505252	1.08000000	9.08000000	0.01857076	0.00000000
C20	c	0.29499778	0.80003083	0.04582370	1.14000000	9.14000000	0.01326698	0.00000000
C21	c	0.26107296	0.73413730	0.01449915	1.20000000	9.20000000	0.01450615	0.00000000
C22	c	0.26367558	0.78490635	0.11338408	1.26000000	9.26000000	0.02875763	0.00000000
C23	c	0.20432767	0.77887148	0.14375854	1.32000000	9.32000000	0.02723115	0.00000000
C24	c	0.37775159	0.72955622	0.12104339	1.38000000	9.38000000	0.02233414	0.00000000
C25	c	0.22825081	0.74507892	0.14215764	1.44000000	9.44000000	0.01972600	0.00000000
C26	c	0.44799186	0.26364238	0.08584949	1.50000000	9.50000000	0.01338412	0.00000000
C27	c	0.18643814	0.91743943	0.08262594	1.56000000	9.56000000	0.01635905	0.00000000
C28	c	0.78637703	0.53725465	0.11023691	1.62000000	9.62000000	0.01848625	0.00000000
C29	c	0.53379125	0.38830033	0.12085679	1.68000000	9.68000000	0.02891136	0.00000000
C30	c	0.63460575	0.75370511	0.10175750	1.74000000	9.74000000	0.01478454	0.00000000
C31	c	0.33290726	0.53935239	0.11178967	1.80000000	9.80000000	0.01782043	0.00000000
C32	c	0.90734950	0.33691181	0.04754540	1.86000000	9.86000000	0.02391458	0.00000000
C33	c	0.39431221	0.00232537	0.06089673	1.92000000	9.92000000	0.01319021	0.00000000
C34	c	0.08548267	0.19284295	0.06820613	1.98000000	9.98000000	0.02300706	0.00000000
C35	c	0.75104433	0.27310068	0.10411379	2.00000000	10.00000000	0.01514214	0.00000000
C36	c	0.16438104	0.12761676	0.12435548	2.00000000	10.00000000	0.02854256	0.00000000
C37	c	0.75904302	0.64934631	0.07337379	2.00000000	10.00000000	0.01839009	0.00000000
C38	c	0.59710981	0.32558069	0.04733242	2.00000000	10.00000000	0.01956421	0.00000000
C39	c	0.52678688	0.20617021	0.03642648	2.00000000	10.00000000	0.02401773	0.00000000
C40	c	0.42853775	0.16334884	0.13968837	2.00000000	10.00000000	0.02959891	0.00000000
C41	c	0.22530772	0.93788136	0.12117438	2.00000000	10.00000000	0.01141283	0.00000000
C42	c	0.86155759	0.61670709	0.08598313	2.00000000	10.00000000	0.01177341	0.00000000
C43	c	0.48629979	0.16920614	0.08549389	2.00000000	10.00000000	0.01561269	0.00000000
C44	c	0.31795261	0.42431233	0.06494171	2.00000000	10.00000000	0.02847324	0.00000000
C45	c	0.94556796	0.23922676	0.08009299	2.00000000	10.00000000	0.01672667	0.00000000
C46	c	0.15951027	0.65035300	0.08144568	2.00000000	10.00000000	0.02369702	0.00000000
C47	c	0.41950473	0.47821051	0.09973504	2.00000000	10.00000000	0.02707130	0.00000000
C48	c	0.70088645	0.97994538	0.11655912	2.00000000	10.00000000	0.02873294	0.00000000
C49	c	0.07064168	0.08867031	0.05711684	2.00000000	10.00000000	0.01011548	0.00000000
C50	c	0.33633341	0.68485101	0.08627946	2.00000000	10.00000000	0.01226728	0.00000000

Q Vehicle fuel tank capacity /0.40000000/
C Vehicle load capacity /1.50000000/
r fuel consumption rate /0.25000000/
g inverse refueling rate /1.00000000/
v average Velocity /1.00000000/
