StringID	Type	x	y	demand	ReadyTime	DueDate	ServiceTime	altitude
D0	d	0.50000000	0.50000000	0.00000000	0.00000000	10.00000000	0.00000000	0.00000000
S0	f	0.04229085	0.63139851	0.00000000	0.00000000	10.00000000	0.00000000	0.00000000
S1	f	0.11465577	0.11733075	0.00000000	0.00000000	10.00000000	0.00000000	0.00000000
S2	f	0.15364278	0.64590044	0.00000000	0.00000000	10.00000000	0.00000000	0.00000000
S3	f	0.10189763	0.26435063	0.00000000	0.00000000	10.00000000	0.00000000	0.00000000
S4	f	0.30025963	0.40061745	0.00000000	0.00000000	10.00000000	0.00000000	0.00000000
S5	f	0.05194328	0.41971514	0.00000000	0.00000000	10.00000000	0.00000000	0.00000000
C1	c	0.17004415	0.57281539	0.16573203	0.00000000	8.00000000	0.02633630	0.00000000
C2	c	0.17232937	0.86236659	0.12180644	0.10000000	8.10000000	0.02608269	0.00000000
C3	c	0.05801959	0.91387464	0.26004399	0.20000000	8.20000000	0.02297874	0.00000000
C4	c	0.00379252	0.93504165	0.07248228	0.30000000	8.30000000	0.01008076	0.00000000
C5	c	0.73795172	0.18572022	0.20507918	0.40000000	8.40000000	0.01932103	0.00000000
C6	c	0.53277647	0.10034169	0.19076419	0.50000000	8.50000000	0.02956361	0.00000000
C7	c	0.12188286	0.33643123	0.01994939	0.60000000	8.60000000	0.01542198	0.00000000
C8	c	0.96081459	0.87680063	0.08455344	0.70000000	8.70000000	0.02208615	0.00000000
C9	c	0.34477764	0.97652345	0.08286549	0.80000000	8.80000000	0.02078236	0.00000000
C10	c	0.90918076	0.72527832	0.12005333	0.90000000	8.90000000	0.02878585	0.00000000
C11	c	0.66059807	0.82546630	0.11214546	1.00000000	9.00000000	0.01053651	0.00000000
C12	c	0.47890547	0.44704061	0.06546191	1.10000000	9.10000000	0.01612346	0.00000000
C13	c	0.77790556	0.21138376	0.16177573	1.20000000	9.20000000	0.01684069	0.00000000
C14	c	0.36207552	0.68577784	0.26534075	1.30000000	9.30000000	0.02807006	0.00000000
C15	c	0.18973908	0.96743055	0.06527202	1.40000000	9.40000000	0.02005014	0.00000000
C16	c	0.88344302	0.40429257	0.19837694	1.50000000	9.50000000	0.02259243	0.00000000
C17	c	0.71412141	0.93939355	0.13066534	1.60000000	9.60000000	0.01106637	0.00000000
C18	c	0.97525006	0.40941477	0.15381038	1.70000000	9.70000000	0.02206665	0.00000000
C19	c	0.89803872	0.26716500	0.03784601	1.80000000	9.80000000	0.02795149	0.00000000
C20	c	0.04229085	0.63139851	0.10434471	1.90000000	9.90000000	0.01043615	0.00000000
C21	c	0.79663968	0.95673870	0.05831097	2.00000000	10.00000000	0.02906286	0.00000000
C22	c	0.63600686	0.29934585	0.05186812	2.00000000	10.00000000	0.01787351	0.00000000
C23	c	0.03468126	0.51315886	0.25626348	2.00000000	10.00000000	0.01176690	0.00000000
C24	c	0.93203956	0.13447278	0.15311619	2.00000000	10.00000000	0.02301728	0.00000000
C25	c	0.69381630	0.39244358	0.23552298	2.00000000	10.00000000	0.02058054	0.00000000
C26	c	0.81819115	0.70855837	0.18143352	2.00000000	10.00000000	0.01505404	0.00000000
C27	c	0.34133208	0.86154412	0.27661288	2.00000000	10.00000000	0.01811300	0.00000000
C28	c	0.30282166	0.88895990	0.23042646	2.00000000	10.00000000	0.02880694	0.00000000
C29	c	0.49524649	0.39243220	0.19109249	2.00000000	10.00000000	0.02009273	0.00000000
C30	c	0.17824661	0.17003342	0.24698391	2.00000000	10.00000000	0.01298895	0.00000000

Q Vehicle fuel tank capacity /0.40000000/
C Vehicle load capacity /1.50000000/
r fuel consumption rate /0.25000000/
g inverse refueling rate /1.00000000/
v average Velocity /1.00000000/
