StringID	Type	x	y	demand	ReadyTime	DueDate	ServiceTime	altitude
D0	d	0.50000000	0.50000000	0.00000000	0.00000000	10.00000000	0.00000000	0.00000000
S0	f	0.93063600	0.44383469	0.00000000	0.00000000	10.00000000	0.00000000	0.00000000
S1	f	0.31808844	0.54814469	0.00000000	0.00000000	10.00000000	0.00000000	0.00000000
S2	f	0.46739515	0.39413327	0.00000000	0.00000000	10.00000000	0.00000000	0.00000000
S3	f	0.80067697	0.10249133	0.00000000	0.00000000	10.00000000	0.00000000	0.00000000
S4	f	0.79815040	0.80392221	0.00000000	0.00000000	10.00000000	0.00000000	0.00000000
S5	f	0.04368001	0.36565420	0.00000000	0.00000000	10.00000000	0.00000000	0.00000000
C1	c	0.17916589	0.96772449	0.16293810	0.00000000	8.00000000	0.02461905	0.00000000
C2	c	0.64759912	0.48654097	0.30718021	0.10000000	8.10000000	0.01040970	0.00000000
C3	c	0.34212968	0.16582696	0.25317565	0.20000000	8.20000000	0.02179629	0.00000000
C4	c	0.01835655	0.30421108	0.03424742	0.30000000	8.30000000	0.02228414	0.00000000
C5	c	0.30150780	0.67438138	0.20086012	0.40000000	8.40000000	0.02120171	0.00000000
C6	c	0.87378389	0.91261311	0.09467997	0.50000000	8.50000000	0.02771926	0.00000000
C7	c	0.22502457	0.88042479	0.10137218	0.60000000	8.60000000	0.02981290	0.00000000
C8	c	0.74347932	0.90373932	0.08436374	0.70000000	8.70000000	0.02959814	0.00000000
C9	c	0.73199925	0.44721766	0.05906293	0.80000000	8.80000000	0.01093294	0.00000000
C10	c	0.34864168	0.60544451	0.16741625	0.90000000	8.90000000	0.01554260	0.00000000
C11	c	0.61101724	0.61347732	0.22344678	1.00000000	9.00000000	0.02148809	0.00000000
C12	c	0.42442806	0.97890832	0.26501835	1.10000000	9.10000000	0.02591793	0.00000000
C13	c	0.73737541	0.27235997	0.09928225	1.20000000	9.20000000	0.01716646	0.00000000
C14	c	0.22095874	0.93434856	0.24137823	1.30000000	9.30000000	0.01153246	0.00000000
C15	c	0.68867871	0.46652857	0.21439590	1.40000000	9.40000000	0.01151976	0.00000000
C16	c	0.05965313	0.21340811	0.27157053	1.50000000	9.50000000	0.01822461	0.00000000
C17	c	0.93063600	0.44383469	0.06997517	1.60000000	9.60000000	0.02925140	0.00000000
C18	c	0.09662198	0.92520242	0.15861443	1.70000000	9.70000000	0.01035227	0.00000000
C19	c	0.36365514	0.05164662	0.04811725	1.80000000	9.80000000	0.02651642	0.00000000
C20	c	0.32022176	0.57042249	0.14906908	1.90000000	9.90000000	0.02587656	0.00000000
C21	c	0.51840338	0.23093739	0.02492662	2.00000000	10.00000000	0.01382733	0.00000000
C22	c	0.48417304	0.71773739	0.07696231	2.00000000	10.00000000	0.01839484	0.00000000
C23	c	0.51340176	0.38433725	0.12146000	2.00000000	10.00000000	0.01967937	0.00000000
C24	c	0.09030785	0.65769371	0.07939102	2.00000000	10.00000000	0.01020340	0.00000000
C25	c	0.88989810	0.40941315	0.09141209	2.00000000	10.00000000	0.01048604	0.00000000
C26	c	0.75815707	0.05101432	0.25782014	2.00000000	10.00000000	0.01123195	0.00000000
C27	c	0.87716238	0.98034395	0.22539059	2.00000000	10.00000000	0.02821002	0.00000000
C28	c	0.31575541	0.80860118	0.07979299	2.00000000	10.00000000	0.02314409	0.00000000
C29	c	0.80279190	0.75016729	0.19889413	2.00000000	10.00000000	0.02545295	0.00000000
C30	c	0.79908061	0.37666499	0.13778558	2.00000000	10.00000000	0.02638135	0.00000000

Q Vehicle fuel tank capacity /0.40000000/
C Vehicle load capacity /1.50000000/
r fuel consumption rate /0.25000000/
g inverse refueling rate /1.00000000/
v average Velocity /1.00000000/
