StringID	Type	x	y	demand	ReadyTime	DueDate	ServiceTime	altitude
D0	d	0.50000000	0.50000000	0.00000000	0.00000000	10.00000000	0.00000000	0.00000000
S0	f	0.54704029	0.37182906	0.00000000	0.00000000	10.00000000	0.00000000	0.00000000
S1	f	0.18662255	0.23115857	0.00000000	0.00000000	10.00000000	0.00000000	0.00000000
S2	f	0.27560438	0.21102563	0.00000000	0.00000000	10.00000000	0.00000000	0.00000000
S3	f	0.34179663	0.25969919	0.00000000	0.00000000	10.00000000	0.00000000	0.00000000
S4	f	0.64686109	0.52410308	0.00000000	0.00000000	10.00000000	0.00000000	0.00000000
S5	f	0.08541358	0.76698382	0.00000000	0.00000000	10.00000000	0.00000000	0.00000000
S6	f	0.87988808	0.77216374	0.00000000	0.00000000	10.00000000	0.00000000	0.00000000
S7	f	0.02867261	0.87224773	0.00000000	0.00000000	10.00000000	0.00000000	0.00000000
S8	f	0.59823096	0.22970327	0.00000000	0.00000000	10.00000000	0.00000000	0.00000000
S9	f	0.97331949	0.81180785	0.00000000	0.00000000	10.00000000	0.00000000	0.00000000
C1	c	0.89688713	0.33794447	0.07657272	0.00000000	8.00000000	0.02669118	0.00000000
C2	c	0.07945779	0.54149588	0.10623902	0.06000000	8.06000000	0.01433873	0.00000000
C3	c	0.31814410	0.65112893	0.03583648	0.12000000	8.12000000	0.02469266	0.00000000
C4	c	0.76527166	0.83030380	0.18954134	0.18000000	8.18000000	0.01608031	0.00000000
C5	c	0.95944466	0.61995498	0.02906422	0.24000000	8.24000000	0.01661457	0.00000000
C6	c	0.38425641	0.88445965	0.06645499	0.30000000	8.30000000	0.02171336	0.00000000
C7	c	0.01837837	0.93303881	0.03262293	0.36000000	8.36000000	0.01849883	0.00000000
C8	c	0.70197566	0.84125325	0.10662045	0.42000000	8.42000000	0.01843668	0.00000000
C9	c	0.42060993	0.40869018	0.04297857	0.48000000	8.48000000	0.01717664	0.00000000
C10	c	0.08314095	0.67341192	0.05349251	0.54000000	8.54000000	0.01846054	0.00000000
C11	c	0.53820146	0.63826810	0.01430949	0.60000000	8.60000000	0.02144075	0.00000000
C12	c	0.39197598	0.01367786	0.09083828	0.66000000	8.66000000	0.01570901	0.00000000
C13	c	0.94139184	0.87025470	0.08508978	0.72000000	8.72000000	0.02894393	0.00000000
C14	c	0.64472518	0.71209737	0.11336432	0.78000000	8.78000000	0.01377457	0.00000000
C15	c	0.16398040	0.97780862	0.16065854	0.84000000	8.84000000	0.02643356	0.00000000
C16	c	0.45642076	0.42725336	0.16576266	0.90000000	8.90000000	0.01848386	0.00000000
C17	c	0.61686457	0.40265442	0.07465991	0.96000000	8.96000000	0.01473990	0.00000000
C18	c	0.20480963	0.01998860	0.16106448	1.02000000	9.02000000	0.02356868	0.00000000
C19	c	0.54704029	0.37182906	0.14751087	1.08000000	9.08000000	0.01709022	0.00000000
C20	c	0.98584453	0.03157783	0.19562292	1.14000000	9.14000000	0.02288624	0.00000000
C21	c	0.79023027	0.95360551	0.02793719	1.20000000	9.20000000	0.01078446	0.00000000
C22	c	0.51423055	0.08734911	0.07822417	1.26000000	9.26000000	0.02941320	0.00000000
C23	c	0.22730528	0.82893352	0.17917223	1.32000000	9.32000000	0.02714454	0.00000000
C24	c	0.71926545	0.70775266	0.05452754	1.38000000	9.38000000	0.01340014	0.00000000
C25	c	0.58957345	0.03966719	0.12931996	1.44000000	9.44000000	0.02614908	0.00000000
C26	c	0.15093606	0.14961045	0.03452892	1.50000000	9.50000000	0.01213634	0.00000000
C27	c	0.85392537	0.92407055	0.03687893	1.56000000	9.56000000	0.02386928	0.00000000
C28	c	0.58301950	0.12708328	0.01672540	1.62000000	9.62000000	0.01915410	0.00000000
C29	c	0.59523397	0.81479526	0.01675428	1.68000000	9.68000000	0.02282939	0.00000000
C30	c	0.59569913	0.68210732	0.07621595	1.74000000	9.74000000	0.02255821	0.00000000
C31	c	0.82949406	0.22582881	0.02058997	1.80000000	9.80000000	0.01072056	0.00000000
C32	c	0.84689146	0.63956788	0.11106302	1.86000000	9.86000000	0.02629581	0.00000000
C33	c	0.93608437	0.53606784	0.12400490	1.92000000	9.92000000	0.01864140	0.00000000
C34	c	0.60225356	0.92880799	0.04311651	1.98000000	9.98000000	0.01294152	0.00000000
C35	c	0.19752144	0.49829225	0.02179102	2.00000000	10.00000000	0.01682042	0.00000000
C36	c	0.18662255	0.23115857	0.10446512	2.00000000	10.00000000	0.01292207	0.00000000
C37	c	0.36776707	0.81683735	0.06227621	2.00000000	10.00000000	0.02764813	0.00000000
C38	c	0.10869986	0.19988895	0.07437415	2.00000000	10.00000000	0.01668632	0.00000000
C39	c	0.19278647	0.61566534	0.17865033	2.00000000	10.00000000	0.01824749	0.00000000
C40	c	0.12351556	0.40092367	0.19533384	2.00000000	10.00000000	0.01805874	0.00000000
C41	c	0.91850494	0.26283390	0.11942166	2.00000000	10.00000000	0.01132685	0.00000000
C42	c	0.51300237	0.18750852	0.15728624	2.00000000	10.00000000	0.01621723	0.00000000
C43	c	0.74253705	0.34915622	0.07845329	2.00000000	10.00000000	0.01952586	0.00000000
C44	c	0.41684648	0.96781801	0.18156218	2.00000000	10.00000000	0.01763220	0.00000000
C45	c	0.60771587	0.18989467	0.11657595	2.00000000	10.00000000	0.02851458	0.00000000
C46	c	0.31092581	0.76178742	0.02529016	2.00000000	10.00000000	0.01756955	0.00000000
C47	c	0.55505694	0.46347272	0.15022857	2.00000000	10.00000000	0.02017286	0.00000000
C48	c	0.62773148	0.44416569	0.05189361	2.00000000	10.00000000	0.02365695	0.00000000
C49	c	0.12301092	0.46206206	0.05820294	2.00000000	10.00000000	0.02027628	0.00000000
C50	c	0.91031665	0.84252815	0.02683127	2.00000000	10.00000000	0.01739829	0.00000000

Q Vehicle fuel tank capacity /0.40000000/
C Vehicle load capacity /1.50000000/
r fuel consumption rate /0.25000000/
g inverse refueling rate /1.00000000/
v average Velocity /1.00000000/
