StringID	Type	x	y	demand	ReadyTime	DueDate	ServiceTime	altitude
D0	d	0.50000000	0.50000000	0.00000000	0.00000000	10.00000000	0.00000000	0.00000000
S0	f	0.02541887	0.69930397	0.00000000	0.00000000	10.00000000	0.00000000	0.00000000
S1	f	0.47998932	0.79474599	0.00000000	0.00000000	10.00000000	0.00000000	0.00000000
S2	f	0.31960148	0.83861537	0.00000000	0.00000000	10.00000000	0.00000000	0.00000000
S3	f	0.13384652	0.99679061	0.00000000	0.00000000	10.00000000	0.00000000	0.00000000
S4	f	0.37276184	0.54847521	0.00000000	0.00000000	10.00000000	0.00000000	0.00000000
S5	f	0.48488423	0.73235071	0.00000000	0.00000000	10.00000000	0.00000000	0.00000000
S6	f	0.79647739	0.44338662	0.00000000	0.00000000	10.00000000	0.00000000	0.00000000
S7	f	0.85801504	0.97693533	0.00000000	0.00000000	10.00000000	0.00000000	0.00000000
S8	f	0.06151364	0.46146432	0.00000000	0.00000000	10.00000000	0.00000000	0.00000000
S9	f	0.96810118	0.82352830	0.00000000	0.00000000	10.00000000	0.00000000	0.00000000
C1	c	0.06620733	0.71460514	0.08286375	0.00000000	8.00000000	0.02435400	0.00000000
C2	c	0.02081739	0.74658051	0.16906227	0.06000000	8.06000000	0.01143383	0.00000000
C3	c	0.00000000	0.64576903	0.11124066	0.12000000	8.12000000	0.01159486	0.00000000
C4	c	0.00000000	0.79427742	0.01944951	0.18000000	8.18000000	0.02263568	0.00000000
C5	c	0.04111791	0.75740587	0.06905459	0.24000000	8.24000000	0.02182824	0.00000000
C6	c	0.30709568	0.74149857	0.02399413	0.30000000	8.30000000	0.02488491	0.00000000
C7	c	0.19740873	0.81821235	0.08777522	0.36000000	8.36000000	0.02789253	0.00000000
C8	c	0.20689624	0.67819471	0.15992434	0.42000000	8.42000000	0.01827167	0.00000000
C9	c	0.24029874	0.78873732	0.05206160	0.48000000	8.48000000	0.01751302	0.00000000
C10	c	0.28314701	0.71272020	0.14937776	0.54000000	8.54000000	0.02712562	0.00000000
C11	c	0.27096545	0.67961099	0.12966968	0.60000000	8.60000000	0.02315398	0.00000000
C12	c	0.23072926	0.65379280	0.14381578	0.66000000	8.66000000	0.02619993	0.00000000
C13	c	0.79873447	0.24820666	0.17188793	0.72000000	8.72000000	0.02292028	0.00000000
C14	c	0.70485568	0.33621259	0.11015292	0.78000000	8.78000000	0.01045102	0.00000000
C15	c	0.71424492	0.28680945	0.08218331	0.84000000	8.84000000	0.01839423	0.00000000
C16	c	0.38594745	0.24154837	0.10994114	0.90000000	8.90000000	0.02973235	0.00000000
C17	c	0.40187656	0.19046914	0.01941789	0.96000000	8.96000000	0.01450916	0.00000000
C18	c	0.46603139	0.25092901	0.02371518	1.02000000	9.02000000	0.02060684	0.00000000
C19	c	0.33243224	0.21819888	0.10119303	1.08000000	9.08000000	0.02381083	0.00000000
C20	c	0.38435687	0.19953922	0.11305349	1.14000000	9.14000000	0.02274394	0.00000000
C21	c	0.39430035	0.16482796	0.07491541	1.20000000	9.20000000	0.01805233	0.00000000
C22	c	0.45726397	0.21452944	0.01441307	1.26000000	9.26000000	0.01686438	0.00000000
C23	c	0.40545238	0.33873668	0.10394510	1.32000000	9.32000000	0.02290882	0.00000000
C24	c	0.35054247	0.21222626	0.03043399	1.38000000	9.38000000	0.02873348	0.00000000
C25	c	0.37595869	0.17890461	0.01363691	1.44000000	9.44000000	0.01269226	0.00000000
C26	c	0.15540927	0.53753078	0.14223865	1.50000000	9.50000000	0.02074804	0.00000000
C27	c	0.12991273	0.20796696	0.10200895	1.56000000	9.56000000	0.01080135	0.00000000
C28	c	0.04134309	0.56563742	0.10627720	1.62000000	9.62000000	0.01238622	0.00000000
C29	c	0.41000374	0.98952917	0.14828884	1.68000000	9.68000000	0.01285069	0.00000000
C30	c	0.49228372	0.28400642	0.03100959	1.74000000	9.74000000	0.01739127	0.00000000
C31	c	0.59775599	0.36749568	0.16271433	1.80000000	9.80000000	0.02835476	0.00000000
C32	c	0.71770000	0.07169170	0.13512042	1.86000000	9.86000000	0.01853816	0.00000000
C33	c	0.07974309	0.63178423	0.01857266	1.92000000	9.92000000	0.01537115	0.00000000
C34	c	0.59141222	0.74424535	0.07183654	1.98000000	9.98000000	0.02601816	0.00000000
C35	c	0.89462674	0.41358365	0.04058701	2.00000000	10.00000000	0.02919485	0.00000000
C36	c	0.37565112	0.85628084	0.10895817	2.00000000	10.00000000	0.02499209	0.00000000
C37	c	0.65769901	0.80999655	0.06722455	2.00000000	10.00000000	0.01097078	0.00000000
C38	c	0.64601382	0.02255115	0.14309065	2.00000000	10.00000000	0.02570957	0.00000000
C39	c	0.22545786	0.53034222	0.03602503	2.00000000	10.00000000	0.01697881	0.00000000
C40	c	0.69054168	0.63719700	0.04999090	2.00000000	10.00000000	0.02219685	0.00000000
C41	c	0.64544101	0.93667404	0.02017769	2.00000000	10.00000000	0.02620115	0.00000000
C42	c	0.04006747	0.11931122	0.11398716	2.00000000	10.00000000	0.02573647	0.00000000
C43	c	0.14253461	0.36956341	0.08614037	2.00000000	10.00000000	0.01101337	0.00000000
C44	c	0.95974267	0.74960439	0.18983207	2.00000000	10.00000000	0.02298524	0.00000000
C45	c	0.34894058	0.60984236	0.10086233	2.00000000	10.00000000	0.01785916	0.00000000
C46	c	0.81005771	0.78682336	0.06359628	2.00000000	10.00000000	0.02964705	0.00000000
C47	c	0.59301391	0.24232621	0.05852311	2.00000000	10.00000000	0.01809191	0.00000000
C48	c	0.90715810	0.76259252	0.13749025	2.00000000	10.00000000	0.01501401	0.00000000
C49	c	0.37503515	0.08432701	0.11973398	2.00000000	10.00000000	0.02186028	0.00000000
C50	c	0.88050942	0.12257306	0.07853461	2.00000000	10.00000000	0.01484652	0.00000000

Q Vehicle fuel tank capacity /0.40000000/
C Vehicle load capacity /1.50000000/
r fuel consumption rate /0.25000000/
g inverse refueling rate /1.00000000/
v average Velocity /1.00000000/
