StringID	Type	x	y	demand	ReadyTime	DueDate	ServiceTime	altitude
D0	d	0.50000000	0.50000000	0.00000000	0.00000000	10.00000000	0.00000000	0.00000000
S0	f	0.14404557	0.68628051	0.00000000	0.00000000	10.00000000	0.00000000	0.00000000
S1	f	0.78509362	0.67780922	0.00000000	0.00000000	10.00000000	0.00000000	0.00000000
S2	f	0.14070475	0.07572486	0.00000000	0.00000000	10.00000000	0.00000000	0.00000000
S3	f	0.18565138	0.93660554	0.00000000	0.00000000	10.00000000	0.00000000	0.00000000
S4	f	0.16584593	0.87548907	0.00000000	0.00000000	10.00000000	0.00000000	0.00000000
S5	f	0.51849661	0.72567316	0.00000000	0.00000000	10.00000000	0.00000000	0.00000000
S6	f	0.76603970	0.14186143	0.00000000	0.00000000	10.00000000	0.00000000	0.00000000
S7	f	0.25883796	0.09092881	0.00000000	0.00000000	10.00000000	0.00000000	0.00000000
S8	f	0.71433394	0.82758615	0.00000000	0.00000000	10.00000000	0.00000000	0.00000000
S9	f	0.41301398	0.78336028	0.00000000	0.00000000	10.00000000	0.00000000	0.00000000
C1	c	0.61365127	0.16598168	0.02875208	0.00000000	8.00000000	0.01767482	0.00000000
C2	c	0.28974909	0.59543948	0.11520477	0.06000000	8.06000000	0.02078152	0.00000000
C3	c	0.88854453	0.39914628	0.12721008	0.12000000	8.12000000	0.01268201	0.00000000
C4	c	0.51250072	0.92002698	0.06814049	0.18000000	8.18000000	0.01590115	0.00000000
C5	c	0.30249113	0.75247582	0.12338107	0.24000000	8.24000000	0.02859128	0.00000000
C6	c	0.94790064	0.65267935	0.09703211	0.30000000	8.30000000	0.01514805	0.00000000
C7	c	0.04210346	0.89265890	0.11087017	0.36000000	8.36000000	0.02935280	0.00000000
C8	c	0.61325635	0.65388759	0.07267723	0.42000000	8.42000000	0.02699697	0.00000000
C9	c	0.01514622	0.01735589	0.08244215	0.48000000	8.48000000	0.01679885	0.00000000
C10	c	0.66869472	0.65010662	0.07079232	0.54000000	8.54000000	0.01105739	0.00000000
C11	c	0.81977783	0.31315709	0.13457596	0.60000000	8.60000000	0.01082655	0.00000000
C12	c	0.77958836	0.88550833	0.03336417	0.66000000	8.66000000	0.02090193	0.00000000
C13	c	0.07332542	0.12941774	0.04261796	0.72000000	8.72000000	0.02218751	0.00000000
C14	c	0.38722310	0.21301054	0.12329513	0.78000000	8.78000000	0.01183315	0.00000000
C15	c	0.44283211	0.52813471	0.02440874	0.84000000	8.84000000	0.01921189	0.00000000
C16	c	0.70333066	0.03247681	0.05004930	0.90000000	8.90000000	0.02710984	0.00000000
C17	c	0.96230469	0.46747735	0.13920080	0.96000000	8.96000000	0.01247019	0.00000000
C18	c	0.84082547	0.69628514	0.02147762	1.02000000	9.02000000	0.02631441	0.00000000
C19	c	0.04102432	0.43599016	0.10133994	1.08000000	9.08000000	0.02260731	0.00000000
C20	c	0.14404557	0.68628051	0.05074088	1.14000000	9.14000000	0.01295660	0.00000000
C21	c	0.86138336	0.56502566	0.04660901	1.20000000	9.20000000	0.02715940	0.00000000
C22	c	0.06558448	0.60269439	0.03857711	1.26000000	9.26000000	0.02816922	0.00000000
C23	c	0.51670069	0.76716889	0.06047490	1.32000000	9.32000000	0.01810504	0.00000000
C24	c	0.03207795	0.66837738	0.03555924	1.38000000	9.38000000	0.01053659	0.00000000
C25	c	0.68485064	0.20982234	0.13823689	1.44000000	9.44000000	0.02299670	0.00000000
C26	c	0.70470644	0.31031685	0.11778897	1.50000000	9.50000000	0.01165276	0.00000000
C27	c	0.44998480	0.37583728	0.07165428	1.56000000	9.56000000	0.01848091	0.00000000
C28	c	0.20945282	0.81965862	0.12261205	1.62000000	9.62000000	0.02027341	0.00000000
C29	c	0.28719154	0.80158546	0.11690953	1.68000000	9.68000000	0.02005955	0.00000000
C30	c	0.55126806	0.95631291	0.08146029	1.74000000	9.74000000	0.02217334	0.00000000
C31	c	0.66931157	0.55191118	0.14143876	1.80000000	9.80000000	0.02524536	0.00000000
C32	c	0.90718412	0.32470020	0.01014923	1.86000000	9.86000000	0.01506305	0.00000000
C33	c	0.75080485	0.32132033	0.12334328	1.92000000	9.92000000	0.01036553	0.00000000
C34	c	0.19496179	0.14061697	0.14547021	1.98000000	9.98000000	0.01753187	0.00000000
C35	c	0.93994955	0.53786551	0.12668848	2.00000000	10.00000000	0.01065002	0.00000000
C36	c	0.80161624	0.79141131	0.07276093	2.00000000	10.00000000	0.02521686	0.00000000
C37	c	0.78509362	0.67780922	0.09297559	2.00000000	10.00000000	0.01254490	0.00000000
C38	c	0.59621168	0.60459885	0.14509359	2.00000000	10.00000000	0.01595067	0.00000000
C39	c	0.02811989	0.76867429	0.13179435	2.00000000	10.00000000	0.02100744	0.00000000
C40	c	0.39536321	0.27770828	0.14574641	2.00000000	10.00000000	0.02074499	0.00000000
C41	c	0.79860002	0.98620291	0.05778249	2.00000000	10.00000000	0.02863631	0.00000000
C42	c	0.31799860	0.22294884	0.08223387	2.00000000	10.00000000	0.01797169	0.00000000
C43	c	0.06071534	0.50190484	0.11217845	2.00000000	10.00000000	0.02096891	0.00000000
C44	c	0.95184464	0.25618897	0.07625226	2.00000000	10.00000000	0.01986546	0.00000000
C45	c	0.17861258	0.47765766	0.07214867	2.00000000	10.00000000	0.02419416	0.00000000
C46	c	0.27503154	0.86399427	0.12339495	2.00000000	10.00000000	0.02824250	0.00000000
C47	c	0.98122034	0.09585763	0.11674849	2.00000000	10.00000000	0.01965417	0.00000000
C48	c	0.93653639	0.88361737	0.02988588	2.00000000	10.00000000	0.02059719	0.00000000
C49	c	0.68533569	0.75765730	0.10027059	2.00000000	10.00000000	0.01706090	0.00000000
C50	c	0.13476009	0.79104806	0.14618828	2.00000000	10.00000000	0.02448835	0.00000000

Q Vehicle fuel tank capacity /0.40000000/
C Vehicle load capacity /1.50000000/
r fuel consumption rate /0.25000000/
g inverse refueling rate /1.00000000/
v average Velocity /1.00000000/
