StringID	Type	x	y	demand	ReadyTime	DueDate	ServiceTime	altitude
D0	d	0.50000000	0.50000000	0.00000000	0.00000000	10.00000000	0.00000000	0.00000000
S0	f	0.32167154	0.06598119	0.00000000	0.00000000	10.00000000	0.00000000	0.00000000
S1	f	0.17949743	0.66519188	0.00000000	0.00000000	10.00000000	0.00000000	0.00000000
S2	f	0.11538202	0.97165961	0.00000000	0.00000000	10.00000000	0.00000000	0.00000000
S3	f	0.80911639	0.42935171	0.00000000	0.00000000	10.00000000	0.00000000	0.00000000
S4	f	0.34413301	0.22748269	0.00000000	0.00000000	10.00000000	0.00000000	0.00000000
S5	f	0.83670240	0.79354542	0.00000000	0.00000000	10.00000000	0.00000000	0.00000000
S6	f	0.25054469	0.97550280	0.00000000	0.00000000	10.00000000	0.00000000	0.00000000
S7	f	0.89288992	0.97944395	0.00000000	0.00000000	10.00000000	0.00000000	0.00000000
S8	f	0.60462768	0.35735188	0.00000000	0.00000000	10.00000000	0.00000000	0.00000000
S9	f	0.24618315	0.88549062	0.00000000	0.00000000	10.00000000	0.00000000	0.00000000
C1	c	0.49111106	0.59803360	0.06356219	0.00000000	8.00000000	0.01739403	0.00000000
C2	c	0.86299359	0.63828111	0.09106526	0.06000000	8.06000000	0.01769408	0.00000000
C3	c	0.54336450	0.62889957	0.13510124	0.12000000	8.12000000	0.01966911	0.00000000
C4	c	0.79946120	0.61946671	0.04909235	0.18000000	8.18000000	0.02687389	0.00000000
C5	c	0.97335947	0.79640783	0.02788666	0.24000000	8.24000000	0.02044229	0.00000000
C6	c	0.90458083	0.19558904	0.03141688	0.30000000	8.30000000	0.01244897	0.00000000
C7	c	0.67847409	0.33708944	0.04677343	0.36000000	8.36000000	0.01040624	0.00000000
C8	c	0.35778487	0.33375687	0.01574045	0.42000000	8.42000000	0.01381736	0.00000000
C9	c	0.04995124	0.08380260	0.02953555	0.48000000	8.48000000	0.01223093	0.00000000
C10	c	0.55135929	0.74239355	0.12010090	0.54000000	8.54000000	0.01647703	0.00000000
C11	c	0.78498382	0.79077710	0.05040621	0.60000000	8.60000000	0.02727314	0.00000000
C12	c	0.70526463	0.50796115	0.01754613	0.66000000	8.66000000	0.02098602	0.00000000
C13	c	0.58725384	0.80221119	0.14411567	0.72000000	8.72000000	0.01179128	0.00000000
C14	c	0.27998197	0.20735299	0.17440561	0.78000000	8.78000000	0.02963138	0.00000000
C15	c	0.95358448	0.01982834	0.17633758	0.84000000	8.84000000	0.01073473	0.00000000
C16	c	0.27327708	0.46323493	0.02050789	0.90000000	8.90000000	0.02087427	0.00000000
C17	c	0.97156854	0.09970604	0.14837436	0.96000000	8.96000000	0.01681619	0.00000000
C18	c	0.32167154	0.06598119	0.08783326	1.02000000	9.02000000	0.02431221	0.00000000
C19	c	0.24989374	0.68534285	0.12829661	1.08000000	9.08000000	0.01319198	0.00000000
C20	c	0.40596939	0.17297331	0.02595574	1.14000000	9.14000000	0.02897477	0.00000000
C21	c	0.84288888	0.73912569	0.03113753	1.20000000	9.20000000	0.01653031	0.00000000
C22	c	0.36097846	0.09380601	0.04289037	1.26000000	9.26000000	0.01301509	0.00000000
C23	c	0.61917532	0.67177393	0.05082707	1.32000000	9.32000000	0.01064667	0.00000000
C24	c	0.97276972	0.73329029	0.08342401	1.38000000	9.38000000	0.01430679	0.00000000
C25	c	0.48260810	0.03905615	0.14296750	1.44000000	9.44000000	0.02700821	0.00000000
C26	c	0.36235329	0.86171149	0.08495562	1.50000000	9.50000000	0.02224556	0.00000000
C27	c	0.72083600	0.75115118	0.07861941	1.56000000	9.56000000	0.02237200	0.00000000
C28	c	0.75527731	0.47002934	0.13120432	1.62000000	9.62000000	0.01222387	0.00000000
C29	c	0.72362621	0.57588061	0.07953953	1.68000000	9.68000000	0.01159158	0.00000000
C30	c	0.63314821	0.77034979	0.08262788	1.74000000	9.74000000	0.01242534	0.00000000
C31	c	0.04957743	0.56518369	0.12605308	1.80000000	9.80000000	0.01338618	0.00000000
C32	c	0.70595552	0.16619175	0.12697110	1.86000000	9.86000000	0.01083879	0.00000000
C33	c	0.13631469	0.17249474	0.05314368	1.92000000	9.92000000	0.02848313	0.00000000
C34	c	0.99046383	0.18125629	0.16613770	1.98000000	9.98000000	0.02550901	0.00000000
C35	c	0.89075156	0.55421245	0.07067345	2.00000000	10.00000000	0.01251409	0.00000000
C36	c	0.64213308	0.83441363	0.04436260	2.00000000	10.00000000	0.02924004	0.00000000
C37	c	0.01555200	0.33444764	0.07704055	2.00000000	10.00000000	0.01709577	0.00000000
C38	c	0.17949743	0.66519188	0.07175956	2.00000000	10.00000000	0.02096586	0.00000000
C39	c	0.91906099	0.26936636	0.13280075	2.00000000	10.00000000	0.01748408	0.00000000
C40	c	0.62289034	0.92864767	0.05186852	2.00000000	10.00000000	0.02199472	0.00000000
C41	c	0.75995503	0.91101167	0.09404800	2.00000000	10.00000000	0.01470324	0.00000000
C42	c	0.70199600	0.05777065	0.17559910	2.00000000	10.00000000	0.01283972	0.00000000
C43	c	0.31135267	0.59359078	0.14617310	2.00000000	10.00000000	0.01891977	0.00000000
C44	c	0.19102881	0.89591538	0.11633807	2.00000000	10.00000000	0.01335376	0.00000000
C45	c	0.71887008	0.86502992	0.11813188	2.00000000	10.00000000	0.02953561	0.00000000
C46	c	0.19257448	0.05733829	0.15951079	2.00000000	10.00000000	0.01537469	0.00000000
C47	c	0.13184419	0.56671458	0.15193796	2.00000000	10.00000000	0.02299522	0.00000000
C48	c	0.11328534	0.89862374	0.11499597	2.00000000	10.00000000	0.01966360	0.00000000
C49	c	0.66810671	0.91313048	0.06144474	2.00000000	10.00000000	0.01290415	0.00000000
C50	c	0.39103411	0.92625209	0.04876222	2.00000000	10.00000000	0.02175080	0.00000000

Q Vehicle fuel tank capacity /0.40000000/
C Vehicle load capacity /1.50000000/
r fuel consumption rate /0.25000000/
g inverse refueling rate /1.00000000/
v average Velocity /1.00000000/
