StringID	Type	x	y	demand	ReadyTime	DueDate	ServiceTime	altitude
D0	d	0.50000000	0.50000000	0.00000000	0.00000000	10.00000000	0.00000000	0.00000000
S0	f	0.62241074	0.69415936	0.00000000	0.00000000	10.00000000	0.00000000	0.00000000
S1	f	0.78724202	0.26786400	0.00000000	0.00000000	10.00000000	0.00000000	0.00000000
S2	f	0.57122488	0.26534084	0.00000000	0.00000000	10.00000000	0.00000000	0.00000000
S3	f	0.90096682	0.86170645	0.00000000	0.00000000	10.00000000	0.00000000	0.00000000
S4	f	0.59372007	0.33850493	0.00000000	0.00000000	10.00000000	0.00000000	0.00000000
S5	f	0.85568953	0.74861326	0.00000000	0.00000000	10.00000000	0.00000000	0.00000000
S6	f	0.45117276	0.31099276	0.00000000	0.00000000	10.00000000	0.00000000	0.00000000
S7	f	0.79743481	0.83656829	0.00000000	0.00000000	10.00000000	0.00000000	0.00000000
S8	f	0.50095141	0.33961163	0.00000000	0.00000000	10.00000000	0.00000000	0.00000000
S9	f	0.23753658	0.15618783	0.00000000	0.00000000	10.00000000	0.00000000	0.00000000
C1	c	0.64400010	0.29362913	0.06947081	0.00000000	8.00000000	0.02733299	0.00000000
C2	c	0.32735598	0.24215481	0.02089988	0.06000000	8.06000000	0.02035628	0.00000000
C3	c	0.23490479	0.22934798	0.13606382	0.12000000	8.12000000	0.02303480	0.00000000
C4	c	0.27682578	0.52645971	0.11059473	0.18000000	8.18000000	0.02577511	0.00000000
C5	c	0.91773019	0.19337169	0.04326458	0.24000000	8.24000000	0.01764761	0.00000000
C6	c	0.73849209	0.19819077	0.07560714	0.30000000	8.30000000	0.02748135	0.00000000
C7	c	0.91510437	0.50370785	0.07606235	0.36000000	8.36000000	0.02734037	0.00000000
C8	c	0.44834003	0.56089101	0.08209124	0.42000000	8.42000000	0.01018849	0.00000000
C9	c	0.79134263	0.26046761	0.13184507	0.48000000	8.48000000	0.02662293	0.00000000
C10	c	0.51625034	0.38492083	0.01376244	0.54000000	8.54000000	0.02314556	0.00000000
C11	c	0.13389599	0.87911178	0.05717302	0.60000000	8.60000000	0.02327038	0.00000000
C12	c	0.17522545	0.13611912	0.02349231	0.66000000	8.66000000	0.01377866	0.00000000
C13	c	0.90607030	0.02300347	0.04227573	0.72000000	8.72000000	0.02721824	0.00000000
C14	c	0.14647927	0.07558441	0.16654961	0.78000000	8.78000000	0.01776110	0.00000000
C15	c	0.55745276	0.97943943	0.02591325	0.84000000	8.84000000	0.02663249	0.00000000
C16	c	0.57219974	0.72304906	0.05654701	0.90000000	8.90000000	0.01170363	0.00000000
C17	c	0.33590487	0.18633259	0.03337622	0.96000000	8.96000000	0.02089386	0.00000000
C18	c	0.24683541	0.65061242	0.14109274	1.02000000	9.02000000	0.01980788	0.00000000
C19	c	0.94982626	0.37142680	0.14363405	1.08000000	9.08000000	0.01463703	0.00000000
C20	c	0.86001489	0.12608170	0.14327033	1.14000000	9.14000000	0.01365938	0.00000000
C21	c	0.62241074	0.69415936	0.12784117	1.20000000	9.20000000	0.01722723	0.00000000
C22	c	0.13468173	0.39625182	0.07804809	1.26000000	9.26000000	0.01732304	0.00000000
C23	c	0.14530574	0.17455827	0.07565661	1.32000000	9.32000000	0.01371674	0.00000000
C24	c	0.11855196	0.94079658	0.08975983	1.38000000	9.38000000	0.01931152	0.00000000
C25	c	0.96544056	0.51171180	0.15914186	1.44000000	9.44000000	0.01737925	0.00000000
C26	c	0.74685171	0.34623770	0.03786032	1.50000000	9.50000000	0.01035561	0.00000000
C27	c	0.76867560	0.22730657	0.14481426	1.56000000	9.56000000	0.01125994	0.00000000
C28	c	0.71056445	0.04305455	0.16034312	1.62000000	9.62000000	0.02313339	0.00000000
C29	c	0.35464298	0.41997072	0.12510628	1.68000000	9.68000000	0.02007373	0.00000000
C30	c	0.20780934	0.51884162	0.15943493	1.74000000	9.74000000	0.02308876	0.00000000
C31	c	0.94541066	0.69992045	0.10319462	1.80000000	9.80000000	0.02314391	0.00000000
C32	c	0.18422033	0.05545152	0.17326071	1.86000000	9.86000000	0.02900995	0.00000000
C33	c	0.38532028	0.36748834	0.13607732	1.92000000	9.92000000	0.01536718	0.00000000
C34	c	0.62506504	0.15481341	0.04502308	1.98000000	9.98000000	0.02247872	0.00000000
C35	c	0.58644216	0.21402525	0.10443709	2.00000000	10.00000000	0.01407579	0.00000000
C36	c	0.55418268	0.43266278	0.01556479	2.00000000	10.00000000	0.02882858	0.00000000
C37	c	0.46054041	0.26350113	0.05392074	2.00000000	10.00000000	0.01313019	0.00000000
C38	c	0.62898673	0.91881737	0.06582754	2.00000000	10.00000000	0.02074174	0.00000000
C39	c	0.09001119	0.71351277	0.12171473	2.00000000	10.00000000	0.02199420	0.00000000
C40	c	0.61448898	0.98367250	0.05821370	2.00000000	10.00000000	0.02184442	0.00000000
C41	c	0.73545014	0.73642108	0.09233831	2.00000000	10.00000000	0.02514557	0.00000000
C42	c	0.26359580	0.31543591	0.05840726	2.00000000	10.00000000	0.02228533	0.00000000
C43	c	0.03318589	0.95093305	0.04895959	2.00000000	10.00000000	0.02874980	0.00000000
C44	c	0.35926166	0.81649768	0.06283439	2.00000000	10.00000000	0.01461615	0.00000000
C45	c	0.99589716	0.95591395	0.07001257	2.00000000	10.00000000	0.01471837	0.00000000
C46	c	0.97332146	0.04695939	0.16320113	2.00000000	10.00000000	0.02867905	0.00000000
C47	c	0.30208840	0.28280101	0.05794688	2.00000000	10.00000000	0.02556237	0.00000000
C48	c	0.29815097	0.75815732	0.01321241	2.00000000	10.00000000	0.02078465	0.00000000
C49	c	0.57122488	0.26534084	0.17913724	2.00000000	10.00000000	0.01105170	0.00000000
C50	c	0.92550394	0.13774610	0.12572312	2.00000000	10.00000000	0.01514083	0.00000000

Q Vehicle fuel tank capacity /0.40000000/
C Vehicle load capacity /1.50000000/
r fuel consumption rate /0.25000000/
g inverse refueling rate /1.00000000/
v average Velocity /1.00000000/
