StringID	Type	x	y	demand	ReadyTime	DueDate	ServiceTime	altitude
D0	d	0.50000000	0.50000000	0.00000000	0.00000000	10.00000000	0.00000000	0.00000000
S0	f	0.35333287	0.12679784	0.00000000	0.00000000	10.00000000	0.00000000	0.00000000
S1	f	0.51470222	0.44140331	0.00000000	0.00000000	10.00000000	0.00000000	0.00000000
S2	f	0.55951380	0.63422452	0.00000000	0.00000000	10.00000000	0.00000000	0.00000000
S3	f	0.31358367	0.81136363	0.00000000	0.00000000	10.00000000	0.00000000	0.00000000
S4	f	0.87814023	0.44776355	0.00000000	0.00000000	10.00000000	0.00000000	0.00000000
S5	f	0.70711355	0.69350601	0.00000000	0.00000000	10.00000000	0.00000000	0.00000000
C1	c	0.92096959	0.76001858	0.22372632	0.00000000	8.00000000	0.02359643	0.00000000
C2	c	0.55475921	0.72226990	0.08800313	0.10000000	8.10000000	0.01946416	0.00000000
C3	c	0.40644721	0.93452934	0.25147789	0.20000000	8.20000000	0.01975149	0.00000000
C4	c	0.26069196	0.28302193	0.06808629	0.30000000	8.30000000	0.01179731	0.00000000
C5	c	0.64448569	0.43991494	0.11016523	0.40000000	8.40000000	0.02640223	0.00000000
C6	c	0.77842369	0.53996093	0.18071402	0.50000000	8.50000000	0.01438413	0.00000000
C7	c	0.05839692	0.21542116	0.16772548	0.60000000	8.60000000	0.01049961	0.00000000
C8	c	0.75828123	0.66355470	0.17210420	0.70000000	8.70000000	0.02402085	0.00000000
C9	c	0.76061263	0.79708915	0.04858180	0.80000000	8.80000000	0.01167551	0.00000000
C10	c	0.29227123	0.92535506	0.02330610	0.90000000	8.90000000	0.02388920	0.00000000
C11	c	0.40530696	0.26685364	0.23262936	1.00000000	9.00000000	0.02409180	0.00000000
C12	c	0.44355854	0.87881700	0.11786722	1.10000000	9.10000000	0.01785215	0.00000000
C13	c	0.04767484	0.02022542	0.09976604	1.20000000	9.20000000	0.02308693	0.00000000
C14	c	0.46888674	0.10599523	0.07795903	1.30000000	9.30000000	0.02696434	0.00000000
C15	c	0.87001558	0.20424546	0.09150194	1.40000000	9.40000000	0.02339776	0.00000000
C16	c	0.16532506	0.91989132	0.26253880	1.50000000	9.50000000	0.01328627	0.00000000
C17	c	0.09485481	0.39343551	0.25846721	1.60000000	9.60000000	0.01096049	0.00000000
C18	c	0.60204893	0.95361204	0.11240557	1.70000000	9.70000000	0.01993219	0.00000000
C19	c	0.05830963	0.62578168	0.09423452	1.80000000	9.80000000	0.01343964	0.00000000
C20	c	0.35333287	0.12679784	0.10278546	1.90000000	9.90000000	0.02308978	0.00000000
C21	c	0.47749623	0.24443876	0.12023473	2.00000000	10.00000000	0.02266699	0.00000000
C22	c	0.33102415	0.91286640	0.19723215	2.00000000	10.00000000	0.01331873	0.00000000
C23	c	0.92771008	0.37608484	0.23212536	2.00000000	10.00000000	0.02126837	0.00000000
C24	c	0.95698877	0.82279848	0.21284673	2.00000000	10.00000000	0.02162741	0.00000000
C25	c	0.20250082	0.53507486	0.15750122	2.00000000	10.00000000	0.02043565	0.00000000
C26	c	0.61391165	0.22505450	0.15432894	2.00000000	10.00000000	0.01230674	0.00000000
C27	c	0.57574197	0.82036191	0.20175222	2.00000000	10.00000000	0.02880266	0.00000000
C28	c	0.56830368	0.20489825	0.23063051	2.00000000	10.00000000	0.02048225	0.00000000
C29	c	0.45501698	0.18075105	0.12484273	2.00000000	10.00000000	0.01087051	0.00000000
C30	c	0.14916131	0.35879894	0.08445979	2.00000000	10.00000000	0.02956420	0.00000000

Q Vehicle fuel tank capacity /0.40000000/
C Vehicle load capacity /1.50000000/
r fuel consumption rate /0.25000000/
g inverse refueling rate /1.00000000/
v average Velocity /1.00000000/
