StringID	Type	x	y	demand	ReadyTime	DueDate	ServiceTime	altitude
D0	d	0.50000000	0.50000000	0.00000000	0.00000000	10.00000000	0.00000000	0.00000000
S0	f	0.14012416	0.82847103	0.00000000	0.00000000	10.00000000	0.00000000	0.00000000
S1	f	0.74360126	0.43315355	0.00000000	0.00000000	10.00000000	0.00000000	0.00000000
S2	f	0.76096252	0.15050949	0.00000000	0.00000000	10.00000000	0.00000000	0.00000000
S3	f	0.52052748	0.61703522	0.00000000	0.00000000	10.00000000	0.00000000	0.00000000
S4	f	0.71251867	0.05436475	0.00000000	0.00000000	10.00000000	0.00000000	0.00000000
S5	f	0.01127640	0.98428824	0.00000000	0.00000000	10.00000000	0.00000000	0.00000000
C1	c	0.13021892	0.12787536	0.08527169	0.00000000	8.00000000	0.02684960	0.00000000
C2	c	0.06642031	0.19218812	0.16181008	0.10000000	8.10000000	0.02353298	0.00000000
C3	c	0.05268463	0.15456165	0.07263386	0.20000000	8.20000000	0.02527239	0.00000000
C4	c	0.00000000	0.83341367	0.12929882	0.30000000	8.30000000	0.02886078	0.00000000
C5	c	0.00000000	0.87408050	0.02905110	0.40000000	8.40000000	0.02288266	0.00000000
C6	c	0.00000000	0.86405934	0.19831165	0.50000000	8.50000000	0.02396579	0.00000000
C7	c	0.00503517	0.74744739	0.03685237	0.60000000	8.60000000	0.02247860	0.00000000
C8	c	0.07400044	0.78824680	0.17952478	0.70000000	8.70000000	0.01007880	0.00000000
C9	c	0.04002630	0.84490096	0.14179009	0.80000000	8.80000000	0.01264106	0.00000000
C10	c	0.00000000	0.79910738	0.24704011	0.90000000	8.90000000	0.02681055	0.00000000
C11	c	0.00000000	0.85778698	0.27930419	1.00000000	9.00000000	0.02161882	0.00000000
C12	c	0.12847224	0.33831103	0.15501285	1.10000000	9.10000000	0.01531278	0.00000000
C13	c	0.17480441	0.33362204	0.08584854	1.20000000	9.20000000	0.02658621	0.00000000
C14	c	0.17406843	0.40786096	0.26240978	1.30000000	9.30000000	0.02226557	0.00000000
C15	c	0.21702127	0.45521463	0.17253838	1.40000000	9.40000000	0.01322584	0.00000000
C16	c	0.83068517	0.53326963	0.23868275	1.50000000	9.50000000	0.02348850	0.00000000
C17	c	0.87749197	0.32117546	0.04401214	1.60000000	9.60000000	0.02688051	0.00000000
C18	c	0.01160203	0.18921917	0.26865735	1.70000000	9.70000000	0.01357440	0.00000000
C19	c	0.82088341	0.79081437	0.18008440	1.80000000	9.80000000	0.02484295	0.00000000
C20	c	0.01993849	0.25246523	0.28259683	1.90000000	9.90000000	0.02859432	0.00000000
C21	c	0.75647589	0.26145095	0.11692091	2.00000000	10.00000000	0.02187513	0.00000000
C22	c	0.67664921	0.76361945	0.02472724	2.00000000	10.00000000	0.01234765	0.00000000
C23	c	0.94303895	0.64413311	0.07762317	2.00000000	10.00000000	0.01098019	0.00000000
C24	c	0.69828949	0.62393005	0.26573830	2.00000000	10.00000000	0.01059890	0.00000000
C25	c	0.00394012	0.13205298	0.25678348	2.00000000	10.00000000	0.02487095	0.00000000
C26	c	0.84052737	0.58094109	0.02720991	2.00000000	10.00000000	0.02634008	0.00000000
C27	c	0.26563890	0.82931046	0.09645840	2.00000000	10.00000000	0.02252754	0.00000000
C28	c	0.61327829	0.16129182	0.24655718	2.00000000	10.00000000	0.02864115	0.00000000
C29	c	0.67442523	0.84402570	0.09913443	2.00000000	10.00000000	0.02794725	0.00000000
C30	c	0.17872018	0.74214761	0.03811524	2.00000000	10.00000000	0.01906379	0.00000000

Q Vehicle fuel tank capacity /0.40000000/
C Vehicle load capacity /1.50000000/
r fuel consumption rate /0.25000000/
g inverse refueling rate /1.00000000/
v average Velocity /1.00000000/
