StringID	Type	x	y	demand	ReadyTime	DueDate	ServiceTime	altitude
D0	d	0.50000000	0.50000000	0.00000000	0.00000000	10.00000000	0.00000000	0.00000000
S0	f	0.52091987	0.71357296	0.00000000	0.00000000	10.00000000	0.00000000	0.00000000
S1	f	0.12744736	0.22297748	0.00000000	0.00000000	10.00000000	0.00000000	0.00000000
S2	f	0.92869192	0.01504091	0.00000000	0.00000000	10.00000000	0.00000000	0.00000000
S3	f	0.45248803	0.42534525	0.00000000	0.00000000	10.00000000	0.00000000	0.00000000
S4	f	0.41345024	0.34821332	0.00000000	0.00000000	10.00000000	0.00000000	0.00000000
S5	f	0.28673085	0.87385029	0.00000000	0.00000000	10.00000000	0.00000000	0.00000000
C1	c	0.20725922	0.59724660	0.22459047	0.00000000	8.00000000	0.02791160	0.00000000
C2	c	0.23797836	0.56620453	0.21033738	0.10000000	8.10000000	0.01963710	0.00000000
C3	c	0.19697117	0.61136578	0.20811597	0.20000000	8.20000000	0.01400142	0.00000000
C4	c	0.19074058	0.58056571	0.13617357	0.30000000	8.30000000	0.02409636	0.00000000
C5	c	0.21750057	0.54693421	0.21320178	0.40000000	8.40000000	0.02007470	0.00000000
C6	c	0.71989019	0.61526772	0.06179692	0.50000000	8.50000000	0.01276285	0.00000000
C7	c	0.85010182	0.65328591	0.16186832	0.60000000	8.60000000	0.02013352	0.00000000
C8	c	0.76017576	0.75016630	0.06794883	0.70000000	8.70000000	0.01173783	0.00000000
C9	c	0.69006339	0.63975431	0.19356046	0.80000000	8.80000000	0.02589557	0.00000000
C10	c	0.68141804	0.68055392	0.15353363	0.90000000	8.90000000	0.01429372	0.00000000
C11	c	0.76169162	0.65349833	0.22185696	1.00000000	9.00000000	0.01459857	0.00000000
C12	c	0.38530440	0.63556581	0.20928297	1.10000000	9.10000000	0.02398543	0.00000000
C13	c	0.31781559	0.59961903	0.18206501	1.20000000	9.20000000	0.02077897	0.00000000
C14	c	0.36578258	0.59017818	0.12195637	1.30000000	9.30000000	0.02606109	0.00000000
C15	c	0.31274014	0.64618874	0.08819215	1.40000000	9.40000000	0.02306551	0.00000000
C16	c	0.87171017	0.88100551	0.07076156	1.50000000	9.50000000	0.01610204	0.00000000
C17	c	0.73482654	0.27575117	0.12341285	1.60000000	9.60000000	0.01070543	0.00000000
C18	c	0.98305860	0.59085890	0.13250286	1.70000000	9.70000000	0.01140927	0.00000000
C19	c	0.57125891	0.82806924	0.19809764	1.80000000	9.80000000	0.02954885	0.00000000
C20	c	0.45387254	0.19491888	0.20005004	1.90000000	9.90000000	0.01556709	0.00000000
C21	c	0.85995163	0.08094592	0.16934649	2.00000000	10.00000000	0.02533067	0.00000000
C22	c	0.89557988	0.48185510	0.07292192	2.00000000	10.00000000	0.02329829	0.00000000
C23	c	0.20007116	0.70481779	0.22148535	2.00000000	10.00000000	0.02960441	0.00000000
C24	c	0.50373508	0.13814275	0.13910741	2.00000000	10.00000000	0.02249346	0.00000000
C25	c	0.50667598	0.08689126	0.13499061	2.00000000	10.00000000	0.01120599	0.00000000
C26	c	0.79477860	0.21468588	0.18893126	2.00000000	10.00000000	0.02290977	0.00000000
C27	c	0.53894848	0.80305468	0.11033468	2.00000000	10.00000000	0.02780483	0.00000000
C28	c	0.65327547	0.30510180	0.05594384	2.00000000	10.00000000	0.02527961	0.00000000
C29	c	0.03527171	0.07046350	0.19562787	2.00000000	10.00000000	0.02850758	0.00000000
C30	c	0.97744234	0.27835458	0.03200486	2.00000000	10.00000000	0.01332183	0.00000000

Q Vehicle fuel tank capacity /0.40000000/
C Vehicle load capacity /1.50000000/
r fuel consumption rate /0.25000000/
g inverse refueling rate /1.00000000/
v average Velocity /1.00000000/
