StringID	Type	x	y	demand	ReadyTime	DueDate	ServiceTime	altitude
D0	d	0.50000000	0.50000000	0.00000000	0.00000000	10.00000000	0.00000000	0.00000000
S0	f	0.13127255	0.71420568	0.00000000	0.00000000	10.00000000	0.00000000	0.00000000
S1	f	0.69518565	0.66146219	0.00000000	0.00000000	10.00000000	0.00000000	0.00000000
S2	f	0.04980618	0.99750232	0.00000000	0.00000000	10.00000000	0.00000000	0.00000000
S3	f	0.32315530	0.96104259	0.00000000	0.00000000	10.00000000	0.00000000	0.00000000
S4	f	0.22406461	0.10139336	0.00000000	0.00000000	10.00000000	0.00000000	0.00000000
S5	f	0.62076006	0.52503270	0.00000000	0.00000000	10.00000000	0.00000000	0.00000000
C1	c	0.84509964	0.96084249	0.04575383	0.00000000	8.00000000	0.02074109	0.00000000
C2	c	0.81348148	0.55427739	0.29463158	0.10000000	8.10000000	0.02112994	0.00000000
C3	c	0.15079223	0.79084803	0.04481794	0.20000000	8.20000000	0.02402300	0.00000000
C4	c	0.53736058	0.98882926	0.11827936	0.30000000	8.30000000	0.01935543	0.00000000
C5	c	0.90850529	0.94730246	0.19448837	0.40000000	8.40000000	0.01005453	0.00000000
C6	c	0.92790904	0.24828896	0.28948188	0.50000000	8.50000000	0.01112318	0.00000000
C7	c	0.02285325	0.29187114	0.12078404	0.60000000	8.60000000	0.01116413	0.00000000
C8	c	0.50456212	0.79052106	0.04748533	0.70000000	8.70000000	0.01726196	0.00000000
C9	c	0.33061538	0.43139537	0.24960677	0.80000000	8.80000000	0.01404491	0.00000000
C10	c	0.15982756	0.83108122	0.16437207	0.90000000	8.90000000	0.02087781	0.00000000
C11	c	0.52567219	0.83669353	0.07815167	1.00000000	9.00000000	0.01468668	0.00000000
C12	c	0.37004320	0.83686468	0.09093282	1.10000000	9.10000000	0.01767788	0.00000000
C13	c	0.46922947	0.71079316	0.16936405	1.20000000	9.20000000	0.02774089	0.00000000
C14	c	0.69634567	0.41049278	0.09574691	1.30000000	9.30000000	0.02672084	0.00000000
C15	c	0.29080859	0.65806929	0.17234020	1.40000000	9.40000000	0.01729856	0.00000000
C16	c	0.41665945	0.88166792	0.14936103	1.50000000	9.50000000	0.01217497	0.00000000
C17	c	0.13127255	0.71420568	0.26666270	1.60000000	9.60000000	0.02061981	0.00000000
C18	c	0.88441657	0.23612200	0.19981766	1.70000000	9.70000000	0.01493548	0.00000000
C19	c	0.37206100	0.08559998	0.08552039	1.80000000	9.80000000	0.02543586	0.00000000
C20	c	0.83464670	0.37549391	0.29971467	1.90000000	9.90000000	0.02591196	0.00000000
C21	c	0.58153103	0.45655879	0.15882646	2.00000000	10.00000000	0.01583184	0.00000000
C22	c	0.65812986	0.29900522	0.18835629	2.00000000	10.00000000	0.01672905	0.00000000
C23	c	0.02869016	0.62796799	0.07278796	2.00000000	10.00000000	0.01305479	0.00000000
C24	c	0.77425658	0.24528761	0.20590530	2.00000000	10.00000000	0.01365034	0.00000000
C25	c	0.18990270	0.25385355	0.02184428	2.00000000	10.00000000	0.01854426	0.00000000
C26	c	0.49131799	0.59461214	0.06057885	2.00000000	10.00000000	0.01547672	0.00000000
C27	c	0.24386245	0.26455318	0.10319670	2.00000000	10.00000000	0.02341034	0.00000000
C28	c	0.04548109	0.41885415	0.14938188	2.00000000	10.00000000	0.01501673	0.00000000
C29	c	0.72687436	0.05831270	0.30715234	2.00000000	10.00000000	0.01511766	0.00000000
C30	c	0.91534808	0.46340069	0.05465667	2.00000000	10.00000000	0.02457248	0.00000000

Q Vehicle fuel tank capacity /0.40000000/
C Vehicle load capacity /1.50000000/
r fuel consumption rate /0.25000000/
g inverse refueling rate /1.00000000/
v average Velocity /1.00000000/
