StringID	Type	x	y	demand	ReadyTime	DueDate	ServiceTime	altitude
D0	d	0.50000000	0.50000000	0.00000000	0.00000000	10.00000000	0.00000000	0.00000000
S0	f	0.25881371	0.15688995	0.00000000	0.00000000	10.00000000	0.00000000	0.00000000
S1	f	0.32397040	0.02672450	0.00000000	0.00000000	10.00000000	0.00000000	0.00000000
S2	f	0.93604028	0.30205362	0.00000000	0.00000000	10.00000000	0.00000000	0.00000000
S3	f	0.10577209	0.98689153	0.00000000	0.00000000	10.00000000	0.00000000	0.00000000
S4	f	0.33831899	0.55315813	0.00000000	0.00000000	10.00000000	0.00000000	0.00000000
S5	f	0.50789561	0.87472569	0.00000000	0.00000000	10.00000000	0.00000000	0.00000000
C1	c	0.23868233	0.19356560	0.06142147	0.00000000	8.00000000	0.01324835	0.00000000
C2	c	0.32319942	0.07246368	0.23671058	0.10000000	8.10000000	0.01051060	0.00000000
C3	c	0.30403298	0.17094119	0.14419036	0.20000000	8.20000000	0.01393585	0.00000000
C4	c	0.25641195	0.09303048	0.10388917	0.30000000	8.30000000	0.02165111	0.00000000
C5	c	0.91705790	0.68902391	0.15413099	0.40000000	8.40000000	0.01651372	0.00000000
C6	c	1.00000000	0.66364309	0.06346933	0.50000000	8.50000000	0.02795131	0.00000000
C7	c	0.98760839	0.06607357	0.05712703	0.60000000	8.60000000	0.01658786	0.00000000
C8	c	0.85654314	0.06818642	0.22178485	0.70000000	8.70000000	0.02797805	0.00000000
C9	c	0.92893260	0.05136138	0.21675752	0.80000000	8.80000000	0.01558758	0.00000000
C10	c	1.00000000	0.03214011	0.25928364	0.90000000	8.90000000	0.01063275	0.00000000
C11	c	0.86030167	0.10565340	0.02480437	1.00000000	9.00000000	0.02088065	0.00000000
C12	c	0.88869009	0.00000000	0.23200606	1.10000000	9.10000000	0.02209114	0.00000000
C13	c	0.95576261	0.00000000	0.10135366	1.20000000	9.20000000	0.01033250	0.00000000
C14	c	0.94303391	0.02146672	0.26438042	1.30000000	9.30000000	0.01144350	0.00000000
C15	c	0.96212114	0.00000000	0.05159811	1.40000000	9.40000000	0.02263743	0.00000000
C16	c	0.44210117	0.81427523	0.10764812	1.50000000	9.50000000	0.01360999	0.00000000
C17	c	0.86393436	0.16267592	0.19389211	1.60000000	9.60000000	0.02871510	0.00000000
C18	c	0.79012352	0.16241773	0.25904518	1.70000000	9.70000000	0.02103868	0.00000000
C19	c	0.02552993	0.19679255	0.09222712	1.80000000	9.80000000	0.01130813	0.00000000
C20	c	0.58255562	0.32568614	0.08444608	1.90000000	9.90000000	0.01645906	0.00000000
C21	c	0.89756563	0.32939320	0.04176318	2.00000000	10.00000000	0.01321520	0.00000000
C22	c	0.89890226	0.27937886	0.17566170	2.00000000	10.00000000	0.02978240	0.00000000
C23	c	0.03163775	0.54403262	0.05492849	2.00000000	10.00000000	0.02410953	0.00000000
C24	c	0.60455678	0.01662487	0.18945782	2.00000000	10.00000000	0.01211075	0.00000000
C25	c	0.07217480	0.63187143	0.24855026	2.00000000	10.00000000	0.01011526	0.00000000
C26	c	0.18049954	0.93575502	0.12866824	2.00000000	10.00000000	0.02845112	0.00000000
C27	c	0.55193395	0.06540642	0.22191889	2.00000000	10.00000000	0.01515747	0.00000000
C28	c	0.98911991	0.70547653	0.23436131	2.00000000	10.00000000	0.01896473	0.00000000
C29	c	0.10553745	0.00576308	0.05865641	2.00000000	10.00000000	0.02139239	0.00000000
C30	c	0.44823628	0.56961929	0.21586752	2.00000000	10.00000000	0.01249427	0.00000000

Q Vehicle fuel tank capacity /0.40000000/
C Vehicle load capacity /1.50000000/
r fuel consumption rate /0.25000000/
g inverse refueling rate /1.00000000/
v average Velocity /1.00000000/
