StringID	Type	x	y	demand	ReadyTime	DueDate	ServiceTime	altitude
D0	d	0.50000000	0.50000000	0.00000000	0.00000000	10.00000000	0.00000000	0.00000000
S0	f	0.42048638	0.14733974	0.00000000	0.00000000	10.00000000	0.00000000	0.00000000
S1	f	0.55669989	0.81077179	0.00000000	0.00000000	10.00000000	0.00000000	0.00000000
S2	f	0.06616494	0.64290872	0.00000000	0.00000000	10.00000000	0.00000000	0.00000000
S3	f	0.75608629	0.05944644	0.00000000	0.00000000	10.00000000	0.00000000	0.00000000
S4	f	0.66530918	0.66852700	0.00000000	0.00000000	10.00000000	0.00000000	0.00000000
S5	f	0.13616654	0.63922048	0.00000000	0.00000000	10.00000000	0.00000000	0.00000000
S6	f	0.10284242	0.94291278	0.00000000	0.00000000	10.00000000	0.00000000	0.00000000
S7	f	0.16411574	0.52729352	0.00000000	0.00000000	10.00000000	0.00000000	0.00000000
S8	f	0.98816349	0.96095301	0.00000000	0.00000000	10.00000000	0.00000000	0.00000000
S9	f	0.68382408	0.99135823	0.00000000	0.00000000	10.00000000	0.00000000	0.00000000
C1	c	0.26412512	0.23312275	0.11727501	0.00000000	8.00000000	0.01840806	0.00000000
C2	c	0.22739854	0.15820680	0.05543290	0.06000000	8.06000000	0.01807761	0.00000000
C3	c	0.25936005	0.19398541	0.10217817	0.12000000	8.12000000	0.02692145	0.00000000
C4	c	0.19448231	0.22359883	0.11324521	0.18000000	8.18000000	0.02288948	0.00000000
C5	c	0.28934682	0.17396066	0.12331412	0.24000000	8.24000000	0.01842273	0.00000000
C6	c	0.78881541	0.08918727	0.11054346	0.30000000	8.30000000	0.02302574	0.00000000
C7	c	0.87267322	0.09258537	0.11859591	0.36000000	8.36000000	0.02219955	0.00000000
C8	c	0.96940005	0.00022076	0.05654814	0.42000000	8.42000000	0.01049712	0.00000000
C9	c	0.87084123	0.00001697	0.11828328	0.48000000	8.48000000	0.02739000	0.00000000
C10	c	0.87038498	0.03405312	0.01826540	0.54000000	8.54000000	0.02040520	0.00000000
C11	c	0.84192240	0.00974516	0.12389226	0.60000000	8.60000000	0.01073140	0.00000000
C12	c	0.85978957	0.00000000	0.06615448	0.66000000	8.66000000	0.02900839	0.00000000
C13	c	0.34778073	0.10526682	0.02958675	0.72000000	8.72000000	0.02061805	0.00000000
C14	c	0.34559341	0.09132286	0.09903738	0.78000000	8.78000000	0.02094018	0.00000000
C15	c	0.57067481	0.15066996	0.09242340	0.84000000	8.84000000	0.02239391	0.00000000
C16	c	0.55257453	0.10432061	0.12641795	0.90000000	8.90000000	0.01484810	0.00000000
C17	c	0.53786201	0.23028238	0.09027286	0.96000000	8.96000000	0.02044674	0.00000000
C18	c	0.50661931	0.14456021	0.03928945	1.02000000	9.02000000	0.01660669	0.00000000
C19	c	0.62812904	0.13762456	0.14435081	1.08000000	9.08000000	0.02701292	0.00000000
C20	c	0.50746272	0.03339799	0.14069179	1.14000000	9.14000000	0.01570074	0.00000000
C21	c	0.63795498	0.58538453	0.14677871	1.20000000	9.20000000	0.01332688	0.00000000
C22	c	0.60838523	0.59729916	0.10619716	1.26000000	9.26000000	0.02794515	0.00000000
C23	c	0.64897132	0.54890805	0.13963377	1.32000000	9.32000000	0.02370178	0.00000000
C24	c	0.66714086	0.51135026	0.05113966	1.38000000	9.38000000	0.02171852	0.00000000
C25	c	0.66111292	0.50003137	0.12891780	1.44000000	9.44000000	0.02467986	0.00000000
C26	c	0.26171625	0.55709752	0.06686534	1.50000000	9.50000000	0.01185959	0.00000000
C27	c	0.47328549	0.98131178	0.06807200	1.56000000	9.56000000	0.02075637	0.00000000
C28	c	0.52809585	0.77939983	0.08102222	1.62000000	9.62000000	0.01516043	0.00000000
C29	c	0.63826742	0.37781587	0.01759749	1.68000000	9.68000000	0.01046470	0.00000000
C30	c	0.55569533	0.99976875	0.04187681	1.74000000	9.74000000	0.02777544	0.00000000
C31	c	0.72909651	0.30811319	0.01294962	1.80000000	9.80000000	0.01572278	0.00000000
C32	c	0.21744241	0.51908118	0.01541593	1.86000000	9.86000000	0.02395700	0.00000000
C33	c	0.42040287	0.40388027	0.07418441	1.92000000	9.92000000	0.02706019	0.00000000
C34	c	0.84607237	0.64447419	0.03806575	1.98000000	9.98000000	0.01563727	0.00000000
C35	c	0.42113631	0.65128698	0.11314079	2.00000000	10.00000000	0.02156436	0.00000000
C36	c	0.60997767	0.02485613	0.15425313	2.00000000	10.00000000	0.02488009	0.00000000
C37	c	0.86949997	0.52026016	0.05068691	2.00000000	10.00000000	0.02411225	0.00000000
C38	c	0.03657022	0.95041960	0.09562822	2.00000000	10.00000000	0.01170312	0.00000000
C39	c	0.53090259	0.54700909	0.08287649	2.00000000	10.00000000	0.02195600	0.00000000
C40	c	0.61969530	0.24240501	0.16017106	2.00000000	10.00000000	0.02396832	0.00000000
C41	c	0.52233709	0.33033473	0.09121571	2.00000000	10.00000000	0.01764741	0.00000000
C42	c	0.85064611	0.28503715	0.12945080	2.00000000	10.00000000	0.01323102	0.00000000
C43	c	0.16634397	0.89725757	0.10797796	2.00000000	10.00000000	0.02248591	0.00000000
C44	c	0.68508884	0.58592624	0.06835110	2.00000000	10.00000000	0.02803846	0.00000000
C45	c	0.73399275	0.09297948	0.09541488	2.00000000	10.00000000	0.02133395	0.00000000
C46	c	0.02323502	0.88877197	0.16297923	2.00000000	10.00000000	0.02277722	0.00000000
C47	c	0.28613903	0.69784999	0.12179732	2.00000000	10.00000000	0.02094975	0.00000000
C48	c	0.57821824	0.74400445	0.05774606	2.00000000	10.00000000	0.01959076	0.00000000
C49	c	0.59779983	0.69841605	0.04395079	2.00000000	10.00000000	0.02438846	0.00000000
C50	c	0.38237044	0.16155087	0.08984416	2.00000000	10.00000000	0.02636318	0.00000000

Q Vehicle fuel tank capacity /0.40000000/
C Vehicle load capacity /1.50000000/
r fuel consumption rate /0.25000000/
g inverse refueling rate /1.00000000/
v average Velocity /1.00000000/
