StringID	Type	x	y	demand	ReadyTime	DueDate	ServiceTime	altitude
D0	d	0.50000000	0.50000000	0.00000000	0.00000000	10.00000000	0.00000000	0.00000000
S0	f	0.17398526	0.54241223	0.00000000	0.00000000	10.00000000	0.00000000	0.00000000
S1	f	0.42348716	0.24464387	0.00000000	0.00000000	10.00000000	0.00000000	0.00000000
S2	f	0.27158624	0.04788618	0.00000000	0.00000000	10.00000000	0.00000000	0.00000000
S3	f	0.04428224	0.88196197	0.00000000	0.00000000	10.00000000	0.00000000	0.00000000
S4	f	0.20266681	0.20815192	0.00000000	0.00000000	10.00000000	0.00000000	0.00000000
S5	f	0.35622115	0.61363721	0.00000000	0.00000000	10.00000000	0.00000000	0.00000000
C1	c	0.13748634	0.02638052	0.12602994	0.00000000	8.00000000	0.02755391	0.00000000
C2	c	0.38936077	0.52867565	0.06425540	0.10000000	8.10000000	0.01910012	0.00000000
C3	c	0.07387341	0.26997498	0.08774196	0.20000000	8.20000000	0.02677484	0.00000000
C4	c	0.79903718	0.89880969	0.15404037	0.30000000	8.30000000	0.01774495	0.00000000
C5	c	0.03365234	0.35249730	0.12355719	0.40000000	8.40000000	0.02871972	0.00000000
C6	c	0.56863660	0.29442087	0.19087107	0.50000000	8.50000000	0.02745418	0.00000000
C7	c	0.60277198	0.85338217	0.03391955	0.60000000	8.60000000	0.01839591	0.00000000
C8	c	0.74422119	0.32229761	0.19783404	0.70000000	8.70000000	0.02841077	0.00000000
C9	c	0.46658498	0.14512060	0.20401463	0.80000000	8.80000000	0.01877077	0.00000000
C10	c	0.41370588	0.56799325	0.23453480	0.90000000	8.90000000	0.01858436	0.00000000
C11	c	0.67749488	0.80571335	0.19373611	1.00000000	9.00000000	0.01779113	0.00000000
C12	c	0.86374838	0.06138964	0.25642545	1.10000000	9.10000000	0.02223933	0.00000000
C13	c	0.48593504	0.39283178	0.19025917	1.20000000	9.20000000	0.02335306	0.00000000
C14	c	0.38330096	0.47034553	0.22207853	1.30000000	9.30000000	0.01699137	0.00000000
C15	c	0.66439894	0.26182754	0.02109834	1.40000000	9.40000000	0.02867515	0.00000000
C16	c	0.44995493	0.72062813	0.06510968	1.50000000	9.50000000	0.02861654	0.00000000
C17	c	0.17398526	0.54241223	0.21674488	1.60000000	9.60000000	0.01338368	0.00000000
C18	c	0.20825382	0.15111924	0.12103597	1.70000000	9.70000000	0.01865803	0.00000000
C19	c	0.10055628	0.72494968	0.02822196	1.80000000	9.80000000	0.02007852	0.00000000
C20	c	0.39240125	0.89623291	0.14936654	1.90000000	9.90000000	0.01046557	0.00000000
C21	c	0.50316923	0.34627662	0.21017971	2.00000000	10.00000000	0.01408691	0.00000000
C22	c	0.95064054	0.39120489	0.15894600	2.00000000	10.00000000	0.01408962	0.00000000
C23	c	0.48639147	0.25444101	0.20361634	2.00000000	10.00000000	0.01915931	0.00000000
C24	c	0.97173337	0.50429741	0.16402171	2.00000000	10.00000000	0.01941123	0.00000000
C25	c	0.80065547	0.22331879	0.17103848	2.00000000	10.00000000	0.01296448	0.00000000
C26	c	0.53121293	0.04561285	0.12314143	2.00000000	10.00000000	0.02598271	0.00000000
C27	c	0.58441976	0.80937535	0.03291446	2.00000000	10.00000000	0.01268419	0.00000000
C28	c	0.32644174	0.64145776	0.23269677	2.00000000	10.00000000	0.01991789	0.00000000
C29	c	0.18197001	0.36777209	0.08441076	2.00000000	10.00000000	0.02300477	0.00000000
C30	c	0.53214864	0.22780044	0.23815878	2.00000000	10.00000000	0.02033393	0.00000000

Q Vehicle fuel tank capacity /0.40000000/
C Vehicle load capacity /1.50000000/
r fuel consumption rate /0.25000000/
g inverse refueling rate /1.00000000/
v average Velocity /1.00000000/
