StringID	Type	x	y	demand	ReadyTime	DueDate	ServiceTime	altitude
D0	d	0.50000000	0.50000000	0.00000000	0.00000000	10.00000000	0.00000000	0.00000000
S0	f	0.45257320	0.54526603	0.00000000	0.00000000	10.00000000	0.00000000	0.00000000
S1	f	0.78706031	0.61083135	0.00000000	0.00000000	10.00000000	0.00000000	0.00000000
S2	f	0.48195401	0.89225713	0.00000000	0.00000000	10.00000000	0.00000000	0.00000000
S3	f	0.04707060	0.63800869	0.00000000	0.00000000	10.00000000	0.00000000	0.00000000
S4	f	0.97868424	0.80378317	0.00000000	0.00000000	10.00000000	0.00000000	0.00000000
S5	f	0.09581083	0.57934059	0.00000000	0.00000000	10.00000000	0.00000000	0.00000000
C1	c	0.24517501	0.26265338	0.06121862	0.00000000	8.00000000	0.01744752	0.00000000
C2	c	0.27582659	0.27900110	0.25750200	0.10000000	8.10000000	0.02515843	0.00000000
C3	c	0.41907540	0.24845278	0.25508473	0.20000000	8.20000000	0.02447084	0.00000000
C4	c	0.31520299	0.22376044	0.13908484	0.30000000	8.30000000	0.02122932	0.00000000
C5	c	0.33052990	0.28867347	0.08875527	0.40000000	8.40000000	0.01703005	0.00000000
C6	c	0.33089991	0.28453297	0.04147925	0.50000000	8.50000000	0.01562466	0.00000000
C7	c	0.72858792	0.50171441	0.04528028	0.60000000	8.60000000	0.02938142	0.00000000
C8	c	0.83929804	0.59277962	0.03869500	0.70000000	8.70000000	0.02134258	0.00000000
C9	c	0.78301041	0.51612924	0.02594527	0.80000000	8.80000000	0.01567146	0.00000000
C10	c	0.86045664	0.46556682	0.05543186	0.90000000	8.90000000	0.02322499	0.00000000
C11	c	0.70927850	0.49674042	0.24265818	1.00000000	9.00000000	0.02042247	0.00000000
C12	c	0.49541711	0.39082545	0.21089486	1.10000000	9.10000000	0.02255152	0.00000000
C13	c	0.45982819	0.61817139	0.08667993	1.20000000	9.20000000	0.01636014	0.00000000
C14	c	0.43582426	0.50345127	0.27009510	1.30000000	9.30000000	0.02761629	0.00000000
C15	c	0.49861865	0.57048515	0.26757440	1.40000000	9.40000000	0.02479502	0.00000000
C16	c	0.21269353	0.57184372	0.17207146	1.50000000	9.50000000	0.02986396	0.00000000
C17	c	0.06885408	0.42935779	0.02833493	1.60000000	9.60000000	0.01281983	0.00000000
C18	c	0.85009075	0.04706437	0.19244093	1.70000000	9.70000000	0.01779590	0.00000000
C19	c	0.73825752	0.12652799	0.18046385	1.80000000	9.80000000	0.01269713	0.00000000
C20	c	0.37237615	0.75792160	0.31564828	1.90000000	9.90000000	0.02232739	0.00000000
C21	c	0.72354189	0.56146614	0.12390133	2.00000000	10.00000000	0.01299401	0.00000000
C22	c	0.96907108	0.56712903	0.29499547	2.00000000	10.00000000	0.01981569	0.00000000
C23	c	0.28357278	0.66124957	0.08688102	2.00000000	10.00000000	0.01365525	0.00000000
C24	c	0.52112354	0.62757588	0.19670469	2.00000000	10.00000000	0.02268223	0.00000000
C25	c	0.31800684	0.88081464	0.04289670	2.00000000	10.00000000	0.02419069	0.00000000
C26	c	0.73975085	0.99319786	0.15313426	2.00000000	10.00000000	0.02566605	0.00000000
C27	c	0.14099169	0.38979523	0.28178918	2.00000000	10.00000000	0.02259817	0.00000000
C28	c	0.13485661	0.61636930	0.03623367	2.00000000	10.00000000	0.02350196	0.00000000
C29	c	0.14970043	0.49078442	0.24759197	2.00000000	10.00000000	0.02096047	0.00000000
C30	c	0.18276237	0.63411171	0.06053266	2.00000000	10.00000000	0.02356695	0.00000000

Q Vehicle fuel tank capacity /0.40000000/
C Vehicle load capacity /1.50000000/
r fuel consumption rate /0.25000000/
g inverse refueling rate /1.00000000/
v average Velocity /1.00000000/
