StringID	Type	x	y	demand	ReadyTime	DueDate	ServiceTime	altitude
D0	d	0.50000000	0.50000000	0.00000000	0.00000000	10.00000000	0.00000000	0.00000000
S0	f	0.43472771	0.26771729	0.00000000	0.00000000	10.00000000	0.00000000	0.00000000
S1	f	0.91594509	0.18091143	0.00000000	0.00000000	10.00000000	0.00000000	0.00000000
S2	f	0.70081032	0.94330139	0.00000000	0.00000000	10.00000000	0.00000000	0.00000000
S3	f	0.75474365	0.60524051	0.00000000	0.00000000	10.00000000	0.00000000	0.00000000
S4	f	0.96738510	0.89980773	0.00000000	0.00000000	10.00000000	0.00000000	0.00000000
S5	f	0.49201447	0.98622179	0.00000000	0.00000000	10.00000000	0.00000000	0.00000000
C1	c	0.25121219	0.85287904	0.04076336	0.00000000	8.00000000	0.01854096	0.00000000
C2	c	0.18855288	0.87679823	0.27131233	0.10000000	8.10000000	0.01757173	0.00000000
C3	c	0.18930783	0.82527219	0.30863701	0.20000000	8.20000000	0.01126757	0.00000000
C4	c	0.21182327	0.80245848	0.16840618	0.30000000	8.30000000	0.01571477	0.00000000
C5	c	0.11100596	0.90632538	0.28529685	0.40000000	8.40000000	0.01820768	0.00000000
C6	c	0.25411049	0.78869347	0.14161749	0.50000000	8.50000000	0.02154165	0.00000000
C7	c	0.22680707	0.82349741	0.04273241	0.60000000	8.60000000	0.01344160	0.00000000
C8	c	0.22194940	0.84052044	0.22527220	0.70000000	8.70000000	0.01368207	0.00000000
C9	c	0.49620874	0.22551782	0.26252448	0.80000000	8.80000000	0.02167989	0.00000000
C10	c	0.36176714	0.21243776	0.14878769	0.90000000	8.90000000	0.01411146	0.00000000
C11	c	0.42266610	0.45489836	0.21598945	1.00000000	9.00000000	0.02080754	0.00000000
C12	c	0.55508003	0.58869512	0.06952092	1.10000000	9.10000000	0.02016978	0.00000000
C13	c	0.44031973	0.46301531	0.15127100	1.20000000	9.20000000	0.01759716	0.00000000
C14	c	0.41733293	0.46378902	0.08417033	1.30000000	9.30000000	0.01398210	0.00000000
C15	c	0.39300800	0.49881374	0.06505780	1.40000000	9.40000000	0.01009369	0.00000000
C16	c	0.24708652	0.57212992	0.10701547	1.50000000	9.50000000	0.01980849	0.00000000
C17	c	0.23798637	0.01403103	0.19594916	1.60000000	9.60000000	0.02225387	0.00000000
C18	c	0.99324472	0.14066399	0.03126709	1.70000000	9.70000000	0.02982778	0.00000000
C19	c	0.09579941	0.72651944	0.25940279	1.80000000	9.80000000	0.02358975	0.00000000
C20	c	0.50495485	0.39276617	0.06946283	1.90000000	9.90000000	0.02759089	0.00000000
C21	c	0.42704795	0.37858641	0.09306260	2.00000000	10.00000000	0.01389374	0.00000000
C22	c	0.06337864	0.28573860	0.18803261	2.00000000	10.00000000	0.02332697	0.00000000
C23	c	0.41038400	0.57708232	0.09040375	2.00000000	10.00000000	0.02261737	0.00000000
C24	c	0.17208023	0.18410333	0.02496928	2.00000000	10.00000000	0.01194673	0.00000000
C25	c	0.58399470	0.20557280	0.31107242	2.00000000	10.00000000	0.01718360	0.00000000
C26	c	0.54037683	0.50848880	0.06196844	2.00000000	10.00000000	0.02668134	0.00000000
C27	c	0.00468436	0.49042430	0.04886007	2.00000000	10.00000000	0.02692026	0.00000000
C28	c	0.61269364	0.99138883	0.23314159	2.00000000	10.00000000	0.01020863	0.00000000
C29	c	0.67948746	0.87954451	0.16840564	2.00000000	10.00000000	0.02148618	0.00000000
C30	c	0.19468695	0.66634826	0.13562676	2.00000000	10.00000000	0.01498177	0.00000000

Q Vehicle fuel tank capacity /0.40000000/
C Vehicle load capacity /1.50000000/
r fuel consumption rate /0.25000000/
g inverse refueling rate /1.00000000/
v average Velocity /1.00000000/
