StringID	Type	x	y	demand	ReadyTime	DueDate	ServiceTime	altitude
D0	d	0.50000000	0.50000000	0.00000000	0.00000000	10.00000000	0.00000000	0.00000000
S0	f	0.40454486	0.81607841	0.00000000	0.00000000	10.00000000	0.00000000	0.00000000
S1	f	0.81789459	0.83192304	0.00000000	0.00000000	10.00000000	0.00000000	0.00000000
S2	f	0.74243947	0.67643143	0.00000000	0.00000000	10.00000000	0.00000000	0.00000000
S3	f	0.44594593	0.28544506	0.00000000	0.00000000	10.00000000	0.00000000	0.00000000
S4	f	0.38516498	0.66187542	0.00000000	0.00000000	10.00000000	0.00000000	0.00000000
S5	f	0.61706712	0.27200991	0.00000000	0.00000000	10.00000000	0.00000000	0.00000000
C1	c	0.09612827	0.38411637	0.25505614	0.00000000	8.00000000	0.01026709	0.00000000
C2	c	0.11539073	0.93701383	0.09759076	0.10000000	8.10000000	0.02300823	0.00000000
C3	c	0.78275106	0.51770132	0.08290180	0.20000000	8.20000000	0.01887711	0.00000000
C4	c	0.27391987	0.10564713	0.19831901	0.30000000	8.30000000	0.02130760	0.00000000
C5	c	0.29155724	0.50342710	0.03696186	0.40000000	8.40000000	0.02476878	0.00000000
C6	c	0.20312533	0.41273466	0.03013408	0.50000000	8.50000000	0.02261667	0.00000000
C7	c	0.71806827	0.79261468	0.20365992	0.60000000	8.60000000	0.01415302	0.00000000
C8	c	0.46810534	0.10727609	0.09241301	0.70000000	8.70000000	0.02594666	0.00000000
C9	c	0.19369955	0.57641095	0.06837287	0.80000000	8.80000000	0.01604288	0.00000000
C10	c	0.66962716	0.42622966	0.14114952	0.90000000	8.90000000	0.02877383	0.00000000
C11	c	0.80696244	0.93861377	0.16961770	1.00000000	9.00000000	0.01292318	0.00000000
C12	c	0.02557212	0.89362584	0.22530448	1.10000000	9.10000000	0.01546661	0.00000000
C13	c	0.23804229	0.93296000	0.18080104	1.20000000	9.20000000	0.02971684	0.00000000
C14	c	0.30036839	0.89638268	0.05401385	1.30000000	9.30000000	0.01267095	0.00000000
C15	c	0.44105738	0.72660430	0.13936046	1.40000000	9.40000000	0.01324588	0.00000000
C16	c	0.48810885	0.72518529	0.07116037	1.50000000	9.50000000	0.01990132	0.00000000
C17	c	0.33978285	0.08968562	0.26981962	1.60000000	9.60000000	0.01512963	0.00000000
C18	c	0.14051761	0.98963037	0.26442001	1.70000000	9.70000000	0.02650519	0.00000000
C19	c	0.99501731	0.96491680	0.28102458	1.80000000	9.80000000	0.01994017	0.00000000
C20	c	0.40454486	0.81607841	0.11086623	1.90000000	9.90000000	0.01853905	0.00000000
C21	c	0.02734364	0.62381971	0.14018218	2.00000000	10.00000000	0.01759087	0.00000000
C22	c	0.20516206	0.02054769	0.10781805	2.00000000	10.00000000	0.01025992	0.00000000
C23	c	0.70489797	0.87032047	0.12345216	2.00000000	10.00000000	0.02823967	0.00000000
C24	c	0.21001354	0.82502030	0.11865314	2.00000000	10.00000000	0.02590394	0.00000000
C25	c	0.41244979	0.11626703	0.05761331	2.00000000	10.00000000	0.01693815	0.00000000
C26	c	0.63707404	0.49557687	0.04177589	2.00000000	10.00000000	0.01720600	0.00000000
C27	c	0.20737160	0.24826792	0.25403563	2.00000000	10.00000000	0.01718249	0.00000000
C28	c	0.32196081	0.22756449	0.23700344	2.00000000	10.00000000	0.02436543	0.00000000
C29	c	0.69435382	0.36072609	0.18320879	2.00000000	10.00000000	0.02634009	0.00000000
C30	c	0.81623710	0.00659616	0.26331010	2.00000000	10.00000000	0.02550032	0.00000000

Q Vehicle fuel tank capacity /0.40000000/
C Vehicle load capacity /1.50000000/
r fuel consumption rate /0.25000000/
g inverse refueling rate /1.00000000/
v average Velocity /1.00000000/
