StringID	Type	x	y	demand	ReadyTime	DueDate	ServiceTime	altitude
D0	d	0.50000000	0.50000000	0.00000000	0.00000000	10.00000000	0.00000000	0.00000000
S0	f	0.73408203	0.45948351	0.00000000	0.00000000	10.00000000	0.00000000	0.00000000
S1	f	0.30370571	0.41557070	0.00000000	0.00000000	10.00000000	0.00000000	0.00000000
S2	f	0.02105397	0.75024910	0.00000000	0.00000000	10.00000000	0.00000000	0.00000000
S3	f	0.15789222	0.73356489	0.00000000	0.00000000	10.00000000	0.00000000	0.00000000
S4	f	0.11444499	0.28654985	0.00000000	0.00000000	10.00000000	0.00000000	0.00000000
S5	f	0.96456306	0.88126012	0.00000000	0.00000000	10.00000000	0.00000000	0.00000000
C1	c	0.54130339	0.30015615	0.10245651	0.00000000	8.00000000	0.01096869	0.00000000
C2	c	0.56600907	0.32563955	0.07608437	0.10000000	8.10000000	0.01136369	0.00000000
C3	c	0.51014159	0.36220737	0.13655073	0.20000000	8.20000000	0.02978350	0.00000000
C4	c	0.47740950	0.26183921	0.24228989	0.30000000	8.30000000	0.01983825	0.00000000
C5	c	0.81202580	0.42162406	0.16689325	0.40000000	8.40000000	0.02378625	0.00000000
C6	c	0.79253459	0.45806287	0.14863572	0.50000000	8.50000000	0.01702947	0.00000000
C7	c	0.68741584	0.40872078	0.27094186	0.60000000	8.60000000	0.02147387	0.00000000
C8	c	0.75861552	0.41042218	0.08301075	0.70000000	8.70000000	0.02159966	0.00000000
C9	c	0.75150451	0.53069888	0.14549206	0.80000000	8.80000000	0.01918462	0.00000000
C10	c	0.90093387	0.59829141	0.06270856	0.90000000	8.90000000	0.02819024	0.00000000
C11	c	0.85234969	0.69456858	0.10698361	1.00000000	9.00000000	0.01791754	0.00000000
C12	c	0.91448562	0.65077817	0.24476167	1.10000000	9.10000000	0.02615042	0.00000000
C13	c	0.85231494	0.72811807	0.28145490	1.20000000	9.20000000	0.01697153	0.00000000
C14	c	0.91285435	0.69360551	0.14477012	1.30000000	9.30000000	0.01477949	0.00000000
C15	c	0.99749862	0.68826688	0.26754335	1.40000000	9.40000000	0.02713447	0.00000000
C16	c	0.91153185	0.54218437	0.10736979	1.50000000	9.50000000	0.02688411	0.00000000
C17	c	0.59342219	0.28840828	0.14607677	1.60000000	9.60000000	0.01545466	0.00000000
C18	c	0.81666835	0.76089836	0.12171673	1.70000000	9.70000000	0.02735950	0.00000000
C19	c	0.23598544	0.17317406	0.25979015	1.80000000	9.80000000	0.02132963	0.00000000
C20	c	0.40743628	0.17882442	0.16217397	1.90000000	9.90000000	0.02190916	0.00000000
C21	c	0.04843456	0.06818439	0.17571580	2.00000000	10.00000000	0.02375645	0.00000000
C22	c	0.98917515	0.49191268	0.09510258	2.00000000	10.00000000	0.01123236	0.00000000
C23	c	0.68931262	0.35147368	0.23471833	2.00000000	10.00000000	0.02691681	0.00000000
C24	c	0.57369348	0.57998305	0.21997868	2.00000000	10.00000000	0.01218777	0.00000000
C25	c	0.45923093	0.90951195	0.08124756	2.00000000	10.00000000	0.01658538	0.00000000
C26	c	0.39587700	0.80752086	0.06464691	2.00000000	10.00000000	0.02750052	0.00000000
C27	c	0.34857625	0.23897435	0.12656092	2.00000000	10.00000000	0.01861724	0.00000000
C28	c	0.85672362	0.84420559	0.06614026	2.00000000	10.00000000	0.02733694	0.00000000
C29	c	0.27273300	0.86797524	0.08408143	2.00000000	10.00000000	0.01752414	0.00000000
C30	c	0.68782272	0.06161790	0.07410278	2.00000000	10.00000000	0.01849035	0.00000000

Q Vehicle fuel tank capacity /0.40000000/
C Vehicle load capacity /1.50000000/
r fuel consumption rate /0.25000000/
g inverse refueling rate /1.00000000/
v average Velocity /1.00000000/
