StringID	Type	x	y	demand	ReadyTime	DueDate	ServiceTime	altitude
D0	d	0.50000000	0.50000000	0.00000000	0.00000000	10.00000000	0.00000000	0.00000000
S0	f	0.10594187	0.70418849	0.00000000	0.00000000	10.00000000	0.00000000	0.00000000
S1	f	0.05988914	0.06166470	0.00000000	0.00000000	10.00000000	0.00000000	0.00000000
S2	f	0.20935605	0.91871368	0.00000000	0.00000000	10.00000000	0.00000000	0.00000000
S3	f	0.75429891	0.78349062	0.00000000	0.00000000	10.00000000	0.00000000	0.00000000
S4	f	0.85212172	0.23980915	0.00000000	0.00000000	10.00000000	0.00000000	0.00000000
S5	f	0.49025441	0.40984619	0.00000000	0.00000000	10.00000000	0.00000000	0.00000000
S6	f	0.60038918	0.73074101	0.00000000	0.00000000	10.00000000	0.00000000	0.00000000
S7	f	0.97263487	0.48166646	0.00000000	0.00000000	10.00000000	0.00000000	0.00000000
S8	f	0.73788585	0.18465409	0.00000000	0.00000000	10.00000000	0.00000000	0.00000000
S9	f	0.86839032	0.44664387	0.00000000	0.00000000	10.00000000	0.00000000	0.00000000
C1	c	0.72850264	0.74470507	0.04731225	0.00000000	8.00000000	0.02309781	0.00000000
C2	c	0.69221181	0.86518608	0.11028341	0.06000000	8.06000000	0.02623974	0.00000000
C3	c	0.66696783	0.56843247	0.06668148	0.12000000	8.12000000	0.01323783	0.00000000
C4	c	0.63727399	0.46427474	0.04560815	0.18000000	8.18000000	0.01918711	0.00000000
C5	c	0.99355147	0.28469807	0.12896280	0.24000000	8.24000000	0.02476787	0.00000000
C6	c	0.40481067	0.34653965	0.02840799	0.30000000	8.30000000	0.02717171	0.00000000
C7	c	0.82750672	0.47413756	0.03120157	0.36000000	8.36000000	0.02936910	0.00000000
C8	c	0.39672203	0.46560737	0.09292634	0.42000000	8.42000000	0.01172584	0.00000000
C9	c	0.31578322	0.72123515	0.02664095	0.48000000	8.48000000	0.01688850	0.00000000
C10	c	0.37742846	0.03383167	0.05688193	0.54000000	8.54000000	0.01881963	0.00000000
C11	c	0.48398711	0.66959478	0.03688534	0.60000000	8.60000000	0.01625938	0.00000000
C12	c	0.83865469	0.81448989	0.04655860	0.66000000	8.66000000	0.01516638	0.00000000
C13	c	0.89082486	0.01139209	0.12353200	0.72000000	8.72000000	0.02433908	0.00000000
C14	c	0.94916489	0.60496495	0.17614101	0.78000000	8.78000000	0.01968464	0.00000000
C15	c	0.33509957	0.08809374	0.13491709	0.84000000	8.84000000	0.01299155	0.00000000
C16	c	0.35430634	0.49727334	0.09700769	0.90000000	8.90000000	0.01692764	0.00000000
C17	c	0.44109193	0.81898068	0.07143518	0.96000000	8.96000000	0.02073945	0.00000000
C18	c	0.91685380	0.29465941	0.04165575	1.02000000	9.02000000	0.02858102	0.00000000
C19	c	0.10594187	0.70418849	0.03597982	1.08000000	9.08000000	0.01607094	0.00000000
C20	c	0.67721134	0.81277852	0.05117558	1.14000000	9.14000000	0.02782986	0.00000000
C21	c	0.11707749	0.58063719	0.01638874	1.20000000	9.20000000	0.01241500	0.00000000
C22	c	0.67435350	0.70382887	0.13176327	1.26000000	9.26000000	0.01063838	0.00000000
C23	c	0.09318109	0.51409280	0.01658385	1.32000000	9.32000000	0.02980860	0.00000000
C24	c	0.05676999	0.48135901	0.05671640	1.38000000	9.38000000	0.01289581	0.00000000
C25	c	0.10741910	0.30193761	0.05739662	1.44000000	9.44000000	0.02859081	0.00000000
C26	c	0.99555231	0.79330204	0.16212633	1.50000000	9.50000000	0.02856611	0.00000000
C27	c	0.02084711	0.35555385	0.08567565	1.56000000	9.56000000	0.02877229	0.00000000
C28	c	0.21722492	0.09838527	0.16628542	1.62000000	9.62000000	0.01493762	0.00000000
C29	c	0.73286595	0.56333699	0.16484319	1.68000000	9.68000000	0.01595786	0.00000000
C30	c	0.32893113	0.54765915	0.10061035	1.74000000	9.74000000	0.02661012	0.00000000
C31	c	0.09071302	0.00054690	0.12617628	1.80000000	9.80000000	0.01759533	0.00000000
C32	c	0.57657881	0.90746030	0.02495819	1.86000000	9.86000000	0.01729698	0.00000000
C33	c	0.22107806	0.97139621	0.11646568	1.92000000	9.92000000	0.02440573	0.00000000
C34	c	0.05988914	0.06166470	0.06125059	1.98000000	9.98000000	0.02510395	0.00000000
C35	c	0.27854571	0.85958907	0.06086280	2.00000000	10.00000000	0.01780897	0.00000000
C36	c	0.11334384	0.05851812	0.12700405	2.00000000	10.00000000	0.02130280	0.00000000
C37	c	0.12806181	0.25822149	0.03270473	2.00000000	10.00000000	0.02310886	0.00000000
C38	c	0.56121740	0.94590043	0.06292439	2.00000000	10.00000000	0.01359728	0.00000000
C39	c	0.25030361	0.40900897	0.12816315	2.00000000	10.00000000	0.02144516	0.00000000
C40	c	0.82015393	0.09942151	0.06171233	2.00000000	10.00000000	0.01709728	0.00000000
C41	c	0.18014903	0.29735863	0.13433462	2.00000000	10.00000000	0.02977338	0.00000000
C42	c	0.95811951	0.37327731	0.15235552	2.00000000	10.00000000	0.02196021	0.00000000
C43	c	0.01038338	0.90274958	0.13304065	2.00000000	10.00000000	0.02598151	0.00000000
C44	c	0.56975456	0.99480733	0.16724750	2.00000000	10.00000000	0.02752615	0.00000000
C45	c	0.62935963	0.69451869	0.17591744	2.00000000	10.00000000	0.01832279	0.00000000
C46	c	0.08700719	0.38576501	0.04694136	2.00000000	10.00000000	0.02687934	0.00000000
C47	c	0.66351831	0.28694960	0.12812704	2.00000000	10.00000000	0.02106682	0.00000000
C48	c	0.69361932	0.03837849	0.12920178	2.00000000	10.00000000	0.02595618	0.00000000
C49	c	0.19888020	0.73078218	0.12527289	2.00000000	10.00000000	0.02756834	0.00000000
C50	c	0.08039095	0.86020835	0.09675423	2.00000000	10.00000000	0.02947720	0.00000000

Q Vehicle fuel tank capacity /0.40000000/
C Vehicle load capacity /1.50000000/
r fuel consumption rate /0.25000000/
g inverse refueling rate /1.00000000/
v average Velocity /1.00000000/
