StringID	Type	x	y	demand	ReadyTime	DueDate	ServiceTime	altitude
D0	d	0.50000000	0.50000000	0.00000000	0.00000000	10.00000000	0.00000000	0.00000000
S0	f	0.26254075	0.89385915	0.00000000	0.00000000	10.00000000	0.00000000	0.00000000
S1	f	0.45077725	0.13848346	0.00000000	0.00000000	10.00000000	0.00000000	0.00000000
S2	f	0.51149457	0.32854851	0.00000000	0.00000000	10.00000000	0.00000000	0.00000000
S3	f	0.41970684	0.21105744	0.00000000	0.00000000	10.00000000	0.00000000	0.00000000
S4	f	0.00324918	0.45658459	0.00000000	0.00000000	10.00000000	0.00000000	0.00000000
S5	f	0.10795230	0.46232429	0.00000000	0.00000000	10.00000000	0.00000000	0.00000000
C1	c	0.25301616	0.54108596	0.10289102	0.00000000	8.00000000	0.01899338	0.00000000
C2	c	0.63457121	0.26402581	0.19901777	0.10000000	8.10000000	0.01621606	0.00000000
C3	c	0.84365317	0.18732729	0.04356027	0.20000000	8.20000000	0.02488465	0.00000000
C4	c	0.06954595	0.21795710	0.04828279	0.30000000	8.30000000	0.02730816	0.00000000
C5	c	0.95284155	0.86565822	0.20014121	0.40000000	8.40000000	0.01433837	0.00000000
C6	c	0.35363982	0.15465698	0.14138113	0.50000000	8.50000000	0.02411027	0.00000000
C7	c	0.34473875	0.50009779	0.16029201	0.60000000	8.60000000	0.01033315	0.00000000
C8	c	0.72252436	0.39036299	0.18228844	0.70000000	8.70000000	0.01330091	0.00000000
C9	c	0.65591828	0.88425249	0.12236533	0.80000000	8.80000000	0.01238011	0.00000000
C10	c	0.38527663	0.26647696	0.20519292	0.90000000	8.90000000	0.02749957	0.00000000
C11	c	0.82920703	0.25085027	0.16041023	1.00000000	9.00000000	0.01542892	0.00000000
C12	c	0.11376317	0.58112648	0.23724073	1.10000000	9.10000000	0.02237689	0.00000000
C13	c	0.91951043	0.02405810	0.17099552	1.20000000	9.20000000	0.01397389	0.00000000
C14	c	0.55507630	0.11502336	0.13611861	1.30000000	9.30000000	0.01800948	0.00000000
C15	c	0.84722161	0.82597574	0.07127656	1.40000000	9.40000000	0.01997773	0.00000000
C16	c	0.65975493	0.70041961	0.16322428	1.50000000	9.50000000	0.02838372	0.00000000
C17	c	0.27127580	0.84758158	0.04050271	1.60000000	9.60000000	0.01568983	0.00000000
C18	c	0.26254075	0.89385915	0.21651190	1.70000000	9.70000000	0.02755657	0.00000000
C19	c	0.97739729	0.05964382	0.06549985	1.80000000	9.80000000	0.01911901	0.00000000
C20	c	0.08214037	0.94040770	0.13482029	1.90000000	9.90000000	0.02931688	0.00000000
C21	c	0.39333392	0.90020660	0.22077926	2.00000000	10.00000000	0.02114553	0.00000000
C22	c	0.54996983	0.41549195	0.08318867	2.00000000	10.00000000	0.01855241	0.00000000
C23	c	0.92180374	0.37809403	0.05306423	2.00000000	10.00000000	0.01241165	0.00000000
C24	c	0.31382545	0.77824097	0.21664377	2.00000000	10.00000000	0.02345307	0.00000000
C25	c	0.11437219	0.18361757	0.24884646	2.00000000	10.00000000	0.02390622	0.00000000
C26	c	0.33440918	0.93584169	0.18442678	2.00000000	10.00000000	0.01729590	0.00000000
C27	c	0.26445643	0.75068992	0.22663523	2.00000000	10.00000000	0.02932955	0.00000000
C28	c	0.28557138	0.97556785	0.09578300	2.00000000	10.00000000	0.02176644	0.00000000
C29	c	0.81227744	0.99536495	0.15672348	2.00000000	10.00000000	0.02182339	0.00000000
C30	c	0.83799695	0.10412088	0.21189555	2.00000000	10.00000000	0.02343710	0.00000000

Q Vehicle fuel tank capacity /0.40000000/
C Vehicle load capacity /1.50000000/
r fuel consumption rate /0.25000000/
g inverse refueling rate /1.00000000/
v average Velocity /1.00000000/
