StringID	Type	x	y	demand	ReadyTime	DueDate	ServiceTime	altitude
D0	d	0.50000000	0.50000000	0.00000000	0.00000000	10.00000000	0.00000000	0.00000000
S0	f	0.60271486	0.21703875	0.00000000	0.00000000	10.00000000	0.00000000	0.00000000
S1	f	0.79611032	0.23452747	0.00000000	0.00000000	10.00000000	0.00000000	0.00000000
S2	f	0.57399474	0.31986827	0.00000000	0.00000000	10.00000000	0.00000000	0.00000000
S3	f	0.91229007	0.98189363	0.00000000	0.00000000	10.00000000	0.00000000	0.00000000
S4	f	0.05418125	0.51604114	0.00000000	0.00000000	10.00000000	0.00000000	0.00000000
S5	f	0.35685411	0.41574797	0.00000000	0.00000000	10.00000000	0.00000000	0.00000000
S6	f	0.73468475	0.92358119	0.00000000	0.00000000	10.00000000	0.00000000	0.00000000
S7	f	0.27773435	0.85280345	0.00000000	0.00000000	10.00000000	0.00000000	0.00000000
S8	f	0.44976511	0.55435691	0.00000000	0.00000000	10.00000000	0.00000000	0.00000000
S9	f	0.98137327	0.08330717	0.00000000	0.00000000	10.00000000	0.00000000	0.00000000
C1	c	0.97969456	0.98221296	0.10408122	0.00000000	8.00000000	0.01473807	0.00000000
C2	c	0.95573572	0.76794995	0.06948266	0.06000000	8.06000000	0.02436959	0.00000000
C3	c	0.24289150	0.57825562	0.01502674	0.12000000	8.12000000	0.02743124	0.00000000
C4	c	0.22938864	0.88642407	0.01405966	0.18000000	8.18000000	0.02104613	0.00000000
C5	c	0.88300195	0.43883867	0.06232459	0.24000000	8.24000000	0.02843356	0.00000000
C6	c	0.70115776	0.58047317	0.15104350	0.30000000	8.30000000	0.01250401	0.00000000
C7	c	0.37300540	0.78346182	0.06023775	0.36000000	8.36000000	0.01906612	0.00000000
C8	c	0.77719990	0.48538185	0.11195582	0.42000000	8.42000000	0.01830842	0.00000000
C9	c	0.91725099	0.05387837	0.04890595	0.48000000	8.48000000	0.01023471	0.00000000
C10	c	0.75299543	0.36653173	0.10170201	0.54000000	8.54000000	0.02375163	0.00000000
C11	c	0.08844523	0.83682104	0.10059505	0.60000000	8.60000000	0.01719589	0.00000000
C12	c	0.16060097	0.32070500	0.13208573	0.66000000	8.66000000	0.02817291	0.00000000
C13	c	0.76872679	0.97209082	0.05176121	0.72000000	8.72000000	0.01079438	0.00000000
C14	c	0.49786488	0.02287248	0.15113019	0.78000000	8.78000000	0.01346278	0.00000000
C15	c	0.59366183	0.37871649	0.03966965	0.84000000	8.84000000	0.01135335	0.00000000
C16	c	0.68840299	0.72607121	0.10860091	0.90000000	8.90000000	0.01083695	0.00000000
C17	c	0.42136867	0.76310580	0.11909165	0.96000000	8.96000000	0.02006766	0.00000000
C18	c	0.50223238	0.76476091	0.02544926	1.02000000	9.02000000	0.02480871	0.00000000
C19	c	0.62444766	0.57231030	0.08342435	1.08000000	9.08000000	0.02150135	0.00000000
C20	c	0.60271486	0.21703875	0.15111569	1.14000000	9.14000000	0.01262195	0.00000000
C21	c	0.50172342	0.83873196	0.03921971	1.20000000	9.20000000	0.01757033	0.00000000
C22	c	0.58302611	0.06200919	0.13733143	1.26000000	9.26000000	0.01699441	0.00000000
C23	c	0.67586341	0.41805716	0.09513862	1.32000000	9.32000000	0.01513541	0.00000000
C24	c	0.94275231	0.51067550	0.14278992	1.38000000	9.38000000	0.02382598	0.00000000
C25	c	0.11319935	0.29081288	0.10246111	1.44000000	9.44000000	0.01807436	0.00000000
C26	c	0.60370574	0.70087499	0.05116593	1.50000000	9.50000000	0.01987341	0.00000000
C27	c	0.13008107	0.82167822	0.05599032	1.56000000	9.56000000	0.01051053	0.00000000
C28	c	0.36247663	0.57507713	0.05504053	1.62000000	9.62000000	0.02581057	0.00000000
C29	c	0.51245678	0.11114694	0.04452066	1.68000000	9.68000000	0.01367887	0.00000000
C30	c	0.05887898	0.31086794	0.14318619	1.74000000	9.74000000	0.02756803	0.00000000
C31	c	0.13943038	0.98338811	0.11030384	1.80000000	9.80000000	0.01404941	0.00000000
C32	c	0.24190433	0.97327725	0.11873561	1.86000000	9.86000000	0.01673057	0.00000000
C33	c	0.20030508	0.14596071	0.01866507	1.92000000	9.92000000	0.02398326	0.00000000
C34	c	0.39146749	0.26805126	0.06895397	1.98000000	9.98000000	0.02010891	0.00000000
C35	c	0.79611032	0.23452747	0.14280676	2.00000000	10.00000000	0.02491857	0.00000000
C36	c	0.11063496	0.78168357	0.04471626	2.00000000	10.00000000	0.01051429	0.00000000
C37	c	0.50603561	0.98024761	0.10390884	2.00000000	10.00000000	0.02589125	0.00000000
C38	c	0.01723019	0.98408896	0.12829650	2.00000000	10.00000000	0.01376175	0.00000000
C39	c	0.45406726	0.30930848	0.08102806	2.00000000	10.00000000	0.01952526	0.00000000
C40	c	0.58704926	0.43943574	0.01272242	2.00000000	10.00000000	0.02120870	0.00000000
C41	c	0.13341084	0.60232677	0.13808521	2.00000000	10.00000000	0.01797148	0.00000000
C42	c	0.81709633	0.41986774	0.12653358	2.00000000	10.00000000	0.02625195	0.00000000
C43	c	0.83346858	0.55501413	0.14137489	2.00000000	10.00000000	0.02323233	0.00000000
C44	c	0.23634967	0.44993602	0.06993032	2.00000000	10.00000000	0.02105549	0.00000000
C45	c	0.02401656	0.90589995	0.09344994	2.00000000	10.00000000	0.02532080	0.00000000
C46	c	0.03321556	0.15430608	0.12522956	2.00000000	10.00000000	0.01913382	0.00000000
C47	c	0.43504666	0.46805359	0.05889740	2.00000000	10.00000000	0.02091370	0.00000000
C48	c	0.82204105	0.99882498	0.05665963	2.00000000	10.00000000	0.01273460	0.00000000
C49	c	0.57399474	0.31986827	0.15113762	2.00000000	10.00000000	0.01528495	0.00000000
C50	c	0.40340546	0.91783527	0.13997649	2.00000000	10.00000000	0.01298543	0.00000000

Q Vehicle fuel tank capacity /0.40000000/
C Vehicle load capacity /1.50000000/
r fuel consumption rate /0.25000000/
g inverse refueling rate /1.00000000/
v average Velocity /1.00000000/
