StringID	Type	x	y	demand	ReadyTime	DueDate	ServiceTime	altitude
D0	d	0.50000000	0.50000000	0.00000000	0.00000000	10.00000000	0.00000000	0.00000000
S0	f	0.91324055	0.91267128	0.00000000	0.00000000	10.00000000	0.00000000	0.00000000
S1	f	0.44844647	0.77875223	0.00000000	0.00000000	10.00000000	0.00000000	0.00000000
S2	f	0.30428981	0.87716923	0.00000000	0.00000000	10.00000000	0.00000000	0.00000000
S3	f	0.23967559	0.68412774	0.00000000	0.00000000	10.00000000	0.00000000	0.00000000
S4	f	0.08599846	0.05634442	0.00000000	0.00000000	10.00000000	0.00000000	0.00000000
S5	f	0.82757266	0.09419297	0.00000000	0.00000000	10.00000000	0.00000000	0.00000000
C1	c	0.52959505	0.97254557	0.02339014	0.00000000	8.00000000	0.02392103	0.00000000
C2	c	0.84024828	0.73623977	0.17867799	0.10000000	8.10000000	0.01811914	0.00000000
C3	c	0.29359867	0.19852178	0.21994960	0.20000000	8.20000000	0.01204568	0.00000000
C4	c	0.19070635	0.79220817	0.16871454	0.30000000	8.30000000	0.02225777	0.00000000
C5	c	0.06479635	0.46540317	0.19024458	0.40000000	8.40000000	0.02711346	0.00000000
C6	c	0.16435127	0.70167408	0.01798535	0.50000000	8.50000000	0.02455278	0.00000000
C7	c	0.28493155	0.81633256	0.08426825	0.60000000	8.60000000	0.02714186	0.00000000
C8	c	0.61756029	0.69335308	0.22481334	0.70000000	8.70000000	0.01844889	0.00000000
C9	c	0.45940369	0.09249122	0.06281609	0.80000000	8.80000000	0.02153443	0.00000000
C10	c	0.72515062	0.16490278	0.10017330	0.90000000	8.90000000	0.02105004	0.00000000
C11	c	0.80442173	0.48648069	0.17599936	1.00000000	9.00000000	0.02198526	0.00000000
C12	c	0.13831600	0.79997336	0.20040434	1.10000000	9.10000000	0.01090562	0.00000000
C13	c	0.84498937	0.48951112	0.17192113	1.20000000	9.20000000	0.01256898	0.00000000
C14	c	0.71128478	0.83444034	0.21177385	1.30000000	9.30000000	0.02941333	0.00000000
C15	c	0.90057212	0.51938471	0.14422844	1.40000000	9.40000000	0.02449487	0.00000000
C16	c	0.20370330	0.36431395	0.09345342	1.50000000	9.50000000	0.02713356	0.00000000
C17	c	0.69472915	0.52221994	0.13421516	1.60000000	9.60000000	0.01463923	0.00000000
C18	c	0.91324055	0.91267128	0.22467814	1.70000000	9.70000000	0.01686534	0.00000000
C19	c	0.79469390	0.17926131	0.14216632	1.80000000	9.80000000	0.02613319	0.00000000
C20	c	0.41488454	0.72311994	0.22125521	1.90000000	9.90000000	0.01499492	0.00000000
C21	c	0.91902406	0.36831447	0.10538774	2.00000000	10.00000000	0.01406649	0.00000000
C22	c	0.06032096	0.35118045	0.19014601	2.00000000	10.00000000	0.02776626	0.00000000
C23	c	0.09258697	0.88761225	0.09381490	2.00000000	10.00000000	0.01727413	0.00000000
C24	c	0.56533429	0.12364915	0.21232281	2.00000000	10.00000000	0.02572836	0.00000000
C25	c	0.69075966	0.11162572	0.17023078	2.00000000	10.00000000	0.02422969	0.00000000
C26	c	0.04522341	0.63723362	0.01954308	2.00000000	10.00000000	0.02577158	0.00000000
C27	c	0.78046253	0.55140181	0.23148952	2.00000000	10.00000000	0.02727693	0.00000000
C28	c	0.15325094	0.42548687	0.20833806	2.00000000	10.00000000	0.02138201	0.00000000
C29	c	0.88076401	0.96517066	0.13191055	2.00000000	10.00000000	0.02621975	0.00000000
C30	c	0.99124712	0.87338779	0.14568800	2.00000000	10.00000000	0.02550391	0.00000000

Q Vehicle fuel tank capacity /0.40000000/
C Vehicle load capacity /1.50000000/
r fuel consumption rate /0.25000000/
g inverse refueling rate /1.00000000/
v average Velocity /1.00000000/
