StringID	Type	x	y	demand	ReadyTime	DueDate	ServiceTime	altitude
D0	d	0.50000000	0.50000000	0.00000000	0.00000000	10.00000000	0.00000000	0.00000000
S0	f	0.05577215	0.96195976	0.00000000	0.00000000	10.00000000	0.00000000	0.00000000
S1	f	0.84459100	0.74064508	0.00000000	0.00000000	10.00000000	0.00000000	0.00000000
S2	f	0.55492564	0.18282077	0.00000000	0.00000000	10.00000000	0.00000000	0.00000000
S3	f	0.08274693	0.81375006	0.00000000	0.00000000	10.00000000	0.00000000	0.00000000
S4	f	0.06440410	0.87165994	0.00000000	0.00000000	10.00000000	0.00000000	0.00000000
S5	f	0.75022140	0.41059730	0.00000000	0.00000000	10.00000000	0.00000000	0.00000000
C1	c	0.70006543	0.40204574	0.20508517	0.00000000	8.00000000	0.02690614	0.00000000
C2	c	0.71865120	0.45734585	0.26489463	0.10000000	8.10000000	0.02763142	0.00000000
C3	c	0.73337842	0.96448914	0.17329429	0.20000000	8.20000000	0.01231441	0.00000000
C4	c	0.69422358	0.27393239	0.09977294	0.30000000	8.30000000	0.01936777	0.00000000
C5	c	0.83468359	0.07193881	0.12536722	0.40000000	8.40000000	0.02551553	0.00000000
C6	c	0.84358159	0.83438057	0.14409784	0.50000000	8.50000000	0.01624802	0.00000000
C7	c	0.83741247	0.44781484	0.17351111	0.60000000	8.60000000	0.01625481	0.00000000
C8	c	0.27996340	0.12092882	0.04347978	0.70000000	8.70000000	0.02171194	0.00000000
C9	c	0.02989721	0.70395105	0.17614649	0.80000000	8.80000000	0.01836093	0.00000000
C10	c	0.53543200	0.57756654	0.10967859	0.90000000	8.90000000	0.01100143	0.00000000
C11	c	0.75332720	0.60528196	0.24378454	1.00000000	9.00000000	0.02936051	0.00000000
C12	c	0.35991443	0.24568218	0.13974287	1.10000000	9.10000000	0.02656570	0.00000000
C13	c	0.26775937	0.58245116	0.19805885	1.20000000	9.20000000	0.02114594	0.00000000
C14	c	0.03777973	0.21054368	0.17795903	1.30000000	9.30000000	0.01951894	0.00000000
C15	c	0.32172091	0.00378409	0.09410091	1.40000000	9.40000000	0.02442374	0.00000000
C16	c	0.30845492	0.88448037	0.25815957	1.50000000	9.50000000	0.01704246	0.00000000
C17	c	0.90462725	0.54187661	0.14294790	1.60000000	9.60000000	0.02659800	0.00000000
C18	c	0.52233684	0.34120027	0.17431578	1.70000000	9.70000000	0.01760645	0.00000000
C19	c	0.05577215	0.96195976	0.16015451	1.80000000	9.80000000	0.02438974	0.00000000
C20	c	0.40613818	0.17292915	0.14211575	1.90000000	9.90000000	0.02543003	0.00000000
C21	c	0.68875968	0.31630084	0.02292660	2.00000000	10.00000000	0.01357678	0.00000000
C22	c	0.41915233	0.76370710	0.02604108	2.00000000	10.00000000	0.01281942	0.00000000
C23	c	0.33946161	0.36684197	0.11432940	2.00000000	10.00000000	0.01875570	0.00000000
C24	c	0.37634380	0.09633782	0.24032298	2.00000000	10.00000000	0.02155799	0.00000000
C25	c	0.40356197	0.91923781	0.05136073	2.00000000	10.00000000	0.01617722	0.00000000
C26	c	0.43430762	0.41224979	0.03251647	2.00000000	10.00000000	0.01137328	0.00000000
C27	c	0.24557058	0.25934542	0.06339795	2.00000000	10.00000000	0.01867715	0.00000000
C28	c	0.17022304	0.96916497	0.24142426	2.00000000	10.00000000	0.02465664	0.00000000
C29	c	0.96214312	0.90868944	0.25143672	2.00000000	10.00000000	0.02319054	0.00000000
C30	c	0.99376262	0.65665460	0.20957606	2.00000000	10.00000000	0.01149632	0.00000000

Q Vehicle fuel tank capacity /0.40000000/
C Vehicle load capacity /1.50000000/
r fuel consumption rate /0.25000000/
g inverse refueling rate /1.00000000/
v average Velocity /1.00000000/
