StringID	Type	x	y	demand	ReadyTime	DueDate	ServiceTime	altitude
D0	d	0.50000000	0.50000000	0.00000000	0.00000000	10.00000000	0.00000000	0.00000000
S0	f	0.38498565	0.75534261	0.00000000	0.00000000	10.00000000	0.00000000	0.00000000
S1	f	0.27595002	0.52274927	0.00000000	0.00000000	10.00000000	0.00000000	0.00000000
S2	f	0.23182575	0.75666311	0.00000000	0.00000000	10.00000000	0.00000000	0.00000000
S3	f	0.03217151	0.28834214	0.00000000	0.00000000	10.00000000	0.00000000	0.00000000
S4	f	0.41885876	0.73215958	0.00000000	0.00000000	10.00000000	0.00000000	0.00000000
S5	f	0.04597981	0.46083903	0.00000000	0.00000000	10.00000000	0.00000000	0.00000000
S6	f	0.25382738	0.80068799	0.00000000	0.00000000	10.00000000	0.00000000	0.00000000
S7	f	0.36350532	0.49277617	0.00000000	0.00000000	10.00000000	0.00000000	0.00000000
S8	f	0.57402966	0.85118162	0.00000000	0.00000000	10.00000000	0.00000000	0.00000000
S9	f	0.60868308	0.30053693	0.00000000	0.00000000	10.00000000	0.00000000	0.00000000
C1	c	0.23362060	0.16523761	0.06327065	0.00000000	8.00000000	0.01362383	0.00000000
C2	c	0.65671326	0.45698259	0.02095743	0.06000000	8.06000000	0.02041923	0.00000000
C3	c	0.19662287	0.14590128	0.14872231	0.12000000	8.12000000	0.01937626	0.00000000
C4	c	0.17528836	0.66409460	0.15023099	0.18000000	8.18000000	0.01727742	0.00000000
C5	c	0.60108795	0.93253487	0.09143587	0.24000000	8.24000000	0.01744139	0.00000000
C6	c	0.58672802	0.67586492	0.12188899	0.30000000	8.30000000	0.01108409	0.00000000
C7	c	0.78807421	0.76275743	0.06525266	0.36000000	8.36000000	0.01589836	0.00000000
C8	c	0.43797211	0.36278547	0.16051279	0.42000000	8.42000000	0.02088843	0.00000000
C9	c	0.93895816	0.96879966	0.14827559	0.48000000	8.48000000	0.02186638	0.00000000
C10	c	0.15188344	0.92171862	0.01229166	0.54000000	8.54000000	0.02370747	0.00000000
C11	c	0.93684922	0.72464094	0.04596570	0.60000000	8.60000000	0.01478040	0.00000000
C12	c	0.00524513	0.17643221	0.05805473	0.66000000	8.66000000	0.02865106	0.00000000
C13	c	0.95425632	0.02837131	0.10532638	0.72000000	8.72000000	0.01573490	0.00000000
C14	c	0.71947452	0.06532318	0.10364306	0.78000000	8.78000000	0.02239315	0.00000000
C15	c	0.12934998	0.21674967	0.06358118	0.84000000	8.84000000	0.01825202	0.00000000
C16	c	0.13772892	0.04159360	0.15366077	0.90000000	8.90000000	0.02112025	0.00000000
C17	c	0.55789573	0.60355973	0.12854364	0.96000000	8.96000000	0.01093722	0.00000000
C18	c	0.96590023	0.63663968	0.02485904	1.02000000	9.02000000	0.01189286	0.00000000
C19	c	0.38498565	0.75534261	0.05119006	1.08000000	9.08000000	0.01423740	0.00000000
C20	c	0.03140623	0.99100579	0.03765606	1.14000000	9.14000000	0.02731775	0.00000000
C21	c	0.87195229	0.72239896	0.15597259	1.20000000	9.20000000	0.02442291	0.00000000
C22	c	0.21074308	0.63790596	0.08948582	1.26000000	9.26000000	0.02856663	0.00000000
C23	c	0.16434406	0.97592804	0.09773554	1.32000000	9.32000000	0.01617582	0.00000000
C24	c	0.09896079	0.33706209	0.03264029	1.38000000	9.38000000	0.01484374	0.00000000
C25	c	0.52426072	0.36321160	0.11687605	1.44000000	9.44000000	0.02975675	0.00000000
C26	c	0.26186683	0.89318264	0.10637037	1.50000000	9.50000000	0.02864799	0.00000000
C27	c	0.80413518	0.47761948	0.09337669	1.56000000	9.56000000	0.01784632	0.00000000
C28	c	0.46778555	0.76599666	0.01439194	1.62000000	9.62000000	0.01507112	0.00000000
C29	c	0.15694004	0.30660936	0.03447215	1.68000000	9.68000000	0.01015149	0.00000000
C30	c	0.32468595	0.64573216	0.15514590	1.74000000	9.74000000	0.02039149	0.00000000
C31	c	0.18998949	0.49377541	0.09715951	1.80000000	9.80000000	0.02018529	0.00000000
C32	c	0.72093554	0.74645104	0.12857596	1.86000000	9.86000000	0.02373606	0.00000000
C33	c	0.44859921	0.07472271	0.15422982	1.92000000	9.92000000	0.02810124	0.00000000
C34	c	0.77186733	0.54588454	0.06273975	1.98000000	9.98000000	0.02982716	0.00000000
C35	c	0.19362105	0.81284164	0.14671392	2.00000000	10.00000000	0.02558635	0.00000000
C36	c	0.27595002	0.52274927	0.03379133	2.00000000	10.00000000	0.01131291	0.00000000
C37	c	0.25356294	0.07170582	0.02209332	2.00000000	10.00000000	0.02685496	0.00000000
C38	c	0.44939979	0.43471821	0.06361955	2.00000000	10.00000000	0.02305479	0.00000000
C39	c	0.00846416	0.76938763	0.14686009	2.00000000	10.00000000	0.01212144	0.00000000
C40	c	0.62035236	0.34639899	0.05393394	2.00000000	10.00000000	0.01503560	0.00000000
C41	c	0.34045314	0.43848512	0.02051271	2.00000000	10.00000000	0.01240978	0.00000000
C42	c	0.85852278	0.66322150	0.11298063	2.00000000	10.00000000	0.02317487	0.00000000
C43	c	0.97295559	0.48014832	0.14217854	2.00000000	10.00000000	0.02697277	0.00000000
C44	c	0.32259711	0.28383683	0.09669651	2.00000000	10.00000000	0.01698761	0.00000000
C45	c	0.81389507	0.72457707	0.03641057	2.00000000	10.00000000	0.01696866	0.00000000
C46	c	0.87969737	0.41520781	0.08642802	2.00000000	10.00000000	0.01459294	0.00000000
C47	c	0.47899284	0.99597593	0.13558940	2.00000000	10.00000000	0.01931867	0.00000000
C48	c	0.29979683	0.33369054	0.10694049	2.00000000	10.00000000	0.02984740	0.00000000
C49	c	0.03401464	0.65316935	0.10252808	2.00000000	10.00000000	0.01026120	0.00000000
C50	c	0.76006003	0.69454013	0.09823096	2.00000000	10.00000000	0.01283248	0.00000000

Q Vehicle fuel tank capacity /0.40000000/
C Vehicle load capacity /1.50000000/
r fuel consumption rate /0.25000000/
g inverse refueling rate /1.00000000/
v average Velocity /1.00000000/
