StringID	Type	x	y	demand	ReadyTime	DueDate	ServiceTime	altitude
D0	d	0.50000000	0.50000000	0.00000000	0.00000000	10.00000000	0.00000000	0.00000000
S0	f	0.61698734	0.13865441	0.00000000	0.00000000	10.00000000	0.00000000	0.00000000
S1	f	0.57269602	0.87072773	0.00000000	0.00000000	10.00000000	0.00000000	0.00000000
S2	f	0.39342608	0.81645564	0.00000000	0.00000000	10.00000000	0.00000000	0.00000000
S3	f	0.47493502	0.16548047	0.00000000	0.00000000	10.00000000	0.00000000	0.00000000
S4	f	0.98398069	0.27500483	0.00000000	0.00000000	10.00000000	0.00000000	0.00000000
S5	f	0.61128997	0.18870214	0.00000000	0.00000000	10.00000000	0.00000000	0.00000000
S6	f	0.77891390	0.60963585	0.00000000	0.00000000	10.00000000	0.00000000	0.00000000
S7	f	0.06062804	0.28804119	0.00000000	0.00000000	10.00000000	0.00000000	0.00000000
S8	f	0.04548162	0.83064075	0.00000000	0.00000000	10.00000000	0.00000000	0.00000000
S9	f	0.51373403	0.34643236	0.00000000	0.00000000	10.00000000	0.00000000	0.00000000
C1	c	0.94799382	0.76777207	0.15033235	0.00000000	8.00000000	0.02003383	0.00000000
C2	c	0.79103091	0.80770784	0.12558291	0.06000000	8.06000000	0.01047016	0.00000000
C3	c	0.84319496	0.75232457	0.06268480	0.12000000	8.12000000	0.02376101	0.00000000
C4	c	0.83755428	0.80959068	0.02631898	0.18000000	8.18000000	0.02501735	0.00000000
C5	c	0.87226747	0.84915501	0.14236609	0.24000000	8.24000000	0.02361382	0.00000000
C6	c	0.83556236	0.47146129	0.03406740	0.30000000	8.30000000	0.01568514	0.00000000
C7	c	0.95827357	0.57813590	0.08672297	0.36000000	8.36000000	0.01224488	0.00000000
C8	c	0.88370518	0.51211440	0.14737107	0.42000000	8.42000000	0.01371799	0.00000000
C9	c	0.93925271	0.57325516	0.12777343	0.48000000	8.48000000	0.01461313	0.00000000
C10	c	0.86982402	0.54259600	0.01547883	0.54000000	8.54000000	0.01776481	0.00000000
C11	c	0.87091579	0.54162327	0.05900007	0.60000000	8.60000000	0.02200246	0.00000000
C12	c	0.93718869	0.52329752	0.12194612	0.66000000	8.66000000	0.02336892	0.00000000
C13	c	0.62913890	0.80751415	0.13574673	0.72000000	8.72000000	0.01263172	0.00000000
C14	c	0.79482781	0.79562168	0.04990358	0.78000000	8.78000000	0.02241944	0.00000000
C15	c	0.74975214	0.77567848	0.07697925	0.84000000	8.84000000	0.01328770	0.00000000
C16	c	0.78874648	0.68763820	0.07638868	0.90000000	8.90000000	0.01988506	0.00000000
C17	c	0.84233687	0.34597028	0.11225224	0.96000000	8.96000000	0.01476214	0.00000000
C18	c	0.90362728	0.33185857	0.03339426	1.02000000	9.02000000	0.02992825	0.00000000
C19	c	0.86115222	0.33973946	0.15966409	1.08000000	9.08000000	0.01993479	0.00000000
C20	c	0.79984168	0.21081798	0.03017357	1.14000000	9.14000000	0.02884558	0.00000000
C21	c	0.89983518	0.35296036	0.09114850	1.20000000	9.20000000	0.02833970	0.00000000
C22	c	0.78026236	0.34098854	0.03368543	1.26000000	9.26000000	0.01760530	0.00000000
C23	c	0.60332531	0.08141022	0.10077098	1.32000000	9.32000000	0.02086475	0.00000000
C24	c	0.54524376	0.10090281	0.08932684	1.38000000	9.38000000	0.01969005	0.00000000
C25	c	0.63490381	0.09144311	0.09145626	1.44000000	9.44000000	0.01821157	0.00000000
C26	c	0.45155776	0.36030330	0.04633057	1.50000000	9.50000000	0.01233065	0.00000000
C27	c	0.74097668	0.70450667	0.10182160	1.56000000	9.56000000	0.01906497	0.00000000
C28	c	0.31072991	0.58802954	0.02303081	1.62000000	9.62000000	0.02448878	0.00000000
C29	c	0.82157655	0.01941223	0.15051773	1.68000000	9.68000000	0.01029012	0.00000000
C30	c	0.03492204	0.67309418	0.13809175	1.74000000	9.74000000	0.02424951	0.00000000
C31	c	0.12695966	0.59416048	0.08088760	1.80000000	9.80000000	0.01880047	0.00000000
C32	c	0.88354848	0.21967421	0.06677374	1.86000000	9.86000000	0.01056802	0.00000000
C33	c	0.20705881	0.77736431	0.12565053	1.92000000	9.92000000	0.01531611	0.00000000
C34	c	0.61437756	0.49508886	0.12000990	1.98000000	9.98000000	0.02635295	0.00000000
C35	c	0.97990621	0.99206521	0.05910648	2.00000000	10.00000000	0.02135357	0.00000000
C36	c	0.50169145	0.02350788	0.10199498	2.00000000	10.00000000	0.02388216	0.00000000
C37	c	0.68805066	0.75086738	0.13811649	2.00000000	10.00000000	0.01868385	0.00000000
C38	c	0.68069114	0.28425701	0.01404988	2.00000000	10.00000000	0.01262081	0.00000000
C39	c	0.11224384	0.18589956	0.01644870	2.00000000	10.00000000	0.01269268	0.00000000
C40	c	0.23065669	0.38824047	0.11515149	2.00000000	10.00000000	0.01018227	0.00000000
C41	c	0.60012277	0.66844610	0.03068368	2.00000000	10.00000000	0.02090390	0.00000000
C42	c	0.16438490	0.49425301	0.10294322	2.00000000	10.00000000	0.02889515	0.00000000
C43	c	0.23810687	0.99641255	0.14770137	2.00000000	10.00000000	0.01629106	0.00000000
C44	c	0.49673955	0.94227922	0.04502337	2.00000000	10.00000000	0.02755218	0.00000000
C45	c	0.54323760	0.48450265	0.04307221	2.00000000	10.00000000	0.01288860	0.00000000
C46	c	0.41057851	0.11653265	0.13127842	2.00000000	10.00000000	0.02898507	0.00000000
C47	c	0.45324853	0.72443884	0.10607010	2.00000000	10.00000000	0.01126694	0.00000000
C48	c	0.01450623	0.71247572	0.08762033	2.00000000	10.00000000	0.02383765	0.00000000
C49	c	0.44002345	0.02840081	0.16260453	2.00000000	10.00000000	0.02031451	0.00000000
C50	c	0.26580571	0.81764727	0.16448510	2.00000000	10.00000000	0.02763441	0.00000000

Q Vehicle fuel tank capacity /0.40000000/
C Vehicle load capacity /1.50000000/
r fuel consumption rate /0.25000000/
g inverse refueling rate /1.00000000/
v average Velocity /1.00000000/
