StringID	Type	x	y	demand	ReadyTime	DueDate	ServiceTime	altitude
D0	d	0.50000000	0.50000000	0.00000000	0.00000000	10.00000000	0.00000000	0.00000000
S0	f	0.53914684	0.73772308	0.00000000	0.00000000	10.00000000	0.00000000	0.00000000
S1	f	0.17538681	0.12519002	0.00000000	0.00000000	10.00000000	0.00000000	0.00000000
S2	f	0.34640302	0.21539458	0.00000000	0.00000000	10.00000000	0.00000000	0.00000000
S3	f	0.82437241	0.83633108	0.00000000	0.00000000	10.00000000	0.00000000	0.00000000
S4	f	0.30747437	0.20461947	0.00000000	0.00000000	10.00000000	0.00000000	0.00000000
S5	f	0.36607379	0.50668545	0.00000000	0.00000000	10.00000000	0.00000000	0.00000000
C1	c	0.52184843	0.13837680	0.26897095	0.00000000	8.00000000	0.01283635	0.00000000
C2	c	0.56660641	0.16173056	0.22033184	0.10000000	8.10000000	0.02290275	0.00000000
C3	c	0.56294851	0.25119640	0.03006422	0.20000000	8.20000000	0.02216947	0.00000000
C4	c	0.56886957	0.12179368	0.20518673	0.30000000	8.30000000	0.02421448	0.00000000
C5	c	0.53906154	0.18693124	0.26967990	0.40000000	8.40000000	0.02625290	0.00000000
C6	c	0.55940230	0.78549538	0.24390669	0.50000000	8.50000000	0.02923833	0.00000000
C7	c	0.65695002	0.80651653	0.21193952	0.60000000	8.60000000	0.02139418	0.00000000
C8	c	0.54145353	0.82778462	0.18324249	0.70000000	8.70000000	0.01126793	0.00000000
C9	c	0.64248401	0.77410344	0.07686477	0.80000000	8.80000000	0.01106052	0.00000000
C10	c	0.62562577	0.84990405	0.27167778	0.90000000	8.90000000	0.02264185	0.00000000
C11	c	0.64954807	0.75969773	0.18087312	1.00000000	9.00000000	0.02015152	0.00000000
C12	c	0.82513949	0.06489491	0.21205567	1.10000000	9.10000000	0.01102150	0.00000000
C13	c	0.85107557	0.14528519	0.24459415	1.20000000	9.20000000	0.01595740	0.00000000
C14	c	0.81655653	0.14935432	0.14628851	1.30000000	9.30000000	0.02514392	0.00000000
C15	c	0.77666319	0.17284396	0.09358730	1.40000000	9.40000000	0.01587115	0.00000000
C16	c	0.16532651	0.92963828	0.09519116	1.50000000	9.50000000	0.02135570	0.00000000
C17	c	0.17479151	0.01094842	0.13284669	1.60000000	9.60000000	0.02841077	0.00000000
C18	c	0.53779552	0.30317419	0.08295336	1.70000000	9.70000000	0.01867811	0.00000000
C19	c	0.34224292	0.14181755	0.03139208	1.80000000	9.80000000	0.02795034	0.00000000
C20	c	0.64513745	0.60847346	0.19478389	1.90000000	9.90000000	0.01217478	0.00000000
C21	c	0.71072388	0.81264486	0.04415820	2.00000000	10.00000000	0.01477504	0.00000000
C22	c	0.96191650	0.56970887	0.06016709	2.00000000	10.00000000	0.01884476	0.00000000
C23	c	0.06339630	0.05302596	0.25440332	2.00000000	10.00000000	0.01080318	0.00000000
C24	c	0.63209265	0.50757592	0.06257245	2.00000000	10.00000000	0.01907956	0.00000000
C25	c	0.05107508	0.29787018	0.02093465	2.00000000	10.00000000	0.02392224	0.00000000
C26	c	0.75719585	0.29355748	0.15482346	2.00000000	10.00000000	0.02684459	0.00000000
C27	c	0.56778494	0.92053865	0.09519862	2.00000000	10.00000000	0.01718200	0.00000000
C28	c	0.43390547	0.89751725	0.05242485	2.00000000	10.00000000	0.01849472	0.00000000
C29	c	0.10873915	0.23875185	0.25375929	2.00000000	10.00000000	0.02825056	0.00000000
C30	c	0.44223783	0.04015890	0.10512725	2.00000000	10.00000000	0.01170706	0.00000000

Q Vehicle fuel tank capacity /0.40000000/
C Vehicle load capacity /1.50000000/
r fuel consumption rate /0.25000000/
g inverse refueling rate /1.00000000/
v average Velocity /1.00000000/
