StringID	Type	x	y	demand	ReadyTime	DueDate	ServiceTime	altitude
D0	d	0.50000000	0.50000000	0.00000000	0.00000000	10.00000000	0.00000000	0.00000000
S0	f	0.69452947	0.90343738	0.00000000	0.00000000	10.00000000	0.00000000	0.00000000
S1	f	0.52056993	0.11872612	0.00000000	0.00000000	10.00000000	0.00000000	0.00000000
S2	f	0.97601022	0.84040084	0.00000000	0.00000000	10.00000000	0.00000000	0.00000000
S3	f	0.57488134	0.36684748	0.00000000	0.00000000	10.00000000	0.00000000	0.00000000
S4	f	0.20194619	0.99242458	0.00000000	0.00000000	10.00000000	0.00000000	0.00000000
S5	f	0.27838661	0.83033554	0.00000000	0.00000000	10.00000000	0.00000000	0.00000000
C1	c	0.88461976	0.25085189	0.20456276	0.00000000	8.00000000	0.02485322	0.00000000
C2	c	0.91171975	0.21198892	0.06564392	0.10000000	8.10000000	0.02848823	0.00000000
C3	c	0.77252350	0.13275491	0.26797748	0.20000000	8.20000000	0.01482535	0.00000000
C4	c	0.81009076	0.23548264	0.06132851	0.30000000	8.30000000	0.01905073	0.00000000
C5	c	0.89036515	0.07943453	0.25272832	0.40000000	8.40000000	0.02080437	0.00000000
C6	c	0.91778838	0.24214701	0.13052644	0.50000000	8.50000000	0.02487605	0.00000000
C7	c	0.33226242	0.37962418	0.10189939	0.60000000	8.60000000	0.02414532	0.00000000
C8	c	0.34164644	0.41841813	0.20559671	0.70000000	8.70000000	0.01130770	0.00000000
C9	c	0.27546164	0.40655782	0.11337606	0.80000000	8.80000000	0.01189014	0.00000000
C10	c	0.29654039	0.49102695	0.04494803	0.90000000	8.90000000	0.02979147	0.00000000
C11	c	0.37701929	0.41050984	0.17247334	1.00000000	9.00000000	0.01989147	0.00000000
C12	c	0.20441592	0.40869178	0.02430545	1.10000000	9.10000000	0.02239612	0.00000000
C13	c	0.02205875	0.59616570	0.05512945	1.20000000	9.20000000	0.01625853	0.00000000
C14	c	0.02602787	0.52396988	0.24560689	1.30000000	9.30000000	0.01056692	0.00000000
C15	c	0.00000000	0.56149190	0.22802054	1.40000000	9.40000000	0.01315372	0.00000000
C16	c	0.53030011	0.66247858	0.18345188	1.50000000	9.50000000	0.01708117	0.00000000
C17	c	0.94717110	0.00565331	0.13731970	1.60000000	9.60000000	0.01961883	0.00000000
C18	c	0.51576383	0.05204863	0.09220198	1.70000000	9.70000000	0.01755633	0.00000000
C19	c	0.69928423	0.71494598	0.15890848	1.80000000	9.80000000	0.01221222	0.00000000
C20	c	0.99498189	0.32746776	0.19381504	1.90000000	9.90000000	0.02585542	0.00000000
C21	c	0.33480451	0.60142656	0.26899852	2.00000000	10.00000000	0.02627205	0.00000000
C22	c	0.74266121	0.92441143	0.02035629	2.00000000	10.00000000	0.02952456	0.00000000
C23	c	0.24126746	0.45253668	0.15506964	2.00000000	10.00000000	0.01156325	0.00000000
C24	c	0.54021872	0.74380273	0.03260867	2.00000000	10.00000000	0.01977681	0.00000000
C25	c	0.70726577	0.06538490	0.20353492	2.00000000	10.00000000	0.02796777	0.00000000
C26	c	0.09450703	0.98957371	0.20767098	2.00000000	10.00000000	0.01986927	0.00000000
C27	c	0.49457347	0.61980617	0.28162471	2.00000000	10.00000000	0.02564854	0.00000000
C28	c	0.31292640	0.02834599	0.10534317	2.00000000	10.00000000	0.02292979	0.00000000
C29	c	0.15768616	0.35405825	0.10728071	2.00000000	10.00000000	0.02930293	0.00000000
C30	c	0.48094133	0.37781651	0.17769202	2.00000000	10.00000000	0.02207016	0.00000000

Q Vehicle fuel tank capacity /0.40000000/
C Vehicle load capacity /1.50000000/
r fuel consumption rate /0.25000000/
g inverse refueling rate /1.00000000/
v average Velocity /1.00000000/
