StringID	Type	x	y	demand	ReadyTime	DueDate	ServiceTime	altitude
D0	d	0.50000000	0.50000000	0.00000000	0.00000000	10.00000000	0.00000000	0.00000000
S0	f	0.78496517	0.32859875	0.00000000	0.00000000	10.00000000	0.00000000	0.00000000
S1	f	0.14232350	0.60767888	0.00000000	0.00000000	10.00000000	0.00000000	0.00000000
S2	f	0.43021594	0.30238092	0.00000000	0.00000000	10.00000000	0.00000000	0.00000000
S3	f	0.91015468	0.16282469	0.00000000	0.00000000	10.00000000	0.00000000	0.00000000
S4	f	0.70622689	0.61891998	0.00000000	0.00000000	10.00000000	0.00000000	0.00000000
S5	f	0.82950216	0.59388206	0.00000000	0.00000000	10.00000000	0.00000000	0.00000000
C1	c	0.43768529	0.77745503	0.23843953	0.00000000	8.00000000	0.01960609	0.00000000
C2	c	0.45726701	0.86095746	0.26561342	0.10000000	8.10000000	0.02300750	0.00000000
C3	c	0.48394015	0.90536504	0.04627052	0.20000000	8.20000000	0.02852588	0.00000000
C4	c	0.40685173	0.77313139	0.08571824	0.30000000	8.30000000	0.01642011	0.00000000
C5	c	0.42802763	0.91790748	0.08875958	0.40000000	8.40000000	0.02250347	0.00000000
C6	c	0.48519725	0.84393341	0.14903468	0.50000000	8.50000000	0.01444638	0.00000000
C7	c	0.49886719	0.95502172	0.06266419	0.60000000	8.60000000	0.01093489	0.00000000
C8	c	0.44072705	0.92538292	0.09434092	0.70000000	8.70000000	0.01499926	0.00000000
C9	c	0.45998117	0.92169124	0.24814875	0.80000000	8.80000000	0.02525563	0.00000000
C10	c	0.47494903	0.94436400	0.21928149	0.90000000	8.90000000	0.02545344	0.00000000
C11	c	0.44283525	0.86105691	0.02549195	1.00000000	9.00000000	0.01361451	0.00000000
C12	c	0.31391897	0.88760070	0.17593137	1.10000000	9.10000000	0.02089206	0.00000000
C13	c	0.40470691	0.85770613	0.22437864	1.20000000	9.20000000	0.02101542	0.00000000
C14	c	0.31519826	0.97345804	0.06777746	1.30000000	9.30000000	0.02086298	0.00000000
C15	c	0.48640193	0.87029325	0.19922180	1.40000000	9.40000000	0.02068528	0.00000000
C16	c	0.37914868	0.38596268	0.09732418	1.50000000	9.50000000	0.01881358	0.00000000
C17	c	0.20896908	0.93835683	0.14615785	1.60000000	9.60000000	0.02010552	0.00000000
C18	c	0.52103385	0.45055737	0.13515727	1.70000000	9.70000000	0.01013149	0.00000000
C19	c	0.48030444	0.65037522	0.25784974	1.80000000	9.80000000	0.01338617	0.00000000
C20	c	0.92629401	0.32100539	0.25903831	1.90000000	9.90000000	0.01539472	0.00000000
C21	c	0.62517333	0.22231899	0.16835303	2.00000000	10.00000000	0.01418527	0.00000000
C22	c	0.04674471	0.24996288	0.19111184	2.00000000	10.00000000	0.02388105	0.00000000
C23	c	0.76278173	0.77267220	0.11331067	2.00000000	10.00000000	0.01964158	0.00000000
C24	c	0.18072570	0.54460277	0.11502425	2.00000000	10.00000000	0.02068831	0.00000000
C25	c	0.55077096	0.54314902	0.07051409	2.00000000	10.00000000	0.01440194	0.00000000
C26	c	0.50527605	0.00657429	0.25393972	2.00000000	10.00000000	0.02641764	0.00000000
C27	c	0.16930868	0.26973592	0.14899179	2.00000000	10.00000000	0.01091582	0.00000000
C28	c	0.20926352	0.69405226	0.13126845	2.00000000	10.00000000	0.01961439	0.00000000
C29	c	0.22009694	0.82088186	0.11174021	2.00000000	10.00000000	0.02834823	0.00000000
C30	c	0.04579114	0.48071933	0.10914607	2.00000000	10.00000000	0.01393849	0.00000000

Q Vehicle fuel tank capacity /0.40000000/
C Vehicle load capacity /1.50000000/
r fuel consumption rate /0.25000000/
g inverse refueling rate /1.00000000/
v average Velocity /1.00000000/
