StringID	Type	x	y	demand	ReadyTime	DueDate	ServiceTime	altitude
D0	d	0.50000000	0.50000000	0.00000000	0.00000000	10.00000000	0.00000000	0.00000000
S0	f	0.56146216	0.01146764	0.00000000	0.00000000	10.00000000	0.00000000	0.00000000
S1	f	0.76690137	0.78459772	0.00000000	0.00000000	10.00000000	0.00000000	0.00000000
S2	f	0.08544590	0.47201113	0.00000000	0.00000000	10.00000000	0.00000000	0.00000000
S3	f	0.93296197	0.47880040	0.00000000	0.00000000	10.00000000	0.00000000	0.00000000
S4	f	0.82213531	0.44097372	0.00000000	0.00000000	10.00000000	0.00000000	0.00000000
S5	f	0.76281358	0.36304747	0.00000000	0.00000000	10.00000000	0.00000000	0.00000000
C1	c	0.73937646	0.27031593	0.28788426	0.00000000	8.00000000	0.01654677	0.00000000
C2	c	0.25992232	0.76516955	0.25364657	0.10000000	8.10000000	0.01899079	0.00000000
C3	c	0.06550238	0.58766924	0.19536506	0.20000000	8.20000000	0.02639967	0.00000000
C4	c	0.41628151	0.87267059	0.12474913	0.30000000	8.30000000	0.02545959	0.00000000
C5	c	0.71021615	0.16905878	0.05368297	0.40000000	8.40000000	0.02893092	0.00000000
C6	c	0.40516168	0.56830727	0.17776794	0.50000000	8.50000000	0.02754347	0.00000000
C7	c	0.94656784	0.18104104	0.06983212	0.60000000	8.60000000	0.01469846	0.00000000
C8	c	0.26170106	0.08205307	0.27151142	0.70000000	8.70000000	0.02826077	0.00000000
C9	c	0.13424619	0.39843480	0.15976010	0.80000000	8.80000000	0.02216450	0.00000000
C10	c	0.33083514	0.25497647	0.14284484	0.90000000	8.90000000	0.01325694	0.00000000
C11	c	0.66240498	0.84264278	0.08265407	1.00000000	9.00000000	0.02582714	0.00000000
C12	c	0.84939761	0.47391189	0.21186367	1.10000000	9.10000000	0.01187704	0.00000000
C13	c	0.15211050	0.98408628	0.22053693	1.20000000	9.20000000	0.01828501	0.00000000
C14	c	0.88155256	0.73644701	0.03180804	1.30000000	9.30000000	0.01062971	0.00000000
C15	c	0.63774600	0.65080170	0.09829919	1.40000000	9.40000000	0.01638723	0.00000000
C16	c	0.17845964	0.39830270	0.02102674	1.50000000	9.50000000	0.02608106	0.00000000
C17	c	0.80487099	0.61866425	0.30048402	1.60000000	9.60000000	0.01305293	0.00000000
C18	c	0.23798235	0.29190756	0.17760615	1.70000000	9.70000000	0.02889143	0.00000000
C19	c	0.72023075	0.98839171	0.19042501	1.80000000	9.80000000	0.01314439	0.00000000
C20	c	0.56146216	0.01146764	0.13443645	1.90000000	9.90000000	0.02397054	0.00000000
C21	c	0.58520654	0.64503058	0.12589757	2.00000000	10.00000000	0.02864103	0.00000000
C22	c	0.87858630	0.63040688	0.10121405	2.00000000	10.00000000	0.02105601	0.00000000
C23	c	0.97145390	0.32810980	0.06556355	2.00000000	10.00000000	0.02905591	0.00000000
C24	c	0.47105680	0.14093719	0.23182157	2.00000000	10.00000000	0.01863776	0.00000000
C25	c	0.44664413	0.25643976	0.03597448	2.00000000	10.00000000	0.01345978	0.00000000
C26	c	0.65925984	0.43774953	0.19281061	2.00000000	10.00000000	0.02993430	0.00000000
C27	c	0.91308756	0.43707388	0.09211227	2.00000000	10.00000000	0.02440676	0.00000000
C28	c	0.73656112	0.43148311	0.16307037	2.00000000	10.00000000	0.01466644	0.00000000
C29	c	0.95482161	0.40243457	0.15081817	2.00000000	10.00000000	0.02125405	0.00000000
C30	c	0.32492784	0.42253294	0.13453270	2.00000000	10.00000000	0.01385856	0.00000000

Q Vehicle fuel tank capacity /0.40000000/
C Vehicle load capacity /1.50000000/
r fuel consumption rate /0.25000000/
g inverse refueling rate /1.00000000/
v average Velocity /1.00000000/
