StringID	Type	x	y	demand	ReadyTime	DueDate	ServiceTime	altitude
D0	d	0.50000000	0.50000000	0.00000000	0.00000000	10.00000000	0.00000000	0.00000000
S0	f	0.23923583	0.77438871	0.00000000	0.00000000	10.00000000	0.00000000	0.00000000
S1	f	0.14843807	0.59447228	0.00000000	0.00000000	10.00000000	0.00000000	0.00000000
S2	f	0.72907529	0.95565942	0.00000000	0.00000000	10.00000000	0.00000000	0.00000000
S3	f	0.21808061	0.70962163	0.00000000	0.00000000	10.00000000	0.00000000	0.00000000
S4	f	0.48995106	0.56283610	0.00000000	0.00000000	10.00000000	0.00000000	0.00000000
S5	f	0.36743238	0.40355659	0.00000000	0.00000000	10.00000000	0.00000000	0.00000000
C1	c	0.84069456	0.35715756	0.13665591	0.00000000	8.00000000	0.01509669	0.00000000
C2	c	0.77460382	0.26934892	0.14585669	0.10000000	8.10000000	0.01224259	0.00000000
C3	c	0.82843648	0.27361806	0.10658776	0.20000000	8.20000000	0.01386818	0.00000000
C4	c	0.76348107	0.23575148	0.03184091	0.30000000	8.30000000	0.02607160	0.00000000
C5	c	1.00000000	0.45336123	0.25935334	0.40000000	8.40000000	0.01706971	0.00000000
C6	c	1.00000000	0.37777089	0.06526238	0.50000000	8.50000000	0.02196042	0.00000000
C7	c	0.91523723	0.41553396	0.17342240	0.60000000	8.60000000	0.02764026	0.00000000
C8	c	1.00000000	0.37067705	0.21365299	0.70000000	8.70000000	0.02690158	0.00000000
C9	c	0.90397665	0.28840158	0.16632519	0.80000000	8.80000000	0.02808189	0.00000000
C10	c	1.00000000	0.36358926	0.25659564	0.90000000	8.90000000	0.01649954	0.00000000
C11	c	0.99189883	0.37267444	0.17840830	1.00000000	9.00000000	0.02292818	0.00000000
C12	c	0.62025592	0.37886607	0.22493214	1.10000000	9.10000000	0.01575291	0.00000000
C13	c	0.59123619	0.37998826	0.08346779	1.20000000	9.20000000	0.02075150	0.00000000
C14	c	0.60774843	0.34592221	0.24802149	1.30000000	9.30000000	0.01554377	0.00000000
C15	c	0.52351432	0.36401481	0.07095987	1.40000000	9.40000000	0.01775030	0.00000000
C16	c	0.20459221	0.38011212	0.11608281	1.50000000	9.50000000	0.02841111	0.00000000
C17	c	0.94120516	0.52377324	0.26032951	1.60000000	9.60000000	0.01589936	0.00000000
C18	c	0.19906166	0.91617743	0.15301544	1.70000000	9.70000000	0.01071808	0.00000000
C19	c	0.85600918	0.74925590	0.06953806	1.80000000	9.80000000	0.01200390	0.00000000
C20	c	0.89761633	0.33192654	0.25389534	1.90000000	9.90000000	0.01965523	0.00000000
C21	c	0.18237464	0.43269841	0.23842719	2.00000000	10.00000000	0.02726876	0.00000000
C22	c	0.08254742	0.22969594	0.21098288	2.00000000	10.00000000	0.01974045	0.00000000
C23	c	0.09717590	0.42792341	0.24912362	2.00000000	10.00000000	0.01698921	0.00000000
C24	c	0.25483465	0.11212959	0.10369518	2.00000000	10.00000000	0.02664278	0.00000000
C25	c	0.19340906	0.80358010	0.06524814	2.00000000	10.00000000	0.02415085	0.00000000
C26	c	0.35348531	0.59802076	0.12960178	2.00000000	10.00000000	0.01778088	0.00000000
C27	c	0.88201284	0.84507890	0.03958440	2.00000000	10.00000000	0.01872993	0.00000000
C28	c	0.64640878	0.28764538	0.07741357	2.00000000	10.00000000	0.02430080	0.00000000
C29	c	0.53757476	0.27718867	0.04334511	2.00000000	10.00000000	0.02652714	0.00000000
C30	c	0.38751509	0.92055540	0.12837421	2.00000000	10.00000000	0.01973642	0.00000000

Q Vehicle fuel tank capacity /0.40000000/
C Vehicle load capacity /1.50000000/
r fuel consumption rate /0.25000000/
g inverse refueling rate /1.00000000/
v average Velocity /1.00000000/
