StringID	Type	x	y	demand	ReadyTime	DueDate	ServiceTime	altitude
D0	d	0.50000000	0.50000000	0.00000000	0.00000000	10.00000000	0.00000000	0.00000000
S0	f	0.89268254	0.60389006	0.00000000	0.00000000	10.00000000	0.00000000	0.00000000
S1	f	0.95847439	0.40818790	0.00000000	0.00000000	10.00000000	0.00000000	0.00000000
S2	f	0.48876187	0.40749588	0.00000000	0.00000000	10.00000000	0.00000000	0.00000000
S3	f	0.84229523	0.75176651	0.00000000	0.00000000	10.00000000	0.00000000	0.00000000
S4	f	0.98850746	0.96673615	0.00000000	0.00000000	10.00000000	0.00000000	0.00000000
S5	f	0.57174791	0.88749117	0.00000000	0.00000000	10.00000000	0.00000000	0.00000000
S6	f	0.78831296	0.93302914	0.00000000	0.00000000	10.00000000	0.00000000	0.00000000
S7	f	0.69787220	0.90274266	0.00000000	0.00000000	10.00000000	0.00000000	0.00000000
S8	f	0.15081193	0.82909303	0.00000000	0.00000000	10.00000000	0.00000000	0.00000000
S9	f	0.56084251	0.80688888	0.00000000	0.00000000	10.00000000	0.00000000	0.00000000
C1	c	0.72288519	0.09593076	0.07190222	0.00000000	8.00000000	0.02035932	0.00000000
C2	c	0.78321415	0.08141694	0.12610999	0.06000000	8.06000000	0.02738117	0.00000000
C3	c	0.76054871	0.08949308	0.08349314	0.12000000	8.12000000	0.02947216	0.00000000
C4	c	0.75677096	0.10808609	0.11201555	0.18000000	8.18000000	0.02183937	0.00000000
C5	c	0.60176245	0.43312646	0.09361656	0.24000000	8.24000000	0.01934803	0.00000000
C6	c	0.70456839	0.51857006	0.03056032	0.30000000	8.30000000	0.01105516	0.00000000
C7	c	0.63501001	0.48048467	0.15075793	0.36000000	8.36000000	0.02363392	0.00000000
C8	c	0.73218724	0.53344906	0.17214940	0.42000000	8.42000000	0.02547985	0.00000000
C9	c	0.65603425	0.55281099	0.02091911	0.48000000	8.48000000	0.01292100	0.00000000
C10	c	0.62023885	0.47547344	0.04996962	0.54000000	8.54000000	0.01872510	0.00000000
C11	c	0.58191514	0.13569580	0.07034194	0.60000000	8.60000000	0.02700866	0.00000000
C12	c	0.52903376	0.09479070	0.13840119	0.66000000	8.66000000	0.02907103	0.00000000
C13	c	0.60792525	0.07388220	0.12905687	0.72000000	8.72000000	0.01652509	0.00000000
C14	c	0.52590627	0.12821561	0.11657172	0.78000000	8.78000000	0.02225135	0.00000000
C15	c	0.55047450	0.20106222	0.01955832	0.84000000	8.84000000	0.02979922	0.00000000
C16	c	0.47757882	0.09202886	0.06130491	0.90000000	8.90000000	0.02702103	0.00000000
C17	c	0.54335433	0.08560899	0.05185799	0.96000000	8.96000000	0.02479989	0.00000000
C18	c	0.39614332	0.30160199	0.04758011	1.02000000	9.02000000	0.01026089	0.00000000
C19	c	0.47458300	0.26201149	0.07548771	1.08000000	9.08000000	0.02239525	0.00000000
C20	c	0.36004470	0.29085859	0.11174360	1.14000000	9.14000000	0.02844029	0.00000000
C21	c	0.44365861	0.24341912	0.15219048	1.20000000	9.20000000	0.02517980	0.00000000
C22	c	0.83951766	0.69903091	0.11616924	1.26000000	9.26000000	0.02940636	0.00000000
C23	c	0.88079136	0.66306797	0.03100600	1.32000000	9.32000000	0.02386023	0.00000000
C24	c	0.86857225	0.68188083	0.01452179	1.38000000	9.38000000	0.02344551	0.00000000
C25	c	0.87524566	0.70917439	0.11421767	1.44000000	9.44000000	0.02368201	0.00000000
C26	c	0.59790717	0.78817986	0.07252310	1.50000000	9.50000000	0.02473651	0.00000000
C27	c	0.38137137	0.78457769	0.12620689	1.56000000	9.56000000	0.01321093	0.00000000
C28	c	0.72895506	0.81726654	0.04102108	1.62000000	9.62000000	0.02565557	0.00000000
C29	c	0.10414808	0.98072042	0.01592067	1.68000000	9.68000000	0.02060673	0.00000000
C30	c	0.02127958	0.80349550	0.01328576	1.74000000	9.74000000	0.02470706	0.00000000
C31	c	0.28036084	0.95847835	0.12022172	1.80000000	9.80000000	0.01788384	0.00000000
C32	c	0.14843515	0.03802337	0.15439726	1.86000000	9.86000000	0.01596898	0.00000000
C33	c	0.47312956	0.92229998	0.08132897	1.92000000	9.92000000	0.01254486	0.00000000
C34	c	0.88633414	0.21239257	0.15375027	1.98000000	9.98000000	0.02213899	0.00000000
C35	c	0.09599414	0.07026033	0.14375969	2.00000000	10.00000000	0.02156370	0.00000000
C36	c	0.51796616	0.86905866	0.15962163	2.00000000	10.00000000	0.01740600	0.00000000
C37	c	0.97360775	0.59196865	0.03153593	2.00000000	10.00000000	0.02766853	0.00000000
C38	c	0.46740129	0.05275822	0.18898015	2.00000000	10.00000000	0.01815162	0.00000000
C39	c	0.68169614	0.77399235	0.01665163	2.00000000	10.00000000	0.02636083	0.00000000
C40	c	0.14605015	0.43625480	0.15714816	2.00000000	10.00000000	0.02870823	0.00000000
C41	c	0.85043304	0.95355173	0.06318612	2.00000000	10.00000000	0.02505664	0.00000000
C42	c	0.32625445	0.61256771	0.18498517	2.00000000	10.00000000	0.01475130	0.00000000
C43	c	0.98996106	0.85105139	0.03949049	2.00000000	10.00000000	0.02321564	0.00000000
C44	c	0.73999457	0.01304463	0.01965904	2.00000000	10.00000000	0.01246844	0.00000000
C45	c	0.61976236	0.92201457	0.09780998	2.00000000	10.00000000	0.01447707	0.00000000
C46	c	0.75899009	0.97031790	0.17848705	2.00000000	10.00000000	0.02080293	0.00000000
C47	c	0.69301153	0.67227539	0.17202710	2.00000000	10.00000000	0.02444950	0.00000000
C48	c	0.16054651	0.78277855	0.05097810	2.00000000	10.00000000	0.01518871	0.00000000
C49	c	0.53033656	0.73535313	0.03007138	2.00000000	10.00000000	0.02774946	0.00000000
C50	c	0.12724284	0.60694942	0.02544924	2.00000000	10.00000000	0.01707883	0.00000000

Q Vehicle fuel tank capacity /0.40000000/
C Vehicle load capacity /1.50000000/
r fuel consumption rate /0.25000000/
g inverse refueling rate /1.00000000/
v average Velocity /1.00000000/
