StringID	Type	x	y	demand	ReadyTime	DueDate	ServiceTime	altitude
D0	d	0.50000000	0.50000000	0.00000000	0.00000000	10.00000000	0.00000000	0.00000000
S0	f	0.81285955	0.15538759	0.00000000	0.00000000	10.00000000	0.00000000	0.00000000
S1	f	0.06371786	0.54785595	0.00000000	0.00000000	10.00000000	0.00000000	0.00000000
S2	f	0.93217766	0.43371963	0.00000000	0.00000000	10.00000000	0.00000000	0.00000000
S3	f	0.15261868	0.95653881	0.00000000	0.00000000	10.00000000	0.00000000	0.00000000
S4	f	0.98641602	0.75566232	0.00000000	0.00000000	10.00000000	0.00000000	0.00000000
S5	f	0.95490352	0.47923598	0.00000000	0.00000000	10.00000000	0.00000000	0.00000000
S6	f	0.33397526	0.48068777	0.00000000	0.00000000	10.00000000	0.00000000	0.00000000
S7	f	0.50367230	0.17841788	0.00000000	0.00000000	10.00000000	0.00000000	0.00000000
S8	f	0.54835974	0.07368486	0.00000000	0.00000000	10.00000000	0.00000000	0.00000000
S9	f	0.14316511	0.60033547	0.00000000	0.00000000	10.00000000	0.00000000	0.00000000
C1	c	0.77551550	0.57457584	0.02652299	0.00000000	8.00000000	0.01949127	0.00000000
C2	c	0.19989699	0.59817780	0.01698578	0.06000000	8.06000000	0.02295088	0.00000000
C3	c	0.02465826	0.11991763	0.03689589	0.12000000	8.12000000	0.02825108	0.00000000
C4	c	0.42166659	0.23860676	0.14818160	0.18000000	8.18000000	0.01013613	0.00000000
C5	c	0.05352024	0.06451218	0.17268298	0.24000000	8.24000000	0.02139651	0.00000000
C6	c	0.47350723	0.74710631	0.12511427	0.30000000	8.30000000	0.02550593	0.00000000
C7	c	0.50436107	0.01242371	0.02820999	0.36000000	8.36000000	0.01160933	0.00000000
C8	c	0.87135753	0.53768435	0.02970872	0.42000000	8.42000000	0.02857239	0.00000000
C9	c	0.11593411	0.72198142	0.01636538	0.48000000	8.48000000	0.01281707	0.00000000
C10	c	0.27566919	0.74144548	0.09849242	0.54000000	8.54000000	0.01067271	0.00000000
C11	c	0.78050835	0.88331609	0.03640852	0.60000000	8.60000000	0.01916591	0.00000000
C12	c	0.90395405	0.69893037	0.05043535	0.66000000	8.66000000	0.02351779	0.00000000
C13	c	0.39724874	0.43711954	0.16126109	0.72000000	8.72000000	0.02157978	0.00000000
C14	c	0.37622853	0.96885853	0.16250443	0.78000000	8.78000000	0.01055933	0.00000000
C15	c	0.74848128	0.14180150	0.06551067	0.84000000	8.84000000	0.01422532	0.00000000
C16	c	0.97991249	0.09600907	0.10201864	0.90000000	8.90000000	0.02373414	0.00000000
C17	c	0.90490398	0.06852863	0.02923466	0.96000000	8.96000000	0.02804635	0.00000000
C18	c	0.83016602	0.52213976	0.16941403	1.02000000	9.02000000	0.02666786	0.00000000
C19	c	0.00062475	0.32413227	0.04545105	1.08000000	9.08000000	0.02371971	0.00000000
C20	c	0.81285955	0.15538759	0.03133783	1.14000000	9.14000000	0.01287634	0.00000000
C21	c	0.03847435	0.47555522	0.17647032	1.20000000	9.20000000	0.02463368	0.00000000
C22	c	0.38201956	0.73053515	0.12114957	1.26000000	9.26000000	0.02930444	0.00000000
C23	c	0.69425113	0.60291620	0.10041990	1.32000000	9.32000000	0.02772034	0.00000000
C24	c	0.58649671	0.35279049	0.04637877	1.38000000	9.38000000	0.02543409	0.00000000
C25	c	0.16682301	0.90513618	0.11855540	1.44000000	9.44000000	0.02415457	0.00000000
C26	c	0.00668053	0.68358603	0.03729454	1.50000000	9.50000000	0.01359503	0.00000000
C27	c	0.20885437	0.65351358	0.14819061	1.56000000	9.56000000	0.01201950	0.00000000
C28	c	0.11206581	0.98165371	0.14183598	1.62000000	9.62000000	0.02028174	0.00000000
C29	c	0.89609463	0.76660286	0.11242382	1.68000000	9.68000000	0.02906042	0.00000000
C30	c	0.59432439	0.70818552	0.13575728	1.74000000	9.74000000	0.02392201	0.00000000
C31	c	0.63030193	0.11057950	0.14693106	1.80000000	9.80000000	0.02992961	0.00000000
C32	c	0.27611423	0.65814895	0.09053277	1.86000000	9.86000000	0.01602966	0.00000000
C33	c	0.83747369	0.25995842	0.04065684	1.92000000	9.92000000	0.02222532	0.00000000
C34	c	0.67366753	0.94972367	0.12917775	1.98000000	9.98000000	0.02272530	0.00000000
C35	c	0.86828982	0.58454393	0.17125418	2.00000000	10.00000000	0.02150717	0.00000000
C36	c	0.09970820	0.31209356	0.02445513	2.00000000	10.00000000	0.01960330	0.00000000
C37	c	0.51967844	0.79702667	0.06893356	2.00000000	10.00000000	0.01515988	0.00000000
C38	c	0.18007284	0.69104114	0.08078721	2.00000000	10.00000000	0.01120733	0.00000000
C39	c	0.06371786	0.54785595	0.13870386	2.00000000	10.00000000	0.01986346	0.00000000
C40	c	0.99371905	0.37399629	0.01979118	2.00000000	10.00000000	0.02315365	0.00000000
C41	c	0.41842101	0.32492271	0.07725067	2.00000000	10.00000000	0.02550152	0.00000000
C42	c	0.99719704	0.20256497	0.16787913	2.00000000	10.00000000	0.01175863	0.00000000
C43	c	0.33532099	0.78765157	0.05693637	2.00000000	10.00000000	0.02184055	0.00000000
C44	c	0.79461513	0.00122026	0.14610730	2.00000000	10.00000000	0.02682824	0.00000000
C45	c	0.10958807	0.09658568	0.04418813	2.00000000	10.00000000	0.01042497	0.00000000
C46	c	0.59483098	0.15933922	0.16699072	2.00000000	10.00000000	0.02970274	0.00000000
C47	c	0.72472449	0.65209361	0.04078503	2.00000000	10.00000000	0.02775684	0.00000000
C48	c	0.42939469	0.11405976	0.07949675	2.00000000	10.00000000	0.01911587	0.00000000
C49	c	0.87925986	0.31768798	0.06333386	2.00000000	10.00000000	0.02790415	0.00000000
C50	c	0.98662626	0.01518952	0.05459605	2.00000000	10.00000000	0.02625626	0.00000000

Q Vehicle fuel tank capacity /0.40000000/
C Vehicle load capacity /1.50000000/
r fuel consumption rate /0.25000000/
g inverse refueling rate /1.00000000/
v average Velocity /1.00000000/
