StringID	Type	x	y	demand	ReadyTime	DueDate	ServiceTime	altitude
D0	d	0.50000000	0.50000000	0.00000000	0.00000000	10.00000000	0.00000000	0.00000000
S0	f	0.71412939	0.87890579	0.00000000	0.00000000	10.00000000	0.00000000	0.00000000
S1	f	0.08027172	0.61405729	0.00000000	0.00000000	10.00000000	0.00000000	0.00000000
S2	f	0.74728919	0.84112549	0.00000000	0.00000000	10.00000000	0.00000000	0.00000000
S3	f	0.59941201	0.31477619	0.00000000	0.00000000	10.00000000	0.00000000	0.00000000
S4	f	0.94972646	0.37893783	0.00000000	0.00000000	10.00000000	0.00000000	0.00000000
S5	f	0.83389784	0.77944380	0.00000000	0.00000000	10.00000000	0.00000000	0.00000000
S6	f	0.37425994	0.56835729	0.00000000	0.00000000	10.00000000	0.00000000	0.00000000
S7	f	0.27203827	0.27824609	0.00000000	0.00000000	10.00000000	0.00000000	0.00000000
S8	f	0.29762460	0.40884907	0.00000000	0.00000000	10.00000000	0.00000000	0.00000000
S9	f	0.85119924	0.81684662	0.00000000	0.00000000	10.00000000	0.00000000	0.00000000
C1	c	0.16410859	0.79539966	0.02355289	0.00000000	8.00000000	0.02492559	0.00000000
C2	c	0.33057184	0.35208394	0.09665668	0.06000000	8.06000000	0.01070395	0.00000000
C3	c	0.70851368	0.40171491	0.02682340	0.12000000	8.12000000	0.01078713	0.00000000
C4	c	0.81307874	0.31059171	0.06705379	0.18000000	8.18000000	0.01409044	0.00000000
C5	c	0.36293306	0.14657824	0.13675547	0.24000000	8.24000000	0.01007053	0.00000000
C6	c	0.36928400	0.52062254	0.08125749	0.30000000	8.30000000	0.02688328	0.00000000
C7	c	0.89923920	0.51905766	0.07248078	0.36000000	8.36000000	0.01390029	0.00000000
C8	c	0.63865948	0.32547185	0.14159934	0.42000000	8.42000000	0.01615417	0.00000000
C9	c	0.90684515	0.57592121	0.12068151	0.48000000	8.48000000	0.02462685	0.00000000
C10	c	0.51991963	0.89266529	0.10865797	0.54000000	8.54000000	0.01461436	0.00000000
C11	c	0.68109716	0.69203729	0.09767446	0.60000000	8.60000000	0.01239452	0.00000000
C12	c	0.13452001	0.67344473	0.13647303	0.66000000	8.66000000	0.01543341	0.00000000
C13	c	0.35399244	0.21140928	0.08668392	0.72000000	8.72000000	0.01877496	0.00000000
C14	c	0.76877535	0.65996648	0.01140408	0.78000000	8.78000000	0.02801305	0.00000000
C15	c	0.30056006	0.15179306	0.06469452	0.84000000	8.84000000	0.02332814	0.00000000
C16	c	0.86468609	0.17880209	0.10880827	0.90000000	8.90000000	0.01429606	0.00000000
C17	c	0.32528387	0.98666159	0.10526301	0.96000000	8.96000000	0.02979317	0.00000000
C18	c	0.71412939	0.87890579	0.04352335	1.02000000	9.02000000	0.02831731	0.00000000
C19	c	0.21454732	0.65901734	0.12922032	1.08000000	9.08000000	0.01809160	0.00000000
C20	c	0.20016778	0.90618488	0.09130305	1.14000000	9.14000000	0.01909130	0.00000000
C21	c	0.06347837	0.18711090	0.13008797	1.20000000	9.20000000	0.01812182	0.00000000
C22	c	0.35655539	0.38624892	0.11899492	1.26000000	9.26000000	0.02430410	0.00000000
C23	c	0.19155355	0.56165801	0.05345807	1.32000000	9.32000000	0.01670708	0.00000000
C24	c	0.49049501	0.01185187	0.05971621	1.38000000	9.38000000	0.01408795	0.00000000
C25	c	0.67528075	0.64261073	0.10303944	1.44000000	9.44000000	0.01128715	0.00000000
C26	c	0.42130964	0.18250000	0.11878208	1.50000000	9.50000000	0.01305091	0.00000000
C27	c	0.13838689	0.04618956	0.11284576	1.56000000	9.56000000	0.02708981	0.00000000
C28	c	0.46855609	0.24981847	0.13316440	1.62000000	9.62000000	0.02791916	0.00000000
C29	c	0.53882417	0.20147409	0.10033223	1.68000000	9.68000000	0.01071009	0.00000000
C30	c	0.34418640	0.78606681	0.13250895	1.74000000	9.74000000	0.01014851	0.00000000
C31	c	0.85453675	0.31251929	0.15235289	1.80000000	9.80000000	0.02981038	0.00000000
C32	c	0.66962808	0.92449139	0.08956993	1.86000000	9.86000000	0.02850353	0.00000000
C33	c	0.31245408	0.68048886	0.10388709	1.92000000	9.92000000	0.02742738	0.00000000
C34	c	0.92622916	0.30217367	0.06566677	1.98000000	9.98000000	0.01620207	0.00000000
C35	c	0.08027172	0.61405729	0.12425192	2.00000000	10.00000000	0.01118026	0.00000000
C36	c	0.42069966	0.70468416	0.06934799	2.00000000	10.00000000	0.02332932	0.00000000
C37	c	0.21320077	0.40771715	0.05140815	2.00000000	10.00000000	0.02877651	0.00000000
C38	c	0.95980006	0.91751836	0.04226041	2.00000000	10.00000000	0.02101761	0.00000000
C39	c	0.93293276	0.65665540	0.09283846	2.00000000	10.00000000	0.01073985	0.00000000
C40	c	0.28136172	0.47237683	0.11026168	2.00000000	10.00000000	0.02829623	0.00000000
C41	c	0.74412178	0.75780371	0.12914338	2.00000000	10.00000000	0.01462609	0.00000000
C42	c	0.71893230	0.10953946	0.05565963	2.00000000	10.00000000	0.02771922	0.00000000
C43	c	0.64716542	0.02662024	0.13536547	2.00000000	10.00000000	0.01436063	0.00000000
C44	c	0.61227249	0.96241533	0.07127441	2.00000000	10.00000000	0.01675860	0.00000000
C45	c	0.71629269	0.93661841	0.12656761	2.00000000	10.00000000	0.02331506	0.00000000
C46	c	0.43573663	0.93665698	0.05492661	2.00000000	10.00000000	0.01920151	0.00000000
C47	c	0.98101677	0.50902169	0.08152586	2.00000000	10.00000000	0.02874473	0.00000000
C48	c	0.77842946	0.00423581	0.03825459	2.00000000	10.00000000	0.01544040	0.00000000
C49	c	0.76622424	0.95036208	0.04819350	2.00000000	10.00000000	0.01251848	0.00000000
C50	c	0.13504298	0.55770905	0.04374630	2.00000000	10.00000000	0.02550176	0.00000000

Q Vehicle fuel tank capacity /0.40000000/
C Vehicle load capacity /1.50000000/
r fuel consumption rate /0.25000000/
g inverse refueling rate /1.00000000/
v average Velocity /1.00000000/
