StringID	Type	x	y	demand	ReadyTime	DueDate	ServiceTime	altitude
D0	d	0.50000000	0.50000000	0.00000000	0.00000000	10.00000000	0.00000000	0.00000000
S0	f	0.33580934	0.19574167	0.00000000	0.00000000	10.00000000	0.00000000	0.00000000
S1	f	0.15681975	0.23233587	0.00000000	0.00000000	10.00000000	0.00000000	0.00000000
S2	f	0.27380109	0.99273716	0.00000000	0.00000000	10.00000000	0.00000000	0.00000000
S3	f	0.08635865	0.41609818	0.00000000	0.00000000	10.00000000	0.00000000	0.00000000
S4	f	0.67711592	0.50201591	0.00000000	0.00000000	10.00000000	0.00000000	0.00000000
S5	f	0.26619802	0.14759131	0.00000000	0.00000000	10.00000000	0.00000000	0.00000000
C1	c	0.44897069	0.89612811	0.24538158	0.00000000	8.00000000	0.02688306	0.00000000
C2	c	0.92217736	0.26612574	0.11604495	0.10000000	8.10000000	0.02457820	0.00000000
C3	c	0.16009346	0.91649549	0.03235823	0.20000000	8.20000000	0.01213283	0.00000000
C4	c	0.22526674	0.74732575	0.16583810	0.30000000	8.30000000	0.02133348	0.00000000
C5	c	0.46775390	0.70435386	0.24857415	0.40000000	8.40000000	0.01999692	0.00000000
C6	c	0.86797313	0.88765042	0.14517678	0.50000000	8.50000000	0.02150837	0.00000000
C7	c	0.18636661	0.96832717	0.15110624	0.60000000	8.60000000	0.02989226	0.00000000
C8	c	0.30840604	0.17396640	0.13029860	0.70000000	8.70000000	0.01788443	0.00000000
C9	c	0.95167381	0.93409015	0.03238422	0.80000000	8.80000000	0.01319351	0.00000000
C10	c	0.93396832	0.76940377	0.18813166	0.90000000	8.90000000	0.01915512	0.00000000
C11	c	0.96038401	0.70075129	0.24449264	1.00000000	9.00000000	0.01047226	0.00000000
C12	c	0.75871468	0.07088839	0.17809087	1.10000000	9.10000000	0.02340218	0.00000000
C13	c	0.75616398	0.44982492	0.22720828	1.20000000	9.20000000	0.01528524	0.00000000
C14	c	0.78083345	0.73984042	0.13326237	1.30000000	9.30000000	0.02513728	0.00000000
C15	c	0.20986774	0.39328557	0.08525345	1.40000000	9.40000000	0.01349671	0.00000000
C16	c	0.62206583	0.32407706	0.23388532	1.50000000	9.50000000	0.02697971	0.00000000
C17	c	0.24486401	0.65549267	0.19713377	1.60000000	9.60000000	0.01950114	0.00000000
C18	c	0.11740438	0.54499899	0.18742430	1.70000000	9.70000000	0.01215894	0.00000000
C19	c	0.73423603	0.48797237	0.16631658	1.80000000	9.80000000	0.02242825	0.00000000
C20	c	0.33961385	0.97025073	0.02237891	1.90000000	9.90000000	0.01101558	0.00000000
C21	c	0.90691231	0.43540151	0.02288694	2.00000000	10.00000000	0.02637663	0.00000000
C22	c	0.56314630	0.13179229	0.25163947	2.00000000	10.00000000	0.01727409	0.00000000
C23	c	0.76063024	0.70237358	0.13969764	2.00000000	10.00000000	0.01618982	0.00000000
C24	c	0.97652634	0.51574228	0.03813114	2.00000000	10.00000000	0.02322845	0.00000000
C25	c	0.38696837	0.54109644	0.16916693	2.00000000	10.00000000	0.02211594	0.00000000
C26	c	0.46013990	0.96078286	0.22830252	2.00000000	10.00000000	0.01064347	0.00000000
C27	c	0.30336118	0.08714659	0.09703258	2.00000000	10.00000000	0.02339718	0.00000000
C28	c	0.25413249	0.87941649	0.07455641	2.00000000	10.00000000	0.01302427	0.00000000
C29	c	0.98217282	0.39176022	0.12165474	2.00000000	10.00000000	0.01655695	0.00000000
C30	c	0.07148404	0.22526828	0.22619064	2.00000000	10.00000000	0.01629865	0.00000000

Q Vehicle fuel tank capacity /0.40000000/
C Vehicle load capacity /1.50000000/
r fuel consumption rate /0.25000000/
g inverse refueling rate /1.00000000/
v average Velocity /1.00000000/
