StringID	Type	x	y	demand	ReadyTime	DueDate	ServiceTime	altitude
D0	d	0.50000000	0.50000000	0.00000000	0.00000000	10.00000000	0.00000000	0.00000000
S0	f	0.91736063	0.20401466	0.00000000	0.00000000	10.00000000	0.00000000	0.00000000
S1	f	0.69926181	0.08567818	0.00000000	0.00000000	10.00000000	0.00000000	0.00000000
S2	f	0.38540746	0.18339023	0.00000000	0.00000000	10.00000000	0.00000000	0.00000000
S3	f	0.77038455	0.38817137	0.00000000	0.00000000	10.00000000	0.00000000	0.00000000
S4	f	0.26530149	0.75704009	0.00000000	0.00000000	10.00000000	0.00000000	0.00000000
S5	f	0.80363258	0.36537455	0.00000000	0.00000000	10.00000000	0.00000000	0.00000000
S6	f	0.80452521	0.63795116	0.00000000	0.00000000	10.00000000	0.00000000	0.00000000
S7	f	0.20013895	0.79785672	0.00000000	0.00000000	10.00000000	0.00000000	0.00000000
S8	f	0.76589908	0.34606221	0.00000000	0.00000000	10.00000000	0.00000000	0.00000000
S9	f	0.51869385	0.97580165	0.00000000	0.00000000	10.00000000	0.00000000	0.00000000
C1	c	0.95863658	0.05151272	0.07960426	0.00000000	8.00000000	0.01696634	0.00000000
C2	c	0.39177934	0.91116620	0.13568457	0.06000000	8.06000000	0.02353768	0.00000000
C3	c	0.51766275	0.33059856	0.12452032	0.12000000	8.12000000	0.02878592	0.00000000
C4	c	0.17722391	0.14159645	0.11906145	0.18000000	8.18000000	0.02489127	0.00000000
C5	c	0.19762418	0.64165653	0.12715979	0.24000000	8.24000000	0.02522882	0.00000000
C6	c	0.45575827	0.32707249	0.15026236	0.30000000	8.30000000	0.01973065	0.00000000
C7	c	0.85755670	0.08335054	0.01795844	0.36000000	8.36000000	0.01712921	0.00000000
C8	c	0.78866700	0.98476033	0.08807899	0.42000000	8.42000000	0.01381716	0.00000000
C9	c	0.37923444	0.99790093	0.14463892	0.48000000	8.48000000	0.01483480	0.00000000
C10	c	0.47968457	0.96084532	0.10157351	0.54000000	8.54000000	0.01812141	0.00000000
C11	c	0.93784556	0.27666390	0.10914820	0.60000000	8.60000000	0.01006832	0.00000000
C12	c	0.05698785	0.11812391	0.14405223	0.66000000	8.66000000	0.02302437	0.00000000
C13	c	0.81991707	0.15337100	0.06298277	0.72000000	8.72000000	0.01008739	0.00000000
C14	c	0.24734833	0.11565618	0.06489693	0.78000000	8.78000000	0.02625276	0.00000000
C15	c	0.87470504	0.65136640	0.12782199	0.84000000	8.84000000	0.02662553	0.00000000
C16	c	0.99818128	0.94892461	0.10639056	0.90000000	8.90000000	0.01430881	0.00000000
C17	c	0.73670508	0.42628574	0.14185481	0.96000000	8.96000000	0.02163696	0.00000000
C18	c	0.41770686	0.66497623	0.08877166	1.02000000	9.02000000	0.02929211	0.00000000
C19	c	0.12355863	0.98629018	0.10249770	1.08000000	9.08000000	0.02297585	0.00000000
C20	c	0.92714627	0.80617575	0.03791928	1.14000000	9.14000000	0.01445644	0.00000000
C21	c	0.04169133	0.63329251	0.09516959	1.20000000	9.20000000	0.02875742	0.00000000
C22	c	0.36562090	0.36703463	0.12678461	1.26000000	9.26000000	0.02022946	0.00000000
C23	c	0.91736063	0.20401466	0.06082074	1.32000000	9.32000000	0.01513106	0.00000000
C24	c	0.13619629	0.75215225	0.05287181	1.38000000	9.38000000	0.02749875	0.00000000
C25	c	0.99302261	0.99273311	0.02774838	1.44000000	9.44000000	0.02341469	0.00000000
C26	c	0.00835835	0.79492710	0.15149700	1.50000000	9.50000000	0.02957995	0.00000000
C27	c	0.43135137	0.74161925	0.04968576	1.56000000	9.56000000	0.02025973	0.00000000
C28	c	0.24656911	0.31344602	0.10746435	1.62000000	9.62000000	0.02866520	0.00000000
C29	c	0.21136934	0.16865511	0.10767701	1.68000000	9.68000000	0.02008695	0.00000000
C30	c	0.46994154	0.36618977	0.09439897	1.74000000	9.74000000	0.01941084	0.00000000
C31	c	0.77460496	0.93750560	0.12840110	1.80000000	9.80000000	0.01666912	0.00000000
C32	c	0.01869245	0.73703478	0.06107265	1.86000000	9.86000000	0.02866968	0.00000000
C33	c	0.90319287	0.31799059	0.12126702	1.92000000	9.92000000	0.02333866	0.00000000
C34	c	0.62018589	0.40617715	0.05533410	1.98000000	9.98000000	0.01906796	0.00000000
C35	c	0.59545919	0.26763262	0.12024054	2.00000000	10.00000000	0.01066571	0.00000000
C36	c	0.14206508	0.41439874	0.01013564	2.00000000	10.00000000	0.01923073	0.00000000
C37	c	0.12279587	0.26133181	0.01029770	2.00000000	10.00000000	0.01626120	0.00000000
C38	c	0.83038846	0.97988832	0.07446307	2.00000000	10.00000000	0.02280844	0.00000000
C39	c	0.42309722	0.83759445	0.12963372	2.00000000	10.00000000	0.02414588	0.00000000
C40	c	0.69926181	0.08567818	0.03852523	2.00000000	10.00000000	0.01079835	0.00000000
C41	c	0.77781421	0.21900375	0.12838377	2.00000000	10.00000000	0.01053427	0.00000000
C42	c	0.27490947	0.50352546	0.07236224	2.00000000	10.00000000	0.01297541	0.00000000
C43	c	0.69098818	0.72914095	0.01905477	2.00000000	10.00000000	0.01523513	0.00000000
C44	c	0.64561367	0.80099474	0.12469842	2.00000000	10.00000000	0.01496765	0.00000000
C45	c	0.07154781	0.96899013	0.04706581	2.00000000	10.00000000	0.01548981	0.00000000
C46	c	0.25202168	0.69530360	0.14824718	2.00000000	10.00000000	0.01614045	0.00000000
C47	c	0.04382824	0.02007302	0.02593359	2.00000000	10.00000000	0.02953588	0.00000000
C48	c	0.46470301	0.64454430	0.11092775	2.00000000	10.00000000	0.01621157	0.00000000
C49	c	0.67178109	0.21411580	0.09206771	2.00000000	10.00000000	0.02284297	0.00000000
C50	c	0.84604359	0.45498314	0.03289104	2.00000000	10.00000000	0.01804516	0.00000000

Q Vehicle fuel tank capacity /0.40000000/
C Vehicle load capacity /1.50000000/
r fuel consumption rate /0.25000000/
g inverse refueling rate /1.00000000/
v average Velocity /1.00000000/
