StringID	Type	x	y	demand	ReadyTime	DueDate	ServiceTime	altitude
D0	d	0.50000000	0.50000000	0.00000000	0.00000000	10.00000000	0.00000000	0.00000000
S0	f	0.93704853	0.95953195	0.00000000	0.00000000	10.00000000	0.00000000	0.00000000
S1	f	0.69500044	0.52705557	0.00000000	0.00000000	10.00000000	0.00000000	0.00000000
S2	f	0.21053728	0.84865229	0.00000000	0.00000000	10.00000000	0.00000000	0.00000000
S3	f	0.12503650	0.49082080	0.00000000	0.00000000	10.00000000	0.00000000	0.00000000
S4	f	0.76727499	0.43284491	0.00000000	0.00000000	10.00000000	0.00000000	0.00000000
S5	f	0.49986031	0.04279813	0.00000000	0.00000000	10.00000000	0.00000000	0.00000000
S6	f	0.04500113	0.67382885	0.00000000	0.00000000	10.00000000	0.00000000	0.00000000
S7	f	0.93026604	0.02162343	0.00000000	0.00000000	10.00000000	0.00000000	0.00000000
S8	f	0.24000520	0.79137274	0.00000000	0.00000000	10.00000000	0.00000000	0.00000000
S9	f	0.90141056	0.82939508	0.00000000	0.00000000	10.00000000	0.00000000	0.00000000
C1	c	0.45155127	0.43972157	0.14625635	0.00000000	8.00000000	0.02446227	0.00000000
C2	c	0.54787855	0.66054082	0.17343759	0.06000000	8.06000000	0.01112993	0.00000000
C3	c	0.55405000	0.24477080	0.11622641	0.12000000	8.12000000	0.01618501	0.00000000
C4	c	0.88556723	0.99294055	0.07110130	0.18000000	8.18000000	0.02063145	0.00000000
C5	c	0.00274331	0.38690720	0.13152707	0.24000000	8.24000000	0.02045041	0.00000000
C6	c	0.39985364	0.43717900	0.17064029	0.30000000	8.30000000	0.02891570	0.00000000
C7	c	0.17860444	0.79784074	0.02205110	0.36000000	8.36000000	0.01826447	0.00000000
C8	c	0.93732499	0.67858628	0.07045766	0.42000000	8.42000000	0.02258655	0.00000000
C9	c	0.96815802	0.51800271	0.03401156	0.48000000	8.48000000	0.02926482	0.00000000
C10	c	0.10783215	0.43595166	0.12148776	0.54000000	8.54000000	0.01694358	0.00000000
C11	c	0.86688283	0.87714852	0.14090224	0.60000000	8.60000000	0.01909079	0.00000000
C12	c	0.82860495	0.67213992	0.12434683	0.66000000	8.66000000	0.02909584	0.00000000
C13	c	0.44008995	0.14574517	0.17214594	0.72000000	8.72000000	0.02413246	0.00000000
C14	c	0.31579706	0.15797533	0.06593604	0.78000000	8.78000000	0.02791916	0.00000000
C15	c	0.37028015	0.85698001	0.04701474	0.84000000	8.84000000	0.01132240	0.00000000
C16	c	0.22369727	0.95917957	0.04294090	0.90000000	8.90000000	0.02531489	0.00000000
C17	c	0.67455770	0.32519656	0.03449821	0.96000000	8.96000000	0.02114003	0.00000000
C18	c	0.39365846	0.24256544	0.04239583	1.02000000	9.02000000	0.01742882	0.00000000
C19	c	0.99579879	0.35254997	0.03704016	1.08000000	9.08000000	0.01098726	0.00000000
C20	c	0.93704853	0.95953195	0.07458543	1.14000000	9.14000000	0.01047744	0.00000000
C21	c	0.03237493	0.28074758	0.01519607	1.20000000	9.20000000	0.01796110	0.00000000
C22	c	0.43579874	0.90228367	0.03501302	1.26000000	9.26000000	0.01409554	0.00000000
C23	c	0.51769308	0.42213197	0.12993060	1.32000000	9.32000000	0.01943867	0.00000000
C24	c	0.03210094	0.01772047	0.15231942	1.38000000	9.38000000	0.02182921	0.00000000
C25	c	0.34686535	0.12481097	0.16188718	1.44000000	9.44000000	0.01527622	0.00000000
C26	c	0.82795527	0.47924664	0.04738458	1.50000000	9.50000000	0.01121723	0.00000000
C27	c	0.81735062	0.94308440	0.06979535	1.56000000	9.56000000	0.02586256	0.00000000
C28	c	0.73984307	0.49472647	0.01980949	1.62000000	9.62000000	0.01683898	0.00000000
C29	c	0.24457603	0.00714279	0.03100780	1.68000000	9.68000000	0.01146785	0.00000000
C30	c	0.99507867	0.57246718	0.10815222	1.74000000	9.74000000	0.02616653	0.00000000
C31	c	0.53498070	0.60405747	0.04217377	1.80000000	9.80000000	0.01468847	0.00000000
C32	c	0.00091489	0.96113709	0.03541793	1.86000000	9.86000000	0.01872830	0.00000000
C33	c	0.91723878	0.46079900	0.10244812	1.92000000	9.92000000	0.01544957	0.00000000
C34	c	0.63538895	0.65718686	0.01976997	1.98000000	9.98000000	0.02642582	0.00000000
C35	c	0.69500044	0.52705557	0.12239948	2.00000000	10.00000000	0.02698053	0.00000000
C36	c	0.43922731	0.21661064	0.05518725	2.00000000	10.00000000	0.02549917	0.00000000
C37	c	0.31683276	0.76432644	0.12938052	2.00000000	10.00000000	0.01679229	0.00000000
C38	c	0.56868402	0.45370991	0.02811445	2.00000000	10.00000000	0.02233721	0.00000000
C39	c	0.56025113	0.06358693	0.09879734	2.00000000	10.00000000	0.02571683	0.00000000
C40	c	0.93119561	0.76076384	0.16534728	2.00000000	10.00000000	0.02171980	0.00000000
C41	c	0.73603091	0.22849192	0.13632878	2.00000000	10.00000000	0.02549868	0.00000000
C42	c	0.17826098	0.68406635	0.14823961	2.00000000	10.00000000	0.02546435	0.00000000
C43	c	0.74087440	0.63440327	0.01574146	2.00000000	10.00000000	0.01367703	0.00000000
C44	c	0.99425963	0.29109050	0.14832197	2.00000000	10.00000000	0.01354909	0.00000000
C45	c	0.04681049	0.94080715	0.15435807	2.00000000	10.00000000	0.02288103	0.00000000
C46	c	0.90898367	0.41350338	0.15622286	2.00000000	10.00000000	0.01019029	0.00000000
C47	c	0.19305139	0.56978390	0.01562568	2.00000000	10.00000000	0.01940233	0.00000000
C48	c	0.75910987	0.01958308	0.09482137	2.00000000	10.00000000	0.02476391	0.00000000
C49	c	0.53436390	0.76194968	0.06596549	2.00000000	10.00000000	0.01378397	0.00000000
C50	c	0.63757328	0.71245807	0.15583945	2.00000000	10.00000000	0.01538571	0.00000000

Q Vehicle fuel tank capacity /0.40000000/
C Vehicle load capacity /1.50000000/
r fuel consumption rate /0.25000000/
g inverse refueling rate /1.00000000/
v average Velocity /1.00000000/
