StringID	Type	x	y	demand	ReadyTime	DueDate	ServiceTime	altitude
D0	d	0.50000000	0.50000000	0.00000000	0.00000000	10.00000000	0.00000000	0.00000000
S0	f	0.39009485	0.49877404	0.00000000	0.00000000	10.00000000	0.00000000	0.00000000
S1	f	0.57916104	0.27881918	0.00000000	0.00000000	10.00000000	0.00000000	0.00000000
S2	f	0.78223690	0.63217599	0.00000000	0.00000000	10.00000000	0.00000000	0.00000000
S3	f	0.99357040	0.59618334	0.00000000	0.00000000	10.00000000	0.00000000	0.00000000
S4	f	0.99097483	0.75388542	0.00000000	0.00000000	10.00000000	0.00000000	0.00000000
S5	f	0.43851214	0.26676841	0.00000000	0.00000000	10.00000000	0.00000000	0.00000000
S6	f	0.03056747	0.84468663	0.00000000	0.00000000	10.00000000	0.00000000	0.00000000
S7	f	0.61953049	0.26707316	0.00000000	0.00000000	10.00000000	0.00000000	0.00000000
S8	f	0.35682713	0.93324264	0.00000000	0.00000000	10.00000000	0.00000000	0.00000000
S9	f	0.79251042	0.20422186	0.00000000	0.00000000	10.00000000	0.00000000	0.00000000
C1	c	0.63157432	0.59186201	0.12838481	0.00000000	8.00000000	0.01724775	0.00000000
C2	c	0.44823079	0.40325121	0.07275542	0.06000000	8.06000000	0.02942898	0.00000000
C3	c	0.15972615	0.19793764	0.03979663	0.12000000	8.12000000	0.01589900	0.00000000
C4	c	0.43005008	0.03331931	0.13246368	0.18000000	8.18000000	0.01560628	0.00000000
C5	c	0.91120384	0.86712697	0.08579025	0.24000000	8.24000000	0.02913417	0.00000000
C6	c	0.62186648	0.46113772	0.16739880	0.30000000	8.30000000	0.01008527	0.00000000
C7	c	0.86485696	0.79266486	0.17142701	0.36000000	8.36000000	0.01401954	0.00000000
C8	c	0.00442638	0.61496560	0.14166779	0.42000000	8.42000000	0.01611569	0.00000000
C9	c	0.42186895	0.73855472	0.04994562	0.48000000	8.48000000	0.01819298	0.00000000
C10	c	0.82934630	0.54874405	0.07831504	0.54000000	8.54000000	0.02491071	0.00000000
C11	c	0.08201564	0.43952397	0.09044124	0.60000000	8.60000000	0.02772046	0.00000000
C12	c	0.22099490	0.98053945	0.08133346	0.66000000	8.66000000	0.01336479	0.00000000
C13	c	0.02207893	0.27264128	0.12523146	0.72000000	8.72000000	0.01008498	0.00000000
C14	c	0.70112248	0.90451786	0.14972276	0.78000000	8.78000000	0.02755412	0.00000000
C15	c	0.74121976	0.07792394	0.06790350	0.84000000	8.84000000	0.01964235	0.00000000
C16	c	0.45904698	0.71259315	0.09437157	0.90000000	8.90000000	0.01288412	0.00000000
C17	c	0.00619379	0.53616931	0.08663822	0.96000000	8.96000000	0.02724867	0.00000000
C18	c	0.79826787	0.34900555	0.07705207	1.02000000	9.02000000	0.02263634	0.00000000
C19	c	0.09342878	0.49586605	0.04876917	1.08000000	9.08000000	0.02229484	0.00000000
C20	c	0.39009485	0.49877404	0.06540842	1.14000000	9.14000000	0.02528302	0.00000000
C21	c	0.48360028	0.04627797	0.12487522	1.20000000	9.20000000	0.01051118	0.00000000
C22	c	0.57094547	0.04392993	0.04869903	1.26000000	9.26000000	0.01097638	0.00000000
C23	c	0.30808150	0.50527571	0.04303587	1.32000000	9.32000000	0.01239737	0.00000000
C24	c	0.05089476	0.04871510	0.07649758	1.38000000	9.38000000	0.02015857	0.00000000
C25	c	0.50464307	0.37515667	0.16622375	1.44000000	9.44000000	0.02382101	0.00000000
C26	c	0.33031664	0.68364750	0.02401056	1.50000000	9.50000000	0.02551568	0.00000000
C27	c	0.32709789	0.36372375	0.06391325	1.56000000	9.56000000	0.01684266	0.00000000
C28	c	0.34249910	0.81270841	0.03720065	1.62000000	9.62000000	0.02241997	0.00000000
C29	c	0.23794661	0.82601441	0.08726326	1.68000000	9.68000000	0.02104360	0.00000000
C30	c	0.12123469	0.70401639	0.16277870	1.74000000	9.74000000	0.02526538	0.00000000
C31	c	0.41133146	0.29997828	0.07402817	1.80000000	9.80000000	0.01498683	0.00000000
C32	c	0.86087287	0.25315096	0.01515312	1.86000000	9.86000000	0.01616133	0.00000000
C33	c	0.77084716	0.88482975	0.08830518	1.92000000	9.92000000	0.02428859	0.00000000
C34	c	0.21020853	0.08559867	0.04768544	1.98000000	9.98000000	0.01053433	0.00000000
C35	c	0.74863472	0.93913993	0.09338230	2.00000000	10.00000000	0.02963852	0.00000000
C36	c	0.68021123	0.46869215	0.02700236	2.00000000	10.00000000	0.02287702	0.00000000
C37	c	0.16166478	0.61663043	0.11457597	2.00000000	10.00000000	0.02818376	0.00000000
C38	c	0.28523610	0.44857282	0.06428915	2.00000000	10.00000000	0.02633781	0.00000000
C39	c	0.57916104	0.27881918	0.07651299	2.00000000	10.00000000	0.02174806	0.00000000
C40	c	0.14644340	0.51088271	0.10519226	2.00000000	10.00000000	0.02379574	0.00000000
C41	c	0.70782568	0.84313457	0.16850902	2.00000000	10.00000000	0.01573053	0.00000000
C42	c	0.27960831	0.83012702	0.09521063	2.00000000	10.00000000	0.02802559	0.00000000
C43	c	0.84116039	0.34034485	0.11518572	2.00000000	10.00000000	0.01021873	0.00000000
C44	c	0.16930896	0.77163374	0.16222043	2.00000000	10.00000000	0.01350172	0.00000000
C45	c	0.68707938	0.42133009	0.11908967	2.00000000	10.00000000	0.02371498	0.00000000
C46	c	0.48557991	0.80256652	0.01660261	2.00000000	10.00000000	0.01852060	0.00000000
C47	c	0.29511158	0.95223677	0.07364688	2.00000000	10.00000000	0.02062272	0.00000000
C48	c	0.78044392	0.69755891	0.07110236	2.00000000	10.00000000	0.02440529	0.00000000
C49	c	0.36174731	0.42958407	0.16055394	2.00000000	10.00000000	0.01254423	0.00000000
C50	c	0.59061052	0.08804579	0.02243703	2.00000000	10.00000000	0.02498923	0.00000000

Q Vehicle fuel tank capacity /0.40000000/
C Vehicle load capacity /1.50000000/
r fuel consumption rate /0.25000000/
g inverse refueling rate /1.00000000/
v average Velocity /1.00000000/
