StringID	Type	x	y	demand	ReadyTime	DueDate	ServiceTime	altitude
D0	d	0.50000000	0.50000000	0.00000000	0.00000000	10.00000000	0.00000000	0.00000000
S0	f	0.33504394	0.77172064	0.00000000	0.00000000	10.00000000	0.00000000	0.00000000
S1	f	0.56274172	0.05819646	0.00000000	0.00000000	10.00000000	0.00000000	0.00000000
S2	f	0.74731791	0.68305068	0.00000000	0.00000000	10.00000000	0.00000000	0.00000000
S3	f	0.21261588	0.34024867	0.00000000	0.00000000	10.00000000	0.00000000	0.00000000
S4	f	0.77598131	0.29398976	0.00000000	0.00000000	10.00000000	0.00000000	0.00000000
S5	f	0.27769504	0.24553308	0.00000000	0.00000000	10.00000000	0.00000000	0.00000000
C1	c	0.02410228	1.00000000	0.26861858	0.00000000	8.00000000	0.02419231	0.00000000
C2	c	0.05387555	1.00000000	0.06667137	0.10000000	8.10000000	0.02269913	0.00000000
C3	c	0.01923175	0.91279270	0.23186344	0.20000000	8.20000000	0.02926931	0.00000000
C4	c	0.10440619	0.95920122	0.24377001	0.30000000	8.30000000	0.01727797	0.00000000
C5	c	0.06619317	1.00000000	0.17474569	0.40000000	8.40000000	0.01638058	0.00000000
C6	c	0.28065944	0.81544237	0.10614068	0.50000000	8.50000000	0.01776681	0.00000000
C7	c	0.31973858	0.83172567	0.07035434	0.60000000	8.60000000	0.01733942	0.00000000
C8	c	0.38984165	0.81757629	0.28164346	0.70000000	8.70000000	0.01697248	0.00000000
C9	c	0.87973574	0.49075389	0.04381260	0.80000000	8.80000000	0.01886090	0.00000000
C10	c	0.90793376	0.37514948	0.10798935	0.90000000	8.90000000	0.01700258	0.00000000
C11	c	0.80726765	0.47180005	0.26088318	1.00000000	9.00000000	0.02253442	0.00000000
C12	c	0.89503885	0.38417754	0.10467467	1.10000000	9.10000000	0.02547813	0.00000000
C13	c	0.84815999	0.39381825	0.04242499	1.20000000	9.20000000	0.02375360	0.00000000
C14	c	0.84475455	0.37691910	0.27128100	1.30000000	9.30000000	0.02193866	0.00000000
C15	c	0.77075106	0.51581371	0.22058055	1.40000000	9.40000000	0.01387372	0.00000000
C16	c	0.61922296	0.56992774	0.04418452	1.50000000	9.50000000	0.01550464	0.00000000
C17	c	0.12079963	0.59620733	0.02411848	1.60000000	9.60000000	0.01596250	0.00000000
C18	c	0.91375475	0.14312228	0.07204727	1.70000000	9.70000000	0.02822804	0.00000000
C19	c	0.44292066	0.25793112	0.18285982	1.80000000	9.80000000	0.02585910	0.00000000
C20	c	0.76140307	0.39295604	0.18097392	1.90000000	9.90000000	0.01255116	0.00000000
C21	c	0.70961559	0.63495648	0.18729716	2.00000000	10.00000000	0.01335687	0.00000000
C22	c	0.96346566	0.36389828	0.17392883	2.00000000	10.00000000	0.02776051	0.00000000
C23	c	0.31902880	0.38834063	0.05213019	2.00000000	10.00000000	0.01267377	0.00000000
C24	c	0.36697107	0.34862406	0.18105557	2.00000000	10.00000000	0.01953221	0.00000000
C25	c	0.44304486	0.35012904	0.26717096	2.00000000	10.00000000	0.02221483	0.00000000
C26	c	0.62672093	0.77390666	0.05818385	2.00000000	10.00000000	0.01509674	0.00000000
C27	c	0.68767977	0.59693320	0.13948589	2.00000000	10.00000000	0.02928707	0.00000000
C28	c	0.19368599	0.27523221	0.08931875	2.00000000	10.00000000	0.01368813	0.00000000
C29	c	0.29812506	0.91140188	0.22585485	2.00000000	10.00000000	0.02512798	0.00000000
C30	c	0.79295522	0.12755802	0.12593604	2.00000000	10.00000000	0.02325500	0.00000000

Q Vehicle fuel tank capacity /0.40000000/
C Vehicle load capacity /1.50000000/
r fuel consumption rate /0.25000000/
g inverse refueling rate /1.00000000/
v average Velocity /1.00000000/
