StringID	Type	x	y	demand	ReadyTime	DueDate	ServiceTime	altitude
D0	d	0.50000000	0.50000000	0.00000000	0.00000000	10.00000000	0.00000000	0.00000000
S0	f	0.26847292	0.74242277	0.00000000	0.00000000	10.00000000	0.00000000	0.00000000
S1	f	0.49125079	0.33913724	0.00000000	0.00000000	10.00000000	0.00000000	0.00000000
S2	f	0.67939672	0.23447365	0.00000000	0.00000000	10.00000000	0.00000000	0.00000000
S3	f	0.20290252	0.06752497	0.00000000	0.00000000	10.00000000	0.00000000	0.00000000
S4	f	0.42003774	0.06760454	0.00000000	0.00000000	10.00000000	0.00000000	0.00000000
S5	f	0.22392821	0.41220889	0.00000000	0.00000000	10.00000000	0.00000000	0.00000000
S6	f	0.07907834	0.02940563	0.00000000	0.00000000	10.00000000	0.00000000	0.00000000
S7	f	0.19315368	0.85745313	0.00000000	0.00000000	10.00000000	0.00000000	0.00000000
S8	f	0.52547806	0.02847168	0.00000000	0.00000000	10.00000000	0.00000000	0.00000000
S9	f	0.03612666	0.84078944	0.00000000	0.00000000	10.00000000	0.00000000	0.00000000
C1	c	0.64325164	0.71287908	0.14502396	0.00000000	8.00000000	0.02292945	0.00000000
C2	c	0.44616140	0.37241013	0.02910848	0.06000000	8.06000000	0.01413927	0.00000000
C3	c	0.23621970	0.34619125	0.06342826	0.12000000	8.12000000	0.01091883	0.00000000
C4	c	0.01063547	0.22870989	0.06867023	0.18000000	8.18000000	0.02798621	0.00000000
C5	c	0.59573073	0.98384304	0.03863686	0.24000000	8.24000000	0.02313246	0.00000000
C6	c	0.71495310	0.10936982	0.03655276	0.30000000	8.30000000	0.02881191	0.00000000
C7	c	0.52596983	0.37857867	0.12956633	0.36000000	8.36000000	0.01669060	0.00000000
C8	c	0.59397062	0.47420097	0.17114913	0.42000000	8.42000000	0.02365052	0.00000000
C9	c	0.83593798	0.28802900	0.13346846	0.48000000	8.48000000	0.02189094	0.00000000
C10	c	0.93774043	0.73764731	0.15611091	0.54000000	8.54000000	0.01257890	0.00000000
C11	c	0.51983161	0.91592811	0.06504116	0.60000000	8.60000000	0.02069774	0.00000000
C12	c	0.56047473	0.77067516	0.03052591	0.66000000	8.66000000	0.02062356	0.00000000
C13	c	0.03817800	0.57305579	0.16890510	0.72000000	8.72000000	0.02309124	0.00000000
C14	c	0.46079289	0.63819017	0.04545633	0.78000000	8.78000000	0.01149210	0.00000000
C15	c	0.01373854	0.03311149	0.01474693	0.84000000	8.84000000	0.02579583	0.00000000
C16	c	0.08076979	0.25695212	0.16466166	0.90000000	8.90000000	0.01340545	0.00000000
C17	c	0.09828663	0.49340436	0.07325488	0.96000000	8.96000000	0.02122904	0.00000000
C18	c	0.55579771	0.67006446	0.03979908	1.02000000	9.02000000	0.01395010	0.00000000
C19	c	0.47923070	0.71538138	0.15413217	1.08000000	9.08000000	0.02044068	0.00000000
C20	c	0.26847292	0.74242277	0.14968675	1.14000000	9.14000000	0.02333766	0.00000000
C21	c	0.49679370	0.66213257	0.02842220	1.20000000	9.20000000	0.02759190	0.00000000
C22	c	0.29303290	0.21372967	0.05223661	1.26000000	9.26000000	0.01262852	0.00000000
C23	c	0.50647308	0.99104107	0.09629478	1.32000000	9.32000000	0.02084657	0.00000000
C24	c	0.08010063	0.57255024	0.01818242	1.38000000	9.38000000	0.02930593	0.00000000
C25	c	0.31668321	0.08723942	0.07875223	1.44000000	9.44000000	0.02401466	0.00000000
C26	c	0.87346675	0.84757226	0.15730949	1.50000000	9.50000000	0.01876181	0.00000000
C27	c	0.52855687	0.29860522	0.05553557	1.56000000	9.56000000	0.02634193	0.00000000
C28	c	0.35415439	0.46362150	0.14831769	1.62000000	9.62000000	0.01333127	0.00000000
C29	c	0.50764466	0.16089845	0.03890364	1.68000000	9.68000000	0.01886506	0.00000000
C30	c	0.47208340	0.41289081	0.17359272	1.74000000	9.74000000	0.02618054	0.00000000
C31	c	0.58116022	0.93759639	0.02255294	1.80000000	9.80000000	0.01064123	0.00000000
C32	c	0.46440619	0.94888711	0.15725979	1.86000000	9.86000000	0.02348943	0.00000000
C33	c	0.64880210	0.49905550	0.13607348	1.92000000	9.92000000	0.02957009	0.00000000
C34	c	0.44940072	0.83021220	0.01348008	1.98000000	9.98000000	0.01785735	0.00000000
C35	c	0.98299403	0.00630129	0.04354915	2.00000000	10.00000000	0.02606475	0.00000000
C36	c	0.95241735	0.83927134	0.07026818	2.00000000	10.00000000	0.02931369	0.00000000
C37	c	0.80786665	0.82649150	0.13863831	2.00000000	10.00000000	0.01532924	0.00000000
C38	c	0.12426539	0.09992829	0.10395629	2.00000000	10.00000000	0.02914540	0.00000000
C39	c	0.49125079	0.33913724	0.09406533	2.00000000	10.00000000	0.01317633	0.00000000
C40	c	0.72305823	0.83826290	0.12301287	2.00000000	10.00000000	0.02736290	0.00000000
C41	c	0.91589241	0.31471883	0.15072326	2.00000000	10.00000000	0.01921674	0.00000000
C42	c	0.65260928	0.66906339	0.05982410	2.00000000	10.00000000	0.01659466	0.00000000
C43	c	0.00067866	0.79843950	0.04233039	2.00000000	10.00000000	0.02046967	0.00000000
C44	c	0.41661572	0.55792626	0.02353699	2.00000000	10.00000000	0.02135861	0.00000000
C45	c	0.93729321	0.25059518	0.07255048	2.00000000	10.00000000	0.02497725	0.00000000
C46	c	0.02106203	0.37576970	0.13704902	2.00000000	10.00000000	0.02437680	0.00000000
C47	c	0.55196493	0.11769369	0.14572441	2.00000000	10.00000000	0.02394463	0.00000000
C48	c	0.59614208	0.63704387	0.04578815	2.00000000	10.00000000	0.01885145	0.00000000
C49	c	0.18060155	0.47493460	0.11161180	2.00000000	10.00000000	0.02890633	0.00000000
C50	c	0.24270219	0.50914580	0.08253231	2.00000000	10.00000000	0.01917009	0.00000000

Q Vehicle fuel tank capacity /0.40000000/
C Vehicle load capacity /1.50000000/
r fuel consumption rate /0.25000000/
g inverse refueling rate /1.00000000/
v average Velocity /1.00000000/
