StringID	Type	x	y	demand	ReadyTime	DueDate	ServiceTime	altitude
D0	d	0.50000000	0.50000000	0.00000000	0.00000000	10.00000000	0.00000000	0.00000000
S0	f	0.30217500	0.17867076	0.00000000	0.00000000	10.00000000	0.00000000	0.00000000
S1	f	0.22516790	0.66355714	0.00000000	0.00000000	10.00000000	0.00000000	0.00000000
S2	f	0.39667020	0.97033770	0.00000000	0.00000000	10.00000000	0.00000000	0.00000000
S3	f	0.82656000	0.70993640	0.00000000	0.00000000	10.00000000	0.00000000	0.00000000
S4	f	0.83266056	0.02444179	0.00000000	0.00000000	10.00000000	0.00000000	0.00000000
S5	f	0.62365984	0.12098829	0.00000000	0.00000000	10.00000000	0.00000000	0.00000000
C1	c	0.16856910	0.80690887	0.23057223	0.00000000	8.00000000	0.01329948	0.00000000
C2	c	0.21042464	0.73467648	0.22002587	0.10000000	8.10000000	0.02170218	0.00000000
C3	c	0.24098755	0.90737775	0.23598709	0.20000000	8.20000000	0.01222486	0.00000000
C4	c	0.13914924	0.76714065	0.16985421	0.30000000	8.30000000	0.01994726	0.00000000
C5	c	0.63480510	0.27692921	0.27208164	0.40000000	8.40000000	0.01513266	0.00000000
C6	c	0.66253448	0.16664700	0.16040882	0.50000000	8.50000000	0.01000760	0.00000000
C7	c	0.74065822	0.21811359	0.05789672	0.60000000	8.60000000	0.01516236	0.00000000
C8	c	0.67533340	0.18836086	0.27931320	0.70000000	8.70000000	0.01985129	0.00000000
C9	c	0.19889632	0.43371083	0.05173406	0.80000000	8.80000000	0.01467049	0.00000000
C10	c	0.07308497	0.40588592	0.19678360	0.90000000	8.90000000	0.02544855	0.00000000
C11	c	0.28871577	0.37456377	0.05023983	1.00000000	9.00000000	0.01033066	0.00000000
C12	c	0.19195034	0.35935298	0.18469408	1.10000000	9.10000000	0.02732974	0.00000000
C13	c	0.26956276	0.39740808	0.19290192	1.20000000	9.20000000	0.01664542	0.00000000
C14	c	0.17516710	0.36153005	0.09611694	1.30000000	9.30000000	0.02527831	0.00000000
C15	c	0.13035564	0.39511823	0.04382074	1.40000000	9.40000000	0.01878667	0.00000000
C16	c	0.47414170	0.17376593	0.12740089	1.50000000	9.50000000	0.02168593	0.00000000
C17	c	0.31124343	0.07088044	0.25573308	1.60000000	9.60000000	0.01095039	0.00000000
C18	c	0.72087975	0.13916892	0.25930839	1.70000000	9.70000000	0.01997270	0.00000000
C19	c	0.70403566	0.33652884	0.03715071	1.80000000	9.80000000	0.02611253	0.00000000
C20	c	0.16497377	0.58510894	0.25695998	1.90000000	9.90000000	0.02017362	0.00000000
C21	c	0.11124315	0.49736306	0.14465482	2.00000000	10.00000000	0.01075749	0.00000000
C22	c	0.25663293	0.00038004	0.06501191	2.00000000	10.00000000	0.01507019	0.00000000
C23	c	0.25811779	0.49256440	0.10146328	2.00000000	10.00000000	0.01338046	0.00000000
C24	c	0.23352456	0.77242754	0.03773242	2.00000000	10.00000000	0.01039679	0.00000000
C25	c	0.01653302	0.86648684	0.21007599	2.00000000	10.00000000	0.02533367	0.00000000
C26	c	0.33227078	0.76391530	0.05583871	2.00000000	10.00000000	0.02959134	0.00000000
C27	c	0.43933332	0.58429642	0.06454733	2.00000000	10.00000000	0.02620587	0.00000000
C28	c	0.04751935	0.49863496	0.12791409	2.00000000	10.00000000	0.01516062	0.00000000
C29	c	0.80562653	0.50868076	0.20560988	2.00000000	10.00000000	0.02445156	0.00000000
C30	c	0.03787458	0.25350954	0.10816756	2.00000000	10.00000000	0.02204312	0.00000000

Q Vehicle fuel tank capacity /0.40000000/
C Vehicle load capacity /1.50000000/
r fuel consumption rate /0.25000000/
g inverse refueling rate /1.00000000/
v average Velocity /1.00000000/
