StringID	Type	x	y	demand	ReadyTime	DueDate	ServiceTime	altitude
D0	d	0.50000000	0.50000000	0.00000000	0.00000000	10.00000000	0.00000000	0.00000000
S0	f	0.15334746	0.03797762	0.00000000	0.00000000	10.00000000	0.00000000	0.00000000
S1	f	0.33460267	0.63697315	0.00000000	0.00000000	10.00000000	0.00000000	0.00000000
S2	f	0.92398457	0.19739589	0.00000000	0.00000000	10.00000000	0.00000000	0.00000000
S3	f	0.25278179	0.40589011	0.00000000	0.00000000	10.00000000	0.00000000	0.00000000
S4	f	0.51026181	0.42867286	0.00000000	0.00000000	10.00000000	0.00000000	0.00000000
S5	f	0.16798278	0.44535369	0.00000000	0.00000000	10.00000000	0.00000000	0.00000000
C1	c	0.11876329	0.90099523	0.15578708	0.00000000	8.00000000	0.01283120	0.00000000
C2	c	0.99164076	0.28226804	0.16076501	0.10000000	8.10000000	0.01247193	0.00000000
C3	c	0.01674455	0.55513405	0.11648228	0.20000000	8.20000000	0.02712893	0.00000000
C4	c	0.60248858	0.51941284	0.08406023	0.30000000	8.30000000	0.02129736	0.00000000
C5	c	0.35200045	0.52846386	0.02403358	0.40000000	8.40000000	0.01082667	0.00000000
C6	c	0.49909999	0.84296076	0.16989590	0.50000000	8.50000000	0.01739315	0.00000000
C7	c	0.59579090	0.72849240	0.18107923	0.60000000	8.60000000	0.01391321	0.00000000
C8	c	0.84062320	0.02906118	0.22800283	0.70000000	8.70000000	0.02252341	0.00000000
C9	c	0.12127613	0.75978324	0.16904437	0.80000000	8.80000000	0.02132907	0.00000000
C10	c	0.42546318	0.16326522	0.08989449	0.90000000	8.90000000	0.02344945	0.00000000
C11	c	0.32431555	0.96700589	0.05846820	1.00000000	9.00000000	0.01624704	0.00000000
C12	c	0.79543807	0.34613254	0.02382175	1.10000000	9.10000000	0.01878291	0.00000000
C13	c	0.68741532	0.06459542	0.24842053	1.20000000	9.20000000	0.02728237	0.00000000
C14	c	0.81004958	0.51769680	0.26960345	1.30000000	9.30000000	0.02289059	0.00000000
C15	c	0.27266982	0.07576097	0.20243618	1.40000000	9.40000000	0.01119221	0.00000000
C16	c	0.12044074	0.31806739	0.07886828	1.50000000	9.50000000	0.01325137	0.00000000
C17	c	0.98952067	0.41408617	0.07529123	1.60000000	9.60000000	0.01723208	0.00000000
C18	c	0.15334746	0.03797762	0.15804593	1.70000000	9.70000000	0.02446450	0.00000000
C19	c	0.50959428	0.95777154	0.04149236	1.80000000	9.80000000	0.01336725	0.00000000
C20	c	0.13361240	0.62387637	0.31084132	1.90000000	9.90000000	0.01913085	0.00000000
C21	c	0.68959649	0.44122487	0.04024379	2.00000000	10.00000000	0.01787771	0.00000000
C22	c	0.87751895	0.30352058	0.24397979	2.00000000	10.00000000	0.02681880	0.00000000
C23	c	0.38262763	0.56142272	0.25264894	2.00000000	10.00000000	0.01142204	0.00000000
C24	c	0.76935806	0.92405522	0.26488101	2.00000000	10.00000000	0.02420431	0.00000000
C25	c	0.79207690	0.01227187	0.25175807	2.00000000	10.00000000	0.02167384	0.00000000
C26	c	0.60093612	0.76930237	0.02242854	2.00000000	10.00000000	0.01671432	0.00000000
C27	c	0.93350397	0.30480099	0.10634359	2.00000000	10.00000000	0.01155358	0.00000000
C28	c	0.94247710	0.39851335	0.06995071	2.00000000	10.00000000	0.01432246	0.00000000
C29	c	0.09622784	0.36032113	0.16911727	2.00000000	10.00000000	0.02536875	0.00000000
C30	c	0.74514821	0.70924637	0.23231403	2.00000000	10.00000000	0.02577952	0.00000000

Q Vehicle fuel tank capacity /0.40000000/
C Vehicle load capacity /1.50000000/
r fuel consumption rate /0.25000000/
g inverse refueling rate /1.00000000/
v average Velocity /1.00000000/
