StringID	Type	x	y	demand	ReadyTime	DueDate	ServiceTime	altitude
D0	d	0.50000000	0.50000000	0.00000000	0.00000000	10.00000000	0.00000000	0.00000000
S0	f	0.81267581	0.95800027	0.00000000	0.00000000	10.00000000	0.00000000	0.00000000
S1	f	0.89728379	0.39735552	0.00000000	0.00000000	10.00000000	0.00000000	0.00000000
S2	f	0.48831704	0.54542727	0.00000000	0.00000000	10.00000000	0.00000000	0.00000000
S3	f	0.84217976	0.46483275	0.00000000	0.00000000	10.00000000	0.00000000	0.00000000
S4	f	0.13003643	0.88850026	0.00000000	0.00000000	10.00000000	0.00000000	0.00000000
S5	f	0.45190918	0.81676038	0.00000000	0.00000000	10.00000000	0.00000000	0.00000000
S6	f	0.55516476	0.85093779	0.00000000	0.00000000	10.00000000	0.00000000	0.00000000
S7	f	0.24277363	0.25291272	0.00000000	0.00000000	10.00000000	0.00000000	0.00000000
S8	f	0.00395142	0.33860633	0.00000000	0.00000000	10.00000000	0.00000000	0.00000000
S9	f	0.78284096	0.03740758	0.00000000	0.00000000	10.00000000	0.00000000	0.00000000
C1	c	0.34622226	0.97904029	0.17016669	0.00000000	8.00000000	0.01749602	0.00000000
C2	c	0.42894020	0.93328891	0.10549555	0.06000000	8.06000000	0.01382095	0.00000000
C3	c	0.38000883	0.99278018	0.03280423	0.12000000	8.12000000	0.02587754	0.00000000
C4	c	0.36839506	0.98663392	0.13072451	0.18000000	8.18000000	0.01158729	0.00000000
C5	c	0.33069281	0.91429026	0.14548016	0.24000000	8.24000000	0.02382817	0.00000000
C6	c	0.36721953	0.88091854	0.10328692	0.30000000	8.30000000	0.02228181	0.00000000
C7	c	0.40481956	0.96191776	0.13718153	0.36000000	8.36000000	0.01473863	0.00000000
C8	c	0.86221709	0.64020066	0.10044549	0.42000000	8.42000000	0.02491265	0.00000000
C9	c	0.82529364	0.70714705	0.07685102	0.48000000	8.48000000	0.02911444	0.00000000
C10	c	0.81643195	0.59828272	0.02619763	0.54000000	8.54000000	0.01634749	0.00000000
C11	c	0.90222854	0.72148311	0.06479239	0.60000000	8.60000000	0.01389592	0.00000000
C12	c	0.85401035	0.64590790	0.04635023	0.66000000	8.66000000	0.02233037	0.00000000
C13	c	0.80029554	0.68474118	0.04527746	0.72000000	8.72000000	0.02903422	0.00000000
C14	c	0.88057619	0.67370491	0.02094183	0.78000000	8.78000000	0.01103982	0.00000000
C15	c	0.80600624	0.69678974	0.10763106	0.84000000	8.84000000	0.01756601	0.00000000
C16	c	1.00000000	0.88858849	0.07672808	0.90000000	8.90000000	0.02582830	0.00000000
C17	c	1.00000000	0.82893375	0.04015418	0.96000000	8.96000000	0.01430021	0.00000000
C18	c	0.98809408	0.77021225	0.04418372	1.02000000	9.02000000	0.01608816	0.00000000
C19	c	0.94069095	0.84072440	0.01319012	1.08000000	9.08000000	0.02201233	0.00000000
C20	c	1.00000000	0.83558202	0.03158214	1.14000000	9.14000000	0.02781366	0.00000000
C21	c	0.17906933	1.00000000	0.04345757	1.20000000	9.20000000	0.01479293	0.00000000
C22	c	0.10445150	1.00000000	0.16426717	1.26000000	9.26000000	0.01114106	0.00000000
C23	c	0.06270666	1.00000000	0.16188276	1.32000000	9.32000000	0.02206970	0.00000000
C24	c	0.97608208	0.42157592	0.14181027	1.38000000	9.38000000	0.02912564	0.00000000
C25	c	0.99358402	0.45106953	0.13238332	1.44000000	9.44000000	0.02202915	0.00000000
C26	c	0.33003093	0.21576163	0.11544558	1.50000000	9.50000000	0.01814652	0.00000000
C27	c	0.20911465	0.05832892	0.14783627	1.56000000	9.56000000	0.01530355	0.00000000
C28	c	0.59546320	0.40398551	0.02944311	1.62000000	9.62000000	0.02442899	0.00000000
C29	c	0.17737036	0.20233774	0.16127792	1.68000000	9.68000000	0.02512365	0.00000000
C30	c	0.01029863	0.12425722	0.11803410	1.74000000	9.74000000	0.01105080	0.00000000
C31	c	0.19783846	0.94638564	0.05368999	1.80000000	9.80000000	0.02308974	0.00000000
C32	c	0.74883046	0.64388264	0.09601001	1.86000000	9.86000000	0.02681840	0.00000000
C33	c	0.84457829	0.11100362	0.08375621	1.92000000	9.92000000	0.01168197	0.00000000
C34	c	0.92786399	0.65992138	0.01576120	1.98000000	9.98000000	0.02365974	0.00000000
C35	c	0.26123948	0.52345814	0.04064055	2.00000000	10.00000000	0.01431094	0.00000000
C36	c	0.44753249	0.02622923	0.09817620	2.00000000	10.00000000	0.02402604	0.00000000
C37	c	0.18038392	0.53688003	0.05991824	2.00000000	10.00000000	0.01782950	0.00000000
C38	c	0.29983026	0.36706013	0.07076861	2.00000000	10.00000000	0.02020084	0.00000000
C39	c	0.50570495	0.27561944	0.09314479	2.00000000	10.00000000	0.02066378	0.00000000
C40	c	0.89513512	0.12353443	0.05601081	2.00000000	10.00000000	0.01969512	0.00000000
C41	c	0.59748838	0.58293807	0.15599574	2.00000000	10.00000000	0.02901884	0.00000000
C42	c	0.79920388	0.38817743	0.03146549	2.00000000	10.00000000	0.01853191	0.00000000
C43	c	0.90951146	0.22932891	0.10795791	2.00000000	10.00000000	0.02169690	0.00000000
C44	c	0.96512324	0.59127152	0.10560960	2.00000000	10.00000000	0.02556905	0.00000000
C45	c	0.37480115	0.19104749	0.14051320	2.00000000	10.00000000	0.01713526	0.00000000
C46	c	0.79387723	0.07936429	0.07417678	2.00000000	10.00000000	0.02712633	0.00000000
C47	c	0.69140872	0.61409056	0.15831597	2.00000000	10.00000000	0.02536969	0.00000000
C48	c	0.23693136	0.74563269	0.04853988	2.00000000	10.00000000	0.01646891	0.00000000
C49	c	0.95572193	0.31737471	0.16729127	2.00000000	10.00000000	0.02843585	0.00000000
C50	c	0.19479588	0.61651868	0.10695456	2.00000000	10.00000000	0.01684714	0.00000000

Q Vehicle fuel tank capacity /0.40000000/
C Vehicle load capacity /1.50000000/
r fuel consumption rate /0.25000000/
g inverse refueling rate /1.00000000/
v average Velocity /1.00000000/
