StringID	Type	x	y	demand	ReadyTime	DueDate	ServiceTime	altitude
D0	d	0.50000000	0.50000000	0.00000000	0.00000000	10.00000000	0.00000000	0.00000000
S0	f	0.53939934	0.45109587	0.00000000	0.00000000	10.00000000	0.00000000	0.00000000
S1	f	0.61153328	0.19808158	0.00000000	0.00000000	10.00000000	0.00000000	0.00000000
S2	f	0.71036031	0.18554820	0.00000000	0.00000000	10.00000000	0.00000000	0.00000000
S3	f	0.49357881	0.87169473	0.00000000	0.00000000	10.00000000	0.00000000	0.00000000
S4	f	0.76607545	0.08274748	0.00000000	0.00000000	10.00000000	0.00000000	0.00000000
S5	f	0.29214844	0.99892980	0.00000000	0.00000000	10.00000000	0.00000000	0.00000000
S6	f	0.91372500	0.73474337	0.00000000	0.00000000	10.00000000	0.00000000	0.00000000
S7	f	0.20598202	0.42086000	0.00000000	0.00000000	10.00000000	0.00000000	0.00000000
S8	f	0.80833329	0.23472619	0.00000000	0.00000000	10.00000000	0.00000000	0.00000000
S9	f	0.61345570	0.73344844	0.00000000	0.00000000	10.00000000	0.00000000	0.00000000
C1	c	0.83910582	0.66517589	0.06292543	0.00000000	8.00000000	0.02018184	0.00000000
C2	c	0.86141569	0.58545804	0.12348626	0.06000000	8.06000000	0.02104782	0.00000000
C3	c	0.85308316	0.67593004	0.06159235	0.12000000	8.12000000	0.02478344	0.00000000
C4	c	0.95309787	0.52545468	0.01557271	0.18000000	8.18000000	0.02650592	0.00000000
C5	c	0.87452019	0.69625623	0.03248644	0.24000000	8.24000000	0.02107360	0.00000000
C6	c	0.37559494	0.04575377	0.14258869	0.30000000	8.30000000	0.01201519	0.00000000
C7	c	0.37521107	0.12460069	0.07726647	0.36000000	8.36000000	0.02476578	0.00000000
C8	c	0.31442137	0.16759281	0.15499935	0.42000000	8.42000000	0.01463628	0.00000000
C9	c	0.32681750	0.20755421	0.11347322	0.48000000	8.48000000	0.02951000	0.00000000
C10	c	0.23491287	0.17505029	0.07426959	0.54000000	8.54000000	0.02413298	0.00000000
C11	c	0.75495619	0.69750994	0.09295320	0.60000000	8.60000000	0.02550386	0.00000000
C12	c	0.71838707	0.67824166	0.14351558	0.66000000	8.66000000	0.02354113	0.00000000
C13	c	0.79784807	0.56307295	0.06768432	0.72000000	8.72000000	0.01599794	0.00000000
C14	c	0.88544830	0.61511834	0.15531267	0.78000000	8.78000000	0.02361822	0.00000000
C15	c	0.86578642	0.65626835	0.07557850	0.84000000	8.84000000	0.01609674	0.00000000
C16	c	0.85845078	0.75608342	0.11600301	0.90000000	8.90000000	0.01554127	0.00000000
C17	c	0.25955462	0.13669803	0.10367854	0.96000000	8.96000000	0.01132934	0.00000000
C18	c	0.10706974	0.15288816	0.07327584	1.02000000	9.02000000	0.02069832	0.00000000
C19	c	0.18795190	0.13544513	0.15081140	1.08000000	9.08000000	0.01910028	0.00000000
C20	c	0.18177526	0.21405403	0.06849942	1.14000000	9.14000000	0.01779243	0.00000000
C21	c	0.19081101	0.16790067	0.14026936	1.20000000	9.20000000	0.02334554	0.00000000
C22	c	0.13457170	1.00000000	0.07261603	1.26000000	9.26000000	0.02474651	0.00000000
C23	c	0.10189434	1.00000000	0.06068770	1.32000000	9.32000000	0.01784823	0.00000000
C24	c	0.08105271	0.97914741	0.14010982	1.38000000	9.38000000	0.02080048	0.00000000
C25	c	0.04556141	0.97863678	0.06860129	1.44000000	9.44000000	0.02133488	0.00000000
C26	c	0.93179867	0.38424314	0.01796107	1.50000000	9.50000000	0.02913599	0.00000000
C27	c	0.86167092	0.41162761	0.05270094	1.56000000	9.56000000	0.01499012	0.00000000
C28	c	0.33227802	0.86060965	0.13841756	1.62000000	9.62000000	0.02508025	0.00000000
C29	c	0.27914851	0.84935237	0.07587612	1.68000000	9.68000000	0.02514138	0.00000000
C30	c	0.43331436	0.31353510	0.05787015	1.74000000	9.74000000	0.01750844	0.00000000
C31	c	0.66810921	0.20525487	0.11117195	1.80000000	9.80000000	0.01228948	0.00000000
C32	c	0.76304557	0.03212503	0.04159279	1.86000000	9.86000000	0.01236148	0.00000000
C33	c	0.60328636	0.41356983	0.12544338	1.92000000	9.92000000	0.02138743	0.00000000
C34	c	0.43765302	0.61122893	0.01556683	1.98000000	9.98000000	0.01179031	0.00000000
C35	c	0.81362852	0.72911200	0.10142737	2.00000000	10.00000000	0.02711210	0.00000000
C36	c	0.14949215	0.15588955	0.07290800	2.00000000	10.00000000	0.02380673	0.00000000
C37	c	0.96020662	0.89019239	0.07652833	2.00000000	10.00000000	0.01937892	0.00000000
C38	c	0.11130141	0.75076502	0.10262135	2.00000000	10.00000000	0.01214397	0.00000000
C39	c	0.26069141	0.51746887	0.13304732	2.00000000	10.00000000	0.01786579	0.00000000
C40	c	0.50909206	0.55239117	0.12034227	2.00000000	10.00000000	0.01725005	0.00000000
C41	c	0.73917205	0.82529613	0.03321019	2.00000000	10.00000000	0.02228903	0.00000000
C42	c	0.55367988	0.10075941	0.03417188	2.00000000	10.00000000	0.02749540	0.00000000
C43	c	0.73828884	0.23181424	0.15508186	2.00000000	10.00000000	0.01418335	0.00000000
C44	c	0.97549996	0.70664877	0.14455688	2.00000000	10.00000000	0.02306451	0.00000000
C45	c	0.29989685	0.68091101	0.14380189	2.00000000	10.00000000	0.01582862	0.00000000
C46	c	0.30483719	0.27706348	0.06792517	2.00000000	10.00000000	0.01754906	0.00000000
C47	c	0.06646691	0.53491591	0.02746911	2.00000000	10.00000000	0.01292095	0.00000000
C48	c	0.45501407	0.38962169	0.12359729	2.00000000	10.00000000	0.02223069	0.00000000
C49	c	0.66727718	0.73732556	0.04992635	2.00000000	10.00000000	0.02258831	0.00000000
C50	c	0.39241158	0.54002401	0.08852675	2.00000000	10.00000000	0.01857788	0.00000000

Q Vehicle fuel tank capacity /0.40000000/
C Vehicle load capacity /1.50000000/
r fuel consumption rate /0.25000000/
g inverse refueling rate /1.00000000/
v average Velocity /1.00000000/
