StringID	Type	x	y	demand	ReadyTime	DueDate	ServiceTime	altitude
D0	d	0.50000000	0.50000000	0.00000000	0.00000000	10.00000000	0.00000000	0.00000000
S0	f	0.43987808	0.53760415	0.00000000	0.00000000	10.00000000	0.00000000	0.00000000
S1	f	0.06978272	0.12386107	0.00000000	0.00000000	10.00000000	0.00000000	0.00000000
S2	f	0.77213728	0.55510212	0.00000000	0.00000000	10.00000000	0.00000000	0.00000000
S3	f	0.18132317	0.47461113	0.00000000	0.00000000	10.00000000	0.00000000	0.00000000
S4	f	0.80385333	0.52338045	0.00000000	0.00000000	10.00000000	0.00000000	0.00000000
S5	f	0.85040111	0.58425753	0.00000000	0.00000000	10.00000000	0.00000000	0.00000000
C1	c	0.00000000	0.25054700	0.13219257	0.00000000	8.00000000	0.01030441	0.00000000
C2	c	0.06925657	0.41678755	0.13216629	0.10000000	8.10000000	0.02254317	0.00000000
C3	c	0.00000000	0.29743107	0.18565170	0.20000000	8.20000000	0.01647177	0.00000000
C4	c	0.00000000	0.25543844	0.12565112	0.30000000	8.30000000	0.02141824	0.00000000
C5	c	0.00000000	0.28635443	0.18016444	0.40000000	8.40000000	0.02611703	0.00000000
C6	c	0.04256943	0.34766977	0.13021417	0.50000000	8.50000000	0.01148209	0.00000000
C7	c	0.00000000	0.21435813	0.04351224	0.60000000	8.60000000	0.02422101	0.00000000
C8	c	0.89425553	0.87765166	0.22473810	0.70000000	8.70000000	0.01571541	0.00000000
C9	c	0.97183095	0.96910930	0.26141090	0.80000000	8.80000000	0.02782200	0.00000000
C10	c	0.92014874	0.85669584	0.02264431	0.90000000	8.90000000	0.02784136	0.00000000
C11	c	0.94748943	0.72292898	0.21275167	1.00000000	9.00000000	0.01177942	0.00000000
C12	c	0.94438457	0.90793584	0.10417452	1.10000000	9.10000000	0.01043995	0.00000000
C13	c	0.87330858	0.90251453	0.15037946	1.20000000	9.20000000	0.01481476	0.00000000
C14	c	0.00000000	0.01607172	0.21818323	1.30000000	9.30000000	0.01512789	0.00000000
C15	c	0.10644760	0.03796251	0.06962109	1.40000000	9.40000000	0.01915227	0.00000000
C16	c	0.74376237	0.10510486	0.15225929	1.50000000	9.50000000	0.02748966	0.00000000
C17	c	0.89891243	0.22743226	0.23882456	1.60000000	9.60000000	0.02530348	0.00000000
C18	c	0.87114193	0.26078100	0.21981008	1.70000000	9.70000000	0.01358040	0.00000000
C19	c	0.65999949	0.22727068	0.06829118	1.80000000	9.80000000	0.01593657	0.00000000
C20	c	0.42748351	0.27921384	0.22013192	1.90000000	9.90000000	0.01539859	0.00000000
C21	c	0.01522064	0.62715852	0.21183317	2.00000000	10.00000000	0.01731981	0.00000000
C22	c	0.32358831	0.57091184	0.04587347	2.00000000	10.00000000	0.02633345	0.00000000
C23	c	0.80585136	0.07410440	0.25215002	2.00000000	10.00000000	0.01658223	0.00000000
C24	c	0.71105040	0.28577058	0.07766111	2.00000000	10.00000000	0.01528139	0.00000000
C25	c	0.24073814	0.25639427	0.24493365	2.00000000	10.00000000	0.02490902	0.00000000
C26	c	0.45761358	0.87448321	0.08632702	2.00000000	10.00000000	0.01726011	0.00000000
C27	c	0.76517410	0.17902001	0.19006679	2.00000000	10.00000000	0.02547713	0.00000000
C28	c	0.29682862	0.26992926	0.07761913	2.00000000	10.00000000	0.02704786	0.00000000
C29	c	0.36599075	0.81667262	0.12964586	2.00000000	10.00000000	0.02103809	0.00000000
C30	c	0.74545082	0.36300533	0.09111693	2.00000000	10.00000000	0.01067804	0.00000000

Q Vehicle fuel tank capacity /0.40000000/
C Vehicle load capacity /1.50000000/
r fuel consumption rate /0.25000000/
g inverse refueling rate /1.00000000/
v average Velocity /1.00000000/
