StringID	Type	x	y	demand	ReadyTime	DueDate	ServiceTime	altitude
D0	d	0.50000000	0.50000000	0.00000000	0.00000000	10.00000000	0.00000000	0.00000000
S0	f	0.64754344	0.09657886	0.00000000	0.00000000	10.00000000	0.00000000	0.00000000
S1	f	0.42582100	0.72713802	0.00000000	0.00000000	10.00000000	0.00000000	0.00000000
S2	f	0.70522186	0.39010913	0.00000000	0.00000000	10.00000000	0.00000000	0.00000000
S3	f	0.99160324	0.59506772	0.00000000	0.00000000	10.00000000	0.00000000	0.00000000
S4	f	0.31331614	0.01074763	0.00000000	0.00000000	10.00000000	0.00000000	0.00000000
S5	f	0.15924307	0.17204429	0.00000000	0.00000000	10.00000000	0.00000000	0.00000000
S6	f	0.05807886	0.49294392	0.00000000	0.00000000	10.00000000	0.00000000	0.00000000
S7	f	0.68263129	0.30967425	0.00000000	0.00000000	10.00000000	0.00000000	0.00000000
S8	f	0.70832152	0.47646383	0.00000000	0.00000000	10.00000000	0.00000000	0.00000000
S9	f	0.07889157	0.52996412	0.00000000	0.00000000	10.00000000	0.00000000	0.00000000
C1	c	0.14567322	0.26289819	0.03061951	0.00000000	8.00000000	0.02697718	0.00000000
C2	c	0.24872436	0.28313943	0.12086287	0.06000000	8.06000000	0.01942069	0.00000000
C3	c	0.27315873	0.24170521	0.02782206	0.12000000	8.12000000	0.02427330	0.00000000
C4	c	0.13518982	0.30783011	0.10099228	0.18000000	8.18000000	0.02616460	0.00000000
C5	c	0.20656010	0.31445305	0.09917387	0.24000000	8.24000000	0.02561020	0.00000000
C6	c	0.14378732	0.38696810	0.13869537	0.30000000	8.30000000	0.02586896	0.00000000
C7	c	0.13857637	0.25101903	0.08986132	0.36000000	8.36000000	0.01961579	0.00000000
C8	c	0.29009131	0.07661034	0.10828847	0.42000000	8.42000000	0.01724582	0.00000000
C9	c	0.30317895	0.13688508	0.09739353	0.48000000	8.48000000	0.02593640	0.00000000
C10	c	0.37446665	0.21551365	0.07069479	0.54000000	8.54000000	0.01690683	0.00000000
C11	c	0.44332786	0.26958413	0.14574376	0.60000000	8.60000000	0.01998621	0.00000000
C12	c	0.28777916	0.14506150	0.08244865	0.66000000	8.66000000	0.01802475	0.00000000
C13	c	0.31687908	0.14261386	0.10868307	0.72000000	8.72000000	0.01932726	0.00000000
C14	c	0.32581598	0.18566919	0.03301863	0.78000000	8.78000000	0.02938012	0.00000000
C15	c	0.36335574	0.21732112	0.05361368	0.84000000	8.84000000	0.02437969	0.00000000
C16	c	0.33606169	0.16020104	0.01344220	0.90000000	8.90000000	0.02738705	0.00000000
C17	c	0.25890136	0.90057651	0.11118882	0.96000000	8.96000000	0.01212568	0.00000000
C18	c	0.32781506	0.89915139	0.03310146	1.02000000	9.02000000	0.02585434	0.00000000
C19	c	0.30478285	0.86725230	0.04052041	1.08000000	9.08000000	0.01561242	0.00000000
C20	c	0.60904471	0.97361195	0.15298536	1.14000000	9.14000000	0.01671634	0.00000000
C21	c	0.67053535	0.86151460	0.05175546	1.20000000	9.20000000	0.02607495	0.00000000
C22	c	0.61431001	0.91696936	0.15024904	1.26000000	9.26000000	0.01587193	0.00000000
C23	c	0.60271967	0.99413220	0.02219007	1.32000000	9.32000000	0.01053024	0.00000000
C24	c	0.58371651	0.81064775	0.12101191	1.38000000	9.38000000	0.02505959	0.00000000
C25	c	0.48665242	0.96005130	0.12674866	1.44000000	9.44000000	0.02092029	0.00000000
C26	c	0.88993776	0.39981312	0.06990504	1.50000000	9.50000000	0.02493308	0.00000000
C27	c	0.51362256	0.83195370	0.05420786	1.56000000	9.56000000	0.02066277	0.00000000
C28	c	0.91990506	0.08662410	0.10425651	1.62000000	9.62000000	0.01535851	0.00000000
C29	c	0.71165126	0.83747485	0.08822303	1.68000000	9.68000000	0.02738379	0.00000000
C30	c	0.36168042	0.57627777	0.06422060	1.74000000	9.74000000	0.01011635	0.00000000
C31	c	0.77454426	0.23200660	0.04689021	1.80000000	9.80000000	0.02795209	0.00000000
C32	c	0.27996880	0.97984616	0.05619113	1.86000000	9.86000000	0.01834698	0.00000000
C33	c	0.46358922	0.85380500	0.14415770	1.92000000	9.92000000	0.01514503	0.00000000
C34	c	0.84885899	0.47103440	0.07066309	1.98000000	9.98000000	0.01486720	0.00000000
C35	c	0.78050987	0.79344783	0.08772891	2.00000000	10.00000000	0.01596578	0.00000000
C36	c	0.48078952	0.36229106	0.13546294	2.00000000	10.00000000	0.01162708	0.00000000
C37	c	0.79681983	0.34534128	0.14865132	2.00000000	10.00000000	0.01733605	0.00000000
C38	c	0.49931041	0.40123734	0.02370013	2.00000000	10.00000000	0.01995308	0.00000000
C39	c	0.10628413	0.79271708	0.10546986	2.00000000	10.00000000	0.01871513	0.00000000
C40	c	0.28062093	0.33581716	0.15173041	2.00000000	10.00000000	0.02123180	0.00000000
C41	c	0.80374725	0.29359640	0.11742348	2.00000000	10.00000000	0.01731933	0.00000000
C42	c	0.02651182	0.75297938	0.13629084	2.00000000	10.00000000	0.01176101	0.00000000
C43	c	0.54601442	0.74665403	0.06494506	2.00000000	10.00000000	0.01016785	0.00000000
C44	c	0.53313865	0.26792551	0.09712411	2.00000000	10.00000000	0.02306482	0.00000000
C45	c	0.86918970	0.00581748	0.12685434	2.00000000	10.00000000	0.01568744	0.00000000
C46	c	0.36680239	0.49765390	0.04550036	2.00000000	10.00000000	0.01566036	0.00000000
C47	c	0.43575675	0.56159000	0.05269233	2.00000000	10.00000000	0.02604609	0.00000000
C48	c	0.36596666	0.08805033	0.15763954	2.00000000	10.00000000	0.01499115	0.00000000
C49	c	0.00839246	0.65324083	0.08022637	2.00000000	10.00000000	0.01824727	0.00000000
C50	c	0.41236351	0.13864835	0.13873956	2.00000000	10.00000000	0.01277297	0.00000000

Q Vehicle fuel tank capacity /0.40000000/
C Vehicle load capacity /1.50000000/
r fuel consumption rate /0.25000000/
g inverse refueling rate /1.00000000/
v average Velocity /1.00000000/
