StringID	Type	x	y	demand	ReadyTime	DueDate	ServiceTime	altitude
D0	d	0.50000000	0.50000000	0.00000000	0.00000000	10.00000000	0.00000000	0.00000000
S0	f	0.19152994	0.02103325	0.00000000	0.00000000	10.00000000	0.00000000	0.00000000
S1	f	0.57678539	0.56044163	0.00000000	0.00000000	10.00000000	0.00000000	0.00000000
S2	f	0.39688225	0.61611941	0.00000000	0.00000000	10.00000000	0.00000000	0.00000000
S3	f	0.62363145	0.39476081	0.00000000	0.00000000	10.00000000	0.00000000	0.00000000
S4	f	0.05780789	0.94376883	0.00000000	0.00000000	10.00000000	0.00000000	0.00000000
S5	f	0.43770938	0.34209328	0.00000000	0.00000000	10.00000000	0.00000000	0.00000000
S6	f	0.21065499	0.98538512	0.00000000	0.00000000	10.00000000	0.00000000	0.00000000
S7	f	0.86037679	0.21448200	0.00000000	0.00000000	10.00000000	0.00000000	0.00000000
S8	f	0.07583615	0.76069101	0.00000000	0.00000000	10.00000000	0.00000000	0.00000000
S9	f	0.62423851	0.49093197	0.00000000	0.00000000	10.00000000	0.00000000	0.00000000
C1	c	0.87172197	0.95523141	0.02283728	0.00000000	8.00000000	0.01617347	0.00000000
C2	c	0.11458182	0.68638371	0.05338528	0.06000000	8.06000000	0.01670918	0.00000000
C3	c	0.94681470	0.71597387	0.15047351	0.12000000	8.12000000	0.02714036	0.00000000
C4	c	0.09510164	0.18318321	0.15108416	0.18000000	8.18000000	0.01400252	0.00000000
C5	c	0.26674746	0.28700509	0.14284252	0.24000000	8.24000000	0.01573052	0.00000000
C6	c	0.32836545	0.77500872	0.13254429	0.30000000	8.30000000	0.02592416	0.00000000
C7	c	0.67188675	0.17015809	0.03980623	0.36000000	8.36000000	0.02609852	0.00000000
C8	c	0.15578306	0.41932094	0.02891061	0.42000000	8.42000000	0.01667930	0.00000000
C9	c	0.90012943	0.67566686	0.07584808	0.48000000	8.48000000	0.02258768	0.00000000
C10	c	0.12538086	0.29563825	0.15517205	0.54000000	8.54000000	0.02336079	0.00000000
C11	c	0.23481855	0.32108411	0.14909811	0.60000000	8.60000000	0.02905986	0.00000000
C12	c	0.14986978	0.34562293	0.05890831	0.66000000	8.66000000	0.01235088	0.00000000
C13	c	0.88042632	0.58474841	0.06756798	0.72000000	8.72000000	0.01091968	0.00000000
C14	c	0.53268661	0.21450114	0.05105394	0.78000000	8.78000000	0.02458630	0.00000000
C15	c	0.39693035	0.74902758	0.02026668	0.84000000	8.84000000	0.02561943	0.00000000
C16	c	0.62972904	0.66908749	0.04942412	0.90000000	8.90000000	0.01633841	0.00000000
C17	c	0.79700731	0.08320438	0.14638894	0.96000000	8.96000000	0.02181570	0.00000000
C18	c	0.02688791	0.14889735	0.09128208	1.02000000	9.02000000	0.02748413	0.00000000
C19	c	0.63679685	0.57797016	0.09553943	1.08000000	9.08000000	0.01439425	0.00000000
C20	c	0.19152994	0.02103325	0.14551083	1.14000000	9.14000000	0.01266305	0.00000000
C21	c	0.33616977	0.18812170	0.08807825	1.20000000	9.20000000	0.01067636	0.00000000
C22	c	0.34252889	0.91684995	0.09905290	1.26000000	9.26000000	0.02873373	0.00000000
C23	c	0.94283810	0.44101060	0.12169870	1.32000000	9.32000000	0.02883659	0.00000000
C24	c	0.22632731	0.36956066	0.03703179	1.38000000	9.38000000	0.01021156	0.00000000
C25	c	0.77324968	0.52705472	0.10487141	1.44000000	9.44000000	0.02535475	0.00000000
C26	c	0.87582307	0.45931355	0.05104575	1.50000000	9.50000000	0.02007628	0.00000000
C27	c	0.82235686	0.80582154	0.05312189	1.56000000	9.56000000	0.02429115	0.00000000
C28	c	0.98358799	0.65058424	0.11673703	1.62000000	9.62000000	0.02860190	0.00000000
C29	c	0.22170145	0.09078847	0.07539417	1.68000000	9.68000000	0.01523775	0.00000000
C30	c	0.97081136	0.38259295	0.01132510	1.74000000	9.74000000	0.02786272	0.00000000
C31	c	0.72569394	0.16391808	0.07161422	1.80000000	9.80000000	0.02061539	0.00000000
C32	c	0.44336635	0.71295935	0.09024773	1.86000000	9.86000000	0.01007726	0.00000000
C33	c	0.04432164	0.98206947	0.11236111	1.92000000	9.92000000	0.02184019	0.00000000
C34	c	0.72388364	0.33170792	0.13835524	1.98000000	9.98000000	0.01503408	0.00000000
C35	c	0.78232534	0.86900164	0.12900017	2.00000000	10.00000000	0.01912165	0.00000000
C36	c	0.18492128	0.80948068	0.05193880	2.00000000	10.00000000	0.02225612	0.00000000
C37	c	0.60817411	0.19562358	0.16101613	2.00000000	10.00000000	0.02017158	0.00000000
C38	c	0.58930155	0.55237543	0.05655521	2.00000000	10.00000000	0.01405007	0.00000000
C39	c	0.40454838	0.29025541	0.02577163	2.00000000	10.00000000	0.01766780	0.00000000
C40	c	0.72006530	0.45639278	0.01529489	2.00000000	10.00000000	0.02414205	0.00000000
C41	c	0.54485220	0.97428235	0.04744053	2.00000000	10.00000000	0.02819794	0.00000000
C42	c	0.90110923	0.18065622	0.11019400	2.00000000	10.00000000	0.02788301	0.00000000
C43	c	0.00815661	0.89532077	0.12947589	2.00000000	10.00000000	0.01952888	0.00000000
C44	c	0.10997632	0.37085879	0.14935266	2.00000000	10.00000000	0.02469977	0.00000000
C45	c	0.81913979	0.21934014	0.08275930	2.00000000	10.00000000	0.01855620	0.00000000
C46	c	0.50670850	0.32665481	0.07055604	2.00000000	10.00000000	0.01816248	0.00000000
C47	c	0.58291132	0.85647805	0.10910538	2.00000000	10.00000000	0.01169541	0.00000000
C48	c	0.75864656	0.07048215	0.13883707	2.00000000	10.00000000	0.02871068	0.00000000
C49	c	0.04250996	0.10861448	0.07704231	2.00000000	10.00000000	0.01666022	0.00000000
C50	c	0.77921147	0.81421091	0.14678027	2.00000000	10.00000000	0.01319009	0.00000000

Q Vehicle fuel tank capacity /0.40000000/
C Vehicle load capacity /1.50000000/
r fuel consumption rate /0.25000000/
g inverse refueling rate /1.00000000/
v average Velocity /1.00000000/
