StringID	Type	x	y	demand	ReadyTime	DueDate	ServiceTime	altitude
D0	d	0.50000000	0.50000000	0.00000000	0.00000000	10.00000000	0.00000000	0.00000000
S0	f	0.89065283	0.92878992	0.00000000	0.00000000	10.00000000	0.00000000	0.00000000
S1	f	0.90519413	0.53579464	0.00000000	0.00000000	10.00000000	0.00000000	0.00000000
S2	f	0.38086111	0.08568094	0.00000000	0.00000000	10.00000000	0.00000000	0.00000000
S3	f	0.17408482	0.23192018	0.00000000	0.00000000	10.00000000	0.00000000	0.00000000
S4	f	0.47055680	0.24870290	0.00000000	0.00000000	10.00000000	0.00000000	0.00000000
S5	f	0.31588298	0.03707127	0.00000000	0.00000000	10.00000000	0.00000000	0.00000000
C1	c	0.42130986	0.58233344	0.23864768	0.00000000	8.00000000	0.02282226	0.00000000
C2	c	0.32128259	0.13097930	0.06564624	0.10000000	8.10000000	0.02582316	0.00000000
C3	c	0.45903335	0.76280706	0.18893655	0.20000000	8.20000000	0.02908204	0.00000000
C4	c	0.86334270	0.32344078	0.21654877	0.30000000	8.30000000	0.01074163	0.00000000
C5	c	0.00392223	0.83283323	0.19307841	0.40000000	8.40000000	0.02576303	0.00000000
C6	c	0.59139861	0.87146291	0.16280727	0.50000000	8.50000000	0.01510117	0.00000000
C7	c	0.43537950	0.09319004	0.23947723	0.60000000	8.60000000	0.01766635	0.00000000
C8	c	0.04416519	0.04428215	0.11423500	0.70000000	8.70000000	0.01873744	0.00000000
C9	c	0.59374719	0.32457695	0.09959273	0.80000000	8.80000000	0.01955634	0.00000000
C10	c	0.56917377	0.37037699	0.23673980	0.90000000	8.90000000	0.01159542	0.00000000
C11	c	0.03743553	0.41603633	0.04869202	1.00000000	9.00000000	0.01003367	0.00000000
C12	c	0.66417005	0.71828257	0.10881509	1.10000000	9.10000000	0.02657336	0.00000000
C13	c	0.94115139	0.90405179	0.06602331	1.20000000	9.20000000	0.02136313	0.00000000
C14	c	0.22216991	0.51136373	0.20814341	1.30000000	9.30000000	0.02133041	0.00000000
C15	c	0.90822176	0.99169109	0.08994159	1.40000000	9.40000000	0.02102420	0.00000000
C16	c	0.62607963	0.54568285	0.16446138	1.50000000	9.50000000	0.02571461	0.00000000
C17	c	0.30439415	0.47894553	0.09022498	1.60000000	9.60000000	0.01555836	0.00000000
C18	c	0.53115762	0.06169408	0.21472693	1.70000000	9.70000000	0.01556410	0.00000000
C19	c	0.04598428	0.50407306	0.16126882	1.80000000	9.80000000	0.01755328	0.00000000
C20	c	0.92140686	0.07903567	0.20621304	1.90000000	9.90000000	0.01079892	0.00000000
C21	c	0.89065283	0.92878992	0.05933937	2.00000000	10.00000000	0.01145118	0.00000000
C22	c	0.35241347	0.47089049	0.22234146	2.00000000	10.00000000	0.01196382	0.00000000
C23	c	0.88374001	0.83841926	0.23376436	2.00000000	10.00000000	0.01430952	0.00000000
C24	c	0.28580130	0.68043957	0.23470195	2.00000000	10.00000000	0.01657829	0.00000000
C25	c	0.12821901	0.70626619	0.12536517	2.00000000	10.00000000	0.01170959	0.00000000
C26	c	0.15473476	0.15701420	0.12687827	2.00000000	10.00000000	0.02423299	0.00000000
C27	c	0.33087539	0.62666633	0.03239325	2.00000000	10.00000000	0.02235786	0.00000000
C28	c	0.71856424	0.55684567	0.07675345	2.00000000	10.00000000	0.02184335	0.00000000
C29	c	0.41226907	0.53934749	0.11673078	2.00000000	10.00000000	0.01274096	0.00000000
C30	c	0.74589276	0.80707655	0.15751169	2.00000000	10.00000000	0.02871142	0.00000000

Q Vehicle fuel tank capacity /0.40000000/
C Vehicle load capacity /1.50000000/
r fuel consumption rate /0.25000000/
g inverse refueling rate /1.00000000/
v average Velocity /1.00000000/
