StringID	Type	x	y	demand	ReadyTime	DueDate	ServiceTime	altitude
D0	d	0.50000000	0.50000000	0.00000000	0.00000000	10.00000000	0.00000000	0.00000000
S0	f	0.20934430	0.28183186	0.00000000	0.00000000	10.00000000	0.00000000	0.00000000
S1	f	0.37394003	0.05184073	0.00000000	0.00000000	10.00000000	0.00000000	0.00000000
S2	f	0.83114761	0.81278762	0.00000000	0.00000000	10.00000000	0.00000000	0.00000000
S3	f	0.41451767	0.66561486	0.00000000	0.00000000	10.00000000	0.00000000	0.00000000
S4	f	0.48677665	0.99782859	0.00000000	0.00000000	10.00000000	0.00000000	0.00000000
S5	f	0.22077287	0.69704044	0.00000000	0.00000000	10.00000000	0.00000000	0.00000000
S6	f	0.06456461	0.83728413	0.00000000	0.00000000	10.00000000	0.00000000	0.00000000
S7	f	0.52542773	0.60994884	0.00000000	0.00000000	10.00000000	0.00000000	0.00000000
S8	f	0.03004598	0.43031718	0.00000000	0.00000000	10.00000000	0.00000000	0.00000000
S9	f	0.80016590	0.91142886	0.00000000	0.00000000	10.00000000	0.00000000	0.00000000
C1	c	0.44704601	0.12792301	0.06210288	0.00000000	8.00000000	0.02594578	0.00000000
C2	c	0.98007287	0.00000469	0.13279173	0.06000000	8.06000000	0.01618949	0.00000000
C3	c	0.05798356	0.10467803	0.11251700	0.12000000	8.12000000	0.01876453	0.00000000
C4	c	0.12071457	0.48817830	0.08671950	0.18000000	8.18000000	0.02235163	0.00000000
C5	c	0.23383878	0.01340218	0.08697279	0.24000000	8.24000000	0.01715415	0.00000000
C6	c	0.16426862	0.06468852	0.08961284	0.30000000	8.30000000	0.01927368	0.00000000
C7	c	0.60929475	0.11713168	0.06860630	0.36000000	8.36000000	0.02217187	0.00000000
C8	c	0.52314416	0.83358511	0.15735638	0.42000000	8.42000000	0.01012529	0.00000000
C9	c	0.31663289	0.73235390	0.08049258	0.48000000	8.48000000	0.02504662	0.00000000
C10	c	0.86492762	0.58502268	0.06900151	0.54000000	8.54000000	0.02421314	0.00000000
C11	c	0.18878049	0.39180897	0.02935153	0.60000000	8.60000000	0.01686148	0.00000000
C12	c	0.71810651	0.00620832	0.14662111	0.66000000	8.66000000	0.01108013	0.00000000
C13	c	0.74805539	0.49865955	0.12070210	0.72000000	8.72000000	0.01884027	0.00000000
C14	c	0.65359875	0.46888670	0.12263743	0.78000000	8.78000000	0.02071036	0.00000000
C15	c	0.52862254	0.78572093	0.08307030	0.84000000	8.84000000	0.02005279	0.00000000
C16	c	0.79057947	0.62960755	0.01905660	0.90000000	8.90000000	0.02001289	0.00000000
C17	c	0.93341346	0.71652030	0.05778049	0.96000000	8.96000000	0.02537574	0.00000000
C18	c	0.84191211	0.82951462	0.15793108	1.02000000	9.02000000	0.02816984	0.00000000
C19	c	0.20934430	0.28183186	0.13224289	1.08000000	9.08000000	0.02924732	0.00000000
C20	c	0.53835857	0.26541028	0.13114860	1.14000000	9.14000000	0.02949740	0.00000000
C21	c	0.61554736	0.90672589	0.04332579	1.20000000	9.20000000	0.02806501	0.00000000
C22	c	0.50908427	0.96084900	0.07284788	1.26000000	9.26000000	0.02506682	0.00000000
C23	c	0.82611446	0.08575713	0.13766866	1.32000000	9.32000000	0.01334969	0.00000000
C24	c	0.63443347	0.80165174	0.03275340	1.38000000	9.38000000	0.01557338	0.00000000
C25	c	0.71668765	0.72452100	0.06230159	1.44000000	9.44000000	0.01765216	0.00000000
C26	c	0.46186133	0.67297694	0.09231467	1.50000000	9.50000000	0.02878821	0.00000000
C27	c	0.12187168	0.71603211	0.03525572	1.56000000	9.56000000	0.01688353	0.00000000
C28	c	0.49037893	0.87924352	0.02347278	1.62000000	9.62000000	0.01908493	0.00000000
C29	c	0.26006659	0.68110366	0.15793330	1.68000000	9.68000000	0.01108137	0.00000000
C30	c	0.67900262	0.68032567	0.13299927	1.74000000	9.74000000	0.01607312	0.00000000
C31	c	0.81893741	0.20364455	0.11634621	1.80000000	9.80000000	0.01729728	0.00000000
C32	c	0.78199885	0.16196352	0.08905391	1.86000000	9.86000000	0.02581434	0.00000000
C33	c	0.18652742	0.59035069	0.14681884	1.92000000	9.92000000	0.02038404	0.00000000
C34	c	0.23203654	0.10666431	0.15773050	1.98000000	9.98000000	0.02016356	0.00000000
C35	c	0.80449781	0.01359315	0.10762650	2.00000000	10.00000000	0.02023829	0.00000000
C36	c	0.61349327	0.19749532	0.05119299	2.00000000	10.00000000	0.01856316	0.00000000
C37	c	0.37394003	0.05184073	0.15001101	2.00000000	10.00000000	0.02135446	0.00000000
C38	c	0.16040939	0.36358622	0.03927496	2.00000000	10.00000000	0.01571184	0.00000000
C39	c	0.66929567	0.41563964	0.01192178	2.00000000	10.00000000	0.01776754	0.00000000
C40	c	0.60717901	0.70119093	0.14720145	2.00000000	10.00000000	0.01579130	0.00000000
C41	c	0.30765492	0.45888685	0.10469071	2.00000000	10.00000000	0.02778295	0.00000000
C42	c	0.32225616	0.21765341	0.09560633	2.00000000	10.00000000	0.02201361	0.00000000
C43	c	0.12891359	0.84401565	0.02863112	2.00000000	10.00000000	0.02234423	0.00000000
C44	c	0.63998163	0.53482899	0.01250120	2.00000000	10.00000000	0.02292123	0.00000000
C45	c	0.64342246	0.28744451	0.05843422	2.00000000	10.00000000	0.02783035	0.00000000
C46	c	0.73682350	0.08181367	0.13729882	2.00000000	10.00000000	0.01306271	0.00000000
C47	c	0.97199877	0.13531644	0.11605321	2.00000000	10.00000000	0.02295556	0.00000000
C48	c	0.57411158	0.08978719	0.13261399	2.00000000	10.00000000	0.02696165	0.00000000
C49	c	0.38530434	0.60188264	0.03916285	2.00000000	10.00000000	0.02886162	0.00000000
C50	c	0.81170070	0.28184001	0.02024071	2.00000000	10.00000000	0.02102680	0.00000000

Q Vehicle fuel tank capacity /0.40000000/
C Vehicle load capacity /1.50000000/
r fuel consumption rate /0.25000000/
g inverse refueling rate /1.00000000/
v average Velocity /1.00000000/
