StringID	Type	x	y	demand	ReadyTime	DueDate	ServiceTime	altitude
D0	d	0.50000000	0.50000000	0.00000000	0.00000000	10.00000000	0.00000000	0.00000000
S0	f	0.05223269	0.91780485	0.00000000	0.00000000	10.00000000	0.00000000	0.00000000
S1	f	0.17351989	0.01239913	0.00000000	0.00000000	10.00000000	0.00000000	0.00000000
S2	f	0.90403222	0.93256772	0.00000000	0.00000000	10.00000000	0.00000000	0.00000000
S3	f	0.87926209	0.89891446	0.00000000	0.00000000	10.00000000	0.00000000	0.00000000
S4	f	0.13326370	0.58982308	0.00000000	0.00000000	10.00000000	0.00000000	0.00000000
S5	f	0.33874633	0.15800257	0.00000000	0.00000000	10.00000000	0.00000000	0.00000000
C1	c	0.84000373	0.75918964	0.25779554	0.00000000	8.00000000	0.01674922	0.00000000
C2	c	0.82329402	0.79943540	0.22473947	0.10000000	8.10000000	0.02528322	0.00000000
C3	c	0.45489297	0.39333001	0.20751750	0.20000000	8.20000000	0.01019773	0.00000000
C4	c	0.46299696	0.48339319	0.02261772	0.30000000	8.30000000	0.01986034	0.00000000
C5	c	0.55554148	0.37308592	0.27226638	0.40000000	8.40000000	0.01369466	0.00000000
C6	c	0.46901616	0.41570099	0.25228828	0.50000000	8.50000000	0.01461605	0.00000000
C7	c	0.41231649	0.40791900	0.23914845	0.60000000	8.60000000	0.01772426	0.00000000
C8	c	0.53937259	0.42365115	0.17071136	0.70000000	8.70000000	0.02023671	0.00000000
C9	c	0.48599367	0.45376676	0.07285172	0.80000000	8.80000000	0.02236180	0.00000000
C10	c	0.39544702	0.38059388	0.25059393	0.90000000	8.90000000	0.01223403	0.00000000
C11	c	0.44484056	0.39575785	0.18334384	1.00000000	9.00000000	0.01037464	0.00000000
C12	c	0.33095181	0.45540686	0.08952772	1.10000000	9.10000000	0.02324911	0.00000000
C13	c	0.41665070	0.36790393	0.22653767	1.20000000	9.20000000	0.01209937	0.00000000
C14	c	0.38183024	0.43146460	0.26895795	1.30000000	9.30000000	0.01888071	0.00000000
C15	c	0.42107363	0.45295534	0.06159887	1.40000000	9.40000000	0.02925966	0.00000000
C16	c	0.01696409	0.84256601	0.22778116	1.50000000	9.50000000	0.02951327	0.00000000
C17	c	0.93050342	0.18253338	0.08092530	1.60000000	9.60000000	0.02821929	0.00000000
C18	c	0.39540814	0.00000571	0.09478821	1.70000000	9.70000000	0.01517397	0.00000000
C19	c	0.07980518	0.73328195	0.05987004	1.80000000	9.80000000	0.02046203	0.00000000
C20	c	0.13748700	0.33746114	0.09271077	1.90000000	9.90000000	0.01085520	0.00000000
C21	c	0.76416116	0.00988637	0.12036819	2.00000000	10.00000000	0.01451695	0.00000000
C22	c	0.49301720	0.18473311	0.02282797	2.00000000	10.00000000	0.02484916	0.00000000
C23	c	0.23080261	0.38621300	0.23604493	2.00000000	10.00000000	0.02809256	0.00000000
C24	c	0.51183569	0.61808983	0.25875533	2.00000000	10.00000000	0.01512988	0.00000000
C25	c	0.11170150	0.01873212	0.06558729	2.00000000	10.00000000	0.02567083	0.00000000
C26	c	0.66245565	0.10496825	0.12056356	2.00000000	10.00000000	0.02518996	0.00000000
C27	c	0.44403552	0.96298282	0.01844836	2.00000000	10.00000000	0.01387128	0.00000000
C28	c	0.97566331	0.91096465	0.03905708	2.00000000	10.00000000	0.01124023	0.00000000
C29	c	0.25869856	0.52310137	0.20782162	2.00000000	10.00000000	0.02269867	0.00000000
C30	c	0.04276000	0.22584759	0.05395378	2.00000000	10.00000000	0.01368358	0.00000000

Q Vehicle fuel tank capacity /0.40000000/
C Vehicle load capacity /1.50000000/
r fuel consumption rate /0.25000000/
g inverse refueling rate /1.00000000/
v average Velocity /1.00000000/
