StringID	Type	x	y	demand	ReadyTime	DueDate	ServiceTime	altitude
D0	d	0.50000000	0.50000000	0.00000000	0.00000000	10.00000000	0.00000000	0.00000000
S0	f	0.48320889	0.02583181	0.00000000	0.00000000	10.00000000	0.00000000	0.00000000
S1	f	0.62540506	0.71746192	0.00000000	0.00000000	10.00000000	0.00000000	0.00000000
S2	f	0.81017913	0.88715976	0.00000000	0.00000000	10.00000000	0.00000000	0.00000000
S3	f	0.08993840	0.13211973	0.00000000	0.00000000	10.00000000	0.00000000	0.00000000
S4	f	0.64170726	0.17019358	0.00000000	0.00000000	10.00000000	0.00000000	0.00000000
S5	f	0.39545652	0.71683648	0.00000000	0.00000000	10.00000000	0.00000000	0.00000000
S6	f	0.66929108	0.74278939	0.00000000	0.00000000	10.00000000	0.00000000	0.00000000
S7	f	0.60882941	0.63452828	0.00000000	0.00000000	10.00000000	0.00000000	0.00000000
S8	f	0.33453238	0.04483525	0.00000000	0.00000000	10.00000000	0.00000000	0.00000000
S9	f	0.92974752	0.02759207	0.00000000	0.00000000	10.00000000	0.00000000	0.00000000
C1	c	0.99485444	0.85167882	0.13684375	0.00000000	8.00000000	0.01017868	0.00000000
C2	c	0.05384031	0.03795514	0.12223932	0.06000000	8.06000000	0.02633876	0.00000000
C3	c	0.78938133	0.19882834	0.07244233	0.12000000	8.12000000	0.02123129	0.00000000
C4	c	0.29933187	0.16595817	0.12884210	0.18000000	8.18000000	0.02174931	0.00000000
C5	c	0.50118371	0.31166173	0.04101145	0.24000000	8.24000000	0.01047961	0.00000000
C6	c	0.50159410	0.81491089	0.05042676	0.30000000	8.30000000	0.01711112	0.00000000
C7	c	0.30215107	0.93618162	0.12560837	0.36000000	8.36000000	0.01200509	0.00000000
C8	c	0.18186089	0.71589126	0.04117099	0.42000000	8.42000000	0.01735522	0.00000000
C9	c	0.65177841	0.90009180	0.08916829	0.48000000	8.48000000	0.01851587	0.00000000
C10	c	0.88266505	0.66533167	0.07385073	0.54000000	8.54000000	0.01776174	0.00000000
C11	c	0.80612769	0.10970163	0.12989768	0.60000000	8.60000000	0.02712934	0.00000000
C12	c	0.09331905	0.41941906	0.08227506	0.66000000	8.66000000	0.01091972	0.00000000
C13	c	0.64107849	0.28555168	0.09726404	0.72000000	8.72000000	0.02303748	0.00000000
C14	c	0.48950408	0.03119635	0.10182482	0.78000000	8.78000000	0.02541536	0.00000000
C15	c	0.14881324	0.34438093	0.01909221	0.84000000	8.84000000	0.01997506	0.00000000
C16	c	0.87257704	0.06256591	0.08353359	0.90000000	8.90000000	0.01523468	0.00000000
C17	c	0.23763287	0.97734888	0.13702639	0.96000000	8.96000000	0.01231328	0.00000000
C18	c	0.94199192	0.26230766	0.05950783	1.02000000	9.02000000	0.01809324	0.00000000
C19	c	0.44780208	0.63767320	0.15525454	1.08000000	9.08000000	0.01809898	0.00000000
C20	c	0.20043197	0.01926175	0.10591432	1.14000000	9.14000000	0.01095308	0.00000000
C21	c	0.12521983	0.62889357	0.05009304	1.20000000	9.20000000	0.02510043	0.00000000
C22	c	0.96288650	0.64982735	0.09785791	1.26000000	9.26000000	0.01562131	0.00000000
C23	c	0.18093008	0.40769735	0.05756484	1.32000000	9.32000000	0.01375867	0.00000000
C24	c	0.84784967	0.84590539	0.04730891	1.38000000	9.38000000	0.02989043	0.00000000
C25	c	0.46065923	0.43571854	0.15916496	1.44000000	9.44000000	0.02873632	0.00000000
C26	c	0.04159758	0.98582093	0.13308209	1.50000000	9.50000000	0.02459321	0.00000000
C27	c	0.58792539	0.84199904	0.05954800	1.56000000	9.56000000	0.02568486	0.00000000
C28	c	0.93680386	0.92774665	0.09101451	1.62000000	9.62000000	0.02175749	0.00000000
C29	c	0.74739708	0.97121360	0.14373538	1.68000000	9.68000000	0.01635917	0.00000000
C30	c	0.14874701	0.99401321	0.03338364	1.74000000	9.74000000	0.02694637	0.00000000
C31	c	0.52877341	0.04331213	0.01599643	1.80000000	9.80000000	0.01950363	0.00000000
C32	c	0.24087892	0.78127673	0.02676284	1.86000000	9.86000000	0.01903135	0.00000000
C33	c	0.11128860	0.00862943	0.07480327	1.92000000	9.92000000	0.02663463	0.00000000
C34	c	0.83906759	0.29899488	0.13853564	1.98000000	9.98000000	0.02072168	0.00000000
C35	c	0.19750804	0.52050240	0.15369112	2.00000000	10.00000000	0.02093258	0.00000000
C36	c	0.41534709	0.48508888	0.12110866	2.00000000	10.00000000	0.01128687	0.00000000
C37	c	0.62540506	0.71746192	0.11567718	2.00000000	10.00000000	0.02009012	0.00000000
C38	c	0.32819538	0.31844452	0.06383585	2.00000000	10.00000000	0.02650143	0.00000000
C39	c	0.54013350	0.32327991	0.14388198	2.00000000	10.00000000	0.01653370	0.00000000
C40	c	0.37253669	0.22576371	0.04927186	2.00000000	10.00000000	0.02672553	0.00000000
C41	c	0.48035187	0.54547515	0.11477848	2.00000000	10.00000000	0.01712127	0.00000000
C42	c	0.17053616	0.59584101	0.05461576	2.00000000	10.00000000	0.01341560	0.00000000
C43	c	0.32045497	0.22777609	0.15698577	2.00000000	10.00000000	0.02930413	0.00000000
C44	c	0.94698075	0.72114307	0.09434019	2.00000000	10.00000000	0.01283115	0.00000000
C45	c	0.66271266	0.05395414	0.07818308	2.00000000	10.00000000	0.02195609	0.00000000
C46	c	0.51800719	0.98149067	0.03522040	2.00000000	10.00000000	0.02961886	0.00000000
C47	c	0.03884205	0.23935207	0.13063133	2.00000000	10.00000000	0.02071089	0.00000000
C48	c	0.78445954	0.59258129	0.02821231	2.00000000	10.00000000	0.02423437	0.00000000
C49	c	0.21234053	0.34759773	0.09358653	2.00000000	10.00000000	0.02855020	0.00000000
C50	c	0.00810572	0.81833171	0.08393345	2.00000000	10.00000000	0.02046956	0.00000000

Q Vehicle fuel tank capacity /0.40000000/
C Vehicle load capacity /1.50000000/
r fuel consumption rate /0.25000000/
g inverse refueling rate /1.00000000/
v average Velocity /1.00000000/
