StringID	Type	x	y	demand	ReadyTime	DueDate	ServiceTime	altitude
D0	d	0.50000000	0.50000000	0.00000000	0.00000000	10.00000000	0.00000000	0.00000000
S0	f	0.91790238	0.06022118	0.00000000	0.00000000	10.00000000	0.00000000	0.00000000
S1	f	0.56341121	0.41798691	0.00000000	0.00000000	10.00000000	0.00000000	0.00000000
S2	f	0.27516005	0.44553758	0.00000000	0.00000000	10.00000000	0.00000000	0.00000000
S3	f	0.26188741	0.51913161	0.00000000	0.00000000	10.00000000	0.00000000	0.00000000
S4	f	0.40201071	0.73893286	0.00000000	0.00000000	10.00000000	0.00000000	0.00000000
S5	f	0.28885644	0.70755914	0.00000000	0.00000000	10.00000000	0.00000000	0.00000000
S6	f	0.44393152	0.69532715	0.00000000	0.00000000	10.00000000	0.00000000	0.00000000
S7	f	0.27839866	0.05100426	0.00000000	0.00000000	10.00000000	0.00000000	0.00000000
S8	f	0.49794485	0.27060595	0.00000000	0.00000000	10.00000000	0.00000000	0.00000000
S9	f	0.52321861	0.17708089	0.00000000	0.00000000	10.00000000	0.00000000	0.00000000
C1	c	0.40190576	0.68800577	0.08155157	0.00000000	8.00000000	0.01845993	0.00000000
C2	c	0.40209061	0.47888662	0.10535169	0.06000000	8.06000000	0.02465474	0.00000000
C3	c	0.91225182	0.71644598	0.12086129	0.12000000	8.12000000	0.02243256	0.00000000
C4	c	0.48736459	0.70528118	0.09530476	0.18000000	8.18000000	0.01661076	0.00000000
C5	c	0.17359653	0.56449009	0.13176511	0.24000000	8.24000000	0.02342723	0.00000000
C6	c	0.04259718	0.07950421	0.17349960	0.30000000	8.30000000	0.01702972	0.00000000
C7	c	0.70059324	0.41138549	0.03063883	0.36000000	8.36000000	0.02388306	0.00000000
C8	c	0.68017982	0.81893416	0.10043237	0.42000000	8.42000000	0.01630536	0.00000000
C9	c	0.05035936	0.70116736	0.02615224	0.48000000	8.48000000	0.01826871	0.00000000
C10	c	0.80241582	0.36124172	0.17552234	0.54000000	8.54000000	0.02868968	0.00000000
C11	c	0.39253756	0.17082858	0.09097258	0.60000000	8.60000000	0.02597402	0.00000000
C12	c	0.28428580	0.64704396	0.02112496	0.66000000	8.66000000	0.02929087	0.00000000
C13	c	0.96719079	0.61639761	0.03320823	0.72000000	8.72000000	0.01535169	0.00000000
C14	c	0.96062714	0.11445749	0.05747085	0.78000000	8.78000000	0.01788286	0.00000000
C15	c	0.27014467	0.77076802	0.11989114	0.84000000	8.84000000	0.01178487	0.00000000
C16	c	0.17006361	0.08762144	0.01262412	0.90000000	8.90000000	0.01464381	0.00000000
C17	c	0.23460736	0.78964317	0.08775438	0.96000000	8.96000000	0.01916849	0.00000000
C18	c	0.03627900	0.44518938	0.10710564	1.02000000	9.02000000	0.01380676	0.00000000
C19	c	0.57720186	0.03657294	0.15317554	1.08000000	9.08000000	0.01576147	0.00000000
C20	c	0.91790238	0.06022118	0.17499101	1.14000000	9.14000000	0.02785919	0.00000000
C21	c	0.42017011	0.41898912	0.12760096	1.20000000	9.20000000	0.02883166	0.00000000
C22	c	0.43754214	0.32900676	0.12638838	1.26000000	9.26000000	0.01843930	0.00000000
C23	c	0.63999655	0.29293534	0.02493216	1.32000000	9.32000000	0.02705868	0.00000000
C24	c	0.84424316	0.84688767	0.09601333	1.38000000	9.38000000	0.01991657	0.00000000
C25	c	0.06825502	0.23496648	0.16460991	1.44000000	9.44000000	0.02550126	0.00000000
C26	c	0.92055091	0.91238233	0.07765993	1.50000000	9.50000000	0.01700153	0.00000000
C27	c	0.15420477	0.67703346	0.09218285	1.56000000	9.56000000	0.01678068	0.00000000
C28	c	0.70961047	0.60194979	0.08235365	1.62000000	9.62000000	0.01006404	0.00000000
C29	c	0.29070595	0.41368510	0.15327231	1.68000000	9.68000000	0.01831414	0.00000000
C30	c	0.52357294	0.56113042	0.01341669	1.74000000	9.74000000	0.01587464	0.00000000
C31	c	0.79597980	0.11313601	0.15166296	1.80000000	9.80000000	0.01936671	0.00000000
C32	c	0.44588191	0.11885544	0.05144973	1.86000000	9.86000000	0.01592691	0.00000000
C33	c	0.77203049	0.95331925	0.12259271	1.92000000	9.92000000	0.01227093	0.00000000
C34	c	0.21590616	0.83791916	0.03251970	1.98000000	9.98000000	0.01430707	0.00000000
C35	c	0.54754187	0.52796563	0.05524682	2.00000000	10.00000000	0.02213010	0.00000000
C36	c	0.84470116	0.52895343	0.07933465	2.00000000	10.00000000	0.01471349	0.00000000
C37	c	0.56341121	0.41798691	0.14547128	2.00000000	10.00000000	0.02885076	0.00000000
C38	c	0.82814172	0.02542683	0.14780777	2.00000000	10.00000000	0.01672734	0.00000000
C39	c	0.22077462	0.13867335	0.09815004	2.00000000	10.00000000	0.01556898	0.00000000
C40	c	0.91871141	0.23771598	0.07226985	2.00000000	10.00000000	0.01113004	0.00000000
C41	c	0.37678131	0.82842268	0.07975848	2.00000000	10.00000000	0.01832057	0.00000000
C42	c	0.49513814	0.01284478	0.12677774	2.00000000	10.00000000	0.01971347	0.00000000
C43	c	0.51619347	0.43854950	0.01321506	2.00000000	10.00000000	0.01421068	0.00000000
C44	c	0.10338646	0.84444806	0.03792955	2.00000000	10.00000000	0.02820117	0.00000000
C45	c	0.81412711	0.49132152	0.13277731	2.00000000	10.00000000	0.02837633	0.00000000
C46	c	0.71699012	0.20938073	0.03734555	2.00000000	10.00000000	0.01935255	0.00000000
C47	c	0.05251822	0.36741039	0.02007889	2.00000000	10.00000000	0.02643682	0.00000000
C48	c	0.94313531	0.65483215	0.10494770	2.00000000	10.00000000	0.02536354	0.00000000
C49	c	0.45056253	0.80262726	0.10185889	2.00000000	10.00000000	0.02260923	0.00000000
C50	c	0.12768420	0.76087354	0.03097691	2.00000000	10.00000000	0.02546630	0.00000000

Q Vehicle fuel tank capacity /0.40000000/
C Vehicle load capacity /1.50000000/
r fuel consumption rate /0.25000000/
g inverse refueling rate /1.00000000/
v average Velocity /1.00000000/
