StringID	Type	x	y	demand	ReadyTime	DueDate	ServiceTime	altitude
D0	d	0.50000000	0.50000000	0.00000000	0.00000000	10.00000000	0.00000000	0.00000000
S0	f	0.08268088	0.89561752	0.00000000	0.00000000	10.00000000	0.00000000	0.00000000
S1	f	0.62147553	0.29354131	0.00000000	0.00000000	10.00000000	0.00000000	0.00000000
S2	f	0.58677950	0.42524287	0.00000000	0.00000000	10.00000000	0.00000000	0.00000000
S3	f	0.55441561	0.51691545	0.00000000	0.00000000	10.00000000	0.00000000	0.00000000
S4	f	0.65849626	0.55484758	0.00000000	0.00000000	10.00000000	0.00000000	0.00000000
S5	f	0.18107159	0.92254638	0.00000000	0.00000000	10.00000000	0.00000000	0.00000000
C1	c	0.52713804	0.91534768	0.18630381	0.00000000	8.00000000	0.01458258	0.00000000
C2	c	0.47571647	0.90612866	0.26011027	0.10000000	8.10000000	0.02616636	0.00000000
C3	c	0.38747075	0.94783653	0.11514620	0.20000000	8.20000000	0.01443354	0.00000000
C4	c	0.45281593	0.92340327	0.06707711	0.30000000	8.30000000	0.02889474	0.00000000
C5	c	0.11835269	0.82033380	0.05103038	0.40000000	8.40000000	0.02282139	0.00000000
C6	c	0.03550283	0.87865573	0.05245892	0.50000000	8.50000000	0.02730983	0.00000000
C7	c	0.05165043	0.86563773	0.02945879	0.60000000	8.60000000	0.01538805	0.00000000
C8	c	0.19343393	0.07080338	0.08177222	0.70000000	8.70000000	0.02328487	0.00000000
C9	c	0.18947844	0.04199496	0.05742438	0.80000000	8.80000000	0.02804708	0.00000000
C10	c	0.15364750	0.16952006	0.20071622	0.90000000	8.90000000	0.02026379	0.00000000
C11	c	0.16442513	0.06064640	0.26541491	1.00000000	9.00000000	0.01534135	0.00000000
C12	c	0.13516583	0.05403115	0.17472358	1.10000000	9.10000000	0.01647058	0.00000000
C13	c	0.17553301	0.03351600	0.24026353	1.20000000	9.20000000	0.02266849	0.00000000
C14	c	0.11738888	0.01921417	0.18440097	1.30000000	9.30000000	0.01575961	0.00000000
C15	c	0.26171851	0.12800637	0.05125758	1.40000000	9.40000000	0.02401385	0.00000000
C16	c	0.03365847	0.80513327	0.13462497	1.50000000	9.50000000	0.01767431	0.00000000
C17	c	0.52526924	0.01816267	0.13283329	1.60000000	9.60000000	0.01780067	0.00000000
C18	c	0.97592292	0.94913759	0.19985750	1.70000000	9.70000000	0.02398331	0.00000000
C19	c	0.65471570	0.62135481	0.13097270	1.80000000	9.80000000	0.02476769	0.00000000
C20	c	0.55542652	0.80895225	0.02687071	1.90000000	9.90000000	0.01077544	0.00000000
C21	c	0.63517067	0.22912904	0.22413650	2.00000000	10.00000000	0.01853705	0.00000000
C22	c	0.80831789	0.22167716	0.15257539	2.00000000	10.00000000	0.02110046	0.00000000
C23	c	0.94473687	0.64106971	0.02290844	2.00000000	10.00000000	0.01566929	0.00000000
C24	c	0.86549126	0.26940233	0.26780735	2.00000000	10.00000000	0.02057701	0.00000000
C25	c	0.66424341	0.90235413	0.26095835	2.00000000	10.00000000	0.02884636	0.00000000
C26	c	0.51318948	0.26706732	0.18567479	2.00000000	10.00000000	0.02296005	0.00000000
C27	c	0.32352891	0.63342455	0.17714443	2.00000000	10.00000000	0.01311654	0.00000000
C28	c	0.28798073	0.70069242	0.16028659	2.00000000	10.00000000	0.01593624	0.00000000
C29	c	0.38371561	0.39003359	0.22511302	2.00000000	10.00000000	0.02112650	0.00000000
C30	c	0.69916557	0.73838427	0.18067714	2.00000000	10.00000000	0.02513227	0.00000000

Q Vehicle fuel tank capacity /0.40000000/
C Vehicle load capacity /1.50000000/
r fuel consumption rate /0.25000000/
g inverse refueling rate /1.00000000/
v average Velocity /1.00000000/
