StringID	Type	x	y	demand	ReadyTime	DueDate	ServiceTime	altitude
D0	d	0.50000000	0.50000000	0.00000000	0.00000000	10.00000000	0.00000000	0.00000000
S0	f	0.45705593	0.71486672	0.00000000	0.00000000	10.00000000	0.00000000	0.00000000
S1	f	0.51797782	0.42339619	0.00000000	0.00000000	10.00000000	0.00000000	0.00000000
S2	f	0.91702496	0.07541133	0.00000000	0.00000000	10.00000000	0.00000000	0.00000000
S3	f	0.31904287	0.17430649	0.00000000	0.00000000	10.00000000	0.00000000	0.00000000
S4	f	0.83444304	0.16090305	0.00000000	0.00000000	10.00000000	0.00000000	0.00000000
S5	f	0.24109847	0.57264143	0.00000000	0.00000000	10.00000000	0.00000000	0.00000000
C1	c	0.37316605	0.29595074	0.25033267	0.00000000	8.00000000	0.02384229	0.00000000
C2	c	0.30196468	0.76745033	0.15022429	0.10000000	8.10000000	0.02928428	0.00000000
C3	c	0.02373062	0.15437197	0.16192864	0.20000000	8.20000000	0.02543884	0.00000000
C4	c	0.80106919	0.71132742	0.10498381	0.30000000	8.30000000	0.01922809	0.00000000
C5	c	0.81955052	0.11742858	0.07294677	0.40000000	8.40000000	0.02316523	0.00000000
C6	c	0.78045816	0.54740171	0.21713873	0.50000000	8.50000000	0.01373091	0.00000000
C7	c	0.18584488	0.71159259	0.14892131	0.60000000	8.60000000	0.01023705	0.00000000
C8	c	0.75468661	0.41942312	0.16330713	0.70000000	8.70000000	0.02701936	0.00000000
C9	c	0.28094408	0.13853110	0.20133458	0.80000000	8.80000000	0.02159187	0.00000000
C10	c	0.07672020	0.67445504	0.15772010	0.90000000	8.90000000	0.02096961	0.00000000
C11	c	0.68200416	0.76132345	0.17331761	1.00000000	9.00000000	0.02532320	0.00000000
C12	c	0.25693031	0.85692399	0.16230049	1.10000000	9.10000000	0.01802313	0.00000000
C13	c	0.11423982	0.75890106	0.09267083	1.20000000	9.20000000	0.01248054	0.00000000
C14	c	0.20678628	0.20759671	0.09358238	1.30000000	9.30000000	0.01249170	0.00000000
C15	c	0.44829211	0.77343298	0.03923900	1.40000000	9.40000000	0.02846260	0.00000000
C16	c	0.64987026	0.23068491	0.13602778	1.50000000	9.50000000	0.02997003	0.00000000
C17	c	0.84885075	0.68505184	0.16833611	1.60000000	9.60000000	0.02907517	0.00000000
C18	c	0.07620046	0.41153634	0.25110533	1.70000000	9.70000000	0.01551760	0.00000000
C19	c	0.45705593	0.71486672	0.03426294	1.80000000	9.80000000	0.02520339	0.00000000
C20	c	0.30113876	0.81341524	0.15881893	1.90000000	9.90000000	0.01240624	0.00000000
C21	c	0.19861151	0.43984786	0.20835454	2.00000000	10.00000000	0.02288406	0.00000000
C22	c	0.21604780	0.33105667	0.22237027	2.00000000	10.00000000	0.02380491	0.00000000
C23	c	0.90952348	0.15933873	0.25119084	2.00000000	10.00000000	0.01185159	0.00000000
C24	c	0.87267791	0.73136514	0.11804320	2.00000000	10.00000000	0.01404232	0.00000000
C25	c	0.25131863	0.71558843	0.09214122	2.00000000	10.00000000	0.01192159	0.00000000
C26	c	0.02121747	0.54855935	0.09243093	2.00000000	10.00000000	0.02786662	0.00000000
C27	c	0.88218519	0.81337193	0.06529748	2.00000000	10.00000000	0.01318617	0.00000000
C28	c	0.41804742	0.11234166	0.14080604	2.00000000	10.00000000	0.02440106	0.00000000
C29	c	0.24706520	0.08564315	0.12279698	2.00000000	10.00000000	0.01297113	0.00000000
C30	c	0.27751698	0.26167752	0.24806906	2.00000000	10.00000000	0.02745486	0.00000000

Q Vehicle fuel tank capacity /0.40000000/
C Vehicle load capacity /1.50000000/
r fuel consumption rate /0.25000000/
g inverse refueling rate /1.00000000/
v average Velocity /1.00000000/
