StringID	Type	x	y	demand	ReadyTime	DueDate	ServiceTime	altitude
D0	d	0.50000000	0.50000000	0.00000000	0.00000000	10.00000000	0.00000000	0.00000000
S0	f	0.06166391	0.65742379	0.00000000	0.00000000	10.00000000	0.00000000	0.00000000
S1	f	0.29700437	0.29388138	0.00000000	0.00000000	10.00000000	0.00000000	0.00000000
S2	f	0.04326066	0.97398614	0.00000000	0.00000000	10.00000000	0.00000000	0.00000000
S3	f	0.58812439	0.00135147	0.00000000	0.00000000	10.00000000	0.00000000	0.00000000
S4	f	0.04864173	0.52257271	0.00000000	0.00000000	10.00000000	0.00000000	0.00000000
S5	f	0.57129392	0.50328732	0.00000000	0.00000000	10.00000000	0.00000000	0.00000000
C1	c	0.94115984	0.09265260	0.06256206	0.00000000	8.00000000	0.01875395	0.00000000
C2	c	0.23521469	0.00628572	0.16710728	0.10000000	8.10000000	0.01240686	0.00000000
C3	c	0.92909248	0.95246026	0.04695408	0.20000000	8.20000000	0.01270082	0.00000000
C4	c	0.20202400	0.55315107	0.20936753	0.30000000	8.30000000	0.01261980	0.00000000
C5	c	0.34750114	0.28954190	0.03288967	0.40000000	8.40000000	0.01914518	0.00000000
C6	c	0.40822998	0.80771631	0.04355229	0.50000000	8.50000000	0.02008777	0.00000000
C7	c	0.92587804	0.30007892	0.22454899	0.60000000	8.60000000	0.02708184	0.00000000
C8	c	0.56466798	0.86147823	0.26903436	0.70000000	8.70000000	0.01584299	0.00000000
C9	c	0.52054554	0.87636640	0.14432461	0.80000000	8.80000000	0.01163658	0.00000000
C10	c	0.92961781	0.41283554	0.03617753	0.90000000	8.90000000	0.02599745	0.00000000
C11	c	0.19897729	0.46141242	0.25437951	1.00000000	9.00000000	0.01973010	0.00000000
C12	c	0.71760712	0.43830084	0.14867663	1.10000000	9.10000000	0.02250170	0.00000000
C13	c	0.61181864	0.88323004	0.13379514	1.20000000	9.20000000	0.02119021	0.00000000
C14	c	0.24979295	0.23392394	0.06177618	1.30000000	9.30000000	0.01429913	0.00000000
C15	c	0.34471091	0.05642736	0.22542800	1.40000000	9.40000000	0.02668343	0.00000000
C16	c	0.59834263	0.37073686	0.10201953	1.50000000	9.50000000	0.01371936	0.00000000
C17	c	0.95655409	0.76646170	0.05835732	1.60000000	9.60000000	0.01080951	0.00000000
C18	c	0.83460023	0.87954208	0.19053554	1.70000000	9.70000000	0.02421262	0.00000000
C19	c	0.06166391	0.65742379	0.04901628	1.80000000	9.80000000	0.01662354	0.00000000
C20	c	0.17284903	0.98978478	0.25991575	1.90000000	9.90000000	0.02625311	0.00000000
C21	c	0.32798880	0.32754290	0.09320794	2.00000000	10.00000000	0.02480791	0.00000000
C22	c	0.25069878	0.17778335	0.22520619	2.00000000	10.00000000	0.02040818	0.00000000
C23	c	0.92511035	0.62674439	0.16609923	2.00000000	10.00000000	0.02126448	0.00000000
C24	c	0.46403625	0.80670377	0.22201274	2.00000000	10.00000000	0.01906578	0.00000000
C25	c	0.13531181	0.44302596	0.19556357	2.00000000	10.00000000	0.02756009	0.00000000
C26	c	0.79545268	0.05153750	0.18491202	2.00000000	10.00000000	0.02623916	0.00000000
C27	c	0.58441006	0.14399251	0.14332936	2.00000000	10.00000000	0.01016778	0.00000000
C28	c	0.02986288	0.85198812	0.22213779	2.00000000	10.00000000	0.01343189	0.00000000
C29	c	0.70911591	0.61894375	0.16144316	2.00000000	10.00000000	0.01847218	0.00000000
C30	c	0.35174148	0.15359197	0.16566971	2.00000000	10.00000000	0.01756104	0.00000000

Q Vehicle fuel tank capacity /0.40000000/
C Vehicle load capacity /1.50000000/
r fuel consumption rate /0.25000000/
g inverse refueling rate /1.00000000/
v average Velocity /1.00000000/
