StringID	Type	x	y	demand	ReadyTime	DueDate	ServiceTime	altitude
D0	d	0.50000000	0.50000000	0.00000000	0.00000000	10.00000000	0.00000000	0.00000000
S0	f	0.54381314	0.19563197	0.00000000	0.00000000	10.00000000	0.00000000	0.00000000
S1	f	0.83950770	0.02603603	0.00000000	0.00000000	10.00000000	0.00000000	0.00000000
S2	f	0.99532632	0.11038530	0.00000000	0.00000000	10.00000000	0.00000000	0.00000000
S3	f	0.14916791	0.46162253	0.00000000	0.00000000	10.00000000	0.00000000	0.00000000
S4	f	0.85240466	0.24496283	0.00000000	0.00000000	10.00000000	0.00000000	0.00000000
S5	f	0.92803209	0.03140446	0.00000000	0.00000000	10.00000000	0.00000000	0.00000000
S6	f	0.78892916	0.68442938	0.00000000	0.00000000	10.00000000	0.00000000	0.00000000
S7	f	0.15327102	0.14144114	0.00000000	0.00000000	10.00000000	0.00000000	0.00000000
S8	f	0.11146691	0.50097434	0.00000000	0.00000000	10.00000000	0.00000000	0.00000000
S9	f	0.29393428	0.07484386	0.00000000	0.00000000	10.00000000	0.00000000	0.00000000
C1	c	0.08240351	0.80419536	0.15946611	0.00000000	8.00000000	0.02612028	0.00000000
C2	c	0.14441553	0.92041562	0.07760655	0.06000000	8.06000000	0.02441590	0.00000000
C3	c	0.08838523	0.82935906	0.06714320	0.12000000	8.12000000	0.01636346	0.00000000
C4	c	0.01614450	0.83007685	0.10228260	0.18000000	8.18000000	0.01587242	0.00000000
C5	c	0.03754171	0.85219672	0.11773622	0.24000000	8.24000000	0.01271056	0.00000000
C6	c	0.06322331	0.86102706	0.03644650	0.30000000	8.30000000	0.02251686	0.00000000
C7	c	0.00000000	0.84400059	0.09241436	0.36000000	8.36000000	0.01782565	0.00000000
C8	c	0.00000000	0.86747362	0.13512271	0.42000000	8.42000000	0.02589560	0.00000000
C9	c	0.04251155	0.84863956	0.05756917	0.48000000	8.48000000	0.01701792	0.00000000
C10	c	0.07199624	0.92117968	0.12435059	0.54000000	8.54000000	0.02553645	0.00000000
C11	c	0.12263582	0.90340551	0.09924899	0.60000000	8.60000000	0.02022707	0.00000000
C12	c	0.54316181	0.34381569	0.03906739	0.66000000	8.66000000	0.01721524	0.00000000
C13	c	0.57378012	0.16184325	0.09854532	0.72000000	8.72000000	0.02292883	0.00000000
C14	c	0.82823588	0.06521430	0.16002596	0.78000000	8.78000000	0.02993820	0.00000000
C15	c	0.79678518	0.02093150	0.11812897	0.84000000	8.84000000	0.01366843	0.00000000
C16	c	0.69673344	0.05828992	0.11888175	0.90000000	8.90000000	0.01832648	0.00000000
C17	c	0.77676531	0.02721441	0.09381571	0.96000000	8.96000000	0.01985053	0.00000000
C18	c	0.71879272	0.14289859	0.01932166	1.02000000	9.02000000	0.02958453	0.00000000
C19	c	0.73777643	0.13019553	0.14841317	1.08000000	9.08000000	0.02121799	0.00000000
C20	c	0.78431813	0.10235898	0.14979266	1.14000000	9.14000000	0.02688038	0.00000000
C21	c	0.35185199	0.33896875	0.09638254	1.20000000	9.20000000	0.01729790	0.00000000
C22	c	0.48288461	0.29677065	0.05115746	1.26000000	9.26000000	0.01438377	0.00000000
C23	c	0.42685028	0.30910075	0.02512460	1.32000000	9.32000000	0.01486190	0.00000000
C24	c	0.45301753	0.30750264	0.09296727	1.38000000	9.38000000	0.02755144	0.00000000
C25	c	0.40022465	0.27893552	0.05675983	1.44000000	9.44000000	0.01837447	0.00000000
C26	c	0.79726191	0.33623359	0.03357688	1.50000000	9.50000000	0.02176647	0.00000000
C27	c	0.28350858	0.95815412	0.02620037	1.56000000	9.56000000	0.01335356	0.00000000
C28	c	0.09368617	0.40417261	0.04630617	1.62000000	9.62000000	0.01729336	0.00000000
C29	c	0.72633232	0.60480368	0.12320488	1.68000000	9.68000000	0.01657051	0.00000000
C30	c	0.49142587	0.40305116	0.11155303	1.74000000	9.74000000	0.02104261	0.00000000
C31	c	0.52079479	0.56916746	0.13008981	1.80000000	9.80000000	0.01765777	0.00000000
C32	c	0.05299487	0.65584095	0.06104901	1.86000000	9.86000000	0.01765593	0.00000000
C33	c	0.66358805	0.56486709	0.05315323	1.92000000	9.92000000	0.02789910	0.00000000
C34	c	0.95247112	0.45797384	0.15418405	1.98000000	9.98000000	0.01303617	0.00000000
C35	c	0.58660063	0.61103481	0.02472658	2.00000000	10.00000000	0.01624039	0.00000000
C36	c	0.80601411	0.72079522	0.07122314	2.00000000	10.00000000	0.02212397	0.00000000
C37	c	0.31817305	0.29362077	0.11946783	2.00000000	10.00000000	0.01313736	0.00000000
C38	c	0.13552777	0.62584291	0.10126843	2.00000000	10.00000000	0.02521830	0.00000000
C39	c	0.39128257	0.79477983	0.08428966	2.00000000	10.00000000	0.01573646	0.00000000
C40	c	0.35089579	0.77682245	0.07105520	2.00000000	10.00000000	0.01595149	0.00000000
C41	c	0.64644139	0.99691015	0.08868777	2.00000000	10.00000000	0.01292306	0.00000000
C42	c	0.18342174	0.41632412	0.09593177	2.00000000	10.00000000	0.01427990	0.00000000
C43	c	0.49252663	0.97922662	0.01863290	2.00000000	10.00000000	0.01622820	0.00000000
C44	c	0.56089952	0.84401888	0.10891147	2.00000000	10.00000000	0.02355805	0.00000000
C45	c	0.36489498	0.21918862	0.11007162	2.00000000	10.00000000	0.01640124	0.00000000
C46	c	0.24309488	0.87757218	0.09528777	2.00000000	10.00000000	0.02248335	0.00000000
C47	c	0.41872345	0.58832327	0.15333300	2.00000000	10.00000000	0.01437024	0.00000000
C48	c	0.16767798	0.36466809	0.07928009	2.00000000	10.00000000	0.02516191	0.00000000
C49	c	0.32852541	0.55213068	0.09854246	2.00000000	10.00000000	0.02490628	0.00000000
C50	c	0.38288829	0.38279665	0.10220157	2.00000000	10.00000000	0.01025626	0.00000000

Q Vehicle fuel tank capacity /0.40000000/
C Vehicle load capacity /1.50000000/
r fuel consumption rate /0.25000000/
g inverse refueling rate /1.00000000/
v average Velocity /1.00000000/
