StringID	Type	x	y	demand	ReadyTime	DueDate	ServiceTime	altitude
D0	d	0.50000000	0.50000000	0.00000000	0.00000000	10.00000000	0.00000000	0.00000000
S0	f	0.73738318	0.76348383	0.00000000	0.00000000	10.00000000	0.00000000	0.00000000
S1	f	0.02850717	0.33495330	0.00000000	0.00000000	10.00000000	0.00000000	0.00000000
S2	f	0.99667920	0.05309211	0.00000000	0.00000000	10.00000000	0.00000000	0.00000000
S3	f	0.21953847	0.59429585	0.00000000	0.00000000	10.00000000	0.00000000	0.00000000
S4	f	0.68350208	0.63324887	0.00000000	0.00000000	10.00000000	0.00000000	0.00000000
S5	f	0.50329142	0.95841360	0.00000000	0.00000000	10.00000000	0.00000000	0.00000000
S6	f	0.05108755	0.12592205	0.00000000	0.00000000	10.00000000	0.00000000	0.00000000
S7	f	0.53316283	0.72784701	0.00000000	0.00000000	10.00000000	0.00000000	0.00000000
S8	f	0.70526353	0.32649831	0.00000000	0.00000000	10.00000000	0.00000000	0.00000000
S9	f	0.53647658	0.83218926	0.00000000	0.00000000	10.00000000	0.00000000	0.00000000
C1	c	0.17605960	0.76780909	0.13086970	0.00000000	8.00000000	0.02647453	0.00000000
C2	c	0.33905304	0.33790121	0.07951550	0.06000000	8.06000000	0.01774879	0.00000000
C3	c	0.37968090	0.65226042	0.06695066	0.12000000	8.12000000	0.02654832	0.00000000
C4	c	0.91446829	0.52766706	0.04886136	0.18000000	8.18000000	0.02978803	0.00000000
C5	c	0.45159123	0.16646572	0.05739278	0.24000000	8.24000000	0.01276353	0.00000000
C6	c	0.00258637	0.43612536	0.06399110	0.30000000	8.30000000	0.01202700	0.00000000
C7	c	0.39087908	0.55009761	0.06942494	0.36000000	8.36000000	0.01175115	0.00000000
C8	c	0.21905640	0.08256712	0.04788297	0.42000000	8.42000000	0.01858735	0.00000000
C9	c	0.34205081	0.12611609	0.04219103	0.48000000	8.48000000	0.02756190	0.00000000
C10	c	0.13922163	0.60641466	0.08825028	0.54000000	8.54000000	0.01413689	0.00000000
C11	c	0.00232257	0.33305724	0.14642259	0.60000000	8.60000000	0.02102423	0.00000000
C12	c	0.74042761	0.02957792	0.09597286	0.66000000	8.66000000	0.02048928	0.00000000
C13	c	0.96486240	0.71541247	0.14002267	0.72000000	8.72000000	0.01083665	0.00000000
C14	c	0.26315811	0.44882500	0.09207516	0.78000000	8.78000000	0.01961757	0.00000000
C15	c	0.74051953	0.66437749	0.14037119	0.84000000	8.84000000	0.02958341	0.00000000
C16	c	0.72872025	0.51847261	0.08937166	0.90000000	8.90000000	0.02858044	0.00000000
C17	c	0.03923021	0.31266657	0.09643921	0.96000000	8.96000000	0.02864869	0.00000000
C18	c	0.88872548	0.75075367	0.12226428	1.02000000	9.02000000	0.02882282	0.00000000
C19	c	0.73738318	0.76348383	0.11582509	1.08000000	9.08000000	0.01055174	0.00000000
C20	c	0.13313430	0.35978784	0.03726786	1.14000000	9.14000000	0.02682429	0.00000000
C21	c	0.62030338	0.19378652	0.04760578	1.20000000	9.20000000	0.02353756	0.00000000
C22	c	0.40556729	0.95115308	0.08335062	1.26000000	9.26000000	0.01506546	0.00000000
C23	c	0.20981132	0.87927245	0.11307030	1.32000000	9.32000000	0.01600884	0.00000000
C24	c	0.10325282	0.04873546	0.04792214	1.38000000	9.38000000	0.01810878	0.00000000
C25	c	0.61804818	0.63219039	0.07019784	1.44000000	9.44000000	0.01761353	0.00000000
C26	c	0.97655546	0.22973830	0.05215643	1.50000000	9.50000000	0.02692867	0.00000000
C27	c	0.30569665	0.73369320	0.11887263	1.56000000	9.56000000	0.01571904	0.00000000
C28	c	0.35423601	0.68744029	0.04351773	1.62000000	9.62000000	0.02748078	0.00000000
C29	c	0.93016777	0.75744038	0.10454783	1.68000000	9.68000000	0.02907325	0.00000000
C30	c	0.64462734	0.59275637	0.13542068	1.74000000	9.74000000	0.02188734	0.00000000
C31	c	0.00268420	0.92057562	0.09768962	1.80000000	9.80000000	0.01484027	0.00000000
C32	c	0.52902606	0.30945760	0.10843301	1.86000000	9.86000000	0.02797515	0.00000000
C33	c	0.82702133	0.85779201	0.05656378	1.92000000	9.92000000	0.02970118	0.00000000
C34	c	0.65284231	0.11393615	0.08554452	1.98000000	9.98000000	0.01318070	0.00000000
C35	c	0.27251613	0.70197051	0.07035737	2.00000000	10.00000000	0.02631543	0.00000000
C36	c	0.37935163	0.83912541	0.09640321	2.00000000	10.00000000	0.01179945	0.00000000
C37	c	0.20389438	0.49260413	0.08887734	2.00000000	10.00000000	0.02550478	0.00000000
C38	c	0.22808140	0.20571821	0.08875330	2.00000000	10.00000000	0.01629675	0.00000000
C39	c	0.38665560	0.44922207	0.13198785	2.00000000	10.00000000	0.02720289	0.00000000
C40	c	0.93970871	0.66858594	0.01103291	2.00000000	10.00000000	0.01219228	0.00000000
C41	c	0.32376026	0.51129289	0.12835253	2.00000000	10.00000000	0.02177556	0.00000000
C42	c	0.25441585	0.13655449	0.10488317	2.00000000	10.00000000	0.01540167	0.00000000
C43	c	0.43984616	0.50040128	0.14632435	2.00000000	10.00000000	0.01740971	0.00000000
C44	c	0.86994849	0.16617326	0.14479989	2.00000000	10.00000000	0.01570401	0.00000000
C45	c	0.01656774	0.47529061	0.10140774	2.00000000	10.00000000	0.01877148	0.00000000
C46	c	0.98615289	0.10869741	0.14918033	2.00000000	10.00000000	0.02751839	0.00000000
C47	c	0.95338480	0.90348740	0.12329838	2.00000000	10.00000000	0.02785038	0.00000000
C48	c	0.61405555	0.80452902	0.08541943	2.00000000	10.00000000	0.01421205	0.00000000
C49	c	0.39136039	0.78898300	0.01223558	2.00000000	10.00000000	0.02143339	0.00000000
C50	c	0.42869276	0.68589536	0.08043084	2.00000000	10.00000000	0.02568382	0.00000000

Q Vehicle fuel tank capacity /0.40000000/
C Vehicle load capacity /1.50000000/
r fuel consumption rate /0.25000000/
g inverse refueling rate /1.00000000/
v average Velocity /1.00000000/
