StringID	Type	x	y	demand	ReadyTime	DueDate	ServiceTime	altitude
D0	d	0.50000000	0.50000000	0.00000000	0.00000000	10.00000000	0.00000000	0.00000000
S0	f	0.60387232	0.26309235	0.00000000	0.00000000	10.00000000	0.00000000	0.00000000
S1	f	0.93065177	0.14150183	0.00000000	0.00000000	10.00000000	0.00000000	0.00000000
S2	f	0.52604921	0.86490116	0.00000000	0.00000000	10.00000000	0.00000000	0.00000000
S3	f	0.43502031	0.37051471	0.00000000	0.00000000	10.00000000	0.00000000	0.00000000
S4	f	0.26772025	0.38563029	0.00000000	0.00000000	10.00000000	0.00000000	0.00000000
S5	f	0.41444496	0.26102046	0.00000000	0.00000000	10.00000000	0.00000000	0.00000000
C1	c	0.74575183	0.09304779	0.19978710	0.00000000	8.00000000	0.01985480	0.00000000
C2	c	0.30764085	0.83358303	0.18928360	0.10000000	8.10000000	0.01565279	0.00000000
C3	c	0.78545686	0.96475006	0.13759308	0.20000000	8.20000000	0.02843724	0.00000000
C4	c	0.70211946	0.07366584	0.28086181	0.30000000	8.30000000	0.02318633	0.00000000
C5	c	0.15909854	0.54432755	0.06957336	0.40000000	8.40000000	0.02497429	0.00000000
C6	c	0.14980247	0.24570872	0.27326248	0.50000000	8.50000000	0.02074711	0.00000000
C7	c	0.40876503	0.68977389	0.28892570	0.60000000	8.60000000	0.01886102	0.00000000
C8	c	0.75533253	0.99245159	0.04248619	0.70000000	8.70000000	0.02392505	0.00000000
C9	c	0.70501581	0.85748875	0.02778573	0.80000000	8.80000000	0.02249580	0.00000000
C10	c	0.72574404	0.94552825	0.10059068	0.90000000	8.90000000	0.02183518	0.00000000
C11	c	0.01442873	0.43025161	0.07944341	1.00000000	9.00000000	0.02614704	0.00000000
C12	c	0.06442297	0.75929500	0.24072927	1.10000000	9.10000000	0.02318921	0.00000000
C13	c	0.41068984	0.13085562	0.11681089	1.20000000	9.20000000	0.01761959	0.00000000
C14	c	0.49831160	0.91618592	0.05108511	1.30000000	9.30000000	0.01992314	0.00000000
C15	c	0.87804814	0.71400218	0.02679813	1.40000000	9.40000000	0.01919245	0.00000000
C16	c	0.33955919	0.18217883	0.24668601	1.50000000	9.50000000	0.01324087	0.00000000
C17	c	0.70693012	0.80977989	0.13355069	1.60000000	9.60000000	0.02363172	0.00000000
C18	c	0.55641928	0.92303564	0.09421129	1.70000000	9.70000000	0.02753396	0.00000000
C19	c	0.60387232	0.26309235	0.26616222	1.80000000	9.80000000	0.02995759	0.00000000
C20	c	0.20873480	0.97790865	0.03337688	1.90000000	9.90000000	0.02634370	0.00000000
C21	c	0.08491891	0.31677332	0.11422139	2.00000000	10.00000000	0.01306554	0.00000000
C22	c	0.86125106	0.56195125	0.07150564	2.00000000	10.00000000	0.02283854	0.00000000
C23	c	0.61717318	0.81737449	0.12129411	2.00000000	10.00000000	0.02989549	0.00000000
C24	c	0.40340803	0.80424795	0.23974610	2.00000000	10.00000000	0.02715075	0.00000000
C25	c	0.83149423	0.89487282	0.23405359	2.00000000	10.00000000	0.02042282	0.00000000
C26	c	0.86226116	0.24250940	0.15416458	2.00000000	10.00000000	0.01019399	0.00000000
C27	c	0.17659990	0.33269292	0.25548594	2.00000000	10.00000000	0.02651264	0.00000000
C28	c	0.11593417	0.98681431	0.20340069	2.00000000	10.00000000	0.02079247	0.00000000
C29	c	0.81973410	0.71813198	0.17340656	2.00000000	10.00000000	0.01704882	0.00000000
C30	c	0.18164358	0.12261091	0.03371775	2.00000000	10.00000000	0.02110302	0.00000000

Q Vehicle fuel tank capacity /0.40000000/
C Vehicle load capacity /1.50000000/
r fuel consumption rate /0.25000000/
g inverse refueling rate /1.00000000/
v average Velocity /1.00000000/
