StringID	Type	x	y	demand	ReadyTime	DueDate	ServiceTime	altitude
D0	d	0.50000000	0.50000000	0.00000000	0.00000000	10.00000000	0.00000000	0.00000000
S0	f	0.20477231	0.56101174	0.00000000	0.00000000	10.00000000	0.00000000	0.00000000
S1	f	0.96616407	0.34158844	0.00000000	0.00000000	10.00000000	0.00000000	0.00000000
S2	f	0.62933308	0.57270484	0.00000000	0.00000000	10.00000000	0.00000000	0.00000000
S3	f	0.72885124	0.94664812	0.00000000	0.00000000	10.00000000	0.00000000	0.00000000
S4	f	0.90552440	0.45691861	0.00000000	0.00000000	10.00000000	0.00000000	0.00000000
S5	f	0.82319339	0.60488735	0.00000000	0.00000000	10.00000000	0.00000000	0.00000000
S6	f	0.96450060	0.90169566	0.00000000	0.00000000	10.00000000	0.00000000	0.00000000
S7	f	0.19030055	0.00891379	0.00000000	0.00000000	10.00000000	0.00000000	0.00000000
S8	f	0.02734971	0.64986373	0.00000000	0.00000000	10.00000000	0.00000000	0.00000000
S9	f	0.45684055	0.08910630	0.00000000	0.00000000	10.00000000	0.00000000	0.00000000
C1	c	0.98676594	0.97981167	0.13340170	0.00000000	8.00000000	0.01007456	0.00000000
C2	c	0.42047209	0.48050514	0.15249284	0.06000000	8.06000000	0.01369671	0.00000000
C3	c	0.82032483	0.95337643	0.05401533	0.12000000	8.12000000	0.02184897	0.00000000
C4	c	0.05613598	0.04357784	0.13434014	0.18000000	8.18000000	0.01849802	0.00000000
C5	c	0.18089759	0.14953062	0.04180997	0.24000000	8.24000000	0.02797731	0.00000000
C6	c	0.47945767	0.91956666	0.05295457	0.30000000	8.30000000	0.01022834	0.00000000
C7	c	0.56156643	0.57754617	0.14098156	0.36000000	8.36000000	0.02528584	0.00000000
C8	c	0.74945926	0.19240488	0.10143484	0.42000000	8.42000000	0.02496229	0.00000000
C9	c	0.05083541	0.19801563	0.01576654	0.48000000	8.48000000	0.02365050	0.00000000
C10	c	0.52578941	0.72691455	0.12872826	0.54000000	8.54000000	0.02656313	0.00000000
C11	c	0.38078711	0.12319586	0.10384847	0.60000000	8.60000000	0.02493325	0.00000000
C12	c	0.85451607	0.33079473	0.09597349	0.66000000	8.66000000	0.02453650	0.00000000
C13	c	0.83137200	0.45047257	0.09186370	0.72000000	8.72000000	0.02817963	0.00000000
C14	c	0.89098078	0.13790838	0.10699337	0.78000000	8.78000000	0.01995678	0.00000000
C15	c	0.93603161	0.48547847	0.08512782	0.84000000	8.84000000	0.01088575	0.00000000
C16	c	0.71614925	0.44466560	0.08875326	0.90000000	8.90000000	0.01873557	0.00000000
C17	c	0.82208005	0.89162709	0.08465405	0.96000000	8.96000000	0.02945512	0.00000000
C18	c	0.50975971	0.20253138	0.06046719	1.02000000	9.02000000	0.02426044	0.00000000
C19	c	0.72151690	0.37418842	0.14084370	1.08000000	9.08000000	0.01658908	0.00000000
C20	c	0.20477231	0.56101174	0.12490686	1.14000000	9.14000000	0.02589693	0.00000000
C21	c	0.99341620	0.29182094	0.02069266	1.20000000	9.20000000	0.02883948	0.00000000
C22	c	0.88100927	0.42426333	0.05914069	1.26000000	9.26000000	0.01964325	0.00000000
C23	c	0.44361200	0.32920521	0.13360347	1.32000000	9.32000000	0.01096962	0.00000000
C24	c	0.95781537	0.01635648	0.05943584	1.38000000	9.38000000	0.01730257	0.00000000
C25	c	0.72315888	0.88626163	0.06604913	1.44000000	9.44000000	0.01712480	0.00000000
C26	c	0.12222542	0.54945060	0.06587622	1.50000000	9.50000000	0.02179355	0.00000000
C27	c	0.46199383	0.38787165	0.14077787	1.56000000	9.56000000	0.01468607	0.00000000
C28	c	0.62034981	0.99558171	0.12018945	1.62000000	9.62000000	0.01220600	0.00000000
C29	c	0.84031495	0.13714102	0.05142664	1.68000000	9.68000000	0.02658121	0.00000000
C30	c	0.21253843	0.85245795	0.12460247	1.74000000	9.74000000	0.02965385	0.00000000
C31	c	0.93061486	0.35136347	0.05548148	1.80000000	9.80000000	0.01155126	0.00000000
C32	c	0.24387300	0.57529237	0.04269122	1.86000000	9.86000000	0.01967091	0.00000000
C33	c	0.50321727	0.27459771	0.07273788	1.92000000	9.92000000	0.01446631	0.00000000
C34	c	0.68898921	0.02998599	0.15267487	1.98000000	9.98000000	0.01555181	0.00000000
C35	c	0.76226215	0.89817153	0.13754130	2.00000000	10.00000000	0.02263938	0.00000000
C36	c	0.81358167	0.38614114	0.11689245	2.00000000	10.00000000	0.01733103	0.00000000
C37	c	0.78994001	0.27809756	0.02829224	2.00000000	10.00000000	0.02743884	0.00000000
C38	c	0.42321561	0.67047641	0.01911373	2.00000000	10.00000000	0.01159705	0.00000000
C39	c	0.67149695	0.07728318	0.13644017	2.00000000	10.00000000	0.01999798	0.00000000
C40	c	0.50069592	0.96521151	0.08456371	2.00000000	10.00000000	0.02259510	0.00000000
C41	c	0.89470179	0.97951557	0.06235454	2.00000000	10.00000000	0.01590794	0.00000000
C42	c	0.38183878	0.87852981	0.05725624	2.00000000	10.00000000	0.01086841	0.00000000
C43	c	0.22012672	0.68371592	0.08366802	2.00000000	10.00000000	0.02256610	0.00000000
C44	c	0.99411692	0.65433040	0.13481005	2.00000000	10.00000000	0.02771136	0.00000000
C45	c	0.75874863	0.64820397	0.13149923	2.00000000	10.00000000	0.02898580	0.00000000
C46	c	0.10718395	0.81927494	0.05504274	2.00000000	10.00000000	0.01948221	0.00000000
C47	c	0.74010882	0.27033032	0.05577955	2.00000000	10.00000000	0.01554455	0.00000000
C48	c	0.17265521	0.90990388	0.09296515	2.00000000	10.00000000	0.02017933	0.00000000
C49	c	0.96126492	0.15112072	0.14359778	2.00000000	10.00000000	0.02772243	0.00000000
C50	c	0.62933308	0.57270484	0.05544557	2.00000000	10.00000000	0.02045975	0.00000000

Q Vehicle fuel tank capacity /0.40000000/
C Vehicle load capacity /1.50000000/
r fuel consumption rate /0.25000000/
g inverse refueling rate /1.00000000/
v average Velocity /1.00000000/
