StringID	Type	x	y	demand	ReadyTime	DueDate	ServiceTime	altitude
D0	d	0.50000000	0.50000000	0.00000000	0.00000000	10.00000000	0.00000000	0.00000000
S0	f	0.85892983	0.88395513	0.00000000	0.00000000	10.00000000	0.00000000	0.00000000
S1	f	0.40743609	0.70999953	0.00000000	0.00000000	10.00000000	0.00000000	0.00000000
S2	f	0.51085545	0.66365327	0.00000000	0.00000000	10.00000000	0.00000000	0.00000000
S3	f	0.06865475	0.80011990	0.00000000	0.00000000	10.00000000	0.00000000	0.00000000
S4	f	0.63744543	0.32014128	0.00000000	0.00000000	10.00000000	0.00000000	0.00000000
S5	f	0.45362149	0.56820396	0.00000000	0.00000000	10.00000000	0.00000000	0.00000000
S6	f	0.60877005	0.74881441	0.00000000	0.00000000	10.00000000	0.00000000	0.00000000
S7	f	0.66163337	0.68002056	0.00000000	0.00000000	10.00000000	0.00000000	0.00000000
S8	f	0.07309746	0.24013823	0.00000000	0.00000000	10.00000000	0.00000000	0.00000000
S9	f	0.05291274	0.46153653	0.00000000	0.00000000	10.00000000	0.00000000	0.00000000
C1	c	0.98546458	0.37625268	0.02296126	0.00000000	8.00000000	0.01915301	0.00000000
C2	c	0.19778472	0.63321356	0.10973029	0.06000000	8.06000000	0.01879940	0.00000000
C3	c	0.15641891	0.11525249	0.04657193	0.12000000	8.12000000	0.02119425	0.00000000
C4	c	0.49233527	0.59031283	0.16094338	0.18000000	8.18000000	0.02857305	0.00000000
C5	c	0.76265889	0.96436757	0.14542597	0.24000000	8.24000000	0.02990678	0.00000000
C6	c	0.50913763	0.15434848	0.14438070	0.30000000	8.30000000	0.02159571	0.00000000
C7	c	0.97924667	0.23234435	0.13286770	0.36000000	8.36000000	0.01243064	0.00000000
C8	c	0.86278685	0.18508891	0.05532876	0.42000000	8.42000000	0.01531777	0.00000000
C9	c	0.55896908	0.53748966	0.11744606	0.48000000	8.48000000	0.01536168	0.00000000
C10	c	0.40989370	0.94217195	0.11001282	0.54000000	8.54000000	0.02340550	0.00000000
C11	c	0.27018252	0.33710767	0.10774046	0.60000000	8.60000000	0.02561201	0.00000000
C12	c	0.41855799	0.80725077	0.09226655	0.66000000	8.66000000	0.01880387	0.00000000
C13	c	0.78697611	0.51116415	0.15575237	0.72000000	8.72000000	0.02576879	0.00000000
C14	c	0.35042477	0.53015479	0.09575596	0.78000000	8.78000000	0.01209813	0.00000000
C15	c	0.15272154	0.90484086	0.12220882	0.84000000	8.84000000	0.01416096	0.00000000
C16	c	0.97763357	0.76366066	0.11039809	0.90000000	8.90000000	0.02501582	0.00000000
C17	c	0.70238113	0.74484285	0.01653755	0.96000000	8.96000000	0.01963659	0.00000000
C18	c	0.84198703	0.28618756	0.07470733	1.02000000	9.02000000	0.02832026	0.00000000
C19	c	0.42524781	0.70942659	0.04980486	1.08000000	9.08000000	0.02828173	0.00000000
C20	c	0.85892983	0.88395513	0.05592405	1.14000000	9.14000000	0.01124797	0.00000000
C21	c	0.12663023	0.98932871	0.13340794	1.20000000	9.20000000	0.02944117	0.00000000
C22	c	0.03875157	0.64830908	0.13718402	1.26000000	9.26000000	0.01182836	0.00000000
C23	c	0.75114776	0.48047632	0.07373489	1.32000000	9.32000000	0.02515535	0.00000000
C24	c	0.93029527	0.18009182	0.06386650	1.38000000	9.38000000	0.01409754	0.00000000
C25	c	0.00306356	0.17128400	0.04623950	1.44000000	9.44000000	0.02749814	0.00000000
C26	c	0.14904249	0.16231495	0.07089216	1.50000000	9.50000000	0.01583753	0.00000000
C27	c	0.32038033	0.14724907	0.08749380	1.56000000	9.56000000	0.01629947	0.00000000
C28	c	0.20613756	0.55842961	0.14359544	1.62000000	9.62000000	0.01552347	0.00000000
C29	c	0.68574661	0.38761887	0.05569879	1.68000000	9.68000000	0.02267545	0.00000000
C30	c	0.75679277	0.22726007	0.09854262	1.74000000	9.74000000	0.01328440	0.00000000
C31	c	0.92023800	0.73815557	0.06530189	1.80000000	9.80000000	0.02645288	0.00000000
C32	c	0.08530483	0.30232597	0.04142212	1.86000000	9.86000000	0.02232736	0.00000000
C33	c	0.79769214	0.09147241	0.16136394	1.92000000	9.92000000	0.01017968	0.00000000
C34	c	0.07778068	0.67735737	0.02898193	1.98000000	9.98000000	0.02833841	0.00000000
C35	c	0.69108165	0.28176222	0.13929228	2.00000000	10.00000000	0.02791023	0.00000000
C36	c	0.74812475	0.83562352	0.14902376	2.00000000	10.00000000	0.01695454	0.00000000
C37	c	0.24516525	0.04380636	0.05069045	2.00000000	10.00000000	0.02848640	0.00000000
C38	c	0.44181308	0.28202110	0.05604996	2.00000000	10.00000000	0.02039362	0.00000000
C39	c	0.74038245	0.40523325	0.07161182	2.00000000	10.00000000	0.01476343	0.00000000
C40	c	0.23740649	0.08345604	0.11696984	2.00000000	10.00000000	0.02971458	0.00000000
C41	c	0.26586797	0.17937385	0.06547523	2.00000000	10.00000000	0.02191256	0.00000000
C42	c	0.15198803	0.80718160	0.09568288	2.00000000	10.00000000	0.02882167	0.00000000
C43	c	0.07721578	0.54586733	0.01635823	2.00000000	10.00000000	0.01209953	0.00000000
C44	c	0.36928955	0.07201969	0.02009918	2.00000000	10.00000000	0.01496647	0.00000000
C45	c	0.38887825	0.77978264	0.16145365	2.00000000	10.00000000	0.01100627	0.00000000
C46	c	0.18900127	0.13999505	0.01193051	2.00000000	10.00000000	0.02046394	0.00000000
C47	c	0.27825754	0.24023126	0.08966804	2.00000000	10.00000000	0.02049691	0.00000000
C48	c	0.99281428	0.59511906	0.10964099	2.00000000	10.00000000	0.01271105	0.00000000
C49	c	0.89893503	0.59714600	0.15559716	2.00000000	10.00000000	0.02638943	0.00000000
C50	c	0.50650834	0.03077162	0.05596556	2.00000000	10.00000000	0.02697561	0.00000000

Q Vehicle fuel tank capacity /0.40000000/
C Vehicle load capacity /1.50000000/
r fuel consumption rate /0.25000000/
g inverse refueling rate /1.00000000/
v average Velocity /1.00000000/
