StringID	Type	x	y	demand	ReadyTime	DueDate	ServiceTime	altitude
D0	d	0.50000000	0.50000000	0.00000000	0.00000000	10.00000000	0.00000000	0.00000000
S0	f	0.05204439	0.62633932	0.00000000	0.00000000	10.00000000	0.00000000	0.00000000
S1	f	0.77402341	0.01564798	0.00000000	0.00000000	10.00000000	0.00000000	0.00000000
S2	f	0.19145100	0.95965444	0.00000000	0.00000000	10.00000000	0.00000000	0.00000000
S3	f	0.45487218	0.89350470	0.00000000	0.00000000	10.00000000	0.00000000	0.00000000
S4	f	0.39522509	0.10015758	0.00000000	0.00000000	10.00000000	0.00000000	0.00000000
S5	f	0.15189913	0.81450016	0.00000000	0.00000000	10.00000000	0.00000000	0.00000000
C1	c	0.58145061	0.76606219	0.14539094	0.00000000	8.00000000	0.01737823	0.00000000
C2	c	0.57956297	0.70629234	0.06065621	0.10000000	8.10000000	0.02422951	0.00000000
C3	c	0.46725264	0.45314504	0.19819607	0.20000000	8.20000000	0.01525866	0.00000000
C4	c	0.36030368	0.53785039	0.09546388	0.30000000	8.30000000	0.01560626	0.00000000
C5	c	0.36234471	0.43900648	0.07472499	0.40000000	8.40000000	0.01598646	0.00000000
C6	c	0.39180282	0.49997485	0.04446605	0.50000000	8.50000000	0.02572248	0.00000000
C7	c	0.30618006	0.43984558	0.12490791	0.60000000	8.60000000	0.02874185	0.00000000
C8	c	0.30064203	0.39268289	0.23345800	0.70000000	8.70000000	0.02749224	0.00000000
C9	c	0.32607667	0.48895108	0.24164922	0.80000000	8.80000000	0.01014071	0.00000000
C10	c	0.84329115	0.61010835	0.24044365	0.90000000	8.90000000	0.02156887	0.00000000
C11	c	0.87758922	0.79220503	0.08318645	1.00000000	9.00000000	0.02138410	0.00000000
C12	c	0.84043019	0.54572636	0.19401205	1.10000000	9.10000000	0.01966597	0.00000000
C13	c	0.82764776	0.62647576	0.12570927	1.20000000	9.20000000	0.02608264	0.00000000
C14	c	0.81367809	0.69149876	0.04802936	1.30000000	9.30000000	0.01929240	0.00000000
C15	c	0.88388802	0.66477028	0.14603232	1.40000000	9.40000000	0.01683493	0.00000000
C16	c	0.83280488	0.27253540	0.04368069	1.50000000	9.50000000	0.01343457	0.00000000
C17	c	0.52383515	0.33909662	0.18363208	1.60000000	9.60000000	0.02471039	0.00000000
C18	c	0.83078798	0.91318962	0.25959435	1.70000000	9.70000000	0.02582196	0.00000000
C19	c	0.69805178	0.53635117	0.25050174	1.80000000	9.80000000	0.02049039	0.00000000
C20	c	0.36891133	0.71147527	0.03508008	1.90000000	9.90000000	0.02819667	0.00000000
C21	c	0.26293310	0.28031321	0.13629326	2.00000000	10.00000000	0.01436090	0.00000000
C22	c	0.29932293	0.78612389	0.17353778	2.00000000	10.00000000	0.01283026	0.00000000
C23	c	0.93709239	0.87461200	0.22308145	2.00000000	10.00000000	0.02038148	0.00000000
C24	c	0.00703572	0.57844359	0.08485860	2.00000000	10.00000000	0.01082958	0.00000000
C25	c	0.56920507	0.48329829	0.14685620	2.00000000	10.00000000	0.02644693	0.00000000
C26	c	0.80413195	0.46461980	0.10127977	2.00000000	10.00000000	0.01566492	0.00000000
C27	c	0.34174648	0.17172848	0.22258386	2.00000000	10.00000000	0.01890665	0.00000000
C28	c	0.73551948	0.79109802	0.24291299	2.00000000	10.00000000	0.02649637	0.00000000
C29	c	0.52451954	0.90983360	0.18983681	2.00000000	10.00000000	0.01481654	0.00000000
C30	c	0.21804494	0.14151296	0.14994400	2.00000000	10.00000000	0.01867323	0.00000000

Q Vehicle fuel tank capacity /0.40000000/
C Vehicle load capacity /1.50000000/
r fuel consumption rate /0.25000000/
g inverse refueling rate /1.00000000/
v average Velocity /1.00000000/
