StringID	Type	x	y	demand	ReadyTime	DueDate	ServiceTime	altitude
D0	d	0.50000000	0.50000000	0.00000000	0.00000000	10.00000000	0.00000000	0.00000000
S0	f	0.82954289	0.23526997	0.00000000	0.00000000	10.00000000	0.00000000	0.00000000
S1	f	0.39538225	0.87561935	0.00000000	0.00000000	10.00000000	0.00000000	0.00000000
S2	f	0.01527730	0.20786436	0.00000000	0.00000000	10.00000000	0.00000000	0.00000000
S3	f	0.70663962	0.47834081	0.00000000	0.00000000	10.00000000	0.00000000	0.00000000
S4	f	0.23512050	0.46256814	0.00000000	0.00000000	10.00000000	0.00000000	0.00000000
S5	f	0.07619955	0.71105287	0.00000000	0.00000000	10.00000000	0.00000000	0.00000000
C1	c	0.79198107	0.14102418	0.20139268	0.00000000	8.00000000	0.01086522	0.00000000
C2	c	0.84983264	0.28370512	0.24858666	0.10000000	8.10000000	0.02518218	0.00000000
C3	c	0.88282428	0.30387755	0.21622810	0.20000000	8.20000000	0.02782464	0.00000000
C4	c	0.86800890	0.16528087	0.02123695	0.30000000	8.30000000	0.01551977	0.00000000
C5	c	0.76822647	0.76014232	0.15317668	0.40000000	8.40000000	0.02079607	0.00000000
C6	c	0.79599226	0.90459534	0.21421794	0.50000000	8.50000000	0.02845170	0.00000000
C7	c	0.93612046	0.86531184	0.20451305	0.60000000	8.60000000	0.01389614	0.00000000
C8	c	0.75645924	0.86604004	0.09393321	0.70000000	8.70000000	0.02995849	0.00000000
C9	c	0.81922372	0.80017960	0.15032718	0.80000000	8.80000000	0.02112583	0.00000000
C10	c	0.83252716	0.85426046	0.10924996	0.90000000	8.90000000	0.02059987	0.00000000
C11	c	0.85435694	0.96628521	0.03091317	1.00000000	9.00000000	0.01419516	0.00000000
C12	c	0.28021467	1.00000000	0.15971112	1.10000000	9.10000000	0.02168416	0.00000000
C13	c	0.21023708	0.96586584	0.11241166	1.20000000	9.20000000	0.02622993	0.00000000
C14	c	0.27120198	0.94985323	0.18868771	1.30000000	9.30000000	0.02095015	0.00000000
C15	c	0.33825782	1.00000000	0.13244342	1.40000000	9.40000000	0.02465080	0.00000000
C16	c	0.64757074	0.99011009	0.22633429	1.50000000	9.50000000	0.01487026	0.00000000
C17	c	0.20067273	0.68096444	0.16878194	1.60000000	9.60000000	0.01895326	0.00000000
C18	c	0.60441317	0.93922128	0.08916898	1.70000000	9.70000000	0.01810713	0.00000000
C19	c	0.45818255	0.56420407	0.09708415	1.80000000	9.80000000	0.02394774	0.00000000
C20	c	0.46456076	0.00253037	0.18435618	1.90000000	9.90000000	0.02120753	0.00000000
C21	c	0.04326106	0.75910897	0.17178345	2.00000000	10.00000000	0.02947099	0.00000000
C22	c	0.53980349	0.92258513	0.25362302	2.00000000	10.00000000	0.02551874	0.00000000
C23	c	0.55629168	0.52999328	0.06501050	2.00000000	10.00000000	0.01761287	0.00000000
C24	c	0.20975797	0.58420810	0.17976188	2.00000000	10.00000000	0.02173494	0.00000000
C25	c	0.81149627	0.54750758	0.16147224	2.00000000	10.00000000	0.02181828	0.00000000
C26	c	0.73253988	0.24351316	0.24146466	2.00000000	10.00000000	0.01171692	0.00000000
C27	c	0.44766316	0.40535633	0.12653479	2.00000000	10.00000000	0.01170463	0.00000000
C28	c	0.69738707	0.56037647	0.15186547	2.00000000	10.00000000	0.01919694	0.00000000
C29	c	0.97354958	0.77593684	0.12805867	2.00000000	10.00000000	0.02340716	0.00000000
C30	c	0.38064361	0.58674686	0.01767028	2.00000000	10.00000000	0.02956831	0.00000000

Q Vehicle fuel tank capacity /0.40000000/
C Vehicle load capacity /1.50000000/
r fuel consumption rate /0.25000000/
g inverse refueling rate /1.00000000/
v average Velocity /1.00000000/
