StringID	Type	x	y	demand	ReadyTime	DueDate	ServiceTime	altitude
D0	d	0.50000000	0.50000000	0.00000000	0.00000000	10.00000000	0.00000000	0.00000000
S0	f	0.09099488	0.99444948	0.00000000	0.00000000	10.00000000	0.00000000	0.00000000
S1	f	0.07471520	0.15740434	0.00000000	0.00000000	10.00000000	0.00000000	0.00000000
S2	f	0.75373434	0.66175404	0.00000000	0.00000000	10.00000000	0.00000000	0.00000000
S3	f	0.21932145	0.03394711	0.00000000	0.00000000	10.00000000	0.00000000	0.00000000
S4	f	0.45659371	0.01410219	0.00000000	0.00000000	10.00000000	0.00000000	0.00000000
S5	f	0.53718023	0.23521818	0.00000000	0.00000000	10.00000000	0.00000000	0.00000000
C1	c	0.36651139	0.55721882	0.20831240	0.00000000	8.00000000	0.02937508	0.00000000
C2	c	0.33041310	0.60736084	0.24312959	0.10000000	8.10000000	0.02889985	0.00000000
C3	c	0.00060690	1.00000000	0.03607519	0.20000000	8.20000000	0.02851457	0.00000000
C4	c	0.13299275	1.00000000	0.10824684	0.30000000	8.30000000	0.01884790	0.00000000
C5	c	0.11003113	0.95129884	0.19729490	0.40000000	8.40000000	0.01359237	0.00000000
C6	c	0.06178980	0.94012816	0.24017559	0.50000000	8.50000000	0.01381417	0.00000000
C7	c	0.03197063	0.98148899	0.15214860	0.60000000	8.60000000	0.02010169	0.00000000
C8	c	0.76310941	0.08248443	0.20169000	0.70000000	8.70000000	0.01850718	0.00000000
C9	c	0.70834022	0.07307888	0.07161109	0.80000000	8.80000000	0.01099462	0.00000000
C10	c	0.69899869	0.06595338	0.21075021	0.90000000	8.90000000	0.01348066	0.00000000
C11	c	0.84847009	0.00000000	0.07063905	1.00000000	9.00000000	0.01258311	0.00000000
C12	c	0.79572085	0.17698133	0.16226555	1.10000000	9.10000000	0.01497126	0.00000000
C13	c	0.78016318	0.19239214	0.05662685	1.20000000	9.20000000	0.02620697	0.00000000
C14	c	0.74682657	0.21774897	0.20904299	1.30000000	9.30000000	0.01077650	0.00000000
C15	c	0.72861906	0.05083226	0.21491195	1.40000000	9.40000000	0.02739833	0.00000000
C16	c	0.16663109	0.82569970	0.21296772	1.50000000	9.50000000	0.02598222	0.00000000
C17	c	0.24563060	0.98348821	0.24274887	1.60000000	9.60000000	0.02907804	0.00000000
C18	c	0.94499262	0.92572828	0.07532894	1.70000000	9.70000000	0.02994252	0.00000000
C19	c	0.44239522	0.17961867	0.06936630	1.80000000	9.80000000	0.02135873	0.00000000
C20	c	0.19070854	0.50508427	0.22438565	1.90000000	9.90000000	0.01685667	0.00000000
C21	c	0.42535888	0.04973119	0.15808243	2.00000000	10.00000000	0.02401592	0.00000000
C22	c	0.17403294	0.12915532	0.23847756	2.00000000	10.00000000	0.02768467	0.00000000
C23	c	0.24856288	0.81034861	0.03379549	2.00000000	10.00000000	0.01907816	0.00000000
C24	c	0.03882496	0.86991642	0.19405016	2.00000000	10.00000000	0.01514563	0.00000000
C25	c	0.79911097	0.95390219	0.05704859	2.00000000	10.00000000	0.02772902	0.00000000
C26	c	0.99712588	0.56793661	0.05584299	2.00000000	10.00000000	0.01969828	0.00000000
C27	c	0.34283374	0.70079593	0.21044440	2.00000000	10.00000000	0.01540051	0.00000000
C28	c	0.88423350	0.45390783	0.07437434	2.00000000	10.00000000	0.02620095	0.00000000
C29	c	0.25728173	0.88645085	0.24745774	2.00000000	10.00000000	0.02076467	0.00000000
C30	c	0.48491387	0.27002541	0.02270802	2.00000000	10.00000000	0.01860010	0.00000000

Q Vehicle fuel tank capacity /0.40000000/
C Vehicle load capacity /1.50000000/
r fuel consumption rate /0.25000000/
g inverse refueling rate /1.00000000/
v average Velocity /1.00000000/
