StringID	Type	x	y	demand	ReadyTime	DueDate	ServiceTime	altitude
D0	d	0.50000000	0.50000000	0.00000000	0.00000000	10.00000000	0.00000000	0.00000000
S0	f	0.19307850	0.11271798	0.00000000	0.00000000	10.00000000	0.00000000	0.00000000
S1	f	0.58148642	0.56267652	0.00000000	0.00000000	10.00000000	0.00000000	0.00000000
S2	f	0.52929214	0.62733631	0.00000000	0.00000000	10.00000000	0.00000000	0.00000000
S3	f	0.50158224	0.30839801	0.00000000	0.00000000	10.00000000	0.00000000	0.00000000
S4	f	0.12708811	0.54744773	0.00000000	0.00000000	10.00000000	0.00000000	0.00000000
S5	f	0.56558220	0.95698161	0.00000000	0.00000000	10.00000000	0.00000000	0.00000000
S6	f	0.51482888	0.99550337	0.00000000	0.00000000	10.00000000	0.00000000	0.00000000
S7	f	0.27070225	0.28136859	0.00000000	0.00000000	10.00000000	0.00000000	0.00000000
S8	f	0.20238357	0.44592295	0.00000000	0.00000000	10.00000000	0.00000000	0.00000000
S9	f	0.24057169	0.17463338	0.00000000	0.00000000	10.00000000	0.00000000	0.00000000
C1	c	0.21992810	0.95303350	0.12170351	0.00000000	8.00000000	0.02283827	0.00000000
C2	c	0.98357321	0.89569631	0.02037914	0.06000000	8.06000000	0.02851030	0.00000000
C3	c	0.31100545	0.08811564	0.09550160	0.12000000	8.12000000	0.01417846	0.00000000
C4	c	0.41826362	0.35594315	0.11786872	0.18000000	8.18000000	0.01098314	0.00000000
C5	c	0.45491831	0.01385805	0.03792211	0.24000000	8.24000000	0.02465699	0.00000000
C6	c	0.00384639	0.75700783	0.08016687	0.30000000	8.30000000	0.01168855	0.00000000
C7	c	0.90244257	0.56642565	0.07129915	0.36000000	8.36000000	0.02284376	0.00000000
C8	c	0.19967057	0.56796639	0.12604909	0.42000000	8.42000000	0.01238752	0.00000000
C9	c	0.22997747	0.03240519	0.05553086	0.48000000	8.48000000	0.01896040	0.00000000
C10	c	0.00572205	0.34770528	0.01843981	0.54000000	8.54000000	0.01343289	0.00000000
C11	c	0.35925068	0.66864731	0.15253779	0.60000000	8.60000000	0.02355567	0.00000000
C12	c	0.34487529	0.53936607	0.12644791	0.66000000	8.66000000	0.01769291	0.00000000
C13	c	0.47967295	0.81448002	0.15576600	0.72000000	8.72000000	0.01977180	0.00000000
C14	c	0.93124832	0.66134432	0.15822764	0.78000000	8.78000000	0.01882501	0.00000000
C15	c	0.60017217	0.48498250	0.11889770	0.84000000	8.84000000	0.02775438	0.00000000
C16	c	0.62087428	0.69228358	0.05644888	0.90000000	8.90000000	0.01687288	0.00000000
C17	c	0.56736609	0.68020907	0.06487993	0.96000000	8.96000000	0.01351894	0.00000000
C18	c	0.15727979	0.36608382	0.01484906	1.02000000	9.02000000	0.02093705	0.00000000
C19	c	0.87734230	0.47265104	0.07287446	1.08000000	9.08000000	0.01997541	0.00000000
C20	c	0.19307850	0.11271798	0.03040628	1.14000000	9.14000000	0.02874096	0.00000000
C21	c	0.54592796	0.33917318	0.17205104	1.20000000	9.20000000	0.01189052	0.00000000
C22	c	0.14428841	0.62812924	0.03000528	1.26000000	9.26000000	0.02007738	0.00000000
C23	c	0.16412192	0.81631765	0.08331234	1.32000000	9.32000000	0.02065233	0.00000000
C24	c	0.06903562	0.12010833	0.09496156	1.38000000	9.38000000	0.01275923	0.00000000
C25	c	0.96322756	0.78832469	0.13550746	1.44000000	9.44000000	0.02560953	0.00000000
C26	c	0.24643093	0.40398200	0.17738269	1.50000000	9.50000000	0.01955085	0.00000000
C27	c	0.10417021	0.03878500	0.10195884	1.56000000	9.56000000	0.02773893	0.00000000
C28	c	0.58170163	0.03281197	0.06342010	1.62000000	9.62000000	0.02632039	0.00000000
C29	c	0.10888358	0.84456606	0.13901719	1.68000000	9.68000000	0.02008441	0.00000000
C30	c	0.04017559	0.71274810	0.10403993	1.74000000	9.74000000	0.02450901	0.00000000
C31	c	0.58598280	0.25333603	0.14717598	1.80000000	9.80000000	0.01493365	0.00000000
C32	c	0.60547952	0.32560833	0.04060136	1.86000000	9.86000000	0.01032265	0.00000000
C33	c	0.30752674	0.61852013	0.11766513	1.92000000	9.92000000	0.02103934	0.00000000
C34	c	0.91173874	0.89592506	0.02252124	1.98000000	9.98000000	0.01709520	0.00000000
C35	c	0.28496745	0.80212275	0.05776366	2.00000000	10.00000000	0.02986960	0.00000000
C36	c	0.18616695	0.05588736	0.06349959	2.00000000	10.00000000	0.01899171	0.00000000
C37	c	0.58148642	0.56267652	0.07605196	2.00000000	10.00000000	0.01012650	0.00000000
C38	c	0.56073437	0.91186192	0.08997567	2.00000000	10.00000000	0.01632125	0.00000000
C39	c	0.10941577	0.69921116	0.04505877	2.00000000	10.00000000	0.02544776	0.00000000
C40	c	0.40705151	0.90051878	0.17149338	2.00000000	10.00000000	0.02410214	0.00000000
C41	c	0.30151654	0.43079918	0.14028482	2.00000000	10.00000000	0.01841352	0.00000000
C42	c	0.29964270	0.84716489	0.04740018	2.00000000	10.00000000	0.01734619	0.00000000
C43	c	0.47981443	0.57539595	0.12531000	2.00000000	10.00000000	0.01264253	0.00000000
C44	c	0.04064635	0.22761392	0.13959351	2.00000000	10.00000000	0.02059491	0.00000000
C45	c	0.73459019	0.04381576	0.11136937	2.00000000	10.00000000	0.02507461	0.00000000
C46	c	0.70734255	0.96342061	0.03031951	2.00000000	10.00000000	0.02615418	0.00000000
C47	c	0.08860406	0.93256982	0.02014313	2.00000000	10.00000000	0.02558812	0.00000000
C48	c	0.80049710	0.53816188	0.15498343	2.00000000	10.00000000	0.01835196	0.00000000
C49	c	0.79860029	0.76127841	0.06478672	2.00000000	10.00000000	0.01767644	0.00000000
C50	c	0.42256144	0.05105823	0.03614966	2.00000000	10.00000000	0.01580829	0.00000000

Q Vehicle fuel tank capacity /0.40000000/
C Vehicle load capacity /1.50000000/
r fuel consumption rate /0.25000000/
g inverse refueling rate /1.00000000/
v average Velocity /1.00000000/
