StringID	Type	x	y	demand	ReadyTime	DueDate	ServiceTime	altitude
D0	d	0.50000000	0.50000000	0.00000000	0.00000000	10.00000000	0.00000000	0.00000000
S0	f	0.44158862	0.23409373	0.00000000	0.00000000	10.00000000	0.00000000	0.00000000
S1	f	0.66045201	0.23005723	0.00000000	0.00000000	10.00000000	0.00000000	0.00000000
S2	f	0.09809660	0.11765881	0.00000000	0.00000000	10.00000000	0.00000000	0.00000000
S3	f	0.22225459	0.99968566	0.00000000	0.00000000	10.00000000	0.00000000	0.00000000
S4	f	0.83521730	0.99773818	0.00000000	0.00000000	10.00000000	0.00000000	0.00000000
S5	f	0.14819089	0.35466440	0.00000000	0.00000000	10.00000000	0.00000000	0.00000000
C1	c	0.02887746	0.73858974	0.01919134	0.00000000	8.00000000	0.01043207	0.00000000
C2	c	0.73870111	0.01342062	0.22621372	0.10000000	8.10000000	0.01934362	0.00000000
C3	c	0.71786076	0.65730430	0.19412211	0.20000000	8.20000000	0.01215104	0.00000000
C4	c	0.48935636	0.16522465	0.06367241	0.30000000	8.30000000	0.01839640	0.00000000
C5	c	0.57584917	0.71808238	0.14244249	0.40000000	8.40000000	0.01515035	0.00000000
C6	c	0.56547130	0.40986047	0.07571535	0.50000000	8.50000000	0.02878644	0.00000000
C7	c	0.59070372	0.26474252	0.11249163	0.60000000	8.60000000	0.02799096	0.00000000
C8	c	0.08304325	0.19296229	0.25018186	0.70000000	8.70000000	0.02113409	0.00000000
C9	c	0.02480256	0.63711082	0.24873711	0.80000000	8.80000000	0.02118382	0.00000000
C10	c	0.85309648	0.35688519	0.23833592	0.90000000	8.90000000	0.02140445	0.00000000
C11	c	0.28874685	0.46612342	0.09948603	1.00000000	9.00000000	0.02925785	0.00000000
C12	c	0.19229334	0.25592679	0.23952847	1.10000000	9.10000000	0.01902519	0.00000000
C13	c	0.16227758	0.03116344	0.24606012	1.20000000	9.20000000	0.02045569	0.00000000
C14	c	0.30748688	0.29034808	0.07664327	1.30000000	9.30000000	0.01496449	0.00000000
C15	c	0.24134547	0.40257904	0.19863325	1.40000000	9.40000000	0.01601066	0.00000000
C16	c	0.32642986	0.20268167	0.21207392	1.50000000	9.50000000	0.02071870	0.00000000
C17	c	0.70377164	0.33489957	0.21277387	1.60000000	9.60000000	0.01720363	0.00000000
C18	c	0.62678576	0.61864317	0.04596126	1.70000000	9.70000000	0.02832254	0.00000000
C19	c	0.44158862	0.23409373	0.13380931	1.80000000	9.80000000	0.02487612	0.00000000
C20	c	0.18070538	0.83923588	0.09075215	1.90000000	9.90000000	0.01731220	0.00000000
C21	c	0.30648971	0.36269669	0.04003431	2.00000000	10.00000000	0.02248112	0.00000000
C22	c	0.21582801	0.47047489	0.14376146	2.00000000	10.00000000	0.02642327	0.00000000
C23	c	0.69172976	0.00306242	0.23209116	2.00000000	10.00000000	0.02080989	0.00000000
C24	c	0.40530107	0.73832522	0.10613653	2.00000000	10.00000000	0.01875970	0.00000000
C25	c	0.56018839	0.16650978	0.04096218	2.00000000	10.00000000	0.01287918	0.00000000
C26	c	0.24546951	0.89890837	0.25999657	2.00000000	10.00000000	0.01838446	0.00000000
C27	c	0.27609712	0.78224443	0.19791444	2.00000000	10.00000000	0.01830884	0.00000000
C28	c	0.92058212	0.78391921	0.11807259	2.00000000	10.00000000	0.02724303	0.00000000
C29	c	0.28505540	0.18372127	0.07841919	2.00000000	10.00000000	0.01824407	0.00000000
C30	c	0.57161875	0.81328842	0.15578595	2.00000000	10.00000000	0.01356065	0.00000000

Q Vehicle fuel tank capacity /0.40000000/
C Vehicle load capacity /1.50000000/
r fuel consumption rate /0.25000000/
g inverse refueling rate /1.00000000/
v average Velocity /1.00000000/
