StringID	Type	x	y	demand	ReadyTime	DueDate	ServiceTime	altitude
D0	d	0.50000000	0.50000000	0.00000000	0.00000000	10.00000000	0.00000000	0.00000000
S0	f	0.19802439	0.19792612	0.00000000	0.00000000	10.00000000	0.00000000	0.00000000
S1	f	0.14187126	0.53233131	0.00000000	0.00000000	10.00000000	0.00000000	0.00000000
S2	f	0.04446991	0.07324175	0.00000000	0.00000000	10.00000000	0.00000000	0.00000000
S3	f	0.64981304	0.04561911	0.00000000	0.00000000	10.00000000	0.00000000	0.00000000
S4	f	0.14820584	0.67003278	0.00000000	0.00000000	10.00000000	0.00000000	0.00000000
S5	f	0.53850901	0.37395280	0.00000000	0.00000000	10.00000000	0.00000000	0.00000000
S6	f	0.93691973	0.36042814	0.00000000	0.00000000	10.00000000	0.00000000	0.00000000
S7	f	0.76122685	0.20796986	0.00000000	0.00000000	10.00000000	0.00000000	0.00000000
S8	f	0.63991194	0.76477552	0.00000000	0.00000000	10.00000000	0.00000000	0.00000000
S9	f	0.50585360	0.22051582	0.00000000	0.00000000	10.00000000	0.00000000	0.00000000
C1	c	0.91084847	0.26561232	0.01976322	0.00000000	8.00000000	0.01437599	0.00000000
C2	c	0.45281204	0.53615975	0.15188236	0.06000000	8.06000000	0.02435730	0.00000000
C3	c	0.31650001	0.98490018	0.12175903	0.12000000	8.12000000	0.01521426	0.00000000
C4	c	0.98329496	0.06632402	0.10854706	0.18000000	8.18000000	0.02219615	0.00000000
C5	c	0.11986608	0.75756456	0.08058610	0.24000000	8.24000000	0.02688125	0.00000000
C6	c	0.07982704	0.62966589	0.02518728	0.30000000	8.30000000	0.01239204	0.00000000
C7	c	0.91248076	0.60231109	0.07810325	0.36000000	8.36000000	0.02970641	0.00000000
C8	c	0.03690641	0.63644297	0.05120662	0.42000000	8.42000000	0.02879420	0.00000000
C9	c	0.30646185	0.37018829	0.17386929	0.48000000	8.48000000	0.01800339	0.00000000
C10	c	0.59281989	0.48704177	0.13707471	0.54000000	8.54000000	0.01403985	0.00000000
C11	c	0.99291097	0.80841251	0.01249022	0.60000000	8.60000000	0.02830214	0.00000000
C12	c	0.38131307	0.75672115	0.14301368	0.66000000	8.66000000	0.01535064	0.00000000
C13	c	0.54308784	0.56938058	0.16963739	0.72000000	8.72000000	0.02023597	0.00000000
C14	c	0.41173196	0.07986557	0.02016038	0.78000000	8.78000000	0.01498117	0.00000000
C15	c	0.17183604	0.39522766	0.09254498	0.84000000	8.84000000	0.02824531	0.00000000
C16	c	0.78900753	0.80926171	0.11641218	0.90000000	8.90000000	0.01604458	0.00000000
C17	c	0.79849295	0.63410954	0.14809275	0.96000000	8.96000000	0.01512846	0.00000000
C18	c	0.38364146	0.86102915	0.05814844	1.02000000	9.02000000	0.02344239	0.00000000
C19	c	0.04222054	0.97454108	0.02721622	1.08000000	9.08000000	0.01392690	0.00000000
C20	c	0.98246261	0.76139306	0.13948835	1.14000000	9.14000000	0.01556702	0.00000000
C21	c	0.89336831	0.95618967	0.13300596	1.20000000	9.20000000	0.01808408	0.00000000
C22	c	0.73407502	0.51045541	0.15614576	1.26000000	9.26000000	0.01638112	0.00000000
C23	c	0.19802439	0.19792612	0.03582242	1.32000000	9.32000000	0.01414458	0.00000000
C24	c	0.55118741	0.89217391	0.15263588	1.38000000	9.38000000	0.01695551	0.00000000
C25	c	0.65886941	0.13424904	0.02963862	1.44000000	9.44000000	0.01370891	0.00000000
C26	c	0.66119029	0.62012361	0.02733539	1.50000000	9.50000000	0.02245760	0.00000000
C27	c	0.48228501	0.71786634	0.12279598	1.56000000	9.56000000	0.01551483	0.00000000
C28	c	0.17654636	0.98268058	0.03888762	1.62000000	9.62000000	0.01337051	0.00000000
C29	c	0.40893180	0.44368974	0.04539643	1.68000000	9.68000000	0.02291435	0.00000000
C30	c	0.01766160	0.02440201	0.06677744	1.74000000	9.74000000	0.02567856	0.00000000
C31	c	0.88079994	0.03633500	0.05664493	1.80000000	9.80000000	0.02101074	0.00000000
C32	c	0.44177539	0.58878887	0.08176006	1.86000000	9.86000000	0.02805291	0.00000000
C33	c	0.20907949	0.54012127	0.13200100	1.92000000	9.92000000	0.01868183	0.00000000
C34	c	0.06837942	0.88321950	0.04039932	1.98000000	9.98000000	0.01863736	0.00000000
C35	c	0.32731498	0.57627027	0.05957061	2.00000000	10.00000000	0.02074379	0.00000000
C36	c	0.37089063	0.81404528	0.14248878	2.00000000	10.00000000	0.02108361	0.00000000
C37	c	0.97999851	0.90746037	0.07641155	2.00000000	10.00000000	0.01366747	0.00000000
C38	c	0.33243985	0.12630698	0.12340872	2.00000000	10.00000000	0.02569907	0.00000000
C39	c	0.48332731	0.14496928	0.07012581	2.00000000	10.00000000	0.02583424	0.00000000
C40	c	0.43922841	0.02086742	0.08673564	2.00000000	10.00000000	0.02622367	0.00000000
C41	c	0.14187126	0.53233131	0.06869099	2.00000000	10.00000000	0.02723323	0.00000000
C42	c	0.82923806	0.18096253	0.04152790	2.00000000	10.00000000	0.02068622	0.00000000
C43	c	0.77674120	0.36691558	0.15766751	2.00000000	10.00000000	0.02913373	0.00000000
C44	c	0.91249033	0.99208386	0.12481007	2.00000000	10.00000000	0.02966167	0.00000000
C45	c	0.78290983	0.47802369	0.01822457	2.00000000	10.00000000	0.02520105	0.00000000
C46	c	0.35408835	0.29738279	0.08300348	2.00000000	10.00000000	0.01202040	0.00000000
C47	c	0.64260433	0.82632613	0.15834475	2.00000000	10.00000000	0.01357251	0.00000000
C48	c	0.08242919	0.16191352	0.12398768	2.00000000	10.00000000	0.01941581	0.00000000
C49	c	0.49949644	0.63852437	0.12067336	2.00000000	10.00000000	0.01926000	0.00000000
C50	c	0.57425649	0.20438272	0.04989824	2.00000000	10.00000000	0.01854762	0.00000000

Q Vehicle fuel tank capacity /0.40000000/
C Vehicle load capacity /1.50000000/
r fuel consumption rate /0.25000000/
g inverse refueling rate /1.00000000/
v average Velocity /1.00000000/
