StringID	Type	x	y	demand	ReadyTime	DueDate	ServiceTime	altitude
D0	d	0.50000000	0.50000000	0.00000000	0.00000000	10.00000000	0.00000000	0.00000000
S0	f	0.93939348	0.08446797	0.00000000	0.00000000	10.00000000	0.00000000	0.00000000
S1	f	0.43898478	0.79468546	0.00000000	0.00000000	10.00000000	0.00000000	0.00000000
S2	f	0.59418609	0.31710462	0.00000000	0.00000000	10.00000000	0.00000000	0.00000000
S3	f	0.22345083	0.55056355	0.00000000	0.00000000	10.00000000	0.00000000	0.00000000
S4	f	0.31997403	0.11849927	0.00000000	0.00000000	10.00000000	0.00000000	0.00000000
S5	f	0.43990060	0.31719082	0.00000000	0.00000000	10.00000000	0.00000000	0.00000000
S6	f	0.84980830	0.44123878	0.00000000	0.00000000	10.00000000	0.00000000	0.00000000
S7	f	0.55168880	0.06395350	0.00000000	0.00000000	10.00000000	0.00000000	0.00000000
S8	f	0.82848778	0.67803937	0.00000000	0.00000000	10.00000000	0.00000000	0.00000000
S9	f	0.36006076	0.51637849	0.00000000	0.00000000	10.00000000	0.00000000	0.00000000
C1	c	0.63154613	0.59496458	0.05105624	0.00000000	8.00000000	0.01644614	0.00000000
C2	c	0.20583866	0.74214818	0.02521683	0.06000000	8.06000000	0.01193749	0.00000000
C3	c	0.41169744	0.78788918	0.03677138	0.12000000	8.12000000	0.02882455	0.00000000
C4	c	0.50757665	0.21909343	0.12432445	0.18000000	8.18000000	0.02305806	0.00000000
C5	c	0.22765236	0.11398965	0.13554522	0.24000000	8.24000000	0.01225723	0.00000000
C6	c	0.57224644	0.57637974	0.15901365	0.30000000	8.30000000	0.02572532	0.00000000
C7	c	0.68740433	0.07067066	0.12332538	0.36000000	8.36000000	0.01564787	0.00000000
C8	c	0.65496441	0.46773274	0.08972830	0.42000000	8.42000000	0.02448997	0.00000000
C9	c	0.07696937	0.30456263	0.13231972	0.48000000	8.48000000	0.02502008	0.00000000
C10	c	0.09480194	0.85723116	0.11302647	0.54000000	8.54000000	0.01656244	0.00000000
C11	c	0.09993933	0.70104111	0.04103886	0.60000000	8.60000000	0.02391688	0.00000000
C12	c	0.91698921	0.04494083	0.03749497	0.66000000	8.66000000	0.02019137	0.00000000
C13	c	0.96515898	0.63592628	0.13317650	0.72000000	8.72000000	0.01081179	0.00000000
C14	c	0.10909490	0.92642133	0.14455932	0.78000000	8.78000000	0.02657719	0.00000000
C15	c	0.01054552	0.08486208	0.04742796	0.84000000	8.84000000	0.02907706	0.00000000
C16	c	0.41134875	0.60886442	0.06793895	0.90000000	8.90000000	0.02296796	0.00000000
C17	c	0.60012645	0.53545290	0.13929714	0.96000000	8.96000000	0.01300246	0.00000000
C18	c	0.49366430	0.82290806	0.08296226	1.02000000	9.02000000	0.02909260	0.00000000
C19	c	0.02658635	0.93484926	0.01618907	1.08000000	9.08000000	0.01848554	0.00000000
C20	c	0.93939348	0.08446797	0.02429787	1.14000000	9.14000000	0.02438641	0.00000000
C21	c	0.19384488	0.27946905	0.11140532	1.20000000	9.20000000	0.02110502	0.00000000
C22	c	0.38611293	0.83275683	0.11905456	1.26000000	9.26000000	0.01901818	0.00000000
C23	c	0.29625097	0.51062707	0.07910408	1.32000000	9.32000000	0.01125825	0.00000000
C24	c	0.28389985	0.38580139	0.08072592	1.38000000	9.38000000	0.02197141	0.00000000
C25	c	0.29008877	0.74556836	0.14086939	1.44000000	9.44000000	0.02621348	0.00000000
C26	c	0.09892581	0.42018009	0.08320136	1.50000000	9.50000000	0.02520850	0.00000000
C27	c	0.33805364	0.23327519	0.08296084	1.56000000	9.56000000	0.02191742	0.00000000
C28	c	0.85900228	0.37335759	0.01899521	1.62000000	9.62000000	0.02864162	0.00000000
C29	c	0.53917092	0.69322084	0.02979349	1.68000000	9.68000000	0.02110485	0.00000000
C30	c	0.10653847	0.61529166	0.05192986	1.74000000	9.74000000	0.01556283	0.00000000
C31	c	0.38841366	0.32503561	0.11223069	1.80000000	9.80000000	0.01518802	0.00000000
C32	c	0.24460160	0.81632782	0.12103753	1.86000000	9.86000000	0.01435609	0.00000000
C33	c	0.84229532	0.72412736	0.10095753	1.92000000	9.92000000	0.02630379	0.00000000
C34	c	0.80952058	0.47234550	0.14605189	1.98000000	9.98000000	0.02014811	0.00000000
C35	c	0.15503861	0.68023097	0.12569445	2.00000000	10.00000000	0.01117937	0.00000000
C36	c	0.51443856	0.30700303	0.04917504	2.00000000	10.00000000	0.01443115	0.00000000
C37	c	0.64376428	0.76405838	0.16959347	2.00000000	10.00000000	0.01312061	0.00000000
C38	c	0.85388222	0.59724603	0.07395634	2.00000000	10.00000000	0.01380599	0.00000000
C39	c	0.75771855	0.55069137	0.09421941	2.00000000	10.00000000	0.01270892	0.00000000
C40	c	0.03187998	0.20706903	0.11634062	2.00000000	10.00000000	0.02039276	0.00000000
C41	c	0.45758119	0.11414227	0.13170505	2.00000000	10.00000000	0.02653231	0.00000000
C42	c	0.84394043	0.78147885	0.09728843	2.00000000	10.00000000	0.01780401	0.00000000
C43	c	0.70665660	0.88899120	0.02971732	2.00000000	10.00000000	0.02967136	0.00000000
C44	c	0.13796789	0.55830650	0.07120192	2.00000000	10.00000000	0.01364406	0.00000000
C45	c	0.21528120	0.20279131	0.11571809	2.00000000	10.00000000	0.01155331	0.00000000
C46	c	0.31026695	0.45816786	0.09708552	2.00000000	10.00000000	0.02580196	0.00000000
C47	c	0.75275971	0.43567381	0.06803629	2.00000000	10.00000000	0.02663694	0.00000000
C48	c	0.77791962	0.85203017	0.03535618	2.00000000	10.00000000	0.02726569	0.00000000
C49	c	0.01393106	0.35407636	0.12073790	2.00000000	10.00000000	0.02070187	0.00000000
C50	c	0.62623933	0.03008174	0.10114575	2.00000000	10.00000000	0.01966818	0.00000000

Q Vehicle fuel tank capacity /0.40000000/
C Vehicle load capacity /1.50000000/
r fuel consumption rate /0.25000000/
g inverse refueling rate /1.00000000/
v average Velocity /1.00000000/
