StringID	Type	x	y	demand	ReadyTime	DueDate	ServiceTime	altitude
D0	d	0.50000000	0.50000000	0.00000000	0.00000000	10.00000000	0.00000000	0.00000000
S0	f	0.06495000	0.53490701	0.00000000	0.00000000	10.00000000	0.00000000	0.00000000
S1	f	0.32938287	0.71973857	0.00000000	0.00000000	10.00000000	0.00000000	0.00000000
S2	f	0.57139499	0.05271514	0.00000000	0.00000000	10.00000000	0.00000000	0.00000000
S3	f	0.09292763	0.21272809	0.00000000	0.00000000	10.00000000	0.00000000	0.00000000
S4	f	0.96071226	0.79265398	0.00000000	0.00000000	10.00000000	0.00000000	0.00000000
S5	f	0.31246143	0.95955715	0.00000000	0.00000000	10.00000000	0.00000000	0.00000000
C1	c	0.45740288	0.20388696	0.29034790	0.00000000	8.00000000	0.02152311	0.00000000
C2	c	0.45409058	0.25085645	0.19850698	0.10000000	8.10000000	0.01609322	0.00000000
C3	c	0.74611302	0.40168110	0.12053694	0.20000000	8.20000000	0.01379777	0.00000000
C4	c	0.66530793	0.40362137	0.07276637	0.30000000	8.30000000	0.02765451	0.00000000
C5	c	0.78422534	0.38987519	0.07857508	0.40000000	8.40000000	0.01709073	0.00000000
C6	c	0.78908826	0.43443900	0.22243055	0.50000000	8.50000000	0.02751380	0.00000000
C7	c	0.68047679	0.39502284	0.15658987	0.60000000	8.60000000	0.01391274	0.00000000
C8	c	0.83143739	0.37313744	0.25216112	0.70000000	8.70000000	0.02023975	0.00000000
C9	c	0.80398085	0.46091410	0.28425255	0.80000000	8.80000000	0.02318571	0.00000000
C10	c	0.92062340	0.46137862	0.02622139	0.90000000	8.90000000	0.01018005	0.00000000
C11	c	0.90819288	0.47163838	0.22065093	1.00000000	9.00000000	0.01414311	0.00000000
C12	c	0.89698690	0.41576945	0.12182323	1.10000000	9.10000000	0.02081649	0.00000000
C13	c	0.83380902	0.51351183	0.12718589	1.20000000	9.20000000	0.02352026	0.00000000
C14	c	0.96045929	0.56182298	0.10570469	1.30000000	9.30000000	0.02759686	0.00000000
C15	c	0.92496427	0.48946118	0.05450415	1.40000000	9.40000000	0.01258598	0.00000000
C16	c	0.34005749	0.89589848	0.09296323	1.50000000	9.50000000	0.02599730	0.00000000
C17	c	0.36737834	0.03907861	0.14536998	1.60000000	9.60000000	0.01686692	0.00000000
C18	c	0.16775938	0.53749989	0.06126596	1.70000000	9.70000000	0.01246614	0.00000000
C19	c	0.40004868	0.75486817	0.11942726	1.80000000	9.80000000	0.01756146	0.00000000
C20	c	0.57549455	0.87484418	0.28075124	1.90000000	9.90000000	0.02330309	0.00000000
C21	c	0.51666092	0.10994701	0.12735670	2.00000000	10.00000000	0.02288454	0.00000000
C22	c	0.57615545	0.30466095	0.03207294	2.00000000	10.00000000	0.01775540	0.00000000
C23	c	0.18988846	0.88272558	0.06942049	2.00000000	10.00000000	0.01764636	0.00000000
C24	c	0.65928534	0.00900231	0.17673176	2.00000000	10.00000000	0.01929990	0.00000000
C25	c	0.67601276	0.87984315	0.13683874	2.00000000	10.00000000	0.01976580	0.00000000
C26	c	0.12929903	0.79986521	0.23981944	2.00000000	10.00000000	0.01089728	0.00000000
C27	c	0.34334600	0.12330716	0.18775911	2.00000000	10.00000000	0.02356606	0.00000000
C28	c	0.37807316	0.66515473	0.27464056	2.00000000	10.00000000	0.01182054	0.00000000
C29	c	0.38231792	0.46499510	0.17068359	2.00000000	10.00000000	0.02311047	0.00000000
C30	c	0.48829019	0.04486400	0.05264137	2.00000000	10.00000000	0.02397884	0.00000000

Q Vehicle fuel tank capacity /0.40000000/
C Vehicle load capacity /1.50000000/
r fuel consumption rate /0.25000000/
g inverse refueling rate /1.00000000/
v average Velocity /1.00000000/
