StringID	Type	x	y	demand	ReadyTime	DueDate	ServiceTime	altitude
D0	d	0.50000000	0.50000000	0.00000000	0.00000000	10.00000000	0.00000000	0.00000000
S0	f	0.74788571	0.44699587	0.00000000	0.00000000	10.00000000	0.00000000	0.00000000
S1	f	0.72515603	0.63240939	0.00000000	0.00000000	10.00000000	0.00000000	0.00000000
S2	f	0.35641567	0.36664609	0.00000000	0.00000000	10.00000000	0.00000000	0.00000000
S3	f	0.49184802	0.59910538	0.00000000	0.00000000	10.00000000	0.00000000	0.00000000
S4	f	0.98895786	0.26711238	0.00000000	0.00000000	10.00000000	0.00000000	0.00000000
S5	f	0.51848629	0.76945147	0.00000000	0.00000000	10.00000000	0.00000000	0.00000000
S6	f	0.03841208	0.43250811	0.00000000	0.00000000	10.00000000	0.00000000	0.00000000
S7	f	0.21403348	0.81039396	0.00000000	0.00000000	10.00000000	0.00000000	0.00000000
S8	f	0.19685417	0.42207788	0.00000000	0.00000000	10.00000000	0.00000000	0.00000000
S9	f	0.85622903	0.25265678	0.00000000	0.00000000	10.00000000	0.00000000	0.00000000
C1	c	0.00563597	0.57409691	0.04464120	0.00000000	8.00000000	0.02407226	0.00000000
C2	c	0.04123502	0.59809601	0.02625230	0.06000000	8.06000000	0.01516250	0.00000000
C3	c	0.04877981	0.59547045	0.13486283	0.12000000	8.12000000	0.01412599	0.00000000
C4	c	0.05339178	0.55992728	0.09441926	0.18000000	8.18000000	0.02628648	0.00000000
C5	c	0.36087489	0.15028044	0.03756539	0.24000000	8.24000000	0.01399785	0.00000000
C6	c	0.35056720	0.21882691	0.10671197	0.30000000	8.30000000	0.01450532	0.00000000
C7	c	0.36971382	0.18993463	0.09172785	0.36000000	8.36000000	0.02513706	0.00000000
C8	c	0.48475709	0.09198974	0.10057828	0.42000000	8.42000000	0.01533561	0.00000000
C9	c	0.28823176	0.22053997	0.01129429	0.48000000	8.48000000	0.02635739	0.00000000
C10	c	0.32048975	0.21731781	0.05252266	0.54000000	8.54000000	0.01483477	0.00000000
C11	c	0.25572383	0.21061952	0.11942359	0.60000000	8.60000000	0.01587201	0.00000000
C12	c	0.33141723	0.17606251	0.08722231	0.66000000	8.66000000	0.02153058	0.00000000
C13	c	0.37637334	0.18285507	0.11565086	0.72000000	8.72000000	0.02879874	0.00000000
C14	c	0.35424001	0.15914738	0.01751918	0.78000000	8.78000000	0.01149009	0.00000000
C15	c	0.80762367	0.45448472	0.12484808	0.84000000	8.84000000	0.02121016	0.00000000
C16	c	0.78578361	0.53410811	0.14198113	0.90000000	8.90000000	0.01528229	0.00000000
C17	c	0.74832149	0.40654538	0.02110960	0.96000000	8.96000000	0.01847660	0.00000000
C18	c	0.79967607	0.32921159	0.13913529	1.02000000	9.02000000	0.02082419	0.00000000
C19	c	0.71778142	0.38974407	0.16234355	1.08000000	9.08000000	0.01242013	0.00000000
C20	c	0.78028442	0.40530613	0.10768598	1.14000000	9.14000000	0.02108255	0.00000000
C21	c	0.64059292	0.66476771	0.12473960	1.20000000	9.20000000	0.02773439	0.00000000
C22	c	0.60907209	0.63771859	0.04248810	1.26000000	9.26000000	0.01793886	0.00000000
C23	c	0.77661867	0.59474745	0.02729277	1.32000000	9.32000000	0.02881459	0.00000000
C24	c	0.82766527	0.56651455	0.16286886	1.38000000	9.38000000	0.01423695	0.00000000
C25	c	0.75168492	0.68826453	0.01961201	1.44000000	9.44000000	0.02035017	0.00000000
C26	c	0.18361506	0.87827641	0.01715736	1.50000000	9.50000000	0.02427265	0.00000000
C27	c	0.37628797	0.55585405	0.10134265	1.56000000	9.56000000	0.01538456	0.00000000
C28	c	0.11801198	0.90855413	0.06825255	1.62000000	9.62000000	0.02367215	0.00000000
C29	c	0.40531448	0.96974494	0.13689366	1.68000000	9.68000000	0.01431708	0.00000000
C30	c	0.93129021	0.67241612	0.14256592	1.74000000	9.74000000	0.02361202	0.00000000
C31	c	0.46090995	0.43184607	0.14692470	1.80000000	9.80000000	0.02014746	0.00000000
C32	c	0.41152658	0.70361287	0.10533313	1.86000000	9.86000000	0.02226621	0.00000000
C33	c	0.81432416	0.19989235	0.11392349	1.92000000	9.92000000	0.01907469	0.00000000
C34	c	0.22526609	0.75685301	0.02917046	1.98000000	9.98000000	0.02486823	0.00000000
C35	c	0.26678064	0.81786925	0.10022509	2.00000000	10.00000000	0.01486492	0.00000000
C36	c	0.24173854	0.29360041	0.09272123	2.00000000	10.00000000	0.02601210	0.00000000
C37	c	0.57652920	0.93993684	0.06114914	2.00000000	10.00000000	0.02352250	0.00000000
C38	c	0.26411437	0.42382993	0.03934122	2.00000000	10.00000000	0.01051889	0.00000000
C39	c	0.54120948	0.12100661	0.14649474	2.00000000	10.00000000	0.02023376	0.00000000
C40	c	0.55412758	0.88671938	0.06906157	2.00000000	10.00000000	0.01584265	0.00000000
C41	c	0.21184756	0.51750868	0.09676016	2.00000000	10.00000000	0.02601711	0.00000000
C42	c	0.71363250	0.26922779	0.02922175	2.00000000	10.00000000	0.02456273	0.00000000
C43	c	0.68360769	0.21585407	0.15116517	2.00000000	10.00000000	0.02502402	0.00000000
C44	c	0.68060079	0.50737297	0.07353900	2.00000000	10.00000000	0.01287399	0.00000000
C45	c	0.61331034	0.45373440	0.16060403	2.00000000	10.00000000	0.01203749	0.00000000
C46	c	0.80060509	0.67612497	0.15467228	2.00000000	10.00000000	0.02207003	0.00000000
C47	c	0.02594461	0.51168782	0.11474020	2.00000000	10.00000000	0.01386490	0.00000000
C48	c	0.72813642	0.75120121	0.08211476	2.00000000	10.00000000	0.02717138	0.00000000
C49	c	0.14369971	0.10187466	0.07763157	2.00000000	10.00000000	0.02705672	0.00000000
C50	c	0.60350127	0.19324515	0.07449723	2.00000000	10.00000000	0.02322240	0.00000000

Q Vehicle fuel tank capacity /0.40000000/
C Vehicle load capacity /1.50000000/
r fuel consumption rate /0.25000000/
g inverse refueling rate /1.00000000/
v average Velocity /1.00000000/
