StringID	Type	x	y	demand	ReadyTime	DueDate	ServiceTime	altitude
D0	d	0.50000000	0.50000000	0.00000000	0.00000000	10.00000000	0.00000000	0.00000000
S0	f	0.71461998	0.93889172	0.00000000	0.00000000	10.00000000	0.00000000	0.00000000
S1	f	0.06437127	0.02366476	0.00000000	0.00000000	10.00000000	0.00000000	0.00000000
S2	f	0.03625052	0.07892972	0.00000000	0.00000000	10.00000000	0.00000000	0.00000000
S3	f	0.39501836	0.27558763	0.00000000	0.00000000	10.00000000	0.00000000	0.00000000
S4	f	0.16450525	0.18231874	0.00000000	0.00000000	10.00000000	0.00000000	0.00000000
S5	f	0.70949275	0.53232086	0.00000000	0.00000000	10.00000000	0.00000000	0.00000000
C1	c	0.72783733	0.68244379	0.07145951	0.00000000	8.00000000	0.01455400	0.00000000
C2	c	0.62629335	0.45456367	0.23079018	0.10000000	8.10000000	0.02440776	0.00000000
C3	c	0.27631908	0.06923129	0.24331161	0.20000000	8.20000000	0.01658109	0.00000000
C4	c	0.36441970	0.84128599	0.05567133	0.30000000	8.30000000	0.02821456	0.00000000
C5	c	0.35720075	0.63788352	0.24111952	0.40000000	8.40000000	0.01019150	0.00000000
C6	c	0.57616605	0.48679396	0.05601562	0.50000000	8.50000000	0.02400671	0.00000000
C7	c	0.68954894	0.24281713	0.09709825	0.60000000	8.60000000	0.02578204	0.00000000
C8	c	0.23965656	0.73598516	0.07501935	0.70000000	8.70000000	0.02582654	0.00000000
C9	c	0.02901598	0.71706186	0.07387325	0.80000000	8.80000000	0.02303262	0.00000000
C10	c	0.96546431	0.24961602	0.16627208	0.90000000	8.90000000	0.02781944	0.00000000
C11	c	0.74952395	0.60823964	0.13118175	1.00000000	9.00000000	0.01665063	0.00000000
C12	c	0.91733394	0.30318418	0.20126504	1.10000000	9.10000000	0.02608765	0.00000000
C13	c	0.12459887	0.93306587	0.12613612	1.20000000	9.20000000	0.02849682	0.00000000
C14	c	0.60539897	0.20612266	0.17064800	1.30000000	9.30000000	0.02539234	0.00000000
C15	c	0.52008804	0.37587912	0.25007080	1.40000000	9.40000000	0.01095323	0.00000000
C16	c	0.84735419	0.14811888	0.13254860	1.50000000	9.50000000	0.01157479	0.00000000
C17	c	0.02037946	0.15216704	0.14347404	1.60000000	9.60000000	0.01825643	0.00000000
C18	c	0.17215895	0.62658622	0.11058177	1.70000000	9.70000000	0.01206687	0.00000000
C19	c	0.98100994	0.44587493	0.09920555	1.80000000	9.80000000	0.02841930	0.00000000
C20	c	0.71461998	0.93889172	0.13779908	1.90000000	9.90000000	0.01032163	0.00000000
C21	c	0.41302634	0.51576776	0.21799368	2.00000000	10.00000000	0.02987121	0.00000000
C22	c	0.96544138	0.61443066	0.20700852	2.00000000	10.00000000	0.02008481	0.00000000
C23	c	0.42122096	0.68443880	0.22783566	2.00000000	10.00000000	0.02259572	0.00000000
C24	c	0.19462047	0.69750904	0.21064301	2.00000000	10.00000000	0.02077219	0.00000000
C25	c	0.63884888	0.09953279	0.13830387	2.00000000	10.00000000	0.01152958	0.00000000
C26	c	0.28526210	0.81946208	0.13329753	2.00000000	10.00000000	0.02728111	0.00000000
C27	c	0.92968640	0.40137819	0.21906471	2.00000000	10.00000000	0.02426052	0.00000000
C28	c	0.07189807	0.98523136	0.11864433	2.00000000	10.00000000	0.02275000	0.00000000
C29	c	0.12269695	0.82580996	0.04403187	2.00000000	10.00000000	0.01883183	0.00000000
C30	c	0.99122596	0.11122586	0.16963537	2.00000000	10.00000000	0.02190055	0.00000000

Q Vehicle fuel tank capacity /0.40000000/
C Vehicle load capacity /1.50000000/
r fuel consumption rate /0.25000000/
g inverse refueling rate /1.00000000/
v average Velocity /1.00000000/
