StringID	Type	x	y	demand	ReadyTime	DueDate	ServiceTime	altitude
D0	d	0.50000000	0.50000000	0.00000000	0.00000000	10.00000000	0.00000000	0.00000000
S0	f	0.74938738	0.83729545	0.00000000	0.00000000	10.00000000	0.00000000	0.00000000
S1	f	0.47820297	0.06676514	0.00000000	0.00000000	10.00000000	0.00000000	0.00000000
S2	f	0.90969843	0.07266389	0.00000000	0.00000000	10.00000000	0.00000000	0.00000000
S3	f	0.94590205	0.29014648	0.00000000	0.00000000	10.00000000	0.00000000	0.00000000
S4	f	0.82764983	0.21267729	0.00000000	0.00000000	10.00000000	0.00000000	0.00000000
S5	f	0.62966692	0.01351985	0.00000000	0.00000000	10.00000000	0.00000000	0.00000000
S6	f	0.39941576	0.39871952	0.00000000	0.00000000	10.00000000	0.00000000	0.00000000
S7	f	0.22189700	0.27033431	0.00000000	0.00000000	10.00000000	0.00000000	0.00000000
S8	f	0.55278334	0.28944446	0.00000000	0.00000000	10.00000000	0.00000000	0.00000000
S9	f	0.92868248	0.95505185	0.00000000	0.00000000	10.00000000	0.00000000	0.00000000
C1	c	0.55898974	0.62565933	0.12331874	0.00000000	8.00000000	0.01227103	0.00000000
C2	c	0.05713368	0.46315588	0.14513144	0.06000000	8.06000000	0.02838702	0.00000000
C3	c	0.94613659	0.61978299	0.07457072	0.12000000	8.12000000	0.02145653	0.00000000
C4	c	0.77634283	0.11506868	0.12444292	0.18000000	8.18000000	0.01366283	0.00000000
C5	c	0.00592317	0.65439529	0.10358519	0.24000000	8.24000000	0.01476477	0.00000000
C6	c	0.05802970	0.67858874	0.05184680	0.30000000	8.30000000	0.01903623	0.00000000
C7	c	0.84034949	0.85952291	0.01834582	0.36000000	8.36000000	0.02388551	0.00000000
C8	c	0.75070943	0.80409151	0.06452723	0.42000000	8.42000000	0.01399204	0.00000000
C9	c	0.07176746	0.13678382	0.13055044	0.48000000	8.48000000	0.01088822	0.00000000
C10	c	0.25884313	0.18218257	0.07799659	0.54000000	8.54000000	0.01086104	0.00000000
C11	c	0.17280146	0.07283478	0.14217257	0.60000000	8.60000000	0.01233205	0.00000000
C12	c	0.30544880	0.29515109	0.02547788	0.66000000	8.66000000	0.02866742	0.00000000
C13	c	0.43046465	0.35142478	0.04286522	0.72000000	8.72000000	0.01024991	0.00000000
C14	c	0.54359153	0.19626865	0.02852216	0.78000000	8.78000000	0.01821348	0.00000000
C15	c	0.95168730	0.41950909	0.10636733	0.84000000	8.84000000	0.01488608	0.00000000
C16	c	0.92681953	0.18893607	0.06647810	0.90000000	8.90000000	0.01375927	0.00000000
C17	c	0.50245525	0.68726615	0.02126888	0.96000000	8.96000000	0.02931822	0.00000000
C18	c	0.34657458	0.74536133	0.15728910	1.02000000	9.02000000	0.02923757	0.00000000
C19	c	0.80115857	0.49313769	0.14792466	1.08000000	9.08000000	0.01935751	0.00000000
C20	c	0.47564093	0.92163420	0.08189427	1.14000000	9.14000000	0.01713336	0.00000000
C21	c	0.66915503	0.87242858	0.13341798	1.20000000	9.20000000	0.01434201	0.00000000
C22	c	0.10178488	0.43424483	0.01647484	1.26000000	9.26000000	0.02457203	0.00000000
C23	c	0.62418955	0.99227178	0.07835298	1.32000000	9.32000000	0.02515329	0.00000000
C24	c	0.37422906	0.89913784	0.01398503	1.38000000	9.38000000	0.02156548	0.00000000
C25	c	0.48484453	0.28794844	0.15619943	1.44000000	9.44000000	0.02941088	0.00000000
C26	c	0.02532388	0.04491053	0.04426797	1.50000000	9.50000000	0.02377141	0.00000000
C27	c	0.81503896	0.37837634	0.01766692	1.56000000	9.56000000	0.01671966	0.00000000
C28	c	0.22212203	0.04060719	0.16254956	1.62000000	9.62000000	0.02218570	0.00000000
C29	c	0.45623722	0.43611608	0.12111537	1.68000000	9.68000000	0.01417184	0.00000000
C30	c	0.24825708	0.77270702	0.06731417	1.74000000	9.74000000	0.01952974	0.00000000
C31	c	0.44134060	0.98024357	0.02994153	1.80000000	9.80000000	0.01275631	0.00000000
C32	c	0.24351474	0.23328320	0.02711501	1.86000000	9.86000000	0.02354844	0.00000000
C33	c	0.71144191	0.13492129	0.04223896	1.92000000	9.92000000	0.02545571	0.00000000
C34	c	0.47820297	0.06676514	0.15937872	1.98000000	9.98000000	0.02565273	0.00000000
C35	c	0.87459344	0.71611376	0.10763578	2.00000000	10.00000000	0.02705177	0.00000000
C36	c	0.89117125	0.31344326	0.07739242	2.00000000	10.00000000	0.02706110	0.00000000
C37	c	0.80568029	0.15060618	0.13545181	2.00000000	10.00000000	0.01646226	0.00000000
C38	c	0.99868091	0.87663642	0.13294387	2.00000000	10.00000000	0.01743530	0.00000000
C39	c	0.89976098	0.02015501	0.08901538	2.00000000	10.00000000	0.02735063	0.00000000
C40	c	0.69794988	0.75698854	0.14878851	2.00000000	10.00000000	0.02336765	0.00000000
C41	c	0.83315770	0.32139490	0.11172796	2.00000000	10.00000000	0.02050691	0.00000000
C42	c	0.10272073	0.67172730	0.15455345	2.00000000	10.00000000	0.01686032	0.00000000
C43	c	0.52970320	0.44268898	0.16531932	2.00000000	10.00000000	0.02744717	0.00000000
C44	c	0.75801555	0.22596593	0.14330504	2.00000000	10.00000000	0.01485994	0.00000000
C45	c	0.99847289	0.37020968	0.04534492	2.00000000	10.00000000	0.02698833	0.00000000
C46	c	0.70727740	0.49831434	0.12603212	2.00000000	10.00000000	0.02606186	0.00000000
C47	c	0.76181228	0.31817022	0.03000405	2.00000000	10.00000000	0.01568828	0.00000000
C48	c	0.40728633	0.03884074	0.08023159	2.00000000	10.00000000	0.01975861	0.00000000
C49	c	0.72213577	0.25543405	0.12069488	2.00000000	10.00000000	0.02860417	0.00000000
C50	c	0.33772694	0.96211670	0.02696435	2.00000000	10.00000000	0.01976059	0.00000000

Q Vehicle fuel tank capacity /0.40000000/
C Vehicle load capacity /1.50000000/
r fuel consumption rate /0.25000000/
g inverse refueling rate /1.00000000/
v average Velocity /1.00000000/
