StringID	Type	x	y	demand	ReadyTime	DueDate	ServiceTime	altitude
D0	d	0.50000000	0.50000000	0.00000000	0.00000000	10.00000000	0.00000000	0.00000000
S0	f	0.03930630	0.61475558	0.00000000	0.00000000	10.00000000	0.00000000	0.00000000
S1	f	0.07443946	0.11564288	0.00000000	0.00000000	10.00000000	0.00000000	0.00000000
S2	f	0.21878073	0.62542188	0.00000000	0.00000000	10.00000000	0.00000000	0.00000000
S3	f	0.08447165	0.61016713	0.00000000	0.00000000	10.00000000	0.00000000	0.00000000
S4	f	0.88891643	0.33519514	0.00000000	0.00000000	10.00000000	0.00000000	0.00000000
S5	f	0.92381646	0.99260018	0.00000000	0.00000000	10.00000000	0.00000000	0.00000000
S6	f	0.16436223	0.61540456	0.00000000	0.00000000	10.00000000	0.00000000	0.00000000
S7	f	0.49421106	0.22150648	0.00000000	0.00000000	10.00000000	0.00000000	0.00000000
S8	f	0.82133869	0.64876837	0.00000000	0.00000000	10.00000000	0.00000000	0.00000000
S9	f	0.27721525	0.12317280	0.00000000	0.00000000	10.00000000	0.00000000	0.00000000
C1	c	0.23539446	0.06134665	0.11452932	0.00000000	8.00000000	0.01633642	0.00000000
C2	c	0.38054834	0.09553326	0.14515475	0.06000000	8.06000000	0.01687551	0.00000000
C3	c	0.07021888	0.65447834	0.07043927	0.12000000	8.12000000	0.02828005	0.00000000
C4	c	0.01808950	0.65234546	0.14669283	0.18000000	8.18000000	0.02711150	0.00000000
C5	c	0.00000000	0.63265307	0.10355262	0.24000000	8.24000000	0.02154365	0.00000000
C6	c	0.28284753	0.87643367	0.13484065	0.30000000	8.30000000	0.01472445	0.00000000
C7	c	0.34658633	0.87565318	0.07340888	0.36000000	8.36000000	0.02999644	0.00000000
C8	c	0.31777154	0.78076385	0.04569415	0.42000000	8.42000000	0.01890052	0.00000000
C9	c	0.30481592	0.91425514	0.08629217	0.48000000	8.48000000	0.02470866	0.00000000
C10	c	0.33489890	0.93965383	0.15805610	0.54000000	8.54000000	0.02442534	0.00000000
C11	c	0.48326830	0.70312386	0.02929195	0.60000000	8.60000000	0.02497807	0.00000000
C12	c	0.51787564	0.57868851	0.14821833	0.66000000	8.66000000	0.02420860	0.00000000
C13	c	0.47127540	0.75037240	0.11539488	0.72000000	8.72000000	0.02715494	0.00000000
C14	c	0.46997922	0.67274800	0.16771001	0.78000000	8.78000000	0.01035075	0.00000000
C15	c	0.48239370	0.65514758	0.09116719	0.84000000	8.84000000	0.02650929	0.00000000
C16	c	0.52480315	0.65349305	0.01890323	0.90000000	8.90000000	0.01631065	0.00000000
C17	c	0.46861065	0.70771804	0.13214307	0.96000000	8.96000000	0.01889082	0.00000000
C18	c	0.50426935	0.58984853	0.01650869	1.02000000	9.02000000	0.02005425	0.00000000
C19	c	0.79155299	0.83228628	0.04805182	1.08000000	9.08000000	0.01172779	0.00000000
C20	c	0.86572968	0.80823699	0.08299561	1.14000000	9.14000000	0.02087638	0.00000000
C21	c	0.89575429	0.72062423	0.01465228	1.20000000	9.20000000	0.01348878	0.00000000
C22	c	0.97927410	0.80897964	0.06292584	1.26000000	9.26000000	0.01212770	0.00000000
C23	c	0.86647698	0.78306676	0.06630336	1.32000000	9.32000000	0.01988899	0.00000000
C24	c	0.87089849	0.77940548	0.10292673	1.38000000	9.38000000	0.02250536	0.00000000
C25	c	0.93548033	0.73306266	0.09992538	1.44000000	9.44000000	0.02147241	0.00000000
C26	c	0.59921182	0.05815366	0.10625684	1.50000000	9.50000000	0.01586425	0.00000000
C27	c	0.19138549	0.96906932	0.15726888	1.56000000	9.56000000	0.01816944	0.00000000
C28	c	0.63889207	0.91270990	0.15624228	1.62000000	9.62000000	0.02857406	0.00000000
C29	c	0.29649578	0.54263379	0.02243715	1.68000000	9.68000000	0.01758868	0.00000000
C30	c	0.08437570	0.18936451	0.10557257	1.74000000	9.74000000	0.01114230	0.00000000
C31	c	0.16389765	0.13994996	0.15887438	1.80000000	9.80000000	0.01129950	0.00000000
C32	c	0.51242779	0.31682081	0.07275555	1.86000000	9.86000000	0.01641225	0.00000000
C33	c	0.85557490	0.57718254	0.14400405	1.92000000	9.92000000	0.02839181	0.00000000
C34	c	0.23622274	0.99982215	0.07227255	1.98000000	9.98000000	0.01343496	0.00000000
C35	c	0.72126722	0.74890347	0.11470659	2.00000000	10.00000000	0.02927658	0.00000000
C36	c	0.71042981	0.85774715	0.03821476	2.00000000	10.00000000	0.01456165	0.00000000
C37	c	0.01753726	0.82546439	0.10065884	2.00000000	10.00000000	0.02870020	0.00000000
C38	c	0.31553237	0.44454097	0.10499929	2.00000000	10.00000000	0.02549480	0.00000000
C39	c	0.50271247	0.08638948	0.02028813	2.00000000	10.00000000	0.01513974	0.00000000
C40	c	0.54381898	0.17443918	0.04114767	2.00000000	10.00000000	0.01336996	0.00000000
C41	c	0.10638484	0.49444930	0.16290630	2.00000000	10.00000000	0.02314802	0.00000000
C42	c	0.62526796	0.57362055	0.11121186	2.00000000	10.00000000	0.01034682	0.00000000
C43	c	0.29321249	0.40847218	0.15408234	2.00000000	10.00000000	0.02631345	0.00000000
C44	c	0.92870300	0.37943424	0.05760434	2.00000000	10.00000000	0.02315786	0.00000000
C45	c	0.05711491	0.06497505	0.09614111	2.00000000	10.00000000	0.02987985	0.00000000
C46	c	0.22808231	0.93500995	0.02439361	2.00000000	10.00000000	0.01530912	0.00000000
C47	c	0.77474006	0.25698677	0.04083126	2.00000000	10.00000000	0.01434620	0.00000000
C48	c	0.16849782	0.65740096	0.03684402	2.00000000	10.00000000	0.01982740	0.00000000
C49	c	0.65789313	0.99399240	0.03309463	2.00000000	10.00000000	0.01963861	0.00000000
C50	c	0.26545621	0.21730979	0.09141189	2.00000000	10.00000000	0.02148902	0.00000000

Q Vehicle fuel tank capacity /0.40000000/
C Vehicle load capacity /1.50000000/
r fuel consumption rate /0.25000000/
g inverse refueling rate /1.00000000/
v average Velocity /1.00000000/
