StringID	Type	x	y	demand	ReadyTime	DueDate	ServiceTime	altitude
D0	d	0.50000000	0.50000000	0.00000000	0.00000000	10.00000000	0.00000000	0.00000000
S0	f	0.43594831	0.50211971	0.00000000	0.00000000	10.00000000	0.00000000	0.00000000
S1	f	0.99227388	0.63523953	0.00000000	0.00000000	10.00000000	0.00000000	0.00000000
S2	f	0.17971812	0.21789475	0.00000000	0.00000000	10.00000000	0.00000000	0.00000000
S3	f	0.63502540	0.97246172	0.00000000	0.00000000	10.00000000	0.00000000	0.00000000
S4	f	0.13071864	0.27208697	0.00000000	0.00000000	10.00000000	0.00000000	0.00000000
S5	f	0.69422204	0.51375176	0.00000000	0.00000000	10.00000000	0.00000000	0.00000000
S6	f	0.21829206	0.23799986	0.00000000	0.00000000	10.00000000	0.00000000	0.00000000
S7	f	0.64775786	0.73206034	0.00000000	0.00000000	10.00000000	0.00000000	0.00000000
S8	f	0.02198739	0.74702546	0.00000000	0.00000000	10.00000000	0.00000000	0.00000000
S9	f	0.04473306	0.14835501	0.00000000	0.00000000	10.00000000	0.00000000	0.00000000
C1	c	0.67974673	0.24677488	0.15883502	0.00000000	8.00000000	0.01413411	0.00000000
C2	c	0.68291487	0.30795776	0.05513383	0.06000000	8.06000000	0.01936115	0.00000000
C3	c	0.64799455	0.39683250	0.09866812	0.12000000	8.12000000	0.01076380	0.00000000
C4	c	0.74170347	0.30551081	0.06900231	0.18000000	8.18000000	0.02310733	0.00000000
C5	c	0.63873087	0.26527453	0.11987879	0.24000000	8.24000000	0.02289623	0.00000000
C6	c	0.63150667	0.21749359	0.14389903	0.30000000	8.30000000	0.02356299	0.00000000
C7	c	0.66576421	0.26591757	0.11262564	0.36000000	8.36000000	0.01446327	0.00000000
C8	c	0.70671016	0.31216268	0.08413370	0.42000000	8.42000000	0.02566806	0.00000000
C9	c	0.70681361	0.27253369	0.09146579	0.48000000	8.48000000	0.01291848	0.00000000
C10	c	0.69012547	0.26790363	0.10199539	0.54000000	8.54000000	0.02129858	0.00000000
C11	c	0.26960573	0.71602171	0.01278709	0.60000000	8.60000000	0.01005492	0.00000000
C12	c	0.33888570	0.67407195	0.10320422	0.66000000	8.66000000	0.01242322	0.00000000
C13	c	0.33592260	0.68122432	0.13933332	0.72000000	8.72000000	0.02997986	0.00000000
C14	c	0.34455800	0.69602038	0.06315055	0.78000000	8.78000000	0.02577800	0.00000000
C15	c	0.71977814	0.13301899	0.02507772	0.84000000	8.84000000	0.02516228	0.00000000
C16	c	0.69993319	0.25591727	0.14466009	0.90000000	8.90000000	0.02956572	0.00000000
C17	c	0.52839474	0.49085336	0.07501190	0.96000000	8.96000000	0.01865385	0.00000000
C18	c	0.44657015	0.54370825	0.09318364	1.02000000	9.02000000	0.01461758	0.00000000
C19	c	0.48408107	0.54215357	0.09698109	1.08000000	9.08000000	0.01676733	0.00000000
C20	c	0.89421639	0.93159479	0.02422156	1.14000000	9.14000000	0.01011277	0.00000000
C21	c	1.00000000	0.92411751	0.06223090	1.20000000	9.20000000	0.01635936	0.00000000
C22	c	0.91688798	0.91593213	0.10654878	1.26000000	9.26000000	0.02675404	0.00000000
C23	c	0.99180396	0.90957479	0.06157402	1.32000000	9.32000000	0.01652900	0.00000000
C24	c	0.97399465	0.89119095	0.12492107	1.38000000	9.38000000	0.02359343	0.00000000
C25	c	1.00000000	0.87584121	0.07588211	1.44000000	9.44000000	0.01775143	0.00000000
C26	c	0.44204361	0.17566482	0.13768773	1.50000000	9.50000000	0.02389131	0.00000000
C27	c	0.99257594	0.54763717	0.12276035	1.56000000	9.56000000	0.02972084	0.00000000
C28	c	0.58230589	0.65266985	0.12339357	1.62000000	9.62000000	0.02284147	0.00000000
C29	c	0.53969630	0.62829106	0.09779214	1.68000000	9.68000000	0.02324664	0.00000000
C30	c	0.66997917	0.04604228	0.05009256	1.74000000	9.74000000	0.01116692	0.00000000
C31	c	0.12048270	0.50322432	0.05128618	1.80000000	9.80000000	0.02050667	0.00000000
C32	c	0.30019931	0.93974013	0.02867755	1.86000000	9.86000000	0.02138127	0.00000000
C33	c	0.62350672	0.62613632	0.01334392	1.92000000	9.92000000	0.01762502	0.00000000
C34	c	0.95813697	0.20670557	0.07926513	1.98000000	9.98000000	0.02235780	0.00000000
C35	c	0.46805761	0.03819022	0.03814402	2.00000000	10.00000000	0.01573560	0.00000000
C36	c	0.78340292	0.14592390	0.16425128	2.00000000	10.00000000	0.01639643	0.00000000
C37	c	0.56492878	0.00274624	0.09556570	2.00000000	10.00000000	0.02156545	0.00000000
C38	c	0.12116094	0.99899282	0.10091754	2.00000000	10.00000000	0.02345010	0.00000000
C39	c	0.78890000	0.75811419	0.11177969	2.00000000	10.00000000	0.01700193	0.00000000
C40	c	0.97828593	0.43269230	0.09433986	2.00000000	10.00000000	0.01780837	0.00000000
C41	c	0.23087879	0.33836654	0.10801631	2.00000000	10.00000000	0.02630040	0.00000000
C42	c	0.00563842	0.31796806	0.11445174	2.00000000	10.00000000	0.02463186	0.00000000
C43	c	0.83770197	0.32644982	0.01813408	2.00000000	10.00000000	0.01102658	0.00000000
C44	c	0.69456564	0.98604213	0.02962550	2.00000000	10.00000000	0.02456253	0.00000000
C45	c	0.64207338	0.66233209	0.08870965	2.00000000	10.00000000	0.01105933	0.00000000
C46	c	0.05834602	0.52533367	0.05736851	2.00000000	10.00000000	0.02435422	0.00000000
C47	c	0.56906359	0.38125112	0.15609497	2.00000000	10.00000000	0.02309425	0.00000000
C48	c	0.31982159	0.57827245	0.10727775	2.00000000	10.00000000	0.01827933	0.00000000
C49	c	0.67250485	0.35009650	0.10768368	2.00000000	10.00000000	0.02730620	0.00000000
C50	c	0.39041863	0.81501999	0.15893490	2.00000000	10.00000000	0.02551069	0.00000000

Q Vehicle fuel tank capacity /0.40000000/
C Vehicle load capacity /1.50000000/
r fuel consumption rate /0.25000000/
g inverse refueling rate /1.00000000/
v average Velocity /1.00000000/
