StringID	Type	x	y	demand	ReadyTime	DueDate	ServiceTime	altitude
D0	d	0.50000000	0.50000000	0.00000000	0.00000000	10.00000000	0.00000000	0.00000000
S0	f	0.10620639	0.64631277	0.00000000	0.00000000	10.00000000	0.00000000	0.00000000
S1	f	0.36015211	0.56042235	0.00000000	0.00000000	10.00000000	0.00000000	0.00000000
S2	f	0.31010795	0.28372772	0.00000000	0.00000000	10.00000000	0.00000000	0.00000000
S3	f	0.04960626	0.83313101	0.00000000	0.00000000	10.00000000	0.00000000	0.00000000
S4	f	0.22510645	0.49724532	0.00000000	0.00000000	10.00000000	0.00000000	0.00000000
S5	f	0.24977147	0.10070582	0.00000000	0.00000000	10.00000000	0.00000000	0.00000000
C1	c	0.00000000	0.99651015	0.08895216	0.00000000	8.00000000	0.02591559	0.00000000
C2	c	0.11061793	0.95887781	0.24361121	0.10000000	8.10000000	0.01264803	0.00000000
C3	c	0.00000000	0.91704996	0.22042757	0.20000000	8.20000000	0.01736694	0.00000000
C4	c	0.22157780	0.75480939	0.11396518	0.30000000	8.30000000	0.02128407	0.00000000
C5	c	0.13492647	0.83148544	0.14348687	0.40000000	8.40000000	0.02069674	0.00000000
C6	c	0.08874309	0.85692881	0.21568674	0.50000000	8.50000000	0.01272798	0.00000000
C7	c	0.12884981	0.77613821	0.11829280	0.60000000	8.60000000	0.02366023	0.00000000
C8	c	0.14030726	0.82244535	0.15119074	0.70000000	8.70000000	0.01142127	0.00000000
C9	c	0.18247101	0.81436442	0.15956288	0.80000000	8.80000000	0.02523148	0.00000000
C10	c	0.14519837	0.81135771	0.15882963	0.90000000	8.90000000	0.01294776	0.00000000
C11	c	0.66948164	0.87508116	0.07874187	1.00000000	9.00000000	0.02637028	0.00000000
C12	c	0.63436962	0.80474526	0.14669456	1.10000000	9.10000000	0.02388031	0.00000000
C13	c	0.63584102	0.76655804	0.06746287	1.20000000	9.20000000	0.02579351	0.00000000
C14	c	0.67352141	0.82931541	0.26009653	1.30000000	9.30000000	0.02631350	0.00000000
C15	c	0.67579716	0.74710661	0.19725532	1.40000000	9.40000000	0.01217737	0.00000000
C16	c	0.28842391	0.36813489	0.15764063	1.50000000	9.50000000	0.01143661	0.00000000
C17	c	0.35823445	0.44486844	0.22367937	1.60000000	9.60000000	0.02972818	0.00000000
C18	c	0.25074677	0.55581637	0.16573091	1.70000000	9.70000000	0.01827313	0.00000000
C19	c	0.76737771	0.85320699	0.09717328	1.80000000	9.80000000	0.02595902	0.00000000
C20	c	0.42044231	0.62567096	0.08777906	1.90000000	9.90000000	0.02058092	0.00000000
C21	c	0.39588213	0.79577954	0.10722302	2.00000000	10.00000000	0.01881649	0.00000000
C22	c	0.13240157	0.36834709	0.10480800	2.00000000	10.00000000	0.02659359	0.00000000
C23	c	0.56420366	0.53483699	0.12594069	2.00000000	10.00000000	0.01423710	0.00000000
C24	c	0.13639918	0.68301157	0.07858845	2.00000000	10.00000000	0.01132423	0.00000000
C25	c	0.07106367	0.76157386	0.15300429	2.00000000	10.00000000	0.01553100	0.00000000
C26	c	0.69401572	0.78967549	0.20461060	2.00000000	10.00000000	0.01087277	0.00000000
C27	c	0.81567516	0.10886873	0.22554699	2.00000000	10.00000000	0.02013856	0.00000000
C28	c	0.07183034	0.98640889	0.11998241	2.00000000	10.00000000	0.01873035	0.00000000
C29	c	0.52904595	0.44082443	0.17004397	2.00000000	10.00000000	0.01962300	0.00000000
C30	c	0.82967930	0.21185505	0.11399142	2.00000000	10.00000000	0.02231123	0.00000000

Q Vehicle fuel tank capacity /0.40000000/
C Vehicle load capacity /1.50000000/
r fuel consumption rate /0.25000000/
g inverse refueling rate /1.00000000/
v average Velocity /1.00000000/
