StringID	Type	x	y	demand	ReadyTime	DueDate	ServiceTime	altitude
D0	d	0.50000000	0.50000000	0.00000000	0.00000000	10.00000000	0.00000000	0.00000000
S0	f	0.99678226	0.62161963	0.00000000	0.00000000	10.00000000	0.00000000	0.00000000
S1	f	0.29775553	0.93065928	0.00000000	0.00000000	10.00000000	0.00000000	0.00000000
S2	f	0.70219309	0.14728893	0.00000000	0.00000000	10.00000000	0.00000000	0.00000000
S3	f	0.99215476	0.30142761	0.00000000	0.00000000	10.00000000	0.00000000	0.00000000
S4	f	0.32938126	0.95520066	0.00000000	0.00000000	10.00000000	0.00000000	0.00000000
S5	f	0.67749287	0.60663650	0.00000000	0.00000000	10.00000000	0.00000000	0.00000000
C1	c	0.58268967	0.45393566	0.25451622	0.00000000	8.00000000	0.02274050	0.00000000
C2	c	0.58135860	0.44007750	0.12817978	0.10000000	8.10000000	0.02630272	0.00000000
C3	c	0.59361612	0.43776680	0.16097076	0.20000000	8.20000000	0.01585922	0.00000000
C4	c	0.46870497	0.38074552	0.19627767	0.30000000	8.30000000	0.02068398	0.00000000
C5	c	0.46459990	0.40899707	0.02872993	0.40000000	8.40000000	0.02230658	0.00000000
C6	c	0.50600382	0.34593969	0.05642451	0.50000000	8.50000000	0.02071636	0.00000000
C7	c	0.57413820	0.50707874	0.23047523	0.60000000	8.60000000	0.01217730	0.00000000
C8	c	0.62278959	0.46547618	0.02634070	0.70000000	8.70000000	0.01784716	0.00000000
C9	c	0.52498971	0.42181954	0.25487130	0.80000000	8.80000000	0.02716654	0.00000000
C10	c	0.59940517	0.40338699	0.09529718	0.90000000	8.90000000	0.01045750	0.00000000
C11	c	0.98038326	0.43153232	0.15360099	1.00000000	9.00000000	0.02095025	0.00000000
C12	c	0.92508801	0.43013111	0.12583642	1.10000000	9.10000000	0.01777751	0.00000000
C13	c	0.91457379	0.54570474	0.03851010	1.20000000	9.20000000	0.02369767	0.00000000
C14	c	0.00000000	0.38863576	0.01897459	1.30000000	9.30000000	0.02536598	0.00000000
C15	c	0.00000000	0.44042501	0.25540172	1.40000000	9.40000000	0.02315130	0.00000000
C16	c	0.97995379	0.53343560	0.07174678	1.50000000	9.50000000	0.01866537	0.00000000
C17	c	0.83329285	0.93998813	0.25120354	1.60000000	9.60000000	0.02004818	0.00000000
C18	c	0.35388378	0.51897308	0.14451833	1.70000000	9.70000000	0.01931525	0.00000000
C19	c	0.87540459	0.19923215	0.14936570	1.80000000	9.80000000	0.02563879	0.00000000
C20	c	0.91765224	0.78941455	0.11732649	1.90000000	9.90000000	0.01488910	0.00000000
C21	c	0.61638384	0.53004456	0.21616230	2.00000000	10.00000000	0.02506967	0.00000000
C22	c	0.63702507	0.81513618	0.24165467	2.00000000	10.00000000	0.01001980	0.00000000
C23	c	0.29296119	0.53419917	0.10161857	2.00000000	10.00000000	0.02746619	0.00000000
C24	c	0.10886513	0.39235803	0.14106284	2.00000000	10.00000000	0.02311668	0.00000000
C25	c	0.85832679	0.02287496	0.22622392	2.00000000	10.00000000	0.01794932	0.00000000
C26	c	0.68488336	0.76829892	0.06466813	2.00000000	10.00000000	0.02760554	0.00000000
C27	c	0.65756502	0.43326861	0.23631803	2.00000000	10.00000000	0.02191196	0.00000000
C28	c	0.78193943	0.24445511	0.20567859	2.00000000	10.00000000	0.01423136	0.00000000
C29	c	0.75348341	0.00099012	0.16433690	2.00000000	10.00000000	0.01253812	0.00000000
C30	c	0.87330950	0.65583392	0.14370812	2.00000000	10.00000000	0.01527787	0.00000000

Q Vehicle fuel tank capacity /0.40000000/
C Vehicle load capacity /1.50000000/
r fuel consumption rate /0.25000000/
g inverse refueling rate /1.00000000/
v average Velocity /1.00000000/
