StringID	Type	x	y	demand	ReadyTime	DueDate	ServiceTime	altitude
D0	d	0.50000000	0.50000000	0.00000000	0.00000000	10.00000000	0.00000000	0.00000000
S0	f	0.73543785	0.74201554	0.00000000	0.00000000	10.00000000	0.00000000	0.00000000
S1	f	0.71822220	0.41336660	0.00000000	0.00000000	10.00000000	0.00000000	0.00000000
S2	f	0.80466909	0.63713214	0.00000000	0.00000000	10.00000000	0.00000000	0.00000000
S3	f	0.77228794	0.30580352	0.00000000	0.00000000	10.00000000	0.00000000	0.00000000
S4	f	0.59180366	0.54170322	0.00000000	0.00000000	10.00000000	0.00000000	0.00000000
S5	f	0.32239628	0.99063329	0.00000000	0.00000000	10.00000000	0.00000000	0.00000000
S6	f	0.54308546	0.63305011	0.00000000	0.00000000	10.00000000	0.00000000	0.00000000
S7	f	0.33553032	0.30677710	0.00000000	0.00000000	10.00000000	0.00000000	0.00000000
S8	f	0.75909339	0.41089558	0.00000000	0.00000000	10.00000000	0.00000000	0.00000000
S9	f	0.88861604	0.84803461	0.00000000	0.00000000	10.00000000	0.00000000	0.00000000
C1	c	0.37317754	0.13763136	0.07526881	0.00000000	8.00000000	0.01063671	0.00000000
C2	c	0.39197162	0.15791304	0.14518006	0.06000000	8.06000000	0.01995771	0.00000000
C3	c	0.33789772	0.10957526	0.12508782	0.12000000	8.12000000	0.02758698	0.00000000
C4	c	0.33580408	0.15616774	0.06704082	0.18000000	8.18000000	0.01555818	0.00000000
C5	c	0.45789900	0.10240557	0.14366332	0.24000000	8.24000000	0.02196411	0.00000000
C6	c	0.38961084	0.15230953	0.11046141	0.30000000	8.30000000	0.02950935	0.00000000
C7	c	0.22034908	0.75016319	0.03178799	0.36000000	8.36000000	0.01107414	0.00000000
C8	c	0.27263970	0.71211807	0.04697190	0.42000000	8.42000000	0.01358772	0.00000000
C9	c	0.25632695	0.66708025	0.04530827	0.48000000	8.48000000	0.02213251	0.00000000
C10	c	0.31245304	0.77380471	0.15034849	0.54000000	8.54000000	0.01822149	0.00000000
C11	c	0.23567842	0.75045187	0.14657372	0.60000000	8.60000000	0.02233459	0.00000000
C12	c	0.22305408	0.75346835	0.05546532	0.66000000	8.66000000	0.02345964	0.00000000
C13	c	0.38097603	0.83453900	0.12049897	0.72000000	8.72000000	0.02050181	0.00000000
C14	c	0.41841307	0.91710714	0.01925200	0.78000000	8.78000000	0.01313453	0.00000000
C15	c	0.33947662	0.87290921	0.13476904	0.84000000	8.84000000	0.02730377	0.00000000
C16	c	0.36093729	0.85930711	0.07362208	0.90000000	8.90000000	0.02154582	0.00000000
C17	c	0.29106532	0.81037815	0.13821105	0.96000000	8.96000000	0.01330763	0.00000000
C18	c	0.02629770	0.55688079	0.06590293	1.02000000	9.02000000	0.01366016	0.00000000
C19	c	0.01315911	0.50779060	0.10493793	1.08000000	9.08000000	0.01086019	0.00000000
C20	c	0.00000000	0.55223164	0.02355976	1.14000000	9.14000000	0.01205632	0.00000000
C21	c	0.00000000	0.51368318	0.05614903	1.20000000	9.20000000	0.01840533	0.00000000
C22	c	0.84462800	0.78599361	0.02906680	1.26000000	9.26000000	0.02236080	0.00000000
C23	c	0.85461366	0.79537381	0.04128107	1.32000000	9.32000000	0.02598144	0.00000000
C24	c	0.85723327	0.70230895	0.01539987	1.38000000	9.38000000	0.02433574	0.00000000
C25	c	0.82613189	0.82752442	0.06908845	1.44000000	9.44000000	0.02654554	0.00000000
C26	c	0.48856614	0.87375501	0.14739371	1.50000000	9.50000000	0.02828456	0.00000000
C27	c	0.53188064	0.85112665	0.10169027	1.56000000	9.56000000	0.02364717	0.00000000
C28	c	0.13427095	0.33627166	0.11041706	1.62000000	9.62000000	0.02627369	0.00000000
C29	c	0.18011736	0.90430692	0.10044666	1.68000000	9.68000000	0.02926548	0.00000000
C30	c	0.57437119	0.83203579	0.05835669	1.74000000	9.74000000	0.01014043	0.00000000
C31	c	0.92373001	0.29753282	0.14324095	1.80000000	9.80000000	0.02907820	0.00000000
C32	c	0.95140587	0.59521811	0.12857341	1.86000000	9.86000000	0.02699529	0.00000000
C33	c	0.87934920	0.27790890	0.08049753	1.92000000	9.92000000	0.02559921	0.00000000
C34	c	0.59820544	0.97546756	0.13586725	1.98000000	9.98000000	0.01334940	0.00000000
C35	c	0.05370688	0.17938605	0.08062786	2.00000000	10.00000000	0.01304918	0.00000000
C36	c	0.60662527	0.41107437	0.02323057	2.00000000	10.00000000	0.02993937	0.00000000
C37	c	0.61672969	0.67298206	0.08672385	2.00000000	10.00000000	0.01410721	0.00000000
C38	c	0.52509041	0.15672650	0.13261449	2.00000000	10.00000000	0.02416911	0.00000000
C39	c	0.86518868	0.57729076	0.02956868	2.00000000	10.00000000	0.02038711	0.00000000
C40	c	0.16538168	0.18300805	0.05860566	2.00000000	10.00000000	0.01896716	0.00000000
C41	c	0.04300944	0.10281581	0.03615896	2.00000000	10.00000000	0.01871381	0.00000000
C42	c	0.42026658	0.61803975	0.14025899	2.00000000	10.00000000	0.02600556	0.00000000
C43	c	0.79907203	0.71678683	0.09283174	2.00000000	10.00000000	0.01517263	0.00000000
C44	c	0.82727685	0.91422792	0.12987024	2.00000000	10.00000000	0.02566278	0.00000000
C45	c	0.68235870	0.81368463	0.07064275	2.00000000	10.00000000	0.01384479	0.00000000
C46	c	0.96327418	0.00702149	0.13853992	2.00000000	10.00000000	0.02101877	0.00000000
C47	c	0.95391004	0.84976450	0.14305100	2.00000000	10.00000000	0.02684723	0.00000000
C48	c	0.77996071	0.16747005	0.05303707	2.00000000	10.00000000	0.01779547	0.00000000
C49	c	0.15245898	0.99696858	0.14702933	2.00000000	10.00000000	0.01136390	0.00000000
C50	c	0.20536069	0.70845528	0.09582842	2.00000000	10.00000000	0.02166111	0.00000000

Q Vehicle fuel tank capacity /0.40000000/
C Vehicle load capacity /1.50000000/
r fuel consumption rate /0.25000000/
g inverse refueling rate /1.00000000/
v average Velocity /1.00000000/
