StringID	Type	x	y	demand	ReadyTime	DueDate	ServiceTime	altitude
D0	d	0.50000000	0.50000000	0.00000000	0.00000000	10.00000000	0.00000000	0.00000000
S0	f	0.20935868	0.34028722	0.00000000	0.00000000	10.00000000	0.00000000	0.00000000
S1	f	0.62597808	0.86919289	0.00000000	0.00000000	10.00000000	0.00000000	0.00000000
S2	f	0.89905520	0.43198777	0.00000000	0.00000000	10.00000000	0.00000000	0.00000000
S3	f	0.67137438	0.48301641	0.00000000	0.00000000	10.00000000	0.00000000	0.00000000
S4	f	0.12391401	0.48754446	0.00000000	0.00000000	10.00000000	0.00000000	0.00000000
S5	f	0.38556576	0.43486845	0.00000000	0.00000000	10.00000000	0.00000000	0.00000000
C1	c	0.53427537	0.42225619	0.32263479	0.00000000	8.00000000	0.01647822	0.00000000
C2	c	0.60933138	0.30408219	0.03023521	0.10000000	8.10000000	0.02891620	0.00000000
C3	c	0.48715786	0.40379351	0.03392678	0.20000000	8.20000000	0.02324991	0.00000000
C4	c	0.54424815	0.31933606	0.29025697	0.30000000	8.30000000	0.01871621	0.00000000
C5	c	0.53769215	0.36178868	0.11940259	0.40000000	8.40000000	0.02405397	0.00000000
C6	c	0.57129569	0.34036009	0.05883329	0.50000000	8.50000000	0.02121024	0.00000000
C7	c	0.68931497	0.08205534	0.10895794	0.60000000	8.60000000	0.02416933	0.00000000
C8	c	0.67435569	0.08230436	0.20193680	0.70000000	8.70000000	0.02106742	0.00000000
C9	c	0.74976759	0.05409015	0.06365889	0.80000000	8.80000000	0.02333011	0.00000000
C10	c	0.69253470	0.13462260	0.12879618	0.90000000	8.90000000	0.02740628	0.00000000
C11	c	0.71838193	0.12486454	0.07714766	1.00000000	9.00000000	0.02855480	0.00000000
C12	c	0.64229164	0.11777926	0.14916912	1.10000000	9.10000000	0.02362765	0.00000000
C13	c	0.14975022	0.29027112	0.10553260	1.20000000	9.20000000	0.01329845	0.00000000
C14	c	0.19791715	0.26255383	0.04554824	1.30000000	9.30000000	0.02366767	0.00000000
C15	c	0.19723398	0.25706875	0.07508997	1.40000000	9.40000000	0.01881618	0.00000000
C16	c	0.32150649	0.16633988	0.21044807	1.50000000	9.50000000	0.02725394	0.00000000
C17	c	0.24503377	0.36290360	0.33417058	1.60000000	9.60000000	0.01176411	0.00000000
C18	c	0.94043603	0.32391111	0.06528719	1.70000000	9.70000000	0.01057917	0.00000000
C19	c	0.94580983	0.66249550	0.31303649	1.80000000	9.80000000	0.01341591	0.00000000
C20	c	0.43581033	0.70269854	0.28482179	1.90000000	9.90000000	0.02096320	0.00000000
C21	c	0.56051218	0.70846646	0.19124668	2.00000000	10.00000000	0.02337416	0.00000000
C22	c	0.55337108	0.66650543	0.21976296	2.00000000	10.00000000	0.01478545	0.00000000
C23	c	0.87031384	0.92773998	0.06437336	2.00000000	10.00000000	0.02056515	0.00000000
C24	c	0.68338332	0.44080905	0.13239512	2.00000000	10.00000000	0.02965702	0.00000000
C25	c	0.86269676	0.08820539	0.08011345	2.00000000	10.00000000	0.02593221	0.00000000
C26	c	0.02895867	0.17079560	0.06728204	2.00000000	10.00000000	0.01070761	0.00000000
C27	c	0.23927242	0.52825742	0.13202675	2.00000000	10.00000000	0.01605896	0.00000000
C28	c	0.98285088	0.79661032	0.10662849	2.00000000	10.00000000	0.01050506	0.00000000
C29	c	0.03538061	0.30294823	0.14634342	2.00000000	10.00000000	0.02089365	0.00000000
C30	c	0.02525276	0.54468264	0.34093659	2.00000000	10.00000000	0.01047999	0.00000000

Q Vehicle fuel tank capacity /0.40000000/
C Vehicle load capacity /1.50000000/
r fuel consumption rate /0.25000000/
g inverse refueling rate /1.00000000/
v average Velocity /1.00000000/
