StringID	Type	x	y	demand	ReadyTime	DueDate	ServiceTime	altitude
D0	d	0.50000000	0.50000000	0.00000000	0.00000000	10.00000000	0.00000000	0.00000000
S0	f	0.06526208	0.98986126	0.00000000	0.00000000	10.00000000	0.00000000	0.00000000
S1	f	0.29796130	0.18796197	0.00000000	0.00000000	10.00000000	0.00000000	0.00000000
S2	f	0.78385450	0.67679459	0.00000000	0.00000000	10.00000000	0.00000000	0.00000000
S3	f	0.60085490	0.79125933	0.00000000	0.00000000	10.00000000	0.00000000	0.00000000
S4	f	0.15120045	0.38597142	0.00000000	0.00000000	10.00000000	0.00000000	0.00000000
S5	f	0.52400146	0.76727155	0.00000000	0.00000000	10.00000000	0.00000000	0.00000000
C1	c	0.21745414	0.66282491	0.11441860	0.00000000	8.00000000	0.02648448	0.00000000
C2	c	0.67514552	0.53411326	0.08271705	0.10000000	8.10000000	0.01079740	0.00000000
C3	c	0.67543801	0.48107262	0.24226016	0.20000000	8.20000000	0.02799131	0.00000000
C4	c	0.11728445	0.13861510	0.08972510	0.30000000	8.30000000	0.02045830	0.00000000
C5	c	0.19125300	0.39037165	0.20668820	0.40000000	8.40000000	0.01629774	0.00000000
C6	c	0.84228938	0.57698433	0.11430706	0.50000000	8.50000000	0.01096057	0.00000000
C7	c	0.25820936	0.15654198	0.15063668	0.60000000	8.60000000	0.01628123	0.00000000
C8	c	0.82413167	0.05847535	0.07768722	0.70000000	8.70000000	0.01350333	0.00000000
C9	c	0.59654242	0.91711145	0.09127070	0.80000000	8.80000000	0.02871244	0.00000000
C10	c	0.66714755	0.19773023	0.15528850	0.90000000	8.90000000	0.02774275	0.00000000
C11	c	0.84579239	0.20127567	0.24942076	1.00000000	9.00000000	0.01297117	0.00000000
C12	c	0.03028454	0.94417270	0.19805043	1.10000000	9.10000000	0.01445686	0.00000000
C13	c	0.79544833	0.19430715	0.23886026	1.20000000	9.20000000	0.01953060	0.00000000
C14	c	0.68671108	0.06187272	0.06325867	1.30000000	9.30000000	0.01057198	0.00000000
C15	c	0.98846878	0.04258708	0.26132750	1.40000000	9.40000000	0.01355562	0.00000000
C16	c	0.70325481	0.34744481	0.24477665	1.50000000	9.50000000	0.02615454	0.00000000
C17	c	0.60927187	0.66018665	0.06850869	1.60000000	9.60000000	0.02345914	0.00000000
C18	c	0.71193238	0.41863832	0.06170837	1.70000000	9.70000000	0.01132563	0.00000000
C19	c	0.25892371	0.85031428	0.15394341	1.80000000	9.80000000	0.01614749	0.00000000
C20	c	0.19070881	0.27161270	0.04387758	1.90000000	9.90000000	0.01063304	0.00000000
C21	c	0.24128490	0.95318110	0.16936929	2.00000000	10.00000000	0.01820198	0.00000000
C22	c	0.06526208	0.98986126	0.04808955	2.00000000	10.00000000	0.01109388	0.00000000
C23	c	0.17569218	0.95583942	0.15267237	2.00000000	10.00000000	0.01303211	0.00000000
C24	c	0.14617036	0.50208108	0.09015234	2.00000000	10.00000000	0.01438342	0.00000000
C25	c	0.75733124	0.40949299	0.10937064	2.00000000	10.00000000	0.01865104	0.00000000
C26	c	0.63511453	0.88104656	0.27685230	2.00000000	10.00000000	0.02233243	0.00000000
C27	c	0.64211656	0.57601798	0.07953501	2.00000000	10.00000000	0.01189498	0.00000000
C28	c	0.43216847	0.33966094	0.17989866	2.00000000	10.00000000	0.01626599	0.00000000
C29	c	0.72067357	0.66800756	0.24869802	2.00000000	10.00000000	0.01684447	0.00000000
C30	c	0.73287719	0.45823666	0.23663024	2.00000000	10.00000000	0.02351637	0.00000000

Q Vehicle fuel tank capacity /0.40000000/
C Vehicle load capacity /1.50000000/
r fuel consumption rate /0.25000000/
g inverse refueling rate /1.00000000/
v average Velocity /1.00000000/
