StringID	Type	x	y	demand	ReadyTime	DueDate	ServiceTime	altitude
D0	d	0.50000000	0.50000000	0.00000000	0.00000000	10.00000000	0.00000000	0.00000000
S0	f	0.42776463	0.70730483	0.00000000	0.00000000	10.00000000	0.00000000	0.00000000
S1	f	0.43029986	0.78748137	0.00000000	0.00000000	10.00000000	0.00000000	0.00000000
S2	f	0.42748353	0.43563022	0.00000000	0.00000000	10.00000000	0.00000000	0.00000000
S3	f	0.61699819	0.71271732	0.00000000	0.00000000	10.00000000	0.00000000	0.00000000
S4	f	0.25943193	0.19833678	0.00000000	0.00000000	10.00000000	0.00000000	0.00000000
S5	f	0.78449953	0.89821952	0.00000000	0.00000000	10.00000000	0.00000000	0.00000000
S6	f	0.16985359	0.48870387	0.00000000	0.00000000	10.00000000	0.00000000	0.00000000
S7	f	0.99074711	0.51354602	0.00000000	0.00000000	10.00000000	0.00000000	0.00000000
S8	f	0.68385191	0.40766122	0.00000000	0.00000000	10.00000000	0.00000000	0.00000000
S9	f	0.84789596	0.76621426	0.00000000	0.00000000	10.00000000	0.00000000	0.00000000
C1	c	0.05598842	0.28354003	0.07568623	0.00000000	8.00000000	0.01247165	0.00000000
C2	c	0.94377669	0.02617305	0.02958662	0.06000000	8.06000000	0.02152502	0.00000000
C3	c	0.38844112	0.99872290	0.11921377	0.12000000	8.12000000	0.02907467	0.00000000
C4	c	0.23795139	0.52738029	0.06353510	0.18000000	8.18000000	0.02524928	0.00000000
C5	c	0.99282774	0.82555133	0.17093836	0.24000000	8.24000000	0.02416098	0.00000000
C6	c	0.10686014	0.80993608	0.06199573	0.30000000	8.30000000	0.02906826	0.00000000
C7	c	0.75661606	0.41489156	0.16826355	0.36000000	8.36000000	0.02248259	0.00000000
C8	c	0.74913457	0.96317453	0.04143750	0.42000000	8.42000000	0.02044953	0.00000000
C9	c	0.50202291	0.98084304	0.17623284	0.48000000	8.48000000	0.02330790	0.00000000
C10	c	0.63320046	0.44149184	0.04698857	0.54000000	8.54000000	0.02639646	0.00000000
C11	c	0.71119857	0.51290308	0.16647648	0.60000000	8.60000000	0.02217209	0.00000000
C12	c	0.46919069	0.77004645	0.07359887	0.66000000	8.66000000	0.02371787	0.00000000
C13	c	0.27857118	0.82241408	0.16543383	0.72000000	8.72000000	0.02566666	0.00000000
C14	c	0.03722829	0.15646833	0.18114308	0.78000000	8.78000000	0.02872902	0.00000000
C15	c	0.76230064	0.45902446	0.14089804	0.84000000	8.84000000	0.02047000	0.00000000
C16	c	0.71321569	0.34196478	0.03724327	0.90000000	8.90000000	0.02704752	0.00000000
C17	c	0.29666052	0.38067007	0.11820083	0.96000000	8.96000000	0.02966243	0.00000000
C18	c	0.55493634	0.48013754	0.08792715	1.02000000	9.02000000	0.02553853	0.00000000
C19	c	0.36658452	0.86050584	0.18297711	1.08000000	9.08000000	0.01607943	0.00000000
C20	c	0.42776463	0.70730483	0.18858853	1.14000000	9.14000000	0.02720466	0.00000000
C21	c	0.41951870	0.87873080	0.06181105	1.20000000	9.20000000	0.02658653	0.00000000
C22	c	0.52397927	0.14011255	0.05660434	1.26000000	9.26000000	0.02031172	0.00000000
C23	c	0.19237434	0.44197826	0.06288430	1.32000000	9.32000000	0.02471112	0.00000000
C24	c	0.76475653	0.19867550	0.07975377	1.38000000	9.38000000	0.02485639	0.00000000
C25	c	0.71058233	0.58983499	0.03928619	1.44000000	9.44000000	0.01154092	0.00000000
C26	c	0.90162718	0.82779829	0.11632447	1.50000000	9.50000000	0.01409652	0.00000000
C27	c	0.97027747	0.17766121	0.02001788	1.56000000	9.56000000	0.01773792	0.00000000
C28	c	0.96792161	0.57328059	0.09680872	1.62000000	9.62000000	0.01684645	0.00000000
C29	c	0.90119694	0.49541463	0.05145941	1.68000000	9.68000000	0.01210886	0.00000000
C30	c	0.01745672	0.94697791	0.03673544	1.74000000	9.74000000	0.01502064	0.00000000
C31	c	0.54443257	0.05638674	0.02341123	1.80000000	9.80000000	0.01754663	0.00000000
C32	c	0.48060613	0.24022210	0.06565304	1.86000000	9.86000000	0.02844676	0.00000000
C33	c	0.64345246	0.64179712	0.01728299	1.92000000	9.92000000	0.01069302	0.00000000
C34	c	0.59864405	0.60962293	0.06476054	1.98000000	9.98000000	0.01458846	0.00000000
C35	c	0.46471928	0.35755282	0.02944673	2.00000000	10.00000000	0.01898631	0.00000000
C36	c	0.76911567	0.05842366	0.05480076	2.00000000	10.00000000	0.02386407	0.00000000
C37	c	0.75830140	0.55692637	0.10686538	2.00000000	10.00000000	0.01756790	0.00000000
C38	c	0.79329677	0.66771071	0.06159261	2.00000000	10.00000000	0.01655362	0.00000000
C39	c	0.00586182	0.01291948	0.04823116	2.00000000	10.00000000	0.01555786	0.00000000
C40	c	0.43029986	0.78748137	0.04390245	2.00000000	10.00000000	0.01041599	0.00000000
C41	c	0.43828291	0.26339871	0.11771166	2.00000000	10.00000000	0.01000994	0.00000000
C42	c	0.35568962	0.21765961	0.15915838	2.00000000	10.00000000	0.02714170	0.00000000
C43	c	0.90449107	0.04445283	0.15200347	2.00000000	10.00000000	0.02826650	0.00000000
C44	c	0.52310763	0.38075329	0.10963474	2.00000000	10.00000000	0.01007698	0.00000000
C45	c	0.63325226	0.05846516	0.13614160	2.00000000	10.00000000	0.02907649	0.00000000
C46	c	0.35170238	0.12132347	0.10582495	2.00000000	10.00000000	0.01007305	0.00000000
C47	c	0.81771912	0.45522026	0.04535273	2.00000000	10.00000000	0.01010640	0.00000000
C48	c	0.80535053	0.96240150	0.14518924	2.00000000	10.00000000	0.01866082	0.00000000
C49	c	0.97818514	0.70731938	0.07847285	2.00000000	10.00000000	0.01928131	0.00000000
C50	c	0.20393433	0.38924901	0.01651246	2.00000000	10.00000000	0.02473531	0.00000000

Q Vehicle fuel tank capacity /0.40000000/
C Vehicle load capacity /1.50000000/
r fuel consumption rate /0.25000000/
g inverse refueling rate /1.00000000/
v average Velocity /1.00000000/
