StringID	Type	x	y	demand	ReadyTime	DueDate	ServiceTime	altitude
D0	d	0.50000000	0.50000000	0.00000000	0.00000000	10.00000000	0.00000000	0.00000000
S0	f	0.09391714	0.54700726	0.00000000	0.00000000	10.00000000	0.00000000	0.00000000
S1	f	0.98040074	0.00553122	0.00000000	0.00000000	10.00000000	0.00000000	0.00000000
S2	f	0.36276504	0.76114089	0.00000000	0.00000000	10.00000000	0.00000000	0.00000000
S3	f	0.73659469	0.35302539	0.00000000	0.00000000	10.00000000	0.00000000	0.00000000
S4	f	0.51977405	0.04744402	0.00000000	0.00000000	10.00000000	0.00000000	0.00000000
S5	f	0.49400117	0.44206365	0.00000000	0.00000000	10.00000000	0.00000000	0.00000000
S6	f	0.28562879	0.27557081	0.00000000	0.00000000	10.00000000	0.00000000	0.00000000
S7	f	0.67864895	0.99504857	0.00000000	0.00000000	10.00000000	0.00000000	0.00000000
S8	f	0.86017768	0.32061634	0.00000000	0.00000000	10.00000000	0.00000000	0.00000000
S9	f	0.23275297	0.80716829	0.00000000	0.00000000	10.00000000	0.00000000	0.00000000
C1	c	0.92434841	0.70285415	0.12062389	0.00000000	8.00000000	0.01668545	0.00000000
C2	c	0.46381889	0.59371879	0.11966706	0.06000000	8.06000000	0.01993254	0.00000000
C3	c	0.93895476	0.00232618	0.02737014	0.12000000	8.12000000	0.01663823	0.00000000
C4	c	0.04140327	0.24720103	0.01988754	0.18000000	8.18000000	0.02561522	0.00000000
C5	c	0.44890448	0.42118876	0.15897014	0.24000000	8.24000000	0.01384695	0.00000000
C6	c	0.03324937	0.88595038	0.11198233	0.30000000	8.30000000	0.02516581	0.00000000
C7	c	0.02516524	0.11174153	0.04746983	0.36000000	8.36000000	0.02600097	0.00000000
C8	c	0.99428306	0.09851525	0.02697635	0.42000000	8.42000000	0.01761636	0.00000000
C9	c	0.13656238	0.88526409	0.10734895	0.48000000	8.48000000	0.01210543	0.00000000
C10	c	0.64571690	0.96596915	0.03015083	0.54000000	8.54000000	0.01997251	0.00000000
C11	c	0.73237211	0.16679507	0.08947610	0.60000000	8.60000000	0.02137014	0.00000000
C12	c	0.93940645	0.79492569	0.06053375	0.66000000	8.66000000	0.01782271	0.00000000
C13	c	0.30378680	0.44844299	0.10437605	0.72000000	8.72000000	0.02544898	0.00000000
C14	c	0.55785168	0.33811377	0.05472149	0.78000000	8.78000000	0.01782802	0.00000000
C15	c	0.16646820	0.62537415	0.03593572	0.84000000	8.84000000	0.02238817	0.00000000
C16	c	0.23873857	0.09344730	0.16278068	0.90000000	8.90000000	0.02040299	0.00000000
C17	c	0.44653774	0.71011072	0.17571014	0.96000000	8.96000000	0.02194228	0.00000000
C18	c	0.96173312	0.60768632	0.01267030	1.02000000	9.02000000	0.01118391	0.00000000
C19	c	0.09191767	0.78349985	0.14036292	1.08000000	9.08000000	0.01338042	0.00000000
C20	c	0.84265085	0.93699210	0.06079780	1.14000000	9.14000000	0.02484275	0.00000000
C21	c	0.09391714	0.54700726	0.03943150	1.20000000	9.20000000	0.01196896	0.00000000
C22	c	0.24405101	0.97183635	0.12496862	1.26000000	9.26000000	0.01699221	0.00000000
C23	c	0.63410880	0.02765148	0.12001076	1.32000000	9.32000000	0.01978896	0.00000000
C24	c	0.22109951	0.69778344	0.10416607	1.38000000	9.38000000	0.01032418	0.00000000
C25	c	0.11078813	0.66390585	0.10529313	1.44000000	9.44000000	0.02218490	0.00000000
C26	c	0.24331944	0.00822323	0.12205463	1.50000000	9.50000000	0.02362380	0.00000000
C27	c	0.39573855	0.02574478	0.06705332	1.56000000	9.56000000	0.01222941	0.00000000
C28	c	0.47320958	0.93471061	0.15801641	1.62000000	9.62000000	0.01492825	0.00000000
C29	c	0.54737716	0.80518051	0.08665957	1.68000000	9.68000000	0.02116460	0.00000000
C30	c	0.50965403	0.28842152	0.02168463	1.74000000	9.74000000	0.01432456	0.00000000
C31	c	0.97681431	0.85462699	0.10703584	1.80000000	9.80000000	0.01795375	0.00000000
C32	c	0.61778176	0.85794256	0.14437666	1.86000000	9.86000000	0.02174142	0.00000000
C33	c	0.63660898	0.77763719	0.01845625	1.92000000	9.92000000	0.01793592	0.00000000
C34	c	0.97712722	0.16492427	0.08064968	1.98000000	9.98000000	0.01306647	0.00000000
C35	c	0.80615835	0.96954990	0.08443264	2.00000000	10.00000000	0.02466257	0.00000000
C36	c	0.53589103	0.99924029	0.05448652	2.00000000	10.00000000	0.02072818	0.00000000
C37	c	0.46616852	0.87127660	0.13939244	2.00000000	10.00000000	0.02023605	0.00000000
C38	c	0.77015850	0.63579423	0.13519787	2.00000000	10.00000000	0.01148272	0.00000000
C39	c	0.98040074	0.00553122	0.04325915	2.00000000	10.00000000	0.01505076	0.00000000
C40	c	0.75483555	0.69093074	0.07881740	2.00000000	10.00000000	0.02896108	0.00000000
C41	c	0.96188032	0.92947821	0.05561924	2.00000000	10.00000000	0.02295548	0.00000000
C42	c	0.59178931	0.41464217	0.05620698	2.00000000	10.00000000	0.02299116	0.00000000
C43	c	0.31814083	0.00656163	0.04082592	2.00000000	10.00000000	0.01754143	0.00000000
C44	c	0.65765603	0.41446744	0.09424309	2.00000000	10.00000000	0.02409096	0.00000000
C45	c	0.29536597	0.54154803	0.13939209	2.00000000	10.00000000	0.01062123	0.00000000
C46	c	0.91258529	0.97630553	0.15970285	2.00000000	10.00000000	0.01242488	0.00000000
C47	c	0.37869555	0.53907295	0.13649736	2.00000000	10.00000000	0.01282046	0.00000000
C48	c	0.93162573	0.36494027	0.11655348	2.00000000	10.00000000	0.02142160	0.00000000
C49	c	0.07968000	0.10360457	0.03955306	2.00000000	10.00000000	0.02258043	0.00000000
C50	c	0.74717248	0.94068277	0.15815083	2.00000000	10.00000000	0.02074543	0.00000000

Q Vehicle fuel tank capacity /0.40000000/
C Vehicle load capacity /1.50000000/
r fuel consumption rate /0.25000000/
g inverse refueling rate /1.00000000/
v average Velocity /1.00000000/
