StringID	Type	x	y	demand	ReadyTime	DueDate	ServiceTime	altitude
D0	d	0.50000000	0.50000000	0.00000000	0.00000000	10.00000000	0.00000000	0.00000000
S0	f	0.72004183	0.60830481	0.00000000	0.00000000	10.00000000	0.00000000	0.00000000
S1	f	0.94366024	0.90139995	0.00000000	0.00000000	10.00000000	0.00000000	0.00000000
S2	f	0.94414684	0.37793701	0.00000000	0.00000000	10.00000000	0.00000000	0.00000000
S3	f	0.77331726	0.02700172	0.00000000	0.00000000	10.00000000	0.00000000	0.00000000
S4	f	0.97122899	0.25203905	0.00000000	0.00000000	10.00000000	0.00000000	0.00000000
S5	f	0.91201749	0.61950784	0.00000000	0.00000000	10.00000000	0.00000000	0.00000000
C1	c	0.08181955	0.74352882	0.10447755	0.00000000	8.00000000	0.01330613	0.00000000
C2	c	0.04160151	0.71491716	0.32004289	0.10000000	8.10000000	0.01114715	0.00000000
C3	c	0.01637872	0.72727135	0.11971593	0.20000000	8.20000000	0.01112592	0.00000000
C4	c	0.05384058	0.72963504	0.19768362	0.30000000	8.30000000	0.01559918	0.00000000
C5	c	0.00000000	0.74209757	0.23149954	0.40000000	8.40000000	0.01994717	0.00000000
C6	c	0.04302527	0.66837992	0.11733033	0.50000000	8.50000000	0.02134801	0.00000000
C7	c	0.04223478	0.76940264	0.25593300	0.60000000	8.60000000	0.01278709	0.00000000
C8	c	0.10968005	0.69341110	0.27616071	0.70000000	8.70000000	0.02674987	0.00000000
C9	c	0.25274898	0.90782223	0.22180412	0.80000000	8.80000000	0.01577430	0.00000000
C10	c	0.23819040	0.88894417	0.06054922	0.90000000	8.90000000	0.02917467	0.00000000
C11	c	0.17503699	0.93098095	0.20121915	1.00000000	9.00000000	0.01409823	0.00000000
C12	c	0.19276815	0.91572485	0.02672265	1.10000000	9.10000000	0.01270270	0.00000000
C13	c	0.21128963	0.95825605	0.06320045	1.20000000	9.20000000	0.02329361	0.00000000
C14	c	0.74549099	0.65985929	0.11232621	1.30000000	9.30000000	0.02467822	0.00000000
C15	c	0.71962971	0.56285432	0.09692499	1.40000000	9.40000000	0.01374115	0.00000000
C16	c	0.85193808	0.71405743	0.08069641	1.50000000	9.50000000	0.02296045	0.00000000
C17	c	0.49069386	0.19711074	0.05058674	1.60000000	9.60000000	0.01061540	0.00000000
C18	c	0.06085909	0.34216428	0.09447953	1.70000000	9.70000000	0.01752782	0.00000000
C19	c	0.62592716	0.72249678	0.13490252	1.80000000	9.80000000	0.02878531	0.00000000
C20	c	0.16530646	0.05735730	0.08893547	1.90000000	9.90000000	0.02167430	0.00000000
C21	c	0.05629620	0.27995916	0.27852227	2.00000000	10.00000000	0.01379154	0.00000000
C22	c	0.49735839	0.56740032	0.23693226	2.00000000	10.00000000	0.02129314	0.00000000
C23	c	0.13935447	0.83749365	0.16955736	2.00000000	10.00000000	0.02501177	0.00000000
C24	c	0.28871498	0.95873374	0.08100160	2.00000000	10.00000000	0.01354506	0.00000000
C25	c	0.20491138	0.13513508	0.02574577	2.00000000	10.00000000	0.02332524	0.00000000
C26	c	0.66468033	0.73391122	0.23856481	2.00000000	10.00000000	0.02046360	0.00000000
C27	c	0.18705742	0.64802241	0.03990296	2.00000000	10.00000000	0.02860250	0.00000000
C28	c	0.03077019	0.37639079	0.12475523	2.00000000	10.00000000	0.02137555	0.00000000
C29	c	0.93926546	0.58371480	0.21034884	2.00000000	10.00000000	0.01296457	0.00000000
C30	c	0.18957723	0.56465702	0.23947788	2.00000000	10.00000000	0.02031117	0.00000000

Q Vehicle fuel tank capacity /0.40000000/
C Vehicle load capacity /1.50000000/
r fuel consumption rate /0.25000000/
g inverse refueling rate /1.00000000/
v average Velocity /1.00000000/
