StringID	Type	x	y	demand	ReadyTime	DueDate	ServiceTime	altitude
D0	d	0.50000000	0.50000000	0.00000000	0.00000000	10.00000000	0.00000000	0.00000000
S0	f	0.54542307	0.69889618	0.00000000	0.00000000	10.00000000	0.00000000	0.00000000
S1	f	0.61828829	0.87021903	0.00000000	0.00000000	10.00000000	0.00000000	0.00000000
S2	f	0.12478700	0.67195509	0.00000000	0.00000000	10.00000000	0.00000000	0.00000000
S3	f	0.37810382	0.97886027	0.00000000	0.00000000	10.00000000	0.00000000	0.00000000
S4	f	0.48545788	0.97969846	0.00000000	0.00000000	10.00000000	0.00000000	0.00000000
S5	f	0.23578229	0.89200950	0.00000000	0.00000000	10.00000000	0.00000000	0.00000000
C1	c	0.39462609	0.25988638	0.22842985	0.00000000	8.00000000	0.01605702	0.00000000
C2	c	0.41791273	0.78906896	0.09389633	0.10000000	8.10000000	0.01510101	0.00000000
C3	c	0.80573540	0.10456180	0.23145297	0.20000000	8.20000000	0.01125312	0.00000000
C4	c	0.61117768	0.46471060	0.09850885	0.30000000	8.30000000	0.01899638	0.00000000
C5	c	0.44543771	0.46781016	0.11956168	0.40000000	8.40000000	0.01602571	0.00000000
C6	c	0.25962462	0.53045568	0.17646989	0.50000000	8.50000000	0.02006328	0.00000000
C7	c	0.49632875	0.78409906	0.19575961	0.60000000	8.60000000	0.01068399	0.00000000
C8	c	0.29697603	0.14515449	0.20503435	0.70000000	8.70000000	0.01092574	0.00000000
C9	c	0.05592665	0.94933519	0.23696577	0.80000000	8.80000000	0.02948707	0.00000000
C10	c	0.45856741	0.23426626	0.18049750	0.90000000	8.90000000	0.02344381	0.00000000
C11	c	0.35835060	0.14602489	0.11529540	1.00000000	9.00000000	0.01463027	0.00000000
C12	c	0.52923394	0.90069912	0.09360884	1.10000000	9.10000000	0.01356056	0.00000000
C13	c	0.24547123	0.07738173	0.18977439	1.20000000	9.20000000	0.01691035	0.00000000
C14	c	0.26994572	0.78906446	0.14788310	1.30000000	9.30000000	0.01722579	0.00000000
C15	c	0.76923180	0.52678183	0.08735416	1.40000000	9.40000000	0.02999319	0.00000000
C16	c	0.57179931	0.99669656	0.10424520	1.50000000	9.50000000	0.02329582	0.00000000
C17	c	0.38956832	0.37125662	0.16198933	1.60000000	9.60000000	0.01212646	0.00000000
C18	c	0.86802793	0.60755723	0.10899637	1.70000000	9.70000000	0.02417157	0.00000000
C19	c	0.52100086	0.82042808	0.23011502	1.80000000	9.80000000	0.01728939	0.00000000
C20	c	0.54542307	0.69889618	0.03973215	1.90000000	9.90000000	0.01061313	0.00000000
C21	c	0.73410709	0.59444401	0.13886652	2.00000000	10.00000000	0.02659430	0.00000000
C22	c	0.42474444	0.64707657	0.21453296	2.00000000	10.00000000	0.02576758	0.00000000
C23	c	0.35704819	0.48293733	0.13078637	2.00000000	10.00000000	0.01611113	0.00000000
C24	c	0.00123699	0.28915410	0.03839277	2.00000000	10.00000000	0.01683250	0.00000000
C25	c	0.14659391	0.39678610	0.19941914	2.00000000	10.00000000	0.02705063	0.00000000
C26	c	0.88499322	0.94512637	0.14404868	2.00000000	10.00000000	0.02704697	0.00000000
C27	c	0.53655696	0.21082491	0.19612909	2.00000000	10.00000000	0.02996645	0.00000000
C28	c	0.74333896	0.20695753	0.03431769	2.00000000	10.00000000	0.02005255	0.00000000
C29	c	0.21097505	0.56254737	0.19096460	2.00000000	10.00000000	0.01111493	0.00000000
C30	c	0.92847698	0.06718191	0.16697145	2.00000000	10.00000000	0.01981097	0.00000000

Q Vehicle fuel tank capacity /0.40000000/
C Vehicle load capacity /1.50000000/
r fuel consumption rate /0.25000000/
g inverse refueling rate /1.00000000/
v average Velocity /1.00000000/
