StringID	Type	x	y	demand	ReadyTime	DueDate	ServiceTime	altitude
D0	d	0.50000000	0.50000000	0.00000000	0.00000000	10.00000000	0.00000000	0.00000000
S0	f	0.50094587	0.21493452	0.00000000	0.00000000	10.00000000	0.00000000	0.00000000
S1	f	0.55068811	0.17659635	0.00000000	0.00000000	10.00000000	0.00000000	0.00000000
S2	f	0.01314467	0.88178128	0.00000000	0.00000000	10.00000000	0.00000000	0.00000000
S3	f	0.18484096	0.03751267	0.00000000	0.00000000	10.00000000	0.00000000	0.00000000
S4	f	0.73862081	0.26418160	0.00000000	0.00000000	10.00000000	0.00000000	0.00000000
S5	f	0.07325132	0.87620102	0.00000000	0.00000000	10.00000000	0.00000000	0.00000000
S6	f	0.43944190	0.70559393	0.00000000	0.00000000	10.00000000	0.00000000	0.00000000
S7	f	0.70909618	0.15432880	0.00000000	0.00000000	10.00000000	0.00000000	0.00000000
S8	f	0.94437482	0.25667357	0.00000000	0.00000000	10.00000000	0.00000000	0.00000000
S9	f	0.17594348	0.36175589	0.00000000	0.00000000	10.00000000	0.00000000	0.00000000
C1	c	0.97286937	0.89990429	0.05249517	0.00000000	8.00000000	0.02906197	0.00000000
C2	c	0.95469596	0.87522602	0.11176549	0.06000000	8.06000000	0.01184232	0.00000000
C3	c	0.88457892	0.85410408	0.05799759	0.12000000	8.12000000	0.01316824	0.00000000
C4	c	0.92121932	0.89286277	0.10067982	0.18000000	8.18000000	0.01002916	0.00000000
C5	c	1.00000000	0.96048407	0.02949004	0.24000000	8.24000000	0.01971792	0.00000000
C6	c	0.07913176	0.94936219	0.16644823	0.30000000	8.30000000	0.02690719	0.00000000
C7	c	0.16052986	1.00000000	0.15004380	0.36000000	8.36000000	0.01898545	0.00000000
C8	c	0.19914541	0.96436867	0.15258486	0.42000000	8.42000000	0.02265428	0.00000000
C9	c	0.98566383	0.31665024	0.06554753	0.48000000	8.48000000	0.02715142	0.00000000
C10	c	0.90781587	0.28829489	0.15416369	0.54000000	8.54000000	0.01066455	0.00000000
C11	c	1.00000000	0.38740690	0.09469906	0.60000000	8.60000000	0.01016166	0.00000000
C12	c	0.98947608	0.39016756	0.02051319	0.66000000	8.66000000	0.01160320	0.00000000
C13	c	0.98028982	0.38688912	0.05177164	0.72000000	8.72000000	0.02851931	0.00000000
C14	c	0.96103374	0.32336150	0.08454604	0.78000000	8.78000000	0.02920224	0.00000000
C15	c	0.59672175	0.72107689	0.04656511	0.84000000	8.84000000	0.01155352	0.00000000
C16	c	0.62716874	0.67872772	0.02875271	0.90000000	8.90000000	0.02658274	0.00000000
C17	c	0.59781164	0.60280160	0.12233399	0.96000000	8.96000000	0.01231972	0.00000000
C18	c	0.60258252	0.62479863	0.16393642	1.02000000	9.02000000	0.02668360	0.00000000
C19	c	0.98287190	0.53581965	0.10539428	1.08000000	9.08000000	0.02327974	0.00000000
C20	c	0.96426778	0.55364468	0.15685047	1.14000000	9.14000000	0.02781348	0.00000000
C21	c	0.95410461	0.58063970	0.03330923	1.20000000	9.20000000	0.01516334	0.00000000
C22	c	1.00000000	0.50903750	0.02730296	1.26000000	9.26000000	0.02879786	0.00000000
C23	c	1.00000000	0.65610444	0.11230473	1.32000000	9.32000000	0.01361829	0.00000000
C24	c	0.89279297	0.65642792	0.06604422	1.38000000	9.38000000	0.02375365	0.00000000
C25	c	0.97858268	0.58592597	0.13705710	1.44000000	9.44000000	0.01052961	0.00000000
C26	c	0.10000370	0.63372051	0.10969127	1.50000000	9.50000000	0.02148630	0.00000000
C27	c	0.34325587	0.78913792	0.08905197	1.56000000	9.56000000	0.02130990	0.00000000
C28	c	0.61731091	0.48771897	0.03418138	1.62000000	9.62000000	0.02003988	0.00000000
C29	c	0.14319256	0.43715704	0.08099928	1.68000000	9.68000000	0.02294937	0.00000000
C30	c	0.22015461	0.32017989	0.04643865	1.74000000	9.74000000	0.02861402	0.00000000
C31	c	0.74224396	0.52450991	0.06236905	1.80000000	9.80000000	0.01352544	0.00000000
C32	c	0.42351293	0.26412164	0.12958859	1.86000000	9.86000000	0.01497679	0.00000000
C33	c	0.98010152	0.81032289	0.09491143	1.92000000	9.92000000	0.02716314	0.00000000
C34	c	0.54897951	0.50459905	0.07882627	1.98000000	9.98000000	0.02006373	0.00000000
C35	c	0.13597441	0.90811168	0.05344100	2.00000000	10.00000000	0.01468256	0.00000000
C36	c	0.23155002	0.67433080	0.16747069	2.00000000	10.00000000	0.01026714	0.00000000
C37	c	0.01012075	0.17698104	0.14043110	2.00000000	10.00000000	0.01023496	0.00000000
C38	c	0.27888769	0.29809273	0.09880855	2.00000000	10.00000000	0.01669401	0.00000000
C39	c	0.62888330	0.95309874	0.09174035	2.00000000	10.00000000	0.02563614	0.00000000
C40	c	0.09211607	0.15841177	0.03303179	2.00000000	10.00000000	0.01429094	0.00000000
C41	c	0.00145797	0.48589611	0.15600531	2.00000000	10.00000000	0.02810226	0.00000000
C42	c	0.84535936	0.44927267	0.14621277	2.00000000	10.00000000	0.01135589	0.00000000
C43	c	0.63271398	0.85757096	0.14844824	2.00000000	10.00000000	0.02778793	0.00000000
C44	c	0.03322743	0.00808295	0.04825352	2.00000000	10.00000000	0.02510031	0.00000000
C45	c	0.96011219	0.07767583	0.11877248	2.00000000	10.00000000	0.02399383	0.00000000
C46	c	0.82913710	0.11598597	0.01298786	2.00000000	10.00000000	0.02981135	0.00000000
C47	c	0.83417979	0.66398699	0.03956266	2.00000000	10.00000000	0.01611380	0.00000000
C48	c	0.93989311	0.18091452	0.05579270	2.00000000	10.00000000	0.01049406	0.00000000
C49	c	0.68768268	0.02648043	0.05885137	2.00000000	10.00000000	0.02132405	0.00000000
C50	c	0.57431503	0.56549512	0.11153434	2.00000000	10.00000000	0.01136702	0.00000000

Q Vehicle fuel tank capacity /0.40000000/
C Vehicle load capacity /1.50000000/
r fuel consumption rate /0.25000000/
g inverse refueling rate /1.00000000/
v average Velocity /1.00000000/
