StringID	Type	x	y	demand	ReadyTime	DueDate	ServiceTime	altitude
D0	d	0.50000000	0.50000000	0.00000000	0.00000000	10.00000000	0.00000000	0.00000000
S0	f	0.80349616	0.62830744	0.00000000	0.00000000	10.00000000	0.00000000	0.00000000
S1	f	0.12667194	0.99711911	0.00000000	0.00000000	10.00000000	0.00000000	0.00000000
S2	f	0.68589131	0.55372347	0.00000000	0.00000000	10.00000000	0.00000000	0.00000000
S3	f	0.52028155	0.42270919	0.00000000	0.00000000	10.00000000	0.00000000	0.00000000
S4	f	0.24263752	0.45393149	0.00000000	0.00000000	10.00000000	0.00000000	0.00000000
S5	f	0.93485727	0.25086887	0.00000000	0.00000000	10.00000000	0.00000000	0.00000000
C1	c	0.15053786	0.76654889	0.21105119	0.00000000	8.00000000	0.01327641	0.00000000
C2	c	0.11853300	0.70714042	0.03586559	0.10000000	8.10000000	0.02200609	0.00000000
C3	c	0.14087766	0.74096966	0.20503660	0.20000000	8.20000000	0.02907772	0.00000000
C4	c	0.06717599	0.64329017	0.22477853	0.30000000	8.30000000	0.01155596	0.00000000
C5	c	0.19371998	0.69230028	0.22843117	0.40000000	8.40000000	0.01146589	0.00000000
C6	c	0.05592466	0.64725490	0.08018535	0.50000000	8.50000000	0.01030544	0.00000000
C7	c	0.10119890	0.66156038	0.11064101	0.60000000	8.60000000	0.02218521	0.00000000
C8	c	0.59737445	0.67800204	0.16566197	0.70000000	8.70000000	0.01385496	0.00000000
C9	c	0.56642315	0.69243810	0.23242610	0.80000000	8.80000000	0.02627276	0.00000000
C10	c	0.59290778	0.76767290	0.17180049	0.90000000	8.90000000	0.01869950	0.00000000
C11	c	0.60264804	0.65484547	0.14180750	1.00000000	9.00000000	0.01219517	0.00000000
C12	c	0.08719362	0.75019043	0.12224527	1.10000000	9.10000000	0.01199220	0.00000000
C13	c	0.09874231	0.78344018	0.13777992	1.20000000	9.20000000	0.02148620	0.00000000
C14	c	0.11603700	0.71073956	0.11687280	1.30000000	9.30000000	0.01972183	0.00000000
C15	c	0.05981605	0.80064705	0.19787883	1.40000000	9.40000000	0.02973432	0.00000000
C16	c	0.78803810	0.13982229	0.13213445	1.50000000	9.50000000	0.01365778	0.00000000
C17	c	0.09717753	0.89057904	0.18055741	1.60000000	9.60000000	0.01893624	0.00000000
C18	c	0.35825824	0.37637124	0.22882708	1.70000000	9.70000000	0.01115710	0.00000000
C19	c	0.58761167	0.89962207	0.07415725	1.80000000	9.80000000	0.01510172	0.00000000
C20	c	0.55177416	0.34715402	0.20753958	1.90000000	9.90000000	0.02240285	0.00000000
C21	c	0.16382048	0.60030441	0.19344214	2.00000000	10.00000000	0.02721129	0.00000000
C22	c	0.95388608	0.07779796	0.04754672	2.00000000	10.00000000	0.02909563	0.00000000
C23	c	0.07329462	0.01527185	0.03794856	2.00000000	10.00000000	0.01001101	0.00000000
C24	c	0.60926036	0.19274811	0.21652126	2.00000000	10.00000000	0.02903635	0.00000000
C25	c	0.81363784	0.43497490	0.09671060	2.00000000	10.00000000	0.01079043	0.00000000
C26	c	0.10975825	0.09960998	0.10078733	2.00000000	10.00000000	0.01894707	0.00000000
C27	c	0.57430976	0.48609127	0.14833170	2.00000000	10.00000000	0.01792487	0.00000000
C28	c	0.98671617	0.18288908	0.21855660	2.00000000	10.00000000	0.01691509	0.00000000
C29	c	0.44681205	0.05785488	0.14026567	2.00000000	10.00000000	0.01147414	0.00000000
C30	c	0.25508599	0.62014238	0.09421135	2.00000000	10.00000000	0.01531205	0.00000000

Q Vehicle fuel tank capacity /0.40000000/
C Vehicle load capacity /1.50000000/
r fuel consumption rate /0.25000000/
g inverse refueling rate /1.00000000/
v average Velocity /1.00000000/
