StringID	Type	x	y	demand	ReadyTime	DueDate	ServiceTime	altitude
D0	d	0.50000000	0.50000000	0.00000000	0.00000000	10.00000000	0.00000000	0.00000000
S0	f	0.96230273	0.74462528	0.00000000	0.00000000	10.00000000	0.00000000	0.00000000
S1	f	0.27766152	0.51192823	0.00000000	0.00000000	10.00000000	0.00000000	0.00000000
S2	f	0.16167976	0.14186070	0.00000000	0.00000000	10.00000000	0.00000000	0.00000000
S3	f	0.86842105	0.26241245	0.00000000	0.00000000	10.00000000	0.00000000	0.00000000
S4	f	0.54394805	0.53653222	0.00000000	0.00000000	10.00000000	0.00000000	0.00000000
S5	f	0.48986065	0.08634595	0.00000000	0.00000000	10.00000000	0.00000000	0.00000000
C1	c	0.41656862	0.66229524	0.02273130	0.00000000	8.00000000	0.02918068	0.00000000
C2	c	0.33623883	0.66441648	0.21567742	0.10000000	8.10000000	0.01773703	0.00000000
C3	c	0.36635893	0.65576256	0.05530866	0.20000000	8.20000000	0.02107508	0.00000000
C4	c	0.54181989	0.60866381	0.18976311	0.30000000	8.30000000	0.02896551	0.00000000
C5	c	0.93926993	0.70983201	0.25487592	0.40000000	8.40000000	0.02959802	0.00000000
C6	c	0.94065669	0.69041170	0.14149798	0.50000000	8.50000000	0.02917583	0.00000000
C7	c	0.92399934	0.75956510	0.14580211	0.60000000	8.60000000	0.02582092	0.00000000
C8	c	0.94132177	0.80170396	0.03834579	0.70000000	8.70000000	0.02310005	0.00000000
C9	c	0.95611683	0.69653337	0.20172070	0.80000000	8.80000000	0.01423900	0.00000000
C10	c	0.97966088	0.81914160	0.09082991	0.90000000	8.90000000	0.01388096	0.00000000
C11	c	0.41520302	0.76501544	0.24111387	1.00000000	9.00000000	0.01314985	0.00000000
C12	c	0.32917808	0.82499306	0.07734803	1.10000000	9.10000000	0.01914383	0.00000000
C13	c	0.45573566	0.73892951	0.25101152	1.20000000	9.20000000	0.02548522	0.00000000
C14	c	0.44790348	0.77216446	0.20396292	1.30000000	9.30000000	0.02462298	0.00000000
C15	c	0.34934777	0.80923201	0.09505120	1.40000000	9.40000000	0.02415265	0.00000000
C16	c	0.44091497	0.61051331	0.20786012	1.50000000	9.50000000	0.01265883	0.00000000
C17	c	0.66614002	0.72526038	0.22008113	1.60000000	9.60000000	0.02145625	0.00000000
C18	c	0.69561267	0.17324035	0.18709447	1.70000000	9.70000000	0.02875573	0.00000000
C19	c	0.82160714	0.61314631	0.18855622	1.80000000	9.80000000	0.02895154	0.00000000
C20	c	0.95903399	0.38685152	0.11176584	1.90000000	9.90000000	0.02078081	0.00000000
C21	c	0.55375403	0.94827573	0.04305669	2.00000000	10.00000000	0.02937652	0.00000000
C22	c	0.97990082	0.95879142	0.03312816	2.00000000	10.00000000	0.02458704	0.00000000
C23	c	0.79104604	0.65500241	0.12364935	2.00000000	10.00000000	0.01044761	0.00000000
C24	c	0.21195011	0.19404796	0.16458033	2.00000000	10.00000000	0.02128660	0.00000000
C25	c	0.15749252	0.45719159	0.17800532	2.00000000	10.00000000	0.02726353	0.00000000
C26	c	0.77426093	0.73114907	0.19227347	2.00000000	10.00000000	0.02420083	0.00000000
C27	c	0.70763252	0.13294126	0.18511827	2.00000000	10.00000000	0.01236573	0.00000000
C28	c	0.94757695	0.53904068	0.05904857	2.00000000	10.00000000	0.01602497	0.00000000
C29	c	0.02238039	0.56432991	0.21552586	2.00000000	10.00000000	0.01145102	0.00000000
C30	c	0.86317662	0.71004149	0.16521578	2.00000000	10.00000000	0.01208328	0.00000000

Q Vehicle fuel tank capacity /0.40000000/
C Vehicle load capacity /1.50000000/
r fuel consumption rate /0.25000000/
g inverse refueling rate /1.00000000/
v average Velocity /1.00000000/
