StringID	Type	x	y	demand	ReadyTime	DueDate	ServiceTime	altitude
D0	d	0.50000000	0.50000000	0.00000000	0.00000000	10.00000000	0.00000000	0.00000000
S0	f	0.42755965	0.15629026	0.00000000	0.00000000	10.00000000	0.00000000	0.00000000
S1	f	0.21922054	0.01046671	0.00000000	0.00000000	10.00000000	0.00000000	0.00000000
S2	f	0.00793170	0.86218897	0.00000000	0.00000000	10.00000000	0.00000000	0.00000000
S3	f	0.38768804	0.76608345	0.00000000	0.00000000	10.00000000	0.00000000	0.00000000
S4	f	0.19944276	0.78143961	0.00000000	0.00000000	10.00000000	0.00000000	0.00000000
S5	f	0.00557081	0.42461475	0.00000000	0.00000000	10.00000000	0.00000000	0.00000000
S6	f	0.34621757	0.27147494	0.00000000	0.00000000	10.00000000	0.00000000	0.00000000
S7	f	0.69321321	0.70919361	0.00000000	0.00000000	10.00000000	0.00000000	0.00000000
S8	f	0.38227005	0.04462509	0.00000000	0.00000000	10.00000000	0.00000000	0.00000000
S9	f	0.57251208	0.18428875	0.00000000	0.00000000	10.00000000	0.00000000	0.00000000
C1	c	0.20945560	0.61092620	0.11500911	0.00000000	8.00000000	0.01172476	0.00000000
C2	c	0.27325028	0.60594438	0.06054412	0.06000000	8.06000000	0.02124477	0.00000000
C3	c	0.26004899	0.60821102	0.08704441	0.12000000	8.12000000	0.01965966	0.00000000
C4	c	0.26226427	0.65915852	0.10579154	0.18000000	8.18000000	0.02198740	0.00000000
C5	c	0.23693082	0.66735140	0.14647728	0.24000000	8.24000000	0.01977535	0.00000000
C6	c	0.13032224	0.57336341	0.15885560	0.30000000	8.30000000	0.01839385	0.00000000
C7	c	0.07428318	0.52318206	0.13783445	0.36000000	8.36000000	0.02863004	0.00000000
C8	c	0.16834099	0.57496959	0.05380148	0.42000000	8.42000000	0.01251429	0.00000000
C9	c	0.15549219	0.10764487	0.04540763	0.48000000	8.48000000	0.02213115	0.00000000
C10	c	0.11483888	0.00000000	0.16099726	0.54000000	8.54000000	0.01474752	0.00000000
C11	c	0.23160639	0.07310682	0.08138811	0.60000000	8.60000000	0.02556407	0.00000000
C12	c	0.14219848	0.01482570	0.01781085	0.66000000	8.66000000	0.02331934	0.00000000
C13	c	0.74327732	0.45633886	0.04499775	0.72000000	8.72000000	0.02953896	0.00000000
C14	c	0.72505351	0.43644877	0.01834566	0.78000000	8.78000000	0.02823394	0.00000000
C15	c	0.56591561	0.57629406	0.11481339	0.84000000	8.84000000	0.01251782	0.00000000
C16	c	0.53633494	0.61518332	0.09002160	0.90000000	8.90000000	0.01636768	0.00000000
C17	c	0.73931377	0.63223902	0.06177027	0.96000000	8.96000000	0.02143721	0.00000000
C18	c	0.70874016	0.63282659	0.08789406	1.02000000	9.02000000	0.01436348	0.00000000
C19	c	0.61752486	0.59699605	0.06272098	1.08000000	9.08000000	0.01011353	0.00000000
C20	c	0.58037759	0.57238179	0.12876989	1.14000000	9.14000000	0.02874541	0.00000000
C21	c	0.66681342	0.56609373	0.14935119	1.20000000	9.20000000	0.02739069	0.00000000
C22	c	0.62244835	0.61824408	0.16041873	1.26000000	9.26000000	0.01973118	0.00000000
C23	c	0.65862600	0.59785065	0.09844360	1.32000000	9.32000000	0.02944996	0.00000000
C24	c	0.55597837	0.58578581	0.07033723	1.38000000	9.38000000	0.02705621	0.00000000
C25	c	0.61519127	0.63798169	0.14311630	1.44000000	9.44000000	0.01880181	0.00000000
C26	c	0.57323416	0.46237448	0.05089087	1.50000000	9.50000000	0.02965535	0.00000000
C27	c	0.12724417	0.80041385	0.04784830	1.56000000	9.56000000	0.01111343	0.00000000
C28	c	0.57423823	0.38458061	0.07049669	1.62000000	9.62000000	0.02802271	0.00000000
C29	c	0.26423193	0.21979495	0.10188540	1.68000000	9.68000000	0.01381309	0.00000000
C30	c	0.89108792	0.24780870	0.13839218	1.74000000	9.74000000	0.02316394	0.00000000
C31	c	0.96971175	0.01119342	0.09689224	1.80000000	9.80000000	0.01663056	0.00000000
C32	c	0.23447642	0.42426003	0.08023013	1.86000000	9.86000000	0.01619928	0.00000000
C33	c	0.80797386	0.76830620	0.08893023	1.92000000	9.92000000	0.01405384	0.00000000
C34	c	0.08623786	0.56223869	0.10171765	1.98000000	9.98000000	0.02740738	0.00000000
C35	c	0.48298315	0.59937023	0.02986034	2.00000000	10.00000000	0.02754748	0.00000000
C36	c	0.48876752	0.41969272	0.13103715	2.00000000	10.00000000	0.02713789	0.00000000
C37	c	0.93150205	0.12571469	0.09704315	2.00000000	10.00000000	0.01542675	0.00000000
C38	c	0.60655767	0.23737613	0.06853778	2.00000000	10.00000000	0.01176384	0.00000000
C39	c	0.77820346	0.66596687	0.05044948	2.00000000	10.00000000	0.01361421	0.00000000
C40	c	0.97694780	0.91169701	0.04377064	2.00000000	10.00000000	0.01449638	0.00000000
C41	c	0.12589076	0.31838382	0.14466538	2.00000000	10.00000000	0.02508807	0.00000000
C42	c	0.00567647	0.93727033	0.04798108	2.00000000	10.00000000	0.01316330	0.00000000
C43	c	0.86953450	0.48655923	0.15648247	2.00000000	10.00000000	0.01865873	0.00000000
C44	c	0.97249819	0.85281057	0.01241801	2.00000000	10.00000000	0.01885004	0.00000000
C45	c	0.44009048	0.98276732	0.04597725	2.00000000	10.00000000	0.02518539	0.00000000
C46	c	0.05567155	0.90113566	0.07450156	2.00000000	10.00000000	0.02671928	0.00000000
C47	c	0.19065459	0.65819675	0.13217341	2.00000000	10.00000000	0.02439469	0.00000000
C48	c	0.33152775	0.30996413	0.12621139	2.00000000	10.00000000	0.01195241	0.00000000
C49	c	0.20269213	0.87036889	0.05051262	2.00000000	10.00000000	0.01459734	0.00000000
C50	c	0.87737408	0.85689462	0.10913212	2.00000000	10.00000000	0.01267403	0.00000000

Q Vehicle fuel tank capacity /0.40000000/
C Vehicle load capacity /1.50000000/
r fuel consumption rate /0.25000000/
g inverse refueling rate /1.00000000/
v average Velocity /1.00000000/
