StringID	Type	x	y	demand	ReadyTime	DueDate	ServiceTime	altitude
D0	d	0.50000000	0.50000000	0.00000000	0.00000000	10.00000000	0.00000000	0.00000000
S0	f	0.25686939	0.99222994	0.00000000	0.00000000	10.00000000	0.00000000	0.00000000
S1	f	0.39344638	0.03470640	0.00000000	0.00000000	10.00000000	0.00000000	0.00000000
S2	f	0.09315928	0.23606850	0.00000000	0.00000000	10.00000000	0.00000000	0.00000000
S3	f	0.21229338	0.04431019	0.00000000	0.00000000	10.00000000	0.00000000	0.00000000
S4	f	0.61067051	0.65979892	0.00000000	0.00000000	10.00000000	0.00000000	0.00000000
S5	f	0.03407179	0.19702211	0.00000000	0.00000000	10.00000000	0.00000000	0.00000000
S6	f	0.21347612	0.41412453	0.00000000	0.00000000	10.00000000	0.00000000	0.00000000
S7	f	0.64759505	0.92577806	0.00000000	0.00000000	10.00000000	0.00000000	0.00000000
S8	f	0.10439766	0.13033650	0.00000000	0.00000000	10.00000000	0.00000000	0.00000000
S9	f	0.44375057	0.37354627	0.00000000	0.00000000	10.00000000	0.00000000	0.00000000
C1	c	0.20440192	0.28519685	0.06023572	0.00000000	8.00000000	0.02712462	0.00000000
C2	c	0.26601726	0.10528146	0.10034716	0.06000000	8.06000000	0.01815767	0.00000000
C3	c	0.36169779	0.83472124	0.01368928	0.12000000	8.12000000	0.02797810	0.00000000
C4	c	0.65532214	0.32897808	0.01918371	0.18000000	8.18000000	0.02738924	0.00000000
C5	c	0.55238968	0.30877980	0.14688827	0.24000000	8.24000000	0.02588798	0.00000000
C6	c	0.29915444	0.65915416	0.10648041	0.30000000	8.30000000	0.01304978	0.00000000
C7	c	0.57418102	0.06390784	0.08062957	0.36000000	8.36000000	0.02201016	0.00000000
C8	c	0.44810440	0.32941448	0.07756827	0.42000000	8.42000000	0.01217288	0.00000000
C9	c	0.59553222	0.84588184	0.15946282	0.48000000	8.48000000	0.02383642	0.00000000
C10	c	0.52139471	0.18610039	0.06831349	0.54000000	8.54000000	0.01760736	0.00000000
C11	c	0.19600029	0.35843996	0.15790960	0.60000000	8.60000000	0.02733056	0.00000000
C12	c	0.81114691	0.93240116	0.12865671	0.66000000	8.66000000	0.01972734	0.00000000
C13	c	0.33491581	0.52015224	0.16595254	0.72000000	8.72000000	0.02162721	0.00000000
C14	c	0.01854422	0.08977465	0.02655745	0.78000000	8.78000000	0.02040315	0.00000000
C15	c	0.33095546	0.19159913	0.12383893	0.84000000	8.84000000	0.01882787	0.00000000
C16	c	0.45546638	0.93471615	0.05625832	0.90000000	8.90000000	0.01806083	0.00000000
C17	c	0.96972525	0.58709614	0.04565434	0.96000000	8.96000000	0.02534603	0.00000000
C18	c	0.42392738	0.80634308	0.13739029	1.02000000	9.02000000	0.01270225	0.00000000
C19	c	0.16634441	0.76284336	0.07142133	1.08000000	9.08000000	0.01661282	0.00000000
C20	c	0.25686939	0.99222994	0.01859195	1.14000000	9.14000000	0.01314654	0.00000000
C21	c	0.55814907	0.98012809	0.08596664	1.20000000	9.20000000	0.01122320	0.00000000
C22	c	0.84050310	0.58831779	0.05921746	1.26000000	9.26000000	0.02699003	0.00000000
C23	c	0.23984362	0.15924094	0.16379465	1.32000000	9.32000000	0.01534566	0.00000000
C24	c	0.89980381	0.20017576	0.10911702	1.38000000	9.38000000	0.01861148	0.00000000
C25	c	0.42038219	0.05669035	0.07316099	1.44000000	9.44000000	0.02792354	0.00000000
C26	c	0.21069765	0.91715823	0.12182804	1.50000000	9.50000000	0.02570746	0.00000000
C27	c	0.37509273	0.20329148	0.10012349	1.56000000	9.56000000	0.02190705	0.00000000
C28	c	0.23478462	0.62658632	0.02232120	1.62000000	9.62000000	0.02414903	0.00000000
C29	c	0.63840828	0.77966813	0.16545749	1.68000000	9.68000000	0.01726860	0.00000000
C30	c	0.53211561	0.23632909	0.11277690	1.74000000	9.74000000	0.01777467	0.00000000
C31	c	0.33454172	0.61266286	0.14606795	1.80000000	9.80000000	0.01460576	0.00000000
C32	c	0.07901754	0.05068708	0.13121160	1.86000000	9.86000000	0.01964637	0.00000000
C33	c	0.43846692	0.23745858	0.06303117	1.92000000	9.92000000	0.02076557	0.00000000
C34	c	0.04047759	0.25895455	0.06160851	1.98000000	9.98000000	0.02854677	0.00000000
C35	c	0.33114848	0.42766036	0.07284707	2.00000000	10.00000000	0.01927420	0.00000000
C36	c	0.71832623	0.39959970	0.15253701	2.00000000	10.00000000	0.02838941	0.00000000
C37	c	0.76665607	0.55116277	0.07578522	2.00000000	10.00000000	0.01137034	0.00000000
C38	c	0.51311522	0.42061842	0.05089163	2.00000000	10.00000000	0.02347330	0.00000000
C39	c	0.75207609	0.15411718	0.06577726	2.00000000	10.00000000	0.02415168	0.00000000
C40	c	0.07517585	0.16655805	0.04801802	2.00000000	10.00000000	0.01516388	0.00000000
C41	c	0.35936966	0.66187113	0.04298412	2.00000000	10.00000000	0.01887827	0.00000000
C42	c	0.92519641	0.48767569	0.03137172	2.00000000	10.00000000	0.02099500	0.00000000
C43	c	0.26527426	0.59471484	0.05623979	2.00000000	10.00000000	0.02671480	0.00000000
C44	c	0.58537439	0.27270178	0.14296774	2.00000000	10.00000000	0.02175220	0.00000000
C45	c	0.13069393	0.42665027	0.14578171	2.00000000	10.00000000	0.01073172	0.00000000
C46	c	0.97173920	0.86925263	0.07101482	2.00000000	10.00000000	0.02073261	0.00000000
C47	c	0.71214787	0.71771761	0.06330369	2.00000000	10.00000000	0.02844189	0.00000000
C48	c	0.32949960	0.72220261	0.15145834	2.00000000	10.00000000	0.01203652	0.00000000
C49	c	0.74637469	0.66654058	0.09646519	2.00000000	10.00000000	0.01637704	0.00000000
C50	c	0.86532889	0.02641101	0.05184342	2.00000000	10.00000000	0.02894810	0.00000000

Q Vehicle fuel tank capacity /0.40000000/
C Vehicle load capacity /1.50000000/
r fuel consumption rate /0.25000000/
g inverse refueling rate /1.00000000/
v average Velocity /1.00000000/
