StringID	Type	x	y	demand	ReadyTime	DueDate	ServiceTime	altitude
D0	d	0.50000000	0.50000000	0.00000000	0.00000000	10.00000000	0.00000000	0.00000000
S0	f	0.53935460	0.14379148	0.00000000	0.00000000	10.00000000	0.00000000	0.00000000
S1	f	0.26971047	0.36941700	0.00000000	0.00000000	10.00000000	0.00000000	0.00000000
S2	f	0.14576300	0.58010191	0.00000000	0.00000000	10.00000000	0.00000000	0.00000000
S3	f	0.26782152	0.13584743	0.00000000	0.00000000	10.00000000	0.00000000	0.00000000
S4	f	0.37598473	0.87818438	0.00000000	0.00000000	10.00000000	0.00000000	0.00000000
S5	f	0.80664775	0.65761220	0.00000000	0.00000000	10.00000000	0.00000000	0.00000000
C1	c	0.67736900	0.54157166	0.03664250	0.00000000	8.00000000	0.01653555	0.00000000
C2	c	0.71740407	0.11770393	0.23725079	0.10000000	8.10000000	0.01664035	0.00000000
C3	c	0.32829430	0.40624465	0.18513577	0.20000000	8.20000000	0.01053339	0.00000000
C4	c	0.93906769	0.14393829	0.05319146	0.30000000	8.30000000	0.02901275	0.00000000
C5	c	0.27754742	0.24458887	0.18980695	0.40000000	8.40000000	0.01815514	0.00000000
C6	c	0.06756510	0.16775866	0.24494697	0.50000000	8.50000000	0.01108919	0.00000000
C7	c	0.84639024	0.35355996	0.05752235	0.60000000	8.60000000	0.01263171	0.00000000
C8	c	0.16303158	0.38711695	0.24804262	0.70000000	8.70000000	0.01251700	0.00000000
C9	c	0.96298499	0.31027050	0.23148321	0.80000000	8.80000000	0.01124693	0.00000000
C10	c	0.36857234	0.28493085	0.06195347	0.90000000	8.90000000	0.01721979	0.00000000
C11	c	0.87067100	0.06111320	0.12208488	1.00000000	9.00000000	0.02163983	0.00000000
C12	c	0.31053962	0.93259274	0.15989064	1.10000000	9.10000000	0.02677749	0.00000000
C13	c	0.19266623	0.81060266	0.23080908	1.20000000	9.20000000	0.01912972	0.00000000
C14	c	0.01163845	0.08470080	0.18715229	1.30000000	9.30000000	0.01099247	0.00000000
C15	c	0.33043440	0.57321164	0.17995808	1.40000000	9.40000000	0.01045121	0.00000000
C16	c	0.91013439	0.02890720	0.17277115	1.50000000	9.50000000	0.01944500	0.00000000
C17	c	0.72092752	0.57994515	0.09335979	1.60000000	9.60000000	0.01074565	0.00000000
C18	c	0.28909046	0.84900533	0.15824362	1.70000000	9.70000000	0.02731062	0.00000000
C19	c	0.53935460	0.14379148	0.18955322	1.80000000	9.80000000	0.02207057	0.00000000
C20	c	0.24239176	0.18857099	0.15857985	1.90000000	9.90000000	0.02873261	0.00000000
C21	c	0.80353276	0.35753661	0.10804206	2.00000000	10.00000000	0.01455680	0.00000000
C22	c	0.41585529	0.67868106	0.13657906	2.00000000	10.00000000	0.01622160	0.00000000
C23	c	0.41057862	0.75888355	0.14920186	2.00000000	10.00000000	0.02242219	0.00000000
C24	c	0.90224033	0.99568473	0.23788750	2.00000000	10.00000000	0.01029125	0.00000000
C25	c	0.99348470	0.03876060	0.04722381	2.00000000	10.00000000	0.01175303	0.00000000
C26	c	0.97811083	0.64660770	0.22666953	2.00000000	10.00000000	0.01651178	0.00000000
C27	c	0.55592244	0.34858800	0.13059669	2.00000000	10.00000000	0.01813735	0.00000000
C28	c	0.63530670	0.29156695	0.11893796	2.00000000	10.00000000	0.01143572	0.00000000
C29	c	0.10644531	0.18014291	0.05324651	2.00000000	10.00000000	0.02397601	0.00000000
C30	c	0.19506972	0.34453735	0.09323632	2.00000000	10.00000000	0.02229750	0.00000000

Q Vehicle fuel tank capacity /0.40000000/
C Vehicle load capacity /1.50000000/
r fuel consumption rate /0.25000000/
g inverse refueling rate /1.00000000/
v average Velocity /1.00000000/
