StringID	Type	x	y	demand	ReadyTime	DueDate	ServiceTime	altitude
D0	d	0.50000000	0.50000000	0.00000000	0.00000000	10.00000000	0.00000000	0.00000000
S0	f	0.26033817	0.73528513	0.00000000	0.00000000	10.00000000	0.00000000	0.00000000
S1	f	0.75285360	0.36217827	0.00000000	0.00000000	10.00000000	0.00000000	0.00000000
S2	f	0.32747114	0.88774936	0.00000000	0.00000000	10.00000000	0.00000000	0.00000000
S3	f	0.27769984	0.45978614	0.00000000	0.00000000	10.00000000	0.00000000	0.00000000
S4	f	0.99480210	0.94488115	0.00000000	0.00000000	10.00000000	0.00000000	0.00000000
S5	f	0.23801743	0.62935970	0.00000000	0.00000000	10.00000000	0.00000000	0.00000000
S6	f	0.17451457	0.54963397	0.00000000	0.00000000	10.00000000	0.00000000	0.00000000
S7	f	0.66917406	0.67849641	0.00000000	0.00000000	10.00000000	0.00000000	0.00000000
S8	f	0.97818100	0.27916190	0.00000000	0.00000000	10.00000000	0.00000000	0.00000000
S9	f	0.97667108	0.20527997	0.00000000	0.00000000	10.00000000	0.00000000	0.00000000
C1	c	0.00000000	0.01020310	0.10932498	0.00000000	8.00000000	0.01700334	0.00000000
C2	c	0.08137876	0.05611826	0.06216789	0.06000000	8.06000000	0.01966122	0.00000000
C3	c	0.00916461	0.11452842	0.14614686	0.12000000	8.12000000	0.02469823	0.00000000
C4	c	0.00847973	0.07644367	0.09873975	0.18000000	8.18000000	0.01477887	0.00000000
C5	c	0.00000000	0.04009426	0.04634192	0.24000000	8.24000000	0.01211576	0.00000000
C6	c	0.30430540	0.79380841	0.14803594	0.30000000	8.30000000	0.02473041	0.00000000
C7	c	0.33875333	0.75859039	0.10790343	0.36000000	8.36000000	0.02557140	0.00000000
C8	c	0.33006425	0.74560016	0.12925919	0.42000000	8.42000000	0.02224239	0.00000000
C9	c	0.17112374	0.67209832	0.10984119	0.48000000	8.48000000	0.02336622	0.00000000
C10	c	0.79528174	0.29705439	0.01940725	0.54000000	8.54000000	0.02523167	0.00000000
C11	c	0.69658200	0.34433929	0.01828198	0.60000000	8.60000000	0.02220665	0.00000000
C12	c	0.73939643	0.30331113	0.11051450	0.66000000	8.66000000	0.01884141	0.00000000
C13	c	0.65726080	0.42610321	0.04735744	0.72000000	8.72000000	0.02924291	0.00000000
C14	c	0.22109625	0.29274215	0.16502325	0.78000000	8.78000000	0.01500322	0.00000000
C15	c	0.20152237	0.29765012	0.12734941	0.84000000	8.84000000	0.01436176	0.00000000
C16	c	0.21975911	0.19943884	0.10482546	0.90000000	8.90000000	0.01885666	0.00000000
C17	c	0.22535968	0.32483815	0.02579094	0.96000000	8.96000000	0.01793377	0.00000000
C18	c	0.17991473	0.27947312	0.14576136	1.02000000	9.02000000	0.02802879	0.00000000
C19	c	0.24531408	0.30799788	0.01904475	1.08000000	9.08000000	0.01075946	0.00000000
C20	c	0.31144424	0.95778863	0.06039136	1.14000000	9.14000000	0.02734596	0.00000000
C21	c	0.24498139	0.86040334	0.12133314	1.20000000	9.20000000	0.01926208	0.00000000
C22	c	0.32702245	0.82913427	0.02169538	1.26000000	9.26000000	0.02410420	0.00000000
C23	c	0.22810315	0.83912942	0.01274434	1.32000000	9.32000000	0.01144096	0.00000000
C24	c	0.24938634	0.92193365	0.01696834	1.38000000	9.38000000	0.01534314	0.00000000
C25	c	0.28623274	0.98872054	0.08257270	1.44000000	9.44000000	0.01160755	0.00000000
C26	c	0.29402748	0.11805316	0.12295882	1.50000000	9.50000000	0.02670224	0.00000000
C27	c	0.82066363	0.87431127	0.01726085	1.56000000	9.56000000	0.01867295	0.00000000
C28	c	0.86148237	0.63884010	0.06498595	1.62000000	9.62000000	0.01420933	0.00000000
C29	c	0.37549551	0.33524168	0.14802039	1.68000000	9.68000000	0.01396729	0.00000000
C30	c	0.48306087	0.73491157	0.06142164	1.74000000	9.74000000	0.02423946	0.00000000
C31	c	0.23894347	0.10578808	0.11458423	1.80000000	9.80000000	0.01810870	0.00000000
C32	c	0.73652057	0.77856975	0.06862768	1.86000000	9.86000000	0.02387556	0.00000000
C33	c	0.61211936	0.66831108	0.08834145	1.92000000	9.92000000	0.02438101	0.00000000
C34	c	0.76158372	0.61033236	0.12634286	1.98000000	9.98000000	0.02399205	0.00000000
C35	c	0.44207044	0.96214555	0.06900899	2.00000000	10.00000000	0.02151777	0.00000000
C36	c	0.44283312	0.39668863	0.13427284	2.00000000	10.00000000	0.02047422	0.00000000
C37	c	0.90143931	0.03797293	0.03616022	2.00000000	10.00000000	0.02377420	0.00000000
C38	c	0.86729805	0.46310423	0.14771397	2.00000000	10.00000000	0.01675243	0.00000000
C39	c	0.70520986	0.07204792	0.11331492	2.00000000	10.00000000	0.01039281	0.00000000
C40	c	0.83511218	0.43364734	0.05979239	2.00000000	10.00000000	0.01588446	0.00000000
C41	c	0.71197285	0.40543483	0.03100117	2.00000000	10.00000000	0.01253220	0.00000000
C42	c	0.69377807	0.71905064	0.12111617	2.00000000	10.00000000	0.01425726	0.00000000
C43	c	0.69960271	0.57588839	0.07696797	2.00000000	10.00000000	0.02921062	0.00000000
C44	c	0.52371105	0.68870986	0.14595552	2.00000000	10.00000000	0.02312251	0.00000000
C45	c	0.33762160	0.01964040	0.15473283	2.00000000	10.00000000	0.02805422	0.00000000
C46	c	0.21286286	0.96053084	0.15263389	2.00000000	10.00000000	0.01493215	0.00000000
C47	c	0.65612540	0.90271111	0.11620731	2.00000000	10.00000000	0.02684998	0.00000000
C48	c	0.97839750	0.06980324	0.07312141	2.00000000	10.00000000	0.02956795	0.00000000
C49	c	0.00567351	0.49998300	0.06653546	2.00000000	10.00000000	0.01139606	0.00000000
C50	c	0.56749212	0.63500840	0.13209832	2.00000000	10.00000000	0.01011347	0.00000000

Q Vehicle fuel tank capacity /0.40000000/
C Vehicle load capacity /1.50000000/
r fuel consumption rate /0.25000000/
g inverse refueling rate /1.00000000/
v average Velocity /1.00000000/
