StringID	Type	x	y	demand	ReadyTime	DueDate	ServiceTime	altitude
D0	d	0.50000000	0.50000000	0.00000000	0.00000000	10.00000000	0.00000000	0.00000000
S0	f	0.06991725	0.85880815	0.00000000	0.00000000	10.00000000	0.00000000	0.00000000
S1	f	0.18944251	0.60566727	0.00000000	0.00000000	10.00000000	0.00000000	0.00000000
S2	f	0.86309550	0.32221718	0.00000000	0.00000000	10.00000000	0.00000000	0.00000000
S3	f	0.31335191	0.17856771	0.00000000	0.00000000	10.00000000	0.00000000	0.00000000
S4	f	0.88219677	0.95441158	0.00000000	0.00000000	10.00000000	0.00000000	0.00000000
S5	f	0.38086659	0.18659165	0.00000000	0.00000000	10.00000000	0.00000000	0.00000000
S6	f	0.21541626	0.75278289	0.00000000	0.00000000	10.00000000	0.00000000	0.00000000
S7	f	0.89431996	0.42569200	0.00000000	0.00000000	10.00000000	0.00000000	0.00000000
S8	f	0.02316816	0.11489606	0.00000000	0.00000000	10.00000000	0.00000000	0.00000000
S9	f	0.05004383	0.29006424	0.00000000	0.00000000	10.00000000	0.00000000	0.00000000
C1	c	0.69409048	0.01573241	0.05192402	0.00000000	8.00000000	0.02671589	0.00000000
C2	c	0.70586517	0.11751761	0.04297531	0.06000000	8.06000000	0.02411393	0.00000000
C3	c	0.72695449	0.00000000	0.09519313	0.12000000	8.12000000	0.02061077	0.00000000
C4	c	0.73594239	0.05703701	0.10465152	0.18000000	8.18000000	0.01725886	0.00000000
C5	c	0.73883484	0.09600864	0.03238651	0.24000000	8.24000000	0.01205086	0.00000000
C6	c	0.79155431	0.06210991	0.13653822	0.30000000	8.30000000	0.02885142	0.00000000
C7	c	0.88014520	0.38292143	0.13360321	0.36000000	8.36000000	0.02489691	0.00000000
C8	c	0.88380499	0.49563318	0.13994190	0.42000000	8.42000000	0.01361158	0.00000000
C9	c	0.91112764	0.38214634	0.03196650	0.48000000	8.48000000	0.01723103	0.00000000
C10	c	0.88168518	0.37312433	0.14938036	0.54000000	8.54000000	0.02233420	0.00000000
C11	c	0.84798963	0.36864862	0.11808233	0.60000000	8.60000000	0.01475319	0.00000000
C12	c	0.06406329	0.77713155	0.11935245	0.66000000	8.66000000	0.01262755	0.00000000
C13	c	0.02357134	0.80677647	0.11106897	0.72000000	8.72000000	0.01675614	0.00000000
C14	c	0.05809736	0.80239172	0.08124180	0.78000000	8.78000000	0.01310419	0.00000000
C15	c	0.39065499	0.04645896	0.15486527	0.84000000	8.84000000	0.01923206	0.00000000
C16	c	0.48494501	0.03887696	0.10121571	0.90000000	8.90000000	0.01712760	0.00000000
C17	c	0.52380751	0.00000000	0.07030099	0.96000000	8.96000000	0.02264225	0.00000000
C18	c	0.43860292	0.00000000	0.02718550	1.02000000	9.02000000	0.02697910	0.00000000
C19	c	0.49858439	0.08482365	0.08001627	1.08000000	9.08000000	0.01191590	0.00000000
C20	c	0.45769159	0.00000000	0.06539879	1.14000000	9.14000000	0.02395072	0.00000000
C21	c	0.66787915	0.97644403	0.12673416	1.20000000	9.20000000	0.02858182	0.00000000
C22	c	0.61735645	1.00000000	0.04751629	1.26000000	9.26000000	0.02197478	0.00000000
C23	c	0.62566513	0.98048520	0.05920194	1.32000000	9.32000000	0.01833639	0.00000000
C24	c	0.63450799	0.96297790	0.11501542	1.38000000	9.38000000	0.01860825	0.00000000
C25	c	0.50071284	0.97802260	0.08888173	1.44000000	9.44000000	0.01155054	0.00000000
C26	c	0.68375554	0.56797078	0.14505495	1.50000000	9.50000000	0.01798520	0.00000000
C27	c	0.04870997	0.44295204	0.03945817	1.56000000	9.56000000	0.01576999	0.00000000
C28	c	0.62760784	0.74835053	0.03011813	1.62000000	9.62000000	0.02760590	0.00000000
C29	c	0.10190117	0.58949636	0.11034251	1.68000000	9.68000000	0.01492834	0.00000000
C30	c	0.17213303	0.88545185	0.11194828	1.74000000	9.74000000	0.01575943	0.00000000
C31	c	0.17461788	0.84172184	0.01788928	1.80000000	9.80000000	0.01236701	0.00000000
C32	c	0.96160309	0.83579427	0.04621426	1.86000000	9.86000000	0.01363570	0.00000000
C33	c	0.70569626	0.53053849	0.01544823	1.92000000	9.92000000	0.01907505	0.00000000
C34	c	0.36294323	0.10254305	0.10112358	1.98000000	9.98000000	0.02617787	0.00000000
C35	c	0.94257094	0.74484548	0.15955923	2.00000000	10.00000000	0.01507720	0.00000000
C36	c	0.18057907	0.36155132	0.11407503	2.00000000	10.00000000	0.02527472	0.00000000
C37	c	0.61671006	0.23765954	0.09658506	2.00000000	10.00000000	0.02170970	0.00000000
C38	c	0.13137769	0.33780677	0.01814764	2.00000000	10.00000000	0.01258085	0.00000000
C39	c	0.15520938	0.46160312	0.07770024	2.00000000	10.00000000	0.01490898	0.00000000
C40	c	0.35637995	0.63211229	0.10559359	2.00000000	10.00000000	0.01193155	0.00000000
C41	c	0.84895483	0.09579480	0.12383249	2.00000000	10.00000000	0.01488142	0.00000000
C42	c	0.69753590	0.92909103	0.02618248	2.00000000	10.00000000	0.02785367	0.00000000
C43	c	0.59873904	0.41681968	0.09983662	2.00000000	10.00000000	0.01402888	0.00000000
C44	c	0.43041267	0.07752702	0.03679142	2.00000000	10.00000000	0.01617169	0.00000000
C45	c	0.39925998	0.28849953	0.14454245	2.00000000	10.00000000	0.01050267	0.00000000
C46	c	0.88029512	0.24641678	0.03716677	2.00000000	10.00000000	0.02347375	0.00000000
C47	c	0.28797163	0.11835067	0.13793678	2.00000000	10.00000000	0.01519097	0.00000000
C48	c	0.80889372	0.25385997	0.10810091	2.00000000	10.00000000	0.02169560	0.00000000
C49	c	0.76373581	0.58548504	0.15566805	2.00000000	10.00000000	0.01048134	0.00000000
C50	c	0.12904235	0.24544906	0.15604555	2.00000000	10.00000000	0.02605885	0.00000000

Q Vehicle fuel tank capacity /0.40000000/
C Vehicle load capacity /1.50000000/
r fuel consumption rate /0.25000000/
g inverse refueling rate /1.00000000/
v average Velocity /1.00000000/
