StringID	Type	x	y	demand	ReadyTime	DueDate	ServiceTime	altitude
D0	d	0.50000000	0.50000000	0.00000000	0.00000000	10.00000000	0.00000000	0.00000000
S0	f	0.11722464	0.11516073	0.00000000	0.00000000	10.00000000	0.00000000	0.00000000
S1	f	0.64087176	0.93194934	0.00000000	0.00000000	10.00000000	0.00000000	0.00000000
S2	f	0.58985635	0.47510842	0.00000000	0.00000000	10.00000000	0.00000000	0.00000000
S3	f	0.10845537	0.46858465	0.00000000	0.00000000	10.00000000	0.00000000	0.00000000
S4	f	0.69222592	0.37810075	0.00000000	0.00000000	10.00000000	0.00000000	0.00000000
S5	f	0.75576579	0.39639461	0.00000000	0.00000000	10.00000000	0.00000000	0.00000000
C1	c	0.45687429	0.83905533	0.08254610	0.00000000	8.00000000	0.01430272	0.00000000
C2	c	0.44899499	0.90740609	0.11469177	0.10000000	8.10000000	0.02369143	0.00000000
C3	c	0.36105051	0.74789779	0.07747483	0.20000000	8.20000000	0.02348081	0.00000000
C4	c	0.51206672	0.78660945	0.13039753	0.30000000	8.30000000	0.02953066	0.00000000
C5	c	0.44793685	0.80421082	0.21986207	0.40000000	8.40000000	0.02297829	0.00000000
C6	c	0.44041765	0.78566315	0.15701726	0.50000000	8.50000000	0.02049231	0.00000000
C7	c	0.33641055	0.73533416	0.15304262	0.60000000	8.60000000	0.02404632	0.00000000
C8	c	0.34491463	0.18588280	0.18768342	0.70000000	8.70000000	0.02461580	0.00000000
C9	c	0.29636173	0.17962980	0.16971281	0.80000000	8.80000000	0.02283842	0.00000000
C10	c	0.37861042	0.25385595	0.03775205	0.90000000	8.90000000	0.02189187	0.00000000
C11	c	0.37543656	0.07981437	0.06800747	1.00000000	9.00000000	0.01805264	0.00000000
C12	c	0.36564283	0.18880384	0.07491475	1.10000000	9.10000000	0.01796039	0.00000000
C13	c	0.32402588	0.21002901	0.22128823	1.20000000	9.20000000	0.01836739	0.00000000
C14	c	0.38587611	0.14010902	0.06617340	1.30000000	9.30000000	0.01684834	0.00000000
C15	c	0.32429090	0.16150674	0.20945952	1.40000000	9.40000000	0.01612097	0.00000000
C16	c	0.51967282	0.83495442	0.09651827	1.50000000	9.50000000	0.02626392	0.00000000
C17	c	0.95074281	0.56599778	0.14211562	1.60000000	9.60000000	0.01775673	0.00000000
C18	c	0.16702592	0.23231228	0.21733625	1.70000000	9.70000000	0.02915080	0.00000000
C19	c	0.92383889	0.61341439	0.21136316	1.80000000	9.80000000	0.02429978	0.00000000
C20	c	0.21513593	0.68457142	0.21717297	1.90000000	9.90000000	0.01124248	0.00000000
C21	c	0.67404056	0.97653300	0.14989438	2.00000000	10.00000000	0.01140257	0.00000000
C22	c	0.64891437	0.52461550	0.22984503	2.00000000	10.00000000	0.01440815	0.00000000
C23	c	0.70231599	0.73079005	0.25920721	2.00000000	10.00000000	0.01492911	0.00000000
C24	c	0.64192094	0.59459352	0.16164169	2.00000000	10.00000000	0.02844903	0.00000000
C25	c	0.40263184	0.39801936	0.14551573	2.00000000	10.00000000	0.02579691	0.00000000
C26	c	0.41836954	0.34241717	0.13582270	2.00000000	10.00000000	0.01837538	0.00000000
C27	c	0.30604831	0.81319622	0.06046846	2.00000000	10.00000000	0.02264449	0.00000000
C28	c	0.38783668	0.95754022	0.07702409	2.00000000	10.00000000	0.02998593	0.00000000
C29	c	0.71498889	0.06212389	0.25238478	2.00000000	10.00000000	0.02183773	0.00000000
C30	c	0.07012864	0.22040748	0.17366582	2.00000000	10.00000000	0.02046656	0.00000000

Q Vehicle fuel tank capacity /0.40000000/
C Vehicle load capacity /1.50000000/
r fuel consumption rate /0.25000000/
g inverse refueling rate /1.00000000/
v average Velocity /1.00000000/
