StringID	Type	x	y	demand	ReadyTime	DueDate	ServiceTime	altitude
D0	d	0.50000000	0.50000000	0.00000000	0.00000000	10.00000000	0.00000000	0.00000000
S0	f	0.87525059	0.79791862	0.00000000	0.00000000	10.00000000	0.00000000	0.00000000
S1	f	0.03060796	0.68258030	0.00000000	0.00000000	10.00000000	0.00000000	0.00000000
S2	f	0.90516199	0.25486618	0.00000000	0.00000000	10.00000000	0.00000000	0.00000000
S3	f	0.82120408	0.34756697	0.00000000	0.00000000	10.00000000	0.00000000	0.00000000
S4	f	0.04516655	0.76874720	0.00000000	0.00000000	10.00000000	0.00000000	0.00000000
S5	f	0.90925212	0.04688022	0.00000000	0.00000000	10.00000000	0.00000000	0.00000000
C1	c	0.70201615	0.17000152	0.04729194	0.00000000	8.00000000	0.02321953	0.00000000
C2	c	0.71539223	0.13869067	0.06503479	0.10000000	8.10000000	0.02313104	0.00000000
C3	c	0.73608567	0.10201085	0.14480649	0.20000000	8.20000000	0.01876203	0.00000000
C4	c	0.65432681	0.15411382	0.10702625	0.30000000	8.30000000	0.01271428	0.00000000
C5	c	0.71335532	0.19417346	0.11826781	0.40000000	8.40000000	0.02529610	0.00000000
C6	c	0.79670854	0.18779460	0.06264204	0.50000000	8.50000000	0.02699305	0.00000000
C7	c	0.69054831	0.04432874	0.13173452	0.60000000	8.60000000	0.02086196	0.00000000
C8	c	0.49132196	0.91667906	0.04348277	0.70000000	8.70000000	0.01105097	0.00000000
C9	c	0.45863021	0.98012757	0.23775712	0.80000000	8.80000000	0.02089842	0.00000000
C10	c	0.51531589	0.85040036	0.24487693	0.90000000	8.90000000	0.01365474	0.00000000
C11	c	0.53441953	0.89720178	0.17053920	1.00000000	9.00000000	0.02003892	0.00000000
C12	c	0.51690973	0.86861056	0.25810506	1.10000000	9.10000000	0.01021925	0.00000000
C13	c	0.31807128	0.87048526	0.20726371	1.20000000	9.20000000	0.01275927	0.00000000
C14	c	0.25790885	0.92773905	0.17661303	1.30000000	9.30000000	0.01645825	0.00000000
C15	c	0.23125226	0.89883835	0.03320428	1.40000000	9.40000000	0.02430550	0.00000000
C16	c	0.64760934	0.24031475	0.09558253	1.50000000	9.50000000	0.01323413	0.00000000
C17	c	0.69814168	0.98404221	0.15215475	1.60000000	9.60000000	0.01982510	0.00000000
C18	c	0.43270162	0.90748829	0.23893801	1.70000000	9.70000000	0.02412972	0.00000000
C19	c	0.34172993	0.16185248	0.20754752	1.80000000	9.80000000	0.01784728	0.00000000
C20	c	0.66097670	0.65655176	0.25300629	1.90000000	9.90000000	0.01180670	0.00000000
C21	c	0.43810175	0.13571375	0.18037789	2.00000000	10.00000000	0.02040179	0.00000000
C22	c	0.76480508	0.84965234	0.07820395	2.00000000	10.00000000	0.01536995	0.00000000
C23	c	0.54309787	0.05254871	0.19305443	2.00000000	10.00000000	0.01793529	0.00000000
C24	c	0.54492090	0.18273698	0.26477546	2.00000000	10.00000000	0.01486375	0.00000000
C25	c	0.50194591	0.01096257	0.12646613	2.00000000	10.00000000	0.02102065	0.00000000
C26	c	0.13796347	0.32291245	0.24557114	2.00000000	10.00000000	0.01710858	0.00000000
C27	c	0.49125482	0.70648596	0.19620388	2.00000000	10.00000000	0.01220239	0.00000000
C28	c	0.39236406	0.09033511	0.05730624	2.00000000	10.00000000	0.01722962	0.00000000
C29	c	0.52008971	0.26849747	0.10364496	2.00000000	10.00000000	0.02627843	0.00000000
C30	c	0.39676429	0.24318737	0.05852090	2.00000000	10.00000000	0.01492862	0.00000000

Q Vehicle fuel tank capacity /0.40000000/
C Vehicle load capacity /1.50000000/
r fuel consumption rate /0.25000000/
g inverse refueling rate /1.00000000/
v average Velocity /1.00000000/
