StringID	Type	x	y	demand	ReadyTime	DueDate	ServiceTime	altitude
D0	d	0.50000000	0.50000000	0.00000000	0.00000000	10.00000000	0.00000000	0.00000000
S0	f	0.77511470	0.96986069	0.00000000	0.00000000	10.00000000	0.00000000	0.00000000
S1	f	0.11595992	0.93886815	0.00000000	0.00000000	10.00000000	0.00000000	0.00000000
S2	f	0.11871950	0.13793670	0.00000000	0.00000000	10.00000000	0.00000000	0.00000000
S3	f	0.03439132	0.29562680	0.00000000	0.00000000	10.00000000	0.00000000	0.00000000
S4	f	0.21338507	0.77318827	0.00000000	0.00000000	10.00000000	0.00000000	0.00000000
S5	f	0.23975863	0.87679620	0.00000000	0.00000000	10.00000000	0.00000000	0.00000000
S6	f	0.83518278	0.08906461	0.00000000	0.00000000	10.00000000	0.00000000	0.00000000
S7	f	0.29918744	0.42620386	0.00000000	0.00000000	10.00000000	0.00000000	0.00000000
S8	f	0.59417599	0.93437532	0.00000000	0.00000000	10.00000000	0.00000000	0.00000000
S9	f	0.34393054	0.23843846	0.00000000	0.00000000	10.00000000	0.00000000	0.00000000
C1	c	0.73480528	0.98023324	0.08794701	0.00000000	8.00000000	0.01432226	0.00000000
C2	c	0.67565591	0.97112089	0.10001781	0.06000000	8.06000000	0.02008092	0.00000000
C3	c	0.15014399	0.89850730	0.10560005	0.12000000	8.12000000	0.01738270	0.00000000
C4	c	0.14666453	0.96508449	0.14443888	0.18000000	8.18000000	0.02814756	0.00000000
C5	c	0.21273650	0.92163871	0.02886027	0.24000000	8.24000000	0.01876430	0.00000000
C6	c	0.06331768	0.87256209	0.07274093	0.30000000	8.30000000	0.01097118	0.00000000
C7	c	0.15705920	0.92933882	0.13377817	0.36000000	8.36000000	0.02990165	0.00000000
C8	c	0.16373753	0.15006622	0.13933521	0.42000000	8.42000000	0.02586408	0.00000000
C9	c	0.17636249	0.12520009	0.12059583	0.48000000	8.48000000	0.02110646	0.00000000
C10	c	0.19467518	0.10153216	0.11376698	0.54000000	8.54000000	0.01972994	0.00000000
C11	c	0.12069804	0.19785513	0.10991549	0.60000000	8.60000000	0.02423761	0.00000000
C12	c	0.13714580	0.09625659	0.07675298	0.66000000	8.66000000	0.01020458	0.00000000
C13	c	0.42609002	0.22688930	0.12185231	0.72000000	8.72000000	0.01413743	0.00000000
C14	c	0.39478836	0.34840380	0.09771699	0.78000000	8.78000000	0.02358002	0.00000000
C15	c	0.55343172	0.24868570	0.10833718	0.84000000	8.84000000	0.02259471	0.00000000
C16	c	0.40763556	0.25280047	0.12761902	0.90000000	8.90000000	0.01313556	0.00000000
C17	c	0.39458562	0.30652507	0.10141770	0.96000000	8.96000000	0.01258649	0.00000000
C18	c	0.34352369	0.35375867	0.11177297	1.02000000	9.02000000	0.01014717	0.00000000
C19	c	0.21605024	0.28193757	0.14219584	1.08000000	9.08000000	0.01012932	0.00000000
C20	c	0.21691564	0.13935286	0.08688286	1.14000000	9.14000000	0.02328167	0.00000000
C21	c	0.29123163	0.29550943	0.05808482	1.20000000	9.20000000	0.01329201	0.00000000
C22	c	0.26988741	0.24316862	0.03141419	1.26000000	9.26000000	0.01118122	0.00000000
C23	c	0.30474193	0.20819716	0.11448312	1.32000000	9.32000000	0.01772055	0.00000000
C24	c	0.25414813	0.27151727	0.07795911	1.38000000	9.38000000	0.02546674	0.00000000
C25	c	0.20806863	0.19730529	0.07162693	1.44000000	9.44000000	0.01216535	0.00000000
C26	c	0.62205721	0.10810413	0.14393690	1.50000000	9.50000000	0.01968378	0.00000000
C27	c	0.53705633	0.45274493	0.08397714	1.56000000	9.56000000	0.02804945	0.00000000
C28	c	0.90790218	0.08140238	0.08934731	1.62000000	9.62000000	0.01872696	0.00000000
C29	c	0.76834626	0.21611281	0.14358915	1.68000000	9.68000000	0.01842446	0.00000000
C30	c	0.50404589	0.36913478	0.08834865	1.74000000	9.74000000	0.01913188	0.00000000
C31	c	0.90737789	0.43821522	0.02339115	1.80000000	9.80000000	0.02289011	0.00000000
C32	c	0.04855914	0.99508254	0.10434953	1.86000000	9.86000000	0.01146530	0.00000000
C33	c	0.79320386	0.55532278	0.09671513	1.92000000	9.92000000	0.02537110	0.00000000
C34	c	0.48649678	0.71188049	0.05464136	1.98000000	9.98000000	0.02556378	0.00000000
C35	c	0.01022925	0.20687156	0.12187697	2.00000000	10.00000000	0.02135116	0.00000000
C36	c	0.67900116	0.62973531	0.06199318	2.00000000	10.00000000	0.01449310	0.00000000
C37	c	0.00735845	0.00646622	0.05156747	2.00000000	10.00000000	0.02232960	0.00000000
C38	c	0.66408370	0.16460027	0.11170630	2.00000000	10.00000000	0.02375234	0.00000000
C39	c	0.05906111	0.38602738	0.07381060	2.00000000	10.00000000	0.01597194	0.00000000
C40	c	0.77333675	0.10826757	0.09517973	2.00000000	10.00000000	0.02871080	0.00000000
C41	c	0.48418881	0.90247239	0.02464055	2.00000000	10.00000000	0.02619014	0.00000000
C42	c	0.43634817	0.42122322	0.08351351	2.00000000	10.00000000	0.02476606	0.00000000
C43	c	0.45659424	0.64450530	0.07194191	2.00000000	10.00000000	0.01276578	0.00000000
C44	c	0.07326510	0.76855490	0.13441146	2.00000000	10.00000000	0.01792716	0.00000000
C45	c	0.22465507	0.61647982	0.02097579	2.00000000	10.00000000	0.01600684	0.00000000
C46	c	0.68761723	0.29859684	0.09261436	2.00000000	10.00000000	0.02294844	0.00000000
C47	c	0.93554003	0.80950695	0.02352615	2.00000000	10.00000000	0.02929982	0.00000000
C48	c	0.73830300	0.13828876	0.06750090	2.00000000	10.00000000	0.02164401	0.00000000
C49	c	0.58220029	0.43201334	0.03607450	2.00000000	10.00000000	0.01864027	0.00000000
C50	c	0.24124044	0.70346482	0.11525765	2.00000000	10.00000000	0.01482481	0.00000000

Q Vehicle fuel tank capacity /0.40000000/
C Vehicle load capacity /1.50000000/
r fuel consumption rate /0.25000000/
g inverse refueling rate /1.00000000/
v average Velocity /1.00000000/
