StringID	Type	x	y	demand	ReadyTime	DueDate	ServiceTime	altitude
D0	d	0.50000000	0.50000000	0.00000000	0.00000000	10.00000000	0.00000000	0.00000000
S0	f	0.39376508	0.89086583	0.00000000	0.00000000	10.00000000	0.00000000	0.00000000
S1	f	0.75615806	0.94596956	0.00000000	0.00000000	10.00000000	0.00000000	0.00000000
S2	f	0.41652177	0.03627452	0.00000000	0.00000000	10.00000000	0.00000000	0.00000000
S3	f	0.09770815	0.86201844	0.00000000	0.00000000	10.00000000	0.00000000	0.00000000
S4	f	0.01392768	0.79664025	0.00000000	0.00000000	10.00000000	0.00000000	0.00000000
S5	f	0.27200248	0.35110187	0.00000000	0.00000000	10.00000000	0.00000000	0.00000000
C1	c	0.07077346	0.12582321	0.22697170	0.00000000	8.00000000	0.01664359	0.00000000
C2	c	0.67659513	0.99141179	0.05950439	0.10000000	8.10000000	0.01825551	0.00000000
C3	c	0.88262995	0.07169633	0.15900921	0.20000000	8.20000000	0.01815177	0.00000000
C4	c	0.67729692	0.10917626	0.11314957	0.30000000	8.30000000	0.01776876	0.00000000
C5	c	0.74132567	0.40148727	0.13327507	0.40000000	8.40000000	0.01934111	0.00000000
C6	c	0.11837687	0.66294688	0.19508716	0.50000000	8.50000000	0.02820319	0.00000000
C7	c	0.82828476	0.23142152	0.11876454	0.60000000	8.60000000	0.02953346	0.00000000
C8	c	0.95884715	0.02322291	0.28053394	0.70000000	8.70000000	0.01654277	0.00000000
C9	c	0.40491639	0.69791241	0.16847025	0.80000000	8.80000000	0.01353541	0.00000000
C10	c	0.48776897	0.15926503	0.27764929	0.90000000	8.90000000	0.01550255	0.00000000
C11	c	0.98224468	0.10335307	0.14360431	1.00000000	9.00000000	0.02726484	0.00000000
C12	c	0.72033099	0.26945716	0.13304412	1.10000000	9.10000000	0.02034773	0.00000000
C13	c	0.56587557	0.38905876	0.14815490	1.20000000	9.20000000	0.02844472	0.00000000
C14	c	0.67527045	0.61345013	0.22463378	1.30000000	9.30000000	0.02459213	0.00000000
C15	c	0.54774556	0.00402452	0.09229752	1.40000000	9.40000000	0.02218176	0.00000000
C16	c	0.50057711	0.21361865	0.22471928	1.50000000	9.50000000	0.02513730	0.00000000
C17	c	0.32859827	0.45540707	0.04787642	1.60000000	9.60000000	0.01490448	0.00000000
C18	c	0.39376508	0.89086583	0.12701094	1.70000000	9.70000000	0.01647826	0.00000000
C19	c	0.84417267	0.38369168	0.15495009	1.80000000	9.80000000	0.02016540	0.00000000
C20	c	0.36974212	0.71793608	0.05617152	1.90000000	9.90000000	0.02421501	0.00000000
C21	c	0.21087357	0.64888843	0.06449295	2.00000000	10.00000000	0.02190580	0.00000000
C22	c	0.21113233	0.32116709	0.04556262	2.00000000	10.00000000	0.02106676	0.00000000
C23	c	0.19087510	0.02790854	0.22184588	2.00000000	10.00000000	0.01265537	0.00000000
C24	c	0.90258540	0.33230912	0.18863702	2.00000000	10.00000000	0.01258076	0.00000000
C25	c	0.01060401	0.08439208	0.08853074	2.00000000	10.00000000	0.02902539	0.00000000
C26	c	0.39680934	0.22102623	0.02046722	2.00000000	10.00000000	0.02543009	0.00000000
C27	c	0.36242800	0.76152811	0.29113345	2.00000000	10.00000000	0.02885532	0.00000000
C28	c	0.29347866	0.40184257	0.09606177	2.00000000	10.00000000	0.02774770	0.00000000
C29	c	0.45832431	0.96877006	0.21939065	2.00000000	10.00000000	0.02371633	0.00000000
C30	c	0.03288428	0.39147470	0.17899969	2.00000000	10.00000000	0.02660235	0.00000000

Q Vehicle fuel tank capacity /0.40000000/
C Vehicle load capacity /1.50000000/
r fuel consumption rate /0.25000000/
g inverse refueling rate /1.00000000/
v average Velocity /1.00000000/
