StringID	Type	x	y	demand	ReadyTime	DueDate	ServiceTime	altitude
D0	d	0.50000000	0.50000000	0.00000000	0.00000000	10.00000000	0.00000000	0.00000000
S0	f	0.50301425	0.08617778	0.00000000	0.00000000	10.00000000	0.00000000	0.00000000
S1	f	0.88298867	0.15935891	0.00000000	0.00000000	10.00000000	0.00000000	0.00000000
S2	f	0.78802468	0.51441477	0.00000000	0.00000000	10.00000000	0.00000000	0.00000000
S3	f	0.67846381	0.68639367	0.00000000	0.00000000	10.00000000	0.00000000	0.00000000
S4	f	0.81954962	0.83617306	0.00000000	0.00000000	10.00000000	0.00000000	0.00000000
S5	f	0.53827199	0.00781182	0.00000000	0.00000000	10.00000000	0.00000000	0.00000000
S6	f	0.21669808	0.25267752	0.00000000	0.00000000	10.00000000	0.00000000	0.00000000
S7	f	0.27134991	0.97716884	0.00000000	0.00000000	10.00000000	0.00000000	0.00000000
S8	f	0.06468366	0.36784186	0.00000000	0.00000000	10.00000000	0.00000000	0.00000000
S9	f	0.77638599	0.40494557	0.00000000	0.00000000	10.00000000	0.00000000	0.00000000
C1	c	0.67657240	0.92941793	0.15612108	0.00000000	8.00000000	0.01969106	0.00000000
C2	c	0.38562081	0.64830096	0.01263203	0.06000000	8.06000000	0.01776367	0.00000000
C3	c	0.91918575	0.38493799	0.08762956	0.12000000	8.12000000	0.01967066	0.00000000
C4	c	0.86838450	0.53237831	0.03835233	0.18000000	8.18000000	0.01746355	0.00000000
C5	c	0.06561500	0.68032375	0.13654450	0.24000000	8.24000000	0.01704403	0.00000000
C6	c	0.86611953	0.68660559	0.13452749	0.30000000	8.30000000	0.01079119	0.00000000
C7	c	0.96705138	0.55192449	0.04984808	0.36000000	8.36000000	0.01956233	0.00000000
C8	c	0.91596973	0.16871381	0.07796930	0.42000000	8.42000000	0.02285012	0.00000000
C9	c	0.35553560	0.11118820	0.01385301	0.48000000	8.48000000	0.02782141	0.00000000
C10	c	0.15238820	0.72775269	0.01839609	0.54000000	8.54000000	0.01444966	0.00000000
C11	c	0.96636315	0.62431666	0.03842037	0.60000000	8.60000000	0.02987329	0.00000000
C12	c	0.29808375	0.09774407	0.13127582	0.66000000	8.66000000	0.01270353	0.00000000
C13	c	0.31233562	0.18404457	0.08117464	0.72000000	8.72000000	0.01821281	0.00000000
C14	c	0.05359667	0.04858490	0.05857016	0.78000000	8.78000000	0.01312969	0.00000000
C15	c	0.41549235	0.02888089	0.09620319	0.84000000	8.84000000	0.01576945	0.00000000
C16	c	0.00902122	0.02593857	0.01446348	0.90000000	8.90000000	0.01473926	0.00000000
C17	c	0.94786643	0.97384483	0.11573385	0.96000000	8.96000000	0.02669070	0.00000000
C18	c	0.21078980	0.68288492	0.06620535	1.02000000	9.02000000	0.01874534	0.00000000
C19	c	0.94294587	0.67480514	0.06634044	1.08000000	9.08000000	0.01787552	0.00000000
C20	c	0.50301425	0.08617778	0.06199691	1.14000000	9.14000000	0.01019745	0.00000000
C21	c	0.63187134	0.58602813	0.11871924	1.20000000	9.20000000	0.02084824	0.00000000
C22	c	0.13652824	0.94250840	0.09372289	1.26000000	9.26000000	0.02023398	0.00000000
C23	c	0.39726343	0.12065431	0.09486805	1.32000000	9.32000000	0.01156745	0.00000000
C24	c	0.64380240	0.85110430	0.12809322	1.38000000	9.38000000	0.01795015	0.00000000
C25	c	0.47193449	0.46708825	0.15212555	1.44000000	9.44000000	0.02643716	0.00000000
C26	c	0.46409115	0.57183225	0.07706513	1.50000000	9.50000000	0.02486806	0.00000000
C27	c	0.66346235	0.40168922	0.13033746	1.56000000	9.56000000	0.01567000	0.00000000
C28	c	0.66956780	0.88626737	0.11481373	1.62000000	9.62000000	0.02550449	0.00000000
C29	c	0.64079773	0.54462095	0.15590583	1.68000000	9.68000000	0.02008899	0.00000000
C30	c	0.35798786	0.90775340	0.08756814	1.74000000	9.74000000	0.01603912	0.00000000
C31	c	0.60391589	0.19608304	0.11308713	1.80000000	9.80000000	0.02587250	0.00000000
C32	c	0.83761263	0.50220789	0.05315688	1.86000000	9.86000000	0.01687855	0.00000000
C33	c	0.15039292	0.26376397	0.11480606	1.92000000	9.92000000	0.01025497	0.00000000
C34	c	0.37643134	0.76214094	0.15223889	1.98000000	9.98000000	0.02086248	0.00000000
C35	c	0.99169704	0.65767372	0.08474818	2.00000000	10.00000000	0.01127883	0.00000000
C36	c	0.35396621	0.55855250	0.04955934	2.00000000	10.00000000	0.01225062	0.00000000
C37	c	0.26740202	0.60623043	0.16484803	2.00000000	10.00000000	0.01868115	0.00000000
C38	c	0.86735512	0.33230116	0.06558554	2.00000000	10.00000000	0.02664223	0.00000000
C39	c	0.18719484	0.89640078	0.12684056	2.00000000	10.00000000	0.02920985	0.00000000
C40	c	0.92087869	0.45652188	0.10895402	2.00000000	10.00000000	0.01136766	0.00000000
C41	c	0.73462197	0.50669955	0.11477584	2.00000000	10.00000000	0.02608088	0.00000000
C42	c	0.82804597	0.56275988	0.03061750	2.00000000	10.00000000	0.02551157	0.00000000
C43	c	0.40675364	0.49057552	0.06413203	2.00000000	10.00000000	0.01610188	0.00000000
C44	c	0.53535063	0.89778564	0.15489442	2.00000000	10.00000000	0.02111565	0.00000000
C45	c	0.27276488	0.14122145	0.14411672	2.00000000	10.00000000	0.01013608	0.00000000
C46	c	0.19829829	0.36733956	0.04869151	2.00000000	10.00000000	0.01948928	0.00000000
C47	c	0.09190322	0.51181283	0.01672836	2.00000000	10.00000000	0.01059638	0.00000000
C48	c	0.58477857	0.56661229	0.10043636	2.00000000	10.00000000	0.02200790	0.00000000
C49	c	0.59153470	0.11164472	0.15351543	2.00000000	10.00000000	0.02805977	0.00000000
C50	c	0.77442706	0.21737828	0.02879027	2.00000000	10.00000000	0.02850756	0.00000000

Q Vehicle fuel tank capacity /0.40000000/
C Vehicle load capacity /1.50000000/
r fuel consumption rate /0.25000000/
g inverse refueling rate /1.00000000/
v average Velocity /1.00000000/
