StringID	Type	x	y	demand	ReadyTime	DueDate	ServiceTime	altitude
D0	d	0.50000000	0.50000000	0.00000000	0.00000000	10.00000000	0.00000000	0.00000000
S0	f	0.16018917	0.84209313	0.00000000	0.00000000	10.00000000	0.00000000	0.00000000
S1	f	0.55000992	0.63536980	0.00000000	0.00000000	10.00000000	0.00000000	0.00000000
S2	f	0.49089262	0.37721512	0.00000000	0.00000000	10.00000000	0.00000000	0.00000000
S3	f	0.86846012	0.76501388	0.00000000	0.00000000	10.00000000	0.00000000	0.00000000
S4	f	0.01007040	0.97799748	0.00000000	0.00000000	10.00000000	0.00000000	0.00000000
S5	f	0.06642351	0.57147580	0.00000000	0.00000000	10.00000000	0.00000000	0.00000000
S6	f	0.27884495	0.48359852	0.00000000	0.00000000	10.00000000	0.00000000	0.00000000
S7	f	0.71242515	0.66719224	0.00000000	0.00000000	10.00000000	0.00000000	0.00000000
S8	f	0.72964442	0.76798613	0.00000000	0.00000000	10.00000000	0.00000000	0.00000000
S9	f	0.93853476	0.04092368	0.00000000	0.00000000	10.00000000	0.00000000	0.00000000
C1	c	0.35946924	0.08754938	0.08889578	0.00000000	8.00000000	0.02511784	0.00000000
C2	c	0.32883913	0.09963384	0.07282133	0.06000000	8.06000000	0.02732656	0.00000000
C3	c	0.39534638	0.19637616	0.15040934	0.12000000	8.12000000	0.02825608	0.00000000
C4	c	0.92657494	0.87097490	0.10689339	0.18000000	8.18000000	0.01443308	0.00000000
C5	c	0.87596562	0.93959000	0.12250497	0.24000000	8.24000000	0.02105599	0.00000000
C6	c	0.93027053	0.91366822	0.12424311	0.30000000	8.30000000	0.01889565	0.00000000
C7	c	0.97835186	0.98095773	0.14171250	0.36000000	8.36000000	0.01978933	0.00000000
C8	c	0.88377030	1.00000000	0.07134438	0.42000000	8.42000000	0.02565818	0.00000000
C9	c	0.80899315	0.98115644	0.11408863	0.48000000	8.48000000	0.01423276	0.00000000
C10	c	0.76305240	0.96749115	0.10324069	0.54000000	8.54000000	0.01787429	0.00000000
C11	c	0.90674676	0.94534621	0.02673645	0.60000000	8.60000000	0.01770021	0.00000000
C12	c	0.66871484	0.46874061	0.13392021	0.66000000	8.66000000	0.01818284	0.00000000
C13	c	0.74087155	0.46623109	0.06679274	0.72000000	8.72000000	0.02915271	0.00000000
C14	c	0.69365892	0.49586121	0.08343329	0.78000000	8.78000000	0.02688414	0.00000000
C15	c	0.67225443	0.45596409	0.04728396	0.84000000	8.84000000	0.02932568	0.00000000
C16	c	0.61411327	0.49335153	0.10738386	0.90000000	8.90000000	0.01454231	0.00000000
C17	c	0.02655223	0.77111457	0.12558336	0.96000000	8.96000000	0.02871998	0.00000000
C18	c	0.05546683	0.63426544	0.09147948	1.02000000	9.02000000	0.02836251	0.00000000
C19	c	0.05928718	0.74761929	0.10474950	1.08000000	9.08000000	0.02785746	0.00000000
C20	c	0.03176112	0.74010357	0.15517114	1.14000000	9.14000000	0.01562365	0.00000000
C21	c	0.04948134	0.61565387	0.14994188	1.20000000	9.20000000	0.02201482	0.00000000
C22	c	0.56396164	0.58718756	0.08206615	1.26000000	9.26000000	0.01325828	0.00000000
C23	c	0.60943526	0.74918718	0.03497372	1.32000000	9.32000000	0.02032093	0.00000000
C24	c	0.57045329	0.69036665	0.04043728	1.38000000	9.38000000	0.02671135	0.00000000
C25	c	0.56656824	0.69567679	0.06945856	1.44000000	9.44000000	0.01527821	0.00000000
C26	c	0.80459716	0.15293497	0.06653068	1.50000000	9.50000000	0.01536570	0.00000000
C27	c	0.40908922	0.63310350	0.09400827	1.56000000	9.56000000	0.02400227	0.00000000
C28	c	0.65406375	0.04198668	0.01618878	1.62000000	9.62000000	0.02703387	0.00000000
C29	c	0.07620617	0.85861049	0.12821180	1.68000000	9.68000000	0.02776415	0.00000000
C30	c	0.45527657	0.80334119	0.03283700	1.74000000	9.74000000	0.02019270	0.00000000
C31	c	0.39407383	0.02192663	0.07032676	1.80000000	9.80000000	0.01922406	0.00000000
C32	c	0.80686968	0.06281503	0.10311264	1.86000000	9.86000000	0.01472307	0.00000000
C33	c	0.74984026	0.13876847	0.10618030	1.92000000	9.92000000	0.01160157	0.00000000
C34	c	0.15918091	0.90861828	0.01659903	1.98000000	9.98000000	0.01119277	0.00000000
C35	c	0.75589218	0.86632783	0.02160726	2.00000000	10.00000000	0.01811735	0.00000000
C36	c	0.91280385	0.22165400	0.13611699	2.00000000	10.00000000	0.01969706	0.00000000
C37	c	0.55279949	0.44478262	0.10076716	2.00000000	10.00000000	0.01183022	0.00000000
C38	c	0.21163817	0.39371428	0.12178933	2.00000000	10.00000000	0.02653249	0.00000000
C39	c	0.38501032	0.40914217	0.07708657	2.00000000	10.00000000	0.02060500	0.00000000
C40	c	0.95763541	0.84420710	0.12802799	2.00000000	10.00000000	0.01325008	0.00000000
C41	c	0.96628418	0.22711551	0.06812917	2.00000000	10.00000000	0.01225218	0.00000000
C42	c	0.89287281	0.28118234	0.01366311	2.00000000	10.00000000	0.01812973	0.00000000
C43	c	0.60074117	0.16291408	0.12854440	2.00000000	10.00000000	0.02142236	0.00000000
C44	c	0.51604652	0.83556746	0.01964738	2.00000000	10.00000000	0.02075576	0.00000000
C45	c	0.26391031	0.26828500	0.12019779	2.00000000	10.00000000	0.02808902	0.00000000
C46	c	0.70011348	0.85169366	0.03076364	2.00000000	10.00000000	0.02233756	0.00000000
C47	c	0.88820753	0.50963503	0.15376544	2.00000000	10.00000000	0.01548471	0.00000000
C48	c	0.46120302	0.23615363	0.15314573	2.00000000	10.00000000	0.01655908	0.00000000
C49	c	0.08007863	0.05963863	0.03375113	2.00000000	10.00000000	0.02758345	0.00000000
C50	c	0.40586772	0.48485284	0.14343594	2.00000000	10.00000000	0.01396327	0.00000000

Q Vehicle fuel tank capacity /0.40000000/
C Vehicle load capacity /1.50000000/
r fuel consumption rate /0.25000000/
g inverse refueling rate /1.00000000/
v average Velocity /1.00000000/
