StringID	Type	x	y	demand	ReadyTime	DueDate	ServiceTime	altitude
D0	d	0.50000000	0.50000000	0.00000000	0.00000000	10.00000000	0.00000000	0.00000000
S0	f	0.85003065	0.04918589	0.00000000	0.00000000	10.00000000	0.00000000	0.00000000
S1	f	0.56230635	0.11922467	0.00000000	0.00000000	10.00000000	0.00000000	0.00000000
S2	f	0.87313984	0.30482054	0.00000000	0.00000000	10.00000000	0.00000000	0.00000000
S3	f	0.49882509	0.45769286	0.00000000	0.00000000	10.00000000	0.00000000	0.00000000
S4	f	0.35606719	0.23062811	0.00000000	0.00000000	10.00000000	0.00000000	0.00000000
S5	f	0.22388877	0.96751337	0.00000000	0.00000000	10.00000000	0.00000000	0.00000000
C1	c	0.45365896	0.68645462	0.16379337	0.00000000	8.00000000	0.02568564	0.00000000
C2	c	0.26630139	0.90354298	0.15357601	0.10000000	8.10000000	0.02689426	0.00000000
C3	c	0.54653371	0.61401826	0.08514935	0.20000000	8.20000000	0.02646390	0.00000000
C4	c	0.18040699	0.77239764	0.11011100	0.30000000	8.30000000	0.01689443	0.00000000
C5	c	0.00834155	0.70865021	0.20324091	0.40000000	8.40000000	0.01298890	0.00000000
C6	c	0.92125869	0.00243957	0.22132269	0.50000000	8.50000000	0.01769526	0.00000000
C7	c	0.69614200	0.81249335	0.15478405	0.60000000	8.60000000	0.01941349	0.00000000
C8	c	0.82363846	0.97742365	0.22937784	0.70000000	8.70000000	0.02862116	0.00000000
C9	c	0.50783371	0.18558960	0.20173433	0.80000000	8.80000000	0.02339327	0.00000000
C10	c	0.30906101	0.30637510	0.18984920	0.90000000	8.90000000	0.01751453	0.00000000
C11	c	0.28525759	0.80061405	0.02048392	1.00000000	9.00000000	0.02493191	0.00000000
C12	c	0.93417247	0.04667309	0.16444000	1.10000000	9.10000000	0.01645622	0.00000000
C13	c	0.27280934	0.68926290	0.15413830	1.20000000	9.20000000	0.01635994	0.00000000
C14	c	0.40707842	0.66398428	0.23734430	1.30000000	9.30000000	0.02941874	0.00000000
C15	c	0.79688177	0.24213352	0.21337604	1.40000000	9.40000000	0.01462972	0.00000000
C16	c	0.22204677	0.09937640	0.20572938	1.50000000	9.50000000	0.02861817	0.00000000
C17	c	0.55762648	0.04474597	0.11474977	1.60000000	9.60000000	0.01626148	0.00000000
C18	c	0.03137873	0.53101125	0.14551580	1.70000000	9.70000000	0.02651583	0.00000000
C19	c	0.85003065	0.04918589	0.20051281	1.80000000	9.80000000	0.01242607	0.00000000
C20	c	0.84268714	0.73416082	0.04650925	1.90000000	9.90000000	0.02577078	0.00000000
C21	c	0.09810443	0.59848296	0.19404731	2.00000000	10.00000000	0.02658162	0.00000000
C22	c	0.77506096	0.82879820	0.22595162	2.00000000	10.00000000	0.02267267	0.00000000
C23	c	0.62965980	0.87394076	0.13404303	2.00000000	10.00000000	0.02424653	0.00000000
C24	c	0.30774624	0.18350246	0.06145833	2.00000000	10.00000000	0.02743846	0.00000000
C25	c	0.62784164	0.49086086	0.04117348	2.00000000	10.00000000	0.01282707	0.00000000
C26	c	0.08406577	0.71489293	0.21068599	2.00000000	10.00000000	0.01541709	0.00000000
C27	c	0.49917170	0.40933702	0.21549439	2.00000000	10.00000000	0.01253859	0.00000000
C28	c	0.36229167	0.85040545	0.03763437	2.00000000	10.00000000	0.02177432	0.00000000
C29	c	0.53888917	0.45401419	0.07702509	2.00000000	10.00000000	0.01241218	0.00000000
C30	c	0.29203917	0.51367119	0.08674806	2.00000000	10.00000000	0.01894298	0.00000000

Q Vehicle fuel tank capacity /0.40000000/
C Vehicle load capacity /1.50000000/
r fuel consumption rate /0.25000000/
g inverse refueling rate /1.00000000/
v average Velocity /1.00000000/
