StringID	Type	x	y	demand	ReadyTime	DueDate	ServiceTime	altitude
D0	d	0.50000000	0.50000000	0.00000000	0.00000000	10.00000000	0.00000000	0.00000000
S0	f	0.66383120	0.34622489	0.00000000	0.00000000	10.00000000	0.00000000	0.00000000
S1	f	0.43808280	0.27482271	0.00000000	0.00000000	10.00000000	0.00000000	0.00000000
S2	f	0.34319023	0.42347687	0.00000000	0.00000000	10.00000000	0.00000000	0.00000000
S3	f	0.75631000	0.03613149	0.00000000	0.00000000	10.00000000	0.00000000	0.00000000
S4	f	0.52846087	0.87009952	0.00000000	0.00000000	10.00000000	0.00000000	0.00000000
S5	f	0.25111354	0.94610176	0.00000000	0.00000000	10.00000000	0.00000000	0.00000000
S6	f	0.22159688	0.07467198	0.00000000	0.00000000	10.00000000	0.00000000	0.00000000
S7	f	0.69427763	0.88929092	0.00000000	0.00000000	10.00000000	0.00000000	0.00000000
S8	f	0.16535357	0.35387319	0.00000000	0.00000000	10.00000000	0.00000000	0.00000000
S9	f	0.50637607	0.42683624	0.00000000	0.00000000	10.00000000	0.00000000	0.00000000
C1	c	0.00814014	0.63366326	0.05540193	0.00000000	8.00000000	0.01436192	0.00000000
C2	c	0.09206092	0.67438150	0.02127638	0.06000000	8.06000000	0.02621101	0.00000000
C3	c	0.80112379	0.09521978	0.15323191	0.12000000	8.12000000	0.01667582	0.00000000
C4	c	0.29289785	0.54532039	0.16971668	0.18000000	8.18000000	0.02962396	0.00000000
C5	c	0.16143982	0.18077716	0.06367876	0.24000000	8.24000000	0.01417132	0.00000000
C6	c	0.98007212	0.45906805	0.12168023	0.30000000	8.30000000	0.02345153	0.00000000
C7	c	0.12480185	0.77555404	0.03219377	0.36000000	8.36000000	0.02329068	0.00000000
C8	c	0.07284385	0.41057127	0.04363051	0.42000000	8.42000000	0.02451445	0.00000000
C9	c	0.60253794	0.94799974	0.05254324	0.48000000	8.48000000	0.01300515	0.00000000
C10	c	0.67237621	0.46891140	0.07505897	0.54000000	8.54000000	0.01038063	0.00000000
C11	c	0.64965585	0.69734074	0.08617983	0.60000000	8.60000000	0.01756950	0.00000000
C12	c	0.20660208	0.31099166	0.14506619	0.66000000	8.66000000	0.01554847	0.00000000
C13	c	0.54914950	0.57103199	0.08078127	0.72000000	8.72000000	0.02454264	0.00000000
C14	c	0.29626422	0.69972445	0.07033038	0.78000000	8.78000000	0.01804013	0.00000000
C15	c	0.56362583	0.11338228	0.03659271	0.84000000	8.84000000	0.01574748	0.00000000
C16	c	0.92103536	0.21361098	0.15430992	0.90000000	8.90000000	0.02507895	0.00000000
C17	c	0.45467598	0.85921221	0.09354933	0.96000000	8.96000000	0.01420471	0.00000000
C18	c	0.07578874	0.77208884	0.05367826	1.02000000	9.02000000	0.01083144	0.00000000
C19	c	0.66383120	0.34622489	0.06755246	1.08000000	9.08000000	0.02615372	0.00000000
C20	c	0.21968240	0.17591010	0.16426306	1.14000000	9.14000000	0.01145155	0.00000000
C21	c	0.95664963	0.37289486	0.12836132	1.20000000	9.20000000	0.01064336	0.00000000
C22	c	0.99883632	0.83519626	0.02079330	1.26000000	9.26000000	0.02241107	0.00000000
C23	c	0.71481682	0.61572834	0.03878601	1.32000000	9.32000000	0.02728952	0.00000000
C24	c	0.20150641	0.83498775	0.17082488	1.38000000	9.38000000	0.02273337	0.00000000
C25	c	0.12164949	0.23728078	0.10945396	1.44000000	9.44000000	0.02761806	0.00000000
C26	c	0.70257847	0.75946615	0.15644559	1.50000000	9.50000000	0.01677533	0.00000000
C27	c	0.04119571	0.97131714	0.13068434	1.56000000	9.56000000	0.02199854	0.00000000
C28	c	0.88404681	0.00726940	0.03443349	1.62000000	9.62000000	0.02507256	0.00000000
C29	c	0.93330647	0.07658357	0.08494735	1.68000000	9.68000000	0.01775088	0.00000000
C30	c	0.46816946	0.20621071	0.01193605	1.74000000	9.74000000	0.02293111	0.00000000
C31	c	0.99850940	0.15110716	0.02563912	1.80000000	9.80000000	0.01731391	0.00000000
C32	c	0.15776647	0.42973087	0.11407773	1.86000000	9.86000000	0.02384287	0.00000000
C33	c	0.22151805	0.73062710	0.01351427	1.92000000	9.92000000	0.01857398	0.00000000
C34	c	0.08804411	0.14437056	0.13101116	1.98000000	9.98000000	0.02021053	0.00000000
C35	c	0.43808280	0.27482271	0.11175544	2.00000000	10.00000000	0.01636350	0.00000000
C36	c	0.61715785	0.23533572	0.12175458	2.00000000	10.00000000	0.02802321	0.00000000
C37	c	0.03338683	0.28493039	0.09427283	2.00000000	10.00000000	0.01227796	0.00000000
C38	c	0.88858799	0.69122095	0.05962120	2.00000000	10.00000000	0.01183586	0.00000000
C39	c	0.03811652	0.09553157	0.11063772	2.00000000	10.00000000	0.02552639	0.00000000
C40	c	0.26013717	0.99335164	0.15008288	2.00000000	10.00000000	0.02769944	0.00000000
C41	c	0.14567849	0.27083537	0.11220828	2.00000000	10.00000000	0.01042626	0.00000000
C42	c	0.45663916	0.48672530	0.13364601	2.00000000	10.00000000	0.01711177	0.00000000
C43	c	0.48479352	0.90824982	0.13773649	2.00000000	10.00000000	0.02478451	0.00000000
C44	c	0.39030305	0.76103201	0.01478633	2.00000000	10.00000000	0.01264382	0.00000000
C45	c	0.41876125	0.69365417	0.02764737	2.00000000	10.00000000	0.01539368	0.00000000
C46	c	0.07065600	0.58161817	0.13289484	2.00000000	10.00000000	0.01597489	0.00000000
C47	c	0.11764249	0.52362104	0.01286891	2.00000000	10.00000000	0.02492485	0.00000000
C48	c	0.46765998	0.01733747	0.05841645	2.00000000	10.00000000	0.02787965	0.00000000
C49	c	0.74943085	0.89610876	0.16881913	2.00000000	10.00000000	0.01882922	0.00000000
C50	c	0.06191016	0.32851958	0.14122720	2.00000000	10.00000000	0.02143891	0.00000000

Q Vehicle fuel tank capacity /0.40000000/
C Vehicle load capacity /1.50000000/
r fuel consumption rate /0.25000000/
g inverse refueling rate /1.00000000/
v average Velocity /1.00000000/
