StringID	Type	x	y	demand	ReadyTime	DueDate	ServiceTime	altitude
D0	d	0.50000000	0.50000000	0.00000000	0.00000000	10.00000000	0.00000000	0.00000000
S0	f	0.82645196	0.69129344	0.00000000	0.00000000	10.00000000	0.00000000	0.00000000
S1	f	0.08537339	0.84906361	0.00000000	0.00000000	10.00000000	0.00000000	0.00000000
S2	f	0.88782834	0.98917316	0.00000000	0.00000000	10.00000000	0.00000000	0.00000000
S3	f	0.16590395	0.34737284	0.00000000	0.00000000	10.00000000	0.00000000	0.00000000
S4	f	0.92590714	0.14208168	0.00000000	0.00000000	10.00000000	0.00000000	0.00000000
S5	f	0.24638791	0.10914458	0.00000000	0.00000000	10.00000000	0.00000000	0.00000000
C1	c	0.48767384	0.64203107	0.25988150	0.00000000	8.00000000	0.01471940	0.00000000
C2	c	0.52919752	0.78909140	0.23715115	0.10000000	8.10000000	0.01018980	0.00000000
C3	c	0.51213717	0.73814365	0.03867469	0.20000000	8.20000000	0.01100281	0.00000000
C4	c	0.59739099	0.68179306	0.23789102	0.30000000	8.30000000	0.02768522	0.00000000
C5	c	0.50455291	0.65106819	0.04132095	0.40000000	8.40000000	0.01696145	0.00000000
C6	c	0.51195546	0.69216348	0.11453331	0.50000000	8.50000000	0.01657202	0.00000000
C7	c	0.49358450	0.75101963	0.09468981	0.60000000	8.60000000	0.02247508	0.00000000
C8	c	0.51578610	0.18479188	0.26412804	0.70000000	8.70000000	0.01304087	0.00000000
C9	c	0.61878886	0.26948083	0.05596457	0.80000000	8.80000000	0.01607811	0.00000000
C10	c	0.51064372	0.17520936	0.26097789	0.90000000	8.90000000	0.02925206	0.00000000
C11	c	0.54385886	0.21053443	0.09638571	1.00000000	9.00000000	0.02908133	0.00000000
C12	c	0.52663820	0.29080721	0.12085623	1.10000000	9.10000000	0.02681760	0.00000000
C13	c	0.80874075	0.49339176	0.06787498	1.20000000	9.20000000	0.02668259	0.00000000
C14	c	0.80048865	0.46976624	0.06369580	1.30000000	9.30000000	0.01954640	0.00000000
C15	c	0.81909402	0.42820691	0.06452847	1.40000000	9.40000000	0.02422069	0.00000000
C16	c	0.12694477	0.66190802	0.30870942	1.50000000	9.50000000	0.02253211	0.00000000
C17	c	0.93985740	0.99768528	0.13784103	1.60000000	9.60000000	0.02922769	0.00000000
C18	c	0.18768186	0.01859444	0.19367453	1.70000000	9.70000000	0.01965859	0.00000000
C19	c	0.68545638	0.08917216	0.10221044	1.80000000	9.80000000	0.01427024	0.00000000
C20	c	0.23596995	0.00949017	0.16598588	1.90000000	9.90000000	0.01666164	0.00000000
C21	c	0.05014048	0.88426088	0.03941148	2.00000000	10.00000000	0.02251691	0.00000000
C22	c	0.34807249	0.32860121	0.27970997	2.00000000	10.00000000	0.02192503	0.00000000
C23	c	0.62375423	0.15204341	0.05813431	2.00000000	10.00000000	0.02454068	0.00000000
C24	c	0.30390545	0.96260313	0.21490799	2.00000000	10.00000000	0.01500856	0.00000000
C25	c	0.95406662	0.84088010	0.29636246	2.00000000	10.00000000	0.01186948	0.00000000
C26	c	0.71103444	0.62660540	0.31330921	2.00000000	10.00000000	0.01831632	0.00000000
C27	c	0.96138435	0.48292931	0.07593362	2.00000000	10.00000000	0.02486253	0.00000000
C28	c	0.21351196	0.33308187	0.02638170	2.00000000	10.00000000	0.02857905	0.00000000
C29	c	0.62584539	0.59625175	0.22180896	2.00000000	10.00000000	0.02966384	0.00000000
C30	c	0.72703378	0.25042823	0.04706486	2.00000000	10.00000000	0.01310618	0.00000000

Q Vehicle fuel tank capacity /0.40000000/
C Vehicle load capacity /1.50000000/
r fuel consumption rate /0.25000000/
g inverse refueling rate /1.00000000/
v average Velocity /1.00000000/
