StringID	Type	x	y	demand	ReadyTime	DueDate	ServiceTime	altitude
D0	d	0.50000000	0.50000000	0.00000000	0.00000000	10.00000000	0.00000000	0.00000000
S0	f	0.01181645	0.74389137	0.00000000	0.00000000	10.00000000	0.00000000	0.00000000
S1	f	0.83499136	0.31105102	0.00000000	0.00000000	10.00000000	0.00000000	0.00000000
S2	f	0.94583373	0.69104838	0.00000000	0.00000000	10.00000000	0.00000000	0.00000000
S3	f	0.05931427	0.92579539	0.00000000	0.00000000	10.00000000	0.00000000	0.00000000
S4	f	0.64373702	0.65053269	0.00000000	0.00000000	10.00000000	0.00000000	0.00000000
S5	f	0.24935654	0.24409564	0.00000000	0.00000000	10.00000000	0.00000000	0.00000000
S6	f	0.21546520	0.67500062	0.00000000	0.00000000	10.00000000	0.00000000	0.00000000
S7	f	0.44524596	0.57326579	0.00000000	0.00000000	10.00000000	0.00000000	0.00000000
S8	f	0.25813053	0.29111453	0.00000000	0.00000000	10.00000000	0.00000000	0.00000000
S9	f	0.05252211	0.02637640	0.00000000	0.00000000	10.00000000	0.00000000	0.00000000
C1	c	0.91583545	0.27927089	0.14622641	0.00000000	8.00000000	0.01323517	0.00000000
C2	c	0.96107426	0.35449129	0.09497649	0.06000000	8.06000000	0.02765531	0.00000000
C3	c	0.98882388	0.37964990	0.02024252	0.12000000	8.12000000	0.01546200	0.00000000
C4	c	1.00000000	0.35245196	0.01498252	0.18000000	8.18000000	0.02948123	0.00000000
C5	c	0.98778292	0.33239766	0.13073843	0.24000000	8.24000000	0.02071094	0.00000000
C6	c	1.00000000	0.26178580	0.10380624	0.30000000	8.30000000	0.01491949	0.00000000
C7	c	0.98334083	0.35656949	0.06919623	0.36000000	8.36000000	0.02659462	0.00000000
C8	c	0.97227147	0.98439173	0.10302386	0.42000000	8.42000000	0.01824391	0.00000000
C9	c	0.91263631	1.00000000	0.11705541	0.48000000	8.48000000	0.01904808	0.00000000
C10	c	0.92561996	0.99655172	0.10253809	0.54000000	8.54000000	0.01667922	0.00000000
C11	c	0.97087420	0.95621553	0.04751273	0.60000000	8.60000000	0.02742394	0.00000000
C12	c	0.51025948	0.41930452	0.09921195	0.66000000	8.66000000	0.01666513	0.00000000
C13	c	0.51739076	0.48495602	0.14710370	0.72000000	8.72000000	0.01405876	0.00000000
C14	c	0.42956628	0.52765760	0.04691682	0.78000000	8.78000000	0.01479095	0.00000000
C15	c	0.61516326	0.48392685	0.02420268	0.84000000	8.84000000	0.02535769	0.00000000
C16	c	0.41905168	0.40856679	0.15264463	0.90000000	8.90000000	0.01401372	0.00000000
C17	c	0.56053670	0.40723207	0.07358766	0.96000000	8.96000000	0.01965970	0.00000000
C18	c	0.47542728	0.46560062	0.07361476	1.02000000	9.02000000	0.02481164	0.00000000
C19	c	0.54998001	0.56991433	0.03005480	1.08000000	9.08000000	0.02040904	0.00000000
C20	c	0.79256885	0.85850566	0.09050452	1.14000000	9.14000000	0.01031029	0.00000000
C21	c	0.62589271	0.81097229	0.15463065	1.20000000	9.20000000	0.01633431	0.00000000
C22	c	0.68156107	0.83246382	0.03742352	1.26000000	9.26000000	0.01164527	0.00000000
C23	c	0.77051508	0.85346694	0.04088404	1.32000000	9.32000000	0.02159069	0.00000000
C24	c	0.10394076	0.68007761	0.05925527	1.38000000	9.38000000	0.02200878	0.00000000
C25	c	0.06256642	0.68328339	0.04086754	1.44000000	9.44000000	0.02865530	0.00000000
C26	c	0.87585734	0.49074633	0.11721705	1.50000000	9.50000000	0.02781193	0.00000000
C27	c	0.39036704	0.95763041	0.10568830	1.56000000	9.56000000	0.02412574	0.00000000
C28	c	0.65756782	0.70291827	0.13233298	1.62000000	9.62000000	0.01029710	0.00000000
C29	c	0.70115592	0.95432011	0.14747454	1.68000000	9.68000000	0.01098649	0.00000000
C30	c	0.08870570	0.85887230	0.06331670	1.74000000	9.74000000	0.02142081	0.00000000
C31	c	0.87602130	0.83698547	0.14836692	1.80000000	9.80000000	0.01358547	0.00000000
C32	c	0.08769404	0.19449348	0.05824416	1.86000000	9.86000000	0.01766589	0.00000000
C33	c	0.37264248	0.34614159	0.11684043	1.92000000	9.92000000	0.02182851	0.00000000
C34	c	0.12993904	0.16175834	0.14022818	1.98000000	9.98000000	0.01345217	0.00000000
C35	c	0.97406145	0.53554675	0.08321961	2.00000000	10.00000000	0.02638259	0.00000000
C36	c	0.24597459	0.82973084	0.06836031	2.00000000	10.00000000	0.01424207	0.00000000
C37	c	0.41219538	0.45240422	0.15233317	2.00000000	10.00000000	0.02248527	0.00000000
C38	c	0.33396098	0.87119711	0.10791445	2.00000000	10.00000000	0.02711983	0.00000000
C39	c	0.33325660	0.20293818	0.11462775	2.00000000	10.00000000	0.02430682	0.00000000
C40	c	0.23954772	0.76788459	0.11436686	2.00000000	10.00000000	0.01807771	0.00000000
C41	c	0.20068588	0.48298479	0.15184314	2.00000000	10.00000000	0.01636219	0.00000000
C42	c	0.74058176	0.52045222	0.02370492	2.00000000	10.00000000	0.01728796	0.00000000
C43	c	0.01551454	0.31671526	0.13771386	2.00000000	10.00000000	0.02691315	0.00000000
C44	c	0.08226364	0.57953448	0.14025245	2.00000000	10.00000000	0.01696780	0.00000000
C45	c	0.60043880	0.93276512	0.13447392	2.00000000	10.00000000	0.02302676	0.00000000
C46	c	0.89059656	0.70628682	0.02355516	2.00000000	10.00000000	0.01829836	0.00000000
C47	c	0.01485515	0.04932472	0.03936485	2.00000000	10.00000000	0.02351550	0.00000000
C48	c	0.57104061	0.17927335	0.06573652	2.00000000	10.00000000	0.01200015	0.00000000
C49	c	0.38329443	0.59142546	0.06181355	2.00000000	10.00000000	0.01454060	0.00000000
C50	c	0.17260866	0.81912945	0.02980875	2.00000000	10.00000000	0.02988333	0.00000000

Q Vehicle fuel tank capacity /0.40000000/
C Vehicle load capacity /1.50000000/
r fuel consumption rate /0.25000000/
g inverse refueling rate /1.00000000/
v average Velocity /1.00000000/
