StringID	Type	x	y	demand	ReadyTime	DueDate	ServiceTime	altitude
D0	d	0.50000000	0.50000000	0.00000000	0.00000000	10.00000000	0.00000000	0.00000000
S0	f	0.53358192	0.91306770	0.00000000	0.00000000	10.00000000	0.00000000	0.00000000
S1	f	0.65892768	0.48930562	0.00000000	0.00000000	10.00000000	0.00000000	0.00000000
S2	f	0.86960446	0.03497826	0.00000000	0.00000000	10.00000000	0.00000000	0.00000000
S3	f	0.37035269	0.38238928	0.00000000	0.00000000	10.00000000	0.00000000	0.00000000
S4	f	0.18931400	0.53485631	0.00000000	0.00000000	10.00000000	0.00000000	0.00000000
S5	f	0.94985992	0.38051039	0.00000000	0.00000000	10.00000000	0.00000000	0.00000000
C1	c	0.81780116	0.92995296	0.31771536	0.00000000	8.00000000	0.01756213	0.00000000
C2	c	0.87664619	0.87501542	0.15632575	0.10000000	8.10000000	0.01429339	0.00000000
C3	c	0.67475802	0.93930803	0.03643135	0.20000000	8.20000000	0.02324863	0.00000000
C4	c	0.82324914	0.89609835	0.22621246	0.30000000	8.30000000	0.02740096	0.00000000
C5	c	0.77158957	0.85690618	0.17478401	0.40000000	8.40000000	0.01966185	0.00000000
C6	c	0.71468967	0.08224684	0.05120776	0.50000000	8.50000000	0.01569386	0.00000000
C7	c	0.74189069	0.07945838	0.07320325	0.60000000	8.60000000	0.02613651	0.00000000
C8	c	0.71898709	0.11313913	0.26493747	0.70000000	8.70000000	0.01310598	0.00000000
C9	c	0.76490333	0.08719004	0.05246912	0.80000000	8.80000000	0.01894623	0.00000000
C10	c	0.77581061	0.12759615	0.10720737	0.90000000	8.90000000	0.02004328	0.00000000
C11	c	0.71393708	0.06653628	0.31047097	1.00000000	9.00000000	0.01241994	0.00000000
C12	c	0.74143140	0.14212636	0.09369897	1.10000000	9.10000000	0.02048292	0.00000000
C13	c	0.30559836	0.14204996	0.17384331	1.20000000	9.20000000	0.01949441	0.00000000
C14	c	0.25971020	0.21974106	0.27629897	1.30000000	9.30000000	0.01992019	0.00000000
C15	c	0.25325780	0.09154476	0.02494323	1.40000000	9.40000000	0.01686328	0.00000000
C16	c	0.44666579	0.28925712	0.10041851	1.50000000	9.50000000	0.01106328	0.00000000
C17	c	0.27655932	0.33306550	0.13876187	1.60000000	9.60000000	0.02868404	0.00000000
C18	c	0.49214767	0.18342716	0.25596382	1.70000000	9.70000000	0.02993453	0.00000000
C19	c	0.20745638	0.38678505	0.18215566	1.80000000	9.80000000	0.02156004	0.00000000
C20	c	0.14393199	0.37810666	0.34573678	1.90000000	9.90000000	0.02682418	0.00000000
C21	c	0.21466937	0.66243169	0.03525749	2.00000000	10.00000000	0.02475749	0.00000000
C22	c	0.87004822	0.48309232	0.16781063	2.00000000	10.00000000	0.01245900	0.00000000
C23	c	0.28469310	0.80682562	0.11682600	2.00000000	10.00000000	0.02985705	0.00000000
C24	c	0.15529923	0.44731151	0.11271319	2.00000000	10.00000000	0.02009599	0.00000000
C25	c	0.50216418	0.12099706	0.13101552	2.00000000	10.00000000	0.02104069	0.00000000
C26	c	0.49600940	0.34316425	0.18254219	2.00000000	10.00000000	0.01120034	0.00000000
C27	c	0.05316382	0.93420216	0.08254770	2.00000000	10.00000000	0.02383057	0.00000000
C28	c	0.99672657	0.57800207	0.09033076	2.00000000	10.00000000	0.01843142	0.00000000
C29	c	0.84120885	0.73787430	0.14841527	2.00000000	10.00000000	0.02876079	0.00000000
C30	c	0.12295016	0.99285241	0.06975523	2.00000000	10.00000000	0.02980183	0.00000000

Q Vehicle fuel tank capacity /0.40000000/
C Vehicle load capacity /1.50000000/
r fuel consumption rate /0.25000000/
g inverse refueling rate /1.00000000/
v average Velocity /1.00000000/
