StringID	Type	x	y	demand	ReadyTime	DueDate	ServiceTime	altitude
D0	d	0.50000000	0.50000000	0.00000000	0.00000000	10.00000000	0.00000000	0.00000000
S0	f	0.72665177	0.83935061	0.00000000	0.00000000	10.00000000	0.00000000	0.00000000
S1	f	0.44963404	0.61224543	0.00000000	0.00000000	10.00000000	0.00000000	0.00000000
S2	f	0.48868810	0.64939801	0.00000000	0.00000000	10.00000000	0.00000000	0.00000000
S3	f	0.39986366	0.12636518	0.00000000	0.00000000	10.00000000	0.00000000	0.00000000
S4	f	0.83858055	0.48584872	0.00000000	0.00000000	10.00000000	0.00000000	0.00000000
S5	f	0.49623476	0.13381314	0.00000000	0.00000000	10.00000000	0.00000000	0.00000000
S6	f	0.75378368	0.65383296	0.00000000	0.00000000	10.00000000	0.00000000	0.00000000
S7	f	0.52348465	0.09214136	0.00000000	0.00000000	10.00000000	0.00000000	0.00000000
S8	f	0.87316915	0.76180945	0.00000000	0.00000000	10.00000000	0.00000000	0.00000000
S9	f	0.46253861	0.29489982	0.00000000	0.00000000	10.00000000	0.00000000	0.00000000
C1	c	0.91221327	0.67396531	0.07611422	0.00000000	8.00000000	0.01806536	0.00000000
C2	c	0.81512785	0.00533439	0.10325885	0.06000000	8.06000000	0.02411739	0.00000000
C3	c	0.37153848	0.24534856	0.02079764	0.12000000	8.12000000	0.01558718	0.00000000
C4	c	0.82691075	0.21913511	0.05148578	0.18000000	8.18000000	0.02835780	0.00000000
C5	c	0.52971983	0.32921634	0.09457705	0.24000000	8.24000000	0.02667164	0.00000000
C6	c	0.00084694	0.31111085	0.05806760	0.30000000	8.30000000	0.01342562	0.00000000
C7	c	0.48223417	0.97345010	0.05772940	0.36000000	8.36000000	0.01711969	0.00000000
C8	c	0.66480011	0.64342287	0.05097837	0.42000000	8.42000000	0.01556089	0.00000000
C9	c	0.88046496	0.07684167	0.12940534	0.48000000	8.48000000	0.01489658	0.00000000
C10	c	0.80180806	0.40977686	0.10925057	0.54000000	8.54000000	0.01590514	0.00000000
C11	c	0.76049991	0.51631619	0.05911827	0.60000000	8.60000000	0.02817540	0.00000000
C12	c	0.76269296	0.38462888	0.02001940	0.66000000	8.66000000	0.02818995	0.00000000
C13	c	0.94972675	0.57653316	0.09236696	0.72000000	8.72000000	0.01906875	0.00000000
C14	c	0.04412717	0.81446511	0.10415195	0.78000000	8.78000000	0.02833332	0.00000000
C15	c	0.35729618	0.17675849	0.16587675	0.84000000	8.84000000	0.02441854	0.00000000
C16	c	0.95216052	0.12044153	0.14441306	0.90000000	8.90000000	0.02501813	0.00000000
C17	c	0.01140027	0.44680814	0.14649466	0.96000000	8.96000000	0.01309804	0.00000000
C18	c	0.44655903	0.77749473	0.09002721	1.02000000	9.02000000	0.01665031	0.00000000
C19	c	0.17901273	0.61800231	0.05730205	1.08000000	9.08000000	0.01336143	0.00000000
C20	c	0.82468351	0.71347854	0.09399014	1.14000000	9.14000000	0.02923227	0.00000000
C21	c	0.72665177	0.83935061	0.10005884	1.20000000	9.20000000	0.01965748	0.00000000
C22	c	0.75118786	0.80444245	0.05168692	1.26000000	9.26000000	0.01493880	0.00000000
C23	c	0.36081972	0.75093941	0.07441753	1.32000000	9.32000000	0.02895190	0.00000000
C24	c	0.66206948	0.60306509	0.17641241	1.38000000	9.38000000	0.02498651	0.00000000
C25	c	0.04366075	0.36697869	0.07065425	1.44000000	9.44000000	0.02634989	0.00000000
C26	c	0.31034805	0.90496611	0.07915260	1.50000000	9.50000000	0.01102346	0.00000000
C27	c	0.00169036	0.15709013	0.10597386	1.56000000	9.56000000	0.02582869	0.00000000
C28	c	0.15120920	0.67746081	0.09216476	1.62000000	9.62000000	0.02299113	0.00000000
C29	c	0.27870012	0.00947021	0.14255902	1.68000000	9.68000000	0.02439117	0.00000000
C30	c	0.73078470	0.10002411	0.17033410	1.74000000	9.74000000	0.02642788	0.00000000
C31	c	0.99849346	0.76441038	0.09545958	1.80000000	9.80000000	0.01057305	0.00000000
C32	c	0.57081728	0.64639295	0.03213376	1.86000000	9.86000000	0.01937078	0.00000000
C33	c	0.20497123	0.42089760	0.07668382	1.92000000	9.92000000	0.02840970	0.00000000
C34	c	0.09873118	0.49256817	0.06172036	1.98000000	9.98000000	0.02098826	0.00000000
C35	c	0.85289085	0.37458326	0.04796740	2.00000000	10.00000000	0.01295417	0.00000000
C36	c	0.00202970	0.99583137	0.16696142	2.00000000	10.00000000	0.02038660	0.00000000
C37	c	0.57990781	0.01499079	0.02008668	2.00000000	10.00000000	0.01834013	0.00000000
C38	c	0.07167099	0.85639231	0.09252936	2.00000000	10.00000000	0.02348739	0.00000000
C39	c	0.44963404	0.61224543	0.11500313	2.00000000	10.00000000	0.01880030	0.00000000
C40	c	0.16452569	0.77723731	0.16871023	2.00000000	10.00000000	0.02150412	0.00000000
C41	c	0.90483821	0.55794376	0.06802032	2.00000000	10.00000000	0.02374123	0.00000000
C42	c	0.04511042	0.91936558	0.01535753	2.00000000	10.00000000	0.02879819	0.00000000
C43	c	0.76589623	0.15718501	0.04410513	2.00000000	10.00000000	0.01228995	0.00000000
C44	c	0.35145911	0.80851244	0.13305284	2.00000000	10.00000000	0.01778968	0.00000000
C45	c	0.08709925	0.74148292	0.11369495	2.00000000	10.00000000	0.02628041	0.00000000
C46	c	0.24110318	0.27537135	0.12228544	2.00000000	10.00000000	0.02394728	0.00000000
C47	c	0.81231103	0.15912967	0.10789662	2.00000000	10.00000000	0.02631724	0.00000000
C48	c	0.50219885	0.71313956	0.07638830	2.00000000	10.00000000	0.01303845	0.00000000
C49	c	0.37526676	0.91168629	0.04393802	2.00000000	10.00000000	0.01598463	0.00000000
C50	c	0.83823332	0.95886394	0.10916554	2.00000000	10.00000000	0.01374702	0.00000000

Q Vehicle fuel tank capacity /0.40000000/
C Vehicle load capacity /1.50000000/
r fuel consumption rate /0.25000000/
g inverse refueling rate /1.00000000/
v average Velocity /1.00000000/
