StringID	Type	x	y	demand	ReadyTime	DueDate	ServiceTime	altitude
D0	d	0.50000000	0.50000000	0.00000000	0.00000000	10.00000000	0.00000000	0.00000000
S0	f	0.02477017	0.36754151	0.00000000	0.00000000	10.00000000	0.00000000	0.00000000
S1	f	0.79265601	0.51340558	0.00000000	0.00000000	10.00000000	0.00000000	0.00000000
S2	f	0.45686536	0.58976257	0.00000000	0.00000000	10.00000000	0.00000000	0.00000000
S3	f	0.41626491	0.72875927	0.00000000	0.00000000	10.00000000	0.00000000	0.00000000
S4	f	0.69931705	0.15638744	0.00000000	0.00000000	10.00000000	0.00000000	0.00000000
S5	f	0.58142913	0.62554522	0.00000000	0.00000000	10.00000000	0.00000000	0.00000000
C1	c	0.00000000	0.04366419	0.23916605	0.00000000	8.00000000	0.02631352	0.00000000
C2	c	0.00000000	0.07475644	0.23177089	0.10000000	8.10000000	0.01819500	0.00000000
C3	c	0.45771062	0.25595595	0.01813320	0.20000000	8.20000000	0.02185063	0.00000000
C4	c	0.41968724	0.26464982	0.15978543	0.30000000	8.30000000	0.02553545	0.00000000
C5	c	0.43539612	0.19310809	0.25945806	0.40000000	8.40000000	0.01617818	0.00000000
C6	c	0.31667666	0.20689596	0.09759831	0.50000000	8.50000000	0.01206484	0.00000000
C7	c	0.41214475	0.26293977	0.07379929	0.60000000	8.60000000	0.02694052	0.00000000
C8	c	0.40083947	0.25187061	0.22333116	0.70000000	8.70000000	0.02063205	0.00000000
C9	c	0.13766034	0.52159142	0.24907032	0.80000000	8.80000000	0.01369703	0.00000000
C10	c	0.13130172	0.55386165	0.01933130	0.90000000	8.90000000	0.02768789	0.00000000
C11	c	0.00000000	0.44779867	0.06705575	1.00000000	9.00000000	0.02907317	0.00000000
C12	c	0.00623937	0.40567280	0.20026294	1.10000000	9.10000000	0.02376568	0.00000000
C13	c	0.05658363	0.41418767	0.12095323	1.20000000	9.20000000	0.01664503	0.00000000
C14	c	0.07297435	0.47470662	0.25056511	1.30000000	9.30000000	0.02962817	0.00000000
C15	c	0.03525761	0.42568924	0.06877988	1.40000000	9.40000000	0.02474214	0.00000000
C16	c	0.18122510	0.68091213	0.24290644	1.50000000	9.50000000	0.02955392	0.00000000
C17	c	0.32364523	0.43526202	0.24230750	1.60000000	9.60000000	0.02439383	0.00000000
C18	c	0.31698625	0.38929175	0.12215076	1.70000000	9.70000000	0.02730039	0.00000000
C19	c	0.60473602	0.72314453	0.06202238	1.80000000	9.80000000	0.02084055	0.00000000
C20	c	0.51316840	0.55137960	0.18468745	1.90000000	9.90000000	0.01223573	0.00000000
C21	c	0.69223074	0.30391380	0.09698421	2.00000000	10.00000000	0.02641217	0.00000000
C22	c	0.81567607	0.40974997	0.12438433	2.00000000	10.00000000	0.01121794	0.00000000
C23	c	0.59253138	0.77677257	0.09534954	2.00000000	10.00000000	0.02311061	0.00000000
C24	c	0.30890892	0.10324199	0.11309937	2.00000000	10.00000000	0.02553002	0.00000000
C25	c	0.84702622	0.53160269	0.16598745	2.00000000	10.00000000	0.02207927	0.00000000
C26	c	0.18485164	0.88439472	0.19505482	2.00000000	10.00000000	0.02617930	0.00000000
C27	c	0.95365847	0.68828399	0.14350908	2.00000000	10.00000000	0.01924752	0.00000000
C28	c	0.33225139	0.98140829	0.15288931	2.00000000	10.00000000	0.02449464	0.00000000
C29	c	0.73710723	0.97769622	0.18746598	2.00000000	10.00000000	0.02151184	0.00000000
C30	c	0.71969148	0.86501948	0.09214047	2.00000000	10.00000000	0.02924658	0.00000000

Q Vehicle fuel tank capacity /0.40000000/
C Vehicle load capacity /1.50000000/
r fuel consumption rate /0.25000000/
g inverse refueling rate /1.00000000/
v average Velocity /1.00000000/
