StringID	Type	x	y	demand	ReadyTime	DueDate	ServiceTime	altitude
D0	d	0.50000000	0.50000000	0.00000000	0.00000000	10.00000000	0.00000000	0.00000000
S0	f	0.93507887	0.97773626	0.00000000	0.00000000	10.00000000	0.00000000	0.00000000
S1	f	0.36108900	0.46047289	0.00000000	0.00000000	10.00000000	0.00000000	0.00000000
S2	f	0.33415717	0.96895884	0.00000000	0.00000000	10.00000000	0.00000000	0.00000000
S3	f	0.03926719	0.77183984	0.00000000	0.00000000	10.00000000	0.00000000	0.00000000
S4	f	0.40769968	0.83840826	0.00000000	0.00000000	10.00000000	0.00000000	0.00000000
S5	f	0.28385258	0.43624724	0.00000000	0.00000000	10.00000000	0.00000000	0.00000000
S6	f	0.63175011	0.29730054	0.00000000	0.00000000	10.00000000	0.00000000	0.00000000
S7	f	0.29046333	0.05428960	0.00000000	0.00000000	10.00000000	0.00000000	0.00000000
S8	f	0.57743516	0.96837141	0.00000000	0.00000000	10.00000000	0.00000000	0.00000000
S9	f	0.69945010	0.81169845	0.00000000	0.00000000	10.00000000	0.00000000	0.00000000
C1	c	0.86555527	0.07080822	0.05302912	0.00000000	8.00000000	0.01649982	0.00000000
C2	c	0.92369958	0.00000000	0.13898598	0.06000000	8.06000000	0.01374671	0.00000000
C3	c	0.95096289	0.08349267	0.16038281	0.12000000	8.12000000	0.02454399	0.00000000
C4	c	0.89347257	0.03464890	0.14097820	0.18000000	8.18000000	0.01111456	0.00000000
C5	c	0.89589060	0.08707369	0.16964119	0.24000000	8.24000000	0.01881513	0.00000000
C6	c	0.88903284	0.06649944	0.02367022	0.30000000	8.30000000	0.02597557	0.00000000
C7	c	0.90322533	0.01422603	0.15262934	0.36000000	8.36000000	0.02232820	0.00000000
C8	c	0.86358138	0.00000000	0.04014530	0.42000000	8.42000000	0.02915744	0.00000000
C9	c	0.62530416	0.79581394	0.01422505	0.48000000	8.48000000	0.01527708	0.00000000
C10	c	0.59841196	0.72140199	0.02502270	0.54000000	8.54000000	0.01912962	0.00000000
C11	c	0.61962992	0.80519668	0.04372782	0.60000000	8.60000000	0.01950072	0.00000000
C12	c	0.64582729	0.74787232	0.09540420	0.66000000	8.66000000	0.01750900	0.00000000
C13	c	0.69113488	0.74720951	0.02346577	0.72000000	8.72000000	0.01539698	0.00000000
C14	c	0.50388267	0.77859608	0.07394848	0.78000000	8.78000000	0.02270483	0.00000000
C15	c	0.63890679	0.78851448	0.14065679	0.84000000	8.84000000	0.01945083	0.00000000
C16	c	0.59870955	0.81576713	0.15191800	0.90000000	8.90000000	0.02580199	0.00000000
C17	c	0.13038715	0.11560253	0.08625903	0.96000000	8.96000000	0.01334962	0.00000000
C18	c	0.13981630	0.11929370	0.16789608	1.02000000	9.02000000	0.01152914	0.00000000
C19	c	0.14345502	0.13042583	0.14689238	1.08000000	9.08000000	0.02977919	0.00000000
C20	c	0.22902972	0.28108009	0.02205428	1.14000000	9.14000000	0.02875558	0.00000000
C21	c	0.12043987	0.18904747	0.09635614	1.20000000	9.20000000	0.01091305	0.00000000
C22	c	0.41119409	0.57770111	0.08500018	1.26000000	9.26000000	0.01531404	0.00000000
C23	c	0.46337253	0.53036051	0.03324543	1.32000000	9.32000000	0.01957396	0.00000000
C24	c	0.46495420	0.56187751	0.05364083	1.38000000	9.38000000	0.02002958	0.00000000
C25	c	0.41864326	0.64934399	0.02508702	1.44000000	9.44000000	0.01493787	0.00000000
C26	c	0.29239589	0.65832791	0.05298073	1.50000000	9.50000000	0.02346865	0.00000000
C27	c	0.85617293	0.74380971	0.07599671	1.56000000	9.56000000	0.02852956	0.00000000
C28	c	0.48138617	0.90149576	0.09551398	1.62000000	9.62000000	0.01447036	0.00000000
C29	c	0.84510949	0.91618220	0.14750594	1.68000000	9.68000000	0.01161139	0.00000000
C30	c	0.73151629	0.40717531	0.11156576	1.74000000	9.74000000	0.02915526	0.00000000
C31	c	0.28812832	0.10940239	0.13534366	1.80000000	9.80000000	0.01472644	0.00000000
C32	c	0.22435847	0.41221420	0.03563839	1.86000000	9.86000000	0.02245563	0.00000000
C33	c	0.07787264	0.70693449	0.03328373	1.92000000	9.92000000	0.01364193	0.00000000
C34	c	0.53312929	0.32499107	0.05764956	1.98000000	9.98000000	0.02708892	0.00000000
C35	c	0.18733574	0.72719967	0.11563308	2.00000000	10.00000000	0.01613243	0.00000000
C36	c	0.05572821	0.44075668	0.14698247	2.00000000	10.00000000	0.01118944	0.00000000
C37	c	0.79877841	0.61641015	0.12917804	2.00000000	10.00000000	0.01312016	0.00000000
C38	c	0.95787215	0.26385403	0.08759589	2.00000000	10.00000000	0.01037066	0.00000000
C39	c	0.45648101	0.47503621	0.15416407	2.00000000	10.00000000	0.02135652	0.00000000
C40	c	0.37545003	0.26984893	0.14522942	2.00000000	10.00000000	0.02178568	0.00000000
C41	c	0.63524154	0.47254165	0.15649120	2.00000000	10.00000000	0.01133455	0.00000000
C42	c	0.79009966	0.16748109	0.12723009	2.00000000	10.00000000	0.01397067	0.00000000
C43	c	0.07645701	0.98895961	0.07583686	2.00000000	10.00000000	0.02811201	0.00000000
C44	c	0.93777895	0.04565261	0.05697335	2.00000000	10.00000000	0.01277012	0.00000000
C45	c	0.26570179	0.47869784	0.02865345	2.00000000	10.00000000	0.02728279	0.00000000
C46	c	0.50147904	0.24689342	0.04686874	2.00000000	10.00000000	0.01759317	0.00000000
C47	c	0.67343266	0.92647809	0.07663529	2.00000000	10.00000000	0.01679062	0.00000000
C48	c	0.22351777	0.08056958	0.02365742	2.00000000	10.00000000	0.01389341	0.00000000
C49	c	0.62278169	0.18209650	0.12333500	2.00000000	10.00000000	0.02539032	0.00000000
C50	c	0.85444596	0.30662162	0.09579481	2.00000000	10.00000000	0.02187566	0.00000000

Q Vehicle fuel tank capacity /0.40000000/
C Vehicle load capacity /1.50000000/
r fuel consumption rate /0.25000000/
g inverse refueling rate /1.00000000/
v average Velocity /1.00000000/
