StringID	Type	x	y	demand	ReadyTime	DueDate	ServiceTime	altitude
D0	d	0.50000000	0.50000000	0.00000000	0.00000000	10.00000000	0.00000000	0.00000000
S0	f	0.39961044	0.64608359	0.00000000	0.00000000	10.00000000	0.00000000	0.00000000
S1	f	0.56470239	0.75449154	0.00000000	0.00000000	10.00000000	0.00000000	0.00000000
S2	f	0.28141336	0.85835038	0.00000000	0.00000000	10.00000000	0.00000000	0.00000000
S3	f	0.89681060	0.11207359	0.00000000	0.00000000	10.00000000	0.00000000	0.00000000
S4	f	0.48014726	0.59854184	0.00000000	0.00000000	10.00000000	0.00000000	0.00000000
S5	f	0.69271197	0.96705077	0.00000000	0.00000000	10.00000000	0.00000000	0.00000000
C1	c	0.24741843	0.79936278	0.12926106	0.00000000	8.00000000	0.02549873	0.00000000
C2	c	0.33517678	0.52131048	0.14663755	0.10000000	8.10000000	0.01621945	0.00000000
C3	c	0.43032118	0.83330526	0.21463634	0.20000000	8.20000000	0.01948732	0.00000000
C4	c	0.00860038	0.19223302	0.21076979	0.30000000	8.30000000	0.02754100	0.00000000
C5	c	0.17210094	0.51428111	0.06180220	0.40000000	8.40000000	0.01474218	0.00000000
C6	c	0.13726136	0.40489518	0.05160607	0.50000000	8.50000000	0.02256938	0.00000000
C7	c	0.44984457	0.30708207	0.04626664	0.60000000	8.60000000	0.01882337	0.00000000
C8	c	0.74959182	0.47190079	0.13722637	0.70000000	8.70000000	0.02759844	0.00000000
C9	c	0.34103632	0.14825221	0.16736583	0.80000000	8.80000000	0.02725444	0.00000000
C10	c	0.09246801	0.88212535	0.20682307	0.90000000	8.90000000	0.02886189	0.00000000
C11	c	0.37164904	0.27683204	0.17673384	1.00000000	9.00000000	0.02823263	0.00000000
C12	c	0.37959387	0.42518789	0.21427676	1.10000000	9.10000000	0.01102735	0.00000000
C13	c	0.22758370	0.08880377	0.08595658	1.20000000	9.20000000	0.02660888	0.00000000
C14	c	0.36799987	0.36422570	0.12936921	1.30000000	9.30000000	0.02373518	0.00000000
C15	c	0.81505867	0.78324746	0.20712986	1.40000000	9.40000000	0.02987064	0.00000000
C16	c	0.42339507	0.04112380	0.13789651	1.50000000	9.50000000	0.02066416	0.00000000
C17	c	0.49737199	0.42538451	0.15895355	1.60000000	9.60000000	0.01210780	0.00000000
C18	c	0.33735368	0.21783271	0.24547260	1.70000000	9.70000000	0.02196107	0.00000000
C19	c	0.39961044	0.64608359	0.06557915	1.80000000	9.80000000	0.02580099	0.00000000
C20	c	0.97794112	0.38566896	0.16384339	1.90000000	9.90000000	0.02646247	0.00000000
C21	c	0.17513986	0.60254843	0.15752803	2.00000000	10.00000000	0.02399592	0.00000000
C22	c	0.80609545	0.98074849	0.12379874	2.00000000	10.00000000	0.01656716	0.00000000
C23	c	0.71083158	0.44560088	0.23933818	2.00000000	10.00000000	0.02493556	0.00000000
C24	c	0.49293270	0.20928797	0.15931771	2.00000000	10.00000000	0.02655338	0.00000000
C25	c	0.30810093	0.81211553	0.23046260	2.00000000	10.00000000	0.02268751	0.00000000
C26	c	0.25680509	0.65415705	0.12898681	2.00000000	10.00000000	0.01387298	0.00000000
C27	c	0.18479292	0.65058212	0.09752910	2.00000000	10.00000000	0.01709023	0.00000000
C28	c	0.89621623	0.58927306	0.18800996	2.00000000	10.00000000	0.01741861	0.00000000
C29	c	0.69460529	0.60650388	0.11673683	2.00000000	10.00000000	0.01625352	0.00000000
C30	c	0.75090146	0.12289441	0.10068569	2.00000000	10.00000000	0.01422625	0.00000000

Q Vehicle fuel tank capacity /0.40000000/
C Vehicle load capacity /1.50000000/
r fuel consumption rate /0.25000000/
g inverse refueling rate /1.00000000/
v average Velocity /1.00000000/
