StringID	Type	x	y	demand	ReadyTime	DueDate	ServiceTime	altitude
D0	d	0.50000000	0.50000000	0.00000000	0.00000000	10.00000000	0.00000000	0.00000000
S0	f	0.57566658	0.27298288	0.00000000	0.00000000	10.00000000	0.00000000	0.00000000
S1	f	0.89977158	0.55939292	0.00000000	0.00000000	10.00000000	0.00000000	0.00000000
S2	f	0.79354376	0.17075839	0.00000000	0.00000000	10.00000000	0.00000000	0.00000000
S3	f	0.03877459	0.03961457	0.00000000	0.00000000	10.00000000	0.00000000	0.00000000
S4	f	0.58990694	0.32082908	0.00000000	0.00000000	10.00000000	0.00000000	0.00000000
S5	f	0.79144038	0.72214356	0.00000000	0.00000000	10.00000000	0.00000000	0.00000000
S6	f	0.25869234	0.70146871	0.00000000	0.00000000	10.00000000	0.00000000	0.00000000
S7	f	0.72477687	0.14984413	0.00000000	0.00000000	10.00000000	0.00000000	0.00000000
S8	f	0.04237908	0.64475429	0.00000000	0.00000000	10.00000000	0.00000000	0.00000000
S9	f	0.56043920	0.09950653	0.00000000	0.00000000	10.00000000	0.00000000	0.00000000
C1	c	0.78541957	0.37876960	0.16504302	0.00000000	8.00000000	0.01996465	0.00000000
C2	c	0.12798504	0.24907004	0.15204999	0.06000000	8.06000000	0.02218026	0.00000000
C3	c	0.74505814	0.19373831	0.13341846	0.12000000	8.12000000	0.01150204	0.00000000
C4	c	0.83311012	0.34359964	0.06429948	0.18000000	8.18000000	0.01493685	0.00000000
C5	c	0.91696948	0.51646113	0.11702449	0.24000000	8.24000000	0.01351850	0.00000000
C6	c	0.58293035	0.81476039	0.11039548	0.30000000	8.30000000	0.02757952	0.00000000
C7	c	0.34546478	0.80960988	0.07924386	0.36000000	8.36000000	0.02302685	0.00000000
C8	c	0.85427118	0.64173249	0.01719466	0.42000000	8.42000000	0.01435862	0.00000000
C9	c	0.52904178	0.62361912	0.01391493	0.48000000	8.48000000	0.01410567	0.00000000
C10	c	0.52929312	0.29377670	0.14669664	0.54000000	8.54000000	0.01482373	0.00000000
C11	c	0.12962804	0.50865586	0.02789828	0.60000000	8.60000000	0.01688636	0.00000000
C12	c	0.39914819	0.12406849	0.02444474	0.66000000	8.66000000	0.01569757	0.00000000
C13	c	0.62332514	0.85935199	0.08353133	0.72000000	8.72000000	0.02331097	0.00000000
C14	c	0.09702191	0.75442623	0.06692420	0.78000000	8.78000000	0.01535627	0.00000000
C15	c	0.60630389	0.68536664	0.03165739	0.84000000	8.84000000	0.02021561	0.00000000
C16	c	0.78969219	0.60794325	0.04930089	0.90000000	8.90000000	0.01404921	0.00000000
C17	c	0.51033915	0.80173130	0.13944035	0.96000000	8.96000000	0.02419047	0.00000000
C18	c	0.57566658	0.27298288	0.10505481	1.02000000	9.02000000	0.01343881	0.00000000
C19	c	0.26395738	0.60671904	0.01748204	1.08000000	9.08000000	0.01294902	0.00000000
C20	c	0.18911064	0.19378379	0.03754691	1.14000000	9.14000000	0.01818145	0.00000000
C21	c	0.18708756	0.99558185	0.13510400	1.20000000	9.20000000	0.02305052	0.00000000
C22	c	0.69647165	0.58813142	0.01325194	1.26000000	9.26000000	0.02053536	0.00000000
C23	c	0.08006907	0.08982677	0.04759290	1.32000000	9.32000000	0.01061717	0.00000000
C24	c	0.88142246	0.00342333	0.04062087	1.38000000	9.38000000	0.01130619	0.00000000
C25	c	0.88146090	0.93982218	0.06331855	1.44000000	9.44000000	0.01479266	0.00000000
C26	c	0.38928236	0.45843719	0.03432531	1.50000000	9.50000000	0.02394498	0.00000000
C27	c	0.07655405	0.84573863	0.11166003	1.56000000	9.56000000	0.01326815	0.00000000
C28	c	0.04055437	0.42472841	0.09412485	1.62000000	9.62000000	0.02720322	0.00000000
C29	c	0.03741302	0.51652429	0.14474572	1.68000000	9.68000000	0.02493419	0.00000000
C30	c	0.91907979	0.32004924	0.12002434	1.74000000	9.74000000	0.02789058	0.00000000
C31	c	0.71702128	0.54182734	0.13203687	1.80000000	9.80000000	0.02554630	0.00000000
C32	c	0.24736609	0.31945191	0.12301443	1.86000000	9.86000000	0.02062212	0.00000000
C33	c	0.84526330	0.74717482	0.15681453	1.92000000	9.92000000	0.02517686	0.00000000
C34	c	0.83266973	0.56470220	0.09452819	1.98000000	9.98000000	0.02437074	0.00000000
C35	c	0.38760522	0.92252346	0.17003916	2.00000000	10.00000000	0.02955820	0.00000000
C36	c	0.46235037	0.94945518	0.05577982	2.00000000	10.00000000	0.02293365	0.00000000
C37	c	0.89977158	0.55939292	0.15820184	2.00000000	10.00000000	0.01406299	0.00000000
C38	c	0.48505781	0.05368327	0.10172386	2.00000000	10.00000000	0.01741689	0.00000000
C39	c	0.51009709	0.00784879	0.14003342	2.00000000	10.00000000	0.02183881	0.00000000
C40	c	0.89209669	0.43557156	0.14124987	2.00000000	10.00000000	0.01994000	0.00000000
C41	c	0.45664736	0.16862767	0.12562838	2.00000000	10.00000000	0.02291540	0.00000000
C42	c	0.77533002	0.99687137	0.04482277	2.00000000	10.00000000	0.02146647	0.00000000
C43	c	0.94180501	0.17323199	0.07697042	2.00000000	10.00000000	0.02832934	0.00000000
C44	c	0.01655461	0.14783836	0.16120238	2.00000000	10.00000000	0.01792675	0.00000000
C45	c	0.71476183	0.29658813	0.04628214	2.00000000	10.00000000	0.02590872	0.00000000
C46	c	0.40990369	0.54844652	0.13241815	2.00000000	10.00000000	0.02163896	0.00000000
C47	c	0.17337845	0.50812523	0.10035416	2.00000000	10.00000000	0.01291484	0.00000000
C48	c	0.64575564	0.91994966	0.03206965	2.00000000	10.00000000	0.01361895	0.00000000
C49	c	0.88149489	0.22066262	0.02792665	2.00000000	10.00000000	0.02868380	0.00000000
C50	c	0.63853272	0.04771683	0.09157285	2.00000000	10.00000000	0.01087950	0.00000000

Q Vehicle fuel tank capacity /0.40000000/
C Vehicle load capacity /1.50000000/
r fuel consumption rate /0.25000000/
g inverse refueling rate /1.00000000/
v average Velocity /1.00000000/
