StringID	Type	x	y	demand	ReadyTime	DueDate	ServiceTime	altitude
D0	d	0.50000000	0.50000000	0.00000000	0.00000000	10.00000000	0.00000000	0.00000000
S0	f	0.40581870	0.65679639	0.00000000	0.00000000	10.00000000	0.00000000	0.00000000
S1	f	0.19430357	0.22532159	0.00000000	0.00000000	10.00000000	0.00000000	0.00000000
S2	f	0.27211910	0.62931722	0.00000000	0.00000000	10.00000000	0.00000000	0.00000000
S3	f	0.57698326	0.24778005	0.00000000	0.00000000	10.00000000	0.00000000	0.00000000
S4	f	0.58159468	0.31211993	0.00000000	0.00000000	10.00000000	0.00000000	0.00000000
S5	f	0.87300513	0.00519571	0.00000000	0.00000000	10.00000000	0.00000000	0.00000000
C1	c	0.46662858	0.67622344	0.03314303	0.00000000	8.00000000	0.01148296	0.00000000
C2	c	0.35557624	0.56041439	0.20203761	0.10000000	8.10000000	0.02768047	0.00000000
C3	c	0.44803862	0.62465338	0.18524635	0.20000000	8.20000000	0.01968134	0.00000000
C4	c	0.39722706	0.61228631	0.04492320	0.30000000	8.30000000	0.02269314	0.00000000
C5	c	0.00000000	0.30466852	0.10072668	0.40000000	8.40000000	0.01767144	0.00000000
C6	c	0.03575972	0.28004546	0.18015733	0.50000000	8.50000000	0.02288927	0.00000000
C7	c	0.00000000	0.38873149	0.24426666	0.60000000	8.60000000	0.01917613	0.00000000
C8	c	0.09476001	0.36874865	0.16694428	0.70000000	8.70000000	0.01016029	0.00000000
C9	c	0.10880374	0.29742812	0.26043520	0.80000000	8.80000000	0.01994587	0.00000000
C10	c	0.09514812	0.29553407	0.06009128	0.90000000	8.90000000	0.01170368	0.00000000
C11	c	0.08717082	0.24889417	0.08876594	1.00000000	9.00000000	0.02617395	0.00000000
C12	c	0.07774492	0.19375543	0.17123048	1.10000000	9.10000000	0.02157735	0.00000000
C13	c	0.17458317	0.18177749	0.05354259	1.20000000	9.20000000	0.02443350	0.00000000
C14	c	0.23143595	0.16120184	0.03803212	1.30000000	9.30000000	0.02632493	0.00000000
C15	c	0.14850160	0.21837477	0.17093002	1.40000000	9.40000000	0.01711375	0.00000000
C16	c	0.26910679	0.77960642	0.28293069	1.50000000	9.50000000	0.01754084	0.00000000
C17	c	0.86852896	0.37426127	0.28929645	1.60000000	9.60000000	0.02762895	0.00000000
C18	c	0.10998559	0.87754013	0.15262491	1.70000000	9.70000000	0.01866572	0.00000000
C19	c	0.53257205	0.53555375	0.08727107	1.80000000	9.80000000	0.02260369	0.00000000
C20	c	0.43182990	0.09843062	0.13040272	1.90000000	9.90000000	0.01622180	0.00000000
C21	c	0.45880640	0.00801437	0.09482160	2.00000000	10.00000000	0.01085883	0.00000000
C22	c	0.49729370	0.08518401	0.23696950	2.00000000	10.00000000	0.02968988	0.00000000
C23	c	0.80869770	0.57886775	0.26172986	2.00000000	10.00000000	0.01492632	0.00000000
C24	c	0.72167512	0.81624656	0.12410171	2.00000000	10.00000000	0.02824708	0.00000000
C25	c	0.35568728	0.37704211	0.05051452	2.00000000	10.00000000	0.01572478	0.00000000
C26	c	0.88144735	0.43328604	0.26423901	2.00000000	10.00000000	0.02624045	0.00000000
C27	c	0.63018465	0.31108985	0.16818313	2.00000000	10.00000000	0.02797714	0.00000000
C28	c	0.04294145	0.98449388	0.16901338	2.00000000	10.00000000	0.02484813	0.00000000
C29	c	0.24631578	0.91235423	0.14013162	2.00000000	10.00000000	0.01675150	0.00000000
C30	c	0.89885707	0.74240637	0.04729705	2.00000000	10.00000000	0.01474553	0.00000000

Q Vehicle fuel tank capacity /0.40000000/
C Vehicle load capacity /1.50000000/
r fuel consumption rate /0.25000000/
g inverse refueling rate /1.00000000/
v average Velocity /1.00000000/
