StringID	Type	x	y	demand	ReadyTime	DueDate	ServiceTime	altitude
D0	d	0.50000000	0.50000000	0.00000000	0.00000000	10.00000000	0.00000000	0.00000000
S0	f	0.91439061	0.76093745	0.00000000	0.00000000	10.00000000	0.00000000	0.00000000
S1	f	0.34008087	0.89117764	0.00000000	0.00000000	10.00000000	0.00000000	0.00000000
S2	f	0.46646279	0.80297070	0.00000000	0.00000000	10.00000000	0.00000000	0.00000000
S3	f	0.26244275	0.34875011	0.00000000	0.00000000	10.00000000	0.00000000	0.00000000
S4	f	0.26491471	0.77822928	0.00000000	0.00000000	10.00000000	0.00000000	0.00000000
S5	f	0.29759386	0.40472693	0.00000000	0.00000000	10.00000000	0.00000000	0.00000000
C1	c	0.06429883	0.31948191	0.04381756	0.00000000	8.00000000	0.02560088	0.00000000
C2	c	0.91235083	0.10817122	0.19204210	0.10000000	8.10000000	0.02698253	0.00000000
C3	c	0.16727103	0.17448686	0.08987797	0.20000000	8.20000000	0.02063457	0.00000000
C4	c	0.82246322	0.10341163	0.20754536	0.30000000	8.30000000	0.01962843	0.00000000
C5	c	0.91132599	0.91192778	0.15174511	0.40000000	8.40000000	0.01649997	0.00000000
C6	c	0.17288389	0.64437143	0.15065628	0.50000000	8.50000000	0.02727083	0.00000000
C7	c	0.86328343	0.74218595	0.22025499	0.60000000	8.60000000	0.01961716	0.00000000
C8	c	0.61412950	0.48383230	0.16240069	0.70000000	8.70000000	0.01683156	0.00000000
C9	c	0.13066263	0.07233425	0.25585837	0.80000000	8.80000000	0.01499293	0.00000000
C10	c	0.62183293	0.34363489	0.24859993	0.90000000	8.90000000	0.02919561	0.00000000
C11	c	0.44940767	0.56333381	0.21722740	1.00000000	9.00000000	0.01430205	0.00000000
C12	c	0.65659281	0.50501532	0.09800406	1.10000000	9.10000000	0.02888721	0.00000000
C13	c	0.33854066	0.12750163	0.16059882	1.20000000	9.20000000	0.01677504	0.00000000
C14	c	0.64170003	0.89157478	0.08750292	1.30000000	9.30000000	0.01718780	0.00000000
C15	c	0.00043589	0.49536108	0.04743133	1.40000000	9.40000000	0.02691081	0.00000000
C16	c	0.35866961	0.54453515	0.18935423	1.50000000	9.50000000	0.02141753	0.00000000
C17	c	0.35009333	0.26426386	0.15960172	1.60000000	9.60000000	0.02210874	0.00000000
C18	c	0.40304434	0.59208211	0.11213971	1.70000000	9.70000000	0.02271316	0.00000000
C19	c	0.91439061	0.76093745	0.16874328	1.80000000	9.80000000	0.02393309	0.00000000
C20	c	0.57793047	0.84728249	0.24220450	1.90000000	9.90000000	0.01267017	0.00000000
C21	c	0.03416994	0.40615199	0.16573662	2.00000000	10.00000000	0.01158589	0.00000000
C22	c	0.89279522	0.17022499	0.16138068	2.00000000	10.00000000	0.02863557	0.00000000
C23	c	0.43885443	0.70280993	0.09712210	2.00000000	10.00000000	0.02565204	0.00000000
C24	c	0.98667282	0.93553064	0.25824314	2.00000000	10.00000000	0.02003285	0.00000000
C25	c	0.80493201	0.30995929	0.07432084	2.00000000	10.00000000	0.02918063	0.00000000
C26	c	0.59122569	0.06806049	0.04978100	2.00000000	10.00000000	0.02079019	0.00000000
C27	c	0.07042499	0.09999774	0.06239285	2.00000000	10.00000000	0.01318271	0.00000000
C28	c	0.92090578	0.36766593	0.05109917	2.00000000	10.00000000	0.02317171	0.00000000
C29	c	0.76605570	0.57602290	0.26794161	2.00000000	10.00000000	0.01722161	0.00000000
C30	c	0.98871384	0.44360598	0.10637565	2.00000000	10.00000000	0.02052092	0.00000000

Q Vehicle fuel tank capacity /0.40000000/
C Vehicle load capacity /1.50000000/
r fuel consumption rate /0.25000000/
g inverse refueling rate /1.00000000/
v average Velocity /1.00000000/
