StringID	Type	x	y	demand	ReadyTime	DueDate	ServiceTime	altitude
D0	d	0.50000000	0.50000000	0.00000000	0.00000000	10.00000000	0.00000000	0.00000000
S0	f	0.40835763	0.03144742	0.00000000	0.00000000	10.00000000	0.00000000	0.00000000
S1	f	0.88316856	0.76865710	0.00000000	0.00000000	10.00000000	0.00000000	0.00000000
S2	f	0.89302209	0.07955127	0.00000000	0.00000000	10.00000000	0.00000000	0.00000000
S3	f	0.41514429	0.50300287	0.00000000	0.00000000	10.00000000	0.00000000	0.00000000
S4	f	0.12561103	0.82534300	0.00000000	0.00000000	10.00000000	0.00000000	0.00000000
S5	f	0.39414499	0.95013265	0.00000000	0.00000000	10.00000000	0.00000000	0.00000000
S6	f	0.65704805	0.25417798	0.00000000	0.00000000	10.00000000	0.00000000	0.00000000
S7	f	0.17289617	0.96848340	0.00000000	0.00000000	10.00000000	0.00000000	0.00000000
S8	f	0.57306555	0.91833189	0.00000000	0.00000000	10.00000000	0.00000000	0.00000000
S9	f	0.19199924	0.10479987	0.00000000	0.00000000	10.00000000	0.00000000	0.00000000
C1	c	0.33100005	0.87848057	0.05795249	0.00000000	8.00000000	0.01265879	0.00000000
C2	c	0.29986748	0.23860404	0.08513301	0.06000000	8.06000000	0.01768242	0.00000000
C3	c	0.71560127	0.03388090	0.14188328	0.12000000	8.12000000	0.01625185	0.00000000
C4	c	0.03368408	0.26319048	0.04958751	0.18000000	8.18000000	0.01395271	0.00000000
C5	c	0.94801853	0.21599379	0.02449224	0.24000000	8.24000000	0.01155425	0.00000000
C6	c	0.11978582	0.62998405	0.13164293	0.30000000	8.30000000	0.02973041	0.00000000
C7	c	0.53398619	0.00936010	0.14978027	0.36000000	8.36000000	0.01774959	0.00000000
C8	c	0.11457911	0.93873235	0.08080031	0.42000000	8.42000000	0.01069243	0.00000000
C9	c	0.51096697	0.96833229	0.12459760	0.48000000	8.48000000	0.01470354	0.00000000
C10	c	0.07182242	0.11960033	0.02262624	0.54000000	8.54000000	0.01376450	0.00000000
C11	c	0.38673028	0.38218803	0.17396800	0.60000000	8.60000000	0.01509242	0.00000000
C12	c	0.79474338	0.90512060	0.08049533	0.66000000	8.66000000	0.01977024	0.00000000
C13	c	0.67270360	0.76716280	0.10205574	0.72000000	8.72000000	0.02645252	0.00000000
C14	c	0.01008438	0.74799950	0.07994953	0.78000000	8.78000000	0.02700883	0.00000000
C15	c	0.16200050	0.74527849	0.10546329	0.84000000	8.84000000	0.01241512	0.00000000
C16	c	0.46672602	0.41093279	0.16154753	0.90000000	8.90000000	0.02671978	0.00000000
C17	c	0.66869787	0.82451799	0.10063302	0.96000000	8.96000000	0.02339274	0.00000000
C18	c	0.65899273	0.11608307	0.14515186	1.02000000	9.02000000	0.02214390	0.00000000
C19	c	0.18213145	0.61841363	0.09771102	1.08000000	9.08000000	0.01883788	0.00000000
C20	c	0.40835763	0.03144742	0.04769327	1.14000000	9.14000000	0.01900254	0.00000000
C21	c	0.10662053	0.99369420	0.14223568	1.20000000	9.20000000	0.01176071	0.00000000
C22	c	0.55657058	0.25739237	0.02505142	1.26000000	9.26000000	0.02595409	0.00000000
C23	c	0.19065607	0.36103651	0.01546583	1.32000000	9.32000000	0.01029917	0.00000000
C24	c	0.21490651	0.84604310	0.12681331	1.38000000	9.38000000	0.01164968	0.00000000
C25	c	0.84329192	0.58133435	0.17942554	1.44000000	9.44000000	0.01184415	0.00000000
C26	c	0.21800571	0.48725852	0.02246284	1.50000000	9.50000000	0.01982769	0.00000000
C27	c	0.73707242	0.59729428	0.02291666	1.56000000	9.56000000	0.01953761	0.00000000
C28	c	0.50817932	0.28979793	0.09193299	1.62000000	9.62000000	0.02367742	0.00000000
C29	c	0.51512043	0.53848238	0.11392448	1.68000000	9.68000000	0.01954629	0.00000000
C30	c	0.51644951	0.33578053	0.04472112	1.74000000	9.74000000	0.01538701	0.00000000
C31	c	0.79034799	0.71810045	0.16804277	1.80000000	9.80000000	0.01007400	0.00000000
C32	c	0.71516456	0.44177683	0.04211433	1.86000000	9.86000000	0.02141577	0.00000000
C33	c	0.63838802	0.53601904	0.12899698	1.92000000	9.92000000	0.01471363	0.00000000
C34	c	0.22430125	0.61410312	0.05970687	1.98000000	9.98000000	0.02652627	0.00000000
C35	c	0.47408417	0.99824031	0.15013495	2.00000000	10.00000000	0.01785882	0.00000000
C36	c	0.89297584	0.43644702	0.02122840	2.00000000	10.00000000	0.01971677	0.00000000
C37	c	0.88316856	0.76865710	0.14769935	2.00000000	10.00000000	0.01387250	0.00000000
C38	c	0.92575621	0.30114705	0.09736842	2.00000000	10.00000000	0.01863586	0.00000000
C39	c	0.75361993	0.81573780	0.05349614	2.00000000	10.00000000	0.01060353	0.00000000
C40	c	0.03165531	0.33556473	0.02302158	2.00000000	10.00000000	0.02101856	0.00000000
C41	c	0.14362185	0.09635906	0.09842692	2.00000000	10.00000000	0.01109846	0.00000000
C42	c	0.93812258	0.10230783	0.12874802	2.00000000	10.00000000	0.01901693	0.00000000
C43	c	0.39547949	0.32346022	0.17450660	2.00000000	10.00000000	0.02240338	0.00000000
C44	c	0.38645768	0.62071485	0.08733567	2.00000000	10.00000000	0.02321022	0.00000000
C45	c	0.68063540	0.69562155	0.07418245	2.00000000	10.00000000	0.01283449	0.00000000
C46	c	0.29461188	0.44094735	0.06920324	2.00000000	10.00000000	0.02409837	0.00000000
C47	c	0.07741867	0.63860597	0.05385597	2.00000000	10.00000000	0.01792918	0.00000000
C48	c	0.10301580	0.01543622	0.11462062	2.00000000	10.00000000	0.02695231	0.00000000
C49	c	0.87837537	0.24760998	0.02025215	2.00000000	10.00000000	0.01750020	0.00000000
C50	c	0.35808540	0.03938998	0.03894425	2.00000000	10.00000000	0.01458894	0.00000000

Q Vehicle fuel tank capacity /0.40000000/
C Vehicle load capacity /1.50000000/
r fuel consumption rate /0.25000000/
g inverse refueling rate /1.00000000/
v average Velocity /1.00000000/
