StringID	Type	x	y	demand	ReadyTime	DueDate	ServiceTime	altitude
D0	d	0.50000000	0.50000000	0.00000000	0.00000000	10.00000000	0.00000000	0.00000000
S0	f	0.38143270	0.45458307	0.00000000	0.00000000	10.00000000	0.00000000	0.00000000
S1	f	0.95967914	0.98096123	0.00000000	0.00000000	10.00000000	0.00000000	0.00000000
S2	f	0.02942670	0.03414949	0.00000000	0.00000000	10.00000000	0.00000000	0.00000000
S3	f	0.99358798	0.48311184	0.00000000	0.00000000	10.00000000	0.00000000	0.00000000
S4	f	0.87578051	0.85271144	0.00000000	0.00000000	10.00000000	0.00000000	0.00000000
S5	f	0.10028640	0.56725863	0.00000000	0.00000000	10.00000000	0.00000000	0.00000000
C1	c	0.36846572	0.55601377	0.27438488	0.00000000	8.00000000	0.02866073	0.00000000
C2	c	0.40369325	0.49930393	0.26901571	0.10000000	8.10000000	0.02152283	0.00000000
C3	c	0.28716802	0.62537134	0.03156924	0.20000000	8.20000000	0.02832153	0.00000000
C4	c	0.34569077	0.56282790	0.12246688	0.30000000	8.30000000	0.01858719	0.00000000
C5	c	0.28952170	0.48761251	0.24096561	0.40000000	8.40000000	0.01311198	0.00000000
C6	c	0.30180947	0.51052364	0.15269726	0.50000000	8.50000000	0.01756805	0.00000000
C7	c	0.30825102	0.51244218	0.09187810	0.60000000	8.60000000	0.02837270	0.00000000
C8	c	0.30799697	0.52308244	0.27383730	0.70000000	8.70000000	0.02101054	0.00000000
C9	c	0.20305721	0.95049856	0.25357018	0.80000000	8.80000000	0.01665792	0.00000000
C10	c	0.22418204	0.87228208	0.15288558	0.90000000	8.90000000	0.02836937	0.00000000
C11	c	0.26912268	0.85999696	0.06359544	1.00000000	9.00000000	0.01020828	0.00000000
C12	c	0.16209510	0.99443391	0.02484310	1.10000000	9.10000000	0.02347763	0.00000000
C13	c	0.22821458	0.88021795	0.16875350	1.20000000	9.20000000	0.01707021	0.00000000
C14	c	0.24294248	0.91282039	0.24813189	1.30000000	9.30000000	0.01575733	0.00000000
C15	c	0.33071499	0.50964758	0.12419236	1.40000000	9.40000000	0.02514562	0.00000000
C16	c	0.82288088	0.83391534	0.08560565	1.50000000	9.50000000	0.02990646	0.00000000
C17	c	0.14667509	0.21594880	0.10783744	1.60000000	9.60000000	0.02698642	0.00000000
C18	c	0.85642207	0.46165653	0.08337077	1.70000000	9.70000000	0.02511458	0.00000000
C19	c	0.66012108	0.21600468	0.16837249	1.80000000	9.80000000	0.01765909	0.00000000
C20	c	0.22747640	0.36805822	0.10449646	1.90000000	9.90000000	0.02207558	0.00000000
C21	c	0.93303628	0.57614140	0.23599095	2.00000000	10.00000000	0.02154432	0.00000000
C22	c	0.91607669	0.42935964	0.23890273	2.00000000	10.00000000	0.02747054	0.00000000
C23	c	0.15559893	0.37840269	0.05755333	2.00000000	10.00000000	0.01514372	0.00000000
C24	c	0.33289609	0.91846853	0.07583333	2.00000000	10.00000000	0.01131291	0.00000000
C25	c	0.01041392	0.67388169	0.24484182	2.00000000	10.00000000	0.01823608	0.00000000
C26	c	0.35351049	0.28786631	0.14067084	2.00000000	10.00000000	0.01635374	0.00000000
C27	c	0.75728095	0.99532291	0.19304179	2.00000000	10.00000000	0.01434003	0.00000000
C28	c	0.84932114	0.75572915	0.07584807	2.00000000	10.00000000	0.01770885	0.00000000
C29	c	0.38295474	0.60377899	0.07887523	2.00000000	10.00000000	0.02301551	0.00000000
C30	c	0.57721578	0.87352694	0.11597206	2.00000000	10.00000000	0.01835210	0.00000000

Q Vehicle fuel tank capacity /0.40000000/
C Vehicle load capacity /1.50000000/
r fuel consumption rate /0.25000000/
g inverse refueling rate /1.00000000/
v average Velocity /1.00000000/
