StringID	Type	x	y	demand	ReadyTime	DueDate	ServiceTime	altitude
D0	d	0.50000000	0.50000000	0.00000000	0.00000000	10.00000000	0.00000000	0.00000000
S0	f	0.68548300	0.21108609	0.00000000	0.00000000	10.00000000	0.00000000	0.00000000
S1	f	0.37885371	0.17522204	0.00000000	0.00000000	10.00000000	0.00000000	0.00000000
S2	f	0.69181296	0.85970027	0.00000000	0.00000000	10.00000000	0.00000000	0.00000000
S3	f	0.84213661	0.67379924	0.00000000	0.00000000	10.00000000	0.00000000	0.00000000
S4	f	0.49579299	0.16668568	0.00000000	0.00000000	10.00000000	0.00000000	0.00000000
S5	f	0.73137741	0.76191709	0.00000000	0.00000000	10.00000000	0.00000000	0.00000000
S6	f	0.14126594	0.86739734	0.00000000	0.00000000	10.00000000	0.00000000	0.00000000
S7	f	0.06870526	0.88287878	0.00000000	0.00000000	10.00000000	0.00000000	0.00000000
S8	f	0.19560746	0.21023592	0.00000000	0.00000000	10.00000000	0.00000000	0.00000000
S9	f	0.52943245	0.05163660	0.00000000	0.00000000	10.00000000	0.00000000	0.00000000
C1	c	0.35611394	0.03358456	0.08356601	0.00000000	8.00000000	0.01627114	0.00000000
C2	c	0.15784277	0.27775320	0.02525573	0.06000000	8.06000000	0.01566372	0.00000000
C3	c	0.90345667	0.12312077	0.13499652	0.12000000	8.12000000	0.01102044	0.00000000
C4	c	0.36306231	0.68457979	0.14777593	0.18000000	8.18000000	0.01587715	0.00000000
C5	c	0.01800870	0.69047487	0.03789466	0.24000000	8.24000000	0.01129577	0.00000000
C6	c	0.18348241	0.65700525	0.05441631	0.30000000	8.30000000	0.01532069	0.00000000
C7	c	0.92681441	0.22590369	0.06194538	0.36000000	8.36000000	0.02305068	0.00000000
C8	c	0.89960934	0.83543192	0.09898582	0.42000000	8.42000000	0.01201256	0.00000000
C9	c	0.23258653	0.69172180	0.08993490	0.48000000	8.48000000	0.01063933	0.00000000
C10	c	0.07918819	0.03548685	0.07316526	0.54000000	8.54000000	0.02524633	0.00000000
C11	c	0.65350388	0.34907433	0.10780475	0.60000000	8.60000000	0.01707854	0.00000000
C12	c	0.28766807	0.30040886	0.06528679	0.66000000	8.66000000	0.02203226	0.00000000
C13	c	0.48826526	0.25881461	0.13536817	0.72000000	8.72000000	0.01391884	0.00000000
C14	c	0.68989023	0.04544637	0.10348814	0.78000000	8.78000000	0.02296142	0.00000000
C15	c	0.63954959	0.57913194	0.13972115	0.84000000	8.84000000	0.01319071	0.00000000
C16	c	0.32373165	0.36911760	0.09099312	0.90000000	8.90000000	0.02403296	0.00000000
C17	c	0.99467410	0.49618295	0.05560922	0.96000000	8.96000000	0.01783039	0.00000000
C18	c	0.56593437	0.07957220	0.05434069	1.02000000	9.02000000	0.01881274	0.00000000
C19	c	0.21498012	0.93402958	0.10329629	1.08000000	9.08000000	0.01649922	0.00000000
C20	c	0.68548300	0.21108609	0.07271135	1.14000000	9.14000000	0.02287422	0.00000000
C21	c	0.73042839	0.33614064	0.15013977	1.20000000	9.20000000	0.01433755	0.00000000
C22	c	0.02939868	0.21375476	0.04643538	1.26000000	9.26000000	0.02483303	0.00000000
C23	c	0.91390269	0.30493746	0.08849714	1.32000000	9.32000000	0.02520960	0.00000000
C24	c	0.03768609	0.50606246	0.15346831	1.38000000	9.38000000	0.01121611	0.00000000
C25	c	0.35619587	0.24088708	0.12227191	1.44000000	9.44000000	0.01103799	0.00000000
C26	c	0.72463532	0.43673478	0.15445675	1.50000000	9.50000000	0.01127272	0.00000000
C27	c	0.38936461	0.51931793	0.12586403	1.56000000	9.56000000	0.01082613	0.00000000
C28	c	0.87309487	0.89058831	0.06618612	1.62000000	9.62000000	0.02758414	0.00000000
C29	c	0.09879412	0.80912712	0.09607038	1.68000000	9.68000000	0.02630392	0.00000000
C30	c	0.29528620	0.86157191	0.14967116	1.74000000	9.74000000	0.01903785	0.00000000
C31	c	0.31807597	0.97792345	0.10016037	1.80000000	9.80000000	0.02505358	0.00000000
C32	c	0.71891800	0.48808636	0.01840613	1.86000000	9.86000000	0.02241491	0.00000000
C33	c	0.60172046	0.00706648	0.14156532	1.92000000	9.92000000	0.02058803	0.00000000
C34	c	0.42077140	0.40876539	0.09711280	1.98000000	9.98000000	0.02204567	0.00000000
C35	c	0.52265202	0.81348787	0.06288770	2.00000000	10.00000000	0.02704697	0.00000000
C36	c	0.80730886	0.77396491	0.02552932	2.00000000	10.00000000	0.01354627	0.00000000
C37	c	0.70828853	0.10621743	0.03600354	2.00000000	10.00000000	0.01420119	0.00000000
C38	c	0.37885371	0.17522204	0.07836737	2.00000000	10.00000000	0.02310466	0.00000000
C39	c	0.19007983	0.15870280	0.04382794	2.00000000	10.00000000	0.01472150	0.00000000
C40	c	0.83061766	0.39854016	0.04414405	2.00000000	10.00000000	0.02886419	0.00000000
C41	c	0.23693479	0.11837266	0.15366634	2.00000000	10.00000000	0.01622942	0.00000000
C42	c	0.94611389	0.88640943	0.08236481	2.00000000	10.00000000	0.02593617	0.00000000
C43	c	0.50244887	0.21554684	0.15199029	2.00000000	10.00000000	0.01275105	0.00000000
C44	c	0.60834642	0.08401798	0.01889988	2.00000000	10.00000000	0.02169796	0.00000000
C45	c	0.69161126	0.89679976	0.06855969	2.00000000	10.00000000	0.01682232	0.00000000
C46	c	0.09013315	0.91711919	0.11808412	2.00000000	10.00000000	0.02437051	0.00000000
C47	c	0.40595103	0.94001553	0.03481050	2.00000000	10.00000000	0.01669230	0.00000000
C48	c	0.50429321	0.59444882	0.09893318	2.00000000	10.00000000	0.02280150	0.00000000
C49	c	0.69947219	0.96669473	0.08195322	2.00000000	10.00000000	0.01742192	0.00000000
C50	c	0.73571186	0.38244352	0.15311628	2.00000000	10.00000000	0.02035538	0.00000000

Q Vehicle fuel tank capacity /0.40000000/
C Vehicle load capacity /1.50000000/
r fuel consumption rate /0.25000000/
g inverse refueling rate /1.00000000/
v average Velocity /1.00000000/
