StringID	Type	x	y	demand	ReadyTime	DueDate	ServiceTime	altitude
D0	d	0.50000000	0.50000000	0.00000000	0.00000000	10.00000000	0.00000000	0.00000000
S0	f	0.94524542	0.92643262	0.00000000	0.00000000	10.00000000	0.00000000	0.00000000
S1	f	0.57224073	0.33149959	0.00000000	0.00000000	10.00000000	0.00000000	0.00000000
S2	f	0.28241890	0.55620866	0.00000000	0.00000000	10.00000000	0.00000000	0.00000000
S3	f	0.68920339	0.57883187	0.00000000	0.00000000	10.00000000	0.00000000	0.00000000
S4	f	0.83263545	0.64461739	0.00000000	0.00000000	10.00000000	0.00000000	0.00000000
S5	f	0.68351569	0.22994532	0.00000000	0.00000000	10.00000000	0.00000000	0.00000000
S6	f	0.02314640	0.93673802	0.00000000	0.00000000	10.00000000	0.00000000	0.00000000
S7	f	0.93877533	0.73909571	0.00000000	0.00000000	10.00000000	0.00000000	0.00000000
S8	f	0.88941001	0.34988347	0.00000000	0.00000000	10.00000000	0.00000000	0.00000000
S9	f	0.84234781	0.24078005	0.00000000	0.00000000	10.00000000	0.00000000	0.00000000
C1	c	0.71028230	0.06278519	0.13504095	0.00000000	8.00000000	0.02838562	0.00000000
C2	c	0.69797808	0.29479077	0.10897726	0.06000000	8.06000000	0.01781947	0.00000000
C3	c	0.75937444	0.80630383	0.06904170	0.12000000	8.12000000	0.02383260	0.00000000
C4	c	0.79880894	0.40157069	0.02940057	0.18000000	8.18000000	0.02402068	0.00000000
C5	c	0.04390013	0.70937521	0.06479431	0.24000000	8.24000000	0.02468363	0.00000000
C6	c	0.75577650	0.12013109	0.14695959	0.30000000	8.30000000	0.02869751	0.00000000
C7	c	0.50666059	0.88029598	0.15361194	0.36000000	8.36000000	0.02138365	0.00000000
C8	c	0.98287664	0.30804995	0.02111016	0.42000000	8.42000000	0.02277616	0.00000000
C9	c	0.81466498	0.44667775	0.12950804	0.48000000	8.48000000	0.01231212	0.00000000
C10	c	0.86069123	0.54109059	0.10306282	0.54000000	8.54000000	0.01171435	0.00000000
C11	c	0.86353373	0.97534903	0.12409944	0.60000000	8.60000000	0.01858838	0.00000000
C12	c	0.74653302	0.02161475	0.10449485	0.66000000	8.66000000	0.02024570	0.00000000
C13	c	0.97354843	0.13503977	0.09849277	0.72000000	8.72000000	0.01760406	0.00000000
C14	c	0.88922692	0.22121704	0.07561935	0.78000000	8.78000000	0.02998084	0.00000000
C15	c	0.91740384	0.90809512	0.07376098	0.84000000	8.84000000	0.02555945	0.00000000
C16	c	0.31385389	0.90068524	0.02038116	0.90000000	8.90000000	0.02614207	0.00000000
C17	c	0.09251141	0.46255763	0.07702210	0.96000000	8.96000000	0.01594628	0.00000000
C18	c	0.55108850	0.16119613	0.09088992	1.02000000	9.02000000	0.01896543	0.00000000
C19	c	0.13365227	0.73980341	0.12593930	1.08000000	9.08000000	0.01677688	0.00000000
C20	c	0.95866682	0.20695356	0.02763211	1.14000000	9.14000000	0.02722776	0.00000000
C21	c	0.64099387	0.97107997	0.06424380	1.20000000	9.20000000	0.01545100	0.00000000
C22	c	0.07274842	0.89063946	0.02820704	1.26000000	9.26000000	0.02374227	0.00000000
C23	c	0.45300110	0.91851455	0.03550690	1.32000000	9.32000000	0.02683358	0.00000000
C24	c	0.48950154	0.60729236	0.12125868	1.38000000	9.38000000	0.02312646	0.00000000
C25	c	0.22126911	0.59933636	0.10544090	1.44000000	9.44000000	0.01304023	0.00000000
C26	c	0.20879916	0.53634955	0.04427010	1.50000000	9.50000000	0.02338719	0.00000000
C27	c	0.99988724	0.57671475	0.16672696	1.56000000	9.56000000	0.02450362	0.00000000
C28	c	0.95983420	0.35083568	0.02602908	1.62000000	9.62000000	0.02944825	0.00000000
C29	c	0.47783747	0.33992286	0.10592331	1.68000000	9.68000000	0.02800635	0.00000000
C30	c	0.62642787	0.00483592	0.09090938	1.74000000	9.74000000	0.01671266	0.00000000
C31	c	0.97931244	0.07074533	0.15874529	1.80000000	9.80000000	0.01831700	0.00000000
C32	c	0.57224073	0.33149959	0.06612523	1.86000000	9.86000000	0.01901650	0.00000000
C33	c	0.16880524	0.94671984	0.13114651	1.92000000	9.92000000	0.01857428	0.00000000
C34	c	0.28270582	0.93941964	0.15308175	1.98000000	9.98000000	0.02057353	0.00000000
C35	c	0.40031358	0.19636386	0.14474063	2.00000000	10.00000000	0.01226171	0.00000000
C36	c	0.15438670	0.17623986	0.12132290	2.00000000	10.00000000	0.02442922	0.00000000
C37	c	0.98114004	0.53507006	0.10010503	2.00000000	10.00000000	0.02787763	0.00000000
C38	c	0.71370979	0.71533776	0.03771703	2.00000000	10.00000000	0.01835468	0.00000000
C39	c	0.70594356	0.15046714	0.05971894	2.00000000	10.00000000	0.02885440	0.00000000
C40	c	0.06440010	0.15132900	0.16264411	2.00000000	10.00000000	0.01801062	0.00000000
C41	c	0.88123647	0.59643455	0.03434771	2.00000000	10.00000000	0.02469672	0.00000000
C42	c	0.88339111	0.03428601	0.01456560	2.00000000	10.00000000	0.01555329	0.00000000
C43	c	0.81239872	0.95226120	0.05593520	2.00000000	10.00000000	0.02456075	0.00000000
C44	c	0.40910469	0.63743388	0.14842193	2.00000000	10.00000000	0.02863870	0.00000000
C45	c	0.79049292	0.30832233	0.04556483	2.00000000	10.00000000	0.02662049	0.00000000
C46	c	0.41948025	0.88375245	0.07566718	2.00000000	10.00000000	0.02857738	0.00000000
C47	c	0.33463328	0.82091475	0.05283972	2.00000000	10.00000000	0.01780661	0.00000000
C48	c	0.30002408	0.69909286	0.14306144	2.00000000	10.00000000	0.01165894	0.00000000
C49	c	0.48727900	0.75012709	0.11287939	2.00000000	10.00000000	0.01439032	0.00000000
C50	c	0.28241890	0.55620866	0.11301414	2.00000000	10.00000000	0.02442118	0.00000000

Q Vehicle fuel tank capacity /0.40000000/
C Vehicle load capacity /1.50000000/
r fuel consumption rate /0.25000000/
g inverse refueling rate /1.00000000/
v average Velocity /1.00000000/
