StringID	Type	x	y	demand	ReadyTime	DueDate	ServiceTime	altitude
D0	d	0.50000000	0.50000000	0.00000000	0.00000000	10.00000000	0.00000000	0.00000000
S0	f	0.21435122	0.07063820	0.00000000	0.00000000	10.00000000	0.00000000	0.00000000
S1	f	0.11345261	0.27812884	0.00000000	0.00000000	10.00000000	0.00000000	0.00000000
S2	f	0.78877496	0.33267683	0.00000000	0.00000000	10.00000000	0.00000000	0.00000000
S3	f	0.31973387	0.35697873	0.00000000	0.00000000	10.00000000	0.00000000	0.00000000
S4	f	0.11997734	0.90294026	0.00000000	0.00000000	10.00000000	0.00000000	0.00000000
S5	f	0.64258273	0.95091094	0.00000000	0.00000000	10.00000000	0.00000000	0.00000000
C1	c	0.26060060	0.06858176	0.08360695	0.00000000	8.00000000	0.01338740	0.00000000
C2	c	0.19303518	0.01896335	0.09671619	0.10000000	8.10000000	0.01238359	0.00000000
C3	c	0.22664798	0.11111700	0.14635069	0.20000000	8.20000000	0.01184832	0.00000000
C4	c	0.21752256	0.89598092	0.09734075	0.30000000	8.30000000	0.02005818	0.00000000
C5	c	0.25509685	0.82655983	0.22376204	0.40000000	8.40000000	0.01585055	0.00000000
C6	c	0.17081729	0.81062780	0.16306923	0.50000000	8.50000000	0.02161441	0.00000000
C7	c	0.18049939	0.89168993	0.24438700	0.60000000	8.60000000	0.02285323	0.00000000
C8	c	0.18249537	0.91169924	0.02731995	0.70000000	8.70000000	0.02000695	0.00000000
C9	c	0.27405543	0.13317530	0.08673829	0.80000000	8.80000000	0.02358919	0.00000000
C10	c	0.23980746	0.22993442	0.10514895	0.90000000	8.90000000	0.02380489	0.00000000
C11	c	0.18004985	0.28537882	0.20669209	1.00000000	9.00000000	0.02034273	0.00000000
C12	c	0.15850618	0.22002747	0.15055320	1.10000000	9.10000000	0.01678752	0.00000000
C13	c	0.27095342	0.25767408	0.15413074	1.20000000	9.20000000	0.01776056	0.00000000
C14	c	0.28794418	0.27525975	0.15399817	1.30000000	9.30000000	0.02788933	0.00000000
C15	c	0.18623836	0.20128586	0.16424275	1.40000000	9.40000000	0.02921031	0.00000000
C16	c	0.89501225	0.62028255	0.13204953	1.50000000	9.50000000	0.02382555	0.00000000
C17	c	0.51025818	0.81383403	0.19896632	1.60000000	9.60000000	0.02163166	0.00000000
C18	c	0.82127582	0.99326998	0.22775901	1.70000000	9.70000000	0.02638504	0.00000000
C19	c	0.36264337	0.58354610	0.23160643	1.80000000	9.80000000	0.02506253	0.00000000
C20	c	0.16936991	0.11917951	0.16576777	1.90000000	9.90000000	0.01985762	0.00000000
C21	c	0.09241609	0.50290896	0.06314985	2.00000000	10.00000000	0.01678382	0.00000000
C22	c	0.29252772	0.58072031	0.20707488	2.00000000	10.00000000	0.02986813	0.00000000
C23	c	0.64266142	0.50034764	0.13940056	2.00000000	10.00000000	0.02834453	0.00000000
C24	c	0.67945943	0.69024446	0.21215216	2.00000000	10.00000000	0.01177496	0.00000000
C25	c	0.51713664	0.33937619	0.06313260	2.00000000	10.00000000	0.02246751	0.00000000
C26	c	0.38802813	0.89446647	0.02480577	2.00000000	10.00000000	0.02270653	0.00000000
C27	c	0.96051542	0.69127774	0.21393558	2.00000000	10.00000000	0.01556445	0.00000000
C28	c	0.58158318	0.81925203	0.25515378	2.00000000	10.00000000	0.02256251	0.00000000
C29	c	0.75312662	0.49288121	0.10402484	2.00000000	10.00000000	0.02097568	0.00000000
C30	c	0.33919079	0.99340657	0.15696392	2.00000000	10.00000000	0.02913280	0.00000000

Q Vehicle fuel tank capacity /0.40000000/
C Vehicle load capacity /1.50000000/
r fuel consumption rate /0.25000000/
g inverse refueling rate /1.00000000/
v average Velocity /1.00000000/
