StringID	Type	x	y	demand	ReadyTime	DueDate	ServiceTime	altitude
D0	d	0.50000000	0.50000000	0.00000000	0.00000000	10.00000000	0.00000000	0.00000000
S0	f	0.96910854	0.00884169	0.00000000	0.00000000	10.00000000	0.00000000	0.00000000
S1	f	0.66460198	0.20999076	0.00000000	0.00000000	10.00000000	0.00000000	0.00000000
S2	f	0.96990429	0.51972258	0.00000000	0.00000000	10.00000000	0.00000000	0.00000000
S3	f	0.48578272	0.10094437	0.00000000	0.00000000	10.00000000	0.00000000	0.00000000
S4	f	0.48495581	0.23170709	0.00000000	0.00000000	10.00000000	0.00000000	0.00000000
S5	f	0.82750597	0.60060503	0.00000000	0.00000000	10.00000000	0.00000000	0.00000000
S6	f	0.62594918	0.11071983	0.00000000	0.00000000	10.00000000	0.00000000	0.00000000
S7	f	0.56087932	0.62525193	0.00000000	0.00000000	10.00000000	0.00000000	0.00000000
S8	f	0.01415072	0.97168535	0.00000000	0.00000000	10.00000000	0.00000000	0.00000000
S9	f	0.01277361	0.56637675	0.00000000	0.00000000	10.00000000	0.00000000	0.00000000
C1	c	0.23713749	0.29887968	0.13128851	0.00000000	8.00000000	0.02048071	0.00000000
C2	c	0.42314642	0.93909294	0.06905674	0.06000000	8.06000000	0.01322717	0.00000000
C3	c	0.46791144	0.54465947	0.04864343	0.12000000	8.12000000	0.02112164	0.00000000
C4	c	0.33044850	0.32846554	0.18447912	0.18000000	8.18000000	0.02765331	0.00000000
C5	c	0.72823896	0.13322184	0.08636878	0.24000000	8.24000000	0.02792613	0.00000000
C6	c	0.47470159	0.02596717	0.15366685	0.30000000	8.30000000	0.01425735	0.00000000
C7	c	0.79524951	0.54926648	0.16334949	0.36000000	8.36000000	0.02437406	0.00000000
C8	c	0.80578227	0.29959077	0.04501659	0.42000000	8.42000000	0.01837973	0.00000000
C9	c	0.17180650	0.79125242	0.06414551	0.48000000	8.48000000	0.02063334	0.00000000
C10	c	0.83811653	0.44347804	0.05058277	0.54000000	8.54000000	0.01179379	0.00000000
C11	c	0.34882130	0.07361985	0.01676073	0.60000000	8.60000000	0.02709033	0.00000000
C12	c	0.52499971	0.86751552	0.07630295	0.66000000	8.66000000	0.01251606	0.00000000
C13	c	0.80806826	0.79654616	0.16789410	0.72000000	8.72000000	0.01615367	0.00000000
C14	c	0.17205165	0.22045595	0.11983616	0.78000000	8.78000000	0.02385299	0.00000000
C15	c	0.01163391	0.70669919	0.06377618	0.84000000	8.84000000	0.02055718	0.00000000
C16	c	0.20155946	0.53152775	0.01623778	0.90000000	8.90000000	0.02600402	0.00000000
C17	c	0.26300353	0.89706865	0.07812389	0.96000000	8.96000000	0.01985669	0.00000000
C18	c	0.06771348	0.18893081	0.06120371	1.02000000	9.02000000	0.01783255	0.00000000
C19	c	0.96910854	0.00884169	0.08960802	1.08000000	9.08000000	0.01475854	0.00000000
C20	c	0.91982391	0.54209892	0.07786580	1.14000000	9.14000000	0.02478442	0.00000000
C21	c	0.25515517	0.95386814	0.09910547	1.20000000	9.20000000	0.02973264	0.00000000
C22	c	0.96267956	0.80608263	0.14876952	1.26000000	9.26000000	0.01780794	0.00000000
C23	c	0.67862759	0.57388313	0.02715216	1.32000000	9.32000000	0.02194985	0.00000000
C24	c	0.55236738	0.78902420	0.11526447	1.38000000	9.38000000	0.01830182	0.00000000
C25	c	0.69192698	0.64599900	0.06937671	1.44000000	9.44000000	0.01951871	0.00000000
C26	c	0.54261584	0.33307987	0.12816432	1.50000000	9.50000000	0.01071546	0.00000000
C27	c	0.94912274	0.62878689	0.11011154	1.56000000	9.56000000	0.02706615	0.00000000
C28	c	0.20785382	0.15832926	0.17310121	1.62000000	9.62000000	0.01865824	0.00000000
C29	c	0.04481089	0.88829523	0.05686344	1.68000000	9.68000000	0.02000569	0.00000000
C30	c	0.05174298	0.10970694	0.08559103	1.74000000	9.74000000	0.02895561	0.00000000
C31	c	0.99293748	0.33591196	0.03186567	1.80000000	9.80000000	0.01476152	0.00000000
C32	c	0.13295360	0.60048389	0.01432314	1.86000000	9.86000000	0.01533476	0.00000000
C33	c	0.18541067	0.86971096	0.08157439	1.92000000	9.92000000	0.01734855	0.00000000
C34	c	0.78034797	0.74351819	0.08554044	1.98000000	9.98000000	0.02188003	0.00000000
C35	c	0.83395996	0.00995630	0.06382415	2.00000000	10.00000000	0.01056276	0.00000000
C36	c	0.69089739	0.68792151	0.01577032	2.00000000	10.00000000	0.01887768	0.00000000
C37	c	0.12912149	0.34631283	0.10790923	2.00000000	10.00000000	0.01913274	0.00000000
C38	c	0.66460198	0.20999076	0.17355716	2.00000000	10.00000000	0.01136587	0.00000000
C39	c	0.88999546	0.44747654	0.17405938	2.00000000	10.00000000	0.01285100	0.00000000
C40	c	0.84536876	0.09931052	0.12532473	2.00000000	10.00000000	0.01879700	0.00000000
C41	c	0.74487523	0.28510874	0.14095024	2.00000000	10.00000000	0.01500702	0.00000000
C42	c	0.47078570	0.62491326	0.05919791	2.00000000	10.00000000	0.01098620	0.00000000
C43	c	0.34913598	0.62829790	0.16584618	2.00000000	10.00000000	0.02033280	0.00000000
C44	c	0.65441468	0.87401380	0.02496659	2.00000000	10.00000000	0.01553853	0.00000000
C45	c	0.13982261	0.53599689	0.02423407	2.00000000	10.00000000	0.02841503	0.00000000
C46	c	0.59762470	0.65372293	0.03510150	2.00000000	10.00000000	0.01869725	0.00000000
C47	c	0.39320217	0.73614904	0.11959773	2.00000000	10.00000000	0.02902743	0.00000000
C48	c	0.40212277	0.43705642	0.05679015	2.00000000	10.00000000	0.01510002	0.00000000
C49	c	0.62291768	0.17448559	0.08531485	2.00000000	10.00000000	0.01573393	0.00000000
C50	c	0.41240142	0.88942599	0.13654517	2.00000000	10.00000000	0.01837009	0.00000000

Q Vehicle fuel tank capacity /0.40000000/
C Vehicle load capacity /1.50000000/
r fuel consumption rate /0.25000000/
g inverse refueling rate /1.00000000/
v average Velocity /1.00000000/
