StringID	Type	x	y	demand	ReadyTime	DueDate	ServiceTime	altitude
D0	d	0.50000000	0.50000000	0.00000000	0.00000000	10.00000000	0.00000000	0.00000000
S0	f	0.21152871	0.85119448	0.00000000	0.00000000	10.00000000	0.00000000	0.00000000
S1	f	0.99214723	0.82918483	0.00000000	0.00000000	10.00000000	0.00000000	0.00000000
S2	f	0.59992356	0.51783923	0.00000000	0.00000000	10.00000000	0.00000000	0.00000000
S3	f	0.45509611	0.21586724	0.00000000	0.00000000	10.00000000	0.00000000	0.00000000
S4	f	0.39177744	0.24962125	0.00000000	0.00000000	10.00000000	0.00000000	0.00000000
S5	f	0.25725297	0.87122856	0.00000000	0.00000000	10.00000000	0.00000000	0.00000000
S6	f	0.79668374	0.23395183	0.00000000	0.00000000	10.00000000	0.00000000	0.00000000
S7	f	0.28526134	0.36435073	0.00000000	0.00000000	10.00000000	0.00000000	0.00000000
S8	f	0.69034615	0.09226069	0.00000000	0.00000000	10.00000000	0.00000000	0.00000000
S9	f	0.93860890	0.66732635	0.00000000	0.00000000	10.00000000	0.00000000	0.00000000
C1	c	0.76673628	0.29209717	0.01498972	0.00000000	8.00000000	0.01689377	0.00000000
C2	c	0.74602740	0.33052399	0.09768339	0.06000000	8.06000000	0.01452388	0.00000000
C3	c	0.76705110	0.39176469	0.14878915	0.12000000	8.12000000	0.02259760	0.00000000
C4	c	0.67073717	0.27420335	0.10496507	0.18000000	8.18000000	0.01815011	0.00000000
C5	c	0.70481922	0.34614134	0.14231543	0.24000000	8.24000000	0.01094416	0.00000000
C6	c	0.80536836	0.34969714	0.11772911	0.30000000	8.30000000	0.01458773	0.00000000
C7	c	0.80559312	0.28669767	0.07171629	0.36000000	8.36000000	0.02863007	0.00000000
C8	c	0.74198983	0.28442335	0.10073882	0.42000000	8.42000000	0.01679794	0.00000000
C9	c	0.76116998	0.18866417	0.14412731	0.48000000	8.48000000	0.02726231	0.00000000
C10	c	0.78219238	0.34729778	0.10642044	0.54000000	8.54000000	0.01840751	0.00000000
C11	c	0.22046812	0.50975786	0.01183644	0.60000000	8.60000000	0.01078303	0.00000000
C12	c	0.24308440	0.67163073	0.09008911	0.66000000	8.66000000	0.01909308	0.00000000
C13	c	0.29453507	0.56493157	0.10202956	0.72000000	8.72000000	0.02587515	0.00000000
C14	c	0.16508601	0.56659418	0.04722202	0.78000000	8.78000000	0.01512824	0.00000000
C15	c	0.19587441	0.57696136	0.14524427	0.84000000	8.84000000	0.02844241	0.00000000
C16	c	0.00000000	0.74784272	0.02628451	0.90000000	8.90000000	0.02788595	0.00000000
C17	c	0.09550346	0.77845484	0.12024761	0.96000000	8.96000000	0.02441215	0.00000000
C18	c	0.00000000	0.69798305	0.02617903	1.02000000	9.02000000	0.01292965	0.00000000
C19	c	0.01089649	0.70388937	0.12205545	1.08000000	9.08000000	0.02181673	0.00000000
C20	c	0.41638049	0.51511572	0.13816874	1.14000000	9.14000000	0.01880319	0.00000000
C21	c	0.39890382	0.59825606	0.08831771	1.20000000	9.20000000	0.01155697	0.00000000
C22	c	0.37346630	0.56205427	0.08025633	1.26000000	9.26000000	0.01335004	0.00000000
C23	c	0.21528114	0.90881066	0.03506553	1.32000000	9.32000000	0.01502046	0.00000000
C24	c	0.12911188	0.81303829	0.01904807	1.38000000	9.38000000	0.01074316	0.00000000
C25	c	0.25609112	0.75668755	0.07829335	1.44000000	9.44000000	0.02070964	0.00000000
C26	c	0.77136036	0.74338927	0.03134343	1.50000000	9.50000000	0.02418152	0.00000000
C27	c	0.66258127	0.05568944	0.13767599	1.56000000	9.56000000	0.01057414	0.00000000
C28	c	0.65482775	0.78053185	0.01234297	1.62000000	9.62000000	0.02126505	0.00000000
C29	c	0.44002547	0.98510116	0.04811725	1.68000000	9.68000000	0.01802820	0.00000000
C30	c	0.70043001	0.67006357	0.11539889	1.74000000	9.74000000	0.02424296	0.00000000
C31	c	0.33506352	0.26905611	0.05745542	1.80000000	9.80000000	0.01968831	0.00000000
C32	c	0.69702207	0.75453022	0.14842412	1.86000000	9.86000000	0.01975487	0.00000000
C33	c	0.22619419	0.62988008	0.11292279	1.92000000	9.92000000	0.01100243	0.00000000
C34	c	0.40750541	0.04720784	0.09262766	1.98000000	9.98000000	0.02876512	0.00000000
C35	c	0.33989689	0.86311556	0.13058370	2.00000000	10.00000000	0.01737433	0.00000000
C36	c	0.45465397	0.79375766	0.11718696	2.00000000	10.00000000	0.01245432	0.00000000
C37	c	0.25641198	0.92212039	0.11329767	2.00000000	10.00000000	0.02368667	0.00000000
C38	c	0.89429745	0.72060727	0.10206159	2.00000000	10.00000000	0.02574562	0.00000000
C39	c	0.44015969	0.07784856	0.01767533	2.00000000	10.00000000	0.01597346	0.00000000
C40	c	0.16750193	0.25102299	0.10098349	2.00000000	10.00000000	0.01292060	0.00000000
C41	c	0.03715793	0.53548216	0.11846222	2.00000000	10.00000000	0.02372100	0.00000000
C42	c	0.70907577	0.02870701	0.07111596	2.00000000	10.00000000	0.02201286	0.00000000
C43	c	0.56325248	0.40140979	0.14690689	2.00000000	10.00000000	0.02874759	0.00000000
C44	c	0.71214803	0.48441551	0.10732433	2.00000000	10.00000000	0.01783567	0.00000000
C45	c	0.48774361	0.05012173	0.10310198	2.00000000	10.00000000	0.01886315	0.00000000
C46	c	0.93825580	0.36871661	0.05652135	2.00000000	10.00000000	0.02672098	0.00000000
C47	c	0.12271579	0.68433368	0.04734325	2.00000000	10.00000000	0.01211845	0.00000000
C48	c	0.60064302	0.93737972	0.10685047	2.00000000	10.00000000	0.01697828	0.00000000
C49	c	0.39178357	0.44315767	0.11484678	2.00000000	10.00000000	0.02679366	0.00000000
C50	c	0.83604915	0.10592231	0.10961706	2.00000000	10.00000000	0.01973607	0.00000000

Q Vehicle fuel tank capacity /0.40000000/
C Vehicle load capacity /1.50000000/
r fuel consumption rate /0.25000000/
g inverse refueling rate /1.00000000/
v average Velocity /1.00000000/
