StringID	Type	x	y	demand	ReadyTime	DueDate	ServiceTime	altitude
D0	d	0.50000000	0.50000000	0.00000000	0.00000000	10.00000000	0.00000000	0.00000000
S0	f	0.34442266	0.03166370	0.00000000	0.00000000	10.00000000	0.00000000	0.00000000
S1	f	0.67800572	0.25317425	0.00000000	0.00000000	10.00000000	0.00000000	0.00000000
S2	f	0.62831934	0.66160578	0.00000000	0.00000000	10.00000000	0.00000000	0.00000000
S3	f	0.86447751	0.18135882	0.00000000	0.00000000	10.00000000	0.00000000	0.00000000
S4	f	0.19743987	0.30862010	0.00000000	0.00000000	10.00000000	0.00000000	0.00000000
S5	f	0.70091046	0.76780550	0.00000000	0.00000000	10.00000000	0.00000000	0.00000000
C1	c	0.07761301	0.08572811	0.09520352	0.00000000	8.00000000	0.01968246	0.00000000
C2	c	0.91769470	0.69934964	0.02656778	0.10000000	8.10000000	0.01079412	0.00000000
C3	c	0.25686889	0.96319079	0.23890260	0.20000000	8.20000000	0.02634950	0.00000000
C4	c	0.67620074	0.87033241	0.19391096	0.30000000	8.30000000	0.01305671	0.00000000
C5	c	0.26337103	0.82193640	0.06003782	0.40000000	8.40000000	0.02676360	0.00000000
C6	c	0.51121922	0.32130950	0.20438787	0.50000000	8.50000000	0.01665420	0.00000000
C7	c	0.03760872	0.24990781	0.15449798	0.60000000	8.60000000	0.02912182	0.00000000
C8	c	0.12296136	0.73228234	0.14661940	0.70000000	8.70000000	0.01055466	0.00000000
C9	c	0.83387787	0.72971473	0.13811839	0.80000000	8.80000000	0.01649027	0.00000000
C10	c	0.56397633	0.61991096	0.24718602	0.90000000	8.90000000	0.02881906	0.00000000
C11	c	0.54634572	0.12068253	0.21994097	1.00000000	9.00000000	0.01379814	0.00000000
C12	c	0.38901691	0.99449496	0.25677033	1.10000000	9.10000000	0.01051692	0.00000000
C13	c	0.92131816	0.48957116	0.05355761	1.20000000	9.20000000	0.02715196	0.00000000
C14	c	0.80667761	0.23427742	0.17439202	1.30000000	9.30000000	0.01273566	0.00000000
C15	c	0.31207355	0.33781398	0.09503154	1.40000000	9.40000000	0.02691906	0.00000000
C16	c	0.17364072	0.57403786	0.26072310	1.50000000	9.50000000	0.01455373	0.00000000
C17	c	0.32067201	0.56611197	0.19253171	1.60000000	9.60000000	0.02773726	0.00000000
C18	c	0.55083496	0.66985408	0.20595081	1.70000000	9.70000000	0.01565415	0.00000000
C19	c	0.34442266	0.03166370	0.12379457	1.80000000	9.80000000	0.02300543	0.00000000
C20	c	0.69406041	0.33068299	0.15387931	1.90000000	9.90000000	0.01419277	0.00000000
C21	c	0.11212017	0.86947336	0.22810163	2.00000000	10.00000000	0.02666789	0.00000000
C22	c	0.68967498	0.05584844	0.03183591	2.00000000	10.00000000	0.02218705	0.00000000
C23	c	0.67503770	0.47839457	0.10212380	2.00000000	10.00000000	0.02925760	0.00000000
C24	c	0.19090109	0.71136178	0.07269837	2.00000000	10.00000000	0.02572241	0.00000000
C25	c	0.05666684	0.51312860	0.23665997	2.00000000	10.00000000	0.02930937	0.00000000
C26	c	0.60827707	0.47258484	0.21420341	2.00000000	10.00000000	0.02805391	0.00000000
C27	c	0.88516217	0.75698480	0.03155374	2.00000000	10.00000000	0.01842675	0.00000000
C28	c	0.51784471	0.46106707	0.07782745	2.00000000	10.00000000	0.01886345	0.00000000
C29	c	0.52624737	0.27258130	0.17347311	2.00000000	10.00000000	0.01255871	0.00000000
C30	c	0.41851296	0.39167090	0.08951835	2.00000000	10.00000000	0.02964395	0.00000000

Q Vehicle fuel tank capacity /0.40000000/
C Vehicle load capacity /1.50000000/
r fuel consumption rate /0.25000000/
g inverse refueling rate /1.00000000/
v average Velocity /1.00000000/
