StringID	Type	x	y	demand	ReadyTime	DueDate	ServiceTime	altitude
D0	d	0.50000000	0.50000000	0.00000000	0.00000000	10.00000000	0.00000000	0.00000000
S0	f	0.82685891	0.11284339	0.00000000	0.00000000	10.00000000	0.00000000	0.00000000
S1	f	0.71466027	0.89045136	0.00000000	0.00000000	10.00000000	0.00000000	0.00000000
S2	f	0.95463384	0.37024832	0.00000000	0.00000000	10.00000000	0.00000000	0.00000000
S3	f	0.30268287	0.83640856	0.00000000	0.00000000	10.00000000	0.00000000	0.00000000
S4	f	0.17292836	0.56127729	0.00000000	0.00000000	10.00000000	0.00000000	0.00000000
S5	f	0.16856848	0.35658883	0.00000000	0.00000000	10.00000000	0.00000000	0.00000000
C1	c	0.05163632	0.36325672	0.06038533	0.00000000	8.00000000	0.02005075	0.00000000
C2	c	0.95681900	0.96741871	0.06484934	0.10000000	8.10000000	0.02815852	0.00000000
C3	c	0.90766618	0.66465297	0.06583274	0.20000000	8.20000000	0.02138849	0.00000000
C4	c	0.06333531	0.75261590	0.20462504	0.30000000	8.30000000	0.02300318	0.00000000
C5	c	0.35402124	0.46679560	0.17578600	0.40000000	8.40000000	0.01723437	0.00000000
C6	c	0.51129305	0.14182671	0.05489222	0.50000000	8.50000000	0.02508605	0.00000000
C7	c	0.87730502	0.75437582	0.16311657	0.60000000	8.60000000	0.02122341	0.00000000
C8	c	0.29712626	0.91624749	0.22057550	0.70000000	8.70000000	0.02589118	0.00000000
C9	c	0.78468248	0.26284163	0.12893077	0.80000000	8.80000000	0.01820511	0.00000000
C10	c	0.13791404	0.75429853	0.26928672	0.90000000	8.90000000	0.01438387	0.00000000
C11	c	0.19491627	0.76811343	0.06939404	1.00000000	9.00000000	0.01239627	0.00000000
C12	c	0.55900258	0.22794946	0.22663807	1.10000000	9.10000000	0.01936947	0.00000000
C13	c	0.40768841	0.88203355	0.26067454	1.20000000	9.20000000	0.01020671	0.00000000
C14	c	0.23118945	0.28578796	0.16958861	1.30000000	9.30000000	0.02043914	0.00000000
C15	c	0.83981806	0.48949277	0.26608182	1.40000000	9.40000000	0.01434702	0.00000000
C16	c	0.27362692	0.46493412	0.11515593	1.50000000	9.50000000	0.02446586	0.00000000
C17	c	0.23854949	0.76002797	0.13706629	1.60000000	9.60000000	0.02283712	0.00000000
C18	c	0.00453467	0.12127418	0.17038551	1.70000000	9.70000000	0.01994146	0.00000000
C19	c	0.82685891	0.11284339	0.08082594	1.80000000	9.80000000	0.01311719	0.00000000
C20	c	0.59825757	0.44324229	0.16214990	1.90000000	9.90000000	0.01655529	0.00000000
C21	c	0.43218163	0.77744490	0.10099042	2.00000000	10.00000000	0.01338372	0.00000000
C22	c	0.69756961	0.73470125	0.21932323	2.00000000	10.00000000	0.01841298	0.00000000
C23	c	0.80610651	0.42594240	0.09112601	2.00000000	10.00000000	0.01021015	0.00000000
C24	c	0.27182366	0.34883629	0.21423203	2.00000000	10.00000000	0.02703797	0.00000000
C25	c	0.91925295	0.01960723	0.05219337	2.00000000	10.00000000	0.02494259	0.00000000
C26	c	0.20992759	0.15981191	0.14881114	2.00000000	10.00000000	0.01237633	0.00000000
C27	c	0.04404544	0.80016566	0.12139433	2.00000000	10.00000000	0.01115527	0.00000000
C28	c	0.39535112	0.29180121	0.14866578	2.00000000	10.00000000	0.01371617	0.00000000
C29	c	0.29017852	0.52509635	0.15270433	2.00000000	10.00000000	0.01360970	0.00000000
C30	c	0.44863837	0.15696665	0.18431850	2.00000000	10.00000000	0.01836267	0.00000000

Q Vehicle fuel tank capacity /0.40000000/
C Vehicle load capacity /1.50000000/
r fuel consumption rate /0.25000000/
g inverse refueling rate /1.00000000/
v average Velocity /1.00000000/
