StringID	Type	x	y	demand	ReadyTime	DueDate	ServiceTime	altitude
D0	d	0.50000000	0.50000000	0.00000000	0.00000000	10.00000000	0.00000000	0.00000000
S0	f	0.92765045	0.48487525	0.00000000	0.00000000	10.00000000	0.00000000	0.00000000
S1	f	0.48474016	0.28730873	0.00000000	0.00000000	10.00000000	0.00000000	0.00000000
S2	f	0.55816191	0.27321649	0.00000000	0.00000000	10.00000000	0.00000000	0.00000000
S3	f	0.70935976	0.02355442	0.00000000	0.00000000	10.00000000	0.00000000	0.00000000
S4	f	0.91094423	0.27728654	0.00000000	0.00000000	10.00000000	0.00000000	0.00000000
S5	f	0.74353905	0.90493624	0.00000000	0.00000000	10.00000000	0.00000000	0.00000000
S6	f	0.81027732	0.91215291	0.00000000	0.00000000	10.00000000	0.00000000	0.00000000
S7	f	0.62429275	0.06699155	0.00000000	0.00000000	10.00000000	0.00000000	0.00000000
S8	f	0.26471921	0.27649408	0.00000000	0.00000000	10.00000000	0.00000000	0.00000000
S9	f	0.28046348	0.91344521	0.00000000	0.00000000	10.00000000	0.00000000	0.00000000
C1	c	0.29889248	0.86269466	0.11497933	0.00000000	8.00000000	0.02130684	0.00000000
C2	c	0.16452218	0.85226362	0.13754436	0.06000000	8.06000000	0.01838543	0.00000000
C3	c	0.15499705	0.87127886	0.11253522	0.12000000	8.12000000	0.01847764	0.00000000
C4	c	0.22000145	0.84873227	0.09349540	0.18000000	8.18000000	0.02665651	0.00000000
C5	c	0.28483263	0.85803235	0.09398660	0.24000000	8.24000000	0.02508866	0.00000000
C6	c	0.28340687	0.81592905	0.13460405	0.30000000	8.30000000	0.01190628	0.00000000
C7	c	0.23334704	0.84870283	0.12330993	0.36000000	8.36000000	0.01783284	0.00000000
C8	c	0.14890466	0.79172333	0.04916470	0.42000000	8.42000000	0.01147011	0.00000000
C9	c	0.03100906	0.76193348	0.14519157	0.48000000	8.48000000	0.02619093	0.00000000
C10	c	0.00000000	0.75742235	0.05825203	0.54000000	8.54000000	0.02955696	0.00000000
C11	c	0.00000000	0.74848797	0.07589470	0.60000000	8.60000000	0.02007116	0.00000000
C12	c	0.07962969	0.82842739	0.11868509	0.66000000	8.66000000	0.02904943	0.00000000
C13	c	0.06360419	0.79815948	0.13915928	0.72000000	8.72000000	0.01256288	0.00000000
C14	c	0.44609271	0.56577730	0.14302181	0.78000000	8.78000000	0.02301013	0.00000000
C15	c	0.38135083	0.66454062	0.14676394	0.84000000	8.84000000	0.02699631	0.00000000
C16	c	0.40952605	0.59999194	0.07489788	0.90000000	8.90000000	0.02320817	0.00000000
C17	c	0.42028081	0.65148193	0.05310934	0.96000000	8.96000000	0.01710714	0.00000000
C18	c	0.48513953	0.62561345	0.12476922	1.02000000	9.02000000	0.01656997	0.00000000
C19	c	0.42455573	0.64955786	0.07522648	1.08000000	9.08000000	0.01141224	0.00000000
C20	c	0.15152095	0.38716188	0.04754406	1.14000000	9.14000000	0.01224281	0.00000000
C21	c	0.17216852	0.44229714	0.10462949	1.20000000	9.20000000	0.01392768	0.00000000
C22	c	0.16605473	0.32539905	0.09063969	1.26000000	9.26000000	0.01681924	0.00000000
C23	c	0.15882440	0.33556859	0.11341979	1.32000000	9.32000000	0.01240240	0.00000000
C24	c	0.15192751	0.38980091	0.12637592	1.38000000	9.38000000	0.02903819	0.00000000
C25	c	0.20085787	0.39373779	0.05918099	1.44000000	9.44000000	0.02691265	0.00000000
C26	c	0.43762168	0.29213076	0.07303766	1.50000000	9.50000000	0.02696007	0.00000000
C27	c	0.23278797	0.69628482	0.03157255	1.56000000	9.56000000	0.02900105	0.00000000
C28	c	0.78528941	0.02157838	0.12858603	1.62000000	9.62000000	0.02146477	0.00000000
C29	c	0.74707852	0.73830349	0.12710852	1.68000000	9.68000000	0.02599998	0.00000000
C30	c	0.06856529	0.52787749	0.15571806	1.74000000	9.74000000	0.01398672	0.00000000
C31	c	0.26960398	0.07098160	0.03739464	1.80000000	9.80000000	0.01430323	0.00000000
C32	c	0.32831240	0.13396829	0.07459058	1.86000000	9.86000000	0.02117193	0.00000000
C33	c	0.67587583	0.68874407	0.05327195	1.92000000	9.92000000	0.02139219	0.00000000
C34	c	0.98616729	0.35758705	0.04457652	1.98000000	9.98000000	0.01025566	0.00000000
C35	c	0.41927160	0.42388198	0.11249221	2.00000000	10.00000000	0.01137089	0.00000000
C36	c	0.83282560	0.75443291	0.12553395	2.00000000	10.00000000	0.01104844	0.00000000
C37	c	0.09531393	0.39164187	0.01362821	2.00000000	10.00000000	0.01007528	0.00000000
C38	c	0.97784824	0.50355804	0.11993496	2.00000000	10.00000000	0.01417747	0.00000000
C39	c	0.95247172	0.12814389	0.11864916	2.00000000	10.00000000	0.01072559	0.00000000
C40	c	0.65050637	0.84981539	0.02051315	2.00000000	10.00000000	0.02766475	0.00000000
C41	c	0.66040849	0.35535717	0.08781567	2.00000000	10.00000000	0.01484995	0.00000000
C42	c	0.32849872	0.07061212	0.04997113	2.00000000	10.00000000	0.01941761	0.00000000
C43	c	0.11214045	0.19638389	0.02086721	2.00000000	10.00000000	0.02819507	0.00000000
C44	c	0.95190925	0.84563258	0.05857361	2.00000000	10.00000000	0.02588930	0.00000000
C45	c	0.84800334	0.95005272	0.03009658	2.00000000	10.00000000	0.02103728	0.00000000
C46	c	0.57323858	0.79999902	0.10950170	2.00000000	10.00000000	0.02849690	0.00000000
C47	c	0.19933600	0.21516147	0.11138727	2.00000000	10.00000000	0.02156503	0.00000000
C48	c	0.55859659	0.56960955	0.15496837	2.00000000	10.00000000	0.01560089	0.00000000
C49	c	0.01278286	0.06854436	0.06286319	2.00000000	10.00000000	0.01177485	0.00000000
C50	c	0.05242182	0.00376390	0.02096625	2.00000000	10.00000000	0.01580036	0.00000000

Q Vehicle fuel tank capacity /0.40000000/
C Vehicle load capacity /1.50000000/
r fuel consumption rate /0.25000000/
g inverse refueling rate /1.00000000/
v average Velocity /1.00000000/
