StringID	Type	x	y	demand	ReadyTime	DueDate	ServiceTime	altitude
D0	d	0.50000000	0.50000000	0.00000000	0.00000000	10.00000000	0.00000000	0.00000000
S0	f	0.33662706	0.43528714	0.00000000	0.00000000	10.00000000	0.00000000	0.00000000
S1	f	0.94058311	0.86019160	0.00000000	0.00000000	10.00000000	0.00000000	0.00000000
S2	f	0.06774348	0.07548180	0.00000000	0.00000000	10.00000000	0.00000000	0.00000000
S3	f	0.93166593	0.08816006	0.00000000	0.00000000	10.00000000	0.00000000	0.00000000
S4	f	0.26274007	0.07976061	0.00000000	0.00000000	10.00000000	0.00000000	0.00000000
S5	f	0.55849691	0.56100990	0.00000000	0.00000000	10.00000000	0.00000000	0.00000000
C1	c	0.58449635	0.88968189	0.17460419	0.00000000	8.00000000	0.01770327	0.00000000
C2	c	0.49518104	0.24776778	0.16412810	0.10000000	8.10000000	0.01189329	0.00000000
C3	c	0.48437363	0.38319846	0.05561929	0.20000000	8.20000000	0.02882670	0.00000000
C4	c	0.66594698	0.14568795	0.21008223	0.30000000	8.30000000	0.01570957	0.00000000
C5	c	0.70121759	0.69215064	0.18602608	0.40000000	8.40000000	0.01784536	0.00000000
C6	c	0.24796704	0.67566948	0.13847074	0.50000000	8.50000000	0.01803425	0.00000000
C7	c	0.63634417	0.31292350	0.17805581	0.60000000	8.60000000	0.01256501	0.00000000
C8	c	0.82567546	0.10850093	0.02328144	0.70000000	8.70000000	0.01097060	0.00000000
C9	c	0.42206660	0.56265504	0.12888555	0.80000000	8.80000000	0.01925342	0.00000000
C10	c	0.00276025	0.24458135	0.06374674	0.90000000	8.90000000	0.01976826	0.00000000
C11	c	0.64582533	0.72802518	0.20665367	1.00000000	9.00000000	0.02196629	0.00000000
C12	c	0.42257547	0.76313280	0.20900506	1.10000000	9.10000000	0.02004261	0.00000000
C13	c	0.38474139	0.66842699	0.22509620	1.20000000	9.20000000	0.01750155	0.00000000
C14	c	0.94773098	0.49273261	0.07023889	1.30000000	9.30000000	0.01512416	0.00000000
C15	c	0.40836369	0.45464727	0.09902318	1.40000000	9.40000000	0.01395858	0.00000000
C16	c	0.52005133	0.73261183	0.10670690	1.50000000	9.50000000	0.02466434	0.00000000
C17	c	0.16996681	0.70000685	0.21185718	1.60000000	9.60000000	0.02622445	0.00000000
C18	c	0.19679877	0.60652402	0.14502419	1.70000000	9.70000000	0.02067138	0.00000000
C19	c	0.90702617	0.47229815	0.06357841	1.80000000	9.80000000	0.02433820	0.00000000
C20	c	0.33662706	0.43528714	0.22551213	1.90000000	9.90000000	0.01106603	0.00000000
C21	c	0.65738088	0.90071922	0.13103547	2.00000000	10.00000000	0.01503833	0.00000000
C22	c	0.06943842	0.45143908	0.18928639	2.00000000	10.00000000	0.01430504	0.00000000
C23	c	0.21419171	0.78318920	0.13919637	2.00000000	10.00000000	0.02377612	0.00000000
C24	c	0.50368987	0.96498643	0.12352381	2.00000000	10.00000000	0.01923568	0.00000000
C25	c	0.59562276	0.96368667	0.12149625	2.00000000	10.00000000	0.02933647	0.00000000
C26	c	0.60002232	0.49263864	0.12089346	2.00000000	10.00000000	0.01808111	0.00000000
C27	c	0.88230269	0.59974640	0.23344208	2.00000000	10.00000000	0.02225507	0.00000000
C28	c	0.60071041	0.42823378	0.21100473	2.00000000	10.00000000	0.02041282	0.00000000
C29	c	0.65814123	0.58806552	0.21094150	2.00000000	10.00000000	0.01013042	0.00000000
C30	c	0.66490704	0.77453194	0.13358395	2.00000000	10.00000000	0.01746212	0.00000000

Q Vehicle fuel tank capacity /0.40000000/
C Vehicle load capacity /1.50000000/
r fuel consumption rate /0.25000000/
g inverse refueling rate /1.00000000/
v average Velocity /1.00000000/
