StringID	Type	x	y	demand	ReadyTime	DueDate	ServiceTime	altitude
D0	d	0.50000000	0.50000000	0.00000000	0.00000000	10.00000000	0.00000000	0.00000000
S0	f	0.29485881	0.74250720	0.00000000	0.00000000	10.00000000	0.00000000	0.00000000
S1	f	0.57175304	0.34943079	0.00000000	0.00000000	10.00000000	0.00000000	0.00000000
S2	f	0.53555520	0.86958011	0.00000000	0.00000000	10.00000000	0.00000000	0.00000000
S3	f	0.33061682	0.83369386	0.00000000	0.00000000	10.00000000	0.00000000	0.00000000
S4	f	0.02659712	0.42559762	0.00000000	0.00000000	10.00000000	0.00000000	0.00000000
S5	f	0.24338786	0.32392867	0.00000000	0.00000000	10.00000000	0.00000000	0.00000000
C1	c	0.38275730	0.54033437	0.20255032	0.00000000	8.00000000	0.02757817	0.00000000
C2	c	0.35314385	0.52394515	0.14259805	0.10000000	8.10000000	0.01464938	0.00000000
C3	c	0.37972069	0.43265142	0.14114418	0.20000000	8.20000000	0.02721628	0.00000000
C4	c	0.41667528	0.54406664	0.20141816	0.30000000	8.30000000	0.02562205	0.00000000
C5	c	0.12310969	0.30277246	0.13119953	0.40000000	8.40000000	0.02674452	0.00000000
C6	c	0.03761858	0.35489620	0.09493423	0.50000000	8.50000000	0.01409896	0.00000000
C7	c	0.12714806	0.32428728	0.20980405	0.60000000	8.60000000	0.01381158	0.00000000
C8	c	0.11606729	0.31037599	0.11535508	0.70000000	8.70000000	0.01989450	0.00000000
C9	c	0.17269311	0.34657137	0.04997172	0.80000000	8.80000000	0.01298257	0.00000000
C10	c	0.09119499	0.27875780	0.22749213	0.90000000	8.90000000	0.01822668	0.00000000
C11	c	0.10602814	0.35239839	0.10866870	1.00000000	9.00000000	0.02656149	0.00000000
C12	c	0.77112525	0.59043107	0.14736398	1.10000000	9.10000000	0.02881479	0.00000000
C13	c	0.70629441	0.59611344	0.07706666	1.20000000	9.20000000	0.01594061	0.00000000
C14	c	0.78413094	0.62932484	0.14718862	1.30000000	9.30000000	0.01835132	0.00000000
C15	c	0.78953331	0.61868996	0.24778196	1.40000000	9.40000000	0.01464356	0.00000000
C16	c	0.10425773	0.61627663	0.03068575	1.50000000	9.50000000	0.02814533	0.00000000
C17	c	0.26761342	0.68116343	0.20549036	1.60000000	9.60000000	0.01953294	0.00000000
C18	c	0.44694085	0.77537284	0.20304999	1.70000000	9.70000000	0.01484730	0.00000000
C19	c	0.73077946	0.70771611	0.04251633	1.80000000	9.80000000	0.02154798	0.00000000
C20	c	0.75547660	0.82874777	0.16642564	1.90000000	9.90000000	0.02616474	0.00000000
C21	c	0.87890837	0.23246899	0.08204864	2.00000000	10.00000000	0.01580528	0.00000000
C22	c	0.86081424	0.78110250	0.18212833	2.00000000	10.00000000	0.01095822	0.00000000
C23	c	0.83722586	0.20494797	0.04556421	2.00000000	10.00000000	0.02721674	0.00000000
C24	c	0.19057890	0.49472516	0.16653430	2.00000000	10.00000000	0.02958761	0.00000000
C25	c	0.14912857	0.41133412	0.12544614	2.00000000	10.00000000	0.01474479	0.00000000
C26	c	0.82807449	0.94073955	0.20492715	2.00000000	10.00000000	0.02635249	0.00000000
C27	c	0.29703060	0.41756579	0.19413549	2.00000000	10.00000000	0.02228083	0.00000000
C28	c	0.23217775	0.90726656	0.18855412	2.00000000	10.00000000	0.01840635	0.00000000
C29	c	0.47664691	0.24236490	0.20011223	2.00000000	10.00000000	0.02224391	0.00000000
C30	c	0.57739921	0.80823677	0.21784396	2.00000000	10.00000000	0.01112491	0.00000000

Q Vehicle fuel tank capacity /0.40000000/
C Vehicle load capacity /1.50000000/
r fuel consumption rate /0.25000000/
g inverse refueling rate /1.00000000/
v average Velocity /1.00000000/
