StringID	Type	x	y	demand	ReadyTime	DueDate	ServiceTime	altitude
D0	d	0.50000000	0.50000000	0.00000000	0.00000000	10.00000000	0.00000000	0.00000000
S0	f	0.88710435	0.45529552	0.00000000	0.00000000	10.00000000	0.00000000	0.00000000
S1	f	0.26825566	0.56108800	0.00000000	0.00000000	10.00000000	0.00000000	0.00000000
S2	f	0.92710030	0.27955574	0.00000000	0.00000000	10.00000000	0.00000000	0.00000000
S3	f	0.62297022	0.10585961	0.00000000	0.00000000	10.00000000	0.00000000	0.00000000
S4	f	0.34274952	0.06833957	0.00000000	0.00000000	10.00000000	0.00000000	0.00000000
S5	f	0.17103552	0.41208772	0.00000000	0.00000000	10.00000000	0.00000000	0.00000000
S6	f	0.15049298	0.86789164	0.00000000	0.00000000	10.00000000	0.00000000	0.00000000
S7	f	0.47496387	0.31421413	0.00000000	0.00000000	10.00000000	0.00000000	0.00000000
S8	f	0.26609501	0.61589813	0.00000000	0.00000000	10.00000000	0.00000000	0.00000000
S9	f	0.78136403	0.50139092	0.00000000	0.00000000	10.00000000	0.00000000	0.00000000
C1	c	0.67490000	0.46081499	0.10852558	0.00000000	8.00000000	0.01896476	0.00000000
C2	c	0.65113901	0.47537027	0.15757261	0.06000000	8.06000000	0.01120865	0.00000000
C3	c	0.62499617	0.56555750	0.11519320	0.12000000	8.12000000	0.02772522	0.00000000
C4	c	0.54559616	0.53555189	0.15960594	0.18000000	8.18000000	0.01701963	0.00000000
C5	c	0.58999251	0.54985218	0.02257230	0.24000000	8.24000000	0.02646792	0.00000000
C6	c	0.61774325	0.47865626	0.08317816	0.30000000	8.30000000	0.02607138	0.00000000
C7	c	0.53267747	0.45331031	0.01962224	0.36000000	8.36000000	0.02911450	0.00000000
C8	c	0.60720885	0.42454336	0.03978774	0.42000000	8.42000000	0.01047620	0.00000000
C9	c	0.82934500	0.52977422	0.12162496	0.48000000	8.48000000	0.01527823	0.00000000
C10	c	0.93858422	0.43547273	0.11471516	0.54000000	8.54000000	0.01049629	0.00000000
C11	c	0.92491698	0.42748251	0.13173349	0.60000000	8.60000000	0.02186325	0.00000000
C12	c	0.63242967	0.70781570	0.04298455	0.66000000	8.66000000	0.01429558	0.00000000
C13	c	0.64943448	0.69256440	0.16010531	0.72000000	8.72000000	0.01598472	0.00000000
C14	c	0.61877902	0.64769611	0.13674871	0.78000000	8.78000000	0.02947163	0.00000000
C15	c	0.60494832	0.63318850	0.01936299	0.84000000	8.84000000	0.02532657	0.00000000
C16	c	0.61539538	0.67655898	0.09442965	0.90000000	8.90000000	0.02472234	0.00000000
C17	c	0.35587333	0.51198073	0.10972200	0.96000000	8.96000000	0.02986533	0.00000000
C18	c	0.24450903	0.48971510	0.01838666	1.02000000	9.02000000	0.01949008	0.00000000
C19	c	0.34426337	0.54688462	0.14942715	1.08000000	9.08000000	0.01329866	0.00000000
C20	c	0.94986130	0.10828239	0.07471466	1.14000000	9.14000000	0.01741854	0.00000000
C21	c	0.85422903	0.05286490	0.12769530	1.20000000	9.20000000	0.01440560	0.00000000
C22	c	0.92120997	0.03616509	0.09558046	1.26000000	9.26000000	0.02796811	0.00000000
C23	c	0.91330947	0.05234910	0.01472488	1.32000000	9.32000000	0.02488536	0.00000000
C24	c	0.93805465	0.05744878	0.10255512	1.38000000	9.38000000	0.02238036	0.00000000
C25	c	0.86736727	0.00669693	0.06870942	1.44000000	9.44000000	0.02439558	0.00000000
C26	c	0.57315725	0.83609303	0.13287992	1.50000000	9.50000000	0.02787940	0.00000000
C27	c	0.34720257	0.31491017	0.14666325	1.56000000	9.56000000	0.02856212	0.00000000
C28	c	0.02048440	0.66433517	0.12283972	1.62000000	9.62000000	0.02680408	0.00000000
C29	c	0.12411053	0.05273221	0.04568383	1.68000000	9.68000000	0.01269595	0.00000000
C30	c	0.99521327	0.76421229	0.05039869	1.74000000	9.74000000	0.02814760	0.00000000
C31	c	0.00154083	0.44823824	0.07343212	1.80000000	9.80000000	0.01882601	0.00000000
C32	c	0.06043248	0.88626116	0.15350666	1.86000000	9.86000000	0.01444385	0.00000000
C33	c	0.35098137	0.82339604	0.09113273	1.92000000	9.92000000	0.02995739	0.00000000
C34	c	0.80356924	0.95572519	0.09151576	1.98000000	9.98000000	0.01938551	0.00000000
C35	c	0.02380977	0.26391128	0.15444322	2.00000000	10.00000000	0.02256354	0.00000000
C36	c	0.02481435	0.59316268	0.11732976	2.00000000	10.00000000	0.02829343	0.00000000
C37	c	0.21477877	0.29923583	0.03206481	2.00000000	10.00000000	0.02768226	0.00000000
C38	c	0.73611712	0.99326670	0.12117306	2.00000000	10.00000000	0.02230008	0.00000000
C39	c	0.47450414	0.16493315	0.02079278	2.00000000	10.00000000	0.02370987	0.00000000
C40	c	0.37092711	0.22027978	0.10079434	2.00000000	10.00000000	0.02412106	0.00000000
C41	c	0.89840542	0.74426796	0.14190979	2.00000000	10.00000000	0.01196382	0.00000000
C42	c	0.89396986	0.92810621	0.06546165	2.00000000	10.00000000	0.02608118	0.00000000
C43	c	0.84020379	0.13479772	0.06041206	2.00000000	10.00000000	0.02379511	0.00000000
C44	c	0.22219252	0.99786935	0.01437250	2.00000000	10.00000000	0.01799026	0.00000000
C45	c	0.46927572	0.62817690	0.11505189	2.00000000	10.00000000	0.02852061	0.00000000
C46	c	0.91467152	0.88411288	0.03057659	2.00000000	10.00000000	0.02159758	0.00000000
C47	c	0.70605314	0.09819082	0.01941511	2.00000000	10.00000000	0.01040210	0.00000000
C48	c	0.80405890	0.68975555	0.16679153	2.00000000	10.00000000	0.01578698	0.00000000
C49	c	0.39951285	0.92603052	0.13066975	2.00000000	10.00000000	0.02750020	0.00000000
C50	c	0.57987877	0.02010515	0.01141028	2.00000000	10.00000000	0.01604698	0.00000000

Q Vehicle fuel tank capacity /0.40000000/
C Vehicle load capacity /1.50000000/
r fuel consumption rate /0.25000000/
g inverse refueling rate /1.00000000/
v average Velocity /1.00000000/
