StringID	Type	x	y	demand	ReadyTime	DueDate	ServiceTime	altitude
D0	d	0.50000000	0.50000000	0.00000000	0.00000000	10.00000000	0.00000000	0.00000000
S0	f	0.90994209	0.79753245	0.00000000	0.00000000	10.00000000	0.00000000	0.00000000
S1	f	0.15182368	0.46771121	0.00000000	0.00000000	10.00000000	0.00000000	0.00000000
S2	f	0.39928389	0.05034196	0.00000000	0.00000000	10.00000000	0.00000000	0.00000000
S3	f	0.80689200	0.75252594	0.00000000	0.00000000	10.00000000	0.00000000	0.00000000
S4	f	0.48463042	0.32276786	0.00000000	0.00000000	10.00000000	0.00000000	0.00000000
S5	f	0.87662770	0.08181831	0.00000000	0.00000000	10.00000000	0.00000000	0.00000000
S6	f	0.19360172	0.28276837	0.00000000	0.00000000	10.00000000	0.00000000	0.00000000
S7	f	0.51476628	0.72970492	0.00000000	0.00000000	10.00000000	0.00000000	0.00000000
S8	f	0.48674324	0.82442522	0.00000000	0.00000000	10.00000000	0.00000000	0.00000000
S9	f	0.92503562	0.47879191	0.00000000	0.00000000	10.00000000	0.00000000	0.00000000
C1	c	0.57280735	0.60662411	0.03594141	0.00000000	8.00000000	0.02984860	0.00000000
C2	c	0.16080656	0.65759495	0.14504667	0.06000000	8.06000000	0.02480393	0.00000000
C3	c	0.74951416	0.80154505	0.12719598	0.12000000	8.12000000	0.01465422	0.00000000
C4	c	0.73472648	0.99474748	0.04587449	0.18000000	8.18000000	0.02217935	0.00000000
C5	c	0.08690980	0.26816325	0.13075997	0.24000000	8.24000000	0.01603534	0.00000000
C6	c	0.62978094	0.46377191	0.11298397	0.30000000	8.30000000	0.01582231	0.00000000
C7	c	0.22187176	0.82104599	0.06276510	0.36000000	8.36000000	0.01480696	0.00000000
C8	c	0.20436121	0.42713243	0.05963240	0.42000000	8.42000000	0.02201785	0.00000000
C9	c	0.10994651	0.13648674	0.11568400	0.48000000	8.48000000	0.02647580	0.00000000
C10	c	0.05905422	0.72726331	0.03616052	0.54000000	8.54000000	0.01070105	0.00000000
C11	c	0.47632622	0.55097186	0.04791871	0.60000000	8.60000000	0.02948869	0.00000000
C12	c	0.58382379	0.21052919	0.08951683	0.66000000	8.66000000	0.01707913	0.00000000
C13	c	0.89964444	0.74586730	0.17466448	0.72000000	8.72000000	0.01942952	0.00000000
C14	c	0.17834890	0.02062728	0.09104662	0.78000000	8.78000000	0.02138726	0.00000000
C15	c	0.25823250	0.21601205	0.08410373	0.84000000	8.84000000	0.02289731	0.00000000
C16	c	0.14486522	0.19950512	0.06641840	0.90000000	8.90000000	0.02089611	0.00000000
C17	c	0.64745019	0.03977876	0.12271284	0.96000000	8.96000000	0.02935401	0.00000000
C18	c	0.89224352	0.98769442	0.10874904	1.02000000	9.02000000	0.01948549	0.00000000
C19	c	0.30638185	0.44137324	0.16179053	1.08000000	9.08000000	0.02310292	0.00000000
C20	c	0.90994209	0.79753245	0.10202989	1.14000000	9.14000000	0.02901500	0.00000000
C21	c	0.97683391	0.08364409	0.07439359	1.20000000	9.20000000	0.01314014	0.00000000
C22	c	0.03371338	0.65851709	0.06758685	1.26000000	9.26000000	0.02475270	0.00000000
C23	c	0.60473350	0.84577516	0.13144152	1.32000000	9.32000000	0.02020386	0.00000000
C24	c	0.99555270	0.40499071	0.14813233	1.38000000	9.38000000	0.01749666	0.00000000
C25	c	0.81342481	0.60658696	0.03736579	1.44000000	9.44000000	0.01448883	0.00000000
C26	c	0.31922262	0.74126242	0.04411954	1.50000000	9.50000000	0.02929348	0.00000000
C27	c	0.74817318	0.92865638	0.11819689	1.56000000	9.56000000	0.02360105	0.00000000
C28	c	0.90747878	0.35860296	0.13199230	1.62000000	9.62000000	0.01117506	0.00000000
C29	c	0.70723467	0.60202683	0.06605474	1.68000000	9.68000000	0.01802444	0.00000000
C30	c	0.99353240	0.55743046	0.07412672	1.74000000	9.74000000	0.02264224	0.00000000
C31	c	0.84694360	0.22565253	0.15194847	1.80000000	9.80000000	0.01166821	0.00000000
C32	c	0.51428228	0.97401164	0.03438566	1.86000000	9.86000000	0.01185335	0.00000000
C33	c	0.12708096	0.36740986	0.15430907	1.92000000	9.92000000	0.01836575	0.00000000
C34	c	0.98465053	0.32274236	0.03210252	1.98000000	9.98000000	0.01689677	0.00000000
C35	c	0.99373149	0.86384838	0.04168791	2.00000000	10.00000000	0.02411093	0.00000000
C36	c	0.36215910	0.11306107	0.12545483	2.00000000	10.00000000	0.02410712	0.00000000
C37	c	0.15182368	0.46771121	0.12832737	2.00000000	10.00000000	0.01622801	0.00000000
C38	c	0.78562183	0.30042896	0.17905398	2.00000000	10.00000000	0.02848825	0.00000000
C39	c	0.28301868	0.27610752	0.08054519	2.00000000	10.00000000	0.01632958	0.00000000
C40	c	0.56369784	0.71235165	0.11777912	2.00000000	10.00000000	0.01643768	0.00000000
C41	c	0.83038770	0.56455360	0.02057242	2.00000000	10.00000000	0.01822643	0.00000000
C42	c	0.09956362	0.70050556	0.05576256	2.00000000	10.00000000	0.01986991	0.00000000
C43	c	0.95112006	0.51260534	0.04490821	2.00000000	10.00000000	0.02165198	0.00000000
C44	c	0.26178194	0.03874759	0.08367775	2.00000000	10.00000000	0.01386772	0.00000000
C45	c	0.36867739	0.50918394	0.12065084	2.00000000	10.00000000	0.01149347	0.00000000
C46	c	0.51913298	0.78408859	0.10661157	2.00000000	10.00000000	0.01953911	0.00000000
C47	c	0.37725946	0.99575121	0.02259634	2.00000000	10.00000000	0.02717886	0.00000000
C48	c	0.08128619	0.35786397	0.03901116	2.00000000	10.00000000	0.01513632	0.00000000
C49	c	0.53761926	0.04402337	0.02367704	2.00000000	10.00000000	0.01285643	0.00000000
C50	c	0.40706858	0.17108153	0.12253214	2.00000000	10.00000000	0.02322667	0.00000000

Q Vehicle fuel tank capacity /0.40000000/
C Vehicle load capacity /1.50000000/
r fuel consumption rate /0.25000000/
g inverse refueling rate /1.00000000/
v average Velocity /1.00000000/
