StringID	Type	x	y	demand	ReadyTime	DueDate	ServiceTime	altitude
D0	d	0.50000000	0.50000000	0.00000000	0.00000000	10.00000000	0.00000000	0.00000000
S0	f	0.79012321	0.17170942	0.00000000	0.00000000	10.00000000	0.00000000	0.00000000
S1	f	0.45553199	0.02531799	0.00000000	0.00000000	10.00000000	0.00000000	0.00000000
S2	f	0.00534386	0.13248539	0.00000000	0.00000000	10.00000000	0.00000000	0.00000000
S3	f	0.74725144	0.22141648	0.00000000	0.00000000	10.00000000	0.00000000	0.00000000
S4	f	0.44378771	0.24654158	0.00000000	0.00000000	10.00000000	0.00000000	0.00000000
S5	f	0.59776620	0.44244171	0.00000000	0.00000000	10.00000000	0.00000000	0.00000000
S6	f	0.89837786	0.40215653	0.00000000	0.00000000	10.00000000	0.00000000	0.00000000
S7	f	0.76737694	0.63584945	0.00000000	0.00000000	10.00000000	0.00000000	0.00000000
S8	f	0.47433733	0.71883316	0.00000000	0.00000000	10.00000000	0.00000000	0.00000000
S9	f	0.49912067	0.54401315	0.00000000	0.00000000	10.00000000	0.00000000	0.00000000
C1	c	0.40551973	0.91508233	0.01705552	0.00000000	8.00000000	0.02182196	0.00000000
C2	c	0.46025913	0.90530673	0.02928262	0.06000000	8.06000000	0.01744547	0.00000000
C3	c	0.35088969	0.94417107	0.14309240	0.12000000	8.12000000	0.01865640	0.00000000
C4	c	0.38172305	1.00000000	0.16698019	0.18000000	8.18000000	0.02044243	0.00000000
C5	c	0.48016005	0.98981505	0.02039585	0.24000000	8.24000000	0.01218778	0.00000000
C6	c	0.52143328	0.87016633	0.17724481	0.30000000	8.30000000	0.02359431	0.00000000
C7	c	0.45472542	0.91823933	0.08889955	0.36000000	8.36000000	0.01258425	0.00000000
C8	c	0.05257027	0.90840826	0.11719731	0.42000000	8.42000000	0.02962990	0.00000000
C9	c	0.00000000	0.85787184	0.01688888	0.48000000	8.48000000	0.01788227	0.00000000
C10	c	0.08512908	0.91728538	0.12350577	0.54000000	8.54000000	0.01338829	0.00000000
C11	c	0.58371834	0.32114829	0.02537081	0.60000000	8.60000000	0.01102899	0.00000000
C12	c	0.52869233	0.25585372	0.15579282	0.66000000	8.66000000	0.02629586	0.00000000
C13	c	0.59691949	0.33086158	0.14485788	0.72000000	8.72000000	0.02868744	0.00000000
C14	c	0.51180476	0.26088655	0.17371381	0.78000000	8.78000000	0.01194469	0.00000000
C15	c	0.49347755	0.22994218	0.03860456	0.84000000	8.84000000	0.02923154	0.00000000
C16	c	0.13111920	0.76311834	0.05171535	0.90000000	8.90000000	0.02463792	0.00000000
C17	c	0.08738641	0.70287987	0.02818965	0.96000000	8.96000000	0.01279744	0.00000000
C18	c	0.39100841	0.76156158	0.04310488	1.02000000	9.02000000	0.02015821	0.00000000
C19	c	0.33710636	0.78431269	0.12189228	1.08000000	9.08000000	0.02633583	0.00000000
C20	c	0.34712115	0.77815597	0.06477160	1.14000000	9.14000000	0.01526374	0.00000000
C21	c	0.38433019	0.79134023	0.08561331	1.20000000	9.20000000	0.01902637	0.00000000
C22	c	0.23611952	0.79874634	0.13352219	1.26000000	9.26000000	0.02487621	0.00000000
C23	c	0.29974744	0.72252190	0.14314046	1.32000000	9.32000000	0.01566033	0.00000000
C24	c	0.35528395	0.87927596	0.02395483	1.38000000	9.38000000	0.02496791	0.00000000
C25	c	0.28116814	0.82600611	0.11242351	1.44000000	9.44000000	0.01741550	0.00000000
C26	c	0.01725661	0.72891199	0.05603140	1.50000000	9.50000000	0.02339724	0.00000000
C27	c	0.31711680	0.50795406	0.08928444	1.56000000	9.56000000	0.01909876	0.00000000
C28	c	0.75253218	0.28577590	0.02455915	1.62000000	9.62000000	0.01603443	0.00000000
C29	c	0.91344652	0.07221804	0.08916375	1.68000000	9.68000000	0.01103542	0.00000000
C30	c	0.58957705	0.27079261	0.02067277	1.74000000	9.74000000	0.01747717	0.00000000
C31	c	0.57323091	0.14442592	0.13915204	1.80000000	9.80000000	0.02677120	0.00000000
C32	c	0.88191410	0.55298038	0.01474642	1.86000000	9.86000000	0.01946749	0.00000000
C33	c	0.94229929	0.53257835	0.13307925	1.92000000	9.92000000	0.02803196	0.00000000
C34	c	0.94987370	0.20452715	0.06460666	1.98000000	9.98000000	0.02720431	0.00000000
C35	c	0.43470076	0.59109813	0.09633875	2.00000000	10.00000000	0.01882803	0.00000000
C36	c	0.37227345	0.43281981	0.13700678	2.00000000	10.00000000	0.02366750	0.00000000
C37	c	0.52212156	0.10938906	0.05939535	2.00000000	10.00000000	0.01978335	0.00000000
C38	c	0.67971570	0.12921231	0.16376334	2.00000000	10.00000000	0.02523084	0.00000000
C39	c	0.98149511	0.39411371	0.02388531	2.00000000	10.00000000	0.01167233	0.00000000
C40	c	0.16941457	0.05144939	0.10991088	2.00000000	10.00000000	0.01574521	0.00000000
C41	c	0.81479311	0.93437182	0.05690395	2.00000000	10.00000000	0.01708304	0.00000000
C42	c	0.09723462	0.96157685	0.10719287	2.00000000	10.00000000	0.01601677	0.00000000
C43	c	0.73189598	0.13987214	0.03589191	2.00000000	10.00000000	0.01367093	0.00000000
C44	c	0.50791074	0.81679128	0.15852018	2.00000000	10.00000000	0.01144926	0.00000000
C45	c	0.26318712	0.45131863	0.10382565	2.00000000	10.00000000	0.02277939	0.00000000
C46	c	0.74839554	0.37077481	0.16856093	2.00000000	10.00000000	0.01673946	0.00000000
C47	c	0.66986183	0.45493795	0.10043323	2.00000000	10.00000000	0.02608415	0.00000000
C48	c	0.30172133	0.05177084	0.16982039	2.00000000	10.00000000	0.01173791	0.00000000
C49	c	0.37385850	0.83856003	0.04588544	2.00000000	10.00000000	0.01049861	0.00000000
C50	c	0.86021546	0.44140141	0.08415832	2.00000000	10.00000000	0.02840469	0.00000000

Q Vehicle fuel tank capacity /0.40000000/
C Vehicle load capacity /1.50000000/
r fuel consumption rate /0.25000000/
g inverse refueling rate /1.00000000/
v average Velocity /1.00000000/
