StringID	Type	x	y	demand	ReadyTime	DueDate	ServiceTime	altitude
D0	d	0.50000000	0.50000000	0.00000000	0.00000000	10.00000000	0.00000000	0.00000000
S0	f	0.25634007	0.36518991	0.00000000	0.00000000	10.00000000	0.00000000	0.00000000
S1	f	0.11236230	0.21954327	0.00000000	0.00000000	10.00000000	0.00000000	0.00000000
S2	f	0.91104947	0.12889134	0.00000000	0.00000000	10.00000000	0.00000000	0.00000000
S3	f	0.66995799	0.78877573	0.00000000	0.00000000	10.00000000	0.00000000	0.00000000
S4	f	0.76284997	0.93336589	0.00000000	0.00000000	10.00000000	0.00000000	0.00000000
S5	f	0.92761562	0.20210452	0.00000000	0.00000000	10.00000000	0.00000000	0.00000000
S6	f	0.17289809	0.22759720	0.00000000	0.00000000	10.00000000	0.00000000	0.00000000
S7	f	0.12075200	0.15949736	0.00000000	0.00000000	10.00000000	0.00000000	0.00000000
S8	f	0.06397531	0.82784907	0.00000000	0.00000000	10.00000000	0.00000000	0.00000000
S9	f	0.32031410	0.73559166	0.00000000	0.00000000	10.00000000	0.00000000	0.00000000
C1	c	0.36203839	0.73060922	0.13071922	0.00000000	8.00000000	0.01688666	0.00000000
C2	c	0.25767259	0.56857640	0.13683126	0.06000000	8.06000000	0.02662948	0.00000000
C3	c	0.04683624	0.47195892	0.11299229	0.12000000	8.12000000	0.01159189	0.00000000
C4	c	0.11526812	0.76480513	0.09790282	0.18000000	8.18000000	0.02302160	0.00000000
C5	c	0.59671276	0.63760156	0.09350298	0.24000000	8.24000000	0.02058518	0.00000000
C6	c	0.75607573	0.80463235	0.12358839	0.30000000	8.30000000	0.01568505	0.00000000
C7	c	0.46218472	0.21524977	0.09181313	0.36000000	8.36000000	0.01024431	0.00000000
C8	c	0.47929441	0.98648850	0.12679351	0.42000000	8.42000000	0.01150158	0.00000000
C9	c	0.84007971	0.29165254	0.13261160	0.48000000	8.48000000	0.01828130	0.00000000
C10	c	0.67903595	0.39553722	0.07595810	0.54000000	8.54000000	0.01399199	0.00000000
C11	c	0.96530021	0.69859141	0.01624898	0.60000000	8.60000000	0.02150643	0.00000000
C12	c	0.66511031	0.06916924	0.10230072	0.66000000	8.66000000	0.02800967	0.00000000
C13	c	0.90407269	0.77376132	0.01333839	0.72000000	8.72000000	0.02269375	0.00000000
C14	c	0.93430887	0.98749700	0.11713193	0.78000000	8.78000000	0.01749707	0.00000000
C15	c	0.78381656	0.07432640	0.09949161	0.84000000	8.84000000	0.01344534	0.00000000
C16	c	0.00519074	0.39872077	0.08586989	0.90000000	8.90000000	0.01674274	0.00000000
C17	c	0.49880240	0.61864004	0.03565605	0.96000000	8.96000000	0.02407507	0.00000000
C18	c	0.70633340	0.70772446	0.02075869	1.02000000	9.02000000	0.02330425	0.00000000
C19	c	0.14252603	0.98569583	0.06603954	1.08000000	9.08000000	0.01007387	0.00000000
C20	c	0.25634007	0.36518991	0.02280508	1.14000000	9.14000000	0.02414614	0.00000000
C21	c	0.53796166	0.71816655	0.13393059	1.20000000	9.20000000	0.01327359	0.00000000
C22	c	0.11903216	0.68491234	0.14869980	1.26000000	9.26000000	0.01031436	0.00000000
C23	c	0.88011248	0.98327696	0.04234631	1.32000000	9.32000000	0.02282182	0.00000000
C24	c	0.70520462	0.50001569	0.15615735	1.38000000	9.38000000	0.02592037	0.00000000
C25	c	0.11795258	0.34348517	0.01576422	1.44000000	9.44000000	0.01745662	0.00000000
C26	c	0.00197613	0.30886773	0.12734040	1.50000000	9.50000000	0.01464351	0.00000000
C27	c	0.19063537	0.18693635	0.12216800	1.56000000	9.56000000	0.02090082	0.00000000
C28	c	0.26059385	0.47275807	0.15609261	1.62000000	9.62000000	0.02099612	0.00000000
C29	c	0.23476545	0.98214122	0.03653227	1.68000000	9.68000000	0.01306828	0.00000000
C30	c	0.40545314	0.71646712	0.02165465	1.74000000	9.74000000	0.01167682	0.00000000
C31	c	0.97854228	0.15322515	0.11942189	1.80000000	9.80000000	0.01972277	0.00000000
C32	c	0.04931134	0.30220167	0.14871860	1.86000000	9.86000000	0.01419184	0.00000000
C33	c	0.62048965	0.55137407	0.10031098	1.92000000	9.92000000	0.01350078	0.00000000
C34	c	0.48690014	0.32533434	0.15260465	1.98000000	9.98000000	0.02049677	0.00000000
C35	c	0.67902900	0.87071662	0.05408124	2.00000000	10.00000000	0.02280087	0.00000000
C36	c	0.36449442	0.50510270	0.04818380	2.00000000	10.00000000	0.02906566	0.00000000
C37	c	0.61423628	0.86666571	0.11164015	2.00000000	10.00000000	0.01283065	0.00000000
C38	c	0.11236230	0.21954327	0.13821252	2.00000000	10.00000000	0.02916562	0.00000000
C39	c	0.63355480	0.96201990	0.08399853	2.00000000	10.00000000	0.02534673	0.00000000
C40	c	0.50470068	0.80362758	0.01587562	2.00000000	10.00000000	0.02904480	0.00000000
C41	c	0.31944172	0.68497463	0.03275821	2.00000000	10.00000000	0.02050132	0.00000000
C42	c	0.82263474	0.14608926	0.08900232	2.00000000	10.00000000	0.02003765	0.00000000
C43	c	0.76547248	0.01957804	0.11505059	2.00000000	10.00000000	0.02418308	0.00000000
C44	c	0.94641278	0.86882659	0.04462965	2.00000000	10.00000000	0.02316866	0.00000000
C45	c	0.84473309	0.33441179	0.12984744	2.00000000	10.00000000	0.01640677	0.00000000
C46	c	0.40197938	0.85505869	0.08193301	2.00000000	10.00000000	0.02295675	0.00000000
C47	c	0.43309137	0.37997511	0.08665505	2.00000000	10.00000000	0.02824663	0.00000000
C48	c	0.16551018	0.03070448	0.09938538	2.00000000	10.00000000	0.01185994	0.00000000
C49	c	0.13578978	0.91533862	0.05776216	2.00000000	10.00000000	0.02022712	0.00000000
C50	c	0.58128252	0.39109961	0.12688786	2.00000000	10.00000000	0.01300976	0.00000000

Q Vehicle fuel tank capacity /0.40000000/
C Vehicle load capacity /1.50000000/
r fuel consumption rate /0.25000000/
g inverse refueling rate /1.00000000/
v average Velocity /1.00000000/
