StringID	Type	x	y	demand	ReadyTime	DueDate	ServiceTime	altitude
D0	d	0.50000000	0.50000000	0.00000000	0.00000000	10.00000000	0.00000000	0.00000000
S0	f	0.36590228	0.07234210	0.00000000	0.00000000	10.00000000	0.00000000	0.00000000
S1	f	0.25841566	0.95791023	0.00000000	0.00000000	10.00000000	0.00000000	0.00000000
S2	f	0.61693677	0.98721813	0.00000000	0.00000000	10.00000000	0.00000000	0.00000000
S3	f	0.65088850	0.88951295	0.00000000	0.00000000	10.00000000	0.00000000	0.00000000
S4	f	0.87099669	0.94094076	0.00000000	0.00000000	10.00000000	0.00000000	0.00000000
S5	f	0.31558594	0.66441396	0.00000000	0.00000000	10.00000000	0.00000000	0.00000000
S6	f	0.84043647	0.44040121	0.00000000	0.00000000	10.00000000	0.00000000	0.00000000
S7	f	0.28954616	0.12532451	0.00000000	0.00000000	10.00000000	0.00000000	0.00000000
S8	f	0.33643740	0.57578808	0.00000000	0.00000000	10.00000000	0.00000000	0.00000000
S9	f	0.12710620	0.12194516	0.00000000	0.00000000	10.00000000	0.00000000	0.00000000
C1	c	0.35279535	0.25871057	0.06645396	0.00000000	8.00000000	0.02084251	0.00000000
C2	c	0.11215228	0.33202422	0.06139374	0.06000000	8.06000000	0.02033021	0.00000000
C3	c	0.75038992	0.54782723	0.17598441	0.12000000	8.12000000	0.02413541	0.00000000
C4	c	0.28348065	0.95598545	0.09878718	0.18000000	8.18000000	0.01338829	0.00000000
C5	c	0.53379446	0.89630844	0.11399388	0.24000000	8.24000000	0.02709691	0.00000000
C6	c	0.01740428	0.67227645	0.15174935	0.30000000	8.30000000	0.01057137	0.00000000
C7	c	0.49957020	0.75099704	0.08467794	0.36000000	8.36000000	0.02392457	0.00000000
C8	c	0.43024262	0.17590124	0.17553406	0.42000000	8.42000000	0.02678843	0.00000000
C9	c	0.53482476	0.19929560	0.02544743	0.48000000	8.48000000	0.02057491	0.00000000
C10	c	0.78639890	0.14498777	0.17698137	0.54000000	8.54000000	0.02993581	0.00000000
C11	c	0.69418576	0.59325522	0.03116202	0.60000000	8.60000000	0.02279802	0.00000000
C12	c	0.74918268	0.00762766	0.05710172	0.66000000	8.66000000	0.01921409	0.00000000
C13	c	0.21867192	0.75726388	0.05520047	0.72000000	8.72000000	0.02075313	0.00000000
C14	c	0.09356982	0.91698389	0.02538428	0.78000000	8.78000000	0.02998511	0.00000000
C15	c	0.54978544	0.46345190	0.04145956	0.84000000	8.84000000	0.01891760	0.00000000
C16	c	0.08176944	0.09544295	0.18897053	0.90000000	8.90000000	0.02344804	0.00000000
C17	c	0.16558346	0.71611750	0.04559091	0.96000000	8.96000000	0.01126641	0.00000000
C18	c	0.17362456	0.50410704	0.10371054	1.02000000	9.02000000	0.02323846	0.00000000
C19	c	0.56677966	0.81313369	0.08053746	1.08000000	9.08000000	0.02357912	0.00000000
C20	c	0.36590228	0.07234210	0.06034934	1.14000000	9.14000000	0.01581372	0.00000000
C21	c	0.64179519	0.59822141	0.13352092	1.20000000	9.20000000	0.02374828	0.00000000
C22	c	0.75543004	0.82603588	0.08043696	1.26000000	9.26000000	0.01276846	0.00000000
C23	c	0.29494191	0.04424143	0.03317914	1.32000000	9.32000000	0.01959049	0.00000000
C24	c	0.59069259	0.04400666	0.05402618	1.38000000	9.38000000	0.02262163	0.00000000
C25	c	0.55270495	0.71246034	0.12832496	1.44000000	9.44000000	0.02620491	0.00000000
C26	c	0.34749984	0.96884953	0.16399665	1.50000000	9.50000000	0.01859195	0.00000000
C27	c	0.94195425	0.89057262	0.14585108	1.56000000	9.56000000	0.02914089	0.00000000
C28	c	0.46381238	0.92961757	0.12972777	1.62000000	9.62000000	0.02845515	0.00000000
C29	c	0.72110860	0.75993680	0.09669205	1.68000000	9.68000000	0.01398559	0.00000000
C30	c	0.70079321	0.03744690	0.02566895	1.74000000	9.74000000	0.02566866	0.00000000
C31	c	0.24423489	0.25833552	0.14271118	1.80000000	9.80000000	0.01146015	0.00000000
C32	c	0.17406884	0.45701843	0.02788858	1.86000000	9.86000000	0.02565118	0.00000000
C33	c	0.07002584	0.26871477	0.17793647	1.92000000	9.92000000	0.02037230	0.00000000
C34	c	0.03419877	0.19291265	0.02062676	1.98000000	9.98000000	0.01958274	0.00000000
C35	c	0.10761412	0.82898810	0.05340138	2.00000000	10.00000000	0.02745161	0.00000000
C36	c	0.19761212	0.30054445	0.03785963	2.00000000	10.00000000	0.02977660	0.00000000
C37	c	0.16983503	0.95913931	0.18093392	2.00000000	10.00000000	0.01070186	0.00000000
C38	c	0.57672521	0.32298197	0.09990756	2.00000000	10.00000000	0.01220590	0.00000000
C39	c	0.87105033	0.86485057	0.18785483	2.00000000	10.00000000	0.02032458	0.00000000
C40	c	0.11806986	0.26444682	0.01877833	2.00000000	10.00000000	0.01458424	0.00000000
C41	c	0.07192776	0.66180167	0.06320189	2.00000000	10.00000000	0.01874489	0.00000000
C42	c	0.89081041	0.26139441	0.04620207	2.00000000	10.00000000	0.01793823	0.00000000
C43	c	0.82951472	0.74381275	0.11320270	2.00000000	10.00000000	0.01257341	0.00000000
C44	c	0.84006763	0.13641421	0.13100760	2.00000000	10.00000000	0.01611111	0.00000000
C45	c	0.88059355	0.42598141	0.02066540	2.00000000	10.00000000	0.01159797	0.00000000
C46	c	0.60278835	0.72423875	0.11338469	2.00000000	10.00000000	0.01692929	0.00000000
C47	c	0.63584376	0.02214119	0.06496539	2.00000000	10.00000000	0.02070987	0.00000000
C48	c	0.12281534	0.54797269	0.08366439	2.00000000	10.00000000	0.01532285	0.00000000
C49	c	0.61693677	0.98721813	0.03603263	2.00000000	10.00000000	0.02169348	0.00000000
C50	c	0.42099851	0.03228653	0.06787982	2.00000000	10.00000000	0.02448484	0.00000000

Q Vehicle fuel tank capacity /0.40000000/
C Vehicle load capacity /1.50000000/
r fuel consumption rate /0.25000000/
g inverse refueling rate /1.00000000/
v average Velocity /1.00000000/
