StringID	Type	x	y	demand	ReadyTime	DueDate	ServiceTime	altitude
D0	d	0.50000000	0.50000000	0.00000000	0.00000000	10.00000000	0.00000000	0.00000000
S0	f	0.97729598	0.74918399	0.00000000	0.00000000	10.00000000	0.00000000	0.00000000
S1	f	0.60003233	0.72220937	0.00000000	0.00000000	10.00000000	0.00000000	0.00000000
S2	f	0.13395591	0.05279980	0.00000000	0.00000000	10.00000000	0.00000000	0.00000000
S3	f	0.46786017	0.16367769	0.00000000	0.00000000	10.00000000	0.00000000	0.00000000
S4	f	0.49102573	0.89151885	0.00000000	0.00000000	10.00000000	0.00000000	0.00000000
S5	f	0.21128518	0.34405171	0.00000000	0.00000000	10.00000000	0.00000000	0.00000000
S6	f	0.99741632	0.03776784	0.00000000	0.00000000	10.00000000	0.00000000	0.00000000
S7	f	0.36278286	0.78453168	0.00000000	0.00000000	10.00000000	0.00000000	0.00000000
S8	f	0.26477450	0.42629540	0.00000000	0.00000000	10.00000000	0.00000000	0.00000000
S9	f	0.87827721	0.92228342	0.00000000	0.00000000	10.00000000	0.00000000	0.00000000
C1	c	0.69158120	0.45623062	0.12596778	0.00000000	8.00000000	0.02520333	0.00000000
C2	c	0.45686751	0.59896192	0.10880719	0.06000000	8.06000000	0.02141759	0.00000000
C3	c	0.18945836	0.98464967	0.01127139	0.12000000	8.12000000	0.01328355	0.00000000
C4	c	0.99080359	0.65929741	0.08667560	0.18000000	8.18000000	0.01639740	0.00000000
C5	c	0.00843648	0.44259897	0.07686880	0.24000000	8.24000000	0.01664790	0.00000000
C6	c	0.64379556	0.23619287	0.07662425	0.30000000	8.30000000	0.02106896	0.00000000
C7	c	0.71222433	0.64684792	0.11215871	0.36000000	8.36000000	0.01343901	0.00000000
C8	c	0.68212311	0.14684978	0.04338117	0.42000000	8.42000000	0.01239434	0.00000000
C9	c	0.26988623	0.08093331	0.12370229	0.48000000	8.48000000	0.01037372	0.00000000
C10	c	0.77772958	0.78152545	0.05575241	0.54000000	8.54000000	0.01015961	0.00000000
C11	c	0.57585664	0.19622663	0.04725788	0.60000000	8.60000000	0.01874762	0.00000000
C12	c	0.49196884	0.73592213	0.13086051	0.66000000	8.66000000	0.02988217	0.00000000
C13	c	0.32788511	0.72294401	0.10605490	0.72000000	8.72000000	0.01383071	0.00000000
C14	c	0.27601205	0.52040325	0.04962313	0.78000000	8.78000000	0.01075585	0.00000000
C15	c	0.83759670	0.55069064	0.07697048	0.84000000	8.84000000	0.01800098	0.00000000
C16	c	0.41955345	0.09144009	0.14159106	0.90000000	8.90000000	0.02248195	0.00000000
C17	c	0.95041108	0.17383389	0.12462160	0.96000000	8.96000000	0.02505365	0.00000000
C18	c	0.47081383	0.11891553	0.08517734	1.02000000	9.02000000	0.01724348	0.00000000
C19	c	0.97729598	0.74918399	0.07968861	1.08000000	9.08000000	0.02616955	0.00000000
C20	c	0.24823952	0.72989118	0.07673932	1.14000000	9.14000000	0.01888827	0.00000000
C21	c	0.60806632	0.65670761	0.03573261	1.20000000	9.20000000	0.01048844	0.00000000
C22	c	0.07425359	0.71321136	0.07721653	1.26000000	9.26000000	0.02147758	0.00000000
C23	c	0.07910663	0.57805584	0.06438822	1.32000000	9.32000000	0.01163189	0.00000000
C24	c	0.20364497	0.15039953	0.09486829	1.38000000	9.38000000	0.02040855	0.00000000
C25	c	0.42839712	0.28578969	0.11471441	1.44000000	9.44000000	0.01969532	0.00000000
C26	c	0.77709411	0.27757475	0.06977402	1.50000000	9.50000000	0.01927284	0.00000000
C27	c	0.76124501	0.04615151	0.01587842	1.56000000	9.56000000	0.02871193	0.00000000
C28	c	0.36400455	0.48441755	0.13810528	1.62000000	9.62000000	0.01551959	0.00000000
C29	c	0.27026440	0.59145381	0.10388067	1.68000000	9.68000000	0.02342328	0.00000000
C30	c	0.31671285	0.09827729	0.10810190	1.74000000	9.74000000	0.01771692	0.00000000
C31	c	0.37391272	0.99064186	0.12180048	1.80000000	9.80000000	0.02856512	0.00000000
C32	c	0.36497544	0.02376711	0.09513405	1.86000000	9.86000000	0.01002901	0.00000000
C33	c	0.12760665	0.57646581	0.13522871	1.92000000	9.92000000	0.02550554	0.00000000
C34	c	0.91020515	0.07867272	0.07188758	1.98000000	9.98000000	0.01781462	0.00000000
C35	c	0.08211288	0.07700108	0.14343950	2.00000000	10.00000000	0.02459695	0.00000000
C36	c	0.21534491	0.06437952	0.06099961	2.00000000	10.00000000	0.01170200	0.00000000
C37	c	0.48455009	0.32156180	0.07365994	2.00000000	10.00000000	0.01833792	0.00000000
C38	c	0.60003233	0.72220937	0.01091066	2.00000000	10.00000000	0.02344026	0.00000000
C39	c	0.80969850	0.41731435	0.13508223	2.00000000	10.00000000	0.01708112	0.00000000
C40	c	0.87378208	0.28968897	0.11573165	2.00000000	10.00000000	0.02664215	0.00000000
C41	c	0.55381618	0.97851109	0.14040380	2.00000000	10.00000000	0.02575601	0.00000000
C42	c	0.15543977	0.20715107	0.14132423	2.00000000	10.00000000	0.02217961	0.00000000
C43	c	0.11272555	0.90640891	0.03152789	2.00000000	10.00000000	0.02724124	0.00000000
C44	c	0.23570123	0.90613673	0.09698307	2.00000000	10.00000000	0.01444259	0.00000000
C45	c	0.44344682	0.47022677	0.07539712	2.00000000	10.00000000	0.01445750	0.00000000
C46	c	0.53816615	0.24861924	0.06320088	2.00000000	10.00000000	0.02314667	0.00000000
C47	c	0.06987524	0.33001886	0.05140895	2.00000000	10.00000000	0.01693405	0.00000000
C48	c	0.65764984	0.00100057	0.13459387	2.00000000	10.00000000	0.01847296	0.00000000
C49	c	0.93037968	0.47596141	0.10701692	2.00000000	10.00000000	0.02883814	0.00000000
C50	c	0.53560768	0.68079790	0.13181408	2.00000000	10.00000000	0.02452443	0.00000000

Q Vehicle fuel tank capacity /0.40000000/
C Vehicle load capacity /1.50000000/
r fuel consumption rate /0.25000000/
g inverse refueling rate /1.00000000/
v average Velocity /1.00000000/
