StringID	Type	x	y	demand	ReadyTime	DueDate	ServiceTime	altitude
D0	d	0.50000000	0.50000000	0.00000000	0.00000000	10.00000000	0.00000000	0.00000000
S0	f	0.59194490	0.09776245	0.00000000	0.00000000	10.00000000	0.00000000	0.00000000
S1	f	0.22092726	0.57484644	0.00000000	0.00000000	10.00000000	0.00000000	0.00000000
S2	f	0.64698499	0.02108079	0.00000000	0.00000000	10.00000000	0.00000000	0.00000000
S3	f	0.09662773	0.12212005	0.00000000	0.00000000	10.00000000	0.00000000	0.00000000
S4	f	0.97147565	0.98763882	0.00000000	0.00000000	10.00000000	0.00000000	0.00000000
S5	f	0.37728884	0.15857035	0.00000000	0.00000000	10.00000000	0.00000000	0.00000000
C1	c	0.02745465	0.14262142	0.20716235	0.00000000	8.00000000	0.02520299	0.00000000
C2	c	0.85622156	0.02447628	0.02020241	0.10000000	8.10000000	0.01587895	0.00000000
C3	c	0.68640824	0.09178262	0.23221359	0.20000000	8.20000000	0.01504077	0.00000000
C4	c	0.62418390	0.20673808	0.05974944	0.30000000	8.30000000	0.01946474	0.00000000
C5	c	0.58532827	0.29829993	0.10458720	0.40000000	8.40000000	0.02978060	0.00000000
C6	c	0.34304976	0.47319821	0.03110866	0.50000000	8.50000000	0.02483940	0.00000000
C7	c	0.52017095	0.40623745	0.19161079	0.60000000	8.60000000	0.02916952	0.00000000
C8	c	0.66678886	0.74710723	0.12420439	0.70000000	8.70000000	0.02909627	0.00000000
C9	c	0.47508688	0.32016287	0.22466366	0.80000000	8.80000000	0.01960724	0.00000000
C10	c	0.62952642	0.05807909	0.04315644	0.90000000	8.90000000	0.02720787	0.00000000
C11	c	0.79394281	0.55582494	0.13541166	1.00000000	9.00000000	0.01127802	0.00000000
C12	c	0.84393249	0.98454350	0.19065463	1.10000000	9.10000000	0.01473429	0.00000000
C13	c	0.85089583	0.31048569	0.19880888	1.20000000	9.20000000	0.02418975	0.00000000
C14	c	0.41213118	0.71858790	0.01990806	1.30000000	9.30000000	0.01953490	0.00000000
C15	c	0.73311696	0.91497342	0.22577643	1.40000000	9.40000000	0.02049648	0.00000000
C16	c	0.63600638	0.84359686	0.21028150	1.50000000	9.50000000	0.02609630	0.00000000
C17	c	0.48295757	0.04235603	0.19583395	1.60000000	9.60000000	0.01115505	0.00000000
C18	c	0.09575547	0.87364758	0.21883990	1.70000000	9.70000000	0.01298230	0.00000000
C19	c	0.59194490	0.09776245	0.07770006	1.80000000	9.80000000	0.02408549	0.00000000
C20	c	0.08172801	0.19659287	0.22760249	1.90000000	9.90000000	0.01474252	0.00000000
C21	c	0.23037309	0.67459519	0.13020676	2.00000000	10.00000000	0.02547984	0.00000000
C22	c	0.91651347	0.22731846	0.04747353	2.00000000	10.00000000	0.01205890	0.00000000
C23	c	0.14582777	0.59441190	0.22620696	2.00000000	10.00000000	0.02999443	0.00000000
C24	c	0.56058564	0.54184379	0.23541822	2.00000000	10.00000000	0.01059998	0.00000000
C25	c	0.76336160	0.21338743	0.02327283	2.00000000	10.00000000	0.02230679	0.00000000
C26	c	0.39875783	0.43590997	0.18372512	2.00000000	10.00000000	0.01907732	0.00000000
C27	c	0.46783307	0.39761440	0.21821686	2.00000000	10.00000000	0.02649294	0.00000000
C28	c	0.45563262	0.17782708	0.19775684	2.00000000	10.00000000	0.01482314	0.00000000
C29	c	0.64565618	0.11773463	0.15376423	2.00000000	10.00000000	0.02175755	0.00000000
C30	c	0.05653997	0.81046929	0.14448214	2.00000000	10.00000000	0.01961377	0.00000000

Q Vehicle fuel tank capacity /0.40000000/
C Vehicle load capacity /1.50000000/
r fuel consumption rate /0.25000000/
g inverse refueling rate /1.00000000/
v average Velocity /1.00000000/
