StringID	Type	x	y	demand	ReadyTime	DueDate	ServiceTime	altitude
D0	d	0.50000000	0.50000000	0.00000000	0.00000000	10.00000000	0.00000000	0.00000000
S0	f	0.72638965	0.38563526	0.00000000	0.00000000	10.00000000	0.00000000	0.00000000
S1	f	0.05500054	0.21463336	0.00000000	0.00000000	10.00000000	0.00000000	0.00000000
S2	f	0.42161125	0.97549309	0.00000000	0.00000000	10.00000000	0.00000000	0.00000000
S3	f	0.44615003	0.71824031	0.00000000	0.00000000	10.00000000	0.00000000	0.00000000
S4	f	0.67288890	0.06816351	0.00000000	0.00000000	10.00000000	0.00000000	0.00000000
S5	f	0.10726331	0.76830019	0.00000000	0.00000000	10.00000000	0.00000000	0.00000000
C1	c	0.20041175	0.92039819	0.20097948	0.00000000	8.00000000	0.02293650	0.00000000
C2	c	0.17754134	0.82192692	0.24635777	0.10000000	8.10000000	0.01597980	0.00000000
C3	c	0.10593411	0.93970689	0.19805231	0.20000000	8.20000000	0.01564372	0.00000000
C4	c	0.21143037	0.83335534	0.06728013	0.30000000	8.30000000	0.02124458	0.00000000
C5	c	0.19097936	0.83960387	0.20567006	0.40000000	8.40000000	0.02011939	0.00000000
C6	c	0.08278632	0.90293899	0.02089664	0.50000000	8.50000000	0.01940876	0.00000000
C7	c	0.59265297	0.18350574	0.18582717	0.60000000	8.60000000	0.02144695	0.00000000
C8	c	0.47977200	0.15704147	0.23871575	0.70000000	8.70000000	0.01313882	0.00000000
C9	c	0.52725872	0.19001103	0.20163806	0.80000000	8.80000000	0.01650529	0.00000000
C10	c	0.52517072	0.27426773	0.12818102	0.90000000	8.90000000	0.01947952	0.00000000
C11	c	0.81927258	0.52479217	0.06132574	1.00000000	9.00000000	0.02224327	0.00000000
C12	c	0.84716690	0.44357113	0.23140827	1.10000000	9.10000000	0.02351117	0.00000000
C13	c	0.86106905	0.46192762	0.02671010	1.20000000	9.20000000	0.01977114	0.00000000
C14	c	0.83567685	0.46194509	0.17954858	1.30000000	9.30000000	0.01674610	0.00000000
C15	c	1.00000000	0.40353985	0.16057299	1.40000000	9.40000000	0.02386374	0.00000000
C16	c	0.22516450	0.40943121	0.13553838	1.50000000	9.50000000	0.02821274	0.00000000
C17	c	0.18359170	0.96067452	0.14623019	1.60000000	9.60000000	0.02859964	0.00000000
C18	c	0.15702240	0.92092931	0.17106264	1.70000000	9.70000000	0.02312692	0.00000000
C19	c	0.12031768	0.48512528	0.07704476	1.80000000	9.80000000	0.01444776	0.00000000
C20	c	0.10875070	0.25591595	0.12491096	1.90000000	9.90000000	0.01238410	0.00000000
C21	c	0.99390797	0.84330107	0.06624556	2.00000000	10.00000000	0.01892219	0.00000000
C22	c	0.64682508	0.29898992	0.26810516	2.00000000	10.00000000	0.01628503	0.00000000
C23	c	0.28218595	0.56222888	0.05934377	2.00000000	10.00000000	0.01739565	0.00000000
C24	c	0.32526452	0.47397594	0.25778071	2.00000000	10.00000000	0.01798840	0.00000000
C25	c	0.61216359	0.67555833	0.04980913	2.00000000	10.00000000	0.01855442	0.00000000
C26	c	0.48855711	0.33730495	0.14457370	2.00000000	10.00000000	0.01404960	0.00000000
C27	c	0.69318685	0.91063691	0.04680442	2.00000000	10.00000000	0.01334411	0.00000000
C28	c	0.92998206	0.65634603	0.08503294	2.00000000	10.00000000	0.01596325	0.00000000
C29	c	0.22238775	0.11920500	0.27673808	2.00000000	10.00000000	0.02446795	0.00000000
C30	c	0.44610932	0.31425171	0.23761554	2.00000000	10.00000000	0.02534893	0.00000000

Q Vehicle fuel tank capacity /0.40000000/
C Vehicle load capacity /1.50000000/
r fuel consumption rate /0.25000000/
g inverse refueling rate /1.00000000/
v average Velocity /1.00000000/
