StringID	Type	x	y	demand	ReadyTime	DueDate	ServiceTime	altitude
D0	d	0.50000000	0.50000000	0.00000000	0.00000000	10.00000000	0.00000000	0.00000000
S0	f	0.55210696	0.33657082	0.00000000	0.00000000	10.00000000	0.00000000	0.00000000
S1	f	0.30045037	0.80559633	0.00000000	0.00000000	10.00000000	0.00000000	0.00000000
S2	f	0.60112935	0.02029948	0.00000000	0.00000000	10.00000000	0.00000000	0.00000000
S3	f	0.09865519	0.04363908	0.00000000	0.00000000	10.00000000	0.00000000	0.00000000
S4	f	0.96963610	0.46391300	0.00000000	0.00000000	10.00000000	0.00000000	0.00000000
S5	f	0.11243466	0.58216522	0.00000000	0.00000000	10.00000000	0.00000000	0.00000000
C1	c	0.79976814	0.86291648	0.11822620	0.00000000	8.00000000	0.01828862	0.00000000
C2	c	0.74085126	0.80634440	0.21283924	0.10000000	8.10000000	0.02549922	0.00000000
C3	c	0.80251780	0.83350289	0.02268232	0.20000000	8.20000000	0.01971016	0.00000000
C4	c	0.85568410	0.89432487	0.25135853	0.30000000	8.30000000	0.02684872	0.00000000
C5	c	0.82706656	0.86957887	0.09607398	0.40000000	8.40000000	0.02198768	0.00000000
C6	c	0.46370125	0.14472594	0.08825228	0.50000000	8.50000000	0.02222439	0.00000000
C7	c	0.51631640	0.19533296	0.04929648	0.60000000	8.60000000	0.01558219	0.00000000
C8	c	0.46132226	0.10240308	0.20131035	0.70000000	8.70000000	0.01451775	0.00000000
C9	c	0.49829838	0.12402933	0.23479451	0.80000000	8.80000000	0.02895407	0.00000000
C10	c	0.22783557	0.04084942	0.22778892	0.90000000	8.90000000	0.02110366	0.00000000
C11	c	0.13611373	0.00000000	0.16607370	1.00000000	9.00000000	0.01820250	0.00000000
C12	c	0.22171503	0.00000000	0.10331238	1.10000000	9.10000000	0.01760543	0.00000000
C13	c	0.23116904	0.00000000	0.25283494	1.20000000	9.20000000	0.01359306	0.00000000
C14	c	0.18124501	0.00000000	0.12043548	1.30000000	9.30000000	0.01692119	0.00000000
C15	c	0.22519425	0.00780933	0.11351806	1.40000000	9.40000000	0.02443482	0.00000000
C16	c	0.60333513	0.83105102	0.23909964	1.50000000	9.50000000	0.02599062	0.00000000
C17	c	0.31201993	0.31286740	0.22694056	1.60000000	9.60000000	0.02411939	0.00000000
C18	c	0.06506696	0.11574669	0.12359246	1.70000000	9.70000000	0.02320816	0.00000000
C19	c	0.29213914	0.93059924	0.10207698	1.80000000	9.80000000	0.02763590	0.00000000
C20	c	0.41443109	0.77496106	0.14915113	1.90000000	9.90000000	0.02053300	0.00000000
C21	c	0.48550819	0.84243599	0.23005011	2.00000000	10.00000000	0.02550098	0.00000000
C22	c	0.59938406	0.61121946	0.20348187	2.00000000	10.00000000	0.01187308	0.00000000
C23	c	0.27910955	0.22588748	0.16170727	2.00000000	10.00000000	0.01102025	0.00000000
C24	c	0.94770360	0.55518301	0.21627943	2.00000000	10.00000000	0.02051694	0.00000000
C25	c	0.41012491	0.38027141	0.09189352	2.00000000	10.00000000	0.01914599	0.00000000
C26	c	0.17965302	0.34605938	0.09209661	2.00000000	10.00000000	0.01167077	0.00000000
C27	c	0.70596929	0.66040784	0.03271119	2.00000000	10.00000000	0.02461265	0.00000000
C28	c	0.88179521	0.52664985	0.04485659	2.00000000	10.00000000	0.02775285	0.00000000
C29	c	0.77504890	0.09365380	0.08712908	2.00000000	10.00000000	0.01200694	0.00000000
C30	c	0.05101228	0.52584723	0.24013619	2.00000000	10.00000000	0.02145176	0.00000000

Q Vehicle fuel tank capacity /0.40000000/
C Vehicle load capacity /1.50000000/
r fuel consumption rate /0.25000000/
g inverse refueling rate /1.00000000/
v average Velocity /1.00000000/
