StringID	Type	x	y	demand	ReadyTime	DueDate	ServiceTime	altitude
D0	d	0.50000000	0.50000000	0.00000000	0.00000000	10.00000000	0.00000000	0.00000000
S0	f	0.78219637	0.38778341	0.00000000	0.00000000	10.00000000	0.00000000	0.00000000
S1	f	0.47834995	0.82207235	0.00000000	0.00000000	10.00000000	0.00000000	0.00000000
S2	f	0.98578280	0.94880724	0.00000000	0.00000000	10.00000000	0.00000000	0.00000000
S3	f	0.81826823	0.20252089	0.00000000	0.00000000	10.00000000	0.00000000	0.00000000
S4	f	0.71758656	0.50449875	0.00000000	0.00000000	10.00000000	0.00000000	0.00000000
S5	f	0.31726576	0.11671803	0.00000000	0.00000000	10.00000000	0.00000000	0.00000000
S6	f	0.22887839	0.36756728	0.00000000	0.00000000	10.00000000	0.00000000	0.00000000
S7	f	0.27672515	0.06391500	0.00000000	0.00000000	10.00000000	0.00000000	0.00000000
S8	f	0.32510689	0.44241153	0.00000000	0.00000000	10.00000000	0.00000000	0.00000000
S9	f	0.54518416	0.02091662	0.00000000	0.00000000	10.00000000	0.00000000	0.00000000
C1	c	0.79322953	0.75490790	0.11712680	0.00000000	8.00000000	0.02283069	0.00000000
C2	c	0.79766412	0.79263659	0.05095585	0.06000000	8.06000000	0.01978568	0.00000000
C3	c	0.79553752	0.74510878	0.15346226	0.12000000	8.12000000	0.02801167	0.00000000
C4	c	0.88100844	0.87701708	0.06470701	0.18000000	8.18000000	0.02208863	0.00000000
C5	c	0.87095253	0.76026472	0.02673381	0.24000000	8.24000000	0.02145385	0.00000000
C6	c	0.86027325	0.85087871	0.16838229	0.30000000	8.30000000	0.01273532	0.00000000
C7	c	0.16758004	0.07182050	0.16389948	0.36000000	8.36000000	0.02669814	0.00000000
C8	c	0.15516292	0.12618719	0.15063748	0.42000000	8.42000000	0.01903913	0.00000000
C9	c	0.02138274	0.01831580	0.05324423	0.48000000	8.48000000	0.02878242	0.00000000
C10	c	0.11841831	0.11477939	0.03202447	0.54000000	8.54000000	0.02950117	0.00000000
C11	c	0.15168683	0.11111730	0.07155999	0.60000000	8.60000000	0.01541887	0.00000000
C12	c	0.13818060	0.05746377	0.15848824	0.66000000	8.66000000	0.02372444	0.00000000
C13	c	0.09912234	0.07272191	0.09336612	0.72000000	8.72000000	0.02180524	0.00000000
C14	c	0.14120061	0.63670357	0.03582992	0.78000000	8.78000000	0.01838529	0.00000000
C15	c	0.27290515	0.60128989	0.15659683	0.84000000	8.84000000	0.02597446	0.00000000
C16	c	0.08912623	0.70960158	0.12205889	0.90000000	8.90000000	0.01890609	0.00000000
C17	c	0.15137077	0.61498112	0.09334243	0.96000000	8.96000000	0.02586263	0.00000000
C18	c	0.21429638	0.51878311	0.01422022	1.02000000	9.02000000	0.02729108	0.00000000
C19	c	0.11789587	0.69197808	0.16378422	1.08000000	9.08000000	0.02498764	0.00000000
C20	c	0.14426409	0.51872910	0.15401891	1.14000000	9.14000000	0.02759084	0.00000000
C21	c	0.16940054	0.55494306	0.03383345	1.20000000	9.20000000	0.01787203	0.00000000
C22	c	0.85421317	0.34888538	0.05354623	1.26000000	9.26000000	0.01015179	0.00000000
C23	c	0.80839442	0.44858108	0.12650249	1.32000000	9.32000000	0.01100597	0.00000000
C24	c	0.73782744	0.37232672	0.09251692	1.38000000	9.38000000	0.02721864	0.00000000
C25	c	0.74696687	0.41677813	0.16263861	1.44000000	9.44000000	0.01019980	0.00000000
C26	c	0.34863227	0.68000558	0.07077627	1.50000000	9.50000000	0.02749171	0.00000000
C27	c	0.96833680	0.82312715	0.01209114	1.56000000	9.56000000	0.02351493	0.00000000
C28	c	0.45380994	0.72112976	0.11355135	1.62000000	9.62000000	0.01379577	0.00000000
C29	c	0.64153437	0.48928378	0.15996757	1.68000000	9.68000000	0.01265111	0.00000000
C30	c	0.90058367	0.60443164	0.05049175	1.74000000	9.74000000	0.01300600	0.00000000
C31	c	0.57269232	0.13676622	0.02682223	1.80000000	9.80000000	0.02022765	0.00000000
C32	c	0.93912107	0.97505874	0.08352891	1.86000000	9.86000000	0.02412369	0.00000000
C33	c	0.27094373	0.68622217	0.02462827	1.92000000	9.92000000	0.01535310	0.00000000
C34	c	0.59026193	0.41926433	0.12969203	1.98000000	9.98000000	0.01017921	0.00000000
C35	c	0.79313171	0.86455378	0.01820677	2.00000000	10.00000000	0.02154528	0.00000000
C36	c	0.74938180	0.87954175	0.06378210	2.00000000	10.00000000	0.02142703	0.00000000
C37	c	0.39360147	0.00758975	0.12302440	2.00000000	10.00000000	0.02596946	0.00000000
C38	c	0.05029837	0.86093205	0.08117174	2.00000000	10.00000000	0.02404375	0.00000000
C39	c	0.00998979	0.87458533	0.06189481	2.00000000	10.00000000	0.01939660	0.00000000
C40	c	0.67574632	0.18978869	0.12219343	2.00000000	10.00000000	0.01624711	0.00000000
C41	c	0.51138270	0.70618468	0.03417490	2.00000000	10.00000000	0.02512102	0.00000000
C42	c	0.26765483	0.00896033	0.03283775	2.00000000	10.00000000	0.02428473	0.00000000
C43	c	0.57726402	0.57135174	0.06886427	2.00000000	10.00000000	0.01238806	0.00000000
C44	c	0.79847297	0.70218749	0.12318921	2.00000000	10.00000000	0.02201572	0.00000000
C45	c	0.46982987	0.31235552	0.03285203	2.00000000	10.00000000	0.02500254	0.00000000
C46	c	0.75605079	0.71423661	0.01963366	2.00000000	10.00000000	0.01049348	0.00000000
C47	c	0.75012701	0.02467387	0.17045788	2.00000000	10.00000000	0.01174137	0.00000000
C48	c	0.17989394	0.17924036	0.14665239	2.00000000	10.00000000	0.02731291	0.00000000
C49	c	0.15415060	0.72324541	0.08610697	2.00000000	10.00000000	0.01359788	0.00000000
C50	c	0.98199178	0.75999821	0.12993106	2.00000000	10.00000000	0.01358481	0.00000000

Q Vehicle fuel tank capacity /0.40000000/
C Vehicle load capacity /1.50000000/
r fuel consumption rate /0.25000000/
g inverse refueling rate /1.00000000/
v average Velocity /1.00000000/
