StringID	Type	x	y	demand	ReadyTime	DueDate	ServiceTime	altitude
D0	d	0.50000000	0.50000000	0.00000000	0.00000000	10.00000000	0.00000000	0.00000000
S0	f	0.04183814	0.58151880	0.00000000	0.00000000	10.00000000	0.00000000	0.00000000
S1	f	0.84405332	0.65046512	0.00000000	0.00000000	10.00000000	0.00000000	0.00000000
S2	f	0.92509775	0.76243198	0.00000000	0.00000000	10.00000000	0.00000000	0.00000000
S3	f	0.60717716	0.74206308	0.00000000	0.00000000	10.00000000	0.00000000	0.00000000
S4	f	0.35472945	0.18175911	0.00000000	0.00000000	10.00000000	0.00000000	0.00000000
S5	f	0.55557491	0.46140697	0.00000000	0.00000000	10.00000000	0.00000000	0.00000000
C1	c	0.40593749	0.02590894	0.22726512	0.00000000	8.00000000	0.02459111	0.00000000
C2	c	0.35566262	0.04026229	0.21944828	0.10000000	8.10000000	0.02862146	0.00000000
C3	c	0.18196995	0.75896334	0.24104686	0.20000000	8.20000000	0.01503705	0.00000000
C4	c	0.00000000	0.64865894	0.20161648	0.30000000	8.30000000	0.02710970	0.00000000
C5	c	0.08794894	0.70302646	0.19508798	0.40000000	8.40000000	0.02000645	0.00000000
C6	c	0.02558479	0.67208175	0.19831832	0.50000000	8.50000000	0.02072065	0.00000000
C7	c	0.00000000	0.69351620	0.09289822	0.60000000	8.60000000	0.02188687	0.00000000
C8	c	0.08887150	0.69724803	0.17869466	0.70000000	8.70000000	0.02977956	0.00000000
C9	c	0.00000000	0.75414419	0.04436385	0.80000000	8.80000000	0.02405250	0.00000000
C10	c	0.46939495	0.17558543	0.04372594	0.90000000	8.90000000	0.01562115	0.00000000
C11	c	0.49300259	0.17169152	0.24141728	1.00000000	9.00000000	0.01466280	0.00000000
C12	c	0.62437672	0.10861309	0.17170127	1.10000000	9.10000000	0.01249135	0.00000000
C13	c	0.50156314	0.14781068	0.14194015	1.20000000	9.20000000	0.01702172	0.00000000
C14	c	0.51913449	0.21324617	0.14116901	1.30000000	9.30000000	0.01655571	0.00000000
C15	c	0.56259660	0.12933391	0.06265416	1.40000000	9.40000000	0.01011785	0.00000000
C16	c	0.78475032	0.60207056	0.08290583	1.50000000	9.50000000	0.02245746	0.00000000
C17	c	0.46582880	0.65685097	0.23496032	1.60000000	9.60000000	0.02748837	0.00000000
C18	c	0.47172493	0.45180370	0.24094764	1.70000000	9.70000000	0.01408483	0.00000000
C19	c	0.23907346	0.34077756	0.13309715	1.80000000	9.80000000	0.02300725	0.00000000
C20	c	0.91463896	0.33431065	0.04482839	1.90000000	9.90000000	0.02687976	0.00000000
C21	c	0.72955546	0.93107304	0.19511691	2.00000000	10.00000000	0.02894745	0.00000000
C22	c	0.25185251	0.85548522	0.15348553	2.00000000	10.00000000	0.01542815	0.00000000
C23	c	0.59434334	0.98897789	0.12243703	2.00000000	10.00000000	0.01337740	0.00000000
C24	c	0.70262500	0.28105737	0.16596959	2.00000000	10.00000000	0.02654346	0.00000000
C25	c	0.23313999	0.12456751	0.12378071	2.00000000	10.00000000	0.01077635	0.00000000
C26	c	0.35108580	0.32778537	0.11924081	2.00000000	10.00000000	0.01208584	0.00000000
C27	c	0.87441828	0.20424174	0.07076115	2.00000000	10.00000000	0.01183781	0.00000000
C28	c	0.65036235	0.84398812	0.09393877	2.00000000	10.00000000	0.01545278	0.00000000
C29	c	0.94737239	0.27140774	0.22471759	2.00000000	10.00000000	0.01482958	0.00000000
C30	c	0.16887022	0.82717298	0.09246501	2.00000000	10.00000000	0.01681952	0.00000000

Q Vehicle fuel tank capacity /0.40000000/
C Vehicle load capacity /1.50000000/
r fuel consumption rate /0.25000000/
g inverse refueling rate /1.00000000/
v average Velocity /1.00000000/
