StringID	Type	x	y	demand	ReadyTime	DueDate	ServiceTime	altitude
D0	d	0.50000000	0.50000000	0.00000000	0.00000000	10.00000000	0.00000000	0.00000000
S0	f	0.24672267	0.26085341	0.00000000	0.00000000	10.00000000	0.00000000	0.00000000
S1	f	0.36282648	0.90479228	0.00000000	0.00000000	10.00000000	0.00000000	0.00000000
S2	f	0.71276443	0.65695152	0.00000000	0.00000000	10.00000000	0.00000000	0.00000000
S3	f	0.59336116	0.53836982	0.00000000	0.00000000	10.00000000	0.00000000	0.00000000
S4	f	0.46234881	0.56679385	0.00000000	0.00000000	10.00000000	0.00000000	0.00000000
S5	f	0.06918027	0.86635025	0.00000000	0.00000000	10.00000000	0.00000000	0.00000000
C1	c	0.16469529	0.51467942	0.04329723	0.00000000	8.00000000	0.01492711	0.00000000
C2	c	0.26921869	0.46722167	0.09750100	0.10000000	8.10000000	0.01417649	0.00000000
C3	c	0.24978124	0.48200609	0.23497933	0.20000000	8.20000000	0.02685449	0.00000000
C4	c	0.29486968	0.43886638	0.26071074	0.30000000	8.30000000	0.01315846	0.00000000
C5	c	0.61761755	0.86905272	0.19603193	0.40000000	8.40000000	0.01288399	0.00000000
C6	c	0.57788387	0.89701786	0.07116319	0.50000000	8.50000000	0.02958192	0.00000000
C7	c	0.55197116	0.93798785	0.24709928	0.60000000	8.60000000	0.01658523	0.00000000
C8	c	0.60980296	0.91076651	0.20074502	0.70000000	8.70000000	0.01838957	0.00000000
C9	c	0.47550610	0.84358817	0.15312938	0.80000000	8.80000000	0.02169538	0.00000000
C10	c	0.51763029	0.87075590	0.10316676	0.90000000	8.90000000	0.01344056	0.00000000
C11	c	0.54232259	0.94182044	0.10398278	1.00000000	9.00000000	0.01304467	0.00000000
C12	c	0.51930327	0.90861688	0.13591786	1.10000000	9.10000000	0.01579777	0.00000000
C13	c	0.25977207	0.31101460	0.04296215	1.20000000	9.20000000	0.02968792	0.00000000
C14	c	0.29843545	0.27002570	0.06360525	1.30000000	9.30000000	0.01011567	0.00000000
C15	c	0.19418327	0.24334601	0.20039419	1.40000000	9.40000000	0.01138790	0.00000000
C16	c	0.95474161	0.12832618	0.05705176	1.50000000	9.50000000	0.01510666	0.00000000
C17	c	0.85340063	0.82134347	0.05859230	1.60000000	9.60000000	0.02152191	0.00000000
C18	c	0.39284340	0.71404679	0.11768837	1.70000000	9.70000000	0.01288966	0.00000000
C19	c	0.10168846	0.24635537	0.22014318	1.80000000	9.80000000	0.01057092	0.00000000
C20	c	0.20882473	0.84272457	0.08291110	1.90000000	9.90000000	0.01505597	0.00000000
C21	c	0.15792285	0.14419927	0.07599703	2.00000000	10.00000000	0.01286711	0.00000000
C22	c	0.97909596	0.32926125	0.27958750	2.00000000	10.00000000	0.02709266	0.00000000
C23	c	0.41947838	0.58476888	0.23103804	2.00000000	10.00000000	0.02394130	0.00000000
C24	c	0.28988834	0.98439610	0.28082912	2.00000000	10.00000000	0.02580430	0.00000000
C25	c	0.00578363	0.06939492	0.05466632	2.00000000	10.00000000	0.02965809	0.00000000
C26	c	0.25533320	0.57609551	0.25309542	2.00000000	10.00000000	0.01534989	0.00000000
C27	c	0.14448309	0.02854614	0.24432243	2.00000000	10.00000000	0.01396755	0.00000000
C28	c	0.25279854	0.14335541	0.12705601	2.00000000	10.00000000	0.01257861	0.00000000
C29	c	0.85463291	0.69706518	0.21495885	2.00000000	10.00000000	0.02771252	0.00000000
C30	c	0.79021493	0.98290464	0.04737645	2.00000000	10.00000000	0.02976124	0.00000000

Q Vehicle fuel tank capacity /0.40000000/
C Vehicle load capacity /1.50000000/
r fuel consumption rate /0.25000000/
g inverse refueling rate /1.00000000/
v average Velocity /1.00000000/
