StringID	Type	x	y	demand	ReadyTime	DueDate	ServiceTime	altitude
D0	d	0.50000000	0.50000000	0.00000000	0.00000000	10.00000000	0.00000000	0.00000000
S0	f	0.52775370	0.01198515	0.00000000	0.00000000	10.00000000	0.00000000	0.00000000
S1	f	0.70017266	0.41839828	0.00000000	0.00000000	10.00000000	0.00000000	0.00000000
S2	f	0.46952430	0.28287008	0.00000000	0.00000000	10.00000000	0.00000000	0.00000000
S3	f	0.02727119	0.65871080	0.00000000	0.00000000	10.00000000	0.00000000	0.00000000
S4	f	0.54650998	0.85890526	0.00000000	0.00000000	10.00000000	0.00000000	0.00000000
S5	f	0.43298747	0.62957249	0.00000000	0.00000000	10.00000000	0.00000000	0.00000000
S6	f	0.31947974	0.46930501	0.00000000	0.00000000	10.00000000	0.00000000	0.00000000
S7	f	0.76598454	0.26785315	0.00000000	0.00000000	10.00000000	0.00000000	0.00000000
S8	f	0.11596211	0.85902846	0.00000000	0.00000000	10.00000000	0.00000000	0.00000000
S9	f	0.01648714	0.78010646	0.00000000	0.00000000	10.00000000	0.00000000	0.00000000
C1	c	0.25533859	0.62597954	0.09542714	0.00000000	8.00000000	0.02335887	0.00000000
C2	c	0.17778721	0.61269925	0.09401999	0.06000000	8.06000000	0.01327718	0.00000000
C3	c	0.14517622	0.58366637	0.16340052	0.12000000	8.12000000	0.01878160	0.00000000
C4	c	0.19110572	0.75740979	0.08348636	0.18000000	8.18000000	0.01677043	0.00000000
C5	c	0.23590754	0.68206520	0.01723351	0.24000000	8.24000000	0.02053795	0.00000000
C6	c	0.13251704	0.62930875	0.16213062	0.30000000	8.30000000	0.02190696	0.00000000
C7	c	0.98385065	0.11951277	0.11636908	0.36000000	8.36000000	0.02276730	0.00000000
C8	c	1.00000000	0.18381385	0.12668121	0.42000000	8.42000000	0.02003802	0.00000000
C9	c	1.00000000	0.17120815	0.04806509	0.48000000	8.48000000	0.01082991	0.00000000
C10	c	0.16429952	0.27130409	0.14571575	0.54000000	8.54000000	0.01190775	0.00000000
C11	c	0.21304632	0.32497381	0.14012579	0.60000000	8.60000000	0.02749427	0.00000000
C12	c	0.19082504	0.34733384	0.14032247	0.66000000	8.66000000	0.02845207	0.00000000
C13	c	0.25446760	0.34534805	0.07601546	0.72000000	8.72000000	0.01950846	0.00000000
C14	c	0.20880374	0.36503902	0.04024613	0.78000000	8.78000000	0.01075409	0.00000000
C15	c	0.17638922	0.18869806	0.14052620	0.84000000	8.84000000	0.02538019	0.00000000
C16	c	0.60016472	0.08653316	0.14740796	0.90000000	8.90000000	0.01929624	0.00000000
C17	c	0.46916658	0.05217310	0.05471208	0.96000000	8.96000000	0.02356915	0.00000000
C18	c	0.55177711	0.09008554	0.14221664	1.02000000	9.02000000	0.02940093	0.00000000
C19	c	0.47149624	0.00000000	0.13992197	1.08000000	9.08000000	0.02103198	0.00000000
C20	c	0.54527998	0.06685727	0.05234466	1.14000000	9.14000000	0.01445626	0.00000000
C21	c	0.25267323	0.76805774	0.02500206	1.20000000	9.20000000	0.01130469	0.00000000
C22	c	0.28278715	0.61967855	0.08848788	1.26000000	9.26000000	0.01808660	0.00000000
C23	c	0.30610900	0.73408964	0.16283937	1.32000000	9.32000000	0.01330084	0.00000000
C24	c	0.17782245	0.73269772	0.03312515	1.38000000	9.38000000	0.02149843	0.00000000
C25	c	0.26026599	0.69201100	0.12227341	1.44000000	9.44000000	0.01444303	0.00000000
C26	c	0.54726659	0.23675268	0.07318215	1.50000000	9.50000000	0.02754173	0.00000000
C27	c	0.71001102	0.32318887	0.02064303	1.56000000	9.56000000	0.02172631	0.00000000
C28	c	0.04721320	0.00479876	0.05988538	1.62000000	9.62000000	0.01302993	0.00000000
C29	c	0.67815051	0.20681736	0.09689522	1.68000000	9.68000000	0.02239443	0.00000000
C30	c	0.56236932	0.48955733	0.04826495	1.74000000	9.74000000	0.02202614	0.00000000
C31	c	0.44469669	0.21025420	0.12238298	1.80000000	9.80000000	0.01193998	0.00000000
C32	c	0.74108436	0.96267979	0.06180191	1.86000000	9.86000000	0.02580130	0.00000000
C33	c	0.70816480	0.60934665	0.01858075	1.92000000	9.92000000	0.01367174	0.00000000
C34	c	0.66794370	0.16385919	0.01193813	1.98000000	9.98000000	0.01608788	0.00000000
C35	c	0.43908000	0.33852132	0.04159563	2.00000000	10.00000000	0.02332300	0.00000000
C36	c	0.52689767	0.59534812	0.03742878	2.00000000	10.00000000	0.02476645	0.00000000
C37	c	0.63836506	0.50190090	0.11739324	2.00000000	10.00000000	0.01058048	0.00000000
C38	c	0.04149550	0.09538745	0.04357671	2.00000000	10.00000000	0.01745953	0.00000000
C39	c	0.87471341	0.92260337	0.09926049	2.00000000	10.00000000	0.02503703	0.00000000
C40	c	0.76900943	0.46481196	0.08785724	2.00000000	10.00000000	0.02320263	0.00000000
C41	c	0.67845739	0.97004658	0.03477341	2.00000000	10.00000000	0.01920902	0.00000000
C42	c	0.06523473	0.40433020	0.10033310	2.00000000	10.00000000	0.01026266	0.00000000
C43	c	0.22215156	0.87708656	0.08083152	2.00000000	10.00000000	0.01809040	0.00000000
C44	c	0.58631553	0.15149669	0.04411496	2.00000000	10.00000000	0.01886575	0.00000000
C45	c	0.61972159	0.60130704	0.12724945	2.00000000	10.00000000	0.02319828	0.00000000
C46	c	0.09699882	0.79006516	0.16195400	2.00000000	10.00000000	0.02741119	0.00000000
C47	c	0.66614997	0.73832230	0.12209384	2.00000000	10.00000000	0.01255374	0.00000000
C48	c	0.02902415	0.37297628	0.10661771	2.00000000	10.00000000	0.02397863	0.00000000
C49	c	0.75185127	0.66013159	0.11814190	2.00000000	10.00000000	0.01330617	0.00000000
C50	c	0.40451984	0.44328744	0.10510700	2.00000000	10.00000000	0.01359520	0.00000000

Q Vehicle fuel tank capacity /0.40000000/
C Vehicle load capacity /1.50000000/
r fuel consumption rate /0.25000000/
g inverse refueling rate /1.00000000/
v average Velocity /1.00000000/
