StringID	Type	x	y	demand	ReadyTime	DueDate	ServiceTime	altitude
D0	d	0.50000000	0.50000000	0.00000000	0.00000000	10.00000000	0.00000000	0.00000000
S0	f	0.61136072	0.74412486	0.00000000	0.00000000	10.00000000	0.00000000	0.00000000
S1	f	0.61107544	0.36076860	0.00000000	0.00000000	10.00000000	0.00000000	0.00000000
S2	f	0.31242078	0.16704889	0.00000000	0.00000000	10.00000000	0.00000000	0.00000000
S3	f	0.40225414	0.50929891	0.00000000	0.00000000	10.00000000	0.00000000	0.00000000
S4	f	0.57419433	0.40163744	0.00000000	0.00000000	10.00000000	0.00000000	0.00000000
S5	f	0.65669060	0.47729551	0.00000000	0.00000000	10.00000000	0.00000000	0.00000000
S6	f	0.24876355	0.60431009	0.00000000	0.00000000	10.00000000	0.00000000	0.00000000
S7	f	0.38976869	0.22989200	0.00000000	0.00000000	10.00000000	0.00000000	0.00000000
S8	f	0.04956661	0.80976205	0.00000000	0.00000000	10.00000000	0.00000000	0.00000000
S9	f	0.91504043	0.76009237	0.00000000	0.00000000	10.00000000	0.00000000	0.00000000
C1	c	0.67739881	0.95403431	0.13848184	0.00000000	8.00000000	0.01999525	0.00000000
C2	c	0.73900169	0.82322339	0.11775126	0.06000000	8.06000000	0.01384905	0.00000000
C3	c	0.75553091	0.85505669	0.15863844	0.12000000	8.12000000	0.02674526	0.00000000
C4	c	0.80165853	0.87021626	0.09464010	0.18000000	8.18000000	0.01190203	0.00000000
C5	c	0.72056100	0.83138365	0.15436862	0.24000000	8.24000000	0.02592430	0.00000000
C6	c	0.77845161	0.34007911	0.13940446	0.30000000	8.30000000	0.01121709	0.00000000
C7	c	0.89843310	0.39510359	0.06960809	0.36000000	8.36000000	0.02508308	0.00000000
C8	c	0.77740208	0.35208133	0.07661186	0.42000000	8.42000000	0.02229797	0.00000000
C9	c	0.65725118	0.20276904	0.14459510	0.48000000	8.48000000	0.02664709	0.00000000
C10	c	0.65256048	0.30793990	0.13560041	0.54000000	8.54000000	0.01979817	0.00000000
C11	c	0.62566976	0.20156123	0.02557697	0.60000000	8.60000000	0.01996492	0.00000000
C12	c	0.61151029	0.23647834	0.08875104	0.66000000	8.66000000	0.01521642	0.00000000
C13	c	0.67648654	0.24739251	0.09957033	0.72000000	8.72000000	0.01506015	0.00000000
C14	c	0.62852893	0.28425038	0.03188736	0.78000000	8.78000000	0.01606527	0.00000000
C15	c	0.27841763	0.98365652	0.05732377	0.84000000	8.84000000	0.02823576	0.00000000
C16	c	0.29524393	0.95593914	0.06935424	0.90000000	8.90000000	0.02511320	0.00000000
C17	c	0.24507331	0.96255191	0.07732533	0.96000000	8.96000000	0.01017275	0.00000000
C18	c	0.13673849	0.94719616	0.13573620	1.02000000	9.02000000	0.02090942	0.00000000
C19	c	0.22850161	0.91016054	0.01393464	1.08000000	9.08000000	0.01009425	0.00000000
C20	c	0.16909240	0.84969333	0.06817283	1.14000000	9.14000000	0.02652908	0.00000000
C21	c	0.22870866	0.91902709	0.02402006	1.20000000	9.20000000	0.02282212	0.00000000
C22	c	0.07716323	0.87825882	0.11154839	1.26000000	9.26000000	0.02356902	0.00000000
C23	c	0.16071562	0.92299355	0.03522321	1.32000000	9.32000000	0.01210946	0.00000000
C24	c	0.20207172	0.92482156	0.14598687	1.38000000	9.38000000	0.02673116	0.00000000
C25	c	0.19211274	0.82298928	0.05275562	1.44000000	9.44000000	0.01721665	0.00000000
C26	c	0.84368079	0.06715013	0.11518761	1.50000000	9.50000000	0.02625211	0.00000000
C27	c	0.32817580	0.07318366	0.10526720	1.56000000	9.56000000	0.01388922	0.00000000
C28	c	0.82844586	0.99234934	0.02154060	1.62000000	9.62000000	0.02391910	0.00000000
C29	c	0.42861663	0.76829126	0.08445891	1.68000000	9.68000000	0.02835842	0.00000000
C30	c	0.60453150	0.53528064	0.16038258	1.74000000	9.74000000	0.02749943	0.00000000
C31	c	0.53117253	0.08190941	0.09648654	1.80000000	9.80000000	0.02842255	0.00000000
C32	c	0.67532995	0.03782804	0.11873097	1.86000000	9.86000000	0.02093703	0.00000000
C33	c	0.75336156	0.49976230	0.04105190	1.92000000	9.92000000	0.01113852	0.00000000
C34	c	0.09510129	0.79621516	0.14237229	1.98000000	9.98000000	0.01870940	0.00000000
C35	c	0.06085455	0.75415378	0.02156001	2.00000000	10.00000000	0.01614483	0.00000000
C36	c	0.61489873	0.83235426	0.06217026	2.00000000	10.00000000	0.01256002	0.00000000
C37	c	0.26082114	0.25300742	0.02249870	2.00000000	10.00000000	0.01468341	0.00000000
C38	c	0.30326347	0.91178809	0.14000204	2.00000000	10.00000000	0.01682062	0.00000000
C39	c	0.75566018	0.00863774	0.16550207	2.00000000	10.00000000	0.02744201	0.00000000
C40	c	0.54547092	0.00471250	0.07779680	2.00000000	10.00000000	0.01770072	0.00000000
C41	c	0.82645402	0.64110581	0.13064322	2.00000000	10.00000000	0.02214509	0.00000000
C42	c	0.67845076	0.10547316	0.10839205	2.00000000	10.00000000	0.01289206	0.00000000
C43	c	0.83655811	0.36083254	0.04042457	2.00000000	10.00000000	0.02883793	0.00000000
C44	c	0.81260549	0.19446106	0.10516555	2.00000000	10.00000000	0.02172951	0.00000000
C45	c	0.69595505	0.91792119	0.09439154	2.00000000	10.00000000	0.02671406	0.00000000
C46	c	0.87497160	0.92112742	0.09375240	2.00000000	10.00000000	0.02183852	0.00000000
C47	c	0.43547014	0.30724126	0.02385625	2.00000000	10.00000000	0.01300630	0.00000000
C48	c	0.12800106	0.23417030	0.11618034	2.00000000	10.00000000	0.02948811	0.00000000
C49	c	0.34103078	0.87210058	0.01699809	2.00000000	10.00000000	0.02187494	0.00000000
C50	c	0.38503620	0.60725440	0.12832046	2.00000000	10.00000000	0.02160977	0.00000000

Q Vehicle fuel tank capacity /0.40000000/
C Vehicle load capacity /1.50000000/
r fuel consumption rate /0.25000000/
g inverse refueling rate /1.00000000/
v average Velocity /1.00000000/
