StringID	Type	x	y	demand	ReadyTime	DueDate	ServiceTime	altitude
D0	d	0.50000000	0.50000000	0.00000000	0.00000000	10.00000000	0.00000000	0.00000000
S0	f	0.11037815	0.91329219	0.00000000	0.00000000	10.00000000	0.00000000	0.00000000
S1	f	0.47214220	0.82246508	0.00000000	0.00000000	10.00000000	0.00000000	0.00000000
S2	f	0.90116526	0.32624162	0.00000000	0.00000000	10.00000000	0.00000000	0.00000000
S3	f	0.95828855	0.65607870	0.00000000	0.00000000	10.00000000	0.00000000	0.00000000
S4	f	0.60472094	0.90117243	0.00000000	0.00000000	10.00000000	0.00000000	0.00000000
S5	f	0.01003451	0.25389071	0.00000000	0.00000000	10.00000000	0.00000000	0.00000000
S6	f	0.29016824	0.46708474	0.00000000	0.00000000	10.00000000	0.00000000	0.00000000
S7	f	0.13118669	0.46680929	0.00000000	0.00000000	10.00000000	0.00000000	0.00000000
S8	f	0.30059922	0.59634567	0.00000000	0.00000000	10.00000000	0.00000000	0.00000000
S9	f	0.76964088	0.89108654	0.00000000	0.00000000	10.00000000	0.00000000	0.00000000
C1	c	0.33216688	0.66821348	0.17068632	0.00000000	8.00000000	0.01291187	0.00000000
C2	c	0.23831904	0.92875724	0.01773639	0.06000000	8.06000000	0.01913882	0.00000000
C3	c	0.19138963	0.21478867	0.11244516	0.12000000	8.12000000	0.02120981	0.00000000
C4	c	0.44962553	0.03860453	0.11501445	0.18000000	8.18000000	0.01337105	0.00000000
C5	c	0.39615673	0.30164915	0.09176282	0.24000000	8.24000000	0.01993669	0.00000000
C6	c	0.62482663	0.47961917	0.06902756	0.30000000	8.30000000	0.01914374	0.00000000
C7	c	0.86588761	0.03546087	0.08351837	0.36000000	8.36000000	0.02033185	0.00000000
C8	c	0.77017842	0.54064141	0.02310318	0.42000000	8.42000000	0.02964033	0.00000000
C9	c	0.63979108	0.58505907	0.15404904	0.48000000	8.48000000	0.01952384	0.00000000
C10	c	0.55728686	0.35811468	0.15361566	0.54000000	8.54000000	0.01000819	0.00000000
C11	c	0.18728819	0.45622184	0.15337015	0.60000000	8.60000000	0.01828152	0.00000000
C12	c	0.74657562	0.13477756	0.06463681	0.66000000	8.66000000	0.02035302	0.00000000
C13	c	0.85441501	0.70707019	0.12966065	0.72000000	8.72000000	0.02264450	0.00000000
C14	c	0.52395938	0.90147845	0.15198095	0.78000000	8.78000000	0.01972081	0.00000000
C15	c	0.61664309	0.15985593	0.02442407	0.84000000	8.84000000	0.02364274	0.00000000
C16	c	0.51900405	0.19208963	0.13999048	0.90000000	8.90000000	0.02375477	0.00000000
C17	c	0.10930988	0.77867501	0.03622471	0.96000000	8.96000000	0.02691561	0.00000000
C18	c	0.14534605	0.35305367	0.11340912	1.02000000	9.02000000	0.02032495	0.00000000
C19	c	0.11037815	0.91329219	0.12561812	1.08000000	9.08000000	0.02508047	0.00000000
C20	c	0.89102675	0.88241379	0.03783517	1.14000000	9.14000000	0.02803338	0.00000000
C21	c	0.02084560	0.10852187	0.04301525	1.20000000	9.20000000	0.02907252	0.00000000
C22	c	0.70289639	0.58352890	0.08869575	1.26000000	9.26000000	0.01550892	0.00000000
C23	c	0.76884637	0.04048217	0.13909409	1.32000000	9.32000000	0.01042763	0.00000000
C24	c	0.92452440	0.03534784	0.06749570	1.38000000	9.38000000	0.01862948	0.00000000
C25	c	0.13921385	0.61708760	0.05327833	1.44000000	9.44000000	0.02396597	0.00000000
C26	c	0.10151497	0.97044711	0.06368403	1.50000000	9.50000000	0.01717727	0.00000000
C27	c	0.05741039	0.21408010	0.04332730	1.56000000	9.56000000	0.01527461	0.00000000
C28	c	0.93839888	0.40767815	0.04177446	1.62000000	9.62000000	0.02176702	0.00000000
C29	c	0.80759244	0.06911102	0.16869734	1.68000000	9.68000000	0.01560681	0.00000000
C30	c	0.01972346	0.67343330	0.09697585	1.74000000	9.74000000	0.01246323	0.00000000
C31	c	0.87903770	0.15242658	0.13770793	1.80000000	9.80000000	0.01892769	0.00000000
C32	c	0.53390288	0.80000412	0.09454094	1.86000000	9.86000000	0.02736118	0.00000000
C33	c	0.15357899	0.24565542	0.07303115	1.92000000	9.92000000	0.01963540	0.00000000
C34	c	0.35694409	0.40891776	0.04878801	1.98000000	9.98000000	0.02676317	0.00000000
C35	c	0.66359530	0.74172609	0.05299339	2.00000000	10.00000000	0.02306178	0.00000000
C36	c	0.47214220	0.82246508	0.17134212	2.00000000	10.00000000	0.01547140	0.00000000
C37	c	0.44823909	0.56520814	0.03017447	2.00000000	10.00000000	0.01078152	0.00000000
C38	c	0.07181393	0.33753621	0.09324598	2.00000000	10.00000000	0.01800779	0.00000000
C39	c	0.55836603	0.49906875	0.06563416	2.00000000	10.00000000	0.02183125	0.00000000
C40	c	0.40267512	0.77327520	0.04114846	2.00000000	10.00000000	0.02337180	0.00000000
C41	c	0.98546108	0.47125566	0.10511204	2.00000000	10.00000000	0.01606424	0.00000000
C42	c	0.71653294	0.74228926	0.14699670	2.00000000	10.00000000	0.02030397	0.00000000
C43	c	0.95617183	0.56001713	0.02353861	2.00000000	10.00000000	0.02936897	0.00000000
C44	c	0.92239922	0.52541540	0.16291066	2.00000000	10.00000000	0.01331130	0.00000000
C45	c	0.74237204	0.79247802	0.01242189	2.00000000	10.00000000	0.02579979	0.00000000
C46	c	0.97154596	0.96272002	0.07676142	2.00000000	10.00000000	0.02257584	0.00000000
C47	c	0.73540799	0.92818873	0.06841874	2.00000000	10.00000000	0.02295648	0.00000000
C48	c	0.38654541	0.84835919	0.13114381	2.00000000	10.00000000	0.02176567	0.00000000
C49	c	0.21065859	0.36790910	0.06892034	2.00000000	10.00000000	0.02138060	0.00000000
C50	c	0.29602700	0.72533924	0.12102192	2.00000000	10.00000000	0.02604964	0.00000000

Q Vehicle fuel tank capacity /0.40000000/
C Vehicle load capacity /1.50000000/
r fuel consumption rate /0.25000000/
g inverse refueling rate /1.00000000/
v average Velocity /1.00000000/
