StringID	Type	x	y	demand	ReadyTime	DueDate	ServiceTime	altitude
D0	d	0.50000000	0.50000000	0.00000000	0.00000000	10.00000000	0.00000000	0.00000000
S0	f	0.04819191	0.41484220	0.00000000	0.00000000	10.00000000	0.00000000	0.00000000
S1	f	0.81325504	0.88210033	0.00000000	0.00000000	10.00000000	0.00000000	0.00000000
S2	f	0.64534839	0.82223456	0.00000000	0.00000000	10.00000000	0.00000000	0.00000000
S3	f	0.51725312	0.66993541	0.00000000	0.00000000	10.00000000	0.00000000	0.00000000
S4	f	0.74565233	0.09858513	0.00000000	0.00000000	10.00000000	0.00000000	0.00000000
S5	f	0.67565303	0.34163503	0.00000000	0.00000000	10.00000000	0.00000000	0.00000000
S6	f	0.91524764	0.53248993	0.00000000	0.00000000	10.00000000	0.00000000	0.00000000
S7	f	0.85932964	0.41532855	0.00000000	0.00000000	10.00000000	0.00000000	0.00000000
S8	f	0.14392909	0.29365131	0.00000000	0.00000000	10.00000000	0.00000000	0.00000000
S9	f	0.72996489	0.79095125	0.00000000	0.00000000	10.00000000	0.00000000	0.00000000
C1	c	0.67549211	0.64133008	0.15019145	0.00000000	8.00000000	0.01496053	0.00000000
C2	c	0.81592133	0.59592192	0.10749488	0.06000000	8.06000000	0.01737042	0.00000000
C3	c	0.35584844	0.77806660	0.08726147	0.12000000	8.12000000	0.01234582	0.00000000
C4	c	0.78229184	0.28210162	0.09241723	0.18000000	8.18000000	0.01214836	0.00000000
C5	c	0.53387015	0.32414284	0.04888224	0.24000000	8.24000000	0.01983419	0.00000000
C6	c	0.05485929	0.87603678	0.01241376	0.30000000	8.30000000	0.02927041	0.00000000
C7	c	0.21435951	0.83117450	0.08565176	0.36000000	8.36000000	0.02440061	0.00000000
C8	c	0.16770546	0.16758542	0.14796855	0.42000000	8.42000000	0.01972869	0.00000000
C9	c	0.34166479	0.89196206	0.08209713	0.48000000	8.48000000	0.02897725	0.00000000
C10	c	0.83870423	0.24319388	0.05874977	0.54000000	8.54000000	0.01187532	0.00000000
C11	c	0.69927014	0.53412940	0.14574978	0.60000000	8.60000000	0.02668662	0.00000000
C12	c	0.29745394	0.94849732	0.02128428	0.66000000	8.66000000	0.02932037	0.00000000
C13	c	0.08510345	0.01885078	0.09495370	0.72000000	8.72000000	0.02972568	0.00000000
C14	c	0.02415591	0.82656723	0.04248012	0.78000000	8.78000000	0.02966543	0.00000000
C15	c	0.61159109	0.77539558	0.02460570	0.84000000	8.84000000	0.01463496	0.00000000
C16	c	0.01763830	0.12965362	0.06551062	0.90000000	8.90000000	0.02952134	0.00000000
C17	c	0.06914846	0.22681051	0.09157887	0.96000000	8.96000000	0.01794836	0.00000000
C18	c	0.90025003	0.90898412	0.01959907	1.02000000	9.02000000	0.02048299	0.00000000
C19	c	0.66152681	0.13839732	0.13623884	1.08000000	9.08000000	0.01788402	0.00000000
C20	c	0.04819191	0.41484220	0.13000027	1.14000000	9.14000000	0.01282186	0.00000000
C21	c	0.16604265	0.58171676	0.08490614	1.20000000	9.20000000	0.01200519	0.00000000
C22	c	0.25965680	0.78146792	0.10152198	1.26000000	9.26000000	0.01625002	0.00000000
C23	c	0.71092413	0.91318000	0.04321278	1.32000000	9.32000000	0.01114959	0.00000000
C24	c	0.87294778	0.95852684	0.10625778	1.38000000	9.38000000	0.02320940	0.00000000
C25	c	0.35089878	0.18910454	0.11993954	1.44000000	9.44000000	0.02426323	0.00000000
C26	c	0.62101498	0.13664436	0.11970867	1.50000000	9.50000000	0.02792369	0.00000000
C27	c	0.08512248	0.49614593	0.11629970	1.56000000	9.56000000	0.01208976	0.00000000
C28	c	0.11933260	0.69583861	0.07865666	1.62000000	9.62000000	0.01741171	0.00000000
C29	c	0.39483297	0.05604751	0.05345245	1.68000000	9.68000000	0.02254623	0.00000000
C30	c	0.01408979	0.88862338	0.09537734	1.74000000	9.74000000	0.02193774	0.00000000
C31	c	0.33454466	0.50406916	0.06430794	1.80000000	9.80000000	0.02336716	0.00000000
C32	c	0.11135616	0.90175874	0.12182219	1.86000000	9.86000000	0.01141711	0.00000000
C33	c	0.23668465	0.95445039	0.09893221	1.92000000	9.92000000	0.02921560	0.00000000
C34	c	0.59972747	0.65400761	0.14093366	1.98000000	9.98000000	0.02342715	0.00000000
C35	c	0.64779304	0.82081807	0.06697550	2.00000000	10.00000000	0.01812105	0.00000000
C36	c	0.81325504	0.88210033	0.02400253	2.00000000	10.00000000	0.02397454	0.00000000
C37	c	0.58254012	0.92207677	0.13075038	2.00000000	10.00000000	0.01717698	0.00000000
C38	c	0.42290937	0.98547260	0.01269556	2.00000000	10.00000000	0.02768421	0.00000000
C39	c	0.45908321	0.24651862	0.11691735	2.00000000	10.00000000	0.02359550	0.00000000
C40	c	0.76172647	0.56508629	0.11501814	2.00000000	10.00000000	0.02568600	0.00000000
C41	c	0.25738049	0.19454391	0.06677892	2.00000000	10.00000000	0.02837101	0.00000000
C42	c	0.88396264	0.33323520	0.14613589	2.00000000	10.00000000	0.01963717	0.00000000
C43	c	0.76935848	0.92142890	0.10382638	2.00000000	10.00000000	0.01555284	0.00000000
C44	c	0.07759507	0.09366649	0.06912401	2.00000000	10.00000000	0.02379631	0.00000000
C45	c	0.45861032	0.67606495	0.12977140	2.00000000	10.00000000	0.01311432	0.00000000
C46	c	0.50531875	0.13290406	0.14771400	2.00000000	10.00000000	0.01513392	0.00000000
C47	c	0.65126936	0.99024437	0.09372472	2.00000000	10.00000000	0.02741558	0.00000000
C48	c	0.94874954	0.36001393	0.03487922	2.00000000	10.00000000	0.01287523	0.00000000
C49	c	0.50136065	0.93984222	0.11435993	2.00000000	10.00000000	0.01565688	0.00000000
C50	c	0.81696526	0.19451481	0.13686754	2.00000000	10.00000000	0.02434337	0.00000000

Q Vehicle fuel tank capacity /0.40000000/
C Vehicle load capacity /1.50000000/
r fuel consumption rate /0.25000000/
g inverse refueling rate /1.00000000/
v average Velocity /1.00000000/
