StringID	Type	x	y	demand	ReadyTime	DueDate	ServiceTime	altitude
D0	d	0.50000000	0.50000000	0.00000000	0.00000000	10.00000000	0.00000000	0.00000000
S0	f	0.27618280	0.74834984	0.00000000	0.00000000	10.00000000	0.00000000	0.00000000
S1	f	0.28949968	0.80441864	0.00000000	0.00000000	10.00000000	0.00000000	0.00000000
S2	f	0.86974484	0.68610696	0.00000000	0.00000000	10.00000000	0.00000000	0.00000000
S3	f	0.83584197	0.90786369	0.00000000	0.00000000	10.00000000	0.00000000	0.00000000
S4	f	0.56007341	0.01121907	0.00000000	0.00000000	10.00000000	0.00000000	0.00000000
S5	f	0.07752022	0.21609612	0.00000000	0.00000000	10.00000000	0.00000000	0.00000000
S6	f	0.03027048	0.88171104	0.00000000	0.00000000	10.00000000	0.00000000	0.00000000
S7	f	0.58817407	0.29758775	0.00000000	0.00000000	10.00000000	0.00000000	0.00000000
S8	f	0.13560128	0.84041131	0.00000000	0.00000000	10.00000000	0.00000000	0.00000000
S9	f	0.36833324	0.19066159	0.00000000	0.00000000	10.00000000	0.00000000	0.00000000
C1	c	0.33330057	0.52809659	0.15989771	0.00000000	8.00000000	0.02967699	0.00000000
C2	c	0.25689944	0.64613613	0.12388306	0.06000000	8.06000000	0.01984058	0.00000000
C3	c	0.34588799	0.56633194	0.04106783	0.12000000	8.12000000	0.01711375	0.00000000
C4	c	0.33097596	0.58178716	0.09827251	0.18000000	8.18000000	0.02311957	0.00000000
C5	c	0.25723560	0.55286032	0.10798568	0.24000000	8.24000000	0.01143226	0.00000000
C6	c	0.32369592	0.59452052	0.14291233	0.30000000	8.30000000	0.01034652	0.00000000
C7	c	0.09372473	0.76119580	0.13135802	0.36000000	8.36000000	0.02220079	0.00000000
C8	c	0.01268813	0.66922200	0.10371560	0.42000000	8.42000000	0.02471716	0.00000000
C9	c	0.00917021	0.76411435	0.16025243	0.48000000	8.48000000	0.01484990	0.00000000
C10	c	0.06849562	0.69824273	0.09683958	0.54000000	8.54000000	0.01084664	0.00000000
C11	c	0.07826431	0.80546415	0.08090678	0.60000000	8.60000000	0.02444270	0.00000000
C12	c	0.70223290	0.69053848	0.06734643	0.66000000	8.66000000	0.01572389	0.00000000
C13	c	0.72246189	0.70772421	0.10370686	0.72000000	8.72000000	0.02044425	0.00000000
C14	c	0.77184117	0.73087519	0.09267303	0.78000000	8.78000000	0.02209702	0.00000000
C15	c	0.76977679	0.65685052	0.04635061	0.84000000	8.84000000	0.02508721	0.00000000
C16	c	0.69767419	0.71511525	0.15104422	0.90000000	8.90000000	0.02101680	0.00000000
C17	c	0.71802879	0.68824164	0.07901356	0.96000000	8.96000000	0.02631212	0.00000000
C18	c	0.73191508	0.83916258	0.10992020	1.02000000	9.02000000	0.02584098	0.00000000
C19	c	1.00000000	0.68616641	0.02407357	1.08000000	9.08000000	0.02714507	0.00000000
C20	c	0.92224189	0.56222133	0.09748364	1.14000000	9.14000000	0.02495260	0.00000000
C21	c	0.91609321	0.63413830	0.10497603	1.20000000	9.20000000	0.02886333	0.00000000
C22	c	0.32280378	0.72508404	0.04071420	1.26000000	9.26000000	0.01140309	0.00000000
C23	c	0.31378884	0.77169237	0.01945725	1.32000000	9.32000000	0.02762616	0.00000000
C24	c	0.22186267	0.73314026	0.03781758	1.38000000	9.38000000	0.01556001	0.00000000
C25	c	0.23528417	0.74311157	0.13741632	1.44000000	9.44000000	0.02131199	0.00000000
C26	c	0.70370752	0.31581300	0.07813448	1.50000000	9.50000000	0.01842615	0.00000000
C27	c	0.25846123	0.42641833	0.05856561	1.56000000	9.56000000	0.01771420	0.00000000
C28	c	0.23932856	0.03689504	0.16051066	1.62000000	9.62000000	0.02818537	0.00000000
C29	c	0.87671485	0.87324389	0.13060926	1.68000000	9.68000000	0.01001795	0.00000000
C30	c	0.44926029	0.60582613	0.06524962	1.74000000	9.74000000	0.02095807	0.00000000
C31	c	0.31204247	0.37303629	0.05558593	1.80000000	9.80000000	0.02546686	0.00000000
C32	c	0.50588864	0.24182091	0.08388645	1.86000000	9.86000000	0.02880520	0.00000000
C33	c	0.77012821	0.17829540	0.05270192	1.92000000	9.92000000	0.02146478	0.00000000
C34	c	0.12324707	0.05646878	0.13626012	1.98000000	9.98000000	0.02267909	0.00000000
C35	c	0.98384952	0.49202905	0.13368805	2.00000000	10.00000000	0.01826041	0.00000000
C36	c	0.35568755	0.65597840	0.06652280	2.00000000	10.00000000	0.02266424	0.00000000
C37	c	0.07161300	0.01732586	0.05236211	2.00000000	10.00000000	0.02149611	0.00000000
C38	c	0.61003968	0.73585792	0.01825237	2.00000000	10.00000000	0.02407209	0.00000000
C39	c	0.52221252	0.60485095	0.15976073	2.00000000	10.00000000	0.02123258	0.00000000
C40	c	0.75436041	0.55083984	0.15917588	2.00000000	10.00000000	0.01481557	0.00000000
C41	c	0.81560596	0.79204910	0.08773529	2.00000000	10.00000000	0.01596017	0.00000000
C42	c	0.85725344	0.74762981	0.11411639	2.00000000	10.00000000	0.02430088	0.00000000
C43	c	0.94316626	0.07015430	0.06461429	2.00000000	10.00000000	0.02162890	0.00000000
C44	c	0.88130821	0.27800041	0.07489166	2.00000000	10.00000000	0.02319333	0.00000000
C45	c	0.56559938	0.42130757	0.09727708	2.00000000	10.00000000	0.02539567	0.00000000
C46	c	0.38570991	0.90926830	0.05278206	2.00000000	10.00000000	0.01399722	0.00000000
C47	c	0.00089762	0.54790328	0.14180104	2.00000000	10.00000000	0.02939739	0.00000000
C48	c	0.77334321	0.94026016	0.04207811	2.00000000	10.00000000	0.01139755	0.00000000
C49	c	0.57323890	0.63395470	0.03280255	2.00000000	10.00000000	0.01095991	0.00000000
C50	c	0.41302029	0.63321198	0.02155051	2.00000000	10.00000000	0.02343944	0.00000000

Q Vehicle fuel tank capacity /0.40000000/
C Vehicle load capacity /1.50000000/
r fuel consumption rate /0.25000000/
g inverse refueling rate /1.00000000/
v average Velocity /1.00000000/
