StringID	Type	x	y	demand	ReadyTime	DueDate	ServiceTime	altitude
D0	d	0.50000000	0.50000000	0.00000000	0.00000000	10.00000000	0.00000000	0.00000000
S0	f	0.78626836	0.09169151	0.00000000	0.00000000	10.00000000	0.00000000	0.00000000
S1	f	0.36193821	0.03957588	0.00000000	0.00000000	10.00000000	0.00000000	0.00000000
S2	f	0.71749083	0.77796642	0.00000000	0.00000000	10.00000000	0.00000000	0.00000000
S3	f	0.99659612	0.15286580	0.00000000	0.00000000	10.00000000	0.00000000	0.00000000
S4	f	0.03246806	0.10971623	0.00000000	0.00000000	10.00000000	0.00000000	0.00000000
S5	f	0.66890132	0.40118127	0.00000000	0.00000000	10.00000000	0.00000000	0.00000000
C1	c	0.83263081	0.45613273	0.09661855	0.00000000	8.00000000	0.02041264	0.00000000
C2	c	0.15565115	0.32673353	0.02108736	0.10000000	8.10000000	0.02186039	0.00000000
C3	c	0.28436564	0.00829904	0.13132390	0.20000000	8.20000000	0.01331938	0.00000000
C4	c	0.91628273	0.00478598	0.14451224	0.30000000	8.30000000	0.02152977	0.00000000
C5	c	0.57582407	0.15493214	0.22609497	0.40000000	8.40000000	0.02133163	0.00000000
C6	c	0.51468447	0.68473013	0.18927835	0.50000000	8.50000000	0.01032768	0.00000000
C7	c	0.30179742	0.26502470	0.06963278	0.60000000	8.60000000	0.01442808	0.00000000
C8	c	0.65099840	0.65732921	0.12445757	0.70000000	8.70000000	0.02889483	0.00000000
C9	c	0.48654479	0.17892668	0.24816641	0.80000000	8.80000000	0.01884469	0.00000000
C10	c	0.73032591	0.82822284	0.18483838	0.90000000	8.90000000	0.01114069	0.00000000
C11	c	0.69038097	0.57147937	0.15489289	1.00000000	9.00000000	0.01960754	0.00000000
C12	c	0.89955813	0.84455007	0.10595847	1.10000000	9.10000000	0.02110413	0.00000000
C13	c	0.21524398	0.49586981	0.05822589	1.20000000	9.20000000	0.02982007	0.00000000
C14	c	0.41745822	0.55761269	0.26206970	1.30000000	9.30000000	0.01998372	0.00000000
C15	c	0.83710988	0.14830799	0.16507634	1.40000000	9.40000000	0.02523117	0.00000000
C16	c	0.73325635	0.57448565	0.14002796	1.50000000	9.50000000	0.02901809	0.00000000
C17	c	0.66062735	0.99794088	0.02637821	1.60000000	9.60000000	0.01636930	0.00000000
C18	c	0.73427161	0.39798491	0.22455903	1.70000000	9.70000000	0.01621674	0.00000000
C19	c	0.78626836	0.09169151	0.09863037	1.80000000	9.80000000	0.02176094	0.00000000
C20	c	0.58459804	0.87254800	0.16410059	1.90000000	9.90000000	0.02501369	0.00000000
C21	c	0.45453915	0.62737232	0.20499962	2.00000000	10.00000000	0.01362935	0.00000000
C22	c	0.77712309	0.82649517	0.10725512	2.00000000	10.00000000	0.02508998	0.00000000
C23	c	0.48087265	0.11525519	0.23176641	2.00000000	10.00000000	0.02551296	0.00000000
C24	c	0.95195001	0.46054359	0.12178956	2.00000000	10.00000000	0.01714842	0.00000000
C25	c	0.83879135	0.77582714	0.19022939	2.00000000	10.00000000	0.01998111	0.00000000
C26	c	0.76801858	0.99585274	0.22341944	2.00000000	10.00000000	0.01735627	0.00000000
C27	c	0.13374168	0.04919092	0.05307099	2.00000000	10.00000000	0.02221331	0.00000000
C28	c	0.79071730	0.63168937	0.04653946	2.00000000	10.00000000	0.02423508	0.00000000
C29	c	0.08237096	0.81494059	0.22463242	2.00000000	10.00000000	0.02116958	0.00000000
C30	c	0.39409504	0.33023606	0.26036763	2.00000000	10.00000000	0.02638581	0.00000000

Q Vehicle fuel tank capacity /0.40000000/
C Vehicle load capacity /1.50000000/
r fuel consumption rate /0.25000000/
g inverse refueling rate /1.00000000/
v average Velocity /1.00000000/
