StringID	Type	x	y	demand	ReadyTime	DueDate	ServiceTime	altitude
D0	d	0.50000000	0.50000000	0.00000000	0.00000000	10.00000000	0.00000000	0.00000000
S0	f	0.00037284	0.28157863	0.00000000	0.00000000	10.00000000	0.00000000	0.00000000
S1	f	0.11098561	0.92428662	0.00000000	0.00000000	10.00000000	0.00000000	0.00000000
S2	f	0.81877600	0.50865507	0.00000000	0.00000000	10.00000000	0.00000000	0.00000000
S3	f	0.31588508	0.37933681	0.00000000	0.00000000	10.00000000	0.00000000	0.00000000
S4	f	0.16480306	0.81849794	0.00000000	0.00000000	10.00000000	0.00000000	0.00000000
S5	f	0.75049839	0.63331610	0.00000000	0.00000000	10.00000000	0.00000000	0.00000000
C1	c	0.55389534	0.38246795	0.09948352	0.00000000	8.00000000	0.01628399	0.00000000
C2	c	0.92435332	0.59578211	0.23168339	0.10000000	8.10000000	0.01547158	0.00000000
C3	c	0.62593963	0.47389256	0.24291275	0.20000000	8.20000000	0.02264140	0.00000000
C4	c	0.73650995	0.88123222	0.09342672	0.30000000	8.30000000	0.02702397	0.00000000
C5	c	0.01332572	0.05596401	0.21656995	0.40000000	8.40000000	0.01113185	0.00000000
C6	c	0.99963741	0.25251052	0.27453366	0.50000000	8.50000000	0.02225534	0.00000000
C7	c	0.81883086	0.32801047	0.11478549	0.60000000	8.60000000	0.01053057	0.00000000
C8	c	0.23942071	0.61350656	0.11711456	0.70000000	8.70000000	0.02016011	0.00000000
C9	c	0.16783244	0.23577597	0.04902215	0.80000000	8.80000000	0.02885047	0.00000000
C10	c	0.01799580	0.72698387	0.10756765	0.90000000	8.90000000	0.01314075	0.00000000
C11	c	0.69988381	0.90315579	0.14027705	1.00000000	9.00000000	0.02491936	0.00000000
C12	c	0.85887891	0.68047785	0.02796662	1.10000000	9.10000000	0.01933507	0.00000000
C13	c	0.06578118	0.30009844	0.12162870	1.20000000	9.20000000	0.01639688	0.00000000
C14	c	0.49236897	0.61516431	0.22153072	1.30000000	9.30000000	0.01965550	0.00000000
C15	c	0.47695922	0.96778959	0.18017719	1.40000000	9.40000000	0.02623144	0.00000000
C16	c	0.50026541	0.34808483	0.27320400	1.50000000	9.50000000	0.02172367	0.00000000
C17	c	0.25953232	0.36111325	0.10925479	1.60000000	9.60000000	0.01061201	0.00000000
C18	c	0.91904346	0.71477365	0.24408425	1.70000000	9.70000000	0.01153559	0.00000000
C19	c	0.60629097	0.88865495	0.02099956	1.80000000	9.80000000	0.02629030	0.00000000
C20	c	0.00037284	0.28157863	0.15171180	1.90000000	9.90000000	0.01874151	0.00000000
C21	c	0.19957517	0.68944892	0.05629271	2.00000000	10.00000000	0.02740657	0.00000000
C22	c	0.95210296	0.63425587	0.21042560	2.00000000	10.00000000	0.02491383	0.00000000
C23	c	0.13786810	0.66186498	0.27217137	2.00000000	10.00000000	0.02420235	0.00000000
C24	c	0.36659008	0.94184566	0.08816611	2.00000000	10.00000000	0.02049557	0.00000000
C25	c	0.12038713	0.18455373	0.02795390	2.00000000	10.00000000	0.02380633	0.00000000
C26	c	0.73653900	0.83476079	0.15759002	2.00000000	10.00000000	0.01087663	0.00000000
C27	c	0.27897910	0.63853755	0.24326120	2.00000000	10.00000000	0.01529211	0.00000000
C28	c	0.61442825	0.29076100	0.10721873	2.00000000	10.00000000	0.01067540	0.00000000
C29	c	0.47027139	0.84231683	0.04165476	2.00000000	10.00000000	0.02812418	0.00000000
C30	c	0.78199086	0.42232372	0.25733107	2.00000000	10.00000000	0.02208417	0.00000000

Q Vehicle fuel tank capacity /0.40000000/
C Vehicle load capacity /1.50000000/
r fuel consumption rate /0.25000000/
g inverse refueling rate /1.00000000/
v average Velocity /1.00000000/
