StringID	Type	x	y	demand	ReadyTime	DueDate	ServiceTime	altitude
D0	d	0.50000000	0.50000000	0.00000000	0.00000000	10.00000000	0.00000000	0.00000000
S0	f	0.19502367	0.31573957	0.00000000	0.00000000	10.00000000	0.00000000	0.00000000
S1	f	0.12594870	0.41471268	0.00000000	0.00000000	10.00000000	0.00000000	0.00000000
S2	f	0.53746895	0.11506001	0.00000000	0.00000000	10.00000000	0.00000000	0.00000000
S3	f	0.80582412	0.16304060	0.00000000	0.00000000	10.00000000	0.00000000	0.00000000
S4	f	0.68173866	0.72193793	0.00000000	0.00000000	10.00000000	0.00000000	0.00000000
S5	f	0.40532902	0.22965731	0.00000000	0.00000000	10.00000000	0.00000000	0.00000000
S6	f	0.12097979	0.34511069	0.00000000	0.00000000	10.00000000	0.00000000	0.00000000
S7	f	0.65449718	0.97723349	0.00000000	0.00000000	10.00000000	0.00000000	0.00000000
S8	f	0.43871537	0.00479359	0.00000000	0.00000000	10.00000000	0.00000000	0.00000000
S9	f	0.86288062	0.00708683	0.00000000	0.00000000	10.00000000	0.00000000	0.00000000
C1	c	0.32786642	0.58343434	0.03087191	0.00000000	8.00000000	0.01965259	0.00000000
C2	c	0.31508260	0.64965461	0.06720319	0.06000000	8.06000000	0.01137362	0.00000000
C3	c	0.31690991	0.53484890	0.10625168	0.12000000	8.12000000	0.01976553	0.00000000
C4	c	0.51689417	0.95287877	0.14542065	0.18000000	8.18000000	0.01866866	0.00000000
C5	c	0.50334231	1.00000000	0.07751381	0.24000000	8.24000000	0.01792041	0.00000000
C6	c	0.55527384	1.00000000	0.15065224	0.30000000	8.30000000	0.02457422	0.00000000
C7	c	0.57602605	0.89500375	0.04165545	0.36000000	8.36000000	0.01835062	0.00000000
C8	c	0.64710007	0.08366219	0.02522629	0.42000000	8.42000000	0.02837423	0.00000000
C9	c	0.75675689	0.23269582	0.03375100	0.48000000	8.48000000	0.01382081	0.00000000
C10	c	0.75858401	0.15907498	0.16114372	0.54000000	8.54000000	0.01120032	0.00000000
C11	c	0.66341642	0.15593963	0.03816957	0.60000000	8.60000000	0.01892675	0.00000000
C12	c	0.65465408	0.20898369	0.13400774	0.66000000	8.66000000	0.02258889	0.00000000
C13	c	0.67164353	0.13760470	0.15356633	0.72000000	8.72000000	0.02933855	0.00000000
C14	c	0.73472783	0.12213763	0.01395023	0.78000000	8.78000000	0.01352547	0.00000000
C15	c	0.78953415	0.23077024	0.04347118	0.84000000	8.84000000	0.01838492	0.00000000
C16	c	0.88611095	0.68863931	0.11936766	0.90000000	8.90000000	0.02992980	0.00000000
C17	c	0.86889950	0.53315307	0.06246391	0.96000000	8.96000000	0.01022365	0.00000000
C18	c	0.94647261	0.68829683	0.05824069	1.02000000	9.02000000	0.02878646	0.00000000
C19	c	0.94971112	0.68529936	0.04211887	1.08000000	9.08000000	0.02042723	0.00000000
C20	c	0.86071853	0.69671356	0.17425431	1.14000000	9.14000000	0.01323529	0.00000000
C21	c	0.84812588	0.75849830	0.06850412	1.20000000	9.20000000	0.02228344	0.00000000
C22	c	0.00000000	0.22688003	0.09259935	1.26000000	9.26000000	0.02167273	0.00000000
C23	c	0.00000000	0.13014300	0.17068002	1.32000000	9.32000000	0.01503620	0.00000000
C24	c	0.06903490	0.13193066	0.10019216	1.38000000	9.38000000	0.01709841	0.00000000
C25	c	0.05673425	0.16472223	0.08885617	1.44000000	9.44000000	0.02992858	0.00000000
C26	c	0.54089810	0.35381049	0.12055408	1.50000000	9.50000000	0.02985901	0.00000000
C27	c	0.19857283	0.05738297	0.04072069	1.56000000	9.56000000	0.02599514	0.00000000
C28	c	0.51518430	0.31827413	0.14768282	1.62000000	9.62000000	0.01648803	0.00000000
C29	c	0.16658175	0.65456361	0.10285945	1.68000000	9.68000000	0.02231992	0.00000000
C30	c	0.20227787	0.58534466	0.07143222	1.74000000	9.74000000	0.01663457	0.00000000
C31	c	0.10818572	0.00137611	0.04535519	1.80000000	9.80000000	0.02914585	0.00000000
C32	c	0.68355327	0.29128823	0.02163793	1.86000000	9.86000000	0.02356681	0.00000000
C33	c	0.90413793	0.38084483	0.09854001	1.92000000	9.92000000	0.02493314	0.00000000
C34	c	0.90792334	0.89729241	0.06546278	1.98000000	9.98000000	0.02615941	0.00000000
C35	c	0.72000083	0.21130433	0.15006796	2.00000000	10.00000000	0.02176679	0.00000000
C36	c	0.48262937	0.06868080	0.13963331	2.00000000	10.00000000	0.02673822	0.00000000
C37	c	0.48827661	0.43343299	0.03998129	2.00000000	10.00000000	0.02779801	0.00000000
C38	c	0.39602070	0.72871114	0.12195313	2.00000000	10.00000000	0.02535095	0.00000000
C39	c	0.41753117	0.91871160	0.04597757	2.00000000	10.00000000	0.02393635	0.00000000
C40	c	0.44633761	0.62944475	0.11032564	2.00000000	10.00000000	0.02935975	0.00000000
C41	c	0.96692733	0.17627365	0.03017185	2.00000000	10.00000000	0.01786561	0.00000000
C42	c	0.41924591	0.99648989	0.01222983	2.00000000	10.00000000	0.02631525	0.00000000
C43	c	0.01118262	0.93932317	0.12682285	2.00000000	10.00000000	0.02060170	0.00000000
C44	c	0.52136134	0.16176473	0.06092965	2.00000000	10.00000000	0.01324974	0.00000000
C45	c	0.61417192	0.58363640	0.16387695	2.00000000	10.00000000	0.02844446	0.00000000
C46	c	0.25180990	0.35492026	0.07597349	2.00000000	10.00000000	0.02810641	0.00000000
C47	c	0.99642900	0.99295028	0.16451283	2.00000000	10.00000000	0.01967590	0.00000000
C48	c	0.79975709	0.32440167	0.16272703	2.00000000	10.00000000	0.01020615	0.00000000
C49	c	0.61599621	0.33172829	0.13294536	2.00000000	10.00000000	0.01469842	0.00000000
C50	c	0.74665720	0.80797048	0.04749385	2.00000000	10.00000000	0.02351691	0.00000000

Q Vehicle fuel tank capacity /0.40000000/
C Vehicle load capacity /1.50000000/
r fuel consumption rate /0.25000000/
g inverse refueling rate /1.00000000/
v average Velocity /1.00000000/
