StringID	Type	x	y	demand	ReadyTime	DueDate	ServiceTime	altitude
D0	d	0.50000000	0.50000000	0.00000000	0.00000000	10.00000000	0.00000000	0.00000000
S0	f	0.54089935	0.70516931	0.00000000	0.00000000	10.00000000	0.00000000	0.00000000
S1	f	0.39295301	0.29177617	0.00000000	0.00000000	10.00000000	0.00000000	0.00000000
S2	f	0.45933072	0.04936469	0.00000000	0.00000000	10.00000000	0.00000000	0.00000000
S3	f	0.46291456	0.47243583	0.00000000	0.00000000	10.00000000	0.00000000	0.00000000
S4	f	0.05888011	0.63576935	0.00000000	0.00000000	10.00000000	0.00000000	0.00000000
S5	f	0.64037491	0.79385759	0.00000000	0.00000000	10.00000000	0.00000000	0.00000000
S6	f	0.02735588	0.55031540	0.00000000	0.00000000	10.00000000	0.00000000	0.00000000
S7	f	0.02283014	0.40715931	0.00000000	0.00000000	10.00000000	0.00000000	0.00000000
S8	f	0.73358091	0.07608331	0.00000000	0.00000000	10.00000000	0.00000000	0.00000000
S9	f	0.37272180	0.24576523	0.00000000	0.00000000	10.00000000	0.00000000	0.00000000
C1	c	0.54741619	0.67136889	0.01514995	0.00000000	8.00000000	0.01003202	0.00000000
C2	c	0.68478669	0.22362091	0.05136976	0.06000000	8.06000000	0.02026961	0.00000000
C3	c	0.51330724	0.55152699	0.10800605	0.12000000	8.12000000	0.02238552	0.00000000
C4	c	0.99126803	0.08744711	0.15858872	0.18000000	8.18000000	0.02442274	0.00000000
C5	c	0.91285075	0.11352524	0.06067389	0.24000000	8.24000000	0.01560019	0.00000000
C6	c	0.08969667	0.19161957	0.05220605	0.30000000	8.30000000	0.01056739	0.00000000
C7	c	0.84154754	0.94995796	0.04574141	0.36000000	8.36000000	0.01398040	0.00000000
C8	c	0.63651167	0.01198900	0.06974012	0.42000000	8.42000000	0.01624496	0.00000000
C9	c	0.36907255	0.15162641	0.04283644	0.48000000	8.48000000	0.01630968	0.00000000
C10	c	0.33466804	0.56751420	0.04339112	0.54000000	8.54000000	0.01541712	0.00000000
C11	c	0.03293354	0.20470520	0.13026173	0.60000000	8.60000000	0.01577273	0.00000000
C12	c	0.95950339	0.68051287	0.05340332	0.66000000	8.66000000	0.01390294	0.00000000
C13	c	0.65102149	0.38909485	0.16661638	0.72000000	8.72000000	0.02616708	0.00000000
C14	c	0.83409561	0.48468225	0.16136589	0.78000000	8.78000000	0.01046221	0.00000000
C15	c	0.90535910	0.28954216	0.08467665	0.84000000	8.84000000	0.02366831	0.00000000
C16	c	0.71098506	0.03761441	0.17928197	0.90000000	8.90000000	0.02802151	0.00000000
C17	c	0.11597982	0.89459821	0.11272064	0.96000000	8.96000000	0.02433869	0.00000000
C18	c	0.58534846	0.18230851	0.16675312	1.02000000	9.02000000	0.01950307	0.00000000
C19	c	0.41211266	0.33922013	0.17517014	1.08000000	9.08000000	0.01488718	0.00000000
C20	c	0.87451773	0.86910866	0.12142165	1.14000000	9.14000000	0.02432521	0.00000000
C21	c	0.30037050	0.11405430	0.03886391	1.20000000	9.20000000	0.01357027	0.00000000
C22	c	0.48344421	0.96196035	0.02046953	1.26000000	9.26000000	0.02928556	0.00000000
C23	c	0.19895431	0.19208791	0.02432404	1.32000000	9.32000000	0.01973033	0.00000000
C24	c	0.12902304	0.06829585	0.03372232	1.38000000	9.38000000	0.02375906	0.00000000
C25	c	0.63596084	0.70277654	0.15894683	1.44000000	9.44000000	0.02939830	0.00000000
C26	c	0.32115176	0.38230006	0.09178033	1.50000000	9.50000000	0.02554636	0.00000000
C27	c	0.71750195	0.67951850	0.10681794	1.56000000	9.56000000	0.01856800	0.00000000
C28	c	0.38433243	0.60875669	0.03090875	1.62000000	9.62000000	0.02418487	0.00000000
C29	c	0.19436390	0.67172315	0.04563744	1.68000000	9.68000000	0.01348606	0.00000000
C30	c	0.19711171	0.81659123	0.07274649	1.74000000	9.74000000	0.02831995	0.00000000
C31	c	0.88838311	0.93398745	0.01483441	1.80000000	9.80000000	0.02380673	0.00000000
C32	c	0.56658337	0.74036548	0.15973301	1.86000000	9.86000000	0.01444461	0.00000000
C33	c	0.50666808	0.61677606	0.03315294	1.92000000	9.92000000	0.01397771	0.00000000
C34	c	0.39295301	0.29177617	0.17317152	1.98000000	9.98000000	0.02008134	0.00000000
C35	c	0.50942777	0.18478724	0.09144169	2.00000000	10.00000000	0.01443139	0.00000000
C36	c	0.08524856	0.67321120	0.12461689	2.00000000	10.00000000	0.01577417	0.00000000
C37	c	0.68867974	0.94812884	0.17164715	2.00000000	10.00000000	0.01013897	0.00000000
C38	c	0.20477352	0.34036278	0.01765582	2.00000000	10.00000000	0.02521758	0.00000000
C39	c	0.61852491	0.44232668	0.09563660	2.00000000	10.00000000	0.02832253	0.00000000
C40	c	0.53270890	0.40710730	0.10208760	2.00000000	10.00000000	0.02611951	0.00000000
C41	c	0.44812217	0.67692772	0.03603624	2.00000000	10.00000000	0.01017465	0.00000000
C42	c	0.75323505	0.12071737	0.08810157	2.00000000	10.00000000	0.01635407	0.00000000
C43	c	0.57771623	0.08809661	0.04328094	2.00000000	10.00000000	0.02724370	0.00000000
C44	c	0.92384539	0.34439584	0.12907019	2.00000000	10.00000000	0.01725896	0.00000000
C45	c	0.40597369	0.71200630	0.05985833	2.00000000	10.00000000	0.01211736	0.00000000
C46	c	0.32363651	0.29363407	0.12315690	2.00000000	10.00000000	0.02954895	0.00000000
C47	c	0.24024590	0.66978561	0.15023037	2.00000000	10.00000000	0.01535955	0.00000000
C48	c	0.72890337	0.75020120	0.09203189	2.00000000	10.00000000	0.01316356	0.00000000
C49	c	0.54272364	0.26203682	0.01225120	2.00000000	10.00000000	0.02654020	0.00000000
C50	c	0.95044138	0.95327013	0.15841215	2.00000000	10.00000000	0.02032419	0.00000000

Q Vehicle fuel tank capacity /0.40000000/
C Vehicle load capacity /1.50000000/
r fuel consumption rate /0.25000000/
g inverse refueling rate /1.00000000/
v average Velocity /1.00000000/
