StringID	Type	x	y	demand	ReadyTime	DueDate	ServiceTime	altitude
D0	d	0.50000000	0.50000000	0.00000000	0.00000000	10.00000000	0.00000000	0.00000000
S0	f	0.84553957	0.72577255	0.00000000	0.00000000	10.00000000	0.00000000	0.00000000
S1	f	0.20137603	0.70305036	0.00000000	0.00000000	10.00000000	0.00000000	0.00000000
S2	f	0.17389522	0.87715803	0.00000000	0.00000000	10.00000000	0.00000000	0.00000000
S3	f	0.21986455	0.38731698	0.00000000	0.00000000	10.00000000	0.00000000	0.00000000
S4	f	0.97370910	0.43273186	0.00000000	0.00000000	10.00000000	0.00000000	0.00000000
S5	f	0.31244993	0.97722253	0.00000000	0.00000000	10.00000000	0.00000000	0.00000000
C1	c	0.41007135	0.23510353	0.04909571	0.00000000	8.00000000	0.02282113	0.00000000
C2	c	0.36714782	0.17335535	0.22208966	0.10000000	8.10000000	0.01900257	0.00000000
C3	c	0.33044087	0.10132006	0.27510737	0.20000000	8.20000000	0.01966020	0.00000000
C4	c	0.42173211	0.15635145	0.11606971	0.30000000	8.30000000	0.02401362	0.00000000
C5	c	0.80315175	0.75485826	0.24865224	0.40000000	8.40000000	0.02579601	0.00000000
C6	c	0.80495660	0.57635785	0.26270265	0.50000000	8.50000000	0.02286596	0.00000000
C7	c	0.93315017	0.68485530	0.20563231	0.60000000	8.60000000	0.01395218	0.00000000
C8	c	0.79738926	0.66819719	0.07590673	0.70000000	8.70000000	0.02289585	0.00000000
C9	c	0.29398309	0.25857373	0.27767433	0.80000000	8.80000000	0.02414022	0.00000000
C10	c	0.23325863	0.22608860	0.02660281	0.90000000	8.90000000	0.01567119	0.00000000
C11	c	0.31481432	0.28109127	0.16848587	1.00000000	9.00000000	0.02011814	0.00000000
C12	c	0.24352406	0.29305869	0.13927687	1.10000000	9.10000000	0.01005146	0.00000000
C13	c	0.27974085	0.25000307	0.02647362	1.20000000	9.20000000	0.02500643	0.00000000
C14	c	0.28108374	0.22090436	0.09559464	1.30000000	9.30000000	0.01003629	0.00000000
C15	c	0.28229806	0.23127155	0.23999961	1.40000000	9.40000000	0.01902939	0.00000000
C16	c	0.94515995	0.05162567	0.27506491	1.50000000	9.50000000	0.01439312	0.00000000
C17	c	0.22625628	0.44529398	0.05276102	1.60000000	9.60000000	0.02902880	0.00000000
C18	c	0.45906361	0.43644056	0.16445540	1.70000000	9.70000000	0.01741464	0.00000000
C19	c	0.31001832	0.38926924	0.02232918	1.80000000	9.80000000	0.02516512	0.00000000
C20	c	0.68005560	0.70375697	0.06943494	1.90000000	9.90000000	0.02005757	0.00000000
C21	c	0.64105630	0.45012846	0.28188530	2.00000000	10.00000000	0.02715615	0.00000000
C22	c	0.48300981	0.70068097	0.03412116	2.00000000	10.00000000	0.01902515	0.00000000
C23	c	0.19760886	0.64479228	0.08254371	2.00000000	10.00000000	0.02354338	0.00000000
C24	c	0.70701089	0.28355946	0.14327969	2.00000000	10.00000000	0.01683589	0.00000000
C25	c	0.50590723	0.00257319	0.14709781	2.00000000	10.00000000	0.02638611	0.00000000
C26	c	0.75032148	0.00181430	0.14082477	2.00000000	10.00000000	0.02678075	0.00000000
C27	c	0.45146971	0.21965586	0.10576971	2.00000000	10.00000000	0.02655241	0.00000000
C28	c	0.95144005	0.37073224	0.12774484	2.00000000	10.00000000	0.01087827	0.00000000
C29	c	0.75825587	0.50287839	0.20837569	2.00000000	10.00000000	0.02313254	0.00000000
C30	c	0.85780731	0.45125774	0.21494774	2.00000000	10.00000000	0.01411871	0.00000000

Q Vehicle fuel tank capacity /0.40000000/
C Vehicle load capacity /1.50000000/
r fuel consumption rate /0.25000000/
g inverse refueling rate /1.00000000/
v average Velocity /1.00000000/
