StringID	Type	x	y	demand	ReadyTime	DueDate	ServiceTime	altitude
D0	d	0.50000000	0.50000000	0.00000000	0.00000000	10.00000000	0.00000000	0.00000000
S0	f	0.76438842	0.65259887	0.00000000	0.00000000	10.00000000	0.00000000	0.00000000
S1	f	0.16505248	0.99387419	0.00000000	0.00000000	10.00000000	0.00000000	0.00000000
S2	f	0.74989612	0.38146008	0.00000000	0.00000000	10.00000000	0.00000000	0.00000000
S3	f	0.69960029	0.83243758	0.00000000	0.00000000	10.00000000	0.00000000	0.00000000
S4	f	0.93812962	0.59504690	0.00000000	0.00000000	10.00000000	0.00000000	0.00000000
S5	f	0.54868974	0.47487685	0.00000000	0.00000000	10.00000000	0.00000000	0.00000000
S6	f	0.48645656	0.08335478	0.00000000	0.00000000	10.00000000	0.00000000	0.00000000
S7	f	0.18711145	0.79814128	0.00000000	0.00000000	10.00000000	0.00000000	0.00000000
S8	f	0.66497549	0.34938876	0.00000000	0.00000000	10.00000000	0.00000000	0.00000000
S9	f	0.73445227	0.24777405	0.00000000	0.00000000	10.00000000	0.00000000	0.00000000
C1	c	0.81843723	0.38950327	0.13125054	0.00000000	8.00000000	0.02557438	0.00000000
C2	c	0.76179203	0.43926581	0.04738025	0.06000000	8.06000000	0.02278291	0.00000000
C3	c	0.88411475	0.35928511	0.07494217	0.12000000	8.12000000	0.01293679	0.00000000
C4	c	0.65197960	0.08417602	0.02741746	0.18000000	8.18000000	0.01080806	0.00000000
C5	c	0.67820025	0.00000000	0.13822822	0.24000000	8.24000000	0.02490992	0.00000000
C6	c	0.70271133	0.03349389	0.14420035	0.30000000	8.30000000	0.02653412	0.00000000
C7	c	0.68039031	0.04869591	0.12770756	0.36000000	8.36000000	0.02995573	0.00000000
C8	c	0.63841082	0.05317837	0.11137087	0.42000000	8.42000000	0.02963411	0.00000000
C9	c	0.57718494	0.11738035	0.07301750	0.48000000	8.48000000	0.01664095	0.00000000
C10	c	0.66408504	0.00000000	0.11286424	0.54000000	8.54000000	0.02128207	0.00000000
C11	c	0.65687890	0.00000000	0.13080797	0.60000000	8.60000000	0.02477202	0.00000000
C12	c	0.70635826	0.09127585	0.07790757	0.66000000	8.66000000	0.02734012	0.00000000
C13	c	0.75661288	0.00000000	0.10305941	0.72000000	8.72000000	0.01803133	0.00000000
C14	c	0.71361005	0.07454890	0.14754785	0.78000000	8.78000000	0.01557232	0.00000000
C15	c	0.61764884	0.00000000	0.10078097	0.84000000	8.84000000	0.02119426	0.00000000
C16	c	0.79450843	0.01049870	0.10735780	0.90000000	8.90000000	0.02485956	0.00000000
C17	c	0.76171835	0.07236682	0.12216985	0.96000000	8.96000000	0.02200053	0.00000000
C18	c	0.68839018	0.03920176	0.09727081	1.02000000	9.02000000	0.02094198	0.00000000
C19	c	0.66217885	0.02971555	0.08385598	1.08000000	9.08000000	0.01240943	0.00000000
C20	c	0.81431540	0.63372026	0.06893507	1.14000000	9.14000000	0.02266756	0.00000000
C21	c	0.76662967	0.59100428	0.11410145	1.20000000	9.20000000	0.01318752	0.00000000
C22	c	0.80574227	0.67084377	0.04026603	1.26000000	9.26000000	0.02770598	0.00000000
C23	c	0.75598238	0.09851305	0.01466167	1.32000000	9.32000000	0.01237902	0.00000000
C24	c	0.81314804	0.03345345	0.09668907	1.38000000	9.38000000	0.01994297	0.00000000
C25	c	0.81602489	0.00000000	0.01977122	1.44000000	9.44000000	0.02098719	0.00000000
C26	c	0.71306355	0.73185356	0.12163693	1.50000000	9.50000000	0.01629072	0.00000000
C27	c	0.16467832	0.63054284	0.06409524	1.56000000	9.56000000	0.02164048	0.00000000
C28	c	0.67631548	0.55660360	0.09376196	1.62000000	9.62000000	0.01602141	0.00000000
C29	c	0.98282006	0.12315032	0.05399708	1.68000000	9.68000000	0.01088543	0.00000000
C30	c	0.92583349	0.46275041	0.09980660	1.74000000	9.74000000	0.02990035	0.00000000
C31	c	0.07694131	0.46920182	0.04585647	1.80000000	9.80000000	0.02646120	0.00000000
C32	c	0.43793512	0.94446211	0.08141554	1.86000000	9.86000000	0.01084968	0.00000000
C33	c	0.78560123	0.77871914	0.10363195	1.92000000	9.92000000	0.02664492	0.00000000
C34	c	0.63914545	0.14683967	0.10857276	1.98000000	9.98000000	0.02186942	0.00000000
C35	c	0.04040321	0.74549604	0.11117328	2.00000000	10.00000000	0.02417771	0.00000000
C36	c	0.82670612	0.99778651	0.03267691	2.00000000	10.00000000	0.01722989	0.00000000
C37	c	0.98170562	0.33204742	0.09715200	2.00000000	10.00000000	0.02103270	0.00000000
C38	c	0.56410340	0.73860121	0.10348687	2.00000000	10.00000000	0.01390568	0.00000000
C39	c	0.86700605	0.40156634	0.08691889	2.00000000	10.00000000	0.01267430	0.00000000
C40	c	0.27861606	0.55971320	0.14590674	2.00000000	10.00000000	0.01824102	0.00000000
C41	c	0.88529914	0.11895089	0.02692948	2.00000000	10.00000000	0.02089232	0.00000000
C42	c	0.49714842	0.54935929	0.13801986	2.00000000	10.00000000	0.02864274	0.00000000
C43	c	0.31453611	0.58202418	0.07392973	2.00000000	10.00000000	0.01047124	0.00000000
C44	c	0.30107061	0.04427129	0.02053421	2.00000000	10.00000000	0.02399134	0.00000000
C45	c	0.99501737	0.82305984	0.07482259	2.00000000	10.00000000	0.01384766	0.00000000
C46	c	0.04248389	0.83224597	0.07049532	2.00000000	10.00000000	0.01230813	0.00000000
C47	c	0.59347089	0.70888528	0.14059804	2.00000000	10.00000000	0.01104120	0.00000000
C48	c	0.36149441	0.55163512	0.14274197	2.00000000	10.00000000	0.01388985	0.00000000
C49	c	0.19528415	0.13371487	0.02966580	2.00000000	10.00000000	0.02192529	0.00000000
C50	c	0.41205096	0.54461577	0.11861189	2.00000000	10.00000000	0.01304481	0.00000000

Q Vehicle fuel tank capacity /0.40000000/
C Vehicle load capacity /1.50000000/
r fuel consumption rate /0.25000000/
g inverse refueling rate /1.00000000/
v average Velocity /1.00000000/
