StringID	Type	x	y	demand	ReadyTime	DueDate	ServiceTime	altitude
D0	d	0.50000000	0.50000000	0.00000000	0.00000000	10.00000000	0.00000000	0.00000000
S0	f	0.32053425	0.02469390	0.00000000	0.00000000	10.00000000	0.00000000	0.00000000
S1	f	0.66813630	0.25073668	0.00000000	0.00000000	10.00000000	0.00000000	0.00000000
S2	f	0.75277052	0.91536689	0.00000000	0.00000000	10.00000000	0.00000000	0.00000000
S3	f	0.49739412	0.61778072	0.00000000	0.00000000	10.00000000	0.00000000	0.00000000
S4	f	0.82497208	0.16280112	0.00000000	0.00000000	10.00000000	0.00000000	0.00000000
S5	f	0.15672505	0.76744330	0.00000000	0.00000000	10.00000000	0.00000000	0.00000000
C1	c	0.99097301	0.31856670	0.30140892	0.00000000	8.00000000	0.02898667	0.00000000
C2	c	1.00000000	0.33272610	0.22345375	0.10000000	8.10000000	0.02188156	0.00000000
C3	c	0.99931322	0.35084853	0.14711838	0.20000000	8.20000000	0.01511906	0.00000000
C4	c	0.94884639	0.37885904	0.12998292	0.30000000	8.30000000	0.01389269	0.00000000
C5	c	0.74166168	0.13703722	0.10427695	0.40000000	8.40000000	0.02369169	0.00000000
C6	c	0.73698341	0.16107155	0.16982033	0.50000000	8.50000000	0.01708160	0.00000000
C7	c	0.32763256	0.18069768	0.15352509	0.60000000	8.60000000	0.02486277	0.00000000
C8	c	0.18840224	0.21037888	0.02781045	0.70000000	8.70000000	0.01939890	0.00000000
C9	c	0.38130240	0.21710522	0.27503628	0.80000000	8.80000000	0.02026420	0.00000000
C10	c	0.27346047	0.15931741	0.04857061	0.90000000	8.90000000	0.01091074	0.00000000
C11	c	0.24735250	0.17745682	0.28783056	1.00000000	9.00000000	0.02755082	0.00000000
C12	c	0.26310943	0.18609516	0.26065747	1.10000000	9.10000000	0.02279362	0.00000000
C13	c	0.35168072	0.17953136	0.24955763	1.20000000	9.20000000	0.01068922	0.00000000
C14	c	0.28834952	0.16811045	0.22787541	1.30000000	9.30000000	0.01789604	0.00000000
C15	c	0.38148239	0.13530083	0.13654892	1.40000000	9.40000000	0.01821495	0.00000000
C16	c	0.25607417	0.29970754	0.02662975	1.50000000	9.50000000	0.02526725	0.00000000
C17	c	0.65551968	0.63100382	0.02774990	1.60000000	9.60000000	0.01126616	0.00000000
C18	c	0.71399774	0.05752696	0.08648161	1.70000000	9.70000000	0.02242049	0.00000000
C19	c	0.15227996	0.94933340	0.08329875	1.80000000	9.80000000	0.02080384	0.00000000
C20	c	0.59407793	0.25595299	0.09834691	1.90000000	9.90000000	0.02383913	0.00000000
C21	c	0.19463471	0.68458432	0.11144973	2.00000000	10.00000000	0.02193592	0.00000000
C22	c	0.35407998	0.74313853	0.21829777	2.00000000	10.00000000	0.01576935	0.00000000
C23	c	0.04553693	0.87754080	0.21093582	2.00000000	10.00000000	0.01624088	0.00000000
C24	c	0.63968116	0.03446114	0.23585834	2.00000000	10.00000000	0.01005568	0.00000000
C25	c	0.39480225	0.41074738	0.03872450	2.00000000	10.00000000	0.01176123	0.00000000
C26	c	0.76336238	0.06330801	0.18160911	2.00000000	10.00000000	0.01826660	0.00000000
C27	c	0.62102436	0.54019183	0.16988802	2.00000000	10.00000000	0.02230412	0.00000000
C28	c	0.69195664	0.59679625	0.12317160	2.00000000	10.00000000	0.02237695	0.00000000
C29	c	0.00278377	0.08806158	0.07690633	2.00000000	10.00000000	0.01746274	0.00000000
C30	c	0.41333016	0.61520606	0.06717820	2.00000000	10.00000000	0.01696109	0.00000000

Q Vehicle fuel tank capacity /0.40000000/
C Vehicle load capacity /1.50000000/
r fuel consumption rate /0.25000000/
g inverse refueling rate /1.00000000/
v average Velocity /1.00000000/
