StringID	Type	x	y	demand	ReadyTime	DueDate	ServiceTime	altitude
D0	d	0.50000000	0.50000000	0.00000000	0.00000000	10.00000000	0.00000000	0.00000000
S0	f	0.21665435	0.03762697	0.00000000	0.00000000	10.00000000	0.00000000	0.00000000
S1	f	0.24659095	0.43970151	0.00000000	0.00000000	10.00000000	0.00000000	0.00000000
S2	f	0.56667440	0.37720812	0.00000000	0.00000000	10.00000000	0.00000000	0.00000000
S3	f	0.35323613	0.24815686	0.00000000	0.00000000	10.00000000	0.00000000	0.00000000
S4	f	0.80075290	0.56540318	0.00000000	0.00000000	10.00000000	0.00000000	0.00000000
S5	f	0.93549193	0.77970533	0.00000000	0.00000000	10.00000000	0.00000000	0.00000000
S6	f	0.86814084	0.34241551	0.00000000	0.00000000	10.00000000	0.00000000	0.00000000
S7	f	0.94868476	0.51513120	0.00000000	0.00000000	10.00000000	0.00000000	0.00000000
S8	f	0.44383138	0.28334731	0.00000000	0.00000000	10.00000000	0.00000000	0.00000000
S9	f	0.91231623	0.39736781	0.00000000	0.00000000	10.00000000	0.00000000	0.00000000
C1	c	0.49961945	0.11429641	0.15054954	0.00000000	8.00000000	0.01715864	0.00000000
C2	c	0.54906483	0.08117465	0.02354635	0.06000000	8.06000000	0.02293558	0.00000000
C3	c	0.36927563	0.15841302	0.14572443	0.12000000	8.12000000	0.02423138	0.00000000
C4	c	0.52594377	0.07129550	0.14071044	0.18000000	8.18000000	0.01970593	0.00000000
C5	c	0.47709713	0.11747513	0.04140541	0.24000000	8.24000000	0.02647469	0.00000000
C6	c	0.24487031	0.00000000	0.10325961	0.30000000	8.30000000	0.01919058	0.00000000
C7	c	0.17089213	0.03276385	0.04241028	0.36000000	8.36000000	0.01809026	0.00000000
C8	c	0.18257286	0.07391249	0.06772430	0.42000000	8.42000000	0.01517485	0.00000000
C9	c	0.25529354	0.05299754	0.14635494	0.48000000	8.48000000	0.01691606	0.00000000
C10	c	0.79970112	0.33782036	0.02222562	0.54000000	8.54000000	0.01319421	0.00000000
C11	c	0.66474551	0.22899411	0.15285855	0.60000000	8.60000000	0.01712288	0.00000000
C12	c	0.69116051	0.29296234	0.09047773	0.66000000	8.66000000	0.02978111	0.00000000
C13	c	0.75441971	0.28707350	0.13089190	0.72000000	8.72000000	0.01306626	0.00000000
C14	c	0.75151436	0.26598117	0.12183234	0.78000000	8.78000000	0.01469831	0.00000000
C15	c	0.65693267	0.32688913	0.14556803	0.84000000	8.84000000	0.02552592	0.00000000
C16	c	0.76244058	0.28722144	0.05627338	0.90000000	8.90000000	0.02445883	0.00000000
C17	c	0.30155266	0.41973780	0.05159009	0.96000000	8.96000000	0.02758026	0.00000000
C18	c	0.22034669	0.51760715	0.01464253	1.02000000	9.02000000	0.02421816	0.00000000
C19	c	0.34946042	0.37836835	0.13087347	1.08000000	9.08000000	0.02070708	0.00000000
C20	c	0.19056679	0.51360663	0.16474695	1.14000000	9.14000000	0.02490672	0.00000000
C21	c	0.89608911	0.19296141	0.09421286	1.20000000	9.20000000	0.01988246	0.00000000
C22	c	1.00000000	0.23305903	0.13731439	1.26000000	9.26000000	0.01503647	0.00000000
C23	c	0.86578033	0.22671734	0.02556815	1.32000000	9.32000000	0.01764185	0.00000000
C24	c	1.00000000	0.24623416	0.08205148	1.38000000	9.38000000	0.01489086	0.00000000
C25	c	0.97435915	0.21172222	0.17007952	1.44000000	9.44000000	0.01189041	0.00000000
C26	c	0.08436977	0.42854833	0.02795151	1.50000000	9.50000000	0.02717563	0.00000000
C27	c	0.96494306	0.09889262	0.03787119	1.56000000	9.56000000	0.01787700	0.00000000
C28	c	0.15933776	0.26460502	0.05514666	1.62000000	9.62000000	0.02837755	0.00000000
C29	c	0.93655232	0.29837627	0.06833210	1.68000000	9.68000000	0.01468829	0.00000000
C30	c	0.29382466	0.11161303	0.03696365	1.74000000	9.74000000	0.01624653	0.00000000
C31	c	0.05053516	0.50756712	0.16542030	1.80000000	9.80000000	0.02576381	0.00000000
C32	c	0.74338866	0.67592393	0.06068888	1.86000000	9.86000000	0.01010542	0.00000000
C33	c	0.61340233	0.50398269	0.05994191	1.92000000	9.92000000	0.02396016	0.00000000
C34	c	0.40194126	0.70870153	0.03003906	1.98000000	9.98000000	0.02684152	0.00000000
C35	c	0.27679276	0.65406210	0.02001554	2.00000000	10.00000000	0.02987044	0.00000000
C36	c	0.10705987	0.69639901	0.09501930	2.00000000	10.00000000	0.02935403	0.00000000
C37	c	0.26199543	0.96971204	0.13372011	2.00000000	10.00000000	0.02959649	0.00000000
C38	c	0.53884946	0.31596852	0.12264843	2.00000000	10.00000000	0.01622773	0.00000000
C39	c	0.35793204	0.64677878	0.11238798	2.00000000	10.00000000	0.01434462	0.00000000
C40	c	0.71156900	0.48529661	0.09443106	2.00000000	10.00000000	0.01116478	0.00000000
C41	c	0.82373445	0.45952877	0.07768498	2.00000000	10.00000000	0.01988371	0.00000000
C42	c	0.40451302	0.25874229	0.12802758	2.00000000	10.00000000	0.01069113	0.00000000
C43	c	0.35614398	0.98905549	0.05714679	2.00000000	10.00000000	0.02064362	0.00000000
C44	c	0.77629622	0.72294136	0.11906067	2.00000000	10.00000000	0.02006317	0.00000000
C45	c	0.87901300	0.71090801	0.02929184	2.00000000	10.00000000	0.01192736	0.00000000
C46	c	0.53535393	0.74533595	0.12600861	2.00000000	10.00000000	0.01442647	0.00000000
C47	c	0.49412285	0.25182351	0.05471840	2.00000000	10.00000000	0.02623222	0.00000000
C48	c	0.09452046	0.85878140	0.17086216	2.00000000	10.00000000	0.01056265	0.00000000
C49	c	0.39384977	0.91887729	0.10015306	2.00000000	10.00000000	0.02679741	0.00000000
C50	c	0.23441436	0.31232663	0.06357595	2.00000000	10.00000000	0.02897032	0.00000000

Q Vehicle fuel tank capacity /0.40000000/
C Vehicle load capacity /1.50000000/
r fuel consumption rate /0.25000000/
g inverse refueling rate /1.00000000/
v average Velocity /1.00000000/
