StringID	Type	x	y	demand	ReadyTime	DueDate	ServiceTime	altitude
D0	d	0.50000000	0.50000000	0.00000000	0.00000000	10.00000000	0.00000000	0.00000000
S0	f	0.56353565	0.32531964	0.00000000	0.00000000	10.00000000	0.00000000	0.00000000
S1	f	0.38557725	0.22936421	0.00000000	0.00000000	10.00000000	0.00000000	0.00000000
S2	f	0.57118809	0.59505593	0.00000000	0.00000000	10.00000000	0.00000000	0.00000000
S3	f	0.49370825	0.80654751	0.00000000	0.00000000	10.00000000	0.00000000	0.00000000
S4	f	0.81560872	0.16851599	0.00000000	0.00000000	10.00000000	0.00000000	0.00000000
S5	f	0.80296844	0.01624229	0.00000000	0.00000000	10.00000000	0.00000000	0.00000000
C1	c	0.31815999	0.45725948	0.14042378	0.00000000	8.00000000	0.01298208	0.00000000
C2	c	0.36366956	0.35964762	0.11711287	0.10000000	8.10000000	0.02784231	0.00000000
C3	c	0.28345041	0.42416929	0.02588121	0.20000000	8.20000000	0.01596013	0.00000000
C4	c	0.27985192	0.36178565	0.20262310	0.30000000	8.30000000	0.02906338	0.00000000
C5	c	0.34529982	0.39065351	0.01870908	0.40000000	8.40000000	0.01900739	0.00000000
C6	c	0.65964046	0.96296724	0.07726437	0.50000000	8.50000000	0.02414541	0.00000000
C7	c	0.61460830	0.90116281	0.02449397	0.60000000	8.60000000	0.01860954	0.00000000
C8	c	0.65877543	0.93663537	0.12892314	0.70000000	8.70000000	0.01967683	0.00000000
C9	c	0.68060373	1.00000000	0.11032229	0.80000000	8.80000000	0.02390563	0.00000000
C10	c	0.01236714	0.40026727	0.20275277	0.90000000	8.90000000	0.01084401	0.00000000
C11	c	0.04857359	0.36898355	0.22346775	1.00000000	9.00000000	0.02894066	0.00000000
C12	c	0.00000000	0.31990775	0.23130369	1.10000000	9.10000000	0.02251852	0.00000000
C13	c	0.00000000	0.36038195	0.25476084	1.20000000	9.20000000	0.01998293	0.00000000
C14	c	0.07706974	0.44206588	0.24010457	1.30000000	9.30000000	0.02997581	0.00000000
C15	c	0.05191481	0.44727498	0.05234067	1.40000000	9.40000000	0.02188780	0.00000000
C16	c	0.04246767	0.18780653	0.25098826	1.50000000	9.50000000	0.01296920	0.00000000
C17	c	0.24356714	0.45059636	0.22151412	1.60000000	9.60000000	0.02492551	0.00000000
C18	c	0.82639236	0.95787058	0.13016738	1.70000000	9.70000000	0.02106390	0.00000000
C19	c	0.24573892	0.78920538	0.15553857	1.80000000	9.80000000	0.01811547	0.00000000
C20	c	0.72388742	0.86285477	0.24781090	1.90000000	9.90000000	0.01868947	0.00000000
C21	c	0.14910392	0.89211527	0.02719896	2.00000000	10.00000000	0.02084013	0.00000000
C22	c	0.29800648	0.95316894	0.06190658	2.00000000	10.00000000	0.02718543	0.00000000
C23	c	0.45036967	0.70727053	0.07522248	2.00000000	10.00000000	0.02769991	0.00000000
C24	c	0.43047725	0.48384159	0.12466204	2.00000000	10.00000000	0.01558458	0.00000000
C25	c	0.69528174	0.04220034	0.21440391	2.00000000	10.00000000	0.01042520	0.00000000
C26	c	0.94703313	0.62592586	0.24580154	2.00000000	10.00000000	0.02821943	0.00000000
C27	c	0.49914644	0.99879043	0.07574111	2.00000000	10.00000000	0.01227849	0.00000000
C28	c	0.59438977	0.14846006	0.20552348	2.00000000	10.00000000	0.01921598	0.00000000
C29	c	0.74627546	0.55319488	0.18992525	2.00000000	10.00000000	0.02280297	0.00000000
C30	c	0.40577357	0.43447328	0.22311131	2.00000000	10.00000000	0.01811141	0.00000000

Q Vehicle fuel tank capacity /0.40000000/
C Vehicle load capacity /1.50000000/
r fuel consumption rate /0.25000000/
g inverse refueling rate /1.00000000/
v average Velocity /1.00000000/
