StringID	Type	x	y	demand	ReadyTime	DueDate	ServiceTime	altitude
D0	d	0.50000000	0.50000000	0.00000000	0.00000000	10.00000000	0.00000000	0.00000000
S0	f	0.34510908	0.45161783	0.00000000	0.00000000	10.00000000	0.00000000	0.00000000
S1	f	0.10731099	0.10002213	0.00000000	0.00000000	10.00000000	0.00000000	0.00000000
S2	f	0.31961497	0.90818555	0.00000000	0.00000000	10.00000000	0.00000000	0.00000000
S3	f	0.55142830	0.46075013	0.00000000	0.00000000	10.00000000	0.00000000	0.00000000
S4	f	0.86045152	0.40595147	0.00000000	0.00000000	10.00000000	0.00000000	0.00000000
S5	f	0.39015808	0.60833640	0.00000000	0.00000000	10.00000000	0.00000000	0.00000000
C1	c	0.01806240	0.33942573	0.24641825	0.00000000	8.00000000	0.01372222	0.00000000
C2	c	0.02167624	0.22960009	0.03166735	0.10000000	8.10000000	0.01623572	0.00000000
C3	c	0.05369575	0.83687042	0.08875805	0.20000000	8.20000000	0.02902623	0.00000000
C4	c	0.31236293	0.00012174	0.23553747	0.30000000	8.30000000	0.02826669	0.00000000
C5	c	0.68478994	0.70153561	0.27388382	0.40000000	8.40000000	0.02008116	0.00000000
C6	c	0.75955625	0.77742845	0.27055713	0.50000000	8.50000000	0.01083992	0.00000000
C7	c	0.16792746	0.24242318	0.16285204	0.60000000	8.60000000	0.01611579	0.00000000
C8	c	0.23732966	0.64720679	0.02635484	0.70000000	8.70000000	0.02606547	0.00000000
C9	c	0.89531087	0.44212642	0.14304777	0.80000000	8.80000000	0.02060560	0.00000000
C10	c	0.60643993	0.08744546	0.22147156	0.90000000	8.90000000	0.01723796	0.00000000
C11	c	0.02455029	0.78143229	0.08244602	1.00000000	9.00000000	0.01680928	0.00000000
C12	c	0.24686981	0.59054298	0.24673972	1.10000000	9.10000000	0.02087512	0.00000000
C13	c	0.57631165	0.21746115	0.11374496	1.20000000	9.20000000	0.01711773	0.00000000
C14	c	0.85548678	0.10595615	0.04938911	1.30000000	9.30000000	0.01929686	0.00000000
C15	c	0.86412477	0.16283248	0.18114886	1.40000000	9.40000000	0.01676297	0.00000000
C16	c	0.99127234	0.87127959	0.04314846	1.50000000	9.50000000	0.01189626	0.00000000
C17	c	0.09241620	0.05832923	0.11937859	1.60000000	9.60000000	0.02770801	0.00000000
C18	c	0.04330515	0.88376467	0.16026139	1.70000000	9.70000000	0.01621645	0.00000000
C19	c	0.18907155	0.12166581	0.12176915	1.80000000	9.80000000	0.02164976	0.00000000
C20	c	0.34510908	0.45161783	0.02531829	1.90000000	9.90000000	0.01541699	0.00000000
C21	c	0.35199776	0.97384501	0.26966539	2.00000000	10.00000000	0.02969805	0.00000000
C22	c	0.14883609	0.45996419	0.09366282	2.00000000	10.00000000	0.01503336	0.00000000
C23	c	0.94605371	0.85910251	0.17005832	2.00000000	10.00000000	0.01148707	0.00000000
C24	c	0.44319716	0.02342317	0.02314171	2.00000000	10.00000000	0.01206198	0.00000000
C25	c	0.88088490	0.22791547	0.04660438	2.00000000	10.00000000	0.01379988	0.00000000
C26	c	0.13433952	0.52351821	0.26062119	2.00000000	10.00000000	0.02689384	0.00000000
C27	c	0.56302242	0.71173243	0.20709825	2.00000000	10.00000000	0.01193526	0.00000000
C28	c	0.96387130	0.74240315	0.16523056	2.00000000	10.00000000	0.01819614	0.00000000
C29	c	0.42564704	0.31751536	0.25599798	2.00000000	10.00000000	0.01486434	0.00000000
C30	c	0.97001789	0.45479731	0.16402659	2.00000000	10.00000000	0.02726457	0.00000000

Q Vehicle fuel tank capacity /0.40000000/
C Vehicle load capacity /1.50000000/
r fuel consumption rate /0.25000000/
g inverse refueling rate /1.00000000/
v average Velocity /1.00000000/
