StringID	Type	x	y	demand	ReadyTime	DueDate	ServiceTime	altitude
D0	d	0.50000000	0.50000000	0.00000000	0.00000000	10.00000000	0.00000000	0.00000000
S0	f	0.80192270	0.52585889	0.00000000	0.00000000	10.00000000	0.00000000	0.00000000
S1	f	0.41319804	0.07110627	0.00000000	0.00000000	10.00000000	0.00000000	0.00000000
S2	f	0.65503492	0.95372238	0.00000000	0.00000000	10.00000000	0.00000000	0.00000000
S3	f	0.32901570	0.24876990	0.00000000	0.00000000	10.00000000	0.00000000	0.00000000
S4	f	0.21300893	0.34143648	0.00000000	0.00000000	10.00000000	0.00000000	0.00000000
S5	f	0.00509288	0.97155594	0.00000000	0.00000000	10.00000000	0.00000000	0.00000000
S6	f	0.54204849	0.89303385	0.00000000	0.00000000	10.00000000	0.00000000	0.00000000
S7	f	0.47134281	0.28003368	0.00000000	0.00000000	10.00000000	0.00000000	0.00000000
S8	f	0.15417482	0.44234672	0.00000000	0.00000000	10.00000000	0.00000000	0.00000000
S9	f	0.10492758	0.18094121	0.00000000	0.00000000	10.00000000	0.00000000	0.00000000
C1	c	0.82991913	0.28420839	0.15748073	0.00000000	8.00000000	0.02592759	0.00000000
C2	c	0.83713058	0.26294620	0.12260858	0.06000000	8.06000000	0.01071384	0.00000000
C3	c	0.75986303	0.17051511	0.02167860	0.12000000	8.12000000	0.01538988	0.00000000
C4	c	0.72583952	0.22863840	0.11088393	0.18000000	8.18000000	0.02960299	0.00000000
C5	c	0.79887474	0.15863256	0.10508181	0.24000000	8.24000000	0.01531498	0.00000000
C6	c	0.81974960	0.19351804	0.08228669	0.30000000	8.30000000	0.02212389	0.00000000
C7	c	0.68691767	0.86906040	0.08044104	0.36000000	8.36000000	0.01987984	0.00000000
C8	c	0.77893984	0.85685611	0.10126445	0.42000000	8.42000000	0.01646801	0.00000000
C9	c	0.68210693	0.84524680	0.10950571	0.48000000	8.48000000	0.02638253	0.00000000
C10	c	0.56296914	0.78252194	0.02851526	0.54000000	8.54000000	0.01535104	0.00000000
C11	c	0.71563744	0.87116736	0.10264911	0.60000000	8.60000000	0.02484679	0.00000000
C12	c	0.71179370	0.76385447	0.07207120	0.66000000	8.66000000	0.01427478	0.00000000
C13	c	0.72606414	0.84558556	0.14298946	0.72000000	8.72000000	0.02750508	0.00000000
C14	c	0.64953789	0.80788404	0.08100202	0.78000000	8.78000000	0.02095162	0.00000000
C15	c	0.83438360	0.59431702	0.10863042	0.84000000	8.84000000	0.01896466	0.00000000
C16	c	0.77532961	0.61579460	0.08132214	0.90000000	8.90000000	0.02864674	0.00000000
C17	c	0.82552853	0.45337088	0.05113274	0.96000000	8.96000000	0.02141839	0.00000000
C18	c	0.75344805	0.51523679	0.13085751	1.02000000	9.02000000	0.01427805	0.00000000
C19	c	0.73883905	0.64054675	0.16130355	1.08000000	9.08000000	0.01384168	0.00000000
C20	c	0.18781921	0.82304464	0.12853618	1.14000000	9.14000000	0.02603945	0.00000000
C21	c	0.21963374	0.72846553	0.11322596	1.20000000	9.20000000	0.02351184	0.00000000
C22	c	0.46161422	0.13276117	0.03584143	1.26000000	9.26000000	0.01771539	0.00000000
C23	c	0.34457077	0.06992158	0.12451676	1.32000000	9.32000000	0.01715037	0.00000000
C24	c	0.49280450	0.15455804	0.04608858	1.38000000	9.38000000	0.02957733	0.00000000
C25	c	0.44019131	0.00000000	0.12694402	1.44000000	9.44000000	0.02374803	0.00000000
C26	c	0.91037903	0.44645469	0.15216910	1.50000000	9.50000000	0.01508383	0.00000000
C27	c	0.43396191	0.65416528	0.05322662	1.56000000	9.56000000	0.02429901	0.00000000
C28	c	0.04565496	0.09731480	0.14166014	1.62000000	9.62000000	0.02351049	0.00000000
C29	c	0.02538637	0.83345509	0.11138575	1.68000000	9.68000000	0.02237567	0.00000000
C30	c	0.50804345	0.41745690	0.04626831	1.74000000	9.74000000	0.01404980	0.00000000
C31	c	0.26643743	0.52269365	0.02606061	1.80000000	9.80000000	0.02306596	0.00000000
C32	c	0.79637933	0.03569198	0.11513771	1.86000000	9.86000000	0.02614596	0.00000000
C33	c	0.26949401	0.98014943	0.02564234	1.92000000	9.92000000	0.02327352	0.00000000
C34	c	0.26574894	0.60619469	0.09073637	1.98000000	9.98000000	0.02397767	0.00000000
C35	c	0.49399196	0.32340043	0.02147257	2.00000000	10.00000000	0.01153753	0.00000000
C36	c	0.87525389	0.54758101	0.05246992	2.00000000	10.00000000	0.02819147	0.00000000
C37	c	0.44823275	0.93233681	0.16186592	2.00000000	10.00000000	0.01791985	0.00000000
C38	c	0.57091941	0.21390227	0.08538094	2.00000000	10.00000000	0.01979958	0.00000000
C39	c	0.67559192	0.38576934	0.13435823	2.00000000	10.00000000	0.01481658	0.00000000
C40	c	0.35751839	0.97886664	0.11030550	2.00000000	10.00000000	0.02466301	0.00000000
C41	c	0.68740150	0.25419158	0.08332131	2.00000000	10.00000000	0.01875596	0.00000000
C42	c	0.71495046	0.67552465	0.11962519	2.00000000	10.00000000	0.01975776	0.00000000
C43	c	0.61878372	0.20248999	0.01930300	2.00000000	10.00000000	0.02811274	0.00000000
C44	c	0.66367596	0.69888333	0.02781991	2.00000000	10.00000000	0.02180649	0.00000000
C45	c	0.07687635	0.90957352	0.01596142	2.00000000	10.00000000	0.02230992	0.00000000
C46	c	0.39599231	0.48997892	0.14918384	2.00000000	10.00000000	0.01552047	0.00000000
C47	c	0.43779823	0.48788776	0.09553478	2.00000000	10.00000000	0.02691459	0.00000000
C48	c	0.90563713	0.59032467	0.08060021	2.00000000	10.00000000	0.01740550	0.00000000
C49	c	0.61549611	0.27602347	0.05570235	2.00000000	10.00000000	0.02375750	0.00000000
C50	c	0.84572954	0.37027481	0.09795009	2.00000000	10.00000000	0.01009271	0.00000000

Q Vehicle fuel tank capacity /0.40000000/
C Vehicle load capacity /1.50000000/
r fuel consumption rate /0.25000000/
g inverse refueling rate /1.00000000/
v average Velocity /1.00000000/
