StringID	Type	x	y	demand	ReadyTime	DueDate	ServiceTime	altitude
D0	d	0.50000000	0.50000000	0.00000000	0.00000000	10.00000000	0.00000000	0.00000000
S0	f	0.54069756	0.58512208	0.00000000	0.00000000	10.00000000	0.00000000	0.00000000
S1	f	0.40122119	0.48145655	0.00000000	0.00000000	10.00000000	0.00000000	0.00000000
S2	f	0.78577030	0.65027858	0.00000000	0.00000000	10.00000000	0.00000000	0.00000000
S3	f	0.03504373	0.26131155	0.00000000	0.00000000	10.00000000	0.00000000	0.00000000
S4	f	0.32699035	0.07443220	0.00000000	0.00000000	10.00000000	0.00000000	0.00000000
S5	f	0.52168230	0.64770625	0.00000000	0.00000000	10.00000000	0.00000000	0.00000000
C1	c	0.32394768	0.39101926	0.16788642	0.00000000	8.00000000	0.02561519	0.00000000
C2	c	0.30393556	0.34152618	0.11883492	0.10000000	8.10000000	0.01203470	0.00000000
C3	c	0.22996432	0.32117367	0.19482112	0.20000000	8.20000000	0.02787827	0.00000000
C4	c	0.31172201	0.32448880	0.06668307	0.30000000	8.30000000	0.01981431	0.00000000
C5	c	0.25004080	0.29369844	0.17496149	0.40000000	8.40000000	0.01554120	0.00000000
C6	c	0.35217480	0.79246320	0.15441946	0.50000000	8.50000000	0.02645409	0.00000000
C7	c	0.28674922	0.88084382	0.07221752	0.60000000	8.60000000	0.02391493	0.00000000
C8	c	0.32227215	0.82033294	0.20805486	0.70000000	8.70000000	0.02886529	0.00000000
C9	c	0.41174568	0.73125743	0.04202659	0.80000000	8.80000000	0.02162065	0.00000000
C10	c	0.35961122	0.83171686	0.19067074	0.90000000	8.90000000	0.02911145	0.00000000
C11	c	0.58590296	0.06195480	0.17552629	1.00000000	9.00000000	0.02016392	0.00000000
C12	c	0.56234488	0.00120074	0.28451190	1.10000000	9.10000000	0.02478825	0.00000000
C13	c	0.68172372	0.04903648	0.03577578	1.20000000	9.20000000	0.02666997	0.00000000
C14	c	0.71807034	0.13229654	0.23358868	1.30000000	9.30000000	0.02245146	0.00000000
C15	c	0.68882605	0.12822010	0.10927162	1.40000000	9.40000000	0.01514386	0.00000000
C16	c	0.33772161	0.16735020	0.06377057	1.50000000	9.50000000	0.01142676	0.00000000
C17	c	0.56971353	0.80340919	0.17122963	1.60000000	9.60000000	0.01419445	0.00000000
C18	c	0.21397950	0.76967016	0.23364266	1.70000000	9.70000000	0.02871525	0.00000000
C19	c	0.40516557	0.54284874	0.07622385	1.80000000	9.80000000	0.01367735	0.00000000
C20	c	0.38492678	0.40221423	0.22463199	1.90000000	9.90000000	0.01116984	0.00000000
C21	c	0.73746880	0.67630946	0.12728385	2.00000000	10.00000000	0.02552933	0.00000000
C22	c	0.89260589	0.32776334	0.16405486	2.00000000	10.00000000	0.02695242	0.00000000
C23	c	0.12744854	0.41015794	0.12187869	2.00000000	10.00000000	0.01052473	0.00000000
C24	c	0.78075948	0.10173496	0.12649564	2.00000000	10.00000000	0.01673402	0.00000000
C25	c	0.89391345	0.49071558	0.21603198	2.00000000	10.00000000	0.01753371	0.00000000
C26	c	0.27706021	0.82270466	0.19969817	2.00000000	10.00000000	0.02381473	0.00000000
C27	c	0.69574661	0.94326445	0.25746439	2.00000000	10.00000000	0.01628949	0.00000000
C28	c	0.58103266	0.95557266	0.10661206	2.00000000	10.00000000	0.02445736	0.00000000
C29	c	0.50819588	0.73941259	0.05311405	2.00000000	10.00000000	0.01244512	0.00000000
C30	c	0.83349828	0.62257291	0.12861716	2.00000000	10.00000000	0.02284514	0.00000000

Q Vehicle fuel tank capacity /0.40000000/
C Vehicle load capacity /1.50000000/
r fuel consumption rate /0.25000000/
g inverse refueling rate /1.00000000/
v average Velocity /1.00000000/
