StringID	Type	x	y	demand	ReadyTime	DueDate	ServiceTime	altitude
D0	d	0.50000000	0.50000000	0.00000000	0.00000000	10.00000000	0.00000000	0.00000000
S0	f	0.23307197	0.64723333	0.00000000	0.00000000	10.00000000	0.00000000	0.00000000
S1	f	0.92291043	0.45273909	0.00000000	0.00000000	10.00000000	0.00000000	0.00000000
S2	f	0.59011176	0.44989822	0.00000000	0.00000000	10.00000000	0.00000000	0.00000000
S3	f	0.95046466	0.30213237	0.00000000	0.00000000	10.00000000	0.00000000	0.00000000
S4	f	0.94553851	0.76261645	0.00000000	0.00000000	10.00000000	0.00000000	0.00000000
S5	f	0.27554946	0.29133165	0.00000000	0.00000000	10.00000000	0.00000000	0.00000000
S6	f	0.49759926	0.32339085	0.00000000	0.00000000	10.00000000	0.00000000	0.00000000
S7	f	0.11073801	0.41194133	0.00000000	0.00000000	10.00000000	0.00000000	0.00000000
S8	f	0.50959488	0.11088780	0.00000000	0.00000000	10.00000000	0.00000000	0.00000000
S9	f	0.07590572	0.38883899	0.00000000	0.00000000	10.00000000	0.00000000	0.00000000
C1	c	0.47837961	0.66926404	0.15628662	0.00000000	8.00000000	0.01871874	0.00000000
C2	c	0.00061284	0.33717861	0.04772383	0.06000000	8.06000000	0.01954645	0.00000000
C3	c	0.64958229	0.27868439	0.04675693	0.12000000	8.12000000	0.02687638	0.00000000
C4	c	0.44903662	0.88010903	0.09945332	0.18000000	8.18000000	0.01843998	0.00000000
C5	c	0.46750455	0.46151758	0.07199214	0.24000000	8.24000000	0.01576079	0.00000000
C6	c	0.59637308	0.65388545	0.04150944	0.30000000	8.30000000	0.02188662	0.00000000
C7	c	0.91024944	0.79995215	0.17253347	0.36000000	8.36000000	0.01481258	0.00000000
C8	c	0.87783744	0.62228104	0.01679453	0.42000000	8.42000000	0.01574349	0.00000000
C9	c	0.30543487	0.43390011	0.15393104	0.48000000	8.48000000	0.02700573	0.00000000
C10	c	0.30713239	0.99443185	0.15356894	0.54000000	8.54000000	0.02620363	0.00000000
C11	c	0.90352976	0.99526794	0.15514816	0.60000000	8.60000000	0.01385897	0.00000000
C12	c	0.29208964	0.78976966	0.06475968	0.66000000	8.66000000	0.02115008	0.00000000
C13	c	0.79112266	0.15571259	0.04002592	0.72000000	8.72000000	0.02456452	0.00000000
C14	c	0.86509505	0.83394159	0.05381878	0.78000000	8.78000000	0.02452077	0.00000000
C15	c	0.66234132	0.32159278	0.17329728	0.84000000	8.84000000	0.02958399	0.00000000
C16	c	0.13764597	0.73715641	0.01749433	0.90000000	8.90000000	0.01148144	0.00000000
C17	c	0.95931987	0.91290520	0.08916014	0.96000000	8.96000000	0.02564737	0.00000000
C18	c	0.68063905	0.71988418	0.17441257	1.02000000	9.02000000	0.01537551	0.00000000
C19	c	0.54878020	0.50745344	0.10036329	1.08000000	9.08000000	0.01181340	0.00000000
C20	c	0.23307197	0.64723333	0.02498571	1.14000000	9.14000000	0.01854072	0.00000000
C21	c	0.24935498	0.23924599	0.12656218	1.20000000	9.20000000	0.02720541	0.00000000
C22	c	0.31756511	0.55819175	0.02926436	1.26000000	9.26000000	0.02487830	0.00000000
C23	c	0.71784019	0.27897229	0.13270533	1.32000000	9.32000000	0.02392183	0.00000000
C24	c	0.06116847	0.17201282	0.13968792	1.38000000	9.38000000	0.01712341	0.00000000
C25	c	0.73013212	0.34441102	0.16664971	1.44000000	9.44000000	0.02428167	0.00000000
C26	c	0.03879804	0.73955987	0.03426000	1.50000000	9.50000000	0.02043847	0.00000000
C27	c	0.93429082	0.52339456	0.01505213	1.56000000	9.56000000	0.01772229	0.00000000
C28	c	0.90879900	0.29016121	0.16305680	1.62000000	9.62000000	0.01114383	0.00000000
C29	c	0.31073256	0.15804858	0.01508485	1.68000000	9.68000000	0.02877428	0.00000000
C30	c	0.63211272	0.51920279	0.09677277	1.74000000	9.74000000	0.02237547	0.00000000
C31	c	0.07700379	0.12651767	0.08474583	1.80000000	9.80000000	0.01866299	0.00000000
C32	c	0.84743693	0.08356100	0.09561019	1.86000000	9.86000000	0.01989665	0.00000000
C33	c	0.99509389	0.88001860	0.09962073	1.92000000	9.92000000	0.01535272	0.00000000
C34	c	0.93354244	0.70902920	0.02507705	1.98000000	9.98000000	0.01570898	0.00000000
C35	c	0.18349484	0.45523347	0.06562385	2.00000000	10.00000000	0.01687563	0.00000000
C36	c	0.05945037	0.05779159	0.09549329	2.00000000	10.00000000	0.01293971	0.00000000
C37	c	0.15195820	0.66533801	0.08058403	2.00000000	10.00000000	0.02141231	0.00000000
C38	c	0.92291043	0.45273909	0.06754892	2.00000000	10.00000000	0.01466213	0.00000000
C39	c	0.78677050	0.91234558	0.17024209	2.00000000	10.00000000	0.01544002	0.00000000
C40	c	0.03585086	0.24187877	0.15922785	2.00000000	10.00000000	0.02613169	0.00000000
C41	c	0.38271926	0.92013216	0.03686875	2.00000000	10.00000000	0.01659018	0.00000000
C42	c	0.55707833	0.21088281	0.03598459	2.00000000	10.00000000	0.01999883	0.00000000
C43	c	0.81943748	0.81037593	0.05692480	2.00000000	10.00000000	0.02858611	0.00000000
C44	c	0.27729726	0.40286268	0.10181260	2.00000000	10.00000000	0.01532508	0.00000000
C45	c	0.80560424	0.28219074	0.09835551	2.00000000	10.00000000	0.01665044	0.00000000
C46	c	0.02510273	0.69396618	0.05356187	2.00000000	10.00000000	0.02128786	0.00000000
C47	c	0.63652388	0.73593683	0.07551058	2.00000000	10.00000000	0.02117540	0.00000000
C48	c	0.21690094	0.88920016	0.15986917	2.00000000	10.00000000	0.02267143	0.00000000
C49	c	0.25052120	0.18455706	0.12592915	2.00000000	10.00000000	0.01466730	0.00000000
C50	c	0.48466587	0.39427229	0.03829698	2.00000000	10.00000000	0.02938306	0.00000000

Q Vehicle fuel tank capacity /0.40000000/
C Vehicle load capacity /1.50000000/
r fuel consumption rate /0.25000000/
g inverse refueling rate /1.00000000/
v average Velocity /1.00000000/
