StringID	Type	x	y	demand	ReadyTime	DueDate	ServiceTime	altitude
D0	d	0.50000000	0.50000000	0.00000000	0.00000000	10.00000000	0.00000000	0.00000000
S0	f	0.65795187	0.24694261	0.00000000	0.00000000	10.00000000	0.00000000	0.00000000
S1	f	0.54417937	0.86124922	0.00000000	0.00000000	10.00000000	0.00000000	0.00000000
S2	f	0.47449272	0.98236129	0.00000000	0.00000000	10.00000000	0.00000000	0.00000000
S3	f	0.12945444	0.80461858	0.00000000	0.00000000	10.00000000	0.00000000	0.00000000
S4	f	0.64058654	0.00593714	0.00000000	0.00000000	10.00000000	0.00000000	0.00000000
S5	f	0.37395406	0.54763710	0.00000000	0.00000000	10.00000000	0.00000000	0.00000000
S6	f	0.32880833	0.49742793	0.00000000	0.00000000	10.00000000	0.00000000	0.00000000
S7	f	0.59403753	0.48737906	0.00000000	0.00000000	10.00000000	0.00000000	0.00000000
S8	f	0.84715996	0.21042384	0.00000000	0.00000000	10.00000000	0.00000000	0.00000000
S9	f	0.53437419	0.23511905	0.00000000	0.00000000	10.00000000	0.00000000	0.00000000
C1	c	0.93785078	0.96807162	0.10687457	0.00000000	8.00000000	0.01629129	0.00000000
C2	c	0.92700275	0.99065079	0.12462098	0.06000000	8.06000000	0.01399600	0.00000000
C3	c	0.86141208	0.91444452	0.07304015	0.12000000	8.12000000	0.02519088	0.00000000
C4	c	0.98854522	0.89281116	0.06414682	0.18000000	8.18000000	0.01071983	0.00000000
C5	c	1.00000000	0.98706391	0.10617828	0.24000000	8.24000000	0.01952450	0.00000000
C6	c	0.62279663	0.67753293	0.10525003	0.30000000	8.30000000	0.01520559	0.00000000
C7	c	0.58800515	0.67842271	0.09200008	0.36000000	8.36000000	0.02631091	0.00000000
C8	c	0.75040222	0.73101560	0.15649469	0.42000000	8.42000000	0.02389089	0.00000000
C9	c	0.61281492	0.71637498	0.08766029	0.48000000	8.48000000	0.01712665	0.00000000
C10	c	0.58009459	0.75470191	0.01213721	0.54000000	8.54000000	0.02516340	0.00000000
C11	c	0.57921464	0.70176646	0.13811842	0.60000000	8.60000000	0.02861618	0.00000000
C12	c	0.59382341	0.74376653	0.09459292	0.66000000	8.66000000	0.01706433	0.00000000
C13	c	0.01058356	0.40454330	0.05756207	0.72000000	8.72000000	0.02068276	0.00000000
C14	c	0.00033990	0.41875227	0.04759234	0.78000000	8.78000000	0.02624159	0.00000000
C15	c	0.03678416	0.32010540	0.10284440	0.84000000	8.84000000	0.02878564	0.00000000
C16	c	0.02448880	0.48754701	0.06517918	0.90000000	8.90000000	0.02673714	0.00000000
C17	c	0.24311385	0.63241075	0.14322814	0.96000000	8.96000000	0.01704617	0.00000000
C18	c	0.25560958	0.70062277	0.07303838	1.02000000	9.02000000	0.01527408	0.00000000
C19	c	0.26229370	0.61871855	0.05533764	1.08000000	9.08000000	0.02232838	0.00000000
C20	c	0.34292289	0.63694480	0.13590091	1.14000000	9.14000000	0.02942010	0.00000000
C21	c	0.22057695	0.62193521	0.05466283	1.20000000	9.20000000	0.02738764	0.00000000
C22	c	0.30820500	0.64080983	0.10835049	1.26000000	9.26000000	0.01258736	0.00000000
C23	c	0.27423164	0.63795747	0.03888013	1.32000000	9.32000000	0.02753978	0.00000000
C24	c	0.19679104	0.64356877	0.09486443	1.38000000	9.38000000	0.01967390	0.00000000
C25	c	0.68951431	0.28248359	0.08039928	1.44000000	9.44000000	0.02524776	0.00000000
C26	c	0.07870776	0.79848128	0.11850776	1.50000000	9.50000000	0.02445747	0.00000000
C27	c	0.63473275	0.43490605	0.07241302	1.56000000	9.56000000	0.02946460	0.00000000
C28	c	0.93553520	0.52726539	0.12383132	1.62000000	9.62000000	0.01589194	0.00000000
C29	c	0.76086692	0.03349015	0.01797348	1.68000000	9.68000000	0.01790529	0.00000000
C30	c	0.92290320	0.03757976	0.05455969	1.74000000	9.74000000	0.02978400	0.00000000
C31	c	0.31456457	0.19980013	0.02676772	1.80000000	9.80000000	0.02129287	0.00000000
C32	c	0.47622486	0.26027926	0.04841874	1.86000000	9.86000000	0.01219340	0.00000000
C33	c	0.81554544	0.69454428	0.02224027	1.92000000	9.92000000	0.02946937	0.00000000
C34	c	0.35633261	0.75817007	0.06000090	1.98000000	9.98000000	0.01198338	0.00000000
C35	c	0.93080910	0.35321659	0.12575811	2.00000000	10.00000000	0.01621770	0.00000000
C36	c	0.53413806	0.81207961	0.05054135	2.00000000	10.00000000	0.01671463	0.00000000
C37	c	0.93928187	0.83685676	0.04426982	2.00000000	10.00000000	0.02541388	0.00000000
C38	c	0.35230833	0.26370401	0.17772552	2.00000000	10.00000000	0.02902457	0.00000000
C39	c	0.61641916	0.97100514	0.02537260	2.00000000	10.00000000	0.01088806	0.00000000
C40	c	0.86938177	0.12936777	0.14701222	2.00000000	10.00000000	0.01477419	0.00000000
C41	c	0.87698878	0.48369519	0.11933920	2.00000000	10.00000000	0.01221065	0.00000000
C42	c	0.97323024	0.29459682	0.08556907	2.00000000	10.00000000	0.02980991	0.00000000
C43	c	0.39526460	0.98919987	0.17017393	2.00000000	10.00000000	0.02501560	0.00000000
C44	c	0.56464347	0.10966986	0.10117753	2.00000000	10.00000000	0.01047976	0.00000000
C45	c	0.97346828	0.09916875	0.17296435	2.00000000	10.00000000	0.02067205	0.00000000
C46	c	0.31088512	0.33573145	0.17158102	2.00000000	10.00000000	0.02953837	0.00000000
C47	c	0.77069399	0.95122843	0.14065550	2.00000000	10.00000000	0.02885763	0.00000000
C48	c	0.04440309	0.23870967	0.01773096	2.00000000	10.00000000	0.01769651	0.00000000
C49	c	0.11053232	0.99049531	0.16803916	2.00000000	10.00000000	0.01714032	0.00000000
C50	c	0.53360248	0.97691833	0.01842209	2.00000000	10.00000000	0.01228783	0.00000000

Q Vehicle fuel tank capacity /0.40000000/
C Vehicle load capacity /1.50000000/
r fuel consumption rate /0.25000000/
g inverse refueling rate /1.00000000/
v average Velocity /1.00000000/
