StringID	Type	x	y	demand	ReadyTime	DueDate	ServiceTime	altitude
D0	d	0.50000000	0.50000000	0.00000000	0.00000000	10.00000000	0.00000000	0.00000000
S0	f	0.50256396	0.40309066	0.00000000	0.00000000	10.00000000	0.00000000	0.00000000
S1	f	0.08783579	0.31881063	0.00000000	0.00000000	10.00000000	0.00000000	0.00000000
S2	f	0.29552922	0.93514218	0.00000000	0.00000000	10.00000000	0.00000000	0.00000000
S3	f	0.70658101	0.36109642	0.00000000	0.00000000	10.00000000	0.00000000	0.00000000
S4	f	0.96999486	0.39473122	0.00000000	0.00000000	10.00000000	0.00000000	0.00000000
S5	f	0.19450113	0.31998646	0.00000000	0.00000000	10.00000000	0.00000000	0.00000000
C1	c	0.98918954	0.16144382	0.03807006	0.00000000	8.00000000	0.02462985	0.00000000
C2	c	0.01342666	0.96104210	0.18780375	0.10000000	8.10000000	0.01751755	0.00000000
C3	c	0.73802151	0.78767074	0.15052385	0.20000000	8.20000000	0.02563779	0.00000000
C4	c	0.10557200	0.09241835	0.18138206	0.30000000	8.30000000	0.02909429	0.00000000
C5	c	0.97093730	0.84643510	0.02772588	0.40000000	8.40000000	0.02575477	0.00000000
C6	c	0.70465885	0.27703500	0.02761082	0.50000000	8.50000000	0.02238470	0.00000000
C7	c	0.20739379	0.05006191	0.26188632	0.60000000	8.60000000	0.02795303	0.00000000
C8	c	0.73245699	0.46100806	0.25003137	0.70000000	8.70000000	0.01520763	0.00000000
C9	c	0.72976185	0.39476421	0.13132717	0.80000000	8.80000000	0.02226378	0.00000000
C10	c	0.11093470	0.69198410	0.13529748	0.90000000	8.90000000	0.01569422	0.00000000
C11	c	0.15490021	0.21191682	0.02728048	1.00000000	9.00000000	0.01665571	0.00000000
C12	c	0.63835062	0.85093791	0.07222766	1.10000000	9.10000000	0.02757623	0.00000000
C13	c	0.40541813	0.15390457	0.20973832	1.20000000	9.20000000	0.02980225	0.00000000
C14	c	0.06300258	0.17353278	0.04959534	1.30000000	9.30000000	0.02352357	0.00000000
C15	c	0.18740449	0.99116604	0.13586289	1.40000000	9.40000000	0.02228776	0.00000000
C16	c	0.23694743	0.52676232	0.20966949	1.50000000	9.50000000	0.02190355	0.00000000
C17	c	0.14450581	0.63622754	0.04272926	1.60000000	9.60000000	0.01393973	0.00000000
C18	c	0.56092495	0.41826049	0.08727417	1.70000000	9.70000000	0.01337408	0.00000000
C19	c	0.68304840	0.83931479	0.18486414	1.80000000	9.80000000	0.02905307	0.00000000
C20	c	0.50256396	0.40309066	0.27680022	1.90000000	9.90000000	0.02075077	0.00000000
C21	c	0.79184018	0.96639308	0.20260323	2.00000000	10.00000000	0.02390327	0.00000000
C22	c	0.64188680	0.30536783	0.07844822	2.00000000	10.00000000	0.01536059	0.00000000
C23	c	0.72830651	0.95662347	0.24611803	2.00000000	10.00000000	0.01575000	0.00000000
C24	c	0.49785512	0.25292171	0.19506578	2.00000000	10.00000000	0.02197828	0.00000000
C25	c	0.55257790	0.01803755	0.06369096	2.00000000	10.00000000	0.02452206	0.00000000
C26	c	0.29800999	0.00404506	0.24626916	2.00000000	10.00000000	0.02136048	0.00000000
C27	c	0.68575790	0.69767435	0.17382703	2.00000000	10.00000000	0.02134193	0.00000000
C28	c	0.91490507	0.73859923	0.25024563	2.00000000	10.00000000	0.02924215	0.00000000
C29	c	0.18666840	0.79737129	0.13505587	2.00000000	10.00000000	0.02185006	0.00000000
C30	c	0.52748941	0.74249476	0.22097537	2.00000000	10.00000000	0.02158222	0.00000000

Q Vehicle fuel tank capacity /0.40000000/
C Vehicle load capacity /1.50000000/
r fuel consumption rate /0.25000000/
g inverse refueling rate /1.00000000/
v average Velocity /1.00000000/
