StringID	Type	x	y	demand	ReadyTime	DueDate	ServiceTime	altitude
D0	d	0.50000000	0.50000000	0.00000000	0.00000000	10.00000000	0.00000000	0.00000000
S0	f	0.70545739	0.60413324	0.00000000	0.00000000	10.00000000	0.00000000	0.00000000
S1	f	0.63341941	0.76708830	0.00000000	0.00000000	10.00000000	0.00000000	0.00000000
S2	f	0.30493443	0.90092477	0.00000000	0.00000000	10.00000000	0.00000000	0.00000000
S3	f	0.76798779	0.78757116	0.00000000	0.00000000	10.00000000	0.00000000	0.00000000
S4	f	0.49060495	0.85114934	0.00000000	0.00000000	10.00000000	0.00000000	0.00000000
S5	f	0.41911444	0.49400634	0.00000000	0.00000000	10.00000000	0.00000000	0.00000000
S6	f	0.47849284	0.11718783	0.00000000	0.00000000	10.00000000	0.00000000	0.00000000
S7	f	0.20389999	0.15332382	0.00000000	0.00000000	10.00000000	0.00000000	0.00000000
S8	f	0.97213879	0.49516722	0.00000000	0.00000000	10.00000000	0.00000000	0.00000000
S9	f	0.20259096	0.34995504	0.00000000	0.00000000	10.00000000	0.00000000	0.00000000
C1	c	0.67465352	0.65038949	0.16662104	0.00000000	8.00000000	0.01694296	0.00000000
C2	c	0.74712027	0.54310775	0.05987920	0.06000000	8.06000000	0.01414206	0.00000000
C3	c	0.73462011	0.65072447	0.16926552	0.12000000	8.12000000	0.02536163	0.00000000
C4	c	0.67397596	0.68776005	0.01430523	0.18000000	8.18000000	0.01709984	0.00000000
C5	c	0.55411936	0.05622959	0.17576420	0.24000000	8.24000000	0.02764577	0.00000000
C6	c	0.67038353	0.04154780	0.15110225	0.30000000	8.30000000	0.02187028	0.00000000
C7	c	0.60747931	0.14209421	0.04780506	0.36000000	8.36000000	0.02106323	0.00000000
C8	c	0.65944830	0.08113200	0.15686033	0.42000000	8.42000000	0.02187726	0.00000000
C9	c	0.66028040	0.00000000	0.01534723	0.48000000	8.48000000	0.01974570	0.00000000
C10	c	0.62057200	0.14535038	0.05696220	0.54000000	8.54000000	0.02654497	0.00000000
C11	c	0.56834071	0.06756858	0.14432558	0.60000000	8.60000000	0.02028296	0.00000000
C12	c	0.57600273	0.07259940	0.04578274	0.66000000	8.66000000	0.02380682	0.00000000
C13	c	0.24317566	0.37929116	0.14551246	0.72000000	8.72000000	0.01328009	0.00000000
C14	c	0.07915305	0.49033132	0.13620164	0.78000000	8.78000000	0.02949031	0.00000000
C15	c	0.14351772	0.46976437	0.15493594	0.84000000	8.84000000	0.01530748	0.00000000
C16	c	0.08704929	0.47320398	0.01327654	0.90000000	8.90000000	0.02692016	0.00000000
C17	c	0.09949193	0.49321560	0.02302376	0.96000000	8.96000000	0.01521208	0.00000000
C18	c	0.03840812	0.49044140	0.11604873	1.02000000	9.02000000	0.02069550	0.00000000
C19	c	0.80466265	0.13003413	0.11856922	1.08000000	9.08000000	0.02071001	0.00000000
C20	c	0.78080905	0.19661240	0.01745330	1.14000000	9.14000000	0.01607000	0.00000000
C21	c	0.80128095	0.19839293	0.04160444	1.20000000	9.20000000	0.01912496	0.00000000
C22	c	0.74032088	0.25717468	0.13640816	1.26000000	9.26000000	0.02611815	0.00000000
C23	c	0.80320785	0.13893088	0.16901384	1.32000000	9.32000000	0.02343669	0.00000000
C24	c	0.61325493	0.87902373	0.06711966	1.38000000	9.38000000	0.02583555	0.00000000
C25	c	0.67996702	0.73725983	0.02873924	1.44000000	9.44000000	0.01354895	0.00000000
C26	c	0.82737283	0.01834458	0.03329861	1.50000000	9.50000000	0.01169744	0.00000000
C27	c	0.17861095	0.77469804	0.04879223	1.56000000	9.56000000	0.01687848	0.00000000
C28	c	0.06557814	0.20095607	0.07819569	1.62000000	9.62000000	0.01111001	0.00000000
C29	c	0.77766334	0.85382175	0.13093746	1.68000000	9.68000000	0.01243078	0.00000000
C30	c	0.50723424	0.56894664	0.04647596	1.74000000	9.74000000	0.02399411	0.00000000
C31	c	0.02530231	0.93935024	0.09154103	1.80000000	9.80000000	0.01672258	0.00000000
C32	c	0.40075433	0.75629310	0.14771854	1.86000000	9.86000000	0.02483872	0.00000000
C33	c	0.70770828	0.01312189	0.01475427	1.92000000	9.92000000	0.01844308	0.00000000
C34	c	0.47929049	0.34714813	0.04109414	1.98000000	9.98000000	0.01398428	0.00000000
C35	c	0.35499202	0.88228825	0.13906140	2.00000000	10.00000000	0.01034100	0.00000000
C36	c	0.59351425	0.55316149	0.02251713	2.00000000	10.00000000	0.02643104	0.00000000
C37	c	0.59386302	0.48728514	0.04476658	2.00000000	10.00000000	0.01361897	0.00000000
C38	c	0.82724875	0.51414803	0.13954875	2.00000000	10.00000000	0.01421124	0.00000000
C39	c	0.69034075	0.16400463	0.15206543	2.00000000	10.00000000	0.02032950	0.00000000
C40	c	0.97451547	0.26537395	0.09510357	2.00000000	10.00000000	0.02626621	0.00000000
C41	c	0.84600811	0.26060418	0.10524604	2.00000000	10.00000000	0.02464829	0.00000000
C42	c	0.53477508	0.53550039	0.01589778	2.00000000	10.00000000	0.02043344	0.00000000
C43	c	0.30350010	0.45624791	0.16612209	2.00000000	10.00000000	0.01165763	0.00000000
C44	c	0.80590763	0.67183446	0.15396380	2.00000000	10.00000000	0.02452961	0.00000000
C45	c	0.08487205	0.34392389	0.01487341	2.00000000	10.00000000	0.02590328	0.00000000
C46	c	0.05550052	0.12153884	0.07760354	2.00000000	10.00000000	0.02698447	0.00000000
C47	c	0.69970566	0.33612888	0.13603654	2.00000000	10.00000000	0.01271365	0.00000000
C48	c	0.74193605	0.42215422	0.12805160	2.00000000	10.00000000	0.01824878	0.00000000
C49	c	0.19921385	0.01705018	0.01389592	2.00000000	10.00000000	0.01953541	0.00000000
C50	c	0.21056218	0.51647502	0.09051100	2.00000000	10.00000000	0.02113616	0.00000000

Q Vehicle fuel tank capacity /0.40000000/
C Vehicle load capacity /1.50000000/
r fuel consumption rate /0.25000000/
g inverse refueling rate /1.00000000/
v average Velocity /1.00000000/
