StringID	Type	x	y	demand	ReadyTime	DueDate	ServiceTime	altitude
D0	d	0.50000000	0.50000000	0.00000000	0.00000000	10.00000000	0.00000000	0.00000000
S0	f	0.91381943	0.54481775	0.00000000	0.00000000	10.00000000	0.00000000	0.00000000
S1	f	0.75388509	0.91352376	0.00000000	0.00000000	10.00000000	0.00000000	0.00000000
S2	f	0.38213469	0.74303507	0.00000000	0.00000000	10.00000000	0.00000000	0.00000000
S3	f	0.00654558	0.63726948	0.00000000	0.00000000	10.00000000	0.00000000	0.00000000
S4	f	0.07969895	0.32410823	0.00000000	0.00000000	10.00000000	0.00000000	0.00000000
S5	f	0.46680988	0.56136195	0.00000000	0.00000000	10.00000000	0.00000000	0.00000000
S6	f	0.51282598	0.59192951	0.00000000	0.00000000	10.00000000	0.00000000	0.00000000
S7	f	0.19515668	0.96451214	0.00000000	0.00000000	10.00000000	0.00000000	0.00000000
S8	f	0.99132955	0.95583404	0.00000000	0.00000000	10.00000000	0.00000000	0.00000000
S9	f	0.06579684	0.58585320	0.00000000	0.00000000	10.00000000	0.00000000	0.00000000
C1	c	0.86422329	0.49990674	0.01852995	0.00000000	8.00000000	0.02301955	0.00000000
C2	c	0.83727630	0.56622936	0.01930609	0.06000000	8.06000000	0.01429640	0.00000000
C3	c	0.94174702	0.58714427	0.01729427	0.12000000	8.12000000	0.02477197	0.00000000
C4	c	0.90690605	0.48113662	0.15930650	0.18000000	8.18000000	0.02754420	0.00000000
C5	c	0.60382223	0.09227053	0.12489223	0.24000000	8.24000000	0.02437363	0.00000000
C6	c	0.60703086	0.18936384	0.12991119	0.30000000	8.30000000	0.02814502	0.00000000
C7	c	0.58303352	0.07815849	0.11725820	0.36000000	8.36000000	0.01535489	0.00000000
C8	c	0.51495623	0.12808111	0.12762533	0.42000000	8.42000000	0.02737866	0.00000000
C9	c	0.51325459	0.08277606	0.02065071	0.48000000	8.48000000	0.01538516	0.00000000
C10	c	0.62846915	0.15197459	0.11099217	0.54000000	8.54000000	0.02611966	0.00000000
C11	c	0.92799363	0.61803934	0.13722133	0.60000000	8.60000000	0.02008201	0.00000000
C12	c	0.82266452	0.94191384	0.01784689	0.66000000	8.66000000	0.02828453	0.00000000
C13	c	0.69314240	0.90314376	0.02369611	0.72000000	8.72000000	0.02600901	0.00000000
C14	c	0.65512459	0.91785189	0.01219557	0.78000000	8.78000000	0.01404459	0.00000000
C15	c	0.66540383	0.85292394	0.10466864	0.84000000	8.84000000	0.01938635	0.00000000
C16	c	0.72969129	0.96982681	0.06040344	0.90000000	8.90000000	0.02959638	0.00000000
C17	c	0.80633916	0.86959821	0.13224045	0.96000000	8.96000000	0.01673262	0.00000000
C18	c	0.66120567	0.87900181	0.04607185	1.02000000	9.02000000	0.01561011	0.00000000
C19	c	0.71329895	0.90374245	0.15740114	1.08000000	9.08000000	0.02159867	0.00000000
C20	c	0.92976586	0.80786806	0.11549441	1.14000000	9.14000000	0.02048172	0.00000000
C21	c	0.89424489	0.73536306	0.02570327	1.20000000	9.20000000	0.01559498	0.00000000
C22	c	0.93539406	0.71466971	0.13878264	1.26000000	9.26000000	0.02361278	0.00000000
C23	c	0.96178989	0.85978612	0.15203344	1.32000000	9.32000000	0.01494521	0.00000000
C24	c	0.86410757	0.73513366	0.10818432	1.38000000	9.38000000	0.02464039	0.00000000
C25	c	0.90259085	0.85449420	0.03249989	1.44000000	9.44000000	0.01301944	0.00000000
C26	c	0.73942903	0.53124073	0.02259810	1.50000000	9.50000000	0.02436615	0.00000000
C27	c	0.60123539	0.60650105	0.09759385	1.56000000	9.56000000	0.01006291	0.00000000
C28	c	0.43373217	0.42704389	0.08697914	1.62000000	9.62000000	0.01785174	0.00000000
C29	c	0.73667852	0.64250952	0.03942307	1.68000000	9.68000000	0.01874010	0.00000000
C30	c	0.48246932	0.33238592	0.13517508	1.74000000	9.74000000	0.02196203	0.00000000
C31	c	0.65097742	0.21482016	0.14792492	1.80000000	9.80000000	0.02176700	0.00000000
C32	c	0.26774437	0.86893305	0.11081508	1.86000000	9.86000000	0.01499426	0.00000000
C33	c	0.26925785	0.80598304	0.09659772	1.92000000	9.92000000	0.01117994	0.00000000
C34	c	0.50410036	0.91422627	0.16005554	1.98000000	9.98000000	0.01036863	0.00000000
C35	c	0.80045052	0.20222925	0.09960793	2.00000000	10.00000000	0.02344704	0.00000000
C36	c	0.46931739	0.97981886	0.08152406	2.00000000	10.00000000	0.02660588	0.00000000
C37	c	0.33663075	0.28050545	0.14783147	2.00000000	10.00000000	0.01402596	0.00000000
C38	c	0.57993365	0.52408600	0.06744630	2.00000000	10.00000000	0.01514540	0.00000000
C39	c	0.27974916	0.68063911	0.10904876	2.00000000	10.00000000	0.02441579	0.00000000
C40	c	0.24726064	0.73201938	0.03555962	2.00000000	10.00000000	0.01231399	0.00000000
C41	c	0.15097194	0.71830763	0.12350833	2.00000000	10.00000000	0.01426144	0.00000000
C42	c	0.00314561	0.39258686	0.09179747	2.00000000	10.00000000	0.01268566	0.00000000
C43	c	0.43700518	0.59810153	0.10245893	2.00000000	10.00000000	0.02753405	0.00000000
C44	c	0.58835013	0.24971310	0.10326099	2.00000000	10.00000000	0.02359076	0.00000000
C45	c	0.05899721	0.01843162	0.07694515	2.00000000	10.00000000	0.02438167	0.00000000
C46	c	0.20129794	0.25727023	0.07592640	2.00000000	10.00000000	0.01468711	0.00000000
C47	c	0.72078933	0.11569932	0.12308938	2.00000000	10.00000000	0.02710898	0.00000000
C48	c	0.21307198	0.13428287	0.10874573	2.00000000	10.00000000	0.01713800	0.00000000
C49	c	0.87670234	0.67953789	0.08436870	2.00000000	10.00000000	0.01017368	0.00000000
C50	c	0.71908328	0.23435550	0.06150828	2.00000000	10.00000000	0.01497307	0.00000000

Q Vehicle fuel tank capacity /0.40000000/
C Vehicle load capacity /1.50000000/
r fuel consumption rate /0.25000000/
g inverse refueling rate /1.00000000/
v average Velocity /1.00000000/
