StringID	Type	x	y	demand	ReadyTime	DueDate	ServiceTime	altitude
D0	d	0.50000000	0.50000000	0.00000000	0.00000000	10.00000000	0.00000000	0.00000000
S0	f	0.87447132	0.97574370	0.00000000	0.00000000	10.00000000	0.00000000	0.00000000
S1	f	0.87427449	0.89360096	0.00000000	0.00000000	10.00000000	0.00000000	0.00000000
S2	f	0.26244640	0.30473694	0.00000000	0.00000000	10.00000000	0.00000000	0.00000000
S3	f	0.04290917	0.83654615	0.00000000	0.00000000	10.00000000	0.00000000	0.00000000
S4	f	0.18992908	0.84359881	0.00000000	0.00000000	10.00000000	0.00000000	0.00000000
S5	f	0.63612658	0.25293105	0.00000000	0.00000000	10.00000000	0.00000000	0.00000000
C1	c	0.35573151	0.75911296	0.03532892	0.00000000	8.00000000	0.02886834	0.00000000
C2	c	0.27742118	0.34226593	0.08735710	0.10000000	8.10000000	0.01705099	0.00000000
C3	c	0.03654780	0.63291646	0.24030236	0.20000000	8.20000000	0.02768840	0.00000000
C4	c	0.36214311	0.52440727	0.12064954	0.30000000	8.30000000	0.01310453	0.00000000
C5	c	0.90397168	0.26187988	0.28794811	0.40000000	8.40000000	0.01060279	0.00000000
C6	c	0.45900706	0.37913748	0.03502153	0.50000000	8.50000000	0.01229001	0.00000000
C7	c	0.07603250	0.29618584	0.13077036	0.60000000	8.60000000	0.02423967	0.00000000
C8	c	0.23378640	0.90491991	0.12663269	0.70000000	8.70000000	0.01500913	0.00000000
C9	c	0.48273619	0.00494697	0.16392230	0.80000000	8.80000000	0.01597865	0.00000000
C10	c	0.34054516	0.31373713	0.03894311	0.90000000	8.90000000	0.01412684	0.00000000
C11	c	0.59102017	0.17629040	0.24169457	1.00000000	9.00000000	0.02821012	0.00000000
C12	c	0.75144950	0.25086451	0.12535606	1.10000000	9.10000000	0.02675927	0.00000000
C13	c	0.49993967	0.66226825	0.10341630	1.20000000	9.20000000	0.01618444	0.00000000
C14	c	0.89425721	0.14336657	0.20679176	1.30000000	9.30000000	0.01994963	0.00000000
C15	c	0.76828950	0.38822626	0.14684924	1.40000000	9.40000000	0.02365285	0.00000000
C16	c	0.96486948	0.08974402	0.06239942	1.50000000	9.50000000	0.01209404	0.00000000
C17	c	0.76083250	0.90431083	0.11180986	1.60000000	9.60000000	0.02141455	0.00000000
C18	c	0.85347670	0.27997566	0.10256742	1.70000000	9.70000000	0.02565565	0.00000000
C19	c	0.87447132	0.97574370	0.12567379	1.80000000	9.80000000	0.02289205	0.00000000
C20	c	0.16471877	0.14068650	0.26193281	1.90000000	9.90000000	0.02190540	0.00000000
C21	c	0.87032364	0.84426874	0.10329144	2.00000000	10.00000000	0.01361699	0.00000000
C22	c	0.12164150	0.09795033	0.22717531	2.00000000	10.00000000	0.02746108	0.00000000
C23	c	0.24743125	0.72281925	0.14825095	2.00000000	10.00000000	0.02989760	0.00000000
C24	c	0.71360452	0.31367142	0.28222533	2.00000000	10.00000000	0.01025581	0.00000000
C25	c	0.01796975	0.27986081	0.24051785	2.00000000	10.00000000	0.02872851	0.00000000
C26	c	0.26642354	0.77511329	0.26180014	2.00000000	10.00000000	0.02052664	0.00000000
C27	c	0.61166315	0.74464316	0.21374926	2.00000000	10.00000000	0.02001007	0.00000000
C28	c	0.67922963	0.40015483	0.02056148	2.00000000	10.00000000	0.02306581	0.00000000
C29	c	0.83064070	0.80949826	0.20954728	2.00000000	10.00000000	0.02593020	0.00000000
C30	c	0.35371225	0.68680869	0.03751372	2.00000000	10.00000000	0.02092683	0.00000000

Q Vehicle fuel tank capacity /0.40000000/
C Vehicle load capacity /1.50000000/
r fuel consumption rate /0.25000000/
g inverse refueling rate /1.00000000/
v average Velocity /1.00000000/
