StringID	Type	x	y	demand	ReadyTime	DueDate	ServiceTime	altitude
D0	d	0.50000000	0.50000000	0.00000000	0.00000000	10.00000000	0.00000000	0.00000000
S0	f	0.82461279	0.80800528	0.00000000	0.00000000	10.00000000	0.00000000	0.00000000
S1	f	0.59725031	0.53274043	0.00000000	0.00000000	10.00000000	0.00000000	0.00000000
S2	f	0.51814895	0.42954946	0.00000000	0.00000000	10.00000000	0.00000000	0.00000000
S3	f	0.29939466	0.89362715	0.00000000	0.00000000	10.00000000	0.00000000	0.00000000
S4	f	0.13415427	0.41918365	0.00000000	0.00000000	10.00000000	0.00000000	0.00000000
S5	f	0.87164045	0.99902034	0.00000000	0.00000000	10.00000000	0.00000000	0.00000000
C1	c	0.26344404	0.33859024	0.10562239	0.00000000	8.00000000	0.01614642	0.00000000
C2	c	0.57985322	0.61813121	0.30483371	0.10000000	8.10000000	0.01975308	0.00000000
C3	c	0.70268656	0.33407940	0.24268766	0.20000000	8.20000000	0.01061527	0.00000000
C4	c	0.87820801	0.40053678	0.24417204	0.30000000	8.30000000	0.01051721	0.00000000
C5	c	0.11302122	0.49543345	0.13243794	0.40000000	8.40000000	0.01509382	0.00000000
C6	c	0.39347294	0.22222001	0.04999360	0.50000000	8.50000000	0.01862503	0.00000000
C7	c	0.30564785	0.71651273	0.08764668	0.60000000	8.60000000	0.01023423	0.00000000
C8	c	0.28733952	0.15060509	0.08361553	0.70000000	8.70000000	0.02091449	0.00000000
C9	c	0.83353098	0.60362756	0.20051072	0.80000000	8.80000000	0.02585436	0.00000000
C10	c	0.19519485	0.42250562	0.22445893	0.90000000	8.90000000	0.02223412	0.00000000
C11	c	0.75305963	0.85179899	0.06221713	1.00000000	9.00000000	0.02888596	0.00000000
C12	c	0.33882638	0.49962944	0.11382570	1.10000000	9.10000000	0.01579320	0.00000000
C13	c	0.82407220	0.12075285	0.02863534	1.20000000	9.20000000	0.01274659	0.00000000
C14	c	0.52573178	0.01543024	0.26359997	1.30000000	9.30000000	0.01437013	0.00000000
C15	c	0.03550832	0.05088135	0.07898937	1.40000000	9.40000000	0.02813454	0.00000000
C16	c	0.87400017	0.91059275	0.19490591	1.50000000	9.50000000	0.02041006	0.00000000
C17	c	0.34009544	0.81612129	0.02537411	1.60000000	9.60000000	0.01508969	0.00000000
C18	c	0.17926253	0.67638360	0.10960255	1.70000000	9.70000000	0.01650787	0.00000000
C19	c	0.82461279	0.80800528	0.06202851	1.80000000	9.80000000	0.01754360	0.00000000
C20	c	0.64810529	0.68895271	0.20893943	1.90000000	9.90000000	0.01684916	0.00000000
C21	c	0.85919899	0.44803435	0.18222574	2.00000000	10.00000000	0.01534249	0.00000000
C22	c	0.65577087	0.09079026	0.10230606	2.00000000	10.00000000	0.02732890	0.00000000
C23	c	0.36392871	0.34632437	0.02255159	2.00000000	10.00000000	0.01897286	0.00000000
C24	c	0.33762418	0.12715465	0.29907186	2.00000000	10.00000000	0.02564475	0.00000000
C25	c	0.32099062	0.66177298	0.21434171	2.00000000	10.00000000	0.01739759	0.00000000
C26	c	0.58223665	0.15036966	0.19203941	2.00000000	10.00000000	0.02001990	0.00000000
C27	c	0.93249669	0.42001579	0.05807251	2.00000000	10.00000000	0.02618619	0.00000000
C28	c	0.67134245	0.86960894	0.30735590	2.00000000	10.00000000	0.01027575	0.00000000
C29	c	0.02547492	0.77461100	0.14002563	2.00000000	10.00000000	0.02995061	0.00000000
C30	c	0.36946747	0.76407802	0.15791238	2.00000000	10.00000000	0.01589340	0.00000000

Q Vehicle fuel tank capacity /0.40000000/
C Vehicle load capacity /1.50000000/
r fuel consumption rate /0.25000000/
g inverse refueling rate /1.00000000/
v average Velocity /1.00000000/
