StringID	Type	x	y	demand	ReadyTime	DueDate	ServiceTime	altitude
D0	d	0.50000000	0.50000000	0.00000000	0.00000000	10.00000000	0.00000000	0.00000000
S0	f	0.94333276	0.78491305	0.00000000	0.00000000	10.00000000	0.00000000	0.00000000
S1	f	0.63519081	0.07532898	0.00000000	0.00000000	10.00000000	0.00000000	0.00000000
S2	f	0.39257662	0.22248083	0.00000000	0.00000000	10.00000000	0.00000000	0.00000000
S3	f	0.14134021	0.95393695	0.00000000	0.00000000	10.00000000	0.00000000	0.00000000
S4	f	0.19990558	0.86284672	0.00000000	0.00000000	10.00000000	0.00000000	0.00000000
S5	f	0.40067795	0.33829313	0.00000000	0.00000000	10.00000000	0.00000000	0.00000000
C1	c	0.51273824	0.66690969	0.11846483	0.00000000	8.00000000	0.02346907	0.00000000
C2	c	0.68987548	0.13657252	0.12514785	0.10000000	8.10000000	0.01602741	0.00000000
C3	c	0.88520221	0.55848408	0.22533466	0.20000000	8.20000000	0.01559929	0.00000000
C4	c	0.86999375	0.48757843	0.25772258	0.30000000	8.30000000	0.02139746	0.00000000
C5	c	0.68565993	0.94389881	0.02615892	0.40000000	8.40000000	0.02456900	0.00000000
C6	c	0.89572348	0.64175846	0.21050004	0.50000000	8.50000000	0.01054845	0.00000000
C7	c	0.25987864	0.00499096	0.03579497	0.60000000	8.60000000	0.01555084	0.00000000
C8	c	0.97812802	0.28376215	0.07559877	0.70000000	8.70000000	0.01467625	0.00000000
C9	c	0.06348043	0.44002786	0.16161466	0.80000000	8.80000000	0.01507500	0.00000000
C10	c	0.82935758	0.52725993	0.21783823	0.90000000	8.90000000	0.02690094	0.00000000
C11	c	0.31089614	0.88613506	0.22730534	1.00000000	9.00000000	0.01733766	0.00000000
C12	c	0.46190795	0.89284528	0.07936483	1.10000000	9.10000000	0.01202713	0.00000000
C13	c	0.75010326	0.92426932	0.11665296	1.20000000	9.20000000	0.01469093	0.00000000
C14	c	0.20114116	0.13486853	0.12417521	1.30000000	9.30000000	0.02959479	0.00000000
C15	c	0.67608813	0.31073900	0.22423405	1.40000000	9.40000000	0.02381771	0.00000000
C16	c	0.28472399	0.99426070	0.02748734	1.50000000	9.50000000	0.01236675	0.00000000
C17	c	0.86197674	0.84237053	0.25034823	1.60000000	9.60000000	0.02932492	0.00000000
C18	c	0.49673421	0.06431050	0.13380318	1.70000000	9.70000000	0.02932219	0.00000000
C19	c	0.38602681	0.08270586	0.06127759	1.80000000	9.80000000	0.01944246	0.00000000
C20	c	0.94333276	0.78491305	0.10490798	1.90000000	9.90000000	0.02461762	0.00000000
C21	c	0.81329206	0.76195530	0.19921096	2.00000000	10.00000000	0.01180454	0.00000000
C22	c	0.84752361	0.28739758	0.08629686	2.00000000	10.00000000	0.01548280	0.00000000
C23	c	0.09531394	0.98497487	0.16988212	2.00000000	10.00000000	0.01652767	0.00000000
C24	c	0.44461142	0.36292395	0.13795906	2.00000000	10.00000000	0.01449129	0.00000000
C25	c	0.46871944	0.78615030	0.20245467	2.00000000	10.00000000	0.02829870	0.00000000
C26	c	0.51223480	0.79168169	0.04142492	2.00000000	10.00000000	0.01222526	0.00000000
C27	c	0.86624638	0.25114518	0.21070861	2.00000000	10.00000000	0.02701738	0.00000000
C28	c	0.61094154	0.61751970	0.15107035	2.00000000	10.00000000	0.02164473	0.00000000
C29	c	0.67801738	0.42344184	0.24329323	2.00000000	10.00000000	0.01763996	0.00000000
C30	c	0.84016842	0.91773352	0.25396701	2.00000000	10.00000000	0.01460461	0.00000000

Q Vehicle fuel tank capacity /0.40000000/
C Vehicle load capacity /1.50000000/
r fuel consumption rate /0.25000000/
g inverse refueling rate /1.00000000/
v average Velocity /1.00000000/
