StringID	Type	x	y	demand	ReadyTime	DueDate	ServiceTime	altitude
D0	d	0.50000000	0.50000000	0.00000000	0.00000000	10.00000000	0.00000000	0.00000000
S0	f	0.33591471	0.47124250	0.00000000	0.00000000	10.00000000	0.00000000	0.00000000
S1	f	0.53413092	0.44227258	0.00000000	0.00000000	10.00000000	0.00000000	0.00000000
S2	f	0.63694834	0.53331561	0.00000000	0.00000000	10.00000000	0.00000000	0.00000000
S3	f	0.54692032	0.58326589	0.00000000	0.00000000	10.00000000	0.00000000	0.00000000
S4	f	0.79344757	0.00031077	0.00000000	0.00000000	10.00000000	0.00000000	0.00000000
S5	f	0.71603240	0.91409425	0.00000000	0.00000000	10.00000000	0.00000000	0.00000000
C1	c	0.84314599	0.79009115	0.04396870	0.00000000	8.00000000	0.01725166	0.00000000
C2	c	0.82213528	0.76016848	0.10268958	0.10000000	8.10000000	0.02964820	0.00000000
C3	c	0.74064342	0.78423353	0.18211557	0.20000000	8.20000000	0.01090886	0.00000000
C4	c	0.83145792	0.81551209	0.25463396	0.30000000	8.30000000	0.01389474	0.00000000
C5	c	0.44406181	0.67501926	0.05138667	0.40000000	8.40000000	0.01798331	0.00000000
C6	c	0.53911097	0.70241179	0.18276507	0.50000000	8.50000000	0.02669857	0.00000000
C7	c	0.50918986	0.60163464	0.20346294	0.60000000	8.60000000	0.01499105	0.00000000
C8	c	0.42489197	0.72120588	0.21598243	0.70000000	8.70000000	0.01802061	0.00000000
C9	c	0.43177360	0.68263420	0.26962176	0.80000000	8.80000000	0.02635969	0.00000000
C10	c	0.78087981	0.45730377	0.14320919	0.90000000	8.90000000	0.02941185	0.00000000
C11	c	0.87750525	0.41210998	0.19778620	1.00000000	9.00000000	0.01989447	0.00000000
C12	c	0.68253245	0.41495215	0.22712665	1.10000000	9.10000000	0.01501114	0.00000000
C13	c	0.72800676	0.49128442	0.12747221	1.20000000	9.20000000	0.01747821	0.00000000
C14	c	0.66712998	0.38748681	0.23481417	1.30000000	9.30000000	0.01115835	0.00000000
C15	c	0.74600114	0.39814368	0.14422552	1.40000000	9.40000000	0.01815535	0.00000000
C16	c	0.57715524	0.52958943	0.17374031	1.50000000	9.50000000	0.01816547	0.00000000
C17	c	0.17005850	0.05750430	0.14860445	1.60000000	9.60000000	0.01069497	0.00000000
C18	c	0.27149022	0.00060687	0.03661713	1.70000000	9.70000000	0.01311086	0.00000000
C19	c	0.84732798	0.01164157	0.16761172	1.80000000	9.80000000	0.01774683	0.00000000
C20	c	0.36258308	0.98241002	0.15531941	1.90000000	9.90000000	0.01205129	0.00000000
C21	c	0.04544317	0.19473697	0.06240684	2.00000000	10.00000000	0.02096944	0.00000000
C22	c	0.39916571	0.83492862	0.03331976	2.00000000	10.00000000	0.02042585	0.00000000
C23	c	0.24955265	0.40103063	0.24243454	2.00000000	10.00000000	0.01816435	0.00000000
C24	c	0.81798466	0.97059226	0.22463988	2.00000000	10.00000000	0.02579304	0.00000000
C25	c	0.49472335	0.25055692	0.08861955	2.00000000	10.00000000	0.01638692	0.00000000
C26	c	0.37391033	0.05791744	0.01861592	2.00000000	10.00000000	0.02990916	0.00000000
C27	c	0.40776758	0.40827358	0.23743171	2.00000000	10.00000000	0.01297347	0.00000000
C28	c	0.03474843	0.15554304	0.02146759	2.00000000	10.00000000	0.02831548	0.00000000
C29	c	0.38734156	0.10256437	0.15753813	2.00000000	10.00000000	0.01578301	0.00000000
C30	c	0.40821731	0.78965209	0.15037245	2.00000000	10.00000000	0.02399848	0.00000000

Q Vehicle fuel tank capacity /0.40000000/
C Vehicle load capacity /1.50000000/
r fuel consumption rate /0.25000000/
g inverse refueling rate /1.00000000/
v average Velocity /1.00000000/
