StringID	Type	x	y	demand	ReadyTime	DueDate	ServiceTime	altitude
D0	d	0.50000000	0.50000000	0.00000000	0.00000000	10.00000000	0.00000000	0.00000000
S0	f	0.76538438	0.92873749	0.00000000	0.00000000	10.00000000	0.00000000	0.00000000
S1	f	0.97048589	0.53896176	0.00000000	0.00000000	10.00000000	0.00000000	0.00000000
S2	f	0.52253415	0.58607715	0.00000000	0.00000000	10.00000000	0.00000000	0.00000000
S3	f	0.65169030	0.63520075	0.00000000	0.00000000	10.00000000	0.00000000	0.00000000
S4	f	0.97659108	0.39548361	0.00000000	0.00000000	10.00000000	0.00000000	0.00000000
S5	f	0.43923172	0.08939430	0.00000000	0.00000000	10.00000000	0.00000000	0.00000000
C1	c	0.33822697	0.59890122	0.09218250	0.00000000	8.00000000	0.01433330	0.00000000
C2	c	0.31640119	0.69402742	0.02139469	0.10000000	8.10000000	0.02414739	0.00000000
C3	c	0.33331754	0.66148231	0.21761387	0.20000000	8.20000000	0.01929514	0.00000000
C4	c	0.30320792	0.66037740	0.13567733	0.30000000	8.30000000	0.01820238	0.00000000
C5	c	0.38279274	0.62318803	0.22527692	0.40000000	8.40000000	0.02689972	0.00000000
C6	c	0.35412897	0.65982525	0.06177231	0.50000000	8.50000000	0.01502533	0.00000000
C7	c	0.30326879	0.68918701	0.21433118	0.60000000	8.60000000	0.01651264	0.00000000
C8	c	0.40731960	0.67270112	0.13350355	0.70000000	8.70000000	0.01430862	0.00000000
C9	c	0.30839826	0.62472578	0.26048432	0.80000000	8.80000000	0.02466580	0.00000000
C10	c	0.69629360	0.93690058	0.18091858	0.90000000	8.90000000	0.01210006	0.00000000
C11	c	0.77699936	0.97246764	0.21065918	1.00000000	9.00000000	0.01313252	0.00000000
C12	c	0.80846528	0.95673116	0.19981641	1.10000000	9.10000000	0.02908473	0.00000000
C13	c	0.05238750	0.91202930	0.09826865	1.20000000	9.20000000	0.02077340	0.00000000
C14	c	0.08284188	0.95702269	0.25915252	1.30000000	9.30000000	0.01488275	0.00000000
C15	c	0.13705335	0.95247532	0.13997999	1.40000000	9.40000000	0.01875127	0.00000000
C16	c	0.21590411	0.02195307	0.09732981	1.50000000	9.50000000	0.01940045	0.00000000
C17	c	0.36680277	0.53991146	0.24571326	1.60000000	9.60000000	0.01146043	0.00000000
C18	c	0.67794028	0.59222258	0.14527336	1.70000000	9.70000000	0.02008430	0.00000000
C19	c	0.19946857	0.56002003	0.10845313	1.80000000	9.80000000	0.01242892	0.00000000
C20	c	0.84355881	0.98360759	0.01895364	1.90000000	9.90000000	0.01421316	0.00000000
C21	c	0.21666513	0.70736937	0.07205065	2.00000000	10.00000000	0.01669039	0.00000000
C22	c	0.46475685	0.41011897	0.02341609	2.00000000	10.00000000	0.02327189	0.00000000
C23	c	0.84498617	0.25126669	0.10988952	2.00000000	10.00000000	0.01012032	0.00000000
C24	c	0.32563207	0.21543078	0.15329772	2.00000000	10.00000000	0.01463085	0.00000000
C25	c	0.73329007	0.10500321	0.18790939	2.00000000	10.00000000	0.02281119	0.00000000
C26	c	0.53867025	0.24413764	0.16641509	2.00000000	10.00000000	0.02333303	0.00000000
C27	c	0.43756333	0.47002259	0.06792932	2.00000000	10.00000000	0.02701096	0.00000000
C28	c	0.07302134	0.50421500	0.15834008	2.00000000	10.00000000	0.02674803	0.00000000
C29	c	0.12144615	0.21065811	0.22943938	2.00000000	10.00000000	0.01793310	0.00000000
C30	c	0.00601583	0.23154274	0.26455757	2.00000000	10.00000000	0.01341528	0.00000000

Q Vehicle fuel tank capacity /0.40000000/
C Vehicle load capacity /1.50000000/
r fuel consumption rate /0.25000000/
g inverse refueling rate /1.00000000/
v average Velocity /1.00000000/
