StringID	Type	x	y	demand	ReadyTime	DueDate	ServiceTime	altitude
D0	d	0.50000000	0.50000000	0.00000000	0.00000000	10.00000000	0.00000000	0.00000000
S0	f	0.10322036	0.09717007	0.00000000	0.00000000	10.00000000	0.00000000	0.00000000
S1	f	0.61134998	0.91098419	0.00000000	0.00000000	10.00000000	0.00000000	0.00000000
S2	f	0.52548135	0.97877083	0.00000000	0.00000000	10.00000000	0.00000000	0.00000000
S3	f	0.23525141	0.48273983	0.00000000	0.00000000	10.00000000	0.00000000	0.00000000
S4	f	0.39956635	0.74673627	0.00000000	0.00000000	10.00000000	0.00000000	0.00000000
S5	f	0.26657639	0.90706598	0.00000000	0.00000000	10.00000000	0.00000000	0.00000000
C1	c	0.19987418	0.85476240	0.20532226	0.00000000	8.00000000	0.02929876	0.00000000
C2	c	0.94956799	0.85597048	0.15844498	0.10000000	8.10000000	0.02358647	0.00000000
C3	c	0.56326638	0.32964312	0.23099656	0.20000000	8.20000000	0.01645754	0.00000000
C4	c	0.28586707	0.48839712	0.25716190	0.30000000	8.30000000	0.02348720	0.00000000
C5	c	0.16386961	0.19367257	0.14468058	0.40000000	8.40000000	0.02256296	0.00000000
C6	c	0.37956475	0.80958870	0.26309315	0.50000000	8.50000000	0.02401856	0.00000000
C7	c	0.03082272	0.45022492	0.19644521	0.60000000	8.60000000	0.01784579	0.00000000
C8	c	0.50299758	0.67662236	0.04741237	0.70000000	8.70000000	0.02329545	0.00000000
C9	c	0.45783938	0.22891001	0.27215353	0.80000000	8.80000000	0.01175240	0.00000000
C10	c	0.90026114	0.61552312	0.11226528	0.90000000	8.90000000	0.01940463	0.00000000
C11	c	0.10079658	0.20498158	0.03210003	1.00000000	9.00000000	0.01281897	0.00000000
C12	c	0.56552920	0.59813223	0.03524571	1.10000000	9.10000000	0.02286470	0.00000000
C13	c	0.27533033	0.80876762	0.02372190	1.20000000	9.20000000	0.01203185	0.00000000
C14	c	0.89798717	0.88433433	0.10709159	1.30000000	9.30000000	0.01045124	0.00000000
C15	c	0.85728165	0.83625869	0.17155677	1.40000000	9.40000000	0.02147719	0.00000000
C16	c	0.53891105	0.65530633	0.05594490	1.50000000	9.50000000	0.02857814	0.00000000
C17	c	0.32706177	0.00565964	0.23614150	1.60000000	9.60000000	0.01488419	0.00000000
C18	c	0.31209867	0.29907170	0.02330787	1.70000000	9.70000000	0.02299879	0.00000000
C19	c	0.19131217	0.40163549	0.14245850	1.80000000	9.80000000	0.01912252	0.00000000
C20	c	0.10322036	0.09717007	0.26780391	1.90000000	9.90000000	0.02792223	0.00000000
C21	c	0.94931000	0.42605263	0.26013043	2.00000000	10.00000000	0.02481868	0.00000000
C22	c	0.62472682	0.37332607	0.08278888	2.00000000	10.00000000	0.01131031	0.00000000
C23	c	0.26848754	0.72435873	0.01918698	2.00000000	10.00000000	0.02433306	0.00000000
C24	c	0.03201245	0.89083041	0.17901086	2.00000000	10.00000000	0.02916309	0.00000000
C25	c	0.58141222	0.77897699	0.05464562	2.00000000	10.00000000	0.02857794	0.00000000
C26	c	0.34590186	0.76920125	0.22775067	2.00000000	10.00000000	0.02633817	0.00000000
C27	c	0.79781228	0.25605269	0.25683675	2.00000000	10.00000000	0.01020246	0.00000000
C28	c	0.11102904	0.54427345	0.07297180	2.00000000	10.00000000	0.01100030	0.00000000
C29	c	0.12279270	0.96322719	0.10583450	2.00000000	10.00000000	0.02205280	0.00000000
C30	c	0.27893703	0.66223030	0.25749502	2.00000000	10.00000000	0.01735169	0.00000000

Q Vehicle fuel tank capacity /0.40000000/
C Vehicle load capacity /1.50000000/
r fuel consumption rate /0.25000000/
g inverse refueling rate /1.00000000/
v average Velocity /1.00000000/
